# Detector n: 1D Projection
  1.0000000000E+00  1.0050000000E+00  1.15758E-02  2.93403E-01
  1.0050000000E+00  1.0100000000E+00  1.15568E-02  2.52314E-01
  1.0100000000E+00  1.0150000000E+00  1.16046E-02  2.40842E-01
  1.0150000000E+00  1.0200000000E+00  1.15947E-02  3.03149E-01
  1.0200000000E+00  1.0250000000E+00  1.15906E-02  3.81749E-01
  1.0250000000E+00  1.0300000000E+00  1.15434E-02  3.17754E-01
  1.0300000000E+00  1.0350000000E+00  1.15101E-02  2.47880E-01
  1.0350000000E+00  1.0400000000E+00  1.15536E-02  2.32699E-01
  1.0400000000E+00  1.0450000000E+00  1.15541E-02  2.93451E-01
  1.0450000000E+00  1.0500000000E+00  1.15688E-02  2.65488E-01
  1.0500000000E+00  1.0550000000E+00  1.15123E-02  1.64669E-01
  1.0550000000E+00  1.0600000000E+00  1.15341E-02  1.85768E-01
  1.0600000000E+00  1.0650000000E+00  1.16605E-02  2.62937E-01
  1.0650000000E+00  1.0700000000E+00  1.16674E-02  2.74302E-01
  1.0700000000E+00  1.0750000000E+00  1.16561E-02  3.59437E-01
  1.0750000000E+00  1.0800000000E+00  1.16365E-02  1.90746E-01
  1.0800000000E+00  1.0850000000E+00  1.16746E-02  2.93978E-01
  1.0850000000E+00  1.0900000000E+00  1.16815E-02  2.71992E-01
  1.0900000000E+00  1.0950000000E+00  1.18119E-02  4.66812E-01
  1.0950000000E+00  1.1000000000E+00  1.17249E-02  2.89181E-01
  1.1000000000E+00  1.1050000000E+00  1.17013E-02  2.14021E-01
  1.1050000000E+00  1.1100000000E+00  1.17001E-02  3.11566E-01
  1.1100000000E+00  1.1150000000E+00  1.16741E-02  1.94507E-01
  1.1150000000E+00  1.1200000000E+00  1.17045E-02  2.26704E-01
  1.1200000000E+00  1.1250000000E+00  1.17075E-02  2.40879E-01
  1.1250000000E+00  1.1300000000E+00  1.17204E-02  2.64811E-01
  1.1300000000E+00  1.1350000000E+00  1.17143E-02  2.34555E-01
  1.1350000000E+00  1.1400000000E+00  1.17338E-02  2.30609E-01
  1.1400000000E+00  1.1450000000E+00  1.16992E-02  2.43267E-01
  1.1450000000E+00  1.1500000000E+00  1.16946E-02  2.80438E-01
  1.1500000000E+00  1.1550000000E+00  1.17053E-02  3.03084E-01
  1.1550000000E+00  1.1600000000E+00  1.16998E-02  3.71019E-01
  1.1600000000E+00  1.1650000000E+00  1.16676E-02  2.81094E-01
  1.1650000000E+00  1.1700000000E+00  1.17118E-02  2.03567E-01
  1.1700000000E+00  1.1750000000E+00  1.18555E-02  4.70506E-01
  1.1750000000E+00  1.1800000000E+00  1.18767E-02  2.12988E-01
  1.1800000000E+00  1.1850000000E+00  1.19058E-02  2.10889E-01
  1.1850000000E+00  1.1900000000E+00  1.19388E-02  2.71390E-01
  1.1900000000E+00  1.1950000000E+00  1.19411E-02  2.45166E-01
  1.1950000000E+00  1.2000000000E+00  1.18821E-02  2.37348E-01
  1.2000000000E+00  1.2050000000E+00  1.19316E-02  3.50319E-01
  1.2050000000E+00  1.2100000000E+00  1.19322E-02  2.47813E-01
  1.2100000000E+00  1.2150000000E+00  1.19894E-02  4.38442E-01
  1.2150000000E+00  1.2200000000E+00  1.19364E-02  2.93880E-01
  1.2200000000E+00  1.2250000000E+00  1.19098E-02  3.29137E-01
  1.2250000000E+00  1.2300000000E+00  1.18801E-02  2.16199E-01
  1.2300000000E+00  1.2350000000E+00  1.19831E-02  4.04916E-01
  1.2350000000E+00  1.2400000000E+00  1.19565E-02  3.07084E-01
  1.2400000000E+00  1.2450000000E+00  1.19498E-02  2.28556E-01
  1.2450000000E+00  1.2500000000E+00  1.19515E-02  2.77189E-01
  1.2500000000E+00  1.2550000000E+00  1.19799E-02  2.26020E-01
  1.2550000000E+00  1.2600000000E+00  1.19104E-02  2.24043E-01
  1.2600000000E+00  1.2650000000E+00  1.19720E-02  2.53299E-01
  1.2650000000E+00  1.2700000000E+00  1.19416E-02  2.53418E-01
  1.2700000000E+00  1.2750000000E+00  1.19903E-02  3.20317E-01
  1.2750000000E+00  1.2800000000E+00  1.19360E-02  1.91392E-01
  1.2800000000E+00  1.2850000000E+00  1.19983E-02  2.86283E-01
  1.2850000000E+00  1.2900000000E+00  1.19940E-02  2.83835E-01
  1.2900000000E+00  1.2950000000E+00  1.19305E-02  2.40351E-01
  1.2950000000E+00  1.3000000000E+00  1.20013E-02  3.12334E-01
  1.3000000000E+00  1.3050000000E+00  1.19704E-02  2.13326E-01
  1.3050000000E+00  1.3100000000E+00  1.19644E-02  2.04506E-01
  1.3100000000E+00  1.3150000000E+00  1.20280E-02  3.05614E-01
  1.3150000000E+00  1.3200000000E+00  1.19420E-02  1.70034E-01
  1.3200000000E+00  1.3250000000E+00  1.19789E-02  2.96473E-01
  1.3250000000E+00  1.3300000000E+00  1.19866E-02  2.56361E-01
  1.3300000000E+00  1.3350000000E+00  1.19679E-02  2.29278E-01
  1.3350000000E+00  1.3400000000E+00  1.19776E-02  3.37611E-01
  1.3400000000E+00  1.3450000000E+00  1.20209E-02  4.87870E-01
  1.3450000000E+00  1.3500000000E+00  1.19825E-02  2.02427E-01
  1.3500000000E+00  1.3550000000E+00  1.19681E-02  1.71573E-01
  1.3550000000E+00  1.3600000000E+00  1.19618E-02  2.22755E-01
  1.3600000000E+00  1.3650000000E+00  1.19715E-02  2.21873E-01
  1.3650000000E+00  1.3700000000E+00  1.20199E-02  2.70753E-01
  1.3700000000E+00  1.3750000000E+00  1.20246E-02  2.25877E-01
  1.3750000000E+00  1.3800000000E+00  1.19932E-02  2.66724E-01
  1.3800000000E+00  1.3850000000E+00  1.20014E-02  2.83915E-01
  1.3850000000E+00  1.3900000000E+00  1.20775E-02  2.66375E-01
  1.3900000000E+00  1.3950000000E+00  1.21645E-02  2.75052E-01
  1.3950000000E+00  1.4000000000E+00  1.22197E-02  2.18204E-01
  1.4000000000E+00  1.4050000000E+00  1.23064E-02  2.74304E-01
  1.4050000000E+00  1.4100000000E+00  1.23143E-02  2.67072E-01
  1.4100000000E+00  1.4150000000E+00  1.23136E-02  2.79905E-01
  1.4150000000E+00  1.4200000000E+00  1.22832E-02  2.51850E-01
  1.4200000000E+00  1.4250000000E+00  1.23337E-02  2.31854E-01
  1.4250000000E+00  1.4300000000E+00  1.23752E-02  3.01240E-01
  1.4300000000E+00  1.4350000000E+00  1.23565E-02  2.36790E-01
  1.4350000000E+00  1.4400000000E+00  1.23301E-02  2.68639E-01
  1.4400000000E+00  1.4450000000E+00  1.24238E-02  3.55553E-01
  1.4450000000E+00  1.4500000000E+00  1.23239E-02  2.42254E-01
  1.4500000000E+00  1.4550000000E+00  1.23992E-02  2.31190E-01
  1.4550000000E+00  1.4600000000E+00  1.23521E-02  1.96256E-01
  1.4600000000E+00  1.4650000000E+00  1.23308E-02  1.98229E-01
  1.4650000000E+00  1.4700000000E+00  1.23464E-02  2.32445E-01
  1.4700000000E+00  1.4750000000E+00  1.23492E-02  2.25219E-01
  1.4750000000E+00  1.4800000000E+00  1.23820E-02  2.36112E-01
  1.4800000000E+00  1.4850000000E+00  1.24022E-02  2.27505E-01
  1.4850000000E+00  1.4900000000E+00  1.23889E-02  2.01556E-01
  1.4900000000E+00  1.4950000000E+00  1.23889E-02  2.39207E-01
  1.4950000000E+00  1.5000000000E+00  1.24088E-02  2.94882E-01
  1.5000000000E+00  1.5050000000E+00  1.24392E-02  2.17527E-01
  1.5050000000E+00  1.5100000000E+00  1.24291E-02  3.87343E-01
  1.5100000000E+00  1.5150000000E+00  1.24267E-02  2.32606E-01
  1.5150000000E+00  1.5200000000E+00  1.24625E-02  2.15968E-01
  1.5200000000E+00  1.5250000000E+00  1.24205E-02  2.27186E-01
  1.5250000000E+00  1.5300000000E+00  1.24078E-02  2.40932E-01
  1.5300000000E+00  1.5350000000E+00  1.24631E-02  2.85725E-01
  1.5350000000E+00  1.5400000000E+00  1.24756E-02  2.93359E-01
  1.5400000000E+00  1.5450000000E+00  1.25000E-02  2.90633E-01
  1.5450000000E+00  1.5500000000E+00  1.24648E-02  2.15898E-01
  1.5500000000E+00  1.5550000000E+00  1.24213E-02  1.85290E-01
  1.5550000000E+00  1.5600000000E+00  1.24826E-02  2.45696E-01
  1.5600000000E+00  1.5650000000E+00  1.25310E-02  3.41536E-01
  1.5650000000E+00  1.5700000000E+00  1.25263E-02  3.01830E-01
  1.5700000000E+00  1.5750000000E+00  1.24882E-02  3.04688E-01
  1.5750000000E+00  1.5800000000E+00  1.24495E-02  1.60874E-01
  1.5800000000E+00  1.5850000000E+00  1.24857E-02  2.66503E-01
  1.5850000000E+00  1.5900000000E+00  1.25088E-02  2.35113E-01
  1.5900000000E+00  1.5950000000E+00  1.25250E-02  2.54181E-01
  1.5950000000E+00  1.6000000000E+00  1.25195E-02  2.87941E-01
  1.6000000000E+00  1.6050000000E+00  1.25280E-02  2.13073E-01
  1.6050000000E+00  1.6100000000E+00  1.25210E-02  2.77109E-01
  1.6100000000E+00  1.6150000000E+00  1.25064E-02  1.90685E-01
  1.6150000000E+00  1.6200000000E+00  1.25178E-02  2.30846E-01
  1.6200000000E+00  1.6250000000E+00  1.25039E-02  2.14129E-01
  1.6250000000E+00  1.6300000000E+00  1.25394E-02  2.31423E-01
  1.6300000000E+00  1.6350000000E+00  1.25644E-02  2.64254E-01
  1.6350000000E+00  1.6400000000E+00  1.25652E-02  2.47390E-01
  1.6400000000E+00  1.6450000000E+00  1.25706E-02  3.42321E-01
  1.6450000000E+00  1.6500000000E+00  1.26239E-02  3.00055E-01
  1.6500000000E+00  1.6550000000E+00  1.26594E-02  3.54688E-01
  1.6550000000E+00  1.6600000000E+00  1.25891E-02  2.38058E-01
  1.6600000000E+00  1.6650000000E+00  1.25667E-02  2.08388E-01
  1.6650000000E+00  1.6700000000E+00  1.25781E-02  2.46417E-01
  1.6700000000E+00  1.6750000000E+00  1.25935E-02  2.44960E-01
  1.6750000000E+00  1.6800000000E+00  1.26456E-02  2.61090E-01
  1.6800000000E+00  1.6850000000E+00  1.26230E-02  2.35640E-01
  1.6850000000E+00  1.6900000000E+00  1.26481E-02  2.09640E-01
  1.6900000000E+00  1.6950000000E+00  1.26718E-02  2.38814E-01
  1.6950000000E+00  1.7000000000E+00  1.26842E-02  2.18559E-01
  1.7000000000E+00  1.7050000000E+00  1.26736E-02  2.72268E-01
  1.7050000000E+00  1.7100000000E+00  1.27046E-02  2.11165E-01
  1.7100000000E+00  1.7150000000E+00  1.26646E-02  1.87834E-01
  1.7150000000E+00  1.7200000000E+00  1.26570E-02  1.81448E-01
  1.7200000000E+00  1.7250000000E+00  1.26889E-02  2.12146E-01
  1.7250000000E+00  1.7300000000E+00  1.27505E-02  2.60174E-01
  1.7300000000E+00  1.7350000000E+00  1.27197E-02  2.66875E-01
  1.7350000000E+00  1.7400000000E+00  1.27525E-02  2.62095E-01
  1.7400000000E+00  1.7450000000E+00  1.27204E-02  2.81268E-01
  1.7450000000E+00  1.7500000000E+00  1.27592E-02  2.60374E-01
  1.7500000000E+00  1.7550000000E+00  1.28146E-02  2.01510E-01
  1.7550000000E+00  1.7600000000E+00  1.27976E-02  2.76001E-01
  1.7600000000E+00  1.7650000000E+00  1.27624E-02  2.82700E-01
  1.7650000000E+00  1.7700000000E+00  1.28188E-02  1.99983E-01
  1.7700000000E+00  1.7750000000E+00  1.28194E-02  2.39414E-01
  1.7750000000E+00  1.7800000000E+00  1.28017E-02  2.36534E-01
  1.7800000000E+00  1.7850000000E+00  1.28250E-02  2.68162E-01
  1.7850000000E+00  1.7900000000E+00  1.28629E-02  2.23914E-01
  1.7900000000E+00  1.7950000000E+00  1.28967E-02  3.44111E-01
  1.7950000000E+00  1.8000000000E+00  1.28955E-02  2.16519E-01
  1.8000000000E+00  1.8050000000E+00  1.29871E-02  2.13632E-01
  1.8050000000E+00  1.8100000000E+00  1.30522E-02  2.09251E-01
  1.8100000000E+00  1.8150000000E+00  1.30793E-02  3.80146E-01
  1.8150000000E+00  1.8200000000E+00  1.30863E-02  2.04938E-01
  1.8200000000E+00  1.8250000000E+00  1.31247E-02  2.92419E-01
  1.8250000000E+00  1.8300000000E+00  1.31584E-02  3.74695E-01
  1.8300000000E+00  1.8350000000E+00  1.31131E-02  2.81730E-01
  1.8350000000E+00  1.8400000000E+00  1.31048E-02  2.07217E-01
  1.8400000000E+00  1.8450000000E+00  1.31148E-02  2.78858E-01
  1.8450000000E+00  1.8500000000E+00  1.31219E-02  2.29235E-01
  1.8500000000E+00  1.8550000000E+00  1.31560E-02  2.95933E-01
  1.8550000000E+00  1.8600000000E+00  1.31274E-02  2.73335E-01
  1.8600000000E+00  1.8650000000E+00  1.31256E-02  2.08571E-01
  1.8650000000E+00  1.8700000000E+00  1.31765E-02  2.47832E-01
  1.8700000000E+00  1.8750000000E+00  1.31769E-02  2.25350E-01
  1.8750000000E+00  1.8800000000E+00  1.32138E-02  3.05761E-01
  1.8800000000E+00  1.8850000000E+00  1.31642E-02  2.05508E-01
  1.8850000000E+00  1.8900000000E+00  1.31889E-02  1.99079E-01
  1.8900000000E+00  1.8950000000E+00  1.31949E-02  1.64527E-01
  1.8950000000E+00  1.9000000000E+00  1.31772E-02  1.29230E-01
  1.9000000000E+00  1.9050000000E+00  1.31837E-02  2.04380E-01
  1.9050000000E+00  1.9100000000E+00  1.32285E-02  2.38147E-01
  1.9100000000E+00  1.9150000000E+00  1.32289E-02  2.15186E-01
  1.9150000000E+00  1.9200000000E+00  1.32697E-02  1.92266E-01
  1.9200000000E+00  1.9250000000E+00  1.32691E-02  2.26751E-01
  1.9250000000E+00  1.9300000000E+00  1.33202E-02  2.59189E-01
  1.9300000000E+00  1.9350000000E+00  1.32844E-02  2.25325E-01
  1.9350000000E+00  1.9400000000E+00  1.32957E-02  1.39855E-01
  1.9400000000E+00  1.9450000000E+00  1.33617E-02  2.70051E-01
  1.9450000000E+00  1.9500000000E+00  1.33655E-02  2.39759E-01
  1.9500000000E+00  1.9550000000E+00  1.33495E-02  2.01692E-01
  1.9550000000E+00  1.9600000000E+00  1.33755E-02  2.95737E-01
  1.9600000000E+00  1.9650000000E+00  1.33432E-02  2.28151E-01
  1.9650000000E+00  1.9700000000E+00  1.33418E-02  1.87269E-01
  1.9700000000E+00  1.9750000000E+00  1.33687E-02  2.27416E-01
  1.9750000000E+00  1.9800000000E+00  1.33747E-02  2.21929E-01
  1.9800000000E+00  1.9850000000E+00  1.34774E-02  3.61151E-01
  1.9850000000E+00  1.9900000000E+00  1.33952E-02  2.97993E-01
  1.9900000000E+00  1.9950000000E+00  1.34518E-02  4.53550E-01
  1.9950000000E+00  2.0000000000E+00  1.34565E-02  2.55034E-01
  2.0000000000E+00  2.0050000000E+00  1.34330E-02  2.11261E-01
  2.0050000000E+00  2.0100000000E+00  1.35255E-02  2.23013E-01
  2.0100000000E+00  2.0150000000E+00  1.34857E-02  1.75809E-01
  2.0150000000E+00  2.0200000000E+00  1.35610E-02  3.14264E-01
  2.0200000000E+00  2.0250000000E+00  1.35404E-02  2.97876E-01
  2.0250000000E+00  2.0300000000E+00  1.35025E-02  2.15329E-01
  2.0300000000E+00  2.0350000000E+00  1.35457E-02  2.23770E-01
  2.0350000000E+00  2.0400000000E+00  1.34887E-02  1.65917E-01
  2.0400000000E+00  2.0450000000E+00  1.35376E-02  2.15727E-01
  2.0450000000E+00  2.0500000000E+00  1.35818E-02  2.49004E-01
  2.0500000000E+00  2.0550000000E+00  1.35855E-02  2.00080E-01
  2.0550000000E+00  2.0600000000E+00  1.35906E-02  1.89233E-01
  2.0600000000E+00  2.0650000000E+00  1.36326E-02  2.64195E-01
  2.0650000000E+00  2.0700000000E+00  1.36234E-02  2.47177E-01
  2.0700000000E+00  2.0750000000E+00  1.35960E-02  1.34321E-01
  2.0750000000E+00  2.0800000000E+00  1.36133E-02  1.58089E-01
  2.0800000000E+00  2.0850000000E+00  1.36420E-02  2.38838E-01
  2.0850000000E+00  2.0900000000E+00  1.36444E-02  1.82042E-01
  2.0900000000E+00  2.0950000000E+00  1.36864E-02  2.80142E-01
  2.0950000000E+00  2.1000000000E+00  1.36573E-02  1.96230E-01
  2.1000000000E+00  2.1050000000E+00  1.36708E-02  2.07336E-01
  2.1050000000E+00  2.1100000000E+00  1.37012E-02  1.68331E-01
  2.1100000000E+00  2.1150000000E+00  1.36944E-02  1.96166E-01
  2.1150000000E+00  2.1200000000E+00  1.37228E-02  2.99779E-01
  2.1200000000E+00  2.1250000000E+00  1.37458E-02  2.08032E-01
  2.1250000000E+00  2.1300000000E+00  1.38096E-02  2.62079E-01
  2.1300000000E+00  2.1350000000E+00  1.38379E-02  2.34286E-01
  2.1350000000E+00  2.1400000000E+00  1.38330E-02  2.23548E-01
  2.1400000000E+00  2.1450000000E+00  1.38547E-02  1.48692E-01
  2.1450000000E+00  2.1500000000E+00  1.39395E-02  2.54429E-01
  2.1500000000E+00  2.1550000000E+00  1.38824E-02  1.63799E-01
  2.1550000000E+00  2.1600000000E+00  1.39701E-02  2.34052E-01
  2.1600000000E+00  2.1650000000E+00  1.39285E-02  1.77285E-01
  2.1650000000E+00  2.1700000000E+00  1.40122E-02  1.64484E-01
  2.1700000000E+00  2.1750000000E+00  1.40124E-02  1.86555E-01
  2.1750000000E+00  2.1800000000E+00  1.39740E-02  2.09953E-01
  2.1800000000E+00  2.1850000000E+00  1.39931E-02  1.73049E-01
  2.1850000000E+00  2.1900000000E+00  1.40370E-02  2.46207E-01
  2.1900000000E+00  2.1950000000E+00  1.40734E-02  2.44632E-01
  2.1950000000E+00  2.2000000000E+00  1.41283E-02  2.66079E-01
  2.2000000000E+00  2.2050000000E+00  1.41584E-02  2.51941E-01
  2.2050000000E+00  2.2100000000E+00  1.41433E-02  2.16892E-01
  2.2100000000E+00  2.2150000000E+00  1.41127E-02  1.93543E-01
  2.2150000000E+00  2.2200000000E+00  1.41401E-02  1.67610E-01
  2.2200000000E+00  2.2250000000E+00  1.41798E-02  1.93742E-01
  2.2250000000E+00  2.2300000000E+00  1.41902E-02  2.49106E-01
  2.2300000000E+00  2.2350000000E+00  1.42011E-02  2.57660E-01
  2.2350000000E+00  2.2400000000E+00  1.41846E-02  1.44569E-01
  2.2400000000E+00  2.2450000000E+00  1.42686E-02  2.34077E-01
  2.2450000000E+00  2.2500000000E+00  1.42480E-02  1.98533E-01
  2.2500000000E+00  2.2550000000E+00  1.42621E-02  1.65527E-01
  2.2550000000E+00  2.2600000000E+00  1.42801E-02  2.23794E-01
  2.2600000000E+00  2.2650000000E+00  1.42890E-02  1.55582E-01
  2.2650000000E+00  2.2700000000E+00  1.43158E-02  1.67999E-01
  2.2700000000E+00  2.2750000000E+00  1.43359E-02  2.10882E-01
  2.2750000000E+00  2.2800000000E+00  1.43358E-02  1.51650E-01
  2.2800000000E+00  2.2850000000E+00  1.43162E-02  1.90961E-01
  2.2850000000E+00  2.2900000000E+00  1.43571E-02  2.06246E-01
  2.2900000000E+00  2.2950000000E+00  1.43846E-02  1.84218E-01
  2.2950000000E+00  2.3000000000E+00  1.44475E-02  1.81673E-01
  2.3000000000E+00  2.3050000000E+00  1.43824E-02  1.20517E-01
  2.3050000000E+00  2.3100000000E+00  1.44352E-02  1.14438E-01
  2.3100000000E+00  2.3150000000E+00  1.44667E-02  1.88201E-01
  2.3150000000E+00  2.3200000000E+00  1.44380E-02  1.91692E-01
  2.3200000000E+00  2.3250000000E+00  1.44774E-02  2.00694E-01
  2.3250000000E+00  2.3300000000E+00  1.45367E-02  2.50445E-01
  2.3300000000E+00  2.3350000000E+00  1.45484E-02  2.52938E-01
  2.3350000000E+00  2.3400000000E+00  1.45942E-02  3.03731E-01
  2.3400000000E+00  2.3450000000E+00  1.45392E-02  1.92473E-01
  2.3450000000E+00  2.3500000000E+00  1.45649E-02  1.53082E-01
  2.3500000000E+00  2.3550000000E+00  1.45845E-02  2.22586E-01
  2.3550000000E+00  2.3600000000E+00  1.46335E-02  2.08844E-01
  2.3600000000E+00  2.3650000000E+00  1.46890E-02  2.44076E-01
  2.3650000000E+00  2.3700000000E+00  1.46929E-02  1.87617E-01
  2.3700000000E+00  2.3750000000E+00  1.46830E-02  2.12241E-01
  2.3750000000E+00  2.3800000000E+00  1.46944E-02  1.58541E-01
  2.3800000000E+00  2.3850000000E+00  1.47018E-02  1.62377E-01
  2.3850000000E+00  2.3900000000E+00  1.47341E-02  1.69691E-01
  2.3900000000E+00  2.3950000000E+00  1.48192E-02  2.11764E-01
  2.3950000000E+00  2.4000000000E+00  1.47958E-02  1.59115E-01
  2.4000000000E+00  2.4050000000E+00  1.48057E-02  1.46948E-01
  2.4050000000E+00  2.4100000000E+00  1.49033E-02  2.66670E-01
  2.4100000000E+00  2.4150000000E+00  1.48325E-02  1.15361E-01
  2.4150000000E+00  2.4200000000E+00  1.48897E-02  2.23772E-01
  2.4200000000E+00  2.4250000000E+00  1.48918E-02  2.03336E-01
  2.4250000000E+00  2.4300000000E+00  1.48931E-02  1.70778E-01
  2.4300000000E+00  2.4350000000E+00  1.49882E-02  2.37889E-01
  2.4350000000E+00  2.4400000000E+00  1.49890E-02  2.06772E-01
  2.4400000000E+00  2.4450000000E+00  1.50114E-02  2.42912E-01
  2.4450000000E+00  2.4500000000E+00  1.50454E-02  1.83373E-01
  2.4500000000E+00  2.4550000000E+00  1.50775E-02  2.17077E-01
  2.4550000000E+00  2.4600000000E+00  1.51370E-02  2.22103E-01
  2.4600000000E+00  2.4650000000E+00  1.51557E-02  1.72029E-01
  2.4650000000E+00  2.4700000000E+00  1.51476E-02  2.77370E-01
  2.4700000000E+00  2.4750000000E+00  1.51892E-02  1.89998E-01
  2.4750000000E+00  2.4800000000E+00  1.52183E-02  1.58775E-01
  2.4800000000E+00  2.4850000000E+00  1.52596E-02  2.40061E-01
  2.4850000000E+00  2.4900000000E+00  1.52485E-02  1.78652E-01
  2.4900000000E+00  2.4950000000E+00  1.53166E-02  1.76298E-01
  2.4950000000E+00  2.5000000000E+00  1.52840E-02  1.65737E-01
  2.5000000000E+00  2.5050000000E+00  1.52851E-02  2.61016E-01
  2.5050000000E+00  2.5100000000E+00  1.53517E-02  2.67770E-01
  2.5100000000E+00  2.5150000000E+00  1.53387E-02  2.20424E-01
  2.5150000000E+00  2.5200000000E+00  1.53988E-02  2.20198E-01
  2.5200000000E+00  2.5250000000E+00  1.54142E-02  1.90335E-01
  2.5250000000E+00  2.5300000000E+00  1.54312E-02  1.60323E-01
  2.5300000000E+00  2.5350000000E+00  1.53966E-02  1.92695E-01
  2.5350000000E+00  2.5400000000E+00  1.54397E-02  1.07904E-01
  2.5400000000E+00  2.5450000000E+00  1.54448E-02  1.09965E-01
  2.5450000000E+00  2.5500000000E+00  1.55115E-02  2.37840E-01
  2.5500000000E+00  2.5550000000E+00  1.54763E-02  1.59834E-01
  2.5550000000E+00  2.5600000000E+00  1.55419E-02  1.90316E-01
  2.5600000000E+00  2.5650000000E+00  1.55712E-02  2.15334E-01
  2.5650000000E+00  2.5700000000E+00  1.55832E-02  1.45655E-01
  2.5700000000E+00  2.5750000000E+00  1.55856E-02  1.96660E-01
  2.5750000000E+00  2.5800000000E+00  1.56748E-02  2.39136E-01
  2.5800000000E+00  2.5850000000E+00  1.56602E-02  2.18343E-01
  2.5850000000E+00  2.5900000000E+00  1.56936E-02  1.75028E-01
  2.5900000000E+00  2.5950000000E+00  1.56916E-02  1.98040E-01
  2.5950000000E+00  2.6000000000E+00  1.56543E-02  1.48217E-01
  2.6000000000E+00  2.6050000000E+00  1.57469E-02  2.33515E-01
  2.6050000000E+00  2.6100000000E+00  1.58368E-02  1.80929E-01
  2.6100000000E+00  2.6150000000E+00  1.58021E-02  1.81951E-01
  2.6150000000E+00  2.6200000000E+00  1.57951E-02  1.62629E-01
  2.6200000000E+00  2.6250000000E+00  1.58410E-02  1.48715E-01
  2.6250000000E+00  2.6300000000E+00  1.58236E-02  1.50039E-01
  2.6300000000E+00  2.6350000000E+00  1.58919E-02  1.81888E-01
  2.6350000000E+00  2.6400000000E+00  1.59359E-02  1.80185E-01
  2.6400000000E+00  2.6450000000E+00  1.59124E-02  1.52451E-01
  2.6450000000E+00  2.6500000000E+00  1.59698E-02  1.49283E-01
  2.6500000000E+00  2.6550000000E+00  1.60367E-02  2.20676E-01
  2.6550000000E+00  2.6600000000E+00  1.60644E-02  1.78306E-01
  2.6600000000E+00  2.6650000000E+00  1.60824E-02  1.84246E-01
  2.6650000000E+00  2.6700000000E+00  1.60932E-02  1.72172E-01
  2.6700000000E+00  2.6750000000E+00  1.61628E-02  1.70910E-01
  2.6750000000E+00  2.6800000000E+00  1.62139E-02  1.39865E-01
  2.6800000000E+00  2.6850000000E+00  1.62605E-02  1.99626E-01
  2.6850000000E+00  2.6900000000E+00  1.63312E-02  2.07339E-01
  2.6900000000E+00  2.6950000000E+00  1.63107E-02  1.30903E-01
  2.6950000000E+00  2.7000000000E+00  1.63351E-02  1.91504E-01
  2.7000000000E+00  2.7050000000E+00  1.63820E-02  1.83231E-01
  2.7050000000E+00  2.7100000000E+00  1.64544E-02  2.47720E-01
  2.7100000000E+00  2.7150000000E+00  1.64398E-02  2.73803E-01
  2.7150000000E+00  2.7200000000E+00  1.65057E-02  2.11685E-01
  2.7200000000E+00  2.7250000000E+00  1.64922E-02  1.73690E-01
  2.7250000000E+00  2.7300000000E+00  1.65106E-02  1.44149E-01
  2.7300000000E+00  2.7350000000E+00  1.65312E-02  1.87234E-01
  2.7350000000E+00  2.7400000000E+00  1.65915E-02  2.35946E-01
  2.7400000000E+00  2.7450000000E+00  1.65811E-02  1.78404E-01
  2.7450000000E+00  2.7500000000E+00  1.66533E-02  2.00855E-01
  2.7500000000E+00  2.7550000000E+00  1.66552E-02  2.21299E-01
  2.7550000000E+00  2.7600000000E+00  1.66166E-02  1.62492E-01
  2.7600000000E+00  2.7650000000E+00  1.67054E-02  1.64008E-01
  2.7650000000E+00  2.7700000000E+00  1.67737E-02  1.90068E-01
  2.7700000000E+00  2.7750000000E+00  1.67573E-02  1.81805E-01
  2.7750000000E+00  2.7800000000E+00  1.67557E-02  1.49482E-01
  2.7800000000E+00  2.7850000000E+00  1.68124E-02  1.87184E-01
  2.7850000000E+00  2.7900000000E+00  1.68444E-02  1.63166E-01
  2.7900000000E+00  2.7950000000E+00  1.68780E-02  1.84023E-01
  2.7950000000E+00  2.8000000000E+00  1.68885E-02  1.52637E-01
  2.8000000000E+00  2.8050000000E+00  1.69435E-02  2.43017E-01
  2.8050000000E+00  2.8100000000E+00  1.70108E-02  2.14325E-01
  2.8100000000E+00  2.8150000000E+00  1.70021E-02  1.57890E-01
  2.8150000000E+00  2.8200000000E+00  1.70521E-02  1.58585E-01
  2.8200000000E+00  2.8250000000E+00  1.70994E-02  2.32672E-01
  2.8250000000E+00  2.8300000000E+00  1.71054E-02  1.14541E-01
  2.8300000000E+00  2.8350000000E+00  1.71565E-02  2.04351E-01
  2.8350000000E+00  2.8400000000E+00  1.72058E-02  1.68593E-01
  2.8400000000E+00  2.8450000000E+00  1.72649E-02  2.18300E-01
  2.8450000000E+00  2.8500000000E+00  1.73202E-02  2.32267E-01
  2.8500000000E+00  2.8550000000E+00  1.73250E-02  1.68486E-01
  2.8550000000E+00  2.8600000000E+00  1.73942E-02  1.95698E-01
  2.8600000000E+00  2.8650000000E+00  1.73588E-02  1.45405E-01
  2.8650000000E+00  2.8700000000E+00  1.74598E-02  2.08350E-01
  2.8700000000E+00  2.8750000000E+00  1.75129E-02  1.56337E-01
  2.8750000000E+00  2.8800000000E+00  1.75105E-02  1.77050E-01
  2.8800000000E+00  2.8850000000E+00  1.75815E-02  1.69003E-01
  2.8850000000E+00  2.8900000000E+00  1.76208E-02  1.94308E-01
  2.8900000000E+00  2.8950000000E+00  1.77304E-02  1.97516E-01
  2.8950000000E+00  2.9000000000E+00  1.77096E-02  1.69541E-01
  2.9000000000E+00  2.9050000000E+00  1.77669E-02  2.12823E-01
  2.9050000000E+00  2.9100000000E+00  1.77913E-02  2.14616E-01
  2.9100000000E+00  2.9150000000E+00  1.78841E-02  1.64053E-01
  2.9150000000E+00  2.9200000000E+00  1.78759E-02  1.56625E-01
  2.9200000000E+00  2.9250000000E+00  1.79380E-02  1.31500E-01
  2.9250000000E+00  2.9300000000E+00  1.79476E-02  1.55283E-01
  2.9300000000E+00  2.9350000000E+00  1.80328E-02  2.37308E-01
  2.9350000000E+00  2.9400000000E+00  1.80651E-02  1.36192E-01
  2.9400000000E+00  2.9450000000E+00  1.80842E-02  1.16961E-01
  2.9450000000E+00  2.9500000000E+00  1.81514E-02  1.97499E-01
  2.9500000000E+00  2.9550000000E+00  1.81654E-02  1.87981E-01
  2.9550000000E+00  2.9600000000E+00  1.82232E-02  2.17346E-01
  2.9600000000E+00  2.9650000000E+00  1.82550E-02  2.17816E-01
  2.9650000000E+00  2.9700000000E+00  1.83372E-02  2.46572E-01
  2.9700000000E+00  2.9750000000E+00  1.83354E-02  1.49543E-01
  2.9750000000E+00  2.9800000000E+00  1.83922E-02  1.98690E-01
  2.9800000000E+00  2.9850000000E+00  1.84133E-02  1.35949E-01
  2.9850000000E+00  2.9900000000E+00  1.84430E-02  1.74233E-01
  2.9900000000E+00  2.9950000000E+00  1.84607E-02  1.66319E-01
  2.9950000000E+00  3.0000000000E+00  1.85281E-02  1.99346E-01
  3.0000000000E+00  3.0050000000E+00  1.85331E-02  1.61473E-01
  3.0050000000E+00  3.0100000000E+00  1.86162E-02  1.25532E-01
  3.0100000000E+00  3.0150000000E+00  1.86587E-02  1.64147E-01
  3.0150000000E+00  3.0200000000E+00  1.87009E-02  1.36866E-01
  3.0200000000E+00  3.0250000000E+00  1.87951E-02  1.84144E-01
  3.0250000000E+00  3.0300000000E+00  1.88668E-02  1.78530E-01
  3.0300000000E+00  3.0350000000E+00  1.89042E-02  1.76292E-01
  3.0350000000E+00  3.0400000000E+00  1.89458E-02  1.21994E-01
  3.0400000000E+00  3.0450000000E+00  1.90038E-02  2.02401E-01
  3.0450000000E+00  3.0500000000E+00  1.90189E-02  1.67883E-01
  3.0500000000E+00  3.0550000000E+00  1.90827E-02  1.57890E-01
  3.0550000000E+00  3.0600000000E+00  1.91490E-02  1.80536E-01
  3.0600000000E+00  3.0650000000E+00  1.92087E-02  1.46837E-01
  3.0650000000E+00  3.0700000000E+00  1.92752E-02  1.50709E-01
  3.0700000000E+00  3.0750000000E+00  1.93196E-02  1.75257E-01
  3.0750000000E+00  3.0800000000E+00  1.93616E-02  8.77146E-02
  3.0800000000E+00  3.0850000000E+00  1.94435E-02  1.75857E-01
  3.0850000000E+00  3.0900000000E+00  1.94939E-02  1.12281E-01
  3.0900000000E+00  3.0950000000E+00  1.95436E-02  1.32805E-01
  3.0950000000E+00  3.1000000000E+00  1.96218E-02  1.05901E-01
  3.1000000000E+00  3.1050000000E+00  1.96949E-02  1.53171E-01
  3.1050000000E+00  3.1100000000E+00  1.97550E-02  1.19315E-01
  3.1100000000E+00  3.1150000000E+00  1.97422E-02  1.36480E-01
  3.1150000000E+00  3.1200000000E+00  1.98156E-02  1.50405E-01
  3.1200000000E+00  3.1250000000E+00  1.99278E-02  1.77727E-01
  3.1250000000E+00  3.1300000000E+00  1.99918E-02  1.12799E-01
  3.1300000000E+00  3.1350000000E+00  2.00790E-02  1.72329E-01
  3.1350000000E+00  3.1400000000E+00  2.01770E-02  1.66199E-01
  3.1400000000E+00  3.1450000000E+00  2.02142E-02  1.97206E-01
  3.1450000000E+00  3.1500000000E+00  2.02452E-02  1.21842E-01
  3.1500000000E+00  3.1550000000E+00  2.03410E-02  1.62869E-01
  3.1550000000E+00  3.1600000000E+00  2.04047E-02  1.88961E-01
  3.1600000000E+00  3.1650000000E+00  2.04614E-02  1.63241E-01
  3.1650000000E+00  3.1700000000E+00  2.04809E-02  1.27747E-01
  3.1700000000E+00  3.1750000000E+00  2.05515E-02  1.21291E-01
  3.1750000000E+00  3.1800000000E+00  2.06637E-02  1.45031E-01
  3.1800000000E+00  3.1850000000E+00  2.07117E-02  1.46552E-01
  3.1850000000E+00  3.1900000000E+00  2.08442E-02  1.91518E-01
  3.1900000000E+00  3.1950000000E+00  2.09229E-02  1.27469E-01
  3.1950000000E+00  3.2000000000E+00  2.10210E-02  1.65091E-01
  3.2000000000E+00  3.2050000000E+00  2.10583E-02  1.47957E-01
  3.2050000000E+00  3.2100000000E+00  2.10604E-02  9.80142E-02
  3.2100000000E+00  3.2150000000E+00  2.11753E-02  1.12172E-01
  3.2150000000E+00  3.2200000000E+00  2.12531E-02  1.50185E-01
  3.2200000000E+00  3.2250000000E+00  2.13417E-02  1.26181E-01
  3.2250000000E+00  3.2300000000E+00  2.14180E-02  9.36203E-02
  3.2300000000E+00  3.2350000000E+00  2.15219E-02  1.05646E-01
  3.2350000000E+00  3.2400000000E+00  2.15959E-02  1.36972E-01
  3.2400000000E+00  3.2450000000E+00  2.16722E-02  1.20411E-01
  3.2450000000E+00  3.2500000000E+00  2.17597E-02  1.51790E-01
  3.2500000000E+00  3.2550000000E+00  2.18759E-02  1.29497E-01
  3.2550000000E+00  3.2600000000E+00  2.19260E-02  1.23451E-01
  3.2600000000E+00  3.2650000000E+00  2.20342E-02  1.34377E-01
  3.2650000000E+00  3.2700000000E+00  2.21504E-02  1.46255E-01
  3.2700000000E+00  3.2750000000E+00  2.21831E-02  1.40057E-01
  3.2750000000E+00  3.2800000000E+00  2.23123E-02  1.29389E-01
  3.2800000000E+00  3.2850000000E+00  2.24262E-02  1.63931E-01
  3.2850000000E+00  3.2900000000E+00  2.25172E-02  1.40339E-01
  3.2900000000E+00  3.2950000000E+00  2.26261E-02  1.08158E-01
  3.2950000000E+00  3.3000000000E+00  2.26856E-02  1.51108E-01
  3.3000000000E+00  3.3050000000E+00  2.27705E-02  1.12575E-01
  3.3050000000E+00  3.3100000000E+00  2.28955E-02  7.11366E-02
  3.3100000000E+00  3.3150000000E+00  2.30378E-02  1.58627E-01
  3.3150000000E+00  3.3200000000E+00  2.31312E-02  1.09662E-01
  3.3200000000E+00  3.3250000000E+00  2.32691E-02  1.45158E-01
  3.3250000000E+00  3.3300000000E+00  2.33457E-02  9.79849E-02
  3.3300000000E+00  3.3350000000E+00  2.34900E-02  1.05589E-01
  3.3350000000E+00  3.3400000000E+00  2.35722E-02  1.34579E-01
  3.3400000000E+00  3.3450000000E+00  2.36790E-02  7.38873E-02
  3.3450000000E+00  3.3500000000E+00  2.37970E-02  1.42440E-01
  3.3500000000E+00  3.3550000000E+00  2.38984E-02  8.62891E-02
  3.3550000000E+00  3.3600000000E+00  2.40683E-02  1.08444E-01
  3.3600000000E+00  3.3650000000E+00  2.41413E-02  1.51356E-01
  3.3650000000E+00  3.3700000000E+00  2.43130E-02  1.06299E-01
  3.3700000000E+00  3.3750000000E+00  2.44509E-02  1.05722E-01
  3.3750000000E+00  3.3800000000E+00  2.45282E-02  1.33714E-01
  3.3800000000E+00  3.3850000000E+00  2.46597E-02  1.29684E-01
  3.3850000000E+00  3.3900000000E+00  2.48372E-02  1.35707E-01
  3.3900000000E+00  3.3950000000E+00  2.49556E-02  1.16678E-01
  3.3950000000E+00  3.4000000000E+00  2.50928E-02  1.00441E-01
  3.4000000000E+00  3.4050000000E+00  2.52926E-02  9.81036E-02
  3.4050000000E+00  3.4100000000E+00  2.54556E-02  1.16517E-01
  3.4100000000E+00  3.4150000000E+00  2.55539E-02  1.08154E-01
  3.4150000000E+00  3.4200000000E+00  2.57238E-02  9.69819E-02
  3.4200000000E+00  3.4250000000E+00  2.59183E-02  1.03526E-01
  3.4250000000E+00  3.4300000000E+00  2.60812E-02  1.46990E-01
  3.4300000000E+00  3.4350000000E+00  2.62446E-02  1.32376E-01
  3.4350000000E+00  3.4400000000E+00  2.63994E-02  1.17228E-01
  3.4400000000E+00  3.4450000000E+00  2.65895E-02  1.21237E-01
  3.4450000000E+00  3.4500000000E+00  2.67492E-02  1.45684E-01
  3.4500000000E+00  3.4550000000E+00  2.69536E-02  1.11403E-01
  3.4550000000E+00  3.4600000000E+00  2.71587E-02  1.01818E-01
  3.4600000000E+00  3.4650000000E+00  2.73867E-02  1.41531E-01
  3.4650000000E+00  3.4700000000E+00  2.75234E-02  1.19633E-01
  3.4700000000E+00  3.4750000000E+00  2.77321E-02  1.19333E-01
  3.4750000000E+00  3.4800000000E+00  2.79740E-02  1.40488E-01
  3.4800000000E+00  3.4850000000E+00  2.81472E-02  9.07239E-02
  3.4850000000E+00  3.4900000000E+00  2.83720E-02  1.16580E-01
  3.4900000000E+00  3.4950000000E+00  2.85661E-02  9.32048E-02
  3.4950000000E+00  3.5000000000E+00  2.88599E-02  1.10517E-01
  3.5000000000E+00  3.5050000000E+00  2.90913E-02  1.14564E-01
  3.5050000000E+00  3.5100000000E+00  2.93504E-02  1.10578E-01
  3.5100000000E+00  3.5150000000E+00  2.95864E-02  1.38860E-01
  3.5150000000E+00  3.5200000000E+00  2.98901E-02  1.23710E-01
  3.5200000000E+00  3.5250000000E+00  3.01489E-02  9.25682E-02
  3.5250000000E+00  3.5300000000E+00  3.04507E-02  9.96255E-02
  3.5300000000E+00  3.5350000000E+00  3.07754E-02  1.02791E-01
  3.5350000000E+00  3.5400000000E+00  3.11237E-02  1.21167E-01
  3.5400000000E+00  3.5450000000E+00  3.14292E-02  1.08689E-01
  3.5450000000E+00  3.5500000000E+00  3.16991E-02  1.16842E-01
  3.5500000000E+00  3.5550000000E+00  3.20893E-02  1.28327E-01
  3.5550000000E+00  3.5600000000E+00  3.25135E-02  1.57246E-01
  3.5600000000E+00  3.5650000000E+00  3.28632E-02  1.16198E-01
  3.5650000000E+00  3.5700000000E+00  3.33241E-02  1.11849E-01
  3.5700000000E+00  3.5750000000E+00  3.37451E-02  1.23370E-01
  3.5750000000E+00  3.5800000000E+00  3.41422E-02  1.31115E-01
  3.5800000000E+00  3.5850000000E+00  3.46072E-02  9.09254E-02
  3.5850000000E+00  3.5900000000E+00  3.50829E-02  1.12823E-01
  3.5900000000E+00  3.5950000000E+00  3.56460E-02  1.24408E-01
  3.5950000000E+00  3.6000000000E+00  3.61740E-02  1.07158E-01
  3.6000000000E+00  3.6050000000E+00  3.67668E-02  1.06878E-01
  3.6050000000E+00  3.6100000000E+00  3.73559E-02  1.12830E-01
  3.6100000000E+00  3.6150000000E+00  3.80138E-02  1.41575E-01
  3.6150000000E+00  3.6200000000E+00  3.86876E-02  1.52511E-01
  3.6200000000E+00  3.6250000000E+00  3.93659E-02  1.31377E-01
  3.6250000000E+00  3.6300000000E+00  4.01195E-02  1.42576E-01
  3.6300000000E+00  3.6350000000E+00  4.08988E-02  1.30761E-01
  3.6350000000E+00  3.6400000000E+00  4.17224E-02  1.36031E-01
  3.6400000000E+00  3.6450000000E+00  4.25978E-02  1.29832E-01
  3.6450000000E+00  3.6500000000E+00  4.35121E-02  1.29689E-01
  3.6500000000E+00  3.6550000000E+00  4.44113E-02  1.38363E-01
  3.6550000000E+00  3.6600000000E+00  4.53470E-02  1.30427E-01
  3.6600000000E+00  3.6650000000E+00  4.63223E-02  1.22465E-01
  3.6650000000E+00  3.6700000000E+00  4.72249E-02  9.44823E-02
  3.6700000000E+00  3.6750000000E+00  4.82264E-02  1.34106E-01
  3.6750000000E+00  3.6800000000E+00  4.91817E-02  1.08259E-01
  3.6800000000E+00  3.6850000000E+00  5.00490E-02  1.22360E-01
  3.6850000000E+00  3.6900000000E+00  5.08142E-02  9.88617E-02
  3.6900000000E+00  3.6950000000E+00  5.15982E-02  1.04616E-01
  3.6950000000E+00  3.7000000000E+00  5.22843E-02  1.06620E-01
  3.7000000000E+00  3.7050000000E+00  5.28209E-02  1.18007E-01
  3.7050000000E+00  3.7100000000E+00  5.32268E-02  1.13637E-01
  3.7100000000E+00  3.7150000000E+00  5.34568E-02  1.40348E-01
  3.7150000000E+00  3.7200000000E+00  5.35748E-02  1.26832E-01
  3.7200000000E+00  3.7250000000E+00  5.34308E-02  1.54226E-01
  3.7250000000E+00  3.7300000000E+00  5.30758E-02  1.43340E-01
  3.7300000000E+00  3.7350000000E+00  5.24420E-02  1.95098E-01
  3.7350000000E+00  3.7400000000E+00  5.17324E-02  1.96042E-01
  3.7400000000E+00  3.7450000000E+00  5.06151E-02  1.69835E-01
  3.7450000000E+00  3.7500000000E+00  4.91397E-02  1.96015E-01
  3.7500000000E+00  3.7550000000E+00  4.75562E-02  2.15094E-01
  3.7550000000E+00  3.7600000000E+00  4.58236E-02  2.23003E-01
  3.7600000000E+00  3.7650000000E+00  4.38224E-02  2.18863E-01
  3.7650000000E+00  3.7700000000E+00  4.15405E-02  2.83011E-01
  3.7700000000E+00  3.7750000000E+00  3.92378E-02  3.68956E-01
  3.7750000000E+00  3.7800000000E+00  3.68321E-02  3.59147E-01
  3.7800000000E+00  3.7850000000E+00  3.43247E-02  3.58381E-01
  3.7850000000E+00  3.7900000000E+00  3.17985E-02  4.14877E-01
  3.7900000000E+00  3.7950000000E+00  2.90681E-02  2.86717E-01
  3.7950000000E+00  3.8000000000E+00  2.64220E-02  3.16453E-01
  3.8000000000E+00  3.8050000000E+00  2.38335E-02  3.49767E-01
  3.8050000000E+00  3.8100000000E+00  2.13706E-02  3.75176E-01
  3.8100000000E+00  3.8150000000E+00  1.89717E-02  3.58086E-01
  3.8150000000E+00  3.8200000000E+00  1.68108E-02  3.06946E-01
  3.8200000000E+00  3.8250000000E+00  1.47366E-02  4.73451E-01
  3.8250000000E+00  3.8300000000E+00  1.28647E-02  6.31656E-01
  3.8300000000E+00  3.8350000000E+00  1.11805E-02  6.52590E-01
  3.8350000000E+00  3.8400000000E+00  9.63177E-03  7.05229E-01
  3.8400000000E+00  3.8450000000E+00  8.29727E-03  6.83069E-01
  3.8450000000E+00  3.8500000000E+00  7.07732E-03  5.91535E-01
  3.8500000000E+00  3.8550000000E+00  6.00235E-03  8.10408E-01
  3.8550000000E+00  3.8600000000E+00  5.09466E-03  9.14350E-01
  3.8600000000E+00  3.8650000000E+00  4.34514E-03  1.03949E+00
  3.8650000000E+00  3.8700000000E+00  3.73856E-03  1.22756E+00
  3.8700000000E+00  3.8750000000E+00  3.19758E-03  1.50886E+00
  3.8750000000E+00  3.8800000000E+00  2.78394E-03  1.45395E+00
  3.8800000000E+00  3.8850000000E+00  2.41058E-03  1.27146E+00
  3.8850000000E+00  3.8900000000E+00  2.16159E-03  1.21055E+00
  3.8900000000E+00  3.8950000000E+00  1.96056E-03  1.05490E+00
  3.8950000000E+00  3.9000000000E+00  1.79791E-03  1.30263E+00
  3.9000000000E+00  3.9050000000E+00  1.64717E-03  1.46041E+00
  3.9050000000E+00  3.9100000000E+00  1.53710E-03  1.39878E+00
  3.9100000000E+00  3.9150000000E+00  1.44874E-03  1.32643E+00
  3.9150000000E+00  3.9200000000E+00  1.38901E-03  1.52013E+00
  3.9200000000E+00  3.9250000000E+00  1.32846E-03  1.15344E+00
  3.9250000000E+00  3.9300000000E+00  1.30411E-03  1.15638E+00
  3.9300000000E+00  3.9350000000E+00  1.28345E-03  1.02149E+00
  3.9350000000E+00  3.9400000000E+00  1.24408E-03  1.04383E+00
  3.9400000000E+00  3.9450000000E+00  1.23559E-03  9.22001E-01
  3.9450000000E+00  3.9500000000E+00  1.24127E-03  1.08780E+00
  3.9500000000E+00  3.9550000000E+00  1.22507E-03  1.18054E+00
  3.9550000000E+00  3.9600000000E+00  1.22144E-03  1.39522E+00
  3.9600000000E+00  3.9650000000E+00  1.20822E-03  1.28664E+00
  3.9650000000E+00  3.9700000000E+00  1.17542E-03  1.07045E+00
  3.9700000000E+00  3.9750000000E+00  1.16699E-03  1.12564E+00
  3.9750000000E+00  3.9800000000E+00  1.16580E-03  9.73954E-01
  3.9800000000E+00  3.9850000000E+00  1.16572E-03  1.21486E+00
  3.9850000000E+00  3.9900000000E+00  1.17239E-03  1.24587E+00
  3.9900000000E+00  3.9950000000E+00  1.17095E-03  1.49696E+00
  3.9950000000E+00  4.0000000000E+00  1.16059E-03  1.51224E+00
  4.0000000000E+00  4.0050000000E+00  1.15569E-03  1.46849E+00
  4.0050000000E+00  4.0100000000E+00  1.15072E-03  1.58103E+00
  4.0100000000E+00  4.0150000000E+00  1.14921E-03  1.24227E+00
  4.0150000000E+00  4.0200000000E+00  1.13922E-03  1.32886E+00
  4.0200000000E+00  4.0250000000E+00  1.12493E-03  1.24009E+00
  4.0250000000E+00  4.0300000000E+00  1.12794E-03  1.59928E+00
  4.0300000000E+00  4.0350000000E+00  1.12689E-03  1.58383E+00
  4.0350000000E+00  4.0400000000E+00  1.12266E-03  1.49268E+00
  4.0400000000E+00  4.0450000000E+00  1.11301E-03  1.36414E+00
  4.0450000000E+00  4.0500000000E+00  1.12402E-03  1.35278E+00
  4.0500000000E+00  4.0550000000E+00  1.10125E-03  1.33849E+00
  4.0550000000E+00  4.0600000000E+00  1.08731E-03  1.20366E+00
  4.0600000000E+00  4.0650000000E+00  1.09660E-03  1.34812E+00
  4.0650000000E+00  4.0700000000E+00  1.09212E-03  1.28310E+00
  4.0700000000E+00  4.0750000000E+00  1.07984E-03  1.50488E+00
  4.0750000000E+00  4.0800000000E+00  1.07366E-03  1.51146E+00
  4.0800000000E+00  4.0850000000E+00  1.07347E-03  1.30818E+00
  4.0850000000E+00  4.0900000000E+00  1.06428E-03  1.17796E+00
  4.0900000000E+00  4.0950000000E+00  1.05512E-03  1.30620E+00
  4.0950000000E+00  4.1000000000E+00  1.05663E-03  1.30617E+00
  4.1000000000E+00  4.1050000000E+00  1.06277E-03  1.54046E+00
  4.1050000000E+00  4.1100000000E+00  1.05209E-03  1.62172E+00
  4.1100000000E+00  4.1150000000E+00  1.05739E-03  2.14808E+00
  4.1150000000E+00  4.1200000000E+00  1.04098E-03  1.70900E+00
  4.1200000000E+00  4.1250000000E+00  1.03509E-03  1.69029E+00
  4.1250000000E+00  4.1300000000E+00  1.03300E-03  1.60157E+00
  4.1300000000E+00  4.1350000000E+00  1.02458E-03  1.55145E+00
  4.1350000000E+00  4.1400000000E+00  1.02040E-03  1.46294E+00
  4.1400000000E+00  4.1450000000E+00  1.01560E-03  1.41802E+00
  4.1450000000E+00  4.1500000000E+00  9.99149E-04  1.50707E+00
  4.1500000000E+00  4.1550000000E+00  9.94575E-04  1.38011E+00
  4.1550000000E+00  4.1600000000E+00  1.00126E-03  1.81280E+00
  4.1600000000E+00  4.1650000000E+00  9.83383E-04  1.41694E+00
  4.1650000000E+00  4.1700000000E+00  9.88760E-04  1.27615E+00
  4.1700000000E+00  4.1750000000E+00  9.73152E-04  1.85971E+00
  4.1750000000E+00  4.1800000000E+00  9.69042E-04  1.99930E+00
  4.1800000000E+00  4.1850000000E+00  9.71789E-04  1.77747E+00
  4.1850000000E+00  4.1900000000E+00  9.66055E-04  1.84020E+00
  4.1900000000E+00  4.1950000000E+00  9.48842E-04  1.85340E+00
  4.1950000000E+00  4.2000000000E+00  9.60813E-04  2.25272E+00
  4.2000000000E+00  4.2050000000E+00  9.51146E-04  1.91229E+00
  4.2050000000E+00  4.2100000000E+00  9.38428E-04  1.73897E+00
  4.2100000000E+00  4.2150000000E+00  9.42388E-04  1.52745E+00
  4.2150000000E+00  4.2200000000E+00  9.39200E-04  1.47159E+00
  4.2200000000E+00  4.2250000000E+00  9.46563E-04  1.38783E+00
  4.2250000000E+00  4.2300000000E+00  9.57407E-04  1.95875E+00
  4.2300000000E+00  4.2350000000E+00  9.41040E-04  1.20734E+00
  4.2350000000E+00  4.2400000000E+00  9.18091E-04  1.30399E+00
  4.2400000000E+00  4.2450000000E+00  9.09185E-04  1.34639E+00
  4.2450000000E+00  4.2500000000E+00  9.09104E-04  1.75494E+00
  4.2500000000E+00  4.2550000000E+00  8.98549E-04  1.60479E+00
  4.2550000000E+00  4.2600000000E+00  9.06278E-04  1.83832E+00
  4.2600000000E+00  4.2650000000E+00  9.06606E-04  1.74340E+00
  4.2650000000E+00  4.2700000000E+00  8.99293E-04  1.61279E+00
  4.2700000000E+00  4.2750000000E+00  8.97518E-04  1.84415E+00
  4.2750000000E+00  4.2800000000E+00  9.03443E-04  1.69178E+00
  4.2800000000E+00  4.2850000000E+00  8.93601E-04  2.01200E+00
  4.2850000000E+00  4.2900000000E+00  8.97005E-04  1.73367E+00
  4.2900000000E+00  4.2950000000E+00  8.90511E-04  1.73846E+00
  4.2950000000E+00  4.3000000000E+00  8.76750E-04  1.79119E+00
  4.3000000000E+00  4.3050000000E+00  8.67195E-04  1.49188E+00
  4.3050000000E+00  4.3100000000E+00  8.68868E-04  1.34344E+00
  4.3100000000E+00  4.3150000000E+00  8.75426E-04  1.74551E+00
  4.3150000000E+00  4.3200000000E+00  8.73963E-04  1.87489E+00
  4.3200000000E+00  4.3250000000E+00  8.61661E-04  1.96634E+00
  4.3250000000E+00  4.3300000000E+00  8.33803E-04  1.58373E+00
  4.3300000000E+00  4.3350000000E+00  8.35733E-04  1.77333E+00
  4.3350000000E+00  4.3400000000E+00  8.21661E-04  1.64602E+00
  4.3400000000E+00  4.3450000000E+00  8.25849E-04  1.63556E+00
  4.3450000000E+00  4.3500000000E+00  8.25902E-04  1.51784E+00
  4.3500000000E+00  4.3550000000E+00  8.21624E-04  1.40424E+00
  4.3550000000E+00  4.3600000000E+00  8.18507E-04  1.64333E+00
  4.3600000000E+00  4.3650000000E+00  8.07824E-04  1.60055E+00
  4.3650000000E+00  4.3700000000E+00  7.99259E-04  1.57243E+00
  4.3700000000E+00  4.3750000000E+00  8.11800E-04  1.86556E+00
  4.3750000000E+00  4.3800000000E+00  8.06775E-04  1.98693E+00
  4.3800000000E+00  4.3850000000E+00  8.01036E-04  1.74121E+00
  4.3850000000E+00  4.3900000000E+00  7.98044E-04  1.77633E+00
  4.3900000000E+00  4.3950000000E+00  7.89585E-04  1.85117E+00
  4.3950000000E+00  4.4000000000E+00  7.80680E-04  1.78632E+00
  4.4000000000E+00  4.4050000000E+00  7.74210E-04  1.63705E+00
  4.4050000000E+00  4.4100000000E+00  7.81683E-04  1.90764E+00
  4.4100000000E+00  4.4150000000E+00  7.80527E-04  1.93441E+00
  4.4150000000E+00  4.4200000000E+00  7.54825E-04  1.41122E+00
  4.4200000000E+00  4.4250000000E+00  7.69245E-04  1.95010E+00
  4.4250000000E+00  4.4300000000E+00  7.59153E-04  1.92532E+00
  4.4300000000E+00  4.4350000000E+00  7.49461E-04  1.54841E+00
  4.4350000000E+00  4.4400000000E+00  7.45674E-04  1.54106E+00
  4.4400000000E+00  4.4450000000E+00  7.41056E-04  1.96392E+00
  4.4450000000E+00  4.4500000000E+00  7.38501E-04  2.07864E+00
  4.4500000000E+00  4.4550000000E+00  7.43412E-04  2.04857E+00
  4.4550000000E+00  4.4600000000E+00  7.36484E-04  1.69807E+00
  4.4600000000E+00  4.4650000000E+00  7.33596E-04  1.74579E+00
  4.4650000000E+00  4.4700000000E+00  7.33898E-04  2.16372E+00
  4.4700000000E+00  4.4750000000E+00  7.20762E-04  1.55407E+00
  4.4750000000E+00  4.4800000000E+00  7.30069E-04  1.56624E+00
  4.4800000000E+00  4.4850000000E+00  7.13266E-04  1.44502E+00
  4.4850000000E+00  4.4900000000E+00  7.01873E-04  1.53043E+00
  4.4900000000E+00  4.4950000000E+00  7.11697E-04  1.52808E+00
  4.4950000000E+00  4.5000000000E+00  7.06749E-04  1.57173E+00
  4.5000000000E+00  4.5050000000E+00  6.92998E-04  1.47402E+00
  4.5050000000E+00  4.5100000000E+00  6.91871E-04  1.37700E+00
  4.5100000000E+00  4.5150000000E+00  6.85150E-04  1.67048E+00
  4.5150000000E+00  4.5200000000E+00  6.73333E-04  1.16852E+00
  4.5200000000E+00  4.5250000000E+00  6.81817E-04  1.74574E+00
  4.5250000000E+00  4.5300000000E+00  6.66300E-04  1.60030E+00
  4.5300000000E+00  4.5350000000E+00  6.64080E-04  1.65176E+00
  4.5350000000E+00  4.5400000000E+00  6.54600E-04  1.24090E+00
  4.5400000000E+00  4.5450000000E+00  6.49927E-04  1.15241E+00
  4.5450000000E+00  4.5500000000E+00  6.44027E-04  9.08936E-01
  4.5500000000E+00  4.5550000000E+00  6.45229E-04  9.62207E-01
  4.5550000000E+00  4.5600000000E+00  6.45037E-04  8.20557E-01
  4.5600000000E+00  4.5650000000E+00  6.31655E-04  1.06904E+00
  4.5650000000E+00  4.5700000000E+00  6.26520E-04  1.29152E+00
  4.5700000000E+00  4.5750000000E+00  6.30481E-04  1.59758E+00
  4.5750000000E+00  4.5800000000E+00  6.22089E-04  1.27389E+00
  4.5800000000E+00  4.5850000000E+00  6.11392E-04  9.77906E-01
  4.5850000000E+00  4.5900000000E+00  6.05247E-04  1.08379E+00
  4.5900000000E+00  4.5950000000E+00  5.99395E-04  8.76311E-01
  4.5950000000E+00  4.6000000000E+00  6.11603E-04  1.22500E+00
  4.6000000000E+00  4.6050000000E+00  6.08470E-04  1.07610E+00
  4.6050000000E+00  4.6100000000E+00  6.11763E-04  1.09062E+00
  4.6100000000E+00  4.6150000000E+00  6.05182E-04  1.49782E+00
  4.6150000000E+00  4.6200000000E+00  6.03050E-04  1.58864E+00
  4.6200000000E+00  4.6250000000E+00  5.93243E-04  1.36883E+00
  4.6250000000E+00  4.6300000000E+00  5.81471E-04  1.27984E+00
  4.6300000000E+00  4.6350000000E+00  5.73374E-04  1.27347E+00
  4.6350000000E+00  4.6400000000E+00  5.74856E-04  1.32821E+00
  4.6400000000E+00  4.6450000000E+00  5.77904E-04  1.71037E+00
  4.6450000000E+00  4.6500000000E+00  5.65953E-04  1.30770E+00
  4.6500000000E+00  4.6550000000E+00  5.60833E-04  1.20543E+00
  4.6550000000E+00  4.6600000000E+00  5.64693E-04  1.10610E+00
  4.6600000000E+00  4.6650000000E+00  5.66848E-04  1.73695E+00
  4.6650000000E+00  4.6700000000E+00  5.59497E-04  1.59480E+00
  4.6700000000E+00  4.6750000000E+00  5.54244E-04  1.38167E+00
  4.6750000000E+00  4.6800000000E+00  5.52828E-04  1.63724E+00
  4.6800000000E+00  4.6850000000E+00  5.46582E-04  1.49639E+00
  4.6850000000E+00  4.6900000000E+00  5.51354E-04  2.16674E+00
  4.6900000000E+00  4.6950000000E+00  5.41648E-04  1.44074E+00
  4.6950000000E+00  4.7000000000E+00  5.35853E-04  1.63567E+00
  4.7000000000E+00  4.7050000000E+00  5.35076E-04  1.63713E+00
  4.7050000000E+00  4.7100000000E+00  5.29954E-04  1.57688E+00
  4.7100000000E+00  4.7150000000E+00  5.23438E-04  1.51428E+00
  4.7150000000E+00  4.7200000000E+00  5.18477E-04  1.61292E+00
  4.7200000000E+00  4.7250000000E+00  5.10011E-04  1.91172E+00
  4.7250000000E+00  4.7300000000E+00  5.12740E-04  1.96386E+00
  4.7300000000E+00  4.7350000000E+00  4.97436E-04  1.77630E+00
  4.7350000000E+00  4.7400000000E+00  5.03345E-04  1.91297E+00
  4.7400000000E+00  4.7450000000E+00  4.99073E-04  2.09999E+00
  4.7450000000E+00  4.7500000000E+00  4.92655E-04  1.77621E+00
  4.7500000000E+00  4.7550000000E+00  4.93525E-04  1.49500E+00
  4.7550000000E+00  4.7600000000E+00  4.83024E-04  1.41437E+00
  4.7600000000E+00  4.7650000000E+00  4.91595E-04  1.82503E+00
  4.7650000000E+00  4.7700000000E+00  4.83731E-04  1.32131E+00
  4.7700000000E+00  4.7750000000E+00  4.82802E-04  1.55215E+00
  4.7750000000E+00  4.7800000000E+00  4.73171E-04  1.95779E+00
  4.7800000000E+00  4.7850000000E+00  4.57651E-04  1.91353E+00
  4.7850000000E+00  4.7900000000E+00  4.56708E-04  1.76515E+00
  4.7900000000E+00  4.7950000000E+00  4.49416E-04  1.81561E+00
  4.7950000000E+00  4.8000000000E+00  4.50881E-04  1.70227E+00
  4.8000000000E+00  4.8050000000E+00  4.45255E-04  1.84430E+00
  4.8050000000E+00  4.8100000000E+00  4.40336E-04  2.10460E+00
  4.8100000000E+00  4.8150000000E+00  4.38110E-04  2.11675E+00
  4.8150000000E+00  4.8200000000E+00  4.32210E-04  2.00079E+00
  4.8200000000E+00  4.8250000000E+00  4.31593E-04  1.93088E+00
  4.8250000000E+00  4.8300000000E+00  4.25266E-04  2.67561E+00
  4.8300000000E+00  4.8350000000E+00  4.26870E-04  2.56934E+00
  4.8350000000E+00  4.8400000000E+00  4.29262E-04  2.48363E+00
  4.8400000000E+00  4.8450000000E+00  4.17368E-04  2.69527E+00
  4.8450000000E+00  4.8500000000E+00  4.08666E-04  2.62706E+00
  4.8500000000E+00  4.8550000000E+00  4.10168E-04  2.27295E+00
  4.8550000000E+00  4.8600000000E+00  4.01483E-04  2.26156E+00
  4.8600000000E+00  4.8650000000E+00  3.96497E-04  1.85241E+00
  4.8650000000E+00  4.8700000000E+00  3.94096E-04  2.12531E+00
  4.8700000000E+00  4.8750000000E+00  3.92755E-04  2.41788E+00
  4.8750000000E+00  4.8800000000E+00  3.92722E-04  1.72706E+00
  4.8800000000E+00  4.8850000000E+00  3.85973E-04  1.94627E+00
  4.8850000000E+00  4.8900000000E+00  3.83106E-04  2.16417E+00
  4.8900000000E+00  4.8950000000E+00  3.85411E-04  2.24907E+00
  4.8950000000E+00  4.9000000000E+00  3.83065E-04  2.08914E+00
  4.9000000000E+00  4.9050000000E+00  3.76238E-04  2.49969E+00
  4.9050000000E+00  4.9100000000E+00  3.74617E-04  2.20853E+00
  4.9100000000E+00  4.9150000000E+00  3.65411E-04  2.11580E+00
  4.9150000000E+00  4.9200000000E+00  3.65035E-04  2.21895E+00
  4.9200000000E+00  4.9250000000E+00  3.62620E-04  2.40933E+00
  4.9250000000E+00  4.9300000000E+00  3.60697E-04  2.56677E+00
  4.9300000000E+00  4.9350000000E+00  3.51988E-04  2.84515E+00
  4.9350000000E+00  4.9400000000E+00  3.47479E-04  2.68336E+00
  4.9400000000E+00  4.9450000000E+00  3.43373E-04  2.84771E+00
  4.9450000000E+00  4.9500000000E+00  3.40578E-04  3.97762E+00
  4.9500000000E+00  4.9550000000E+00  3.28992E-04  3.04061E+00
  4.9550000000E+00  4.9600000000E+00  3.31079E-04  2.69408E+00
  4.9600000000E+00  4.9650000000E+00  3.32594E-04  2.43638E+00
  4.9650000000E+00  4.9700000000E+00  3.30697E-04  2.76573E+00
  4.9700000000E+00  4.9750000000E+00  3.22443E-04  2.41100E+00
  4.9750000000E+00  4.9800000000E+00  3.23400E-04  2.34789E+00
  4.9800000000E+00  4.9850000000E+00  3.20821E-04  2.16243E+00
  4.9850000000E+00  4.9900000000E+00  3.16337E-04  2.35808E+00
  4.9900000000E+00  4.9950000000E+00  3.12247E-04  2.36799E+00
  4.9950000000E+00  5.0000000000E+00  3.04453E-04  2.25616E+00
  5.0000000000E+00  5.0050000000E+00  3.04686E-04  2.21832E+00
  5.0050000000E+00  5.0100000000E+00  2.95366E-04  2.36114E+00
  5.0100000000E+00  5.0150000000E+00  2.87424E-04  2.26585E+00
  5.0150000000E+00  5.0200000000E+00  2.82859E-04  2.09773E+00
  5.0200000000E+00  5.0250000000E+00  2.86419E-04  2.57823E+00
  5.0250000000E+00  5.0300000000E+00  2.82095E-04  2.27913E+00
  5.0300000000E+00  5.0350000000E+00  2.76322E-04  2.46058E+00
  5.0350000000E+00  5.0400000000E+00  2.79984E-04  2.67524E+00
  5.0400000000E+00  5.0450000000E+00  2.78686E-04  2.69315E+00
  5.0450000000E+00  5.0500000000E+00  2.72488E-04  2.32950E+00
  5.0500000000E+00  5.0550000000E+00  2.65284E-04  2.46926E+00
  5.0550000000E+00  5.0600000000E+00  2.62931E-04  2.31158E+00
  5.0600000000E+00  5.0650000000E+00  2.57868E-04  2.28753E+00
  5.0650000000E+00  5.0700000000E+00  2.49821E-04  2.21561E+00
  5.0700000000E+00  5.0750000000E+00  2.51806E-04  2.78076E+00
  5.0750000000E+00  5.0800000000E+00  2.52176E-04  3.68165E+00
  5.0800000000E+00  5.0850000000E+00  2.48769E-04  2.96878E+00
  5.0850000000E+00  5.0900000000E+00  2.44461E-04  2.54812E+00
  5.0900000000E+00  5.0950000000E+00  2.38332E-04  2.64314E+00
  5.0950000000E+00  5.1000000000E+00  2.33677E-04  2.45209E+00
  5.1000000000E+00  5.1050000000E+00  2.31318E-04  2.22541E+00
  5.1050000000E+00  5.1100000000E+00  2.29073E-04  2.07116E+00
  5.1100000000E+00  5.1150000000E+00  2.30650E-04  2.35210E+00
  5.1150000000E+00  5.1200000000E+00  2.25480E-04  2.63437E+00
  5.1200000000E+00  5.1250000000E+00  2.22325E-04  2.28509E+00
  5.1250000000E+00  5.1300000000E+00  2.24051E-04  2.65372E+00
  5.1300000000E+00  5.1350000000E+00  2.21037E-04  2.47103E+00
  5.1350000000E+00  5.1400000000E+00  2.25685E-04  2.21909E+00
  5.1400000000E+00  5.1450000000E+00  2.32794E-04  3.01930E+00
  5.1450000000E+00  5.1500000000E+00  2.18279E-04  3.13933E+00
  5.1500000000E+00  5.1550000000E+00  2.16802E-04  2.69185E+00
  5.1550000000E+00  5.1600000000E+00  2.17273E-04  3.22421E+00
  5.1600000000E+00  5.1650000000E+00  2.09163E-04  2.95860E+00
  5.1650000000E+00  5.1700000000E+00  2.02803E-04  3.56090E+00
  5.1700000000E+00  5.1750000000E+00  2.04548E-04  3.88454E+00
  5.1750000000E+00  5.1800000000E+00  2.00793E-04  3.56444E+00
  5.1800000000E+00  5.1850000000E+00  1.96031E-04  3.38511E+00
  5.1850000000E+00  5.1900000000E+00  1.85774E-04  3.78036E+00
  5.1900000000E+00  5.1950000000E+00  1.85139E-04  4.03573E+00
  5.1950000000E+00  5.2000000000E+00  1.77823E-04  3.55414E+00
  5.2000000000E+00  5.2050000000E+00  1.71310E-04  2.68436E+00
  5.2050000000E+00  5.2100000000E+00  1.71634E-04  3.33302E+00
  5.2100000000E+00  5.2150000000E+00  1.64844E-04  2.55295E+00
  5.2150000000E+00  5.2200000000E+00  1.65187E-04  3.17120E+00
  5.2200000000E+00  5.2250000000E+00  1.63692E-04  2.98367E+00
  5.2250000000E+00  5.2300000000E+00  1.64076E-04  2.28534E+00
  5.2300000000E+00  5.2350000000E+00  1.56699E-04  3.00590E+00
  5.2350000000E+00  5.2400000000E+00  1.52540E-04  3.82913E+00
  5.2400000000E+00  5.2450000000E+00  1.52465E-04  3.43181E+00
  5.2450000000E+00  5.2500000000E+00  1.46277E-04  3.47060E+00
  5.2500000000E+00  5.2550000000E+00  1.44088E-04  3.96639E+00
  5.2550000000E+00  5.2600000000E+00  1.48248E-04  4.65713E+00
  5.2600000000E+00  5.2650000000E+00  1.42934E-04  4.88759E+00
  5.2650000000E+00  5.2700000000E+00  1.37006E-04  4.57545E+00
  5.2700000000E+00  5.2750000000E+00  1.35903E-04  4.25569E+00
  5.2750000000E+00  5.2800000000E+00  1.40851E-04  4.93722E+00
  5.2800000000E+00  5.2850000000E+00  1.36854E-04  5.24415E+00
  5.2850000000E+00  5.2900000000E+00  1.31933E-04  3.52499E+00
  5.2900000000E+00  5.2950000000E+00  1.25723E-04  3.16509E+00
  5.2950000000E+00  5.3000000000E+00  1.21612E-04  3.78535E+00
  5.3000000000E+00  5.3050000000E+00  1.17961E-04  3.63152E+00
  5.3050000000E+00  5.3100000000E+00  1.19177E-04  2.99377E+00
  5.3100000000E+00  5.3150000000E+00  1.15389E-04  2.66441E+00
  5.3150000000E+00  5.3200000000E+00  1.15956E-04  2.48286E+00
  5.3200000000E+00  5.3250000000E+00  1.13343E-04  3.00961E+00
  5.3250000000E+00  5.3300000000E+00  1.09314E-04  3.96404E+00
  5.3300000000E+00  5.3350000000E+00  1.13764E-04  4.87501E+00
  5.3350000000E+00  5.3400000000E+00  1.13144E-04  4.59401E+00
  5.3400000000E+00  5.3450000000E+00  1.09567E-04  3.07682E+00
  5.3450000000E+00  5.3500000000E+00  1.06992E-04  4.04077E+00
  5.3500000000E+00  5.3550000000E+00  1.04877E-04  4.34141E+00
  5.3550000000E+00  5.3600000000E+00  1.08213E-04  3.12910E+00
  5.3600000000E+00  5.3650000000E+00  1.07807E-04  3.08068E+00
  5.3650000000E+00  5.3700000000E+00  1.06585E-04  3.64378E+00
  5.3700000000E+00  5.3750000000E+00  1.04715E-04  4.19623E+00
  5.3750000000E+00  5.3800000000E+00  1.01982E-04  3.95757E+00
  5.3800000000E+00  5.3850000000E+00  1.00406E-04  4.44299E+00
  5.3850000000E+00  5.3900000000E+00  9.99274E-05  4.63445E+00
  5.3900000000E+00  5.3950000000E+00  9.88734E-05  4.65269E+00
  5.3950000000E+00  5.4000000000E+00  1.00010E-04  5.59715E+00
  5.4000000000E+00  5.4050000000E+00  1.01049E-04  4.78966E+00
  5.4050000000E+00  5.4100000000E+00  1.01809E-04  3.95830E+00
  5.4100000000E+00  5.4150000000E+00  1.05271E-04  4.04361E+00
  5.4150000000E+00  5.4200000000E+00  1.03130E-04  4.98069E+00
  5.4200000000E+00  5.4250000000E+00  1.03236E-04  5.12089E+00
  5.4250000000E+00  5.4300000000E+00  1.07648E-04  4.72464E+00
  5.4300000000E+00  5.4350000000E+00  1.06436E-04  5.06313E+00
  5.4350000000E+00  5.4400000000E+00  1.06425E-04  5.18955E+00
  5.4400000000E+00  5.4450000000E+00  1.04252E-04  5.32751E+00
  5.4450000000E+00  5.4500000000E+00  1.03036E-04  5.35945E+00
  5.4500000000E+00  5.4550000000E+00  1.04175E-04  5.36375E+00
  5.4550000000E+00  5.4600000000E+00  1.01626E-04  5.63588E+00
  5.4600000000E+00  5.4650000000E+00  1.04973E-04  6.11822E+00
  5.4650000000E+00  5.4700000000E+00  1.08606E-04  6.37271E+00
  5.4700000000E+00  5.4750000000E+00  9.77363E-05  6.15820E+00
  5.4750000000E+00  5.4800000000E+00  9.51087E-05  5.80607E+00
  5.4800000000E+00  5.4850000000E+00  9.79530E-05  5.33824E+00
  5.4850000000E+00  5.4900000000E+00  9.74280E-05  5.35282E+00
  5.4900000000E+00  5.4950000000E+00  9.31303E-05  5.25020E+00
  5.4950000000E+00  5.5000000000E+00  8.13745E-05  6.40746E+00
  5.5000000000E+00  5.5050000000E+00  7.81939E-05  5.79367E+00
  5.5050000000E+00  5.5100000000E+00  7.10149E-05  6.36919E+00
  5.5100000000E+00  5.5150000000E+00  6.55109E-05  7.13814E+00
  5.5150000000E+00  5.5200000000E+00  6.46881E-05  7.31138E+00
  5.5200000000E+00  5.5250000000E+00  5.84934E-05  8.71069E+00
  5.5250000000E+00  5.5300000000E+00  5.15425E-05  9.79417E+00
  5.5300000000E+00  5.5350000000E+00  4.48571E-05  9.41043E+00
  5.5350000000E+00  5.5400000000E+00  4.09952E-05  8.45074E+00
  5.5400000000E+00  5.5450000000E+00  3.69852E-05  1.15085E+01
  5.5450000000E+00  5.5500000000E+00  3.18519E-05  1.07309E+01
  5.5500000000E+00  5.5550000000E+00  2.77649E-05  1.14327E+01
  5.5550000000E+00  5.5600000000E+00  2.50870E-05  1.18076E+01
  5.5600000000E+00  5.5650000000E+00  2.26282E-05  1.28844E+01
  5.5650000000E+00  5.5700000000E+00  1.99049E-05  1.20128E+01
  5.5700000000E+00  5.5750000000E+00  1.91138E-05  1.53995E+01
  5.5750000000E+00  5.5800000000E+00  1.49016E-05  2.16611E+01
  5.5800000000E+00  5.5850000000E+00  1.30254E-05  2.00783E+01
  5.5850000000E+00  5.5900000000E+00  1.05733E-05  2.23559E+01
  5.5900000000E+00  5.5950000000E+00  7.15893E-06  2.74966E+01
  5.5950000000E+00  5.6000000000E+00  4.90122E-06  2.46177E+01
  5.6000000000E+00  5.6050000000E+00  2.87789E-06  2.99514E+01
  5.6050000000E+00  5.6100000000E+00  3.30196E-06  3.50288E+01
  5.6100000000E+00  5.6150000000E+00  2.84874E-06  4.17796E+01
  5.6150000000E+00  5.6200000000E+00  2.80568E-06  4.94690E+01
  5.6200000000E+00  5.6250000000E+00  2.00074E-06  4.62135E+01
  5.6250000000E+00  5.6300000000E+00  2.10105E-06  4.68917E+01
  5.6300000000E+00  5.6350000000E+00  7.60485E-07  6.72511E+01
  5.6350000000E+00  5.6400000000E+00  7.67695E-07  7.65509E+01
  5.6400000000E+00  5.6450000000E+00  1.01572E-06  7.96364E+01
  5.6450000000E+00  5.6500000000E+00  7.32418E-07  7.28470E+01
  5.6500000000E+00  5.6550000000E+00  4.22814E-07  7.00555E+01
  5.6550000000E+00  5.6600000000E+00  4.33468E-07  6.99310E+01
  5.6600000000E+00  5.6650000000E+00  4.56512E-07  7.05720E+01
  5.6650000000E+00  5.6700000000E+00  4.76518E-07  7.14729E+01
  5.6700000000E+00  5.6750000000E+00  5.24145E-07  7.35716E+01
  5.6750000000E+00  5.6800000000E+00  6.03713E-07  7.59794E+01
  5.6800000000E+00  5.6850000000E+00  8.48489E-07  8.04553E+01
  5.6850000000E+00  5.6900000000E+00  6.38433E-07  7.49354E+01
  5.6900000000E+00  5.6950000000E+00  1.87268E-07  1.00000E+02
  5.6950000000E+00  5.7000000000E+00  1.87981E-07  1.00000E+02
  5.7000000000E+00  5.7050000000E+00  2.01791E-07  9.98398E+01
  5.7050000000E+00  5.7100000000E+00  2.17717E-07  1.00000E+02
  5.7100000000E+00  5.7150000000E+00  2.31680E-07  1.00000E+02
  5.7150000000E+00  5.7200000000E+00  2.51866E-07  1.00000E+02
  5.7200000000E+00  5.7250000000E+00  2.71373E-07  1.00000E+02
  5.7250000000E+00  5.7300000000E+00  2.99338E-07  1.00000E+02
  5.7300000000E+00  5.7350000000E+00  3.49095E-07  1.00000E+02
  5.7350000000E+00  5.7400000000E+00  4.18052E-07  1.00000E+02
  5.7400000000E+00  5.7450000000E+00  5.50166E-07  9.99999E+01
  5.7450000000E+00  5.7500000000E+00  6.17093E-07  1.00000E+02
  5.7500000000E+00  5.7550000000E+00  4.54344E-09  9.99999E+01
  5.7550000000E+00  5.7600000000E+00  0.00000E+00  0.00000E+00
  5.7600000000E+00  5.7650000000E+00  0.00000E+00  0.00000E+00
  5.7650000000E+00  5.7700000000E+00  0.00000E+00  0.00000E+00
  5.7700000000E+00  5.7750000000E+00  0.00000E+00  0.00000E+00
  5.7750000000E+00  5.7800000000E+00  0.00000E+00  0.00000E+00
  5.7800000000E+00  5.7850000000E+00  0.00000E+00  0.00000E+00
  5.7850000000E+00  5.7900000000E+00  0.00000E+00  0.00000E+00
  5.7900000000E+00  5.7950000000E+00  0.00000E+00  0.00000E+00
  5.7950000000E+00  5.8000000000E+00  5.04272E-15  1.00000E+02
  5.8000000000E+00  5.8050000000E+00  0.00000E+00  0.00000E+00
  5.8050000000E+00  5.8100000000E+00  0.00000E+00  0.00000E+00
  5.8100000000E+00  5.8150000000E+00  0.00000E+00  0.00000E+00
  5.8150000000E+00  5.8200000000E+00  0.00000E+00  0.00000E+00
  5.8200000000E+00  5.8250000000E+00  0.00000E+00  0.00000E+00
  5.8250000000E+00  5.8300000000E+00  6.24323E-12  1.00000E+02
  5.8300000000E+00  5.8350000000E+00  0.00000E+00  0.00000E+00
  5.8350000000E+00  5.8400000000E+00  0.00000E+00  0.00000E+00
  5.8400000000E+00  5.8450000000E+00  0.00000E+00  0.00000E+00
  5.8450000000E+00  5.8500000000E+00  0.00000E+00  0.00000E+00
  5.8500000000E+00  5.8550000000E+00  0.00000E+00  0.00000E+00
  5.8550000000E+00  5.8600000000E+00  0.00000E+00  0.00000E+00
  5.8600000000E+00  5.8650000000E+00  5.19568E-07  1.00000E+02
  5.8650000000E+00  5.8700000000E+00  6.65397E-07  1.00000E+02
  5.8700000000E+00  5.8750000000E+00  0.00000E+00  0.00000E+00
  5.8750000000E+00  5.8800000000E+00  0.00000E+00  0.00000E+00
  5.8800000000E+00  5.8850000000E+00  3.44244E-15  1.00000E+02
  5.8850000000E+00  5.8900000000E+00  0.00000E+00  0.00000E+00
  5.8900000000E+00  5.8950000000E+00  0.00000E+00  0.00000E+00
  5.8950000000E+00  5.9000000000E+00  0.00000E+00  0.00000E+00
  5.9000000000E+00  5.9050000000E+00  0.00000E+00  0.00000E+00
  5.9050000000E+00  5.9100000000E+00  0.00000E+00  0.00000E+00
  5.9100000000E+00  5.9150000000E+00  4.18823E-15  1.00000E+02
  5.9150000000E+00  5.9200000000E+00  0.00000E+00  0.00000E+00
  5.9200000000E+00  5.9250000000E+00  0.00000E+00  0.00000E+00
  5.9250000000E+00  5.9300000000E+00  3.83682E-07  1.00000E+02
  5.9300000000E+00  5.9350000000E+00  0.00000E+00  0.00000E+00
  5.9350000000E+00  5.9400000000E+00  1.08208E-14  1.00000E+02
  5.9400000000E+00  5.9450000000E+00  0.00000E+00  0.00000E+00
  5.9450000000E+00  5.9500000000E+00  2.14355E-11  1.00000E+02
  5.9500000000E+00  5.9550000000E+00  0.00000E+00  0.00000E+00
  5.9550000000E+00  5.9600000000E+00  2.75176E-14  1.00000E+02
  5.9600000000E+00  5.9650000000E+00  3.92832E-15  1.00000E+02
  5.9650000000E+00  5.9700000000E+00  0.00000E+00  0.00000E+00
  5.9700000000E+00  5.9750000000E+00  0.00000E+00  0.00000E+00
  5.9750000000E+00  5.9800000000E+00  0.00000E+00  0.00000E+00
  5.9800000000E+00  5.9850000000E+00  8.77498E-08  1.00000E+02
  5.9850000000E+00  5.9900000000E+00  0.00000E+00  0.00000E+00
  5.9900000000E+00  5.9950000000E+00  0.00000E+00  0.00000E+00
  5.9950000000E+00  6.0000000000E+00  0.00000E+00  0.00000E+00
  6.0000000000E+00  6.0050000000E+00  2.01192E-07  1.00000E+02
  6.0050000000E+00  6.0100000000E+00  2.85777E-07  1.00000E+02
  6.0100000000E+00  6.0150000000E+00  3.13429E-07  1.00000E+02
  6.0150000000E+00  6.0200000000E+00  3.85316E-07  1.00000E+02
  6.0200000000E+00  6.0250000000E+00  4.48627E-07  1.00000E+02
  6.0250000000E+00  6.0300000000E+00  6.86149E-07  1.00000E+02
  6.0300000000E+00  6.0350000000E+00  3.39042E-07  1.00000E+02
  6.0350000000E+00  6.0400000000E+00  5.04272E-15  1.00000E+02
  6.0400000000E+00  6.0450000000E+00  0.00000E+00  0.00000E+00
  6.0450000000E+00  6.0500000000E+00  0.00000E+00  0.00000E+00
  6.0500000000E+00  6.0550000000E+00  6.08123E-15  1.00000E+02
  6.0550000000E+00  6.0600000000E+00  0.00000E+00  0.00000E+00
  6.0600000000E+00  6.0650000000E+00  4.18823E-15  1.00000E+02
  6.0650000000E+00  6.0700000000E+00  0.00000E+00  0.00000E+00
  6.0700000000E+00  6.0750000000E+00  0.00000E+00  0.00000E+00
  6.0750000000E+00  6.0800000000E+00  0.00000E+00  0.00000E+00
  6.0800000000E+00  6.0850000000E+00  0.00000E+00  0.00000E+00
  6.0850000000E+00  6.0900000000E+00  0.00000E+00  0.00000E+00
  6.0900000000E+00  6.0950000000E+00  0.00000E+00  0.00000E+00
  6.0950000000E+00  6.1000000000E+00  0.00000E+00  0.00000E+00
  6.1000000000E+00  6.1050000000E+00  5.04272E-15  1.00000E+02
  6.1050000000E+00  6.1100000000E+00  0.00000E+00  0.00000E+00
  6.1100000000E+00  6.1150000000E+00  7.29883E-14  1.00000E+02
  6.1150000000E+00  6.1200000000E+00  1.48471E-07  1.00000E+02
  6.1200000000E+00  6.1250000000E+00  1.58511E-14  1.00000E+02
  6.1250000000E+00  6.1300000000E+00  1.03782E-14  1.00000E+02
  6.1300000000E+00  6.1350000000E+00  1.54210E-14  1.00000E+02
  6.1350000000E+00  6.1400000000E+00  0.00000E+00  0.00000E+00
  6.1400000000E+00  6.1450000000E+00  6.08123E-15  1.00000E+02
  6.1450000000E+00  6.1500000000E+00  0.00000E+00  0.00000E+00
  6.1500000000E+00  6.1550000000E+00  0.00000E+00  0.00000E+00
  6.1550000000E+00  6.1600000000E+00  0.00000E+00  0.00000E+00
  6.1600000000E+00  6.1650000000E+00  0.00000E+00  0.00000E+00
  6.1650000000E+00  6.1700000000E+00  0.00000E+00  0.00000E+00
  6.1700000000E+00  6.1750000000E+00  0.00000E+00  0.00000E+00
  6.1750000000E+00  6.1800000000E+00  1.13852E-07  1.00000E+02
  6.1800000000E+00  6.1850000000E+00  0.00000E+00  0.00000E+00
  6.1850000000E+00  6.1900000000E+00  0.00000E+00  0.00000E+00
  6.1900000000E+00  6.1950000000E+00  0.00000E+00  0.00000E+00
  6.1950000000E+00  6.2000000000E+00  0.00000E+00  0.00000E+00
  6.2000000000E+00  6.2050000000E+00  1.81849E-08  9.99998E+01
  6.2050000000E+00  6.2100000000E+00  6.18845E-07  1.00000E+02
  6.2100000000E+00  6.2150000000E+00  0.00000E+00  0.00000E+00
  6.2150000000E+00  6.2200000000E+00  0.00000E+00  0.00000E+00
  6.2200000000E+00  6.2250000000E+00  0.00000E+00  0.00000E+00
  6.2250000000E+00  6.2300000000E+00  0.00000E+00  0.00000E+00
  6.2300000000E+00  6.2350000000E+00  0.00000E+00  0.00000E+00
  6.2350000000E+00  6.2400000000E+00  3.44244E-15  1.00000E+02
  6.2400000000E+00  6.2450000000E+00  0.00000E+00  0.00000E+00
  6.2450000000E+00  6.2500000000E+00  0.00000E+00  0.00000E+00
  6.2500000000E+00  6.2550000000E+00  0.00000E+00  0.00000E+00
  6.2550000000E+00  6.2600000000E+00  0.00000E+00  0.00000E+00
  6.2600000000E+00  6.2650000000E+00  0.00000E+00  0.00000E+00
  6.2650000000E+00  6.2700000000E+00  0.00000E+00  0.00000E+00
  6.2700000000E+00  6.2750000000E+00  7.75983E-10  9.99995E+01
  6.2750000000E+00  6.2800000000E+00  0.00000E+00  0.00000E+00
  6.2800000000E+00  6.2850000000E+00  0.00000E+00  0.00000E+00
  6.2850000000E+00  6.2900000000E+00  0.00000E+00  0.00000E+00
  6.2900000000E+00  6.2950000000E+00  0.00000E+00  0.00000E+00
  6.2950000000E+00  6.3000000000E+00  0.00000E+00  0.00000E+00
  6.3000000000E+00  6.3050000000E+00  1.20555E-08  9.97520E+01
  6.3050000000E+00  6.3100000000E+00  1.12140E-07  1.00000E+02
  6.3100000000E+00  6.3150000000E+00  1.12140E-07  1.00000E+02
  6.3150000000E+00  6.3200000000E+00  1.12140E-07  1.00000E+02
  6.3200000000E+00  6.3250000000E+00  1.12140E-07  1.00000E+02
  6.3250000000E+00  6.3300000000E+00  1.12140E-07  1.00000E+02
  6.3300000000E+00  6.3350000000E+00  1.12140E-07  1.00000E+02
  6.3350000000E+00  6.3400000000E+00  1.12140E-07  1.00000E+02
  6.3400000000E+00  6.3450000000E+00  1.12140E-07  1.00000E+02
  6.3450000000E+00  6.3500000000E+00  1.12140E-07  1.00000E+02
  6.3500000000E+00  6.3550000000E+00  1.11061E-07  1.00000E+02
  6.3550000000E+00  6.3600000000E+00  1.09986E-07  1.00000E+02
  6.3600000000E+00  6.3650000000E+00  4.60654E-07  7.84289E+01
  6.3650000000E+00  6.3700000000E+00  1.09986E-07  1.00000E+02
  6.3700000000E+00  6.3750000000E+00  1.09986E-07  1.00000E+02
  6.3750000000E+00  6.3800000000E+00  1.09986E-07  1.00000E+02
  6.3800000000E+00  6.3850000000E+00  1.10062E-07  9.99272E+01
  6.3850000000E+00  6.3900000000E+00  1.44943E-08  1.00000E+02
  6.3900000000E+00  6.3950000000E+00  0.00000E+00  0.00000E+00
  6.3950000000E+00  6.4000000000E+00  0.00000E+00  0.00000E+00
  6.4000000000E+00  6.4050000000E+00  1.08208E-14  1.00000E+02
  6.4050000000E+00  6.4100000000E+00  0.00000E+00  0.00000E+00
  6.4100000000E+00  6.4150000000E+00  0.00000E+00  0.00000E+00
  6.4150000000E+00  6.4200000000E+00  0.00000E+00  0.00000E+00
  6.4200000000E+00  6.4250000000E+00  0.00000E+00  0.00000E+00
  6.4250000000E+00  6.4300000000E+00  5.04272E-15  1.00000E+02
  6.4300000000E+00  6.4350000000E+00  1.21324E-07  1.00000E+02
  6.4350000000E+00  6.4400000000E+00  0.00000E+00  0.00000E+00
  6.4400000000E+00  6.4450000000E+00  0.00000E+00  0.00000E+00
  6.4450000000E+00  6.4500000000E+00  0.00000E+00  0.00000E+00
  6.4500000000E+00  6.4550000000E+00  0.00000E+00  0.00000E+00
  6.4550000000E+00  6.4600000000E+00  0.00000E+00  0.00000E+00
  6.4600000000E+00  6.4650000000E+00  0.00000E+00  0.00000E+00
  6.4650000000E+00  6.4700000000E+00  0.00000E+00  0.00000E+00
  6.4700000000E+00  6.4750000000E+00  0.00000E+00  0.00000E+00
  6.4750000000E+00  6.4800000000E+00  0.00000E+00  0.00000E+00
  6.4800000000E+00  6.4850000000E+00  6.19272E-14  7.44989E+01
  6.4850000000E+00  6.4900000000E+00  3.92832E-15  1.00000E+02
  6.4900000000E+00  6.4950000000E+00  0.00000E+00  0.00000E+00
  6.4950000000E+00  6.5000000000E+00  0.00000E+00  0.00000E+00
  6.5000000000E+00  6.5050000000E+00  0.00000E+00  0.00000E+00
  6.5050000000E+00  6.5100000000E+00  0.00000E+00  0.00000E+00
  6.5100000000E+00  6.5150000000E+00  0.00000E+00  0.00000E+00
  6.5150000000E+00  6.5200000000E+00  0.00000E+00  0.00000E+00
  6.5200000000E+00  6.5250000000E+00  0.00000E+00  0.00000E+00
  6.5250000000E+00  6.5300000000E+00  0.00000E+00  0.00000E+00
  6.5300000000E+00  6.5350000000E+00  0.00000E+00  0.00000E+00
  6.5350000000E+00  6.5400000000E+00  2.55247E-14  1.00000E+02
  6.5400000000E+00  6.5450000000E+00  0.00000E+00  0.00000E+00
  6.5450000000E+00  6.5500000000E+00  1.76221E-14  1.00000E+02
  6.5500000000E+00  6.5550000000E+00  0.00000E+00  0.00000E+00
  6.5550000000E+00  6.5600000000E+00  0.00000E+00  0.00000E+00
  6.5600000000E+00  6.5650000000E+00  0.00000E+00  0.00000E+00
  6.5650000000E+00  6.5700000000E+00  0.00000E+00  0.00000E+00
  6.5700000000E+00  6.5750000000E+00  2.56607E-07  1.00000E+02
  6.5750000000E+00  6.5800000000E+00  0.00000E+00  0.00000E+00
  6.5800000000E+00  6.5850000000E+00  1.08208E-14  1.00000E+02
  6.5850000000E+00  6.5900000000E+00  0.00000E+00  0.00000E+00
  6.5900000000E+00  6.5950000000E+00  0.00000E+00  0.00000E+00
  6.5950000000E+00  6.6000000000E+00  0.00000E+00  0.00000E+00
  6.6000000000E+00  6.6050000000E+00  0.00000E+00  0.00000E+00
  6.6050000000E+00  6.6100000000E+00  2.56088E-11  1.00000E+02
  6.6100000000E+00  6.6150000000E+00  7.38689E-15  1.00000E+02
  6.6150000000E+00  6.6200000000E+00  0.00000E+00  0.00000E+00
  6.6200000000E+00  6.6250000000E+00  0.00000E+00  0.00000E+00
  6.6250000000E+00  6.6300000000E+00  0.00000E+00  0.00000E+00
  6.6300000000E+00  6.6350000000E+00  0.00000E+00  0.00000E+00
  6.6350000000E+00  6.6400000000E+00  0.00000E+00  0.00000E+00
  6.6400000000E+00  6.6450000000E+00  0.00000E+00  0.00000E+00
  6.6450000000E+00  6.6500000000E+00  0.00000E+00  0.00000E+00
  6.6500000000E+00  6.6550000000E+00  0.00000E+00  0.00000E+00
  6.6550000000E+00  6.6600000000E+00  0.00000E+00  0.00000E+00
  6.6600000000E+00  6.6650000000E+00  0.00000E+00  0.00000E+00
  6.6650000000E+00  6.6700000000E+00  1.11168E-07  1.00000E+02
  6.6700000000E+00  6.6750000000E+00  3.11638E-07  1.00000E+02
  6.6750000000E+00  6.6800000000E+00  3.41797E-07  1.00000E+02
  6.6800000000E+00  6.6850000000E+00  3.88790E-07  1.00000E+02
  6.6850000000E+00  6.6900000000E+00  4.42670E-07  1.00000E+02
  6.6900000000E+00  6.6950000000E+00  5.49021E-07  9.99966E+01
  6.6950000000E+00  6.7000000000E+00  8.03723E-07  1.00000E+02
  6.7000000000E+00  6.7050000000E+00  6.91911E-07  1.00000E+02
  6.7050000000E+00  6.7100000000E+00  0.00000E+00  0.00000E+00
  6.7100000000E+00  6.7150000000E+00  0.00000E+00  0.00000E+00
  6.7150000000E+00  6.7200000000E+00  0.00000E+00  0.00000E+00
  6.7200000000E+00  6.7250000000E+00  0.00000E+00  0.00000E+00
  6.7250000000E+00  6.7300000000E+00  0.00000E+00  0.00000E+00
  6.7300000000E+00  6.7350000000E+00  0.00000E+00  0.00000E+00
  6.7350000000E+00  6.7400000000E+00  0.00000E+00  0.00000E+00
  6.7400000000E+00  6.7450000000E+00  2.55247E-14  1.00000E+02
  6.7450000000E+00  6.7500000000E+00  0.00000E+00  0.00000E+00
  6.7500000000E+00  6.7550000000E+00  0.00000E+00  0.00000E+00
  6.7550000000E+00  6.7600000000E+00  0.00000E+00  0.00000E+00
  6.7600000000E+00  6.7650000000E+00  1.76221E-14  1.00000E+02
  6.7650000000E+00  6.7700000000E+00  0.00000E+00  0.00000E+00
  6.7700000000E+00  6.7750000000E+00  1.48749E-14  1.00000E+02
  6.7750000000E+00  6.7800000000E+00  0.00000E+00  0.00000E+00
  6.7800000000E+00  6.7850000000E+00  0.00000E+00  0.00000E+00
  6.7850000000E+00  6.7900000000E+00  0.00000E+00  0.00000E+00
  6.7900000000E+00  6.7950000000E+00  0.00000E+00  0.00000E+00
  6.7950000000E+00  6.8000000000E+00  0.00000E+00  0.00000E+00
  6.8000000000E+00  6.8050000000E+00  0.00000E+00  0.00000E+00
  6.8050000000E+00  6.8100000000E+00  7.38689E-15  1.00000E+02
  6.8100000000E+00  6.8150000000E+00  0.00000E+00  0.00000E+00
  6.8150000000E+00  6.8200000000E+00  1.59016E-11  1.00000E+02
  6.8200000000E+00  6.8250000000E+00  0.00000E+00  0.00000E+00
  6.8250000000E+00  6.8300000000E+00  1.06774E-13  1.00000E+02
  6.8300000000E+00  6.8350000000E+00  6.08123E-15  1.00000E+02
  6.8350000000E+00  6.8400000000E+00  0.00000E+00  0.00000E+00
  6.8400000000E+00  6.8450000000E+00  0.00000E+00  0.00000E+00
  6.8450000000E+00  6.8500000000E+00  1.30974E-12  1.00000E+02
  6.8500000000E+00  6.8550000000E+00  0.00000E+00  0.00000E+00
  6.8550000000E+00  6.8600000000E+00  0.00000E+00  0.00000E+00
  6.8600000000E+00  6.8650000000E+00  0.00000E+00  0.00000E+00
  6.8650000000E+00  6.8700000000E+00  0.00000E+00  0.00000E+00
  6.8700000000E+00  6.8750000000E+00  5.07140E-06  9.45326E+01
  6.8750000000E+00  6.8800000000E+00  1.09929E-14  1.00000E+02
  6.8800000000E+00  6.8850000000E+00  0.00000E+00  0.00000E+00
  6.8850000000E+00  6.8900000000E+00  0.00000E+00  0.00000E+00
  6.8900000000E+00  6.8950000000E+00  1.49213E-13  1.00000E+02
  6.8950000000E+00  6.9000000000E+00  0.00000E+00  0.00000E+00
  6.9000000000E+00  6.9050000000E+00  0.00000E+00  0.00000E+00
  6.9050000000E+00  6.9100000000E+00  0.00000E+00  0.00000E+00
  6.9100000000E+00  6.9150000000E+00  0.00000E+00  0.00000E+00
  6.9150000000E+00  6.9200000000E+00  1.76221E-14  1.00000E+02
  6.9200000000E+00  6.9250000000E+00  0.00000E+00  0.00000E+00
  6.9250000000E+00  6.9300000000E+00  1.03782E-14  1.00000E+02
  6.9300000000E+00  6.9350000000E+00  1.60424E-15  1.00000E+02
  6.9350000000E+00  6.9400000000E+00  5.98911E-12  1.00000E+02
  6.9400000000E+00  6.9450000000E+00  0.00000E+00  0.00000E+00
  6.9450000000E+00  6.9500000000E+00  0.00000E+00  0.00000E+00
  6.9500000000E+00  6.9550000000E+00  0.00000E+00  0.00000E+00
  6.9550000000E+00  6.9600000000E+00  0.00000E+00  0.00000E+00
  6.9600000000E+00  6.9650000000E+00  0.00000E+00  0.00000E+00
  6.9650000000E+00  6.9700000000E+00  0.00000E+00  0.00000E+00
  6.9700000000E+00  6.9750000000E+00  2.55247E-14  1.00000E+02
  6.9750000000E+00  6.9800000000E+00  4.18823E-15  1.00000E+02
  6.9800000000E+00  6.9850000000E+00  0.00000E+00  0.00000E+00
  6.9850000000E+00  6.9900000000E+00  0.00000E+00  0.00000E+00
  6.9900000000E+00  6.9950000000E+00  0.00000E+00  0.00000E+00
  6.9950000000E+00  7.0000000000E+00  5.04272E-15  1.00000E+02
  7.0000000000E+00  7.0000000000E+00  5.04272E-15  1.00000E+02