# Detector n: 1D Projection
  5.0099998474E+01  5.0104165141E+01  1.23049E-03  3.22190E-01
  5.0104165141E+01  5.0108331807E+01  1.23802E-03  4.82871E-01
  5.0108331807E+01  5.0112498474E+01  1.23647E-03  3.21090E-01
  5.0112498474E+01  5.0116665141E+01  1.24829E-03  5.23208E-01
  5.0116665141E+01  5.0120831807E+01  1.24230E-03  3.83913E-01
  5.0120831807E+01  5.0124998474E+01  1.24421E-03  4.09171E-01
  5.0124998474E+01  5.0129165141E+01  1.24647E-03  4.02894E-01
  5.0129165141E+01  5.0133331807E+01  1.25051E-03  4.69765E-01
  5.0133331807E+01  5.0137498474E+01  1.24992E-03  4.69125E-01
  5.0137498474E+01  5.0141665141E+01  1.25072E-03  4.36789E-01
  5.0141665141E+01  5.0145831807E+01  1.24386E-03  3.37135E-01
  5.0145831807E+01  5.0149998474E+01  1.25077E-03  4.41096E-01
  5.0149998474E+01  5.0154165141E+01  1.24717E-03  5.09768E-01
  5.0154165141E+01  5.0158331807E+01  1.24686E-03  3.66039E-01
  5.0158331807E+01  5.0162498474E+01  1.26614E-03  4.92074E-01
  5.0162498474E+01  5.0166665141E+01  1.26215E-03  3.89930E-01
  5.0166665141E+01  5.0170831807E+01  1.26056E-03  3.53257E-01
  5.0170831807E+01  5.0174998474E+01  1.26133E-03  3.69872E-01
  5.0174998474E+01  5.0179165141E+01  1.26195E-03  3.31631E-01
  5.0179165141E+01  5.0183331807E+01  1.25861E-03  3.27648E-01
  5.0183331807E+01  5.0187498474E+01  1.26468E-03  4.41070E-01
  5.0187498474E+01  5.0191665141E+01  1.26417E-03  3.94644E-01
  5.0191665141E+01  5.0195831807E+01  1.26363E-03  4.13557E-01
  5.0195831807E+01  5.0199998474E+01  1.26564E-03  4.36172E-01
  5.0199998474E+01  5.0204165141E+01  1.25958E-03  3.60954E-01
  5.0204165141E+01  5.0208331807E+01  1.26593E-03  4.89943E-01
  5.0208331807E+01  5.0212498474E+01  1.25777E-03  3.15228E-01
  5.0212498474E+01  5.0216665141E+01  1.26052E-03  3.45295E-01
  5.0216665141E+01  5.0220831807E+01  1.26589E-03  4.32409E-01
  5.0220831807E+01  5.0224998474E+01  1.26643E-03  4.43253E-01
  5.0224998474E+01  5.0229165141E+01  1.26093E-03  3.62915E-01
  5.0229165141E+01  5.0233331807E+01  1.26061E-03  3.66939E-01
  5.0233331807E+01  5.0237498474E+01  1.26264E-03  3.54842E-01
  5.0237498474E+01  5.0241665141E+01  1.26397E-03  3.71280E-01
  5.0241665141E+01  5.0245831807E+01  1.27252E-03  4.38648E-01
  5.0245831807E+01  5.0249998474E+01  1.27146E-03  4.29904E-01
  5.0249998474E+01  5.0254165141E+01  1.26492E-03  3.67635E-01
  5.0254165141E+01  5.0258331807E+01  1.27043E-03  3.86450E-01
  5.0258331807E+01  5.0262498474E+01  1.27007E-03  4.16566E-01
  5.0262498474E+01  5.0266665141E+01  1.26929E-03  3.72456E-01
  5.0266665141E+01  5.0270831807E+01  1.27184E-03  3.67361E-01
  5.0270831807E+01  5.0274998474E+01  1.28297E-03  3.37809E-01
  5.0274998474E+01  5.0279165141E+01  1.28709E-03  3.30943E-01
  5.0279165141E+01  5.0283331807E+01  1.28933E-03  3.41241E-01
  5.0283331807E+01  5.0287498474E+01  1.29459E-03  3.92229E-01
  5.0287498474E+01  5.0291665141E+01  1.29680E-03  4.49754E-01
  5.0291665141E+01  5.0295831807E+01  1.30272E-03  4.91441E-01
  5.0295831807E+01  5.0299998474E+01  1.29475E-03  3.33453E-01
  5.0299998474E+01  5.0304165141E+01  1.29744E-03  3.73245E-01
  5.0304165141E+01  5.0308331807E+01  1.29753E-03  3.98410E-01
  5.0308331807E+01  5.0312498474E+01  1.30378E-03  4.93230E-01
  5.0312498474E+01  5.0316665141E+01  1.29477E-03  3.60778E-01
  5.0316665141E+01  5.0320831807E+01  1.29918E-03  4.41403E-01
  5.0320831807E+01  5.0324998474E+01  1.29995E-03  4.66695E-01
  5.0324998474E+01  5.0329165141E+01  1.29960E-03  4.72261E-01
  5.0329165141E+01  5.0333331807E+01  1.29016E-03  3.41270E-01
  5.0333331807E+01  5.0337498474E+01  1.29145E-03  3.63692E-01
  5.0337498474E+01  5.0341665141E+01  1.29327E-03  3.85832E-01
  5.0341665141E+01  5.0345831807E+01  1.29336E-03  3.60240E-01
  5.0345831807E+01  5.0349998474E+01  1.29730E-03  4.15106E-01
  5.0349998474E+01  5.0354165141E+01  1.29329E-03  3.45895E-01
  5.0354165141E+01  5.0358331807E+01  1.29701E-03  3.79129E-01
  5.0358331807E+01  5.0362498474E+01  1.29477E-03  3.71972E-01
  5.0362498474E+01  5.0366665141E+01  1.30695E-03  4.54974E-01
  5.0366665141E+01  5.0370831807E+01  1.30732E-03  4.33805E-01
  5.0370831807E+01  5.0374998474E+01  1.30636E-03  4.31492E-01
  5.0374998474E+01  5.0379165141E+01  1.30149E-03  3.85386E-01
  5.0379165141E+01  5.0383331807E+01  1.29874E-03  3.56028E-01
  5.0383331807E+01  5.0387498474E+01  1.30901E-03  5.22875E-01
  5.0387498474E+01  5.0391665141E+01  1.30589E-03  4.41837E-01
  5.0391665141E+01  5.0395831807E+01  1.29624E-03  4.35013E-01
  5.0395831807E+01  5.0399998474E+01  1.29864E-03  3.63519E-01
  5.0399998474E+01  5.0404165141E+01  1.29925E-03  4.01003E-01
  5.0404165141E+01  5.0408331807E+01  1.30465E-03  4.13812E-01
  5.0408331807E+01  5.0412498474E+01  1.30279E-03  3.70575E-01
  5.0412498474E+01  5.0416665141E+01  1.29934E-03  3.99186E-01
  5.0416665141E+01  5.0420831807E+01  1.30172E-03  4.30911E-01
  5.0420831807E+01  5.0424998474E+01  1.30070E-03  3.87803E-01
  5.0424998474E+01  5.0429165141E+01  1.30306E-03  4.00960E-01
  5.0429165141E+01  5.0433331807E+01  1.30106E-03  3.49035E-01
  5.0433331807E+01  5.0437498474E+01  1.30244E-03  3.53606E-01
  5.0437498474E+01  5.0441665141E+01  1.30637E-03  4.37444E-01
  5.0441665141E+01  5.0445831807E+01  1.30474E-03  3.71188E-01
  5.0445831807E+01  5.0449998474E+01  1.30528E-03  4.33285E-01
  5.0449998474E+01  5.0454165141E+01  1.31528E-03  4.84562E-01
  5.0454165141E+01  5.0458331807E+01  1.30680E-03  4.60176E-01
  5.0458331807E+01  5.0462498474E+01  1.30558E-03  4.17088E-01
  5.0462498474E+01  5.0466665141E+01  1.30485E-03  3.88048E-01
  5.0466665141E+01  5.0470831807E+01  1.30788E-03  4.18600E-01
  5.0470831807E+01  5.0474998474E+01  1.30518E-03  3.85963E-01
  5.0474998474E+01  5.0479165141E+01  1.30401E-03  3.68560E-01
  5.0479165141E+01  5.0483331807E+01  1.31184E-03  3.57881E-01
  5.0483331807E+01  5.0487498474E+01  1.32101E-03  5.19703E-01
  5.0487498474E+01  5.0491665141E+01  1.33190E-03  4.66878E-01
  5.0491665141E+01  5.0495831807E+01  1.34023E-03  4.42865E-01
  5.0495831807E+01  5.0499998474E+01  1.33587E-03  3.43413E-01
  5.0499998474E+01  5.0504165141E+01  1.34139E-03  4.02144E-01
  5.0504165141E+01  5.0508331807E+01  1.33286E-03  3.31366E-01
  5.0508331807E+01  5.0512498474E+01  1.33242E-03  3.11097E-01
  5.0512498474E+01  5.0516665141E+01  1.33624E-03  3.44201E-01
  5.0516665141E+01  5.0520831807E+01  1.34277E-03  4.06045E-01
  5.0520831807E+01  5.0524998474E+01  1.35190E-03  4.67259E-01
  5.0524998474E+01  5.0529165141E+01  1.34191E-03  3.44144E-01
  5.0529165141E+01  5.0533331807E+01  1.34629E-03  4.01798E-01
  5.0533331807E+01  5.0537498474E+01  1.33836E-03  3.47253E-01
  5.0537498474E+01  5.0541665141E+01  1.33999E-03  3.46753E-01
  5.0541665141E+01  5.0545831807E+01  1.33918E-03  3.44331E-01
  5.0545831807E+01  5.0549998474E+01  1.34444E-03  3.80890E-01
  5.0549998474E+01  5.0554165141E+01  1.35086E-03  4.46129E-01
  5.0554165141E+01  5.0558331807E+01  1.34586E-03  3.73518E-01
  5.0558331807E+01  5.0562498474E+01  1.34879E-03  4.44829E-01
  5.0562498474E+01  5.0566665141E+01  1.33746E-03  3.45602E-01
  5.0566665141E+01  5.0570831807E+01  1.35003E-03  4.25636E-01
  5.0570831807E+01  5.0574998474E+01  1.34163E-03  3.82809E-01
  5.0574998474E+01  5.0579165141E+01  1.34468E-03  4.21263E-01
  5.0579165141E+01  5.0583331807E+01  1.33784E-03  3.41426E-01
  5.0583331807E+01  5.0587498474E+01  1.34251E-03  3.93731E-01
  5.0587498474E+01  5.0591665141E+01  1.34782E-03  4.81276E-01
  5.0591665141E+01  5.0595831807E+01  1.34356E-03  3.79091E-01
  5.0595831807E+01  5.0599998474E+01  1.34495E-03  4.00605E-01
  5.0599998474E+01  5.0604165141E+01  1.34016E-03  3.38685E-01
  5.0604165141E+01  5.0608331807E+01  1.34895E-03  4.75203E-01
  5.0608331807E+01  5.0612498474E+01  1.35219E-03  4.38851E-01
  5.0612498474E+01  5.0616665141E+01  1.35610E-03  4.42544E-01
  5.0616665141E+01  5.0620831807E+01  1.35035E-03  4.06039E-01
  5.0620831807E+01  5.0624998474E+01  1.35713E-03  4.62689E-01
  5.0624998474E+01  5.0629165141E+01  1.35488E-03  4.02737E-01
  5.0629165141E+01  5.0633331807E+01  1.35714E-03  4.22452E-01
  5.0633331807E+01  5.0637498474E+01  1.35281E-03  3.87360E-01
  5.0637498474E+01  5.0641665141E+01  1.34987E-03  3.62270E-01
  5.0641665141E+01  5.0645831807E+01  1.35167E-03  4.26168E-01
  5.0645831807E+01  5.0649998474E+01  1.34835E-03  3.47924E-01
  5.0649998474E+01  5.0654165141E+01  1.34616E-03  3.26397E-01
  5.0654165141E+01  5.0658331807E+01  1.34830E-03  3.21572E-01
  5.0658331807E+01  5.0662498474E+01  1.35017E-03  3.55614E-01
  5.0662498474E+01  5.0666665141E+01  1.35257E-03  3.58528E-01
  5.0666665141E+01  5.0670831807E+01  1.35521E-03  3.97733E-01
  5.0670831807E+01  5.0674998474E+01  1.35928E-03  4.00543E-01
  5.0674998474E+01  5.0679165141E+01  1.35291E-03  3.19073E-01
  5.0679165141E+01  5.0683331807E+01  1.35879E-03  4.13637E-01
  5.0683331807E+01  5.0687498474E+01  1.36406E-03  4.52034E-01
  5.0687498474E+01  5.0691665141E+01  1.35535E-03  3.57541E-01
  5.0691665141E+01  5.0695831807E+01  1.36151E-03  4.15137E-01
  5.0695831807E+01  5.0699998474E+01  1.36087E-03  3.85476E-01
  5.0699998474E+01  5.0704165141E+01  1.36862E-03  4.47807E-01
  5.0704165141E+01  5.0708331807E+01  1.36240E-03  4.20347E-01
  5.0708331807E+01  5.0712498474E+01  1.35937E-03  3.34080E-01
  5.0712498474E+01  5.0716665141E+01  1.36411E-03  4.30975E-01
  5.0716665141E+01  5.0720831807E+01  1.35677E-03  3.27473E-01
  5.0720831807E+01  5.0724998474E+01  1.36602E-03  3.85499E-01
  5.0724998474E+01  5.0729165141E+01  1.37280E-03  3.99324E-01
  5.0729165141E+01  5.0733331807E+01  1.36497E-03  4.11489E-01
  5.0733331807E+01  5.0737498474E+01  1.36321E-03  3.52680E-01
  5.0737498474E+01  5.0741665141E+01  1.36887E-03  4.63038E-01
  5.0741665141E+01  5.0745831807E+01  1.36736E-03  4.47393E-01
  5.0745831807E+01  5.0749998474E+01  1.37056E-03  4.18890E-01
  5.0749998474E+01  5.0754165141E+01  1.37062E-03  4.57393E-01
  5.0754165141E+01  5.0758331807E+01  1.36984E-03  3.94384E-01
  5.0758331807E+01  5.0762498474E+01  1.37357E-03  4.42774E-01
  5.0762498474E+01  5.0766665141E+01  1.37775E-03  5.56309E-01
  5.0766665141E+01  5.0770831807E+01  1.36913E-03  3.96935E-01
  5.0770831807E+01  5.0774998474E+01  1.36563E-03  3.32476E-01
  5.0774998474E+01  5.0779165141E+01  1.37516E-03  4.52098E-01
  5.0779165141E+01  5.0783331807E+01  1.37076E-03  3.92883E-01
  5.0783331807E+01  5.0787498474E+01  1.37067E-03  3.80037E-01
  5.0787498474E+01  5.0791665141E+01  1.37020E-03  3.61682E-01
  5.0791665141E+01  5.0795831807E+01  1.37366E-03  3.71239E-01
  5.0795831807E+01  5.0799998474E+01  1.37672E-03  3.81513E-01
  5.0799998474E+01  5.0804165141E+01  1.37507E-03  4.04398E-01
  5.0804165141E+01  5.0808331807E+01  1.37123E-03  3.66835E-01
  5.0808331807E+01  5.0812498474E+01  1.36636E-03  3.13954E-01
  5.0812498474E+01  5.0816665141E+01  1.37165E-03  3.73391E-01
  5.0816665141E+01  5.0820831807E+01  1.37899E-03  4.26893E-01
  5.0820831807E+01  5.0824998474E+01  1.37346E-03  3.62397E-01
  5.0824998474E+01  5.0829165141E+01  1.37581E-03  3.65955E-01
  5.0829165141E+01  5.0833331807E+01  1.38568E-03  5.44094E-01
  5.0833331807E+01  5.0837498474E+01  1.37614E-03  3.77472E-01
  5.0837498474E+01  5.0841665141E+01  1.37913E-03  3.81754E-01
  5.0841665141E+01  5.0845831807E+01  1.37085E-03  3.14341E-01
  5.0845831807E+01  5.0849998474E+01  1.37918E-03  4.03693E-01
  5.0849998474E+01  5.0854165141E+01  1.37684E-03  3.53608E-01
  5.0854165141E+01  5.0858331807E+01  1.37978E-03  3.60173E-01
  5.0858331807E+01  5.0862498474E+01  1.37954E-03  3.45696E-01
  5.0862498474E+01  5.0866665141E+01  1.37981E-03  3.36270E-01
  5.0866665141E+01  5.0870831807E+01  1.38621E-03  3.74895E-01
  5.0870831807E+01  5.0874998474E+01  1.39442E-03  4.31653E-01
  5.0874998474E+01  5.0879165141E+01  1.39394E-03  4.19149E-01
  5.0879165141E+01  5.0883331807E+01  1.39494E-03  3.65285E-01
  5.0883331807E+01  5.0887498474E+01  1.40183E-03  4.49211E-01
  5.0887498474E+01  5.0891665141E+01  1.39866E-03  3.53904E-01
  5.0891665141E+01  5.0895831807E+01  1.40184E-03  3.43157E-01
  5.0895831807E+01  5.0899998474E+01  1.40956E-03  4.00481E-01
  5.0899998474E+01  5.0904165141E+01  1.40768E-03  3.70621E-01
  5.0904165141E+01  5.0908331807E+01  1.40629E-03  3.18572E-01
  5.0908331807E+01  5.0912498474E+01  1.41439E-03  3.44140E-01
  5.0912498474E+01  5.0916665141E+01  1.41604E-03  3.38117E-01
  5.0916665141E+01  5.0920831807E+01  1.42083E-03  3.98633E-01
  5.0920831807E+01  5.0924998474E+01  1.41638E-03  3.46457E-01
  5.0924998474E+01  5.0929165141E+01  1.42097E-03  4.04305E-01
  5.0929165141E+01  5.0933331807E+01  1.42411E-03  4.21951E-01
  5.0933331807E+01  5.0937498474E+01  1.42186E-03  3.99235E-01
  5.0937498474E+01  5.0941665141E+01  1.41401E-03  3.29240E-01
  5.0941665141E+01  5.0945831807E+01  1.41994E-03  3.78030E-01
  5.0945831807E+01  5.0949998474E+01  1.41837E-03  3.56009E-01
  5.0949998474E+01  5.0954165141E+01  1.41296E-03  3.12707E-01
  5.0954165141E+01  5.0958331807E+01  1.41670E-03  3.58952E-01
  5.0958331807E+01  5.0962498474E+01  1.42542E-03  4.47682E-01
  5.0962498474E+01  5.0966665141E+01  1.42593E-03  3.81984E-01
  5.0966665141E+01  5.0970831807E+01  1.42608E-03  4.17019E-01
  5.0970831807E+01  5.0974998474E+01  1.42854E-03  4.07543E-01
  5.0974998474E+01  5.0979165141E+01  1.42789E-03  3.72072E-01
  5.0979165141E+01  5.0983331807E+01  1.42272E-03  3.29293E-01
  5.0983331807E+01  5.0987498474E+01  1.42137E-03  3.11696E-01
  5.0987498474E+01  5.0991665141E+01  1.42965E-03  4.04130E-01
  5.0991665141E+01  5.0995831807E+01  1.43445E-03  3.93124E-01
  5.0995831807E+01  5.0999998474E+01  1.43313E-03  3.90140E-01
  5.0999998474E+01  5.1004165141E+01  1.42806E-03  3.51216E-01
  5.1004165141E+01  5.1008331807E+01  1.43172E-03  3.65700E-01
  5.1008331807E+01  5.1012498474E+01  1.43198E-03  3.73941E-01
  5.1012498474E+01  5.1016665141E+01  1.43524E-03  3.93354E-01
  5.1016665141E+01  5.1020831807E+01  1.43767E-03  3.71348E-01
  5.1020831807E+01  5.1024998474E+01  1.43548E-03  3.82777E-01
  5.1024998474E+01  5.1029165141E+01  1.43191E-03  3.51935E-01
  5.1029165141E+01  5.1033331807E+01  1.43558E-03  3.47055E-01
  5.1033331807E+01  5.1037498474E+01  1.43682E-03  3.56753E-01
  5.1037498474E+01  5.1041665141E+01  1.43762E-03  3.93083E-01
  5.1041665141E+01  5.1045831807E+01  1.43663E-03  3.43504E-01
  5.1045831807E+01  5.1049998474E+01  1.43615E-03  3.21696E-01
  5.1049998474E+01  5.1054165141E+01  1.44517E-03  4.51442E-01
  5.1054165141E+01  5.1058331807E+01  1.44206E-03  3.58780E-01
  5.1058331807E+01  5.1062498474E+01  1.44214E-03  4.01457E-01
  5.1062498474E+01  5.1066665141E+01  1.44285E-03  3.35131E-01
  5.1066665141E+01  5.1070831807E+01  1.45134E-03  4.07809E-01
  5.1070831807E+01  5.1074998474E+01  1.44969E-03  3.87984E-01
  5.1074998474E+01  5.1079165141E+01  1.44317E-03  3.12238E-01
  5.1079165141E+01  5.1083331807E+01  1.45143E-03  3.53224E-01
  5.1083331807E+01  5.1087498474E+01  1.44875E-03  3.74780E-01
  5.1087498474E+01  5.1091665141E+01  1.44415E-03  3.06592E-01
  5.1091665141E+01  5.1095831807E+01  1.45287E-03  3.95383E-01
  5.1095831807E+01  5.1099998474E+01  1.45085E-03  3.85238E-01
  5.1099998474E+01  5.1104165141E+01  1.45449E-03  4.31663E-01
  5.1104165141E+01  5.1108331807E+01  1.45826E-03  4.01870E-01
  5.1108331807E+01  5.1112498474E+01  1.45305E-03  3.64357E-01
  5.1112498474E+01  5.1116665141E+01  1.45416E-03  3.42316E-01
  5.1116665141E+01  5.1120831807E+01  1.46056E-03  3.85262E-01
  5.1120831807E+01  5.1124998474E+01  1.45763E-03  3.68081E-01
  5.1124998474E+01  5.1129165141E+01  1.45947E-03  3.60357E-01
  5.1129165141E+01  5.1133331807E+01  1.46807E-03  4.07814E-01
  5.1133331807E+01  5.1137498474E+01  1.46802E-03  3.84643E-01
  5.1137498474E+01  5.1141665141E+01  1.46286E-03  3.38103E-01
  5.1141665141E+01  5.1145831807E+01  1.46160E-03  3.34228E-01
  5.1145831807E+01  5.1149998474E+01  1.46731E-03  3.63278E-01
  5.1149998474E+01  5.1154165141E+01  1.46883E-03  3.79055E-01
  5.1154165141E+01  5.1158331807E+01  1.47090E-03  3.97679E-01
  5.1158331807E+01  5.1162498474E+01  1.46827E-03  3.66966E-01
  5.1162498474E+01  5.1166665141E+01  1.47121E-03  4.07379E-01
  5.1166665141E+01  5.1170831807E+01  1.47623E-03  4.57765E-01
  5.1170831807E+01  5.1174998474E+01  1.47374E-03  4.85940E-01
  5.1174998474E+01  5.1179165141E+01  1.47420E-03  4.08384E-01
  5.1179165141E+01  5.1183331807E+01  1.47523E-03  3.81143E-01
  5.1183331807E+01  5.1187498474E+01  1.47741E-03  3.90127E-01
  5.1187498474E+01  5.1191665141E+01  1.47977E-03  4.01860E-01
  5.1191665141E+01  5.1195831807E+01  1.47935E-03  3.57567E-01
  5.1195831807E+01  5.1199998474E+01  1.48498E-03  4.49021E-01
  5.1199998474E+01  5.1204165141E+01  1.47690E-03  3.50411E-01
  5.1204165141E+01  5.1208331807E+01  1.47318E-03  3.16434E-01
  5.1208331807E+01  5.1212498474E+01  1.48048E-03  3.66418E-01
  5.1212498474E+01  5.1216665141E+01  1.47985E-03  3.35519E-01
  5.1216665141E+01  5.1220831807E+01  1.48478E-03  3.67550E-01
  5.1220831807E+01  5.1224998474E+01  1.47713E-03  2.99119E-01
  5.1224998474E+01  5.1229165141E+01  1.48370E-03  3.48641E-01
  5.1229165141E+01  5.1233331807E+01  1.48414E-03  3.44136E-01
  5.1233331807E+01  5.1237498474E+01  1.49713E-03  4.00777E-01
  5.1237498474E+01  5.1241665141E+01  1.50011E-03  4.18956E-01
  5.1241665141E+01  5.1245831807E+01  1.49785E-03  3.79867E-01
  5.1245831807E+01  5.1249998474E+01  1.49697E-03  3.39130E-01
  5.1249998474E+01  5.1254165141E+01  1.49848E-03  3.34345E-01
  5.1254165141E+01  5.1258331807E+01  1.50054E-03  3.28450E-01
  5.1258331807E+01  5.1262498474E+01  1.50264E-03  3.62203E-01
  5.1262498474E+01  5.1266665141E+01  1.50353E-03  3.40046E-01
  5.1266665141E+01  5.1270831807E+01  1.50586E-03  3.89395E-01
  5.1270831807E+01  5.1274998474E+01  1.50839E-03  3.78496E-01
  5.1274998474E+01  5.1279165141E+01  1.51826E-03  4.61396E-01
  5.1279165141E+01  5.1283331807E+01  1.51232E-03  3.69375E-01
  5.1283331807E+01  5.1287498474E+01  1.51177E-03  3.69056E-01
  5.1287498474E+01  5.1291665141E+01  1.51403E-03  3.67442E-01
  5.1291665141E+01  5.1295831807E+01  1.51412E-03  3.98996E-01
  5.1295831807E+01  5.1299998474E+01  1.50857E-03  3.19985E-01
  5.1299998474E+01  5.1304165141E+01  1.51464E-03  3.40914E-01
  5.1304165141E+01  5.1308331807E+01  1.51653E-03  3.54975E-01
  5.1308331807E+01  5.1312498474E+01  1.51963E-03  3.91129E-01
  5.1312498474E+01  5.1316665141E+01  1.52233E-03  4.02488E-01
  5.1316665141E+01  5.1320831807E+01  1.51919E-03  3.31452E-01
  5.1320831807E+01  5.1324998474E+01  1.52824E-03  4.23850E-01
  5.1324998474E+01  5.1329165141E+01  1.53211E-03  4.34989E-01
  5.1329165141E+01  5.1333331807E+01  1.52685E-03  3.37997E-01
  5.1333331807E+01  5.1337498474E+01  1.53272E-03  4.13489E-01
  5.1337498474E+01  5.1341665141E+01  1.53292E-03  3.98804E-01
  5.1341665141E+01  5.1345831807E+01  1.53052E-03  3.57316E-01
  5.1345831807E+01  5.1349998474E+01  1.52785E-03  3.27221E-01
  5.1349998474E+01  5.1354165141E+01  1.53339E-03  3.57681E-01
  5.1354165141E+01  5.1358331807E+01  1.53435E-03  3.74109E-01
  5.1358331807E+01  5.1362498474E+01  1.53798E-03  3.88954E-01
  5.1362498474E+01  5.1366665141E+01  1.53707E-03  3.65337E-01
  5.1366665141E+01  5.1370831807E+01  1.53575E-03  3.31593E-01
  5.1370831807E+01  5.1374998474E+01  1.54175E-03  3.87422E-01
  5.1374998474E+01  5.1379165141E+01  1.53967E-03  3.61190E-01
  5.1379165141E+01  5.1383331807E+01  1.54394E-03  3.76417E-01
  5.1383331807E+01  5.1387498474E+01  1.54501E-03  3.75541E-01
  5.1387498474E+01  5.1391665141E+01  1.54582E-03  3.86697E-01
  5.1391665141E+01  5.1395831807E+01  1.55064E-03  4.19416E-01
  5.1395831807E+01  5.1399998474E+01  1.54926E-03  4.06008E-01
  5.1399998474E+01  5.1404165141E+01  1.54893E-03  3.85600E-01
  5.1404165141E+01  5.1408331807E+01  1.54466E-03  3.62886E-01
  5.1408331807E+01  5.1412498474E+01  1.55311E-03  3.93759E-01
  5.1412498474E+01  5.1416665141E+01  1.54423E-03  3.11839E-01
  5.1416665141E+01  5.1420831807E+01  1.56393E-03  5.03983E-01
  5.1420831807E+01  5.1424998474E+01  1.55070E-03  3.33371E-01
  5.1424998474E+01  5.1429165141E+01  1.54737E-03  3.04485E-01
  5.1429165141E+01  5.1433331807E+01  1.55425E-03  3.52077E-01
  5.1433331807E+01  5.1437498474E+01  1.55658E-03  3.80804E-01
  5.1437498474E+01  5.1441665141E+01  1.56455E-03  4.13077E-01
  5.1441665141E+01  5.1445831807E+01  1.56398E-03  3.99508E-01
  5.1445831807E+01  5.1449998474E+01  1.56252E-03  3.80360E-01
  5.1449998474E+01  5.1454165141E+01  1.55888E-03  3.38843E-01
  5.1454165141E+01  5.1458331807E+01  1.55968E-03  3.66731E-01
  5.1458331807E+01  5.1462498474E+01  1.56770E-03  4.07519E-01
  5.1462498474E+01  5.1466665141E+01  1.56895E-03  3.66724E-01
  5.1466665141E+01  5.1470831807E+01  1.57315E-03  4.13496E-01
  5.1470831807E+01  5.1474998474E+01  1.57763E-03  4.35649E-01
  5.1474998474E+01  5.1479165141E+01  1.56909E-03  3.32443E-01
  5.1479165141E+01  5.1483331807E+01  1.57433E-03  3.50453E-01
  5.1483331807E+01  5.1487498474E+01  1.57775E-03  3.63039E-01
  5.1487498474E+01  5.1491665141E+01  1.57661E-03  3.50765E-01
  5.1491665141E+01  5.1495831807E+01  1.57953E-03  3.43563E-01
  5.1495831807E+01  5.1499998474E+01  1.58138E-03  3.97781E-01
  5.1499998474E+01  5.1504165141E+01  1.58016E-03  3.67602E-01
  5.1504165141E+01  5.1508331807E+01  1.58698E-03  3.98454E-01
  5.1508331807E+01  5.1512498474E+01  1.58548E-03  3.42378E-01
  5.1512498474E+01  5.1516665141E+01  1.58571E-03  3.40367E-01
  5.1516665141E+01  5.1520831807E+01  1.59320E-03  3.84194E-01
  5.1520831807E+01  5.1524998474E+01  1.59400E-03  3.85181E-01
  5.1524998474E+01  5.1529165141E+01  1.59402E-03  3.48420E-01
  5.1529165141E+01  5.1533331807E+01  1.59147E-03  3.15050E-01
  5.1533331807E+01  5.1537498474E+01  1.60690E-03  4.35237E-01
  5.1537498474E+01  5.1541665141E+01  1.60864E-03  3.94097E-01
  5.1541665141E+01  5.1545831807E+01  1.60969E-03  4.04459E-01
  5.1545831807E+01  5.1549998474E+01  1.61378E-03  3.90078E-01
  5.1549998474E+01  5.1554165141E+01  1.60425E-03  3.22650E-01
  5.1554165141E+01  5.1558331807E+01  1.61036E-03  3.74664E-01
  5.1558331807E+01  5.1562498474E+01  1.60631E-03  3.25335E-01
  5.1562498474E+01  5.1566665141E+01  1.61351E-03  3.96807E-01
  5.1566665141E+01  5.1570831807E+01  1.61294E-03  3.41424E-01
  5.1570831807E+01  5.1574998474E+01  1.61371E-03  3.39197E-01
  5.1574998474E+01  5.1579165141E+01  1.61683E-03  3.37645E-01
  5.1579165141E+01  5.1583331807E+01  1.61443E-03  3.18659E-01
  5.1583331807E+01  5.1587498474E+01  1.61248E-03  3.07877E-01
  5.1587498474E+01  5.1591665141E+01  1.62064E-03  3.79028E-01
  5.1591665141E+01  5.1595831807E+01  1.61709E-03  3.18899E-01
  5.1595831807E+01  5.1599998474E+01  1.62379E-03  3.52658E-01
  5.1599998474E+01  5.1604165141E+01  1.62369E-03  3.65592E-01
  5.1604165141E+01  5.1608331807E+01  1.62520E-03  3.84690E-01
  5.1608331807E+01  5.1612498474E+01  1.62715E-03  3.62883E-01
  5.1612498474E+01  5.1616665141E+01  1.62527E-03  3.42820E-01
  5.1616665141E+01  5.1620831807E+01  1.63045E-03  3.68289E-01
  5.1620831807E+01  5.1624998474E+01  1.62621E-03  3.12624E-01
  5.1624998474E+01  5.1629165141E+01  1.63256E-03  3.64908E-01
  5.1629165141E+01  5.1633331807E+01  1.63710E-03  3.56823E-01
  5.1633331807E+01  5.1637498474E+01  1.64359E-03  3.56777E-01
  5.1637498474E+01  5.1641665141E+01  1.64359E-03  4.25645E-01
  5.1641665141E+01  5.1645831807E+01  1.64108E-03  3.50182E-01
  5.1645831807E+01  5.1649998474E+01  1.64491E-03  3.85020E-01
  5.1649998474E+01  5.1654165141E+01  1.65123E-03  3.83417E-01
  5.1654165141E+01  5.1658331807E+01  1.64629E-03  3.40585E-01
  5.1658331807E+01  5.1662498474E+01  1.66574E-03  4.66942E-01
  5.1662498474E+01  5.1666665141E+01  1.64944E-03  3.32113E-01
  5.1666665141E+01  5.1670831807E+01  1.65190E-03  3.48713E-01
  5.1670831807E+01  5.1674998474E+01  1.65014E-03  3.23427E-01
  5.1674998474E+01  5.1679165141E+01  1.66524E-03  4.13186E-01
  5.1679165141E+01  5.1683331807E+01  1.65928E-03  3.57131E-01
  5.1683331807E+01  5.1687498474E+01  1.65257E-03  3.10862E-01
  5.1687498474E+01  5.1691665141E+01  1.65482E-03  3.29189E-01
  5.1691665141E+01  5.1695831807E+01  1.65475E-03  3.05867E-01
  5.1695831807E+01  5.1699998474E+01  1.65814E-03  3.09142E-01
  5.1699998474E+01  5.1704165141E+01  1.66468E-03  3.36383E-01
  5.1704165141E+01  5.1708331807E+01  1.67573E-03  4.11142E-01
  5.1708331807E+01  5.1712498474E+01  1.67312E-03  3.48315E-01
  5.1712498474E+01  5.1716665141E+01  1.67660E-03  3.56196E-01
  5.1716665141E+01  5.1720831807E+01  1.67751E-03  3.36193E-01
  5.1720831807E+01  5.1724998474E+01  1.68042E-03  3.59224E-01
  5.1724998474E+01  5.1729165141E+01  1.68451E-03  3.71363E-01
  5.1729165141E+01  5.1733331807E+01  1.68573E-03  3.47007E-01
  5.1733331807E+01  5.1737498474E+01  1.68073E-03  3.23664E-01
  5.1737498474E+01  5.1741665141E+01  1.69576E-03  3.89653E-01
  5.1741665141E+01  5.1745831807E+01  1.69368E-03  3.42419E-01
  5.1745831807E+01  5.1749998474E+01  1.69680E-03  3.52160E-01
  5.1749998474E+01  5.1754165141E+01  1.69867E-03  3.56737E-01
  5.1754165141E+01  5.1758331807E+01  1.69793E-03  3.58557E-01
  5.1758331807E+01  5.1762498474E+01  1.69809E-03  3.26922E-01
  5.1762498474E+01  5.1766665141E+01  1.69982E-03  3.28641E-01
  5.1766665141E+01  5.1770831807E+01  1.70383E-03  3.50485E-01
  5.1770831807E+01  5.1774998474E+01  1.70770E-03  3.50545E-01
  5.1774998474E+01  5.1779165141E+01  1.71600E-03  3.86018E-01
  5.1779165141E+01  5.1783331807E+01  1.71336E-03  3.40999E-01
  5.1783331807E+01  5.1787498474E+01  1.71047E-03  3.14195E-01
  5.1787498474E+01  5.1791665141E+01  1.72352E-03  3.95052E-01
  5.1791665141E+01  5.1795831807E+01  1.71968E-03  3.45285E-01
  5.1795831807E+01  5.1799998474E+01  1.71969E-03  3.12024E-01
  5.1799998474E+01  5.1804165141E+01  1.73001E-03  3.53255E-01
  5.1804165141E+01  5.1808331807E+01  1.72374E-03  3.41882E-01
  5.1808331807E+01  5.1812498474E+01  1.72913E-03  3.73259E-01
  5.1812498474E+01  5.1816665141E+01  1.73405E-03  3.87988E-01
  5.1816665141E+01  5.1820831807E+01  1.73232E-03  3.50849E-01
  5.1820831807E+01  5.1824998474E+01  1.72967E-03  3.27074E-01
  5.1824998474E+01  5.1829165141E+01  1.73729E-03  3.44436E-01
  5.1829165141E+01  5.1833331807E+01  1.73807E-03  3.43317E-01
  5.1833331807E+01  5.1837498474E+01  1.73819E-03  3.39177E-01
  5.1837498474E+01  5.1841665141E+01  1.74027E-03  3.25257E-01
  5.1841665141E+01  5.1845831807E+01  1.74521E-03  3.41150E-01
  5.1845831807E+01  5.1849998474E+01  1.75116E-03  3.54531E-01
  5.1849998474E+01  5.1854165141E+01  1.75307E-03  3.77654E-01
  5.1854165141E+01  5.1858331807E+01  1.76040E-03  3.61291E-01
  5.1858331807E+01  5.1862498474E+01  1.76564E-03  3.74524E-01
  5.1862498474E+01  5.1866665141E+01  1.76103E-03  3.44642E-01
  5.1866665141E+01  5.1870831807E+01  1.77006E-03  3.77466E-01
  5.1870831807E+01  5.1874998474E+01  1.76603E-03  3.62722E-01
  5.1874998474E+01  5.1879165141E+01  1.76817E-03  3.56175E-01
  5.1879165141E+01  5.1883331807E+01  1.77120E-03  3.63007E-01
  5.1883331807E+01  5.1887498474E+01  1.77070E-03  3.17977E-01
  5.1887498474E+01  5.1891665141E+01  1.77597E-03  3.59734E-01
  5.1891665141E+01  5.1895831807E+01  1.78005E-03  3.52019E-01
  5.1895831807E+01  5.1899998474E+01  1.77797E-03  3.34061E-01
  5.1899998474E+01  5.1904165141E+01  1.77892E-03  3.34622E-01
  5.1904165141E+01  5.1908331807E+01  1.79405E-03  4.22436E-01
  5.1908331807E+01  5.1912498474E+01  1.78674E-03  3.35116E-01
  5.1912498474E+01  5.1916665141E+01  1.78966E-03  3.31772E-01
  5.1916665141E+01  5.1920831807E+01  1.80046E-03  3.91609E-01
  5.1920831807E+01  5.1924998474E+01  1.80039E-03  3.62046E-01
  5.1924998474E+01  5.1929165141E+01  1.80046E-03  3.67907E-01
  5.1929165141E+01  5.1933331807E+01  1.80284E-03  3.30790E-01
  5.1933331807E+01  5.1937498474E+01  1.80828E-03  3.46380E-01
  5.1937498474E+01  5.1941665141E+01  1.80484E-03  3.14074E-01
  5.1941665141E+01  5.1945831807E+01  1.81491E-03  3.59345E-01
  5.1945831807E+01  5.1949998474E+01  1.81825E-03  3.56689E-01
  5.1949998474E+01  5.1954165141E+01  1.82489E-03  3.79695E-01
  5.1954165141E+01  5.1958331807E+01  1.82942E-03  3.66192E-01
  5.1958331807E+01  5.1962498474E+01  1.83041E-03  3.70891E-01
  5.1962498474E+01  5.1966665141E+01  1.82707E-03  3.32767E-01
  5.1966665141E+01  5.1970831807E+01  1.82570E-03  3.11818E-01
  5.1970831807E+01  5.1974998474E+01  1.83255E-03  3.22509E-01
  5.1974998474E+01  5.1979165141E+01  1.83447E-03  3.10900E-01
  5.1979165141E+01  5.1983331807E+01  1.84228E-03  3.41306E-01
  5.1983331807E+01  5.1987498474E+01  1.83628E-03  3.19054E-01
  5.1987498474E+01  5.1991665141E+01  1.84682E-03  3.37797E-01
  5.1991665141E+01  5.1995831807E+01  1.84751E-03  3.28598E-01
  5.1995831807E+01  5.1999998474E+01  1.85005E-03  3.24457E-01
  5.1999998474E+01  5.2004165141E+01  1.85213E-03  3.34748E-01
  5.2004165141E+01  5.2008331807E+01  1.85342E-03  3.27434E-01
  5.2008331807E+01  5.2012498474E+01  1.86238E-03  3.50145E-01
  5.2012498474E+01  5.2016665141E+01  1.86574E-03  3.38880E-01
  5.2016665141E+01  5.2020831807E+01  1.86707E-03  3.25106E-01
  5.2020831807E+01  5.2024998474E+01  1.87901E-03  3.75147E-01
  5.2024998474E+01  5.2029165141E+01  1.88087E-03  3.57899E-01
  5.2029165141E+01  5.2033331807E+01  1.88153E-03  3.42009E-01
  5.2033331807E+01  5.2037498474E+01  1.88285E-03  3.39091E-01
  5.2037498474E+01  5.2041665141E+01  1.88859E-03  3.47718E-01
  5.2041665141E+01  5.2045831807E+01  1.89405E-03  3.67381E-01
  5.2045831807E+01  5.2049998474E+01  1.88945E-03  3.18243E-01
  5.2049998474E+01  5.2054165141E+01  1.89450E-03  3.41890E-01
  5.2054165141E+01  5.2058331807E+01  1.89782E-03  3.20323E-01
  5.2058331807E+01  5.2062498474E+01  1.90390E-03  3.31527E-01
  5.2062498474E+01  5.2066665141E+01  1.90169E-03  3.04635E-01
  5.2066665141E+01  5.2070831807E+01  1.91154E-03  3.32790E-01
  5.2070831807E+01  5.2074998474E+01  1.91826E-03  3.46881E-01
  5.2074998474E+01  5.2079165141E+01  1.92007E-03  3.36284E-01
  5.2079165141E+01  5.2083331807E+01  1.92857E-03  3.48448E-01
  5.2083331807E+01  5.2087498474E+01  1.92695E-03  3.23101E-01
  5.2087498474E+01  5.2091665141E+01  1.92794E-03  3.16616E-01
  5.2091665141E+01  5.2095831807E+01  1.93699E-03  3.45394E-01
  5.2095831807E+01  5.2099998474E+01  1.93579E-03  3.28515E-01
  5.2099998474E+01  5.2104165141E+01  1.94318E-03  3.27073E-01
  5.2104165141E+01  5.2108331807E+01  1.94893E-03  3.29022E-01
  5.2108331807E+01  5.2112498474E+01  1.95173E-03  3.31568E-01
  5.2112498474E+01  5.2116665141E+01  1.95566E-03  3.32618E-01
  5.2116665141E+01  5.2120831807E+01  1.96049E-03  3.44862E-01
  5.2120831807E+01  5.2124998474E+01  1.96620E-03  3.41384E-01
  5.2124998474E+01  5.2129165141E+01  1.97286E-03  3.36894E-01
  5.2129165141E+01  5.2133331807E+01  1.98443E-03  3.71546E-01
  5.2133331807E+01  5.2137498474E+01  1.98235E-03  3.59187E-01
  5.2137498474E+01  5.2141665141E+01  1.97754E-03  3.11994E-01
  5.2141665141E+01  5.2145831807E+01  1.99039E-03  3.51498E-01
  5.2145831807E+01  5.2149998474E+01  1.99375E-03  3.48636E-01
  5.2149998474E+01  5.2154165141E+01  1.98927E-03  3.17682E-01
  5.2154165141E+01  5.2158331807E+01  1.99753E-03  3.20816E-01
  5.2158331807E+01  5.2162498474E+01  1.99845E-03  3.09329E-01
  5.2162498474E+01  5.2166665141E+01  2.00198E-03  3.19631E-01
  5.2166665141E+01  5.2170831807E+01  2.00173E-03  2.96988E-01
  5.2170831807E+01  5.2174998474E+01  2.00937E-03  3.08817E-01
  5.2174998474E+01  5.2179165141E+01  2.02198E-03  3.36097E-01
  5.2179165141E+01  5.2183331807E+01  2.03537E-03  3.44511E-01
  5.2183331807E+01  5.2187498474E+01  2.03515E-03  3.49169E-01
  5.2187498474E+01  5.2191665141E+01  2.03525E-03  3.33906E-01
  5.2191665141E+01  5.2195831807E+01  2.04724E-03  3.54964E-01
  5.2195831807E+01  5.2199998474E+01  2.04575E-03  3.35857E-01
  5.2199998474E+01  5.2204165141E+01  2.04773E-03  3.13409E-01
  5.2204165141E+01  5.2208331807E+01  2.05461E-03  3.10670E-01
  5.2208331807E+01  5.2212498474E+01  2.06218E-03  3.31039E-01
  5.2212498474E+01  5.2216665141E+01  2.06636E-03  3.16432E-01
  5.2216665141E+01  5.2220831807E+01  2.08073E-03  3.55238E-01
  5.2220831807E+01  5.2224998474E+01  2.07850E-03  3.15314E-01
  5.2224998474E+01  5.2229165141E+01  2.08867E-03  3.33415E-01
  5.2229165141E+01  5.2233331807E+01  2.09767E-03  3.60682E-01
  5.2233331807E+01  5.2237498474E+01  2.09219E-03  3.14818E-01
  5.2237498474E+01  5.2241665141E+01  2.10183E-03  3.38719E-01
  5.2241665141E+01  5.2245831807E+01  2.10799E-03  3.27468E-01
  5.2245831807E+01  5.2249998474E+01  2.11000E-03  3.18842E-01
  5.2249998474E+01  5.2254165141E+01  2.11592E-03  3.36207E-01
  5.2254165141E+01  5.2258331807E+01  2.12002E-03  3.14536E-01
  5.2258331807E+01  5.2262498474E+01  2.13378E-03  3.34675E-01
  5.2262498474E+01  5.2266665141E+01  2.13716E-03  3.37782E-01
  5.2266665141E+01  5.2270831807E+01  2.13617E-03  3.12432E-01
  5.2270831807E+01  5.2274998474E+01  2.14150E-03  3.11631E-01
  5.2274998474E+01  5.2279165141E+01  2.15052E-03  3.10724E-01
  5.2279165141E+01  5.2283331807E+01  2.15583E-03  3.25855E-01
  5.2283331807E+01  5.2287498474E+01  2.15970E-03  3.12579E-01
  5.2287498474E+01  5.2291665141E+01  2.16733E-03  3.09111E-01
  5.2291665141E+01  5.2295831807E+01  2.17701E-03  3.20025E-01
  5.2295831807E+01  5.2299998474E+01  2.18776E-03  3.27832E-01
  5.2299998474E+01  5.2304165141E+01  2.19586E-03  3.38109E-01
  5.2304165141E+01  5.2308331807E+01  2.19646E-03  3.09122E-01
  5.2308331807E+01  5.2312498474E+01  2.20721E-03  3.15356E-01
  5.2312498474E+01  5.2316665141E+01  2.21280E-03  3.12742E-01
  5.2316665141E+01  5.2320831807E+01  2.21619E-03  3.03735E-01
  5.2320831807E+01  5.2324998474E+01  2.22936E-03  3.24513E-01
  5.2324998474E+01  5.2329165141E+01  2.24076E-03  3.32590E-01
  5.2329165141E+01  5.2333331807E+01  2.25590E-03  3.53567E-01
  5.2333331807E+01  5.2337498474E+01  2.25636E-03  3.43961E-01
  5.2337498474E+01  5.2341665141E+01  2.25637E-03  3.13360E-01
  5.2341665141E+01  5.2345831807E+01  2.26832E-03  3.27879E-01
  5.2345831807E+01  5.2349998474E+01  2.26856E-03  3.11078E-01
  5.2349998474E+01  5.2354165141E+01  2.28337E-03  3.19076E-01
  5.2354165141E+01  5.2358331807E+01  2.28855E-03  3.10354E-01
  5.2358331807E+01  5.2362498474E+01  2.29636E-03  3.17979E-01
  5.2362498474E+01  5.2366665141E+01  2.30197E-03  3.09807E-01
  5.2366665141E+01  5.2370831807E+01  2.31320E-03  3.12281E-01
  5.2370831807E+01  5.2374998474E+01  2.32590E-03  3.30929E-01
  5.2374998474E+01  5.2379165141E+01  2.32917E-03  3.14859E-01
  5.2379165141E+01  5.2383331807E+01  2.33946E-03  3.16117E-01
  5.2383331807E+01  5.2387498474E+01  2.34745E-03  3.09934E-01
  5.2387498474E+01  5.2391665141E+01  2.36159E-03  3.29290E-01
  5.2391665141E+01  5.2395831807E+01  2.36841E-03  3.05142E-01
  5.2395831807E+01  5.2399998474E+01  2.37848E-03  3.06409E-01
  5.2399998474E+01  5.2404165141E+01  2.39072E-03  3.11645E-01
  5.2404165141E+01  5.2408331807E+01  2.39734E-03  3.07765E-01
  5.2408331807E+01  5.2412498474E+01  2.40245E-03  3.07585E-01
  5.2412498474E+01  5.2416665141E+01  2.41756E-03  3.09873E-01
  5.2416665141E+01  5.2420831807E+01  2.42771E-03  3.15933E-01
  5.2420831807E+01  5.2424998474E+01  2.43365E-03  3.09585E-01
  5.2424998474E+01  5.2429165141E+01  2.44587E-03  3.14412E-01
  5.2429165141E+01  5.2433331807E+01  2.45421E-03  3.02503E-01
  5.2433331807E+01  5.2437498474E+01  2.47018E-03  3.09933E-01
  5.2437498474E+01  5.2441665141E+01  2.48021E-03  3.10322E-01
  5.2441665141E+01  5.2445831807E+01  2.48742E-03  3.06511E-01
  5.2445831807E+01  5.2449998474E+01  2.49515E-03  2.99762E-01
  5.2449998474E+01  5.2454165141E+01  2.51606E-03  3.16799E-01
  5.2454165141E+01  5.2458331807E+01  2.52546E-03  3.18852E-01
  5.2458331807E+01  5.2462498474E+01  2.54108E-03  3.13594E-01
  5.2462498474E+01  5.2466665141E+01  2.55552E-03  3.19849E-01
  5.2466665141E+01  5.2470831807E+01  2.56440E-03  3.06830E-01
  5.2470831807E+01  5.2474998474E+01  2.57665E-03  3.05318E-01
  5.2474998474E+01  5.2479165141E+01  2.59467E-03  3.11998E-01
  5.2479165141E+01  5.2483331807E+01  2.60568E-03  2.95172E-01
  5.2483331807E+01  5.2487498474E+01  2.62210E-03  3.05613E-01
  5.2487498474E+01  5.2491665141E+01  2.63143E-03  3.04312E-01
  5.2491665141E+01  5.2495831807E+01  2.64136E-03  2.95927E-01
  5.2495831807E+01  5.2499998474E+01  2.66607E-03  3.17364E-01
  5.2499998474E+01  5.2504165141E+01  2.68171E-03  3.09482E-01
  5.2504165141E+01  5.2508331807E+01  2.69044E-03  3.00221E-01
  5.2508331807E+01  5.2512498474E+01  2.70516E-03  2.96355E-01
  5.2512498474E+01  5.2516665141E+01  2.72114E-03  3.02015E-01
  5.2516665141E+01  5.2520831807E+01  2.73866E-03  2.97331E-01
  5.2520831807E+01  5.2524998474E+01  2.75921E-03  3.02102E-01
  5.2524998474E+01  5.2529165141E+01  2.77707E-03  3.07954E-01
  5.2529165141E+01  5.2533331807E+01  2.79915E-03  3.08990E-01
  5.2533331807E+01  5.2537498474E+01  2.81413E-03  3.07094E-01
  5.2537498474E+01  5.2541665141E+01  2.83807E-03  3.01834E-01
  5.2541665141E+01  5.2545831807E+01  2.85607E-03  3.07796E-01
  5.2545831807E+01  5.2549998474E+01  2.87821E-03  3.08800E-01
  5.2549998474E+01  5.2554165141E+01  2.89846E-03  3.03851E-01
  5.2554165141E+01  5.2558331807E+01  2.91687E-03  3.06020E-01
  5.2558331807E+01  5.2562498474E+01  2.93895E-03  3.01370E-01
  5.2562498474E+01  5.2566665141E+01  2.96249E-03  3.07068E-01
  5.2566665141E+01  5.2570831807E+01  2.98283E-03  2.99664E-01
  5.2570831807E+01  5.2574998474E+01  3.00997E-03  2.98668E-01
  5.2574998474E+01  5.2579165141E+01  3.03505E-03  3.00667E-01
  5.2579165141E+01  5.2583331807E+01  3.06037E-03  3.01899E-01
  5.2583331807E+01  5.2587498474E+01  3.08763E-03  3.07084E-01
  5.2587498474E+01  5.2591665141E+01  3.11476E-03  3.02381E-01
  5.2591665141E+01  5.2595831807E+01  3.14612E-03  3.13426E-01
  5.2595831807E+01  5.2599998474E+01  3.16719E-03  2.99107E-01
  5.2599998474E+01  5.2604165141E+01  3.19721E-03  2.98609E-01
  5.2604165141E+01  5.2608331807E+01  3.23495E-03  3.03742E-01
  5.2608331807E+01  5.2612498474E+01  3.26611E-03  3.09215E-01
  5.2612498474E+01  5.2616665141E+01  3.29913E-03  3.05600E-01
  5.2616665141E+01  5.2620831807E+01  3.33958E-03  3.11922E-01
  5.2620831807E+01  5.2624998474E+01  3.37695E-03  3.11825E-01
  5.2624998474E+01  5.2629165141E+01  3.41493E-03  3.10435E-01
  5.2629165141E+01  5.2633331807E+01  3.45755E-03  3.07782E-01
  5.2633331807E+01  5.2637498474E+01  3.49584E-03  3.07080E-01
  5.2637498474E+01  5.2641665141E+01  3.54201E-03  3.06421E-01
  5.2641665141E+01  5.2645831807E+01  3.58593E-03  3.08507E-01
  5.2645831807E+01  5.2649998474E+01  3.63074E-03  3.12110E-01
  5.2649998474E+01  5.2654165141E+01  3.66972E-03  3.10055E-01
  5.2654165141E+01  5.2658331807E+01  3.71807E-03  3.10253E-01
  5.2658331807E+01  5.2662498474E+01  3.76926E-03  3.18567E-01
  5.2662498474E+01  5.2666665141E+01  3.81163E-03  3.15809E-01
  5.2666665141E+01  5.2670831807E+01  3.86154E-03  3.15892E-01
  5.2670831807E+01  5.2674998474E+01  3.91854E-03  3.21538E-01
  5.2674998474E+01  5.2679165141E+01  3.97292E-03  3.23865E-01
  5.2679165141E+01  5.2683331807E+01  4.02188E-03  3.24064E-01
  5.2683331807E+01  5.2687498474E+01  4.07560E-03  3.29015E-01
  5.2687498474E+01  5.2691665141E+01  4.13196E-03  3.30162E-01
  5.2691665141E+01  5.2695831807E+01  4.18405E-03  3.28994E-01
  5.2695831807E+01  5.2699998474E+01  4.22948E-03  3.29647E-01
  5.2699998474E+01  5.2704165141E+01  4.27600E-03  3.32760E-01
  5.2704165141E+01  5.2708331807E+01  4.33087E-03  3.33925E-01
  5.2708331807E+01  5.2712498474E+01  4.38261E-03  3.35949E-01
  5.2712498474E+01  5.2716665141E+01  4.42599E-03  3.39630E-01
  5.2716665141E+01  5.2720831807E+01  4.46973E-03  3.46545E-01
  5.2720831807E+01  5.2724998474E+01  4.51058E-03  3.44878E-01
  5.2724998474E+01  5.2729165141E+01  4.53704E-03  3.47956E-01
  5.2729165141E+01  5.2733331807E+01  4.58171E-03  3.54052E-01
  5.2733331807E+01  5.2737498474E+01  4.59898E-03  3.59479E-01
  5.2737498474E+01  5.2741665141E+01  4.62644E-03  3.63743E-01
  5.2741665141E+01  5.2745831807E+01  4.63592E-03  3.63923E-01
  5.2745831807E+01  5.2749998474E+01  4.65068E-03  3.67951E-01
  5.2749998474E+01  5.2754165141E+01  4.66155E-03  3.68596E-01
  5.2754165141E+01  5.2758331807E+01  4.67139E-03  3.73968E-01
  5.2758331807E+01  5.2762498474E+01  4.67486E-03  3.80848E-01
  5.2762498474E+01  5.2766665141E+01  4.65625E-03  3.84865E-01
  5.2766665141E+01  5.2770831807E+01  4.63602E-03  3.92056E-01
  5.2770831807E+01  5.2774998474E+01  4.59934E-03  4.02771E-01
  5.2774998474E+01  5.2779165141E+01  4.53550E-03  4.00534E-01
  5.2779165141E+01  5.2783331807E+01  4.50581E-03  4.06209E-01
  5.2783331807E+01  5.2787498474E+01  4.44418E-03  4.09112E-01
  5.2787498474E+01  5.2791665141E+01  4.38638E-03  4.15736E-01
  5.2791665141E+01  5.2795831807E+01  4.30668E-03  4.19968E-01
  5.2795831807E+01  5.2799998474E+01  4.21974E-03  4.31507E-01
  5.2799998474E+01  5.2804165141E+01  4.12994E-03  4.36460E-01
  5.2804165141E+01  5.2808331807E+01  4.03387E-03  4.49507E-01
  5.2808331807E+01  5.2812498474E+01  3.93990E-03  4.51286E-01
  5.2812498474E+01  5.2816665141E+01  3.84244E-03  4.63812E-01
  5.2816665141E+01  5.2820831807E+01  3.72433E-03  4.80982E-01
  5.2820831807E+01  5.2824998474E+01  3.57569E-03  4.84030E-01
  5.2824998474E+01  5.2829165141E+01  3.44093E-03  4.96650E-01
  5.2829165141E+01  5.2833331807E+01  3.30341E-03  5.10733E-01
  5.2833331807E+01  5.2837498474E+01  3.18407E-03  5.21618E-01
  5.2837498474E+01  5.2841665141E+01  3.04095E-03  5.35484E-01
  5.2841665141E+01  5.2845831807E+01  2.89336E-03  5.48303E-01
  5.2845831807E+01  5.2849998474E+01  2.75974E-03  5.69678E-01
  5.2849998474E+01  5.2854165141E+01  2.61829E-03  5.92935E-01
  5.2854165141E+01  5.2858331807E+01  2.47411E-03  6.15241E-01
  5.2858331807E+01  5.2862498474E+01  2.32643E-03  6.36737E-01
  5.2862498474E+01  5.2866665141E+01  2.18088E-03  6.61790E-01
  5.2866665141E+01  5.2870831807E+01  2.04458E-03  6.95430E-01
  5.2870831807E+01  5.2874998474E+01  1.91160E-03  7.23441E-01
  5.2874998474E+01  5.2879165141E+01  1.78164E-03  7.50298E-01
  5.2879165141E+01  5.2883331807E+01  1.66225E-03  7.67849E-01
  5.2883331807E+01  5.2887498474E+01  1.54315E-03  7.97624E-01
  5.2887498474E+01  5.2891665141E+01  1.42361E-03  8.35912E-01
  5.2891665141E+01  5.2895831807E+01  1.31339E-03  8.78483E-01
  5.2895831807E+01  5.2899998474E+01  1.20672E-03  9.26044E-01
  5.2899998474E+01  5.2904165141E+01  1.11154E-03  9.63799E-01
  5.2904165141E+01  5.2908331807E+01  1.01063E-03  1.01205E+00
  5.2908331807E+01  5.2912498474E+01  9.12270E-04  1.08195E+00
  5.2912498474E+01  5.2916665141E+01  8.19888E-04  1.11884E+00
  5.2916665141E+01  5.2920831807E+01  7.53022E-04  1.19921E+00
  5.2920831807E+01  5.2924998474E+01  6.67293E-04  1.27064E+00
  5.2924998474E+01  5.2929165141E+01  5.91932E-04  1.37054E+00
  5.2929165141E+01  5.2933331807E+01  5.37915E-04  1.42314E+00
  5.2933331807E+01  5.2937498474E+01  4.80625E-04  1.46344E+00
  5.2937498474E+01  5.2941665141E+01  4.30273E-04  1.56576E+00
  5.2941665141E+01  5.2945831807E+01  3.82544E-04  1.71666E+00
  5.2945831807E+01  5.2949998474E+01  3.33445E-04  1.81437E+00
  5.2949998474E+01  5.2954165141E+01  2.90997E-04  1.93526E+00
  5.2954165141E+01  5.2958331807E+01  2.52641E-04  2.10962E+00
  5.2958331807E+01  5.2962498474E+01  2.22148E-04  2.23462E+00
  5.2962498474E+01  5.2966665141E+01  1.94887E-04  2.39405E+00
  5.2966665141E+01  5.2970831807E+01  1.65915E-04  2.52211E+00
  5.2970831807E+01  5.2974998474E+01  1.50032E-04  2.75177E+00
  5.2974998474E+01  5.2979165141E+01  1.29503E-04  2.91619E+00
  5.2979165141E+01  5.2983331807E+01  1.10956E-04  3.17113E+00
  5.2983331807E+01  5.2987498474E+01  9.42731E-05  3.54041E+00
  5.2987498474E+01  5.2991665141E+01  8.19382E-05  3.78305E+00
  5.2991665141E+01  5.2995831807E+01  7.11265E-05  4.09397E+00
  5.2995831807E+01  5.2999998474E+01  5.96303E-05  4.54399E+00
  5.2999998474E+01  5.3004165141E+01  5.17250E-05  4.86259E+00
  5.3004165141E+01  5.3008331807E+01  4.23716E-05  5.48085E+00
  5.3008331807E+01  5.3012498474E+01  3.33701E-05  5.97910E+00
  5.3012498474E+01  5.3016665141E+01  2.84073E-05  6.43338E+00
  5.3016665141E+01  5.3020831807E+01  2.41577E-05  7.04792E+00
  5.3020831807E+01  5.3024998474E+01  2.02235E-05  7.86923E+00
  5.3024998474E+01  5.3029165141E+01  1.49048E-05  8.51709E+00
  5.3029165141E+01  5.3033331807E+01  1.42635E-05  9.37968E+00
  5.3033331807E+01  5.3037498474E+01  1.14980E-05  1.01199E+01
  5.3037498474E+01  5.3041665141E+01  9.42280E-06  1.14128E+01
  5.3041665141E+01  5.3045831807E+01  7.37308E-06  1.26258E+01
  5.3045831807E+01  5.3049998474E+01  6.82642E-06  1.41482E+01
  5.3049998474E+01  5.3054165141E+01  5.19542E-06  1.72137E+01
  5.3054165141E+01  5.3058331807E+01  3.45750E-06  1.96925E+01
  5.3058331807E+01  5.3062498474E+01  2.88076E-06  2.24386E+01
  5.3062498474E+01  5.3066665141E+01  1.45524E-06  2.50589E+01
  5.3066665141E+01  5.3070831807E+01  1.27659E-06  3.01297E+01
  5.3070831807E+01  5.3074998474E+01  1.04822E-06  3.11628E+01
  5.3074998474E+01  5.3079165141E+01  1.17716E-06  3.03722E+01
  5.3079165141E+01  5.3083331807E+01  9.89590E-07  3.63769E+01
  5.3083331807E+01  5.3087498474E+01  6.99219E-07  3.65887E+01
  5.3087498474E+01  5.3091665141E+01  8.72257E-07  3.83913E+01
  5.3091665141E+01  5.3095831807E+01  6.18999E-07  4.05205E+01
  5.3095831807E+01  5.3099998474E+01  7.03094E-07  4.33673E+01
  5.3099998474E+01  5.3104165141E+01  4.40766E-07  5.07118E+01
  5.3104165141E+01  5.3108331807E+01  5.48513E-07  5.17898E+01
  5.3108331807E+01  5.3112498474E+01  2.84932E-07  6.09245E+01
  5.3112498474E+01  5.3116665141E+01  2.68508E-07  6.27914E+01
  5.3116665141E+01  5.3120831807E+01  1.79629E-07  5.11855E+01
  5.3120831807E+01  5.3124998474E+01  2.01146E-07  6.45664E+01
  5.3124998474E+01  5.3129165141E+01  2.73098E-07  7.24038E+01
  5.3129165141E+01  5.3133331807E+01  1.51742E-07  5.58630E+01
  5.3133331807E+01  5.3137498474E+01  7.95819E-08  5.56772E+01
  5.3137498474E+01  5.3141665141E+01  8.26519E-08  5.31584E+01
  5.3141665141E+01  5.3145831807E+01  9.13449E-08  5.56506E+01
  5.3145831807E+01  5.3149998474E+01  8.80470E-08  5.74523E+01
  5.3149998474E+01  5.3154165141E+01  8.58802E-08  5.88239E+01
  5.3154165141E+01  5.3158331807E+01  8.51116E-08  5.93095E+01
  5.3158331807E+01  5.3162498474E+01  8.78209E-08  5.99976E+01
  5.3162498474E+01  5.3166665141E+01  9.05143E-08  6.02638E+01
  5.3166665141E+01  5.3170831807E+01  9.07212E-08  6.02796E+01
  5.3170831807E+01  5.3174998474E+01  9.48765E-08  5.78273E+01
  5.3174998474E+01  5.3179165141E+01  1.48632E-07  5.10179E+01
  5.3179165141E+01  5.3183331807E+01  1.03081E-07  5.82251E+01
  5.3183331807E+01  5.3187498474E+01  1.08461E-07  5.82075E+01
  5.3187498474E+01  5.3191665141E+01  1.08660E-07  5.88951E+01
  5.3191665141E+01  5.3195831807E+01  1.25851E-07  5.35616E+01
  5.3195831807E+01  5.3199998474E+01  1.96935E-07  5.03420E+01
  5.3199998474E+01  5.3204165141E+01  2.67977E-07  5.93136E+01
  5.3204165141E+01  5.3208331807E+01  3.82957E-07  6.95899E+01
  5.3208331807E+01  5.3212498474E+01  2.22574E-07  4.82096E+01
  5.3212498474E+01  5.3216665141E+01  1.21547E-07  6.02877E+01
  5.3216665141E+01  5.3220831807E+01  1.29350E-07  6.04776E+01
  5.3220831807E+01  5.3224998474E+01  3.92817E-07  6.88727E+01
  5.3224998474E+01  5.3229165141E+01  1.42485E-07  6.12268E+01
  5.3229165141E+01  5.3233331807E+01  1.52290E-07  6.17756E+01
  5.3233331807E+01  5.3237498474E+01  1.69039E-07  6.18971E+01
  5.3237498474E+01  5.3241665141E+01  1.85933E-07  6.30587E+01
  5.3241665141E+01  5.3245831807E+01  2.05300E-07  6.40475E+01
  5.3245831807E+01  5.3249998474E+01  2.48849E-07  6.65977E+01
  5.3249998474E+01  5.3254165141E+01  2.94966E-07  6.36157E+01
  5.3254165141E+01  5.3258331807E+01  1.44869E-07  8.59314E+01
  5.3258331807E+01  5.3262498474E+01  2.15872E-07  9.01757E+01
  5.3262498474E+01  5.3266665141E+01  1.08038E-07  8.07105E+01
  5.3266665141E+01  5.3270831807E+01  2.15459E-08  2.93729E+01
  5.3270831807E+01  5.3274998474E+01  2.17516E-08  2.82538E+01
  5.3274998474E+01  5.3279165141E+01  1.97979E-08  2.66141E+01
  5.3279165141E+01  5.3283331807E+01  1.96068E-08  2.94883E+01
  5.3283331807E+01  5.3287498474E+01  1.90278E-08  2.87432E+01
  5.3287498474E+01  5.3291665141E+01  1.94939E-08  3.05005E+01
  5.3291665141E+01  5.3295831807E+01  2.36319E-08  2.67308E+01
  5.3295831807E+01  5.3299998474E+01  2.43108E-08  3.09706E+01
  5.3299998474E+01  5.3304165141E+01  3.73193E-08  3.83658E+01
  5.3304165141E+01  5.3308331807E+01  2.28119E-08  2.77765E+01
  5.3308331807E+01  5.3312498474E+01  2.23239E-08  2.83753E+01
  5.3312498474E+01  5.3316665141E+01  2.23239E-08  2.93714E+01
  5.3316665141E+01  5.3320831807E+01  2.04367E-08  2.81462E+01
  5.3320831807E+01  5.3324998474E+01  7.98656E-08  7.50311E+01
  5.3324998474E+01  5.3329165141E+01  8.66386E-08  7.65659E+01
  5.3329165141E+01  5.3333331807E+01  1.89074E-08  3.06431E+01
  5.3333331807E+01  5.3337498474E+01  1.83889E-08  3.00095E+01
  5.3337498474E+01  5.3341665141E+01  1.83889E-08  2.86903E+01
  5.3341665141E+01  5.3345831807E+01  1.66408E-08  3.20591E+01
  5.3345831807E+01  5.3349998474E+01  2.95177E-07  9.47060E+01
  5.3349998474E+01  5.3354165141E+01  1.55530E-08  3.12216E+01
  5.3354165141E+01  5.3358331807E+01  1.55530E-08  3.29901E+01
  5.3358331807E+01  5.3362498474E+01  1.53593E-08  3.26119E+01
  5.3362498474E+01  5.3366665141E+01  1.57732E-08  3.01282E+01
  5.3366665141E+01  5.3370831807E+01  1.70411E-08  3.28102E+01
  5.3370831807E+01  5.3374998474E+01  1.72704E-08  3.37017E+01
  5.3374998474E+01  5.3379165141E+01  1.77667E-08  3.41823E+01
  5.3379165141E+01  5.3383331807E+01  1.79530E-08  3.40555E+01
  5.3383331807E+01  5.3387498474E+01  2.04170E-08  3.31610E+01
  5.3387498474E+01  5.3391665141E+01  2.32355E-08  3.66048E+01
  5.3391665141E+01  5.3395831807E+01  2.30834E-08  3.83501E+01
  5.3395831807E+01  5.3399998474E+01  2.30654E-08  3.94446E+01
  5.3399998474E+01  5.3404165141E+01  2.47715E-08  3.52537E+01
  5.3404165141E+01  5.3408331807E+01  2.15697E-08  3.98947E+01
  5.3408331807E+01  5.3412498474E+01  5.05559E-08  5.63682E+01
  5.3412498474E+01  5.3416665141E+01  3.05331E-08  6.08452E+01
  5.3416665141E+01  5.3420831807E+01  1.25094E-08  3.68229E+01
  5.3420831807E+01  5.3424998474E+01  1.13769E-07  8.90811E+01
  5.3424998474E+01  5.3429165141E+01  1.74178E-07  9.25509E+01
  5.3429165141E+01  5.3433331807E+01  6.91050E-08  8.11880E+01
  5.3433331807E+01  5.3437498474E+01  1.08937E-07  8.79805E+01
  5.3437498474E+01  5.3441665141E+01  1.07830E-07  9.02637E+01
  5.3441665141E+01  5.3445831807E+01  1.04144E-08  3.90191E+01
  5.3445831807E+01  5.3449998474E+01  1.04144E-08  3.72966E+01
  5.3449998474E+01  5.3454165141E+01  1.04144E-08  3.90310E+01
  5.3454165141E+01  5.3458331807E+01  1.04144E-08  3.86745E+01
  5.3458331807E+01  5.3462498474E+01  1.04144E-08  3.90310E+01
  5.3462498474E+01  5.3466665141E+01  1.04144E-08  3.90310E+01
  5.3466665141E+01  5.3470831807E+01  5.02529E-08  7.95979E+01
  5.3470831807E+01  5.3474998474E+01  1.38451E-08  4.52857E+01
  5.3474998474E+01  5.3479165141E+01  1.44691E-08  4.78621E+01
  5.3479165141E+01  5.3483331807E+01  1.45689E-08  3.82034E+01
  5.3483331807E+01  5.3487498474E+01  1.50189E-08  4.07812E+01
  5.3487498474E+01  5.3491665141E+01  4.05304E-07  7.48271E+01
  5.3491665141E+01  5.3495831807E+01  1.42791E-08  3.90762E+01
  5.3495831807E+01  5.3499998474E+01  1.41673E-08  3.86079E+01
  5.3499998474E+01  5.3504165141E+01  1.57574E-08  3.94338E+01
  5.3504165141E+01  5.3508331807E+01  1.61387E-08  3.60956E+01
  5.3508331807E+01  5.3512498474E+01  1.56838E-08  3.84257E+01
  5.3512498474E+01  5.3516665141E+01  1.36867E-08  3.60238E+01
  5.3516665141E+01  5.3520831807E+01  3.22039E-08  6.65340E+01
  5.3520831807E+01  5.3524998474E+01  3.15683E-07  9.64570E+01
  5.3524998474E+01  5.3529165141E+01  1.12186E-08  3.46301E+01
  5.3529165141E+01  5.3533331807E+01  1.15921E-08  4.01696E+01
  5.3533331807E+01  5.3537498474E+01  1.24599E-08  3.66756E+01
  5.3537498474E+01  5.3541665141E+01  1.58597E-08  3.81210E+01
  5.3541665141E+01  5.3545831807E+01  1.83558E-07  9.32518E+01
  5.3545831807E+01  5.3549998474E+01  1.24659E-08  3.60462E+01
  5.3549998474E+01  5.3554165141E+01  1.25090E-08  3.90340E+01
  5.3554165141E+01  5.3558331807E+01  1.28931E-08  4.06253E+01
  5.3558331807E+01  5.3562498474E+01  1.36145E-08  3.79138E+01
  5.3562498474E+01  5.3566665141E+01  1.38342E-08  4.08488E+01
  5.3566665141E+01  5.3570831807E+01  1.36145E-08  3.63023E+01
  5.3570831807E+01  5.3574998474E+01  3.47787E-08  5.37533E+01
  5.3574998474E+01  5.3579165141E+01  2.31857E-08  3.76725E+01
  5.3579165141E+01  5.3583331807E+01  1.08839E-07  8.81811E+01
  5.3583331807E+01  5.3587498474E+01  1.03196E-07  8.83219E+01
  5.3587498474E+01  5.3591665141E+01  1.15057E-07  8.95125E+01
  5.3591665141E+01  5.3595831807E+01  1.29668E-07  9.06881E+01
  5.3595831807E+01  5.3599998474E+01  2.17578E-07  7.59437E+01
  5.3599998474E+01  5.3604165141E+01  4.34508E-07  9.33663E+01
  5.3604165141E+01  5.3608331807E+01  7.38723E-08  8.67416E+01
  5.3608331807E+01  5.3612498474E+01  7.84641E-08  8.74993E+01
  5.3612498474E+01  5.3616665141E+01  8.86993E-08  8.78126E+01
  5.3616665141E+01  5.3620831807E+01  1.09412E-07  8.92728E+01
  5.3620831807E+01  5.3624998474E+01  1.20454E-07  9.02541E+01
  5.3624998474E+01  5.3629165141E+01  1.66009E-07  9.30638E+01
  5.3629165141E+01  5.3633331807E+01  1.88498E-07  7.55804E+01
  5.3633331807E+01  5.3637498474E+01  1.33087E-08  4.14779E+01
  5.3637498474E+01  5.3641665141E+01  1.30755E-08  4.14632E+01
  5.3641665141E+01  5.3645831807E+01  2.89022E-08  5.92299E+01
  5.3645831807E+01  5.3649998474E+01  2.44431E-08  6.16376E+01
  5.3649998474E+01  5.3654165141E+01  7.27310E-09  4.54010E+01
  5.3654165141E+01  5.3658331807E+01  8.05029E-09  5.09393E+01
  5.3658331807E+01  5.3662498474E+01  2.30740E-08  6.94636E+01
  5.3662498474E+01  5.3666665141E+01  1.68668E-08  6.18766E+01
  5.3666665141E+01  5.3670831807E+01  2.03159E-08  7.93075E+01
  5.3670831807E+01  5.3674998474E+01  4.35848E-09  5.91354E+01
  5.3674998474E+01  5.3679165141E+01  4.51657E-09  5.90493E+01
  5.3679165141E+01  5.3683331807E+01  6.88837E-07  7.02466E+01
  5.3683331807E+01  5.3687498474E+01  4.62261E-09  5.89031E+01
  5.3687498474E+01  5.3691665141E+01  8.57837E-09  5.61032E+01
  5.3691665141E+01  5.3695831807E+01  4.60991E-09  5.90647E+01
  5.3695831807E+01  5.3699998474E+01  4.60991E-09  5.90647E+01
  5.3699998474E+01  5.3704165141E+01  1.51976E-07  9.69832E+01
  5.3704165141E+01  5.3708331807E+01  1.77629E-07  7.08922E+01
  5.3708331807E+01  5.3712498474E+01  2.09049E-07  9.78035E+01
  5.3712498474E+01  5.3716665141E+01  3.15593E-07  9.84363E+01
  5.3716665141E+01  5.3720831807E+01  4.96098E-09  5.44764E+01
  5.3720831807E+01  5.3724998474E+01  4.96098E-09  5.28906E+01
  5.3724998474E+01  5.3729165141E+01  4.96098E-09  5.94609E+01
  5.3729165141E+01  5.3733331807E+01  4.96098E-09  5.80746E+01
  5.3733331807E+01  5.3737498474E+01  4.96098E-09  5.94609E+01
  5.3737498474E+01  5.3741665141E+01  4.90701E-09  5.93711E+01
  5.3741665141E+01  5.3745831807E+01  4.88113E-09  5.93313E+01
  5.3745831807E+01  5.3749998474E+01  4.66699E-09  5.90812E+01
  5.3749998474E+01  5.3754165141E+01  4.39506E-09  5.93252E+01
  5.3754165141E+01  5.3758331807E+01  4.37172E-09  5.92496E+01
  5.3758331807E+01  5.3762498474E+01  3.52376E-09  6.39037E+01
  5.3762498474E+01  5.3766665141E+01  9.27851E-08  9.68153E+01
  5.3766665141E+01  5.3770831807E+01  2.47843E-07  9.86773E+01
  5.3770831807E+01  5.3774998474E+01  3.43810E-09  7.53898E+01
  5.3774998474E+01  5.3779165141E+01  5.88418E-09  6.06363E+01
  5.3779165141E+01  5.3783331807E+01  6.42011E-09  6.11760E+01
  5.3783331807E+01  5.3787498474E+01  6.79027E-09  6.18290E+01
  5.3787498474E+01  5.3791665141E+01  2.29908E-08  8.06381E+01
  5.3791665141E+01  5.3795831807E+01  7.90422E-08  9.54512E+01
  5.3795831807E+01  5.3799998474E+01  3.64678E-09  7.63117E+01
  5.3799998474E+01  5.3804165141E+01  6.37309E-09  8.47233E+01
  5.3804165141E+01  5.3808331807E+01  1.27960E-08  6.41950E+01
  5.3808331807E+01  5.3812498474E+01  4.67699E-09  8.02513E+01
  5.3812498474E+01  5.3816665141E+01  3.75926E-09  7.67933E+01
  5.3816665141E+01  5.3820831807E+01  3.48420E-09  7.55955E+01
  5.3820831807E+01  5.3824998474E+01  2.47523E-08  9.57231E+01
  5.3824998474E+01  5.3829165141E+01  1.08341E-09  7.22519E+01
  5.3829165141E+01  5.3833331807E+01  1.08341E-09  1.00000E+02
  5.3833331807E+01  5.3837498474E+01  1.08341E-09  7.24425E+01
  5.3837498474E+01  5.3841665141E+01  1.08341E-09  1.00000E+02
  5.3841665141E+01  5.3845831807E+01  1.08341E-09  1.00000E+02
  5.3845831807E+01  5.3849998474E+01  1.08341E-09  1.00000E+02
  5.3849998474E+01  5.3854165141E+01  1.08341E-09  1.00000E+02
  5.3854165141E+01  5.3858331807E+01  1.08341E-09  9.99998E+01
  5.3858331807E+01  5.3862498474E+01  1.08341E-09  1.00000E+02
  5.3862498474E+01  5.3866665141E+01  1.08341E-09  1.00000E+02
  5.3866665141E+01  5.3870831807E+01  1.08341E-09  1.00000E+02
  5.3870831807E+01  5.3874998474E+01  1.08341E-09  1.00000E+02
  5.3874998474E+01  5.3879165141E+01  1.08341E-09  1.00000E+02
  5.3879165141E+01  5.3883331807E+01  1.08341E-09  1.00000E+02
  5.3883331807E+01  5.3887498474E+01  3.65415E-09  7.63436E+01
  5.3887498474E+01  5.3891665141E+01  1.08341E-09  1.00000E+02
  5.3891665141E+01  5.3895831807E+01  1.08341E-09  1.00000E+02
  5.3895831807E+01  5.3899998474E+01  1.08341E-09  1.00000E+02
  5.3899998474E+01  5.3904165141E+01  1.08429E-09  9.99184E+01
  5.3904165141E+01  5.3908331807E+01  1.08341E-09  1.00000E+02
  5.3908331807E+01  5.3912498474E+01  1.08341E-09  1.00000E+02
  5.3912498474E+01  5.3916665141E+01  1.08341E-09  1.00000E+02
  5.3916665141E+01  5.3920831807E+01  1.08341E-09  1.00000E+02
  5.3920831807E+01  5.3924998474E+01  1.08341E-09  1.00000E+02
  5.3924998474E+01  5.3929165141E+01  1.08341E-09  1.00000E+02
  5.3929165141E+01  5.3933331807E+01  5.13131E-10  1.00000E+02
  5.3933331807E+01  5.3937498474E+01  0.00000E+00  0.00000E+00
  5.3937498474E+01  5.3941665141E+01  0.00000E+00  0.00000E+00
  5.3941665141E+01  5.3945831807E+01  0.00000E+00  0.00000E+00
  5.3945831807E+01  5.3949998474E+01  0.00000E+00  0.00000E+00
  5.3949998474E+01  5.3954165141E+01  0.00000E+00  0.00000E+00
  5.3954165141E+01  5.3958331807E+01  0.00000E+00  0.00000E+00
  5.3958331807E+01  5.3962498474E+01  0.00000E+00  0.00000E+00
  5.3962498474E+01  5.3966665141E+01  0.00000E+00  0.00000E+00
  5.3966665141E+01  5.3970831807E+01  0.00000E+00  0.00000E+00
  5.3970831807E+01  5.3974998474E+01  0.00000E+00  0.00000E+00
  5.3974998474E+01  5.3979165141E+01  2.33043E-11  1.00000E+02
  5.3979165141E+01  5.3983331807E+01  0.00000E+00  0.00000E+00
  5.3983331807E+01  5.3987498474E+01  0.00000E+00  0.00000E+00
  5.3987498474E+01  5.3991665141E+01  1.91954E-09  1.00000E+02
  5.3991665141E+01  5.3995831807E+01  0.00000E+00  0.00000E+00
  5.3995831807E+01  5.3999998474E+01  0.00000E+00  0.00000E+00
  5.3999998474E+01  5.4004165141E+01  0.00000E+00  0.00000E+00
  5.4004165141E+01  5.4008331807E+01  1.08704E-11  1.00000E+02
  5.4008331807E+01  5.4012498474E+01  0.00000E+00  0.00000E+00
  5.4012498474E+01  5.4016665141E+01  0.00000E+00  0.00000E+00
  5.4016665141E+01  5.4020831807E+01  0.00000E+00  0.00000E+00
  5.4020831807E+01  5.4024998474E+01  0.00000E+00  0.00000E+00
  5.4024998474E+01  5.4029165141E+01  0.00000E+00  0.00000E+00
  5.4029165141E+01  5.4033331807E+01  0.00000E+00  0.00000E+00
  5.4033331807E+01  5.4037498474E+01  0.00000E+00  0.00000E+00
  5.4037498474E+01  5.4041665141E+01  8.18278E-09  1.00000E+02
  5.4041665141E+01  5.4045831807E+01  0.00000E+00  0.00000E+00
  5.4045831807E+01  5.4049998474E+01  0.00000E+00  0.00000E+00
  5.4049998474E+01  5.4054165141E+01  1.02951E-09  1.00000E+02
  5.4054165141E+01  5.4058331807E+01  1.11043E-09  1.00000E+02
  5.4058331807E+01  5.4062498474E+01  1.11043E-09  9.99999E+01
  5.4062498474E+01  5.4066665141E+01  1.11043E-09  1.00000E+02
  5.4066665141E+01  5.4070831807E+01  5.05921E-09  8.10787E+01
  5.4070831807E+01  5.4074998474E+01  1.11043E-09  1.00000E+02
  5.4074998474E+01  5.4079165141E+01  1.11043E-09  1.00000E+02
  5.4079165141E+01  5.4083331807E+01  1.11043E-09  1.00000E+02
  5.4083331807E+01  5.4087498474E+01  1.11044E-09  9.99996E+01
  5.4087498474E+01  5.4091665141E+01  1.11043E-09  1.00000E+02
  5.4091665141E+01  5.4095831807E+01  1.11043E-09  1.00000E+02
  5.4095831807E+01  5.4099998474E+01  2.19918E-10  1.00000E+02
  5.4099998474E+01  5.4104165141E+01  0.00000E+00  0.00000E+00
  5.4104165141E+01  5.4108331807E+01  0.00000E+00  0.00000E+00
  5.4108331807E+01  5.4112498474E+01  0.00000E+00  0.00000E+00
  5.4112498474E+01  5.4116665141E+01  0.00000E+00  0.00000E+00
  5.4116665141E+01  5.4120831807E+01  0.00000E+00  0.00000E+00
  5.4120831807E+01  5.4124998474E+01  0.00000E+00  0.00000E+00
  5.4124998474E+01  5.4129165141E+01  0.00000E+00  0.00000E+00
  5.4129165141E+01  5.4133331807E+01  0.00000E+00  0.00000E+00
  5.4133331807E+01  5.4137498474E+01  0.00000E+00  0.00000E+00
  5.4137498474E+01  5.4141665141E+01  0.00000E+00  0.00000E+00
  5.4141665141E+01  5.4145831807E+01  7.65340E-09  1.00000E+02
  5.4145831807E+01  5.4149998474E+01  4.45358E-08  1.00000E+02
  5.4149998474E+01  5.4154165141E+01  0.00000E+00  0.00000E+00
  5.4154165141E+01  5.4158331807E+01  0.00000E+00  0.00000E+00
  5.4158331807E+01  5.4162498474E+01  0.00000E+00  0.00000E+00
  5.4162498474E+01  5.4166665141E+01  0.00000E+00  0.00000E+00
  5.4166665141E+01  5.4170831807E+01  0.00000E+00  0.00000E+00
  5.4170831807E+01  5.4174998474E+01  0.00000E+00  0.00000E+00
  5.4174998474E+01  5.4179165141E+01  0.00000E+00  0.00000E+00
  5.4179165141E+01  5.4183331807E+01  0.00000E+00  0.00000E+00
  5.4183331807E+01  5.4187498474E+01  0.00000E+00  0.00000E+00
  5.4187498474E+01  5.4191665141E+01  0.00000E+00  0.00000E+00
  5.4191665141E+01  5.4195831807E+01  0.00000E+00  0.00000E+00
  5.4195831807E+01  5.4199998474E+01  3.03354E-08  9.97644E+01
  5.4199998474E+01  5.4204165141E+01  0.00000E+00  0.00000E+00
  5.4204165141E+01  5.4208331807E+01  0.00000E+00  0.00000E+00
  5.4208331807E+01  5.4212498474E+01  2.63830E-09  1.00000E+02
  5.4212498474E+01  5.4216665141E+01  0.00000E+00  0.00000E+00
  5.4216665141E+01  5.4220831807E+01  2.55622E-10  1.00000E+02
  5.4220831807E+01  5.4224998474E+01  1.50267E-09  9.95281E+01
  5.4224998474E+01  5.4229165141E+01  1.31259E-09  1.00000E+02
  5.4229165141E+01  5.4233331807E+01  0.00000E+00  0.00000E+00
  5.4233331807E+01  5.4237498474E+01  0.00000E+00  0.00000E+00
  5.4237498474E+01  5.4241665141E+01  0.00000E+00  0.00000E+00
  5.4241665141E+01  5.4245831807E+01  0.00000E+00  0.00000E+00
  5.4245831807E+01  5.4249998474E+01  0.00000E+00  0.00000E+00
  5.4249998474E+01  5.4254165141E+01  0.00000E+00  0.00000E+00
  5.4254165141E+01  5.4258331807E+01  0.00000E+00  0.00000E+00
  5.4258331807E+01  5.4262498474E+01  7.49941E-09  1.00000E+02
  5.4262498474E+01  5.4266665141E+01  2.53946E-07  1.00000E+02
  5.4266665141E+01  5.4270831807E+01  0.00000E+00  0.00000E+00
  5.4270831807E+01  5.4274998474E+01  0.00000E+00  0.00000E+00
  5.4274998474E+01  5.4279165141E+01  0.00000E+00  0.00000E+00
  5.4279165141E+01  5.4283331807E+01  0.00000E+00  0.00000E+00
  5.4283331807E+01  5.4287498474E+01  0.00000E+00  0.00000E+00
  5.4287498474E+01  5.4291665141E+01  0.00000E+00  0.00000E+00
  5.4291665141E+01  5.4295831807E+01  0.00000E+00  0.00000E+00
  5.4295831807E+01  5.4299998474E+01  2.63812E-15  1.00000E+02
  5.4299998474E+01  5.4304165141E+01  0.00000E+00  0.00000E+00
  5.4304165141E+01  5.4308331807E+01  0.00000E+00  0.00000E+00
  5.4308331807E+01  5.4312498474E+01  1.82437E-15  1.00000E+02
  5.4312498474E+01  5.4316665141E+01  0.00000E+00  0.00000E+00
  5.4316665141E+01  5.4320831807E+01  0.00000E+00  0.00000E+00
  5.4320831807E+01  5.4324998474E+01  0.00000E+00  0.00000E+00
  5.4324998474E+01  5.4329165141E+01  3.32724E-13  1.00000E+02
  5.4329165141E+01  5.4333331807E+01  0.00000E+00  0.00000E+00
  5.4333331807E+01  5.4337498474E+01  0.00000E+00  0.00000E+00
  5.4337498474E+01  5.4341665141E+01  0.00000E+00  0.00000E+00
  5.4341665141E+01  5.4345831807E+01  0.00000E+00  0.00000E+00
  5.4345831807E+01  5.4349998474E+01  0.00000E+00  0.00000E+00
  5.4349998474E+01  5.4354165141E+01  0.00000E+00  0.00000E+00
  5.4354165141E+01  5.4358331807E+01  0.00000E+00  0.00000E+00
  5.4358331807E+01  5.4362498474E+01  0.00000E+00  0.00000E+00
  5.4362498474E+01  5.4366665141E+01  0.00000E+00  0.00000E+00
  5.4366665141E+01  5.4370831807E+01  1.68057E-12  1.00000E+02
  5.4370831807E+01  5.4374998474E+01  0.00000E+00  0.00000E+00
  5.4374998474E+01  5.4379165141E+01  0.00000E+00  0.00000E+00
  5.4379165141E+01  5.4383331807E+01  8.47063E-10  1.00000E+02
  5.4383331807E+01  5.4387498474E+01  5.95704E-08  1.00000E+02
  5.4387498474E+01  5.4391665141E+01  5.95704E-08  7.36536E+01
  5.4391665141E+01  5.4395831807E+01  6.06706E-08  1.00000E+02
  5.4395831807E+01  5.4399998474E+01  6.34515E-08  9.99931E+01
  5.4399998474E+01  5.4404165141E+01  6.35871E-08  9.99986E+01
  5.4404165141E+01  5.4408331807E+01  7.40032E-08  1.00000E+02
  5.4408331807E+01  5.4412498474E+01  7.53327E-08  7.42110E+01
  5.4412498474E+01  5.4416665141E+01  8.15656E-08  1.00000E+02
  5.4416665141E+01  5.4420831807E+01  9.27576E-08  1.00000E+02
  5.4420831807E+01  5.4424998474E+01  1.33477E-07  7.88787E+01
  5.4424998474E+01  5.4429165141E+01  1.06718E-07  1.00000E+02
  5.4429165141E+01  5.4433331807E+01  1.24786E-07  8.49332E+01
  5.4433331807E+01  5.4437498474E+01  1.49477E-07  1.00000E+02
  5.4437498474E+01  5.4441665141E+01  1.91039E-07  1.00000E+02
  5.4441665141E+01  5.4445831807E+01  2.81797E-07  1.00000E+02
  5.4445831807E+01  5.4449998474E+01  0.00000E+00  0.00000E+00
  5.4449998474E+01  5.4454165141E+01  6.97044E-09  1.00000E+02
  5.4454165141E+01  5.4458331807E+01  0.00000E+00  0.00000E+00
  5.4458331807E+01  5.4462498474E+01  0.00000E+00  0.00000E+00
  5.4462498474E+01  5.4466665141E+01  0.00000E+00  0.00000E+00
  5.4466665141E+01  5.4470831807E+01  0.00000E+00  0.00000E+00
  5.4470831807E+01  5.4474998474E+01  9.50480E-10  9.99996E+01
  5.4474998474E+01  5.4479165141E+01  1.15082E-09  1.00000E+02
  5.4479165141E+01  5.4483331807E+01  1.15082E-09  7.70540E+01
  5.4483331807E+01  5.4487498474E+01  1.15082E-09  1.00000E+02
  5.4487498474E+01  5.4491665141E+01  4.36935E-09  7.82287E+01
  5.4491665141E+01  5.4495831807E+01  5.18536E-09  8.09097E+01
  5.4495831807E+01  5.4499998474E+01  6.12426E-09  7.67181E+01
  5.4499998474E+01  5.4504165141E+01  6.17635E-09  8.34734E+01
  5.4504165141E+01  5.4508331807E+01  6.33298E-09  7.71509E+01
  5.4508331807E+01  5.4512498474E+01  5.88830E-09  8.26161E+01
  5.4512498474E+01  5.4516665141E+01  2.75175E-08  9.07153E+01
  5.4516665141E+01  5.4520831807E+01  1.15082E-09  1.00000E+02
  5.4520831807E+01  5.4524998474E+01  1.15082E-09  1.00000E+02
  5.4524998474E+01  5.4529165141E+01  2.67591E-09  7.13990E+01
  5.4529165141E+01  5.4533331807E+01  1.15082E-09  1.00000E+02
  5.4533331807E+01  5.4537498474E+01  1.15082E-09  1.00000E+02
  5.4537498474E+01  5.4541665141E+01  1.15082E-09  1.00000E+02
  5.4541665141E+01  5.4545831807E+01  1.15082E-09  1.00000E+02
  5.4545831807E+01  5.4549998474E+01  1.15082E-09  1.00000E+02
  5.4549998474E+01  5.4554165141E+01  1.15082E-09  1.00000E+02
  5.4554165141E+01  5.4558331807E+01  1.15082E-09  1.00000E+02
  5.4558331807E+01  5.4562498474E+01  1.22986E-09  1.00000E+02
  5.4562498474E+01  5.4566665141E+01  1.76632E-09  7.88284E+01
  5.4566665141E+01  5.4570831807E+01  5.63092E-08  9.69140E+01
  5.4570831807E+01  5.4574998474E+01  5.71560E-08  9.69589E+01
  5.4574998474E+01  5.4579165141E+01  5.99274E-08  9.70973E+01
  5.4579165141E+01  5.4583331807E+01  6.13322E-08  9.71628E+01
  5.4583331807E+01  5.4587498474E+01  6.29971E-08  9.70380E+01
  5.4587498474E+01  5.4591665141E+01  6.58500E-08  9.66251E+01
  5.4591665141E+01  5.4595831807E+01  7.66284E-08  7.01430E+01
  5.4595831807E+01  5.4599998474E+01  8.66675E-08  9.69442E+01
  5.4599998474E+01  5.4604165141E+01  9.05602E-08  9.70802E+01
  5.4604165141E+01  5.4608331807E+01  1.03254E-07  9.74364E+01
  5.4608331807E+01  5.4612498474E+01  1.25095E-07  9.78812E+01
  5.4612498474E+01  5.4616665141E+01  1.85098E-07  8.62406E+01
  5.4616665141E+01  5.4620831807E+01  2.67872E-07  9.70483E+01
  5.4620831807E+01  5.4624998474E+01  7.32080E-09  7.47082E+01
  5.4624998474E+01  5.4629165141E+01  6.75569E-09  6.86972E+01
  5.4629165141E+01  5.4633331807E+01  6.75569E-09  7.29285E+01
  5.4633331807E+01  5.4637498474E+01  5.17041E-09  6.66175E+01
  5.4637498474E+01  5.4641665141E+01  4.66747E-09  6.41916E+01
  5.4641665141E+01  5.4645831807E+01  4.66741E-09  6.41924E+01
  5.4645831807E+01  5.4649998474E+01  4.66741E-09  6.41924E+01
  5.4649998474E+01  5.4654165141E+01  4.63179E-09  6.40151E+01
  5.4654165141E+01  5.4658331807E+01  4.45893E-09  6.15605E+01
  5.4658331807E+01  5.4662498474E+01  9.53853E-09  6.02896E+01
  5.4662498474E+01  5.4666665141E+01  1.25016E-08  6.22786E+01
  5.4666665141E+01  5.4670831807E+01  2.34360E-08  6.74655E+01
  5.4670831807E+01  5.4674998474E+01  1.14267E-08  5.89581E+01
  5.4674998474E+01  5.4679165141E+01  3.05634E-08  6.23538E+01
  5.4679165141E+01  5.4683331807E+01  2.02034E-08  4.02446E+01
  5.4683331807E+01  5.4687498474E+01  1.78894E-08  4.29784E+01
  5.4687498474E+01  5.4691665141E+01  1.50962E-08  4.37554E+01
  5.4691665141E+01  5.4695831807E+01  1.75883E-08  4.73973E+01
  5.4695831807E+01  5.4699998474E+01  1.86818E-08  4.53585E+01
  5.4699998474E+01  5.4704165141E+01  2.08527E-08  4.18593E+01
  5.4704165141E+01  5.4708331807E+01  2.75639E-08  4.47245E+01
  5.4708331807E+01  5.4712498474E+01  8.26642E-09  5.38911E+01
  5.4712498474E+01  5.4716665141E+01  5.21904E-09  5.28150E+01
  5.4716665141E+01  5.4720831807E+01  5.37344E-09  5.91660E+01
  5.4720831807E+01  5.4724998474E+01  7.68388E-09  6.01342E+01
  5.4724998474E+01  5.4729165141E+01  7.68388E-09  6.01342E+01
  5.4729165141E+01  5.4733331807E+01  7.71774E-09  5.68961E+01
  5.4733331807E+01  5.4737498474E+01  1.14812E-08  6.81457E+01
  5.4737498474E+01  5.4741665141E+01  1.12827E-07  8.37996E+01
  5.4741665141E+01  5.4745831807E+01  1.58686E-08  4.52946E+01
  5.4745831807E+01  5.4749998474E+01  2.54017E-08  7.02118E+01
  5.4749998474E+01  5.4754165141E+01  5.53062E-09  5.99676E+01
  5.4754165141E+01  5.4758331807E+01  5.53061E-09  5.99676E+01
  5.4758331807E+01  5.4762498474E+01  5.53061E-09  5.06831E+01
  5.4762498474E+01  5.4766665141E+01  5.53061E-09  5.99676E+01
  5.4766665141E+01  5.4770831807E+01  5.53061E-09  5.55790E+01
  5.4770831807E+01  5.4774998474E+01  5.53061E-09  5.62156E+01
  5.4774998474E+01  5.4779165141E+01  7.55710E-09  6.56209E+01
  5.4779165141E+01  5.4783331807E+01  7.04950E-09  6.48857E+01
  5.4783331807E+01  5.4787498474E+01  3.02358E-09  7.18117E+01
  5.4787498474E+01  5.4791665141E+01  3.02358E-09  7.18117E+01
  5.4791665141E+01  5.4795831807E+01  3.02358E-09  6.83873E+01
  5.4795831807E+01  5.4799998474E+01  3.02358E-09  5.88648E+01
  5.4799998474E+01  5.4804165141E+01  3.02369E-09  7.18090E+01
  5.4804165141E+01  5.4808331807E+01  3.02358E-09  7.18117E+01
  5.4808331807E+01  5.4812498474E+01  3.02358E-09  7.18117E+01
  5.4812498474E+01  5.4816665141E+01  2.03248E-08  8.07761E+01
  5.4816665141E+01  5.4820831807E+01  5.78648E-08  9.48490E+01
  5.4820831807E+01  5.4824998474E+01  5.77253E-08  9.50706E+01
  5.4824998474E+01  5.4829165141E+01  5.76976E-08  9.51149E+01
  5.4829165141E+01  5.4833331807E+01  6.85051E-08  9.58631E+01
  5.4833331807E+01  5.4837498474E+01  1.04569E-07  7.16790E+01
  5.4837498474E+01  5.4841665141E+01  1.02368E-07  5.97211E+01
  5.4841665141E+01  5.4845831807E+01  1.72470E-07  7.07697E+01
  5.4845831807E+01  5.4849998474E+01  2.08678E-07  7.21250E+01
  5.4849998474E+01  5.4854165141E+01  2.66040E-07  7.56467E+01
  5.4854165141E+01  5.4858331807E+01  8.06377E-08  9.64908E+01
  5.4858331807E+01  5.4862498474E+01  8.13965E-08  9.62657E+01
  5.4862498474E+01  5.4866665141E+01  8.96973E-08  9.68421E+01
  5.4866665141E+01  5.4870831807E+01  9.65961E-08  9.70618E+01
  5.4870831807E+01  5.4874998474E+01  1.03986E-07  9.72667E+01
  5.4874998474E+01  5.4879165141E+01  1.23199E-07  9.76955E+01
  5.4879165141E+01  5.4883331807E+01  1.39143E-07  9.79581E+01
  5.4883331807E+01  5.4887498474E+01  1.69050E-07  9.83157E+01
  5.4887498474E+01  5.4891665141E+01  2.81239E-07  9.89870E+01
  5.4891665141E+01  5.4895831807E+01  5.99299E-08  9.52944E+01
  5.4895831807E+01  5.4899998474E+01  2.85640E-09  7.12966E+01
  5.4899998474E+01  5.4904165141E+01  2.85640E-09  7.12966E+01
  5.4904165141E+01  5.4908331807E+01  3.64196E-09  5.99340E+01
  5.4908331807E+01  5.4912498474E+01  3.90366E-09  5.86632E+01
  5.4912498474E+01  5.4916665141E+01  3.90366E-09  5.10005E+01
  5.4916665141E+01  5.4920831807E+01  4.57568E-09  5.21579E+01
  5.4920831807E+01  5.4924998474E+01  5.56128E-09  5.08445E+01
  5.4924998474E+01  5.4929165141E+01  5.55672E-09  5.08402E+01
  5.4929165141E+01  5.4933331807E+01  5.55672E-09  4.95050E+01
  5.4933331807E+01  5.4937498474E+01  5.55672E-09  5.08402E+01
  5.4937498474E+01  5.4941665141E+01  5.70656E-09  5.11126E+01
  5.4941665141E+01  5.4945831807E+01  5.75849E-09  5.12231E+01
  5.4945831807E+01  5.4949998474E+01  5.75849E-09  5.12231E+01
  5.4949998474E+01  5.4954165141E+01  5.75849E-09  5.12231E+01
  5.4954165141E+01  5.4958331807E+01  5.75849E-09  4.71175E+01
  5.4958331807E+01  5.4962498474E+01  5.75849E-09  5.12231E+01
  5.4962498474E+01  5.4966665141E+01  5.75849E-09  5.09129E+01
  5.4966665141E+01  5.4970831807E+01  1.02813E-08  4.96331E+01
  5.4970831807E+01  5.4974998474E+01  6.99905E-09  5.51784E+01
  5.4974998474E+01  5.4979165141E+01  6.99906E-09  5.24659E+01
  5.4979165141E+01  5.4983331807E+01  4.99625E-08  5.76922E+01
  5.4983331807E+01  5.4987498474E+01  3.87418E-09  5.85761E+01
  5.4987498474E+01  5.4991665141E+01  3.87417E-09  5.85762E+01
  5.4991665141E+01  5.4995831807E+01  4.54016E-09  5.82260E+01
  5.4995831807E+01  5.4999998474E+01  6.23158E-09  6.34729E+01
  5.4999998474E+01  5.5004165141E+01  6.23158E-09  6.34729E+01
  5.5004165141E+01  5.5008331807E+01  6.23158E-09  5.06086E+01
  5.5008331807E+01  5.5012498474E+01  7.29744E-09  5.21087E+01
  5.5012498474E+01  5.5016665141E+01  7.45558E-09  5.25029E+01
  5.5016665141E+01  5.5020831807E+01  2.75070E-07  9.73781E+01
  5.5020831807E+01  5.5024998474E+01  7.15781E-09  5.27645E+01
  5.5024998474E+01  5.5029165141E+01  7.15781E-09  4.67868E+01
  5.5029165141E+01  5.5033331807E+01  7.15781E-09  4.71318E+01
  5.5033331807E+01  5.5037498474E+01  7.15781E-09  5.27644E+01
  5.5037498474E+01  5.5041665141E+01  9.30308E-09  5.46549E+01
  5.5041665141E+01  5.5045831807E+01  1.07235E-08  5.79304E+01
  5.5045831807E+01  5.5049998474E+01  4.43952E-08  5.41212E+01
  5.5049998474E+01  5.5054165141E+01  6.03675E-08  8.03318E+01
  5.5054165141E+01  5.5058331807E+01  5.34119E-08  8.98744E+01
  5.5058331807E+01  5.5062498474E+01  5.63443E-08  9.03890E+01
  5.5062498474E+01  5.5066665141E+01  6.00750E-08  9.09729E+01
  5.5066665141E+01  5.5070831807E+01  1.12212E-07  6.70125E+01
  5.5070831807E+01  5.5074998474E+01  6.47415E-08  7.07866E+01
  5.5074998474E+01  5.5079165141E+01  6.55297E-08  9.07309E+01
  5.5079165141E+01  5.5083331807E+01  7.03768E-08  9.13550E+01
  5.5083331807E+01  5.5087498474E+01  7.08773E-08  9.28384E+01
  5.5087498474E+01  5.5091665141E+01  7.31782E-08  9.36740E+01
  5.5091665141E+01  5.5095831807E+01  7.90714E-08  9.41355E+01
  5.5095831807E+01  5.5099998474E+01  8.72069E-08  9.46446E+01
  5.5099998474E+01  5.5099998474E+01  8.72069E-08  9.46446E+01
