# Detector n: 1D Projection
  5.0099998474E+01  5.0104165141E+01  2.72545E-03  2.52360E-01
  5.0104165141E+01  5.0108331807E+01  2.76497E-03  3.02728E-01
  5.0108331807E+01  5.0112498474E+01  2.78020E-03  2.82216E-01
  5.0112498474E+01  5.0116665141E+01  2.80336E-03  3.45305E-01
  5.0116665141E+01  5.0120831807E+01  2.79661E-03  3.10919E-01
  5.0120831807E+01  5.0124998474E+01  2.80309E-03  3.10912E-01
  5.0124998474E+01  5.0129165141E+01  2.79573E-03  2.84185E-01
  5.0129165141E+01  5.0133331807E+01  2.80151E-03  2.85655E-01
  5.0133331807E+01  5.0137498474E+01  2.80586E-03  3.31057E-01
  5.0137498474E+01  5.0141665141E+01  2.78336E-03  2.30290E-01
  5.0141665141E+01  5.0145831807E+01  2.80121E-03  2.78827E-01
  5.0145831807E+01  5.0149998474E+01  2.81519E-03  3.20534E-01
  5.0149998474E+01  5.0154165141E+01  2.81778E-03  3.35322E-01
  5.0154165141E+01  5.0158331807E+01  2.81561E-03  3.10019E-01
  5.0158331807E+01  5.0162498474E+01  2.81451E-03  3.00609E-01
  5.0162498474E+01  5.0166665141E+01  2.80596E-03  2.60806E-01
  5.0166665141E+01  5.0170831807E+01  2.81797E-03  3.24275E-01
  5.0170831807E+01  5.0174998474E+01  2.81233E-03  2.86287E-01
  5.0174998474E+01  5.0179165141E+01  2.81368E-03  3.11767E-01
  5.0179165141E+01  5.0183331807E+01  2.80988E-03  2.81905E-01
  5.0183331807E+01  5.0187498474E+01  2.82266E-03  2.85907E-01
  5.0187498474E+01  5.0191665141E+01  2.85035E-03  3.34696E-01
  5.0191665141E+01  5.0195831807E+01  2.84217E-03  2.98063E-01
  5.0195831807E+01  5.0199998474E+01  2.84701E-03  3.00391E-01
  5.0199998474E+01  5.0204165141E+01  2.84800E-03  2.95186E-01
  5.0204165141E+01  5.0208331807E+01  2.83947E-03  2.63956E-01
  5.0208331807E+01  5.0212498474E+01  2.85051E-03  3.07192E-01
  5.0212498474E+01  5.0216665141E+01  2.84385E-03  3.06725E-01
  5.0216665141E+01  5.0220831807E+01  2.84060E-03  2.60282E-01
  5.0220831807E+01  5.0224998474E+01  2.84731E-03  3.01567E-01
  5.0224998474E+01  5.0229165141E+01  2.84224E-03  2.86901E-01
  5.0229165141E+01  5.0233331807E+01  2.83578E-03  2.54527E-01
  5.0233331807E+01  5.0237498474E+01  2.84158E-03  2.68457E-01
  5.0237498474E+01  5.0241665141E+01  2.83743E-03  2.59337E-01
  5.0241665141E+01  5.0245831807E+01  2.84958E-03  2.78303E-01
  5.0245831807E+01  5.0249998474E+01  2.85385E-03  3.07864E-01
  5.0249998474E+01  5.0254165141E+01  2.86251E-03  3.33110E-01
  5.0254165141E+01  5.0258331807E+01  2.85866E-03  2.93907E-01
  5.0258331807E+01  5.0262498474E+01  2.84629E-03  2.75383E-01
  5.0262498474E+01  5.0266665141E+01  2.83813E-03  2.42134E-01
  5.0266665141E+01  5.0270831807E+01  2.84444E-03  2.40211E-01
  5.0270831807E+01  5.0274998474E+01  2.85430E-03  2.82231E-01
  5.0274998474E+01  5.0279165141E+01  2.85481E-03  2.88697E-01
  5.0279165141E+01  5.0283331807E+01  2.85469E-03  2.94185E-01
  5.0283331807E+01  5.0287498474E+01  2.84408E-03  2.49065E-01
  5.0287498474E+01  5.0291665141E+01  2.84877E-03  2.71490E-01
  5.0291665141E+01  5.0295831807E+01  2.85200E-03  2.95349E-01
  5.0295831807E+01  5.0299998474E+01  2.86410E-03  3.32944E-01
  5.0299998474E+01  5.0304165141E+01  2.85487E-03  2.74997E-01
  5.0304165141E+01  5.0308331807E+01  2.85932E-03  2.99039E-01
  5.0308331807E+01  5.0312498474E+01  2.86689E-03  3.13633E-01
  5.0312498474E+01  5.0316665141E+01  2.85601E-03  2.80390E-01
  5.0316665141E+01  5.0320831807E+01  2.85052E-03  2.29080E-01
  5.0320831807E+01  5.0324998474E+01  2.86673E-03  3.29218E-01
  5.0324998474E+01  5.0329165141E+01  2.86603E-03  2.97688E-01
  5.0329165141E+01  5.0333331807E+01  2.85804E-03  2.55919E-01
  5.0333331807E+01  5.0337498474E+01  2.87378E-03  3.30912E-01
  5.0337498474E+01  5.0341665141E+01  2.87314E-03  2.98761E-01
  5.0341665141E+01  5.0345831807E+01  2.85915E-03  2.67673E-01
  5.0345831807E+01  5.0349998474E+01  2.86574E-03  3.12968E-01
  5.0349998474E+01  5.0354165141E+01  2.86839E-03  3.06469E-01
  5.0354165141E+01  5.0358331807E+01  2.88076E-03  2.85520E-01
  5.0358331807E+01  5.0362498474E+01  2.91507E-03  3.46709E-01
  5.0362498474E+01  5.0366665141E+01  2.90634E-03  2.77322E-01
  5.0366665141E+01  5.0370831807E+01  2.90117E-03  2.69896E-01
  5.0370831807E+01  5.0374998474E+01  2.90835E-03  2.98664E-01
  5.0374998474E+01  5.0379165141E+01  2.90538E-03  2.81995E-01
  5.0379165141E+01  5.0383331807E+01  2.91223E-03  3.01267E-01
  5.0383331807E+01  5.0387498474E+01  2.90745E-03  2.97305E-01
  5.0387498474E+01  5.0391665141E+01  2.90662E-03  2.76857E-01
  5.0391665141E+01  5.0395831807E+01  2.91648E-03  2.97790E-01
  5.0395831807E+01  5.0399998474E+01  2.90203E-03  2.72517E-01
  5.0399998474E+01  5.0404165141E+01  2.89386E-03  2.52470E-01
  5.0404165141E+01  5.0408331807E+01  2.89335E-03  2.25457E-01
  5.0408331807E+01  5.0412498474E+01  2.90594E-03  2.68091E-01
  5.0412498474E+01  5.0416665141E+01  2.90887E-03  2.76430E-01
  5.0416665141E+01  5.0420831807E+01  2.90586E-03  2.72466E-01
  5.0420831807E+01  5.0424998474E+01  2.90778E-03  2.72851E-01
  5.0424998474E+01  5.0429165141E+01  2.90769E-03  3.17499E-01
  5.0429165141E+01  5.0433331807E+01  2.89993E-03  2.45489E-01
  5.0433331807E+01  5.0437498474E+01  2.90412E-03  2.54004E-01
  5.0437498474E+01  5.0441665141E+01  2.91326E-03  2.96762E-01
  5.0441665141E+01  5.0445831807E+01  2.91454E-03  3.32215E-01
  5.0445831807E+01  5.0449998474E+01  2.91169E-03  2.71886E-01
  5.0449998474E+01  5.0454165141E+01  2.91365E-03  2.85219E-01
  5.0454165141E+01  5.0458331807E+01  2.92621E-03  3.47626E-01
  5.0458331807E+01  5.0462498474E+01  2.90836E-03  2.60367E-01
  5.0462498474E+01  5.0466665141E+01  2.91720E-03  2.76419E-01
  5.0466665141E+01  5.0470831807E+01  2.91156E-03  2.63710E-01
  5.0470831807E+01  5.0474998474E+01  2.91659E-03  2.90767E-01
  5.0474998474E+01  5.0479165141E+01  2.90733E-03  2.64866E-01
  5.0479165141E+01  5.0483331807E+01  2.90985E-03  2.72396E-01
  5.0483331807E+01  5.0487498474E+01  2.91193E-03  2.75884E-01
  5.0487498474E+01  5.0491665141E+01  2.90739E-03  2.67070E-01
  5.0491665141E+01  5.0495831807E+01  2.91869E-03  2.78166E-01
  5.0495831807E+01  5.0499998474E+01  2.91396E-03  2.71721E-01
  5.0499998474E+01  5.0504165141E+01  2.90424E-03  2.41838E-01
  5.0504165141E+01  5.0508331807E+01  2.90501E-03  2.39986E-01
  5.0508331807E+01  5.0512498474E+01  2.91423E-03  2.47048E-01
  5.0512498474E+01  5.0516665141E+01  2.91307E-03  2.66811E-01
  5.0516665141E+01  5.0520831807E+01  2.91875E-03  2.61822E-01
  5.0520831807E+01  5.0524998474E+01  2.92719E-03  2.95990E-01
  5.0524998474E+01  5.0529165141E+01  2.91982E-03  2.80959E-01
  5.0529165141E+01  5.0533331807E+01  2.91994E-03  2.69007E-01
  5.0533331807E+01  5.0537498474E+01  2.92863E-03  3.01228E-01
  5.0537498474E+01  5.0541665141E+01  2.91327E-03  2.36368E-01
  5.0541665141E+01  5.0545831807E+01  2.92140E-03  2.77704E-01
  5.0545831807E+01  5.0549998474E+01  2.92865E-03  2.75302E-01
  5.0549998474E+01  5.0554165141E+01  2.93135E-03  2.91381E-01
  5.0554165141E+01  5.0558331807E+01  2.92752E-03  2.46563E-01
  5.0558331807E+01  5.0562498474E+01  2.92911E-03  2.60619E-01
  5.0562498474E+01  5.0566665141E+01  2.93596E-03  2.90017E-01
  5.0566665141E+01  5.0570831807E+01  2.92747E-03  2.53493E-01
  5.0570831807E+01  5.0574998474E+01  2.92693E-03  2.88822E-01
  5.0574998474E+01  5.0579165141E+01  2.93968E-03  3.03164E-01
  5.0579165141E+01  5.0583331807E+01  2.95100E-03  3.42466E-01
  5.0583331807E+01  5.0587498474E+01  2.93392E-03  2.90275E-01
  5.0587498474E+01  5.0591665141E+01  2.92578E-03  2.47787E-01
  5.0591665141E+01  5.0595831807E+01  2.93296E-03  2.50128E-01
  5.0595831807E+01  5.0599998474E+01  2.94021E-03  2.84119E-01
  5.0599998474E+01  5.0604165141E+01  2.93391E-03  2.74361E-01
  5.0604165141E+01  5.0608331807E+01  2.93758E-03  2.86354E-01
  5.0608331807E+01  5.0612498474E+01  2.93039E-03  2.72190E-01
  5.0612498474E+01  5.0616665141E+01  2.94683E-03  3.12275E-01
  5.0616665141E+01  5.0620831807E+01  2.93414E-03  2.61997E-01
  5.0620831807E+01  5.0624998474E+01  2.93755E-03  3.00852E-01
  5.0624998474E+01  5.0629165141E+01  2.93329E-03  2.75552E-01
  5.0629165141E+01  5.0633331807E+01  2.91918E-03  2.18410E-01
  5.0633331807E+01  5.0637498474E+01  2.93309E-03  2.85970E-01
  5.0637498474E+01  5.0641665141E+01  2.93433E-03  2.89177E-01
  5.0641665141E+01  5.0645831807E+01  2.94457E-03  2.85485E-01
  5.0645831807E+01  5.0649998474E+01  2.93985E-03  2.73173E-01
  5.0649998474E+01  5.0654165141E+01  2.94717E-03  2.96053E-01
  5.0654165141E+01  5.0658331807E+01  2.95167E-03  3.00956E-01
  5.0658331807E+01  5.0662498474E+01  2.95495E-03  3.14611E-01
  5.0662498474E+01  5.0666665141E+01  2.95697E-03  2.97728E-01
  5.0666665141E+01  5.0670831807E+01  2.96367E-03  3.16491E-01
  5.0670831807E+01  5.0674998474E+01  2.95440E-03  2.93042E-01
  5.0674998474E+01  5.0679165141E+01  2.95329E-03  2.82396E-01
  5.0679165141E+01  5.0683331807E+01  2.95232E-03  2.43291E-01
  5.0683331807E+01  5.0687498474E+01  2.96220E-03  2.55965E-01
  5.0687498474E+01  5.0691665141E+01  2.96886E-03  2.41506E-01
  5.0691665141E+01  5.0695831807E+01  2.97464E-03  2.85517E-01
  5.0695831807E+01  5.0699998474E+01  2.97339E-03  2.57408E-01
  5.0699998474E+01  5.0704165141E+01  2.97066E-03  2.28699E-01
  5.0704165141E+01  5.0708331807E+01  2.97675E-03  2.73152E-01
  5.0708331807E+01  5.0712498474E+01  2.98435E-03  2.71897E-01
  5.0712498474E+01  5.0716665141E+01  2.99682E-03  3.13966E-01
  5.0716665141E+01  5.0720831807E+01  2.98066E-03  2.54660E-01
  5.0720831807E+01  5.0724998474E+01  2.98798E-03  3.19236E-01
  5.0724998474E+01  5.0729165141E+01  2.98596E-03  2.76283E-01
  5.0729165141E+01  5.0733331807E+01  2.98392E-03  2.52448E-01
  5.0733331807E+01  5.0737498474E+01  2.97766E-03  2.53002E-01
  5.0737498474E+01  5.0741665141E+01  2.99339E-03  2.83826E-01
  5.0741665141E+01  5.0745831807E+01  2.99371E-03  2.85714E-01
  5.0745831807E+01  5.0749998474E+01  2.98521E-03  2.59220E-01
  5.0749998474E+01  5.0754165141E+01  2.99277E-03  2.81941E-01
  5.0754165141E+01  5.0758331807E+01  2.98462E-03  2.62252E-01
  5.0758331807E+01  5.0762498474E+01  2.98790E-03  2.81752E-01
  5.0762498474E+01  5.0766665141E+01  2.98848E-03  2.75290E-01
  5.0766665141E+01  5.0770831807E+01  2.98028E-03  2.21891E-01
  5.0770831807E+01  5.0774998474E+01  2.98790E-03  2.63834E-01
  5.0774998474E+01  5.0779165141E+01  2.98433E-03  2.55154E-01
  5.0779165141E+01  5.0783331807E+01  3.00487E-03  3.17281E-01
  5.0783331807E+01  5.0787498474E+01  3.00500E-03  3.23881E-01
  5.0787498474E+01  5.0791665141E+01  2.99808E-03  2.64150E-01
  5.0791665141E+01  5.0795831807E+01  2.98793E-03  2.34920E-01
  5.0795831807E+01  5.0799998474E+01  2.99937E-03  2.76958E-01
  5.0799998474E+01  5.0804165141E+01  3.01603E-03  3.44315E-01
  5.0804165141E+01  5.0808331807E+01  3.01230E-03  3.03629E-01
  5.0808331807E+01  5.0812498474E+01  3.00932E-03  3.08745E-01
  5.0812498474E+01  5.0816665141E+01  3.00930E-03  3.00489E-01
  5.0816665141E+01  5.0820831807E+01  3.00171E-03  2.70562E-01
  5.0820831807E+01  5.0824998474E+01  3.00224E-03  2.59101E-01
  5.0824998474E+01  5.0829165141E+01  2.99994E-03  2.55082E-01
  5.0829165141E+01  5.0833331807E+01  3.00542E-03  3.08328E-01
  5.0833331807E+01  5.0837498474E+01  2.99232E-03  2.32638E-01
  5.0837498474E+01  5.0841665141E+01  2.99675E-03  2.57632E-01
  5.0841665141E+01  5.0845831807E+01  3.00215E-03  2.57284E-01
  5.0845831807E+01  5.0849998474E+01  3.01003E-03  3.04852E-01
  5.0849998474E+01  5.0854165141E+01  3.00161E-03  2.45712E-01
  5.0854165141E+01  5.0858331807E+01  3.00939E-03  2.81914E-01
  5.0858331807E+01  5.0862498474E+01  3.00768E-03  2.67192E-01
  5.0862498474E+01  5.0866665141E+01  3.00015E-03  2.38985E-01
  5.0866665141E+01  5.0870831807E+01  3.01472E-03  2.98978E-01
  5.0870831807E+01  5.0874998474E+01  3.01649E-03  2.79032E-01
  5.0874998474E+01  5.0879165141E+01  3.02025E-03  2.93350E-01
  5.0879165141E+01  5.0883331807E+01  3.01898E-03  2.70739E-01
  5.0883331807E+01  5.0887498474E+01  3.02942E-03  3.04525E-01
  5.0887498474E+01  5.0891665141E+01  3.02032E-03  2.89060E-01
  5.0891665141E+01  5.0895831807E+01  3.02032E-03  2.89593E-01
  5.0895831807E+01  5.0899998474E+01  3.01740E-03  2.57689E-01
  5.0899998474E+01  5.0904165141E+01  3.01785E-03  2.43880E-01
  5.0904165141E+01  5.0908331807E+01  3.02878E-03  3.04545E-01
  5.0908331807E+01  5.0912498474E+01  3.02168E-03  2.53104E-01
  5.0912498474E+01  5.0916665141E+01  3.02392E-03  2.70928E-01
  5.0916665141E+01  5.0920831807E+01  3.02991E-03  2.79235E-01
  5.0920831807E+01  5.0924998474E+01  3.02081E-03  2.50247E-01
  5.0924998474E+01  5.0929165141E+01  3.02711E-03  2.74307E-01
  5.0929165141E+01  5.0933331807E+01  3.03762E-03  3.02520E-01
  5.0933331807E+01  5.0937498474E+01  3.02353E-03  2.48280E-01
  5.0937498474E+01  5.0941665141E+01  3.02508E-03  2.43859E-01
  5.0941665141E+01  5.0945831807E+01  3.03127E-03  2.67540E-01
  5.0945831807E+01  5.0949998474E+01  3.02653E-03  2.73117E-01
  5.0949998474E+01  5.0954165141E+01  3.03220E-03  2.80890E-01
  5.0954165141E+01  5.0958331807E+01  3.02347E-03  2.51005E-01
  5.0958331807E+01  5.0962498474E+01  3.01937E-03  2.13517E-01
  5.0962498474E+01  5.0966665141E+01  3.03434E-03  2.58246E-01
  5.0966665141E+01  5.0970831807E+01  3.03898E-03  2.57723E-01
  5.0970831807E+01  5.0974998474E+01  3.05099E-03  3.28994E-01
  5.0974998474E+01  5.0979165141E+01  3.04417E-03  2.87367E-01
  5.0979165141E+01  5.0983331807E+01  3.02607E-03  2.05136E-01
  5.0983331807E+01  5.0987498474E+01  3.04648E-03  3.03616E-01
  5.0987498474E+01  5.0991665141E+01  3.03828E-03  2.32071E-01
  5.0991665141E+01  5.0995831807E+01  3.04222E-03  2.67054E-01
  5.0995831807E+01  5.0999998474E+01  3.04727E-03  2.67666E-01
  5.0999998474E+01  5.1004165141E+01  3.04756E-03  2.43679E-01
  5.1004165141E+01  5.1008331807E+01  3.04981E-03  2.55347E-01
  5.1008331807E+01  5.1012498474E+01  3.05789E-03  2.87515E-01
  5.1012498474E+01  5.1016665141E+01  3.05924E-03  2.61326E-01
  5.1016665141E+01  5.1020831807E+01  3.05719E-03  2.72286E-01
  5.1020831807E+01  5.1024998474E+01  3.05297E-03  2.41327E-01
  5.1024998474E+01  5.1029165141E+01  3.05265E-03  2.54304E-01
  5.1029165141E+01  5.1033331807E+01  3.05936E-03  2.80297E-01
  5.1033331807E+01  5.1037498474E+01  3.05346E-03  2.68933E-01
  5.1037498474E+01  5.1041665141E+01  3.05418E-03  2.42549E-01
  5.1041665141E+01  5.1045831807E+01  3.05083E-03  2.19852E-01
  5.1045831807E+01  5.1049998474E+01  3.05968E-03  2.36466E-01
  5.1049998474E+01  5.1054165141E+01  3.06966E-03  2.83216E-01
  5.1054165141E+01  5.1058331807E+01  3.06169E-03  2.53128E-01
  5.1058331807E+01  5.1062498474E+01  3.07856E-03  2.87847E-01
  5.1062498474E+01  5.1066665141E+01  3.06879E-03  2.63352E-01
  5.1066665141E+01  5.1070831807E+01  3.07585E-03  2.74995E-01
  5.1070831807E+01  5.1074998474E+01  3.07652E-03  2.83155E-01
  5.1074998474E+01  5.1079165141E+01  3.07975E-03  2.89286E-01
  5.1079165141E+01  5.1083331807E+01  3.08510E-03  3.27323E-01
  5.1083331807E+01  5.1087498474E+01  3.07322E-03  2.42525E-01
  5.1087498474E+01  5.1091665141E+01  3.07558E-03  2.76821E-01
  5.1091665141E+01  5.1095831807E+01  3.08358E-03  2.85350E-01
  5.1095831807E+01  5.1099998474E+01  3.08752E-03  3.17501E-01
  5.1099998474E+01  5.1104165141E+01  3.07975E-03  2.59189E-01
  5.1104165141E+01  5.1108331807E+01  3.08738E-03  2.67938E-01
  5.1108331807E+01  5.1112498474E+01  3.08751E-03  2.75803E-01
  5.1112498474E+01  5.1116665141E+01  3.08094E-03  2.57627E-01
  5.1116665141E+01  5.1120831807E+01  3.07946E-03  2.45705E-01
  5.1120831807E+01  5.1124998474E+01  3.09285E-03  3.02525E-01
  5.1124998474E+01  5.1129165141E+01  3.08228E-03  2.58739E-01
  5.1129165141E+01  5.1133331807E+01  3.08430E-03  2.52598E-01
  5.1133331807E+01  5.1137498474E+01  3.10184E-03  2.78490E-01
  5.1137498474E+01  5.1141665141E+01  3.09110E-03  2.61131E-01
  5.1141665141E+01  5.1145831807E+01  3.09005E-03  2.73513E-01
  5.1145831807E+01  5.1149998474E+01  3.08861E-03  2.46707E-01
  5.1149998474E+01  5.1154165141E+01  3.09192E-03  2.44755E-01
  5.1154165141E+01  5.1158331807E+01  3.09689E-03  3.02710E-01
  5.1158331807E+01  5.1162498474E+01  3.09280E-03  2.47122E-01
  5.1162498474E+01  5.1166665141E+01  3.09824E-03  2.60555E-01
  5.1166665141E+01  5.1170831807E+01  3.09704E-03  2.63857E-01
  5.1170831807E+01  5.1174998474E+01  3.10286E-03  2.62380E-01
  5.1174998474E+01  5.1179165141E+01  3.10356E-03  2.74994E-01
  5.1179165141E+01  5.1183331807E+01  3.10168E-03  2.52960E-01
  5.1183331807E+01  5.1187498474E+01  3.10541E-03  2.64023E-01
  5.1187498474E+01  5.1191665141E+01  3.10514E-03  2.43940E-01
  5.1191665141E+01  5.1195831807E+01  3.10568E-03  2.48804E-01
  5.1195831807E+01  5.1199998474E+01  3.10258E-03  2.41402E-01
  5.1199998474E+01  5.1204165141E+01  3.10586E-03  2.51516E-01
  5.1204165141E+01  5.1208331807E+01  3.10763E-03  2.68063E-01
  5.1208331807E+01  5.1212498474E+01  3.10804E-03  2.71110E-01
  5.1212498474E+01  5.1216665141E+01  3.11795E-03  2.92257E-01
  5.1216665141E+01  5.1220831807E+01  3.11463E-03  2.53921E-01
  5.1220831807E+01  5.1224998474E+01  3.11882E-03  2.69722E-01
  5.1224998474E+01  5.1229165141E+01  3.13228E-03  2.79055E-01
  5.1229165141E+01  5.1233331807E+01  3.12601E-03  2.94033E-01
  5.1233331807E+01  5.1237498474E+01  3.12066E-03  2.50612E-01
  5.1237498474E+01  5.1241665141E+01  3.11821E-03  2.53227E-01
  5.1241665141E+01  5.1245831807E+01  3.12830E-03  2.62131E-01
  5.1245831807E+01  5.1249998474E+01  3.12675E-03  2.69565E-01
  5.1249998474E+01  5.1254165141E+01  3.12872E-03  2.64190E-01
  5.1254165141E+01  5.1258331807E+01  3.11570E-03  2.35168E-01
  5.1258331807E+01  5.1262498474E+01  3.11557E-03  2.40802E-01
  5.1262498474E+01  5.1266665141E+01  3.12024E-03  2.38639E-01
  5.1266665141E+01  5.1270831807E+01  3.11944E-03  2.44217E-01
  5.1270831807E+01  5.1274998474E+01  3.12240E-03  2.26217E-01
  5.1274998474E+01  5.1279165141E+01  3.13140E-03  2.53533E-01
  5.1279165141E+01  5.1283331807E+01  3.14448E-03  2.88788E-01
  5.1283331807E+01  5.1287498474E+01  3.14083E-03  2.51589E-01
  5.1287498474E+01  5.1291665141E+01  3.14349E-03  2.53852E-01
  5.1291665141E+01  5.1295831807E+01  3.15671E-03  3.05767E-01
  5.1295831807E+01  5.1299998474E+01  3.15831E-03  2.87060E-01
  5.1299998474E+01  5.1304165141E+01  3.15091E-03  2.40054E-01
  5.1304165141E+01  5.1308331807E+01  3.15280E-03  2.37246E-01
  5.1308331807E+01  5.1312498474E+01  3.16283E-03  2.59173E-01
  5.1312498474E+01  5.1316665141E+01  3.16563E-03  2.76657E-01
  5.1316665141E+01  5.1320831807E+01  3.15710E-03  2.49925E-01
  5.1320831807E+01  5.1324998474E+01  3.17260E-03  2.93921E-01
  5.1324998474E+01  5.1329165141E+01  3.16711E-03  2.61632E-01
  5.1329165141E+01  5.1333331807E+01  3.17701E-03  2.90089E-01
  5.1333331807E+01  5.1337498474E+01  3.17424E-03  3.06246E-01
  5.1337498474E+01  5.1341665141E+01  3.17019E-03  2.78623E-01
  5.1341665141E+01  5.1345831807E+01  3.16288E-03  2.53846E-01
  5.1345831807E+01  5.1349998474E+01  3.16882E-03  2.48669E-01
  5.1349998474E+01  5.1354165141E+01  3.16845E-03  2.40171E-01
  5.1354165141E+01  5.1358331807E+01  3.17993E-03  2.68108E-01
  5.1358331807E+01  5.1362498474E+01  3.16902E-03  2.65978E-01
  5.1362498474E+01  5.1366665141E+01  3.17728E-03  2.89718E-01
  5.1366665141E+01  5.1370831807E+01  3.16750E-03  2.40866E-01
  5.1370831807E+01  5.1374998474E+01  3.17341E-03  2.52842E-01
  5.1374998474E+01  5.1379165141E+01  3.17483E-03  2.60201E-01
  5.1379165141E+01  5.1383331807E+01  3.17241E-03  2.30573E-01
  5.1383331807E+01  5.1387498474E+01  3.18214E-03  2.77219E-01
  5.1387498474E+01  5.1391665141E+01  3.17169E-03  2.35564E-01
  5.1391665141E+01  5.1395831807E+01  3.18085E-03  2.76971E-01
  5.1395831807E+01  5.1399998474E+01  3.17546E-03  2.34229E-01
  5.1399998474E+01  5.1404165141E+01  3.19023E-03  2.67596E-01
  5.1404165141E+01  5.1408331807E+01  3.18433E-03  2.44962E-01
  5.1408331807E+01  5.1412498474E+01  3.19904E-03  2.69287E-01
  5.1412498474E+01  5.1416665141E+01  3.20889E-03  3.20457E-01
  5.1416665141E+01  5.1420831807E+01  3.18919E-03  2.59072E-01
  5.1420831807E+01  5.1424998474E+01  3.18644E-03  2.29162E-01
  5.1424998474E+01  5.1429165141E+01  3.20059E-03  2.79335E-01
  5.1429165141E+01  5.1433331807E+01  3.20294E-03  2.67921E-01
  5.1433331807E+01  5.1437498474E+01  3.19827E-03  2.47552E-01
  5.1437498474E+01  5.1441665141E+01  3.20510E-03  2.74193E-01
  5.1441665141E+01  5.1445831807E+01  3.20922E-03  2.75817E-01
  5.1445831807E+01  5.1449998474E+01  3.22821E-03  3.42166E-01
  5.1449998474E+01  5.1454165141E+01  3.21451E-03  2.79160E-01
  5.1454165141E+01  5.1458331807E+01  3.21686E-03  2.81733E-01
  5.1458331807E+01  5.1462498474E+01  3.21203E-03  2.77756E-01
  5.1462498474E+01  5.1466665141E+01  3.20018E-03  2.18516E-01
  5.1466665141E+01  5.1470831807E+01  3.21648E-03  2.92429E-01
  5.1470831807E+01  5.1474998474E+01  3.21130E-03  2.49304E-01
  5.1474998474E+01  5.1479165141E+01  3.21755E-03  2.65753E-01
  5.1479165141E+01  5.1483331807E+01  3.21717E-03  2.41374E-01
  5.1483331807E+01  5.1487498474E+01  3.22662E-03  2.76167E-01
  5.1487498474E+01  5.1491665141E+01  3.22647E-03  2.69058E-01
  5.1491665141E+01  5.1495831807E+01  3.22745E-03  2.83388E-01
  5.1495831807E+01  5.1499998474E+01  3.22497E-03  2.70471E-01
  5.1499998474E+01  5.1504165141E+01  3.21426E-03  2.40240E-01
  5.1504165141E+01  5.1508331807E+01  3.23133E-03  2.79477E-01
  5.1508331807E+01  5.1512498474E+01  3.23721E-03  3.10214E-01
  5.1512498474E+01  5.1516665141E+01  3.22363E-03  2.51413E-01
  5.1516665141E+01  5.1520831807E+01  3.22701E-03  2.56784E-01
  5.1520831807E+01  5.1524998474E+01  3.24252E-03  2.93086E-01
  5.1524998474E+01  5.1529165141E+01  3.21771E-03  2.14253E-01
  5.1529165141E+01  5.1533331807E+01  3.23425E-03  2.68380E-01
  5.1533331807E+01  5.1537498474E+01  3.22573E-03  2.46269E-01
  5.1537498474E+01  5.1541665141E+01  3.23893E-03  2.87710E-01
  5.1541665141E+01  5.1545831807E+01  3.23425E-03  2.55986E-01
  5.1545831807E+01  5.1549998474E+01  3.22494E-03  2.21750E-01
  5.1549998474E+01  5.1554165141E+01  3.24070E-03  2.83027E-01
  5.1554165141E+01  5.1558331807E+01  3.23910E-03  2.56192E-01
  5.1558331807E+01  5.1562498474E+01  3.23106E-03  2.41369E-01
  5.1562498474E+01  5.1566665141E+01  3.23440E-03  2.31492E-01
  5.1566665141E+01  5.1570831807E+01  3.23980E-03  2.36495E-01
  5.1570831807E+01  5.1574998474E+01  3.24224E-03  2.35630E-01
  5.1574998474E+01  5.1579165141E+01  3.24603E-03  2.44967E-01
  5.1579165141E+01  5.1583331807E+01  3.24739E-03  2.50029E-01
  5.1583331807E+01  5.1587498474E+01  3.25041E-03  2.58585E-01
  5.1587498474E+01  5.1591665141E+01  3.25436E-03  2.56323E-01
  5.1591665141E+01  5.1595831807E+01  3.25014E-03  2.27460E-01
  5.1595831807E+01  5.1599998474E+01  3.25498E-03  2.34513E-01
  5.1599998474E+01  5.1604165141E+01  3.26370E-03  2.97071E-01
  5.1604165141E+01  5.1608331807E+01  3.25693E-03  2.43651E-01
  5.1608331807E+01  5.1612498474E+01  3.26233E-03  2.35241E-01
  5.1612498474E+01  5.1616665141E+01  3.25684E-03  2.39303E-01
  5.1616665141E+01  5.1620831807E+01  3.26214E-03  2.32492E-01
  5.1620831807E+01  5.1624998474E+01  3.27057E-03  3.02407E-01
  5.1624998474E+01  5.1629165141E+01  3.27218E-03  2.50538E-01
  5.1629165141E+01  5.1633331807E+01  3.26474E-03  2.39393E-01
  5.1633331807E+01  5.1637498474E+01  3.27558E-03  2.85522E-01
  5.1637498474E+01  5.1641665141E+01  3.28464E-03  2.80661E-01
  5.1641665141E+01  5.1645831807E+01  3.27309E-03  2.38824E-01
  5.1645831807E+01  5.1649998474E+01  3.29543E-03  3.09117E-01
  5.1649998474E+01  5.1654165141E+01  3.28617E-03  2.52858E-01
  5.1654165141E+01  5.1658331807E+01  3.28269E-03  2.49650E-01
  5.1658331807E+01  5.1662498474E+01  3.28095E-03  2.53146E-01
  5.1662498474E+01  5.1666665141E+01  3.28064E-03  2.39273E-01
  5.1666665141E+01  5.1670831807E+01  3.29119E-03  2.79273E-01
  5.1670831807E+01  5.1674998474E+01  3.28835E-03  2.63747E-01
  5.1674998474E+01  5.1679165141E+01  3.29445E-03  2.70344E-01
  5.1679165141E+01  5.1683331807E+01  3.29277E-03  2.63643E-01
  5.1683331807E+01  5.1687498474E+01  3.29763E-03  2.64107E-01
  5.1687498474E+01  5.1691665141E+01  3.29596E-03  2.56877E-01
  5.1691665141E+01  5.1695831807E+01  3.30190E-03  2.60472E-01
  5.1695831807E+01  5.1699998474E+01  3.29943E-03  2.65081E-01
  5.1699998474E+01  5.1704165141E+01  3.30363E-03  2.73823E-01
  5.1704165141E+01  5.1708331807E+01  3.30082E-03  2.67143E-01
  5.1708331807E+01  5.1712498474E+01  3.29619E-03  2.37230E-01
  5.1712498474E+01  5.1716665141E+01  3.30831E-03  2.60747E-01
  5.1716665141E+01  5.1720831807E+01  3.30645E-03  2.55438E-01
  5.1720831807E+01  5.1724998474E+01  3.30241E-03  2.35769E-01
  5.1724998474E+01  5.1729165141E+01  3.31943E-03  2.77574E-01
  5.1729165141E+01  5.1733331807E+01  3.31905E-03  2.82144E-01
  5.1733331807E+01  5.1737498474E+01  3.32198E-03  3.02576E-01
  5.1737498474E+01  5.1741665141E+01  3.31520E-03  2.77628E-01
  5.1741665141E+01  5.1745831807E+01  3.30474E-03  2.29456E-01
  5.1745831807E+01  5.1749998474E+01  3.31810E-03  2.39810E-01
  5.1749998474E+01  5.1754165141E+01  3.31856E-03  2.49021E-01
  5.1754165141E+01  5.1758331807E+01  3.32387E-03  2.54117E-01
  5.1758331807E+01  5.1762498474E+01  3.32102E-03  2.59847E-01
  5.1762498474E+01  5.1766665141E+01  3.31497E-03  2.38080E-01
  5.1766665141E+01  5.1770831807E+01  3.31742E-03  2.33092E-01
  5.1770831807E+01  5.1774998474E+01  3.32121E-03  2.39189E-01
  5.1774998474E+01  5.1779165141E+01  3.32569E-03  2.39426E-01
  5.1779165141E+01  5.1783331807E+01  3.34540E-03  3.09366E-01
  5.1783331807E+01  5.1787498474E+01  3.33400E-03  2.55201E-01
  5.1787498474E+01  5.1791665141E+01  3.35170E-03  2.71345E-01
  5.1791665141E+01  5.1795831807E+01  3.33886E-03  2.40863E-01
  5.1795831807E+01  5.1799998474E+01  3.34087E-03  2.42618E-01
  5.1799998474E+01  5.1804165141E+01  3.34743E-03  2.69577E-01
  5.1804165141E+01  5.1808331807E+01  3.33372E-03  2.20229E-01
  5.1808331807E+01  5.1812498474E+01  3.35397E-03  2.50555E-01
  5.1812498474E+01  5.1816665141E+01  3.34751E-03  2.26826E-01
  5.1816665141E+01  5.1820831807E+01  3.34347E-03  2.20423E-01
  5.1820831807E+01  5.1824998474E+01  3.35352E-03  2.52013E-01
  5.1824998474E+01  5.1829165141E+01  3.35741E-03  2.36041E-01
  5.1829165141E+01  5.1833331807E+01  3.36149E-03  2.43782E-01
  5.1833331807E+01  5.1837498474E+01  3.35193E-03  2.18030E-01
  5.1837498474E+01  5.1841665141E+01  3.36587E-03  2.73463E-01
  5.1841665141E+01  5.1845831807E+01  3.36163E-03  2.27584E-01
  5.1845831807E+01  5.1849998474E+01  3.35940E-03  2.19776E-01
  5.1849998474E+01  5.1854165141E+01  3.36125E-03  2.38759E-01
  5.1854165141E+01  5.1858331807E+01  3.36552E-03  2.33935E-01
  5.1858331807E+01  5.1862498474E+01  3.36689E-03  2.36185E-01
  5.1862498474E+01  5.1866665141E+01  3.37559E-03  2.35826E-01
  5.1866665141E+01  5.1870831807E+01  3.39485E-03  3.03415E-01
  5.1870831807E+01  5.1874998474E+01  3.38287E-03  2.56766E-01
  5.1874998474E+01  5.1879165141E+01  3.37841E-03  2.38736E-01
  5.1879165141E+01  5.1883331807E+01  3.37799E-03  2.45418E-01
  5.1883331807E+01  5.1887498474E+01  3.37476E-03  2.32239E-01
  5.1887498474E+01  5.1891665141E+01  3.37844E-03  2.18298E-01
  5.1891665141E+01  5.1895831807E+01  3.39139E-03  2.66266E-01
  5.1895831807E+01  5.1899998474E+01  3.40162E-03  2.72821E-01
  5.1899998474E+01  5.1904165141E+01  3.39660E-03  2.51779E-01
  5.1904165141E+01  5.1908331807E+01  3.39502E-03  2.45790E-01
  5.1908331807E+01  5.1912498474E+01  3.40086E-03  2.51813E-01
  5.1912498474E+01  5.1916665141E+01  3.39723E-03  2.75756E-01
  5.1916665141E+01  5.1920831807E+01  3.39740E-03  2.59997E-01
  5.1920831807E+01  5.1924998474E+01  3.39712E-03  2.45027E-01
  5.1924998474E+01  5.1929165141E+01  3.38513E-03  2.01726E-01
  5.1929165141E+01  5.1933331807E+01  3.39808E-03  2.37020E-01
  5.1933331807E+01  5.1937498474E+01  3.41947E-03  2.77124E-01
  5.1937498474E+01  5.1941665141E+01  3.41354E-03  3.06051E-01
  5.1941665141E+01  5.1945831807E+01  3.40205E-03  2.24278E-01
  5.1945831807E+01  5.1949998474E+01  3.40020E-03  2.20843E-01
  5.1949998474E+01  5.1954165141E+01  3.42139E-03  2.74794E-01
  5.1954165141E+01  5.1958331807E+01  3.40978E-03  2.42901E-01
  5.1958331807E+01  5.1962498474E+01  3.40941E-03  2.31319E-01
  5.1962498474E+01  5.1966665141E+01  3.42343E-03  2.58428E-01
  5.1966665141E+01  5.1970831807E+01  3.41851E-03  2.48590E-01
  5.1970831807E+01  5.1974998474E+01  3.41769E-03  2.50894E-01
  5.1974998474E+01  5.1979165141E+01  3.42359E-03  2.64307E-01
  5.1979165141E+01  5.1983331807E+01  3.41725E-03  2.41954E-01
  5.1983331807E+01  5.1987498474E+01  3.42038E-03  2.56537E-01
  5.1987498474E+01  5.1991665141E+01  3.42079E-03  2.40685E-01
  5.1991665141E+01  5.1995831807E+01  3.42531E-03  2.37891E-01
  5.1995831807E+01  5.1999998474E+01  3.42977E-03  2.38622E-01
  5.1999998474E+01  5.2004165141E+01  3.43624E-03  2.41710E-01
  5.2004165141E+01  5.2008331807E+01  3.42544E-03  2.19587E-01
  5.2008331807E+01  5.2012498474E+01  3.43298E-03  2.46125E-01
  5.2012498474E+01  5.2016665141E+01  3.43852E-03  2.48229E-01
  5.2016665141E+01  5.2020831807E+01  3.43612E-03  2.41786E-01
  5.2020831807E+01  5.2024998474E+01  3.43304E-03  2.34163E-01
  5.2024998474E+01  5.2029165141E+01  3.43003E-03  2.17237E-01
  5.2029165141E+01  5.2033331807E+01  3.44236E-03  2.55160E-01
  5.2033331807E+01  5.2037498474E+01  3.45046E-03  2.44716E-01
  5.2037498474E+01  5.2041665141E+01  3.45170E-03  2.52393E-01
  5.2041665141E+01  5.2045831807E+01  3.45264E-03  2.45744E-01
  5.2045831807E+01  5.2049998474E+01  3.45636E-03  2.44027E-01
  5.2049998474E+01  5.2054165141E+01  3.44757E-03  2.20807E-01
  5.2054165141E+01  5.2058331807E+01  3.45622E-03  2.58218E-01
  5.2058331807E+01  5.2062498474E+01  3.45636E-03  2.46001E-01
  5.2062498474E+01  5.2066665141E+01  3.46948E-03  2.68587E-01
  5.2066665141E+01  5.2070831807E+01  3.45779E-03  2.29263E-01
  5.2070831807E+01  5.2074998474E+01  3.45766E-03  2.37868E-01
  5.2074998474E+01  5.2079165141E+01  3.47113E-03  2.43908E-01
  5.2079165141E+01  5.2083331807E+01  3.48552E-03  2.92928E-01
  5.2083331807E+01  5.2087498474E+01  3.47782E-03  2.43708E-01
  5.2087498474E+01  5.2091665141E+01  3.48330E-03  2.49788E-01
  5.2091665141E+01  5.2095831807E+01  3.48746E-03  2.74556E-01
  5.2095831807E+01  5.2099998474E+01  3.47702E-03  2.29767E-01
  5.2099998474E+01  5.2104165141E+01  3.48405E-03  2.52007E-01
  5.2104165141E+01  5.2108331807E+01  3.47955E-03  2.25195E-01
  5.2108331807E+01  5.2112498474E+01  3.48909E-03  2.60003E-01
  5.2112498474E+01  5.2116665141E+01  3.49102E-03  2.52812E-01
  5.2116665141E+01  5.2120831807E+01  3.48713E-03  2.28640E-01
  5.2120831807E+01  5.2124998474E+01  3.48589E-03  2.32238E-01
  5.2124998474E+01  5.2129165141E+01  3.48773E-03  2.34318E-01
  5.2129165141E+01  5.2133331807E+01  3.48777E-03  2.33982E-01
  5.2133331807E+01  5.2137498474E+01  3.49973E-03  2.51125E-01
  5.2137498474E+01  5.2141665141E+01  3.50062E-03  2.33737E-01
  5.2141665141E+01  5.2145831807E+01  3.50370E-03  2.33923E-01
  5.2145831807E+01  5.2149998474E+01  3.50545E-03  2.43300E-01
  5.2149998474E+01  5.2154165141E+01  3.51161E-03  2.55229E-01
  5.2154165141E+01  5.2158331807E+01  3.51682E-03  2.53491E-01
  5.2158331807E+01  5.2162498474E+01  3.51419E-03  2.50719E-01
  5.2162498474E+01  5.2166665141E+01  3.51657E-03  2.73178E-01
  5.2166665141E+01  5.2170831807E+01  3.51484E-03  2.34800E-01
  5.2170831807E+01  5.2174998474E+01  3.52307E-03  2.71558E-01
  5.2174998474E+01  5.2179165141E+01  3.52337E-03  2.47901E-01
  5.2179165141E+01  5.2183331807E+01  3.51780E-03  2.28967E-01
  5.2183331807E+01  5.2187498474E+01  3.52179E-03  2.49098E-01
  5.2187498474E+01  5.2191665141E+01  3.52028E-03  2.36839E-01
  5.2191665141E+01  5.2195831807E+01  3.53154E-03  2.44862E-01
  5.2195831807E+01  5.2199998474E+01  3.54414E-03  2.78671E-01
  5.2199998474E+01  5.2204165141E+01  3.54152E-03  2.79173E-01
  5.2204165141E+01  5.2208331807E+01  3.53337E-03  2.50345E-01
  5.2208331807E+01  5.2212498474E+01  3.53117E-03  2.17653E-01
  5.2212498474E+01  5.2216665141E+01  3.54624E-03  2.53430E-01
  5.2216665141E+01  5.2220831807E+01  3.54479E-03  2.59360E-01
  5.2220831807E+01  5.2224998474E+01  3.54550E-03  2.27596E-01
  5.2224998474E+01  5.2229165141E+01  3.54379E-03  2.30362E-01
  5.2229165141E+01  5.2233331807E+01  3.54348E-03  2.38306E-01
  5.2233331807E+01  5.2237498474E+01  3.54596E-03  2.40355E-01
  5.2237498474E+01  5.2241665141E+01  3.55864E-03  2.69895E-01
  5.2241665141E+01  5.2245831807E+01  3.56569E-03  2.66941E-01
  5.2245831807E+01  5.2249998474E+01  3.55447E-03  2.34430E-01
  5.2249998474E+01  5.2254165141E+01  3.56519E-03  2.58279E-01
  5.2254165141E+01  5.2258331807E+01  3.56982E-03  2.37838E-01
  5.2258331807E+01  5.2262498474E+01  3.57439E-03  2.49989E-01
  5.2262498474E+01  5.2266665141E+01  3.56349E-03  2.21514E-01
  5.2266665141E+01  5.2270831807E+01  3.56949E-03  2.23795E-01
  5.2270831807E+01  5.2274998474E+01  3.56616E-03  2.13463E-01
  5.2274998474E+01  5.2279165141E+01  3.58012E-03  2.26365E-01
  5.2279165141E+01  5.2283331807E+01  3.59034E-03  2.62946E-01
  5.2283331807E+01  5.2287498474E+01  3.58865E-03  2.32969E-01
  5.2287498474E+01  5.2291665141E+01  3.60005E-03  2.58281E-01
  5.2291665141E+01  5.2295831807E+01  3.58771E-03  2.18694E-01
  5.2295831807E+01  5.2299998474E+01  3.59764E-03  2.44838E-01
  5.2299998474E+01  5.2304165141E+01  3.59073E-03  2.21475E-01
  5.2304165141E+01  5.2308331807E+01  3.59739E-03  2.44235E-01
  5.2308331807E+01  5.2312498474E+01  3.59673E-03  2.23028E-01
  5.2312498474E+01  5.2316665141E+01  3.60706E-03  2.41082E-01
  5.2316665141E+01  5.2320831807E+01  3.59961E-03  2.28255E-01
  5.2320831807E+01  5.2324998474E+01  3.60259E-03  2.33853E-01
  5.2324998474E+01  5.2329165141E+01  3.60884E-03  2.46848E-01
  5.2329165141E+01  5.2333331807E+01  3.61342E-03  2.58512E-01
  5.2333331807E+01  5.2337498474E+01  3.61209E-03  2.44492E-01
  5.2337498474E+01  5.2341665141E+01  3.61348E-03  2.31624E-01
  5.2341665141E+01  5.2345831807E+01  3.62589E-03  2.39001E-01
  5.2345831807E+01  5.2349998474E+01  3.63504E-03  2.60983E-01
  5.2349998474E+01  5.2354165141E+01  3.63668E-03  2.79964E-01
  5.2354165141E+01  5.2358331807E+01  3.62534E-03  2.30143E-01
  5.2358331807E+01  5.2362498474E+01  3.62784E-03  2.41011E-01
  5.2362498474E+01  5.2366665141E+01  3.62225E-03  2.18130E-01
  5.2366665141E+01  5.2370831807E+01  3.63737E-03  2.46484E-01
  5.2370831807E+01  5.2374998474E+01  3.63585E-03  2.54364E-01
  5.2374998474E+01  5.2379165141E+01  3.62042E-03  2.06849E-01
  5.2379165141E+01  5.2383331807E+01  3.62637E-03  2.11938E-01
  5.2383331807E+01  5.2387498474E+01  3.63501E-03  2.35810E-01
  5.2387498474E+01  5.2391665141E+01  3.64264E-03  2.49236E-01
  5.2391665141E+01  5.2395831807E+01  3.65184E-03  2.53924E-01
  5.2395831807E+01  5.2399998474E+01  3.65341E-03  2.51367E-01
  5.2399998474E+01  5.2404165141E+01  3.65582E-03  2.64478E-01
  5.2404165141E+01  5.2408331807E+01  3.64915E-03  2.42216E-01
  5.2408331807E+01  5.2412498474E+01  3.65492E-03  2.46215E-01
  5.2412498474E+01  5.2416665141E+01  3.65392E-03  2.35413E-01
  5.2416665141E+01  5.2420831807E+01  3.65049E-03  2.31794E-01
  5.2420831807E+01  5.2424998474E+01  3.65459E-03  2.32516E-01
  5.2424998474E+01  5.2429165141E+01  3.66038E-03  2.35409E-01
  5.2429165141E+01  5.2433331807E+01  3.65022E-03  1.96763E-01
  5.2433331807E+01  5.2437498474E+01  3.65337E-03  2.18001E-01
  5.2437498474E+01  5.2441665141E+01  3.65789E-03  2.09811E-01
  5.2441665141E+01  5.2445831807E+01  3.66756E-03  2.33647E-01
  5.2445831807E+01  5.2449998474E+01  3.66947E-03  2.18963E-01
  5.2449998474E+01  5.2454165141E+01  3.67442E-03  2.36155E-01
  5.2454165141E+01  5.2458331807E+01  3.67234E-03  2.17852E-01
  5.2458331807E+01  5.2462498474E+01  3.67608E-03  2.30644E-01
  5.2462498474E+01  5.2466665141E+01  3.68092E-03  2.22971E-01
  5.2466665141E+01  5.2470831807E+01  3.69184E-03  2.43109E-01
  5.2470831807E+01  5.2474998474E+01  3.68869E-03  2.28153E-01
  5.2474998474E+01  5.2479165141E+01  3.69451E-03  2.25724E-01
  5.2479165141E+01  5.2483331807E+01  3.69075E-03  2.16327E-01
  5.2483331807E+01  5.2487498474E+01  3.69520E-03  2.20415E-01
  5.2487498474E+01  5.2491665141E+01  3.71115E-03  2.63760E-01
  5.2491665141E+01  5.2495831807E+01  3.70849E-03  2.45854E-01
  5.2495831807E+01  5.2499998474E+01  3.70176E-03  2.21835E-01
  5.2499998474E+01  5.2504165141E+01  3.70786E-03  2.32540E-01
  5.2504165141E+01  5.2508331807E+01  3.69982E-03  2.06710E-01
  5.2508331807E+01  5.2512498474E+01  3.71609E-03  2.34088E-01
  5.2512498474E+01  5.2516665141E+01  3.71473E-03  2.31068E-01
  5.2516665141E+01  5.2520831807E+01  3.71977E-03  2.35846E-01
  5.2520831807E+01  5.2524998474E+01  3.72364E-03  2.33694E-01
  5.2524998474E+01  5.2529165141E+01  3.72602E-03  2.44887E-01
  5.2529165141E+01  5.2533331807E+01  3.72822E-03  2.29266E-01
  5.2533331807E+01  5.2537498474E+01  3.72598E-03  2.21335E-01
  5.2537498474E+01  5.2541665141E+01  3.73180E-03  2.23388E-01
  5.2541665141E+01  5.2545831807E+01  3.73217E-03  2.21120E-01
  5.2545831807E+01  5.2549998474E+01  3.73526E-03  2.25080E-01
  5.2549998474E+01  5.2554165141E+01  3.73716E-03  2.18393E-01
  5.2554165141E+01  5.2558331807E+01  3.74276E-03  2.25736E-01
  5.2558331807E+01  5.2562498474E+01  3.74631E-03  2.33011E-01
  5.2562498474E+01  5.2566665141E+01  3.74878E-03  2.20935E-01
  5.2566665141E+01  5.2570831807E+01  3.75240E-03  2.21478E-01
  5.2570831807E+01  5.2574998474E+01  3.75714E-03  2.20517E-01
  5.2574998474E+01  5.2579165141E+01  3.76415E-03  2.31104E-01
  5.2579165141E+01  5.2583331807E+01  3.76177E-03  2.11693E-01
  5.2583331807E+01  5.2587498474E+01  3.76277E-03  2.07600E-01
  5.2587498474E+01  5.2591665141E+01  3.77066E-03  2.42516E-01
  5.2591665141E+01  5.2595831807E+01  3.77483E-03  2.21281E-01
  5.2595831807E+01  5.2599998474E+01  3.78109E-03  2.39834E-01
  5.2599998474E+01  5.2604165141E+01  3.78425E-03  2.33587E-01
  5.2604165141E+01  5.2608331807E+01  3.79234E-03  2.37216E-01
  5.2608331807E+01  5.2612498474E+01  3.80031E-03  2.56573E-01
  5.2612498474E+01  5.2616665141E+01  3.80798E-03  2.63990E-01
  5.2616665141E+01  5.2620831807E+01  3.79487E-03  2.28959E-01
  5.2620831807E+01  5.2624998474E+01  3.80378E-03  2.30207E-01
  5.2624998474E+01  5.2629165141E+01  3.81259E-03  2.55494E-01
  5.2629165141E+01  5.2633331807E+01  3.80523E-03  2.29145E-01
  5.2633331807E+01  5.2637498474E+01  3.81666E-03  2.39046E-01
  5.2637498474E+01  5.2641665141E+01  3.81464E-03  2.43959E-01
  5.2641665141E+01  5.2645831807E+01  3.82173E-03  2.28861E-01
  5.2645831807E+01  5.2649998474E+01  3.81091E-03  2.13403E-01
  5.2649998474E+01  5.2654165141E+01  3.82195E-03  2.32533E-01
  5.2654165141E+01  5.2658331807E+01  3.82926E-03  2.41759E-01
  5.2658331807E+01  5.2662498474E+01  3.84037E-03  2.53032E-01
  5.2662498474E+01  5.2666665141E+01  3.83971E-03  2.47390E-01
  5.2666665141E+01  5.2670831807E+01  3.83410E-03  2.16210E-01
  5.2670831807E+01  5.2674998474E+01  3.83915E-03  2.41673E-01
  5.2674998474E+01  5.2679165141E+01  3.84234E-03  2.40031E-01
  5.2679165141E+01  5.2683331807E+01  3.85001E-03  2.34495E-01
  5.2683331807E+01  5.2687498474E+01  3.84541E-03  2.22946E-01
  5.2687498474E+01  5.2691665141E+01  3.85082E-03  2.46961E-01
  5.2691665141E+01  5.2695831807E+01  3.85607E-03  2.38886E-01
  5.2695831807E+01  5.2699998474E+01  3.87115E-03  2.71814E-01
  5.2699998474E+01  5.2704165141E+01  3.86873E-03  2.42067E-01
  5.2704165141E+01  5.2708331807E+01  3.86323E-03  2.15465E-01
  5.2708331807E+01  5.2712498474E+01  3.87093E-03  2.24371E-01
  5.2712498474E+01  5.2716665141E+01  3.87686E-03  2.35436E-01
  5.2716665141E+01  5.2720831807E+01  3.88723E-03  2.31897E-01
  5.2720831807E+01  5.2724998474E+01  3.87867E-03  2.25265E-01
  5.2724998474E+01  5.2729165141E+01  3.87124E-03  2.10577E-01
  5.2729165141E+01  5.2733331807E+01  3.87192E-03  1.99786E-01
  5.2733331807E+01  5.2737498474E+01  3.87705E-03  2.16211E-01
  5.2737498474E+01  5.2741665141E+01  3.88329E-03  2.13552E-01
  5.2741665141E+01  5.2745831807E+01  3.88258E-03  2.20390E-01
  5.2745831807E+01  5.2749998474E+01  3.89185E-03  2.19558E-01
  5.2749998474E+01  5.2754165141E+01  3.90073E-03  2.27206E-01
  5.2754165141E+01  5.2758331807E+01  3.90696E-03  2.29072E-01
  5.2758331807E+01  5.2762498474E+01  3.91677E-03  2.46035E-01
  5.2762498474E+01  5.2766665141E+01  3.90567E-03  2.28639E-01
  5.2766665141E+01  5.2770831807E+01  3.91421E-03  2.37007E-01
  5.2770831807E+01  5.2774998474E+01  3.91373E-03  2.44024E-01
  5.2774998474E+01  5.2779165141E+01  3.91733E-03  2.23046E-01
  5.2779165141E+01  5.2783331807E+01  3.92359E-03  2.23450E-01
  5.2783331807E+01  5.2787498474E+01  3.93192E-03  2.25402E-01
  5.2787498474E+01  5.2791665141E+01  3.93956E-03  2.29351E-01
  5.2791665141E+01  5.2795831807E+01  3.95842E-03  2.64616E-01
  5.2795831807E+01  5.2799998474E+01  3.95002E-03  2.39704E-01
  5.2799998474E+01  5.2804165141E+01  3.95008E-03  2.23783E-01
  5.2804165141E+01  5.2808331807E+01  3.95908E-03  2.36986E-01
  5.2808331807E+01  5.2812498474E+01  3.95869E-03  2.20989E-01
  5.2812498474E+01  5.2816665141E+01  3.95546E-03  2.34419E-01
  5.2816665141E+01  5.2820831807E+01  3.96946E-03  2.67353E-01
  5.2820831807E+01  5.2824998474E+01  3.96573E-03  2.31288E-01
  5.2824998474E+01  5.2829165141E+01  3.96730E-03  2.31681E-01
  5.2829165141E+01  5.2833331807E+01  3.96102E-03  2.07636E-01
  5.2833331807E+01  5.2837498474E+01  3.96790E-03  2.19872E-01
  5.2837498474E+01  5.2841665141E+01  3.97569E-03  2.21836E-01
  5.2841665141E+01  5.2845831807E+01  3.98014E-03  2.13582E-01
  5.2845831807E+01  5.2849998474E+01  3.99208E-03  2.23179E-01
  5.2849998474E+01  5.2854165141E+01  3.98570E-03  2.15907E-01
  5.2854165141E+01  5.2858331807E+01  3.99584E-03  2.30623E-01
  5.2858331807E+01  5.2862498474E+01  4.00893E-03  2.49578E-01
  5.2862498474E+01  5.2866665141E+01  4.02060E-03  2.75466E-01
  5.2866665141E+01  5.2870831807E+01  4.00588E-03  2.15252E-01
  5.2870831807E+01  5.2874998474E+01  4.01399E-03  2.40782E-01
  5.2874998474E+01  5.2879165141E+01  4.01567E-03  2.27982E-01
  5.2879165141E+01  5.2883331807E+01  4.01658E-03  2.20545E-01
  5.2883331807E+01  5.2887498474E+01  4.01223E-03  2.01161E-01
  5.2887498474E+01  5.2891665141E+01  4.01664E-03  2.13867E-01
  5.2891665141E+01  5.2895831807E+01  4.02359E-03  2.20588E-01
  5.2895831807E+01  5.2899998474E+01  4.03690E-03  2.28441E-01
  5.2899998474E+01  5.2904165141E+01  4.03333E-03  2.07753E-01
  5.2904165141E+01  5.2908331807E+01  4.04021E-03  2.30702E-01
  5.2908331807E+01  5.2912498474E+01  4.05074E-03  2.23727E-01
  5.2912498474E+01  5.2916665141E+01  4.04447E-03  2.09050E-01
  5.2916665141E+01  5.2920831807E+01  4.05813E-03  2.19794E-01
  5.2920831807E+01  5.2924998474E+01  4.08477E-03  2.69675E-01
  5.2924998474E+01  5.2929165141E+01  4.06621E-03  2.22361E-01
  5.2929165141E+01  5.2933331807E+01  4.07598E-03  2.31821E-01
  5.2933331807E+01  5.2937498474E+01  4.06943E-03  2.05273E-01
  5.2937498474E+01  5.2941665141E+01  4.07344E-03  2.31000E-01
  5.2941665141E+01  5.2945831807E+01  4.06758E-03  2.06411E-01
  5.2945831807E+01  5.2949998474E+01  4.07058E-03  2.07322E-01
  5.2949998474E+01  5.2954165141E+01  4.08264E-03  2.18298E-01
  5.2954165141E+01  5.2958331807E+01  4.08820E-03  2.24409E-01
  5.2958331807E+01  5.2962498474E+01  4.09556E-03  2.22190E-01
  5.2962498474E+01  5.2966665141E+01  4.10521E-03  2.19859E-01
  5.2966665141E+01  5.2970831807E+01  4.10620E-03  2.22653E-01
  5.2970831807E+01  5.2974998474E+01  4.10590E-03  2.18115E-01
  5.2974998474E+01  5.2979165141E+01  4.10773E-03  2.09221E-01
  5.2979165141E+01  5.2983331807E+01  4.11336E-03  2.12187E-01
  5.2983331807E+01  5.2987498474E+01  4.12637E-03  2.51751E-01
  5.2987498474E+01  5.2991665141E+01  4.11557E-03  2.06747E-01
  5.2991665141E+01  5.2995831807E+01  4.12737E-03  2.32816E-01
  5.2995831807E+01  5.2999998474E+01  4.13427E-03  2.27728E-01
  5.2999998474E+01  5.3004165141E+01  4.13058E-03  2.09566E-01
  5.3004165141E+01  5.3008331807E+01  4.14925E-03  2.34117E-01
  5.3008331807E+01  5.3012498474E+01  4.14331E-03  2.08502E-01
  5.3012498474E+01  5.3016665141E+01  4.16176E-03  2.35606E-01
  5.3016665141E+01  5.3020831807E+01  4.15993E-03  2.18090E-01
  5.3020831807E+01  5.3024998474E+01  4.16937E-03  2.25370E-01
  5.3024998474E+01  5.3029165141E+01  4.16373E-03  2.11534E-01
  5.3029165141E+01  5.3033331807E+01  4.17989E-03  2.32427E-01
  5.3033331807E+01  5.3037498474E+01  4.18892E-03  2.41022E-01
  5.3037498474E+01  5.3041665141E+01  4.17437E-03  2.04759E-01
  5.3041665141E+01  5.3045831807E+01  4.17942E-03  2.19686E-01
  5.3045831807E+01  5.3049998474E+01  4.18922E-03  2.16597E-01
  5.3049998474E+01  5.3054165141E+01  4.19675E-03  2.16810E-01
  5.3054165141E+01  5.3058331807E+01  4.19975E-03  2.21111E-01
  5.3058331807E+01  5.3062498474E+01  4.20321E-03  2.16424E-01
  5.3062498474E+01  5.3066665141E+01  4.21646E-03  2.45134E-01
  5.3066665141E+01  5.3070831807E+01  4.22461E-03  2.46045E-01
  5.3070831807E+01  5.3074998474E+01  4.21928E-03  2.19338E-01
  5.3074998474E+01  5.3079165141E+01  4.24010E-03  2.44880E-01
  5.3079165141E+01  5.3083331807E+01  4.23308E-03  2.11728E-01
  5.3083331807E+01  5.3087498474E+01  4.23788E-03  2.18554E-01
  5.3087498474E+01  5.3091665141E+01  4.24783E-03  2.37077E-01
  5.3091665141E+01  5.3095831807E+01  4.24095E-03  2.10994E-01
  5.3095831807E+01  5.3099998474E+01  4.25389E-03  2.17455E-01
  5.3099998474E+01  5.3104165141E+01  4.26531E-03  2.29927E-01
  5.3104165141E+01  5.3108331807E+01  4.26170E-03  2.20785E-01
  5.3108331807E+01  5.3112498474E+01  4.26708E-03  2.18707E-01
  5.3112498474E+01  5.3116665141E+01  4.27097E-03  2.13062E-01
  5.3116665141E+01  5.3120831807E+01  4.28287E-03  2.31967E-01
  5.3120831807E+01  5.3124998474E+01  4.28036E-03  2.18173E-01
  5.3124998474E+01  5.3129165141E+01  4.28468E-03  2.09648E-01
  5.3129165141E+01  5.3133331807E+01  4.28433E-03  2.01390E-01
  5.3133331807E+01  5.3137498474E+01  4.29835E-03  2.23229E-01
  5.3137498474E+01  5.3141665141E+01  4.30078E-03  2.06871E-01
  5.3141665141E+01  5.3145831807E+01  4.31307E-03  2.16892E-01
  5.3145831807E+01  5.3149998474E+01  4.31209E-03  2.16017E-01
  5.3149998474E+01  5.3154165141E+01  4.32370E-03  2.27122E-01
  5.3154165141E+01  5.3158331807E+01  4.32657E-03  2.16187E-01
  5.3158331807E+01  5.3162498474E+01  4.33886E-03  2.22663E-01
  5.3162498474E+01  5.3166665141E+01  4.34668E-03  2.26855E-01
  5.3166665141E+01  5.3170831807E+01  4.34203E-03  2.10214E-01
  5.3170831807E+01  5.3174998474E+01  4.35293E-03  2.29785E-01
  5.3174998474E+01  5.3179165141E+01  4.35646E-03  2.18495E-01
  5.3179165141E+01  5.3183331807E+01  4.35998E-03  2.08622E-01
  5.3183331807E+01  5.3187498474E+01  4.37109E-03  2.25101E-01
  5.3187498474E+01  5.3191665141E+01  4.38323E-03  2.41514E-01
  5.3191665141E+01  5.3195831807E+01  4.37489E-03  2.09975E-01
  5.3195831807E+01  5.3199998474E+01  4.38259E-03  2.16897E-01
  5.3199998474E+01  5.3204165141E+01  4.38648E-03  2.07176E-01
  5.3204165141E+01  5.3208331807E+01  4.38989E-03  2.08659E-01
  5.3208331807E+01  5.3212498474E+01  4.40470E-03  2.12990E-01
  5.3212498474E+01  5.3216665141E+01  4.41417E-03  2.21541E-01
  5.3216665141E+01  5.3220831807E+01  4.41985E-03  2.11280E-01
  5.3220831807E+01  5.3224998474E+01  4.43545E-03  2.30152E-01
  5.3224998474E+01  5.3229165141E+01  4.44010E-03  2.43647E-01
  5.3229165141E+01  5.3233331807E+01  4.43432E-03  2.09135E-01
  5.3233331807E+01  5.3237498474E+01  4.43920E-03  2.07631E-01
  5.3237498474E+01  5.3241665141E+01  4.45813E-03  2.22204E-01
  5.3241665141E+01  5.3245831807E+01  4.46644E-03  2.35722E-01
  5.3245831807E+01  5.3249998474E+01  4.46087E-03  2.24951E-01
  5.3249998474E+01  5.3254165141E+01  4.46474E-03  2.14133E-01
  5.3254165141E+01  5.3258331807E+01  4.45976E-03  2.03140E-01
  5.3258331807E+01  5.3262498474E+01  4.46414E-03  2.02538E-01
  5.3262498474E+01  5.3266665141E+01  4.47493E-03  2.07991E-01
  5.3266665141E+01  5.3270831807E+01  4.47933E-03  2.05002E-01
  5.3270831807E+01  5.3274998474E+01  4.48379E-03  2.04928E-01
  5.3274998474E+01  5.3279165141E+01  4.49749E-03  2.07233E-01
  5.3279165141E+01  5.3283331807E+01  4.50240E-03  2.08829E-01
  5.3283331807E+01  5.3287498474E+01  4.51692E-03  2.10910E-01
  5.3287498474E+01  5.3291665141E+01  4.52525E-03  2.25812E-01
  5.3291665141E+01  5.3295831807E+01  4.52264E-03  2.09648E-01
  5.3295831807E+01  5.3299998474E+01  4.53956E-03  2.18353E-01
  5.3299998474E+01  5.3304165141E+01  4.54652E-03  2.18965E-01
  5.3304165141E+01  5.3308331807E+01  4.54201E-03  2.01264E-01
  5.3308331807E+01  5.3312498474E+01  4.55032E-03  2.14129E-01
  5.3312498474E+01  5.3316665141E+01  4.54613E-03  1.90012E-01
  5.3316665141E+01  5.3320831807E+01  4.55989E-03  2.05237E-01
  5.3320831807E+01  5.3324998474E+01  4.57687E-03  2.23452E-01
  5.3324998474E+01  5.3329165141E+01  4.57176E-03  1.98656E-01
  5.3329165141E+01  5.3333331807E+01  4.59584E-03  2.29269E-01
  5.3333331807E+01  5.3337498474E+01  4.59497E-03  2.06092E-01
  5.3337498474E+01  5.3341665141E+01  4.60749E-03  2.20064E-01
  5.3341665141E+01  5.3345831807E+01  4.62072E-03  2.28882E-01
  5.3345831807E+01  5.3349998474E+01  4.61901E-03  2.11046E-01
  5.3349998474E+01  5.3354165141E+01  4.62263E-03  2.13157E-01
  5.3354165141E+01  5.3358331807E+01  4.63088E-03  2.21043E-01
  5.3358331807E+01  5.3362498474E+01  4.64042E-03  2.17385E-01
  5.3362498474E+01  5.3366665141E+01  4.65435E-03  2.17284E-01
  5.3366665141E+01  5.3370831807E+01  4.66421E-03  2.20335E-01
  5.3370831807E+01  5.3374998474E+01  4.67390E-03  2.19500E-01
  5.3374998474E+01  5.3379165141E+01  4.67409E-03  2.10490E-01
  5.3379165141E+01  5.3383331807E+01  4.68804E-03  2.18719E-01
  5.3383331807E+01  5.3387498474E+01  4.68374E-03  2.03741E-01
  5.3387498474E+01  5.3391665141E+01  4.69903E-03  2.24134E-01
  5.3391665141E+01  5.3395831807E+01  4.71004E-03  2.29317E-01
  5.3395831807E+01  5.3399998474E+01  4.71193E-03  2.11345E-01
  5.3399998474E+01  5.3404165141E+01  4.71470E-03  2.05044E-01
  5.3404165141E+01  5.3408331807E+01  4.71401E-03  1.95606E-01
  5.3408331807E+01  5.3412498474E+01  4.72504E-03  1.99400E-01
  5.3412498474E+01  5.3416665141E+01  4.74811E-03  2.22141E-01
  5.3416665141E+01  5.3420831807E+01  4.74862E-03  2.09275E-01
  5.3420831807E+01  5.3424998474E+01  4.75758E-03  2.16124E-01
  5.3424998474E+01  5.3429165141E+01  4.76299E-03  2.05237E-01
  5.3429165141E+01  5.3433331807E+01  4.75666E-03  1.93257E-01
  5.3433331807E+01  5.3437498474E+01  4.78292E-03  2.22233E-01
  5.3437498474E+01  5.3441665141E+01  4.79191E-03  2.24207E-01
  5.3441665141E+01  5.3445831807E+01  4.80373E-03  2.32659E-01
  5.3445831807E+01  5.3449998474E+01  4.81248E-03  2.24664E-01
  5.3449998474E+01  5.3454165141E+01  4.80538E-03  2.00378E-01
  5.3454165141E+01  5.3458331807E+01  4.81416E-03  2.06131E-01
  5.3458331807E+01  5.3462498474E+01  4.81965E-03  2.07969E-01
  5.3462498474E+01  5.3466665141E+01  4.84770E-03  2.30561E-01
  5.3466665141E+01  5.3470831807E+01  4.84953E-03  2.11273E-01
  5.3470831807E+01  5.3474998474E+01  4.85767E-03  2.11948E-01
  5.3474998474E+01  5.3479165141E+01  4.85761E-03  1.96674E-01
  5.3479165141E+01  5.3483331807E+01  4.87773E-03  2.22815E-01
  5.3483331807E+01  5.3487498474E+01  4.88071E-03  2.08348E-01
  5.3487498474E+01  5.3491665141E+01  4.89042E-03  2.06382E-01
  5.3491665141E+01  5.3495831807E+01  4.90054E-03  2.10462E-01
  5.3495831807E+01  5.3499998474E+01  4.90567E-03  2.06767E-01
  5.3499998474E+01  5.3504165141E+01  4.90965E-03  1.96548E-01
  5.3504165141E+01  5.3508331807E+01  4.92454E-03  2.04485E-01
  5.3508331807E+01  5.3512498474E+01  4.93744E-03  2.08659E-01
  5.3512498474E+01  5.3516665141E+01  4.94631E-03  2.08030E-01
  5.3516665141E+01  5.3520831807E+01  4.96234E-03  2.21150E-01
  5.3520831807E+01  5.3524998474E+01  4.96012E-03  2.05026E-01
  5.3524998474E+01  5.3529165141E+01  4.96814E-03  2.06014E-01
  5.3529165141E+01  5.3533331807E+01  4.97818E-03  2.13454E-01
  5.3533331807E+01  5.3537498474E+01  4.97782E-03  1.95819E-01
  5.3537498474E+01  5.3541665141E+01  5.00087E-03  2.09268E-01
  5.3541665141E+01  5.3545831807E+01  5.01369E-03  2.18476E-01
  5.3545831807E+01  5.3549998474E+01  5.01729E-03  1.99941E-01
  5.3549998474E+01  5.3554165141E+01  5.03901E-03  2.17088E-01
  5.3554165141E+01  5.3558331807E+01  5.04818E-03  2.14688E-01
  5.3558331807E+01  5.3562498474E+01  5.05921E-03  2.06759E-01
  5.3562498474E+01  5.3566665141E+01  5.06080E-03  2.01871E-01
  5.3566665141E+01  5.3570831807E+01  5.06742E-03  2.00037E-01
  5.3570831807E+01  5.3574998474E+01  5.08243E-03  2.05045E-01
  5.3574998474E+01  5.3579165141E+01  5.09556E-03  2.08933E-01
  5.3579165141E+01  5.3583331807E+01  5.11392E-03  2.15874E-01
  5.3583331807E+01  5.3587498474E+01  5.11642E-03  1.96941E-01
  5.3587498474E+01  5.3591665141E+01  5.12969E-03  2.06656E-01
  5.3591665141E+01  5.3595831807E+01  5.14349E-03  2.08969E-01
  5.3595831807E+01  5.3599998474E+01  5.15116E-03  2.05883E-01
  5.3599998474E+01  5.3604165141E+01  5.15587E-03  1.92994E-01
  5.3604165141E+01  5.3608331807E+01  5.16714E-03  1.99237E-01
  5.3608331807E+01  5.3612498474E+01  5.19120E-03  2.11642E-01
  5.3612498474E+01  5.3616665141E+01  5.18596E-03  1.93526E-01
  5.3616665141E+01  5.3620831807E+01  5.20498E-03  1.97790E-01
  5.3620831807E+01  5.3624998474E+01  5.22656E-03  2.11460E-01
  5.3624998474E+01  5.3629165141E+01  5.23081E-03  2.02847E-01
  5.3629165141E+01  5.3633331807E+01  5.24435E-03  2.05808E-01
  5.3633331807E+01  5.3637498474E+01  5.24667E-03  1.93450E-01
  5.3637498474E+01  5.3641665141E+01  5.26762E-03  1.97214E-01
  5.3641665141E+01  5.3645831807E+01  5.27373E-03  1.90841E-01
  5.3645831807E+01  5.3649998474E+01  5.28860E-03  2.02872E-01
  5.3649998474E+01  5.3654165141E+01  5.31807E-03  2.23761E-01
  5.3654165141E+01  5.3658331807E+01  5.32055E-03  2.04229E-01
  5.3658331807E+01  5.3662498474E+01  5.33345E-03  2.04709E-01
  5.3662498474E+01  5.3666665141E+01  5.36579E-03  2.22421E-01
  5.3666665141E+01  5.3670831807E+01  5.37086E-03  2.12231E-01
  5.3670831807E+01  5.3674998474E+01  5.37570E-03  1.97711E-01
  5.3674998474E+01  5.3679165141E+01  5.38922E-03  2.00665E-01
  5.3679165141E+01  5.3683331807E+01  5.40314E-03  2.12747E-01
  5.3683331807E+01  5.3687498474E+01  5.41045E-03  1.95629E-01
  5.3687498474E+01  5.3691665141E+01  5.43014E-03  2.02385E-01
  5.3691665141E+01  5.3695831807E+01  5.44081E-03  2.02134E-01
  5.3695831807E+01  5.3699998474E+01  5.45693E-03  2.05359E-01
  5.3699998474E+01  5.3704165141E+01  5.47008E-03  2.02947E-01
  5.3704165141E+01  5.3708331807E+01  5.47735E-03  1.94641E-01
  5.3708331807E+01  5.3712498474E+01  5.48542E-03  1.90511E-01
  5.3712498474E+01  5.3716665141E+01  5.50824E-03  2.02601E-01
  5.3716665141E+01  5.3720831807E+01  5.52546E-03  1.96976E-01
  5.3720831807E+01  5.3724998474E+01  5.54798E-03  2.07152E-01
  5.3724998474E+01  5.3729165141E+01  5.55340E-03  2.02566E-01
  5.3729165141E+01  5.3733331807E+01  5.56360E-03  1.93928E-01
  5.3733331807E+01  5.3737498474E+01  5.58101E-03  1.95490E-01
  5.3737498474E+01  5.3741665141E+01  5.59658E-03  1.95748E-01
  5.3741665141E+01  5.3745831807E+01  5.61751E-03  1.95864E-01
  5.3745831807E+01  5.3749998474E+01  5.63335E-03  1.95974E-01
  5.3749998474E+01  5.3754165141E+01  5.64844E-03  1.94006E-01
  5.3754165141E+01  5.3758331807E+01  5.66130E-03  1.93683E-01
  5.3758331807E+01  5.3762498474E+01  5.68939E-03  2.07571E-01
  5.3762498474E+01  5.3766665141E+01  5.69599E-03  1.93346E-01
  5.3766665141E+01  5.3770831807E+01  5.72162E-03  2.03576E-01
  5.3770831807E+01  5.3774998474E+01  5.73431E-03  1.96923E-01
  5.3774998474E+01  5.3779165141E+01  5.75062E-03  1.95426E-01
  5.3779165141E+01  5.3783331807E+01  5.76978E-03  2.05092E-01
  5.3783331807E+01  5.3787498474E+01  5.78526E-03  1.97565E-01
  5.3787498474E+01  5.3791665141E+01  5.81687E-03  2.10731E-01
  5.3791665141E+01  5.3795831807E+01  5.83061E-03  2.01065E-01
  5.3795831807E+01  5.3799998474E+01  5.85125E-03  2.03381E-01
  5.3799998474E+01  5.3804165141E+01  5.86071E-03  1.95110E-01
  5.3804165141E+01  5.3808331807E+01  5.88366E-03  2.04202E-01
  5.3808331807E+01  5.3812498474E+01  5.90387E-03  2.01391E-01
  5.3812498474E+01  5.3816665141E+01  5.91891E-03  1.97276E-01
  5.3816665141E+01  5.3820831807E+01  5.94218E-03  1.97813E-01
  5.3820831807E+01  5.3824998474E+01  5.95567E-03  1.92147E-01
  5.3824998474E+01  5.3829165141E+01  5.98351E-03  1.99520E-01
  5.3829165141E+01  5.3833331807E+01  6.00329E-03  2.02326E-01
  5.3833331807E+01  5.3837498474E+01  6.01715E-03  1.92097E-01
  5.3837498474E+01  5.3841665141E+01  6.03650E-03  1.90619E-01
  5.3841665141E+01  5.3845831807E+01  6.05976E-03  1.93257E-01
  5.3845831807E+01  5.3849998474E+01  6.08652E-03  1.98432E-01
  5.3849998474E+01  5.3854165141E+01  6.10243E-03  1.91121E-01
  5.3854165141E+01  5.3858331807E+01  6.13013E-03  1.95233E-01
  5.3858331807E+01  5.3862498474E+01  6.14952E-03  1.92783E-01
  5.3862498474E+01  5.3866665141E+01  6.17005E-03  1.91431E-01
  5.3866665141E+01  5.3870831807E+01  6.19572E-03  1.92680E-01
  5.3870831807E+01  5.3874998474E+01  6.22383E-03  1.95664E-01
  5.3874998474E+01  5.3879165141E+01  6.25580E-03  1.97681E-01
  5.3879165141E+01  5.3883331807E+01  6.27003E-03  1.96382E-01
  5.3883331807E+01  5.3887498474E+01  6.30376E-03  2.02466E-01
  5.3887498474E+01  5.3891665141E+01  6.30873E-03  1.88190E-01
  5.3891665141E+01  5.3895831807E+01  6.34267E-03  1.96984E-01
  5.3895831807E+01  5.3899998474E+01  6.36557E-03  1.93218E-01
  5.3899998474E+01  5.3904165141E+01  6.37997E-03  1.83886E-01
  5.3904165141E+01  5.3908331807E+01  6.42204E-03  1.95004E-01
  5.3908331807E+01  5.3912498474E+01  6.43870E-03  1.89362E-01
  5.3912498474E+01  5.3916665141E+01  6.46915E-03  1.92369E-01
  5.3916665141E+01  5.3920831807E+01  6.50744E-03  1.97580E-01
  5.3920831807E+01  5.3924998474E+01  6.52015E-03  1.88512E-01
  5.3924998474E+01  5.3929165141E+01  6.54799E-03  1.90270E-01
  5.3929165141E+01  5.3933331807E+01  6.58665E-03  1.97104E-01
  5.3933331807E+01  5.3937498474E+01  6.60798E-03  1.87553E-01
  5.3937498474E+01  5.3941665141E+01  6.63644E-03  1.88141E-01
  5.3941665141E+01  5.3945831807E+01  6.66462E-03  1.83628E-01
  5.3945831807E+01  5.3949998474E+01  6.69521E-03  1.88770E-01
  5.3949998474E+01  5.3954165141E+01  6.72784E-03  1.88598E-01
  5.3954165141E+01  5.3958331807E+01  6.76137E-03  1.89640E-01
  5.3958331807E+01  5.3962498474E+01  6.79427E-03  1.88203E-01
  5.3962498474E+01  5.3966665141E+01  6.83080E-03  1.89298E-01
  5.3966665141E+01  5.3970831807E+01  6.86329E-03  1.88079E-01
  5.3970831807E+01  5.3974998474E+01  6.89693E-03  1.85549E-01
  5.3974998474E+01  5.3979165141E+01  6.92810E-03  1.84058E-01
  5.3979165141E+01  5.3983331807E+01  6.96625E-03  1.90253E-01
  5.3983331807E+01  5.3987498474E+01  6.99597E-03  1.87810E-01
  5.3987498474E+01  5.3991665141E+01  7.04109E-03  1.87539E-01
  5.3991665141E+01  5.3995831807E+01  7.08101E-03  1.87190E-01
  5.3995831807E+01  5.3999998474E+01  7.12628E-03  1.90511E-01
  5.3999998474E+01  5.4004165141E+01  7.15867E-03  1.86419E-01
  5.4004165141E+01  5.4008331807E+01  7.19434E-03  1.84377E-01
  5.4008331807E+01  5.4012498474E+01  7.23637E-03  1.86327E-01
  5.4012498474E+01  5.4016665141E+01  7.28334E-03  1.86040E-01
  5.4016665141E+01  5.4020831807E+01  7.32757E-03  1.86033E-01
  5.4020831807E+01  5.4024998474E+01  7.36928E-03  1.86272E-01
  5.4024998474E+01  5.4029165141E+01  7.42191E-03  1.86740E-01
  5.4029165141E+01  5.4033331807E+01  7.46800E-03  1.87200E-01
  5.4033331807E+01  5.4037498474E+01  7.50579E-03  1.84169E-01
  5.4037498474E+01  5.4041665141E+01  7.55001E-03  1.84856E-01
  5.4041665141E+01  5.4045831807E+01  7.59696E-03  1.83399E-01
  5.4045831807E+01  5.4049998474E+01  7.65114E-03  1.86873E-01
  5.4049998474E+01  5.4054165141E+01  7.71152E-03  1.88896E-01
  5.4054165141E+01  5.4058331807E+01  7.77019E-03  1.89376E-01
  5.4058331807E+01  5.4062498474E+01  7.82610E-03  1.86931E-01
  5.4062498474E+01  5.4066665141E+01  7.88310E-03  1.88035E-01
  5.4066665141E+01  5.4070831807E+01  7.94197E-03  1.86387E-01
  5.4070831807E+01  5.4074998474E+01  8.00477E-03  1.88451E-01
  5.4074998474E+01  5.4079165141E+01  8.06385E-03  1.86926E-01
  5.4079165141E+01  5.4083331807E+01  8.13085E-03  1.85225E-01
  5.4083331807E+01  5.4087498474E+01  8.20360E-03  1.85568E-01
  5.4087498474E+01  5.4091665141E+01  8.26853E-03  1.86305E-01
  5.4091665141E+01  5.4095831807E+01  8.33446E-03  1.82766E-01
  5.4095831807E+01  5.4099998474E+01  8.40628E-03  1.84425E-01
  5.4099998474E+01  5.4104165141E+01  8.47981E-03  1.84564E-01
  5.4104165141E+01  5.4108331807E+01  8.55822E-03  1.84107E-01
  5.4108331807E+01  5.4112498474E+01  8.64439E-03  1.85759E-01
  5.4112498474E+01  5.4116665141E+01  8.72185E-03  1.85153E-01
  5.4116665141E+01  5.4120831807E+01  8.80254E-03  1.84823E-01
  5.4120831807E+01  5.4124998474E+01  8.90234E-03  1.84970E-01
  5.4124998474E+01  5.4129165141E+01  8.99398E-03  1.85014E-01
  5.4129165141E+01  5.4133331807E+01  9.09524E-03  1.86860E-01
  5.4133331807E+01  5.4137498474E+01  9.18563E-03  1.86169E-01
  5.4137498474E+01  5.4141665141E+01  9.29031E-03  1.86831E-01
  5.4141665141E+01  5.4145831807E+01  9.39899E-03  1.87020E-01
  5.4145831807E+01  5.4149998474E+01  9.51448E-03  1.88142E-01
  5.4149998474E+01  5.4154165141E+01  9.63506E-03  1.88479E-01
  5.4154165141E+01  5.4158331807E+01  9.74489E-03  1.88854E-01
  5.4158331807E+01  5.4162498474E+01  9.86847E-03  1.89350E-01
  5.4162498474E+01  5.4166665141E+01  9.99832E-03  1.92773E-01
  5.4166665141E+01  5.4170831807E+01  1.01156E-02  1.92709E-01
  5.4170831807E+01  5.4174998474E+01  1.02455E-02  1.91808E-01
  5.4174998474E+01  5.4179165141E+01  1.03828E-02  1.91755E-01
  5.4179165141E+01  5.4183331807E+01  1.05317E-02  1.92704E-01
  5.4183331807E+01  5.4187498474E+01  1.06594E-02  1.94570E-01
  5.4187498474E+01  5.4191665141E+01  1.07962E-02  1.94098E-01
  5.4191665141E+01  5.4195831807E+01  1.09535E-02  1.99846E-01
  5.4195831807E+01  5.4199998474E+01  1.11025E-02  2.01391E-01
  5.4199998474E+01  5.4204165141E+01  1.12366E-02  1.98269E-01
  5.4204165141E+01  5.4208331807E+01  1.13733E-02  1.98743E-01
  5.4208331807E+01  5.4212498474E+01  1.15072E-02  2.00160E-01
  5.4212498474E+01  5.4216665141E+01  1.16522E-02  2.00490E-01
  5.4216665141E+01  5.4220831807E+01  1.17886E-02  2.02255E-01
  5.4220831807E+01  5.4224998474E+01  1.19317E-02  2.03859E-01
  5.4224998474E+01  5.4229165141E+01  1.20659E-02  2.05509E-01
  5.4229165141E+01  5.4233331807E+01  1.21889E-02  2.07563E-01
  5.4233331807E+01  5.4237498474E+01  1.23045E-02  2.07721E-01
  5.4237498474E+01  5.4241665141E+01  1.24165E-02  2.10036E-01
  5.4241665141E+01  5.4245831807E+01  1.25120E-02  2.12442E-01
  5.4245831807E+01  5.4249998474E+01  1.25872E-02  2.15211E-01
  5.4249998474E+01  5.4254165141E+01  1.26567E-02  2.18859E-01
  5.4254165141E+01  5.4258331807E+01  1.27219E-02  2.20661E-01
  5.4258331807E+01  5.4262498474E+01  1.27323E-02  2.21161E-01
  5.4262498474E+01  5.4266665141E+01  1.27648E-02  2.22184E-01
  5.4266665141E+01  5.4270831807E+01  1.27784E-02  2.25755E-01
  5.4270831807E+01  5.4274998474E+01  1.27706E-02  2.29018E-01
  5.4274998474E+01  5.4279165141E+01  1.27475E-02  2.31045E-01
  5.4279165141E+01  5.4283331807E+01  1.26642E-02  2.31516E-01
  5.4283331807E+01  5.4287498474E+01  1.25725E-02  2.31579E-01
  5.4287498474E+01  5.4291665141E+01  1.24984E-02  2.37796E-01
  5.4291665141E+01  5.4295831807E+01  1.23776E-02  2.40364E-01
  5.4295831807E+01  5.4299998474E+01  1.22278E-02  2.43808E-01
  5.4299998474E+01  5.4304165141E+01  1.20641E-02  2.48829E-01
  5.4304165141E+01  5.4308331807E+01  1.18987E-02  2.51110E-01
  5.4308331807E+01  5.4312498474E+01  1.16739E-02  2.53736E-01
  5.4312498474E+01  5.4316665141E+01  1.14623E-02  2.59632E-01
  5.4316665141E+01  5.4320831807E+01  1.12261E-02  2.66609E-01
  5.4320831807E+01  5.4324998474E+01  1.09164E-02  2.69992E-01
  5.4324998474E+01  5.4329165141E+01  1.06396E-02  2.74799E-01
  5.4329165141E+01  5.4333331807E+01  1.03240E-02  2.81706E-01
  5.4333331807E+01  5.4337498474E+01  9.99558E-03  2.91497E-01
  5.4337498474E+01  5.4341665141E+01  9.66403E-03  2.98433E-01
  5.4341665141E+01  5.4345831807E+01  9.29568E-03  3.02842E-01
  5.4345831807E+01  5.4349998474E+01  8.94866E-03  3.10798E-01
  5.4349998474E+01  5.4354165141E+01  8.57485E-03  3.21069E-01
  5.4354165141E+01  5.4358331807E+01  8.17900E-03  3.31542E-01
  5.4358331807E+01  5.4362498474E+01  7.78863E-03  3.44678E-01
  5.4362498474E+01  5.4366665141E+01  7.40428E-03  3.52021E-01
  5.4366665141E+01  5.4370831807E+01  7.01420E-03  3.63121E-01
  5.4370831807E+01  5.4374998474E+01  6.63677E-03  3.75239E-01
  5.4374998474E+01  5.4379165141E+01  6.23446E-03  3.91878E-01
  5.4379165141E+01  5.4383331807E+01  5.83641E-03  4.03768E-01
  5.4383331807E+01  5.4387498474E+01  5.44735E-03  4.19477E-01
  5.4387498474E+01  5.4391665141E+01  5.08829E-03  4.34950E-01
  5.4391665141E+01  5.4395831807E+01  4.74566E-03  4.54901E-01
  5.4395831807E+01  5.4399998474E+01  4.41875E-03  4.73293E-01
  5.4399998474E+01  5.4404165141E+01  4.08824E-03  4.92140E-01
  5.4404165141E+01  5.4408331807E+01  3.77417E-03  5.24155E-01
  5.4408331807E+01  5.4412498474E+01  3.47752E-03  5.55284E-01
  5.4412498474E+01  5.4416665141E+01  3.18657E-03  5.83834E-01
  5.4416665141E+01  5.4420831807E+01  2.89661E-03  6.03892E-01
  5.4420831807E+01  5.4424998474E+01  2.62639E-03  6.38196E-01
  5.4424998474E+01  5.4429165141E+01  2.38087E-03  6.80405E-01
  5.4429165141E+01  5.4433331807E+01  2.16102E-03  7.20673E-01
  5.4433331807E+01  5.4437498474E+01  1.96049E-03  7.55878E-01
  5.4437498474E+01  5.4441665141E+01  1.75029E-03  7.94263E-01
  5.4441665141E+01  5.4445831807E+01  1.56323E-03  8.19268E-01
  5.4445831807E+01  5.4449998474E+01  1.40504E-03  8.67235E-01
  5.4449998474E+01  5.4454165141E+01  1.24769E-03  9.36011E-01
  5.4454165141E+01  5.4458331807E+01  1.11713E-03  1.00789E+00
  5.4458331807E+01  5.4462498474E+01  9.88163E-04  1.05879E+00
  5.4462498474E+01  5.4466665141E+01  8.58112E-04  1.14186E+00
  5.4466665141E+01  5.4470831807E+01  7.49479E-04  1.22076E+00
  5.4470831807E+01  5.4474998474E+01  6.57186E-04  1.28832E+00
  5.4474998474E+01  5.4479165141E+01  5.70859E-04  1.38633E+00
  5.4479165141E+01  5.4483331807E+01  4.95681E-04  1.47645E+00
  5.4483331807E+01  5.4487498474E+01  4.27702E-04  1.58529E+00
  5.4487498474E+01  5.4491665141E+01  3.75426E-04  1.76359E+00
  5.4491665141E+01  5.4495831807E+01  3.20126E-04  1.90501E+00
  5.4495831807E+01  5.4499998474E+01  2.73790E-04  2.09517E+00
  5.4499998474E+01  5.4504165141E+01  2.32995E-04  2.24196E+00
  5.4504165141E+01  5.4508331807E+01  1.98037E-04  2.50122E+00
  5.4508331807E+01  5.4512498474E+01  1.68055E-04  2.66240E+00
  5.4512498474E+01  5.4516665141E+01  1.42436E-04  2.94340E+00
  5.4516665141E+01  5.4520831807E+01  1.16148E-04  3.21828E+00
  5.4520831807E+01  5.4524998474E+01  9.88163E-05  3.50118E+00
  5.4524998474E+01  5.4529165141E+01  8.44270E-05  3.79495E+00
  5.4529165141E+01  5.4533331807E+01  6.85569E-05  4.22017E+00
  5.4533331807E+01  5.4537498474E+01  5.66940E-05  4.63621E+00
  5.4537498474E+01  5.4541665141E+01  4.78479E-05  5.05095E+00
  5.4541665141E+01  5.4545831807E+01  3.85969E-05  5.57909E+00
  5.4545831807E+01  5.4549998474E+01  3.24102E-05  6.12661E+00
  5.4549998474E+01  5.4554165141E+01  2.62821E-05  6.77703E+00
  5.4554165141E+01  5.4558331807E+01  2.13920E-05  7.34105E+00
  5.4558331807E+01  5.4562498474E+01  1.85312E-05  8.16660E+00
  5.4562498474E+01  5.4566665141E+01  1.48209E-05  9.24076E+00
  5.4566665141E+01  5.4570831807E+01  1.17354E-05  1.02088E+01
  5.4570831807E+01  5.4574998474E+01  8.63115E-06  1.17187E+01
  5.4574998474E+01  5.4579165141E+01  7.53301E-06  1.28070E+01
  5.4579165141E+01  5.4583331807E+01  6.68376E-06  1.39321E+01
  5.4583331807E+01  5.4587498474E+01  4.99087E-06  1.53270E+01
  5.4587498474E+01  5.4591665141E+01  4.22127E-06  1.73505E+01
  5.4591665141E+01  5.4595831807E+01  2.75822E-06  1.94236E+01
  5.4595831807E+01  5.4599998474E+01  3.18095E-06  2.16607E+01
  5.4599998474E+01  5.4604165141E+01  1.76911E-06  2.40829E+01
  5.4604165141E+01  5.4608331807E+01  1.34057E-06  2.68395E+01
  5.4608331807E+01  5.4612498474E+01  1.79558E-06  2.85246E+01
  5.4612498474E+01  5.4616665141E+01  1.18080E-06  3.16006E+01
  5.4616665141E+01  5.4620831807E+01  9.99899E-07  3.64363E+01
  5.4620831807E+01  5.4624998474E+01  6.66245E-07  3.85855E+01
  5.4624998474E+01  5.4629165141E+01  3.77945E-07  4.40328E+01
  5.4629165141E+01  5.4633331807E+01  4.25490E-07  4.48932E+01
  5.4633331807E+01  5.4637498474E+01  6.20902E-07  4.40090E+01
  5.4637498474E+01  5.4641665141E+01  5.02740E-07  4.61361E+01
  5.4641665141E+01  5.4645831807E+01  3.24911E-07  6.44497E+01
  5.4645831807E+01  5.4649998474E+01  1.85000E-07  6.37237E+01
  5.4649998474E+01  5.4654165141E+01  3.98797E-07  6.33423E+01
  5.4654165141E+01  5.4658331807E+01  1.30109E-07  6.80607E+01
  5.4658331807E+01  5.4662498474E+01  4.47916E-08  5.64246E+01
  5.4662498474E+01  5.4666665141E+01  4.51597E-08  5.60386E+01
  5.4666665141E+01  5.4670831807E+01  3.82210E-07  8.84043E+01
  5.4670831807E+01  5.4674998474E+01  4.87536E-08  5.21005E+01
  5.4674998474E+01  5.4679165141E+01  6.57169E-08  4.88181E+01
  5.4679165141E+01  5.4683331807E+01  4.76922E-08  5.33261E+01
  5.4683331807E+01  5.4687498474E+01  1.22599E-07  6.24260E+01
  5.4687498474E+01  5.4691665141E+01  1.21040E-07  6.33382E+01
  5.4691665141E+01  5.4695831807E+01  4.83660E-08  5.29064E+01
  5.4695831807E+01  5.4699998474E+01  5.40723E-08  5.52167E+01
  5.4699998474E+01  5.4704165141E+01  5.66300E-08  5.42033E+01
  5.4704165141E+01  5.4708331807E+01  6.36746E-08  4.95693E+01
  5.4708331807E+01  5.4712498474E+01  6.41681E-08  4.85620E+01
  5.4712498474E+01  5.4716665141E+01  5.99288E-08  5.28006E+01
  5.4716665141E+01  5.4720831807E+01  6.18017E-08  5.06493E+01
  5.4720831807E+01  5.4724998474E+01  1.04761E-07  5.63212E+01
  5.4724998474E+01  5.4729165141E+01  4.84544E-08  6.25394E+01
  5.4729165141E+01  5.4733331807E+01  4.98188E-08  6.16265E+01
  5.4733331807E+01  5.4737498474E+01  5.14206E-08  5.99591E+01
  5.4737498474E+01  5.4741665141E+01  9.99853E-08  5.81756E+01
  5.4741665141E+01  5.4745831807E+01  5.11587E-08  6.01807E+01
  5.4745831807E+01  5.4749998474E+01  5.31686E-08  5.81064E+01
  5.4749998474E+01  5.4754165141E+01  8.95208E-08  5.33297E+01
  5.4754165141E+01  5.4758331807E+01  1.08737E-07  5.85976E+01
  5.4758331807E+01  5.4762498474E+01  1.27824E-07  5.18532E+01
  5.4762498474E+01  5.4766665141E+01  1.25627E-07  5.78527E+01
  5.4766665141E+01  5.4770831807E+01  1.27901E-07  5.79878E+01
  5.4770831807E+01  5.4774998474E+01  1.32119E-07  5.82036E+01
  5.4774998474E+01  5.4779165141E+01  1.30327E-07  4.65404E+01
  5.4779165141E+01  5.4783331807E+01  1.39028E-07  5.79926E+01
  5.4783331807E+01  5.4787498474E+01  1.51919E-07  5.93872E+01
  5.4787498474E+01  5.4791665141E+01  1.89260E-07  5.55526E+01
  5.4791665141E+01  5.4795831807E+01  1.93386E-07  5.94183E+01
  5.4795831807E+01  5.4799998474E+01  2.05043E-07  6.94584E+01
  5.4799998474E+01  5.4804165141E+01  3.05751E-07  7.98418E+01
  5.4804165141E+01  5.4808331807E+01  1.15017E-07  5.67825E+01
  5.4808331807E+01  5.4812498474E+01  6.50721E-08  6.47848E+01
  5.4812498474E+01  5.4816665141E+01  6.78907E-08  6.65730E+01
  5.4816665141E+01  5.4820831807E+01  6.79737E-08  6.63158E+01
  5.4820831807E+01  5.4824998474E+01  6.83056E-08  6.57751E+01
  5.4824998474E+01  5.4829165141E+01  6.94845E-08  7.01785E+01
  5.4829165141E+01  5.4833331807E+01  7.08034E-08  6.90811E+01
  5.4833331807E+01  5.4837498474E+01  3.36381E-07  8.10067E+01
  5.4837498474E+01  5.4841665141E+01  7.70589E-08  6.72280E+01
  5.4841665141E+01  5.4845831807E+01  9.27760E-08  6.25341E+01
  5.4845831807E+01  5.4849998474E+01  1.20801E-07  6.04531E+01
  5.4849998474E+01  5.4854165141E+01  1.26010E-07  6.10336E+01
  5.4854165141E+01  5.4858331807E+01  1.28542E-07  6.10086E+01
  5.4858331807E+01  5.4862498474E+01  1.72440E-07  5.27877E+01
  5.4862498474E+01  5.4866665141E+01  4.47980E-07  7.12045E+01
  5.4866665141E+01  5.4870831807E+01  1.95997E-07  5.42613E+01
  5.4870831807E+01  5.4874998474E+01  1.60569E-07  6.54459E+01
  5.4874998474E+01  5.4879165141E+01  1.91591E-07  6.59315E+01
  5.4879165141E+01  5.4883331807E+01  3.06312E-07  7.79516E+01
  5.4883331807E+01  5.4887498474E+01  7.90469E-08  6.61898E+01
  5.4887498474E+01  5.4891665141E+01  9.69685E-08  5.87140E+01
  5.4891665141E+01  5.4895831807E+01  8.02219E-08  6.99953E+01
  5.4895831807E+01  5.4899998474E+01  1.00559E-07  6.06795E+01
  5.4899998474E+01  5.4904165141E+01  8.75175E-08  7.25439E+01
  5.4904165141E+01  5.4908331807E+01  8.63759E-08  7.28513E+01
  5.4908331807E+01  5.4912498474E+01  1.25980E-07  4.92445E+01
  5.4912498474E+01  5.4916665141E+01  1.02291E-07  7.28552E+01
  5.4916665141E+01  5.4920831807E+01  9.56625E-08  8.16382E+01
  5.4920831807E+01  5.4924998474E+01  1.12273E-07  7.58457E+01
  5.4924998474E+01  5.4929165141E+01  1.41118E-07  7.15262E+01
  5.4929165141E+01  5.4933331807E+01  1.76428E-07  6.63971E+01
  5.4933331807E+01  5.4937498474E+01  1.41077E-07  8.59201E+01
  5.4937498474E+01  5.4941665141E+01  1.85821E-07  8.91410E+01
  5.4941665141E+01  5.4945831807E+01  2.40530E-07  7.40778E+01
  5.4945831807E+01  5.4949998474E+01  2.62700E-08  2.55375E+01
  5.4949998474E+01  5.4954165141E+01  3.66406E-08  3.41792E+01
  5.4954165141E+01  5.4958331807E+01  3.47997E-08  2.78781E+01
  5.4958331807E+01  5.4962498474E+01  7.12058E-08  4.51360E+01
  5.4962498474E+01  5.4966665141E+01  3.59899E-08  2.55581E+01
  5.4966665141E+01  5.4970831807E+01  2.48333E-08  2.60526E+01
  5.4970831807E+01  5.4974998474E+01  2.42998E-08  2.46660E+01
  5.4974998474E+01  5.4979165141E+01  2.43129E-08  2.44090E+01
  5.4979165141E+01  5.4983331807E+01  3.45322E-08  3.46563E+01
  5.4983331807E+01  5.4987498474E+01  5.09147E-08  4.61031E+01
  5.4987498474E+01  5.4991665141E+01  3.77574E-08  2.43733E+01
  5.4991665141E+01  5.4995831807E+01  3.50452E-08  2.93271E+01
  5.4995831807E+01  5.4999998474E+01  3.13332E-08  2.67970E+01
  5.4999998474E+01  5.5004165141E+01  1.27942E-07  8.26553E+01
  5.5004165141E+01  5.5008331807E+01  1.66870E-07  8.48459E+01
  5.5008331807E+01  5.5012498474E+01  2.05623E-07  8.60812E+01
  5.5012498474E+01  5.5016665141E+01  2.71659E-07  8.43043E+01
  5.5016665141E+01  5.5020831807E+01  2.79733E-07  9.08264E+01
  5.5020831807E+01  5.5024998474E+01  3.77591E-08  4.18552E+01
  5.5024998474E+01  5.5029165141E+01  1.97476E-08  2.67762E+01
  5.5029165141E+01  5.5033331807E+01  2.10133E-08  2.46632E+01
  5.5033331807E+01  5.5037498474E+01  4.77310E-08  5.94457E+01
  5.5037498474E+01  5.5041665141E+01  3.77846E-08  4.21663E+01
  5.5041665141E+01  5.5045831807E+01  2.44152E-08  2.84378E+01
  5.5045831807E+01  5.5049998474E+01  2.43807E-08  2.50270E+01
  5.5049998474E+01  5.5054165141E+01  2.43508E-08  2.67071E+01
  5.5054165141E+01  5.5058331807E+01  3.32899E-08  3.21445E+01
  5.5058331807E+01  5.5062498474E+01  2.83633E-08  3.43216E+01
  5.5062498474E+01  5.5066665141E+01  2.27468E-08  2.71697E+01
  5.5066665141E+01  5.5070831807E+01  2.08413E-08  2.57260E+01
  5.5070831807E+01  5.5074998474E+01  2.58499E-08  2.87810E+01
  5.5074998474E+01  5.5079165141E+01  5.64989E-08  3.74228E+01
  5.5079165141E+01  5.5083331807E+01  3.45529E-08  2.54750E+01
  5.5083331807E+01  5.5087498474E+01  7.35766E-08  4.26492E+01
  5.5087498474E+01  5.5091665141E+01  4.96909E-08  4.33530E+01
  5.5091665141E+01  5.5095831807E+01  3.05825E-08  2.69950E+01
  5.5095831807E+01  5.5099998474E+01  2.84580E-08  2.62300E+01
  5.5099998474E+01  5.5099998474E+01  2.84580E-08  2.62300E+01
