# Detector n: 1D Projection
  5.0099998474E+01  5.0104165141E+01  8.24918E-04  5.27386E-01
  5.0104165141E+01  5.0108331807E+01  8.22469E-04  4.97022E-01
  5.0108331807E+01  5.0112498474E+01  8.21910E-04  4.68550E-01
  5.0112498474E+01  5.0116665141E+01  8.22115E-04  4.69045E-01
  5.0116665141E+01  5.0120831807E+01  8.21412E-04  4.32714E-01
  5.0120831807E+01  5.0124998474E+01  8.20173E-04  3.97602E-01
  5.0124998474E+01  5.0129165141E+01  8.25091E-04  4.53345E-01
  5.0129165141E+01  5.0133331807E+01  8.34983E-04  4.94003E-01
  5.0133331807E+01  5.0137498474E+01  8.34612E-04  5.04443E-01
  5.0137498474E+01  5.0141665141E+01  8.33194E-04  4.33065E-01
  5.0141665141E+01  5.0145831807E+01  8.37024E-04  4.71727E-01
  5.0145831807E+01  5.0149998474E+01  8.40007E-04  5.01652E-01
  5.0149998474E+01  5.0154165141E+01  8.38210E-04  4.81636E-01
  5.0154165141E+01  5.0158331807E+01  8.34930E-04  4.08355E-01
  5.0158331807E+01  5.0162498474E+01  8.35251E-04  4.19547E-01
  5.0162498474E+01  5.0166665141E+01  8.39017E-04  5.18210E-01
  5.0166665141E+01  5.0170831807E+01  8.36287E-04  4.38554E-01
  5.0170831807E+01  5.0174998474E+01  8.40299E-04  4.76601E-01
  5.0174998474E+01  5.0179165141E+01  8.43202E-04  5.01761E-01
  5.0179165141E+01  5.0183331807E+01  8.45582E-04  5.57344E-01
  5.0183331807E+01  5.0187498474E+01  8.46532E-04  4.74901E-01
  5.0187498474E+01  5.0191665141E+01  8.65375E-04  6.17638E-01
  5.0191665141E+01  5.0195831807E+01  8.67785E-04  5.94942E-01
  5.0195831807E+01  5.0199998474E+01  8.66094E-04  4.84929E-01
  5.0199998474E+01  5.0204165141E+01  8.68494E-04  5.51060E-01
  5.0204165141E+01  5.0208331807E+01  8.66631E-04  4.79615E-01
  5.0208331807E+01  5.0212498474E+01  8.68449E-04  4.75421E-01
  5.0212498474E+01  5.0216665141E+01  8.67111E-04  5.44483E-01
  5.0216665141E+01  5.0220831807E+01  8.64742E-04  4.51956E-01
  5.0220831807E+01  5.0224998474E+01  8.71669E-04  5.90002E-01
  5.0224998474E+01  5.0229165141E+01  8.73068E-04  6.04730E-01
  5.0229165141E+01  5.0233331807E+01  8.66645E-04  4.52118E-01
  5.0233331807E+01  5.0237498474E+01  8.63998E-04  4.36701E-01
  5.0237498474E+01  5.0241665141E+01  8.63510E-04  4.40827E-01
  5.0241665141E+01  5.0245831807E+01  8.66291E-04  5.08481E-01
  5.0245831807E+01  5.0249998474E+01  8.64066E-04  4.34724E-01
  5.0249998474E+01  5.0254165141E+01  8.61117E-04  4.36760E-01
  5.0254165141E+01  5.0258331807E+01  8.61173E-04  4.37494E-01
  5.0258331807E+01  5.0262498474E+01  8.66554E-04  5.57222E-01
  5.0262498474E+01  5.0266665141E+01  8.65355E-04  4.79880E-01
  5.0266665141E+01  5.0270831807E+01  8.66883E-04  5.71584E-01
  5.0270831807E+01  5.0274998474E+01  8.68878E-04  5.05156E-01
  5.0274998474E+01  5.0279165141E+01  8.63589E-04  4.37130E-01
  5.0279165141E+01  5.0283331807E+01  8.69968E-04  5.29021E-01
  5.0283331807E+01  5.0287498474E+01  8.68034E-04  4.69438E-01
  5.0287498474E+01  5.0291665141E+01  8.69996E-04  4.50178E-01
  5.0291665141E+01  5.0295831807E+01  8.79228E-04  4.66052E-01
  5.0295831807E+01  5.0299998474E+01  8.88132E-04  4.90548E-01
  5.0299998474E+01  5.0304165141E+01  8.93322E-04  4.84306E-01
  5.0304165141E+01  5.0308331807E+01  8.97946E-04  4.22590E-01
  5.0308331807E+01  5.0312498474E+01  9.04284E-04  4.43221E-01
  5.0312498474E+01  5.0316665141E+01  9.11508E-04  4.50740E-01
  5.0316665141E+01  5.0320831807E+01  9.12647E-04  5.15677E-01
  5.0320831807E+01  5.0324998474E+01  9.13631E-04  4.47667E-01
  5.0324998474E+01  5.0329165141E+01  9.11095E-04  4.50098E-01
  5.0329165141E+01  5.0333331807E+01  9.12914E-04  4.81044E-01
  5.0333331807E+01  5.0337498474E+01  9.14081E-04  4.62505E-01
  5.0337498474E+01  5.0341665141E+01  9.09770E-04  4.20839E-01
  5.0341665141E+01  5.0345831807E+01  9.10925E-04  4.54128E-01
  5.0345831807E+01  5.0349998474E+01  9.18028E-04  6.18699E-01
  5.0349998474E+01  5.0354165141E+01  9.19301E-04  5.82460E-01
  5.0354165141E+01  5.0358331807E+01  9.11034E-04  4.23246E-01
  5.0358331807E+01  5.0362498474E+01  9.16102E-04  5.22892E-01
  5.0362498474E+01  5.0366665141E+01  9.13355E-04  4.93977E-01
  5.0366665141E+01  5.0370831807E+01  9.13044E-04  4.67401E-01
  5.0370831807E+01  5.0374998474E+01  9.13812E-04  5.30117E-01
  5.0374998474E+01  5.0379165141E+01  9.11350E-04  4.41735E-01
  5.0379165141E+01  5.0383331807E+01  9.11036E-04  4.42695E-01
  5.0383331807E+01  5.0387498474E+01  9.14515E-04  4.99315E-01
  5.0387498474E+01  5.0391665141E+01  9.14233E-04  4.84931E-01
  5.0391665141E+01  5.0395831807E+01  9.15886E-04  5.25090E-01
  5.0395831807E+01  5.0399998474E+01  9.12192E-04  4.64247E-01
  5.0399998474E+01  5.0404165141E+01  9.15671E-04  4.73712E-01
  5.0404165141E+01  5.0408331807E+01  9.20549E-04  6.17041E-01
  5.0408331807E+01  5.0412498474E+01  9.12474E-04  4.93952E-01
  5.0412498474E+01  5.0416665141E+01  9.14999E-04  5.81513E-01
  5.0416665141E+01  5.0420831807E+01  9.12052E-04  4.73408E-01
  5.0420831807E+01  5.0424998474E+01  9.14225E-04  4.92643E-01
  5.0424998474E+01  5.0429165141E+01  9.12192E-04  4.65093E-01
  5.0429165141E+01  5.0433331807E+01  9.16192E-04  5.48087E-01
  5.0433331807E+01  5.0437498474E+01  9.09096E-04  4.40320E-01
  5.0437498474E+01  5.0441665141E+01  9.10459E-04  4.76472E-01
  5.0441665141E+01  5.0445831807E+01  9.08106E-04  4.14119E-01
  5.0445831807E+01  5.0449998474E+01  9.08166E-04  4.30520E-01
  5.0449998474E+01  5.0454165141E+01  9.10279E-04  4.75814E-01
  5.0454165141E+01  5.0458331807E+01  9.09226E-04  4.39576E-01
  5.0458331807E+01  5.0462498474E+01  9.09373E-04  4.31525E-01
  5.0462498474E+01  5.0466665141E+01  9.11914E-04  4.74746E-01
  5.0466665141E+01  5.0470831807E+01  9.13056E-04  4.36296E-01
  5.0470831807E+01  5.0474998474E+01  9.17892E-04  4.71394E-01
  5.0474998474E+01  5.0479165141E+01  9.22365E-04  6.18487E-01
  5.0479165141E+01  5.0483331807E+01  9.21969E-04  4.73279E-01
  5.0483331807E+01  5.0487498474E+01  9.24101E-04  4.66870E-01
  5.0487498474E+01  5.0491665141E+01  9.31864E-04  5.75572E-01
  5.0491665141E+01  5.0495831807E+01  9.34432E-04  4.53985E-01
  5.0495831807E+01  5.0499998474E+01  9.38871E-04  4.36302E-01
  5.0499998474E+01  5.0504165141E+01  9.48131E-04  4.85786E-01
  5.0504165141E+01  5.0508331807E+01  9.50501E-04  4.28828E-01
  5.0508331807E+01  5.0512498474E+01  9.58643E-04  4.65716E-01
  5.0512498474E+01  5.0516665141E+01  9.63449E-04  4.54954E-01
  5.0516665141E+01  5.0520831807E+01  9.67274E-04  4.54804E-01
  5.0520831807E+01  5.0524998474E+01  9.68826E-04  4.29251E-01
  5.0524998474E+01  5.0529165141E+01  9.76338E-04  5.70059E-01
  5.0529165141E+01  5.0533331807E+01  9.77385E-04  4.89336E-01
  5.0533331807E+01  5.0537498474E+01  9.79415E-04  5.19130E-01
  5.0537498474E+01  5.0541665141E+01  9.79464E-04  5.24382E-01
  5.0541665141E+01  5.0545831807E+01  9.78080E-04  4.74102E-01
  5.0545831807E+01  5.0549998474E+01  9.81127E-04  5.06855E-01
  5.0549998474E+01  5.0554165141E+01  9.78523E-04  4.58101E-01
  5.0554165141E+01  5.0558331807E+01  9.86727E-04  5.81007E-01
  5.0558331807E+01  5.0562498474E+01  9.83487E-04  4.76537E-01
  5.0562498474E+01  5.0566665141E+01  9.78774E-04  4.53951E-01
  5.0566665141E+01  5.0570831807E+01  9.80950E-04  5.21939E-01
  5.0570831807E+01  5.0574998474E+01  9.79123E-04  4.74092E-01
  5.0574998474E+01  5.0579165141E+01  9.78501E-04  4.83890E-01
  5.0579165141E+01  5.0583331807E+01  9.80036E-04  5.41276E-01
  5.0583331807E+01  5.0587498474E+01  9.76811E-04  4.59585E-01
  5.0587498474E+01  5.0591665141E+01  9.75199E-04  4.52009E-01
  5.0591665141E+01  5.0595831807E+01  9.77432E-04  4.57348E-01
  5.0595831807E+01  5.0599998474E+01  9.82635E-04  5.34558E-01
  5.0599998474E+01  5.0604165141E+01  9.83251E-04  5.72766E-01
  5.0604165141E+01  5.0608331807E+01  9.79805E-04  4.83704E-01
  5.0608331807E+01  5.0612498474E+01  9.76592E-04  4.58789E-01
  5.0612498474E+01  5.0616665141E+01  9.77666E-04  4.77041E-01
  5.0616665141E+01  5.0620831807E+01  9.77168E-04  4.47383E-01
  5.0620831807E+01  5.0624998474E+01  9.83786E-04  5.11133E-01
  5.0624998474E+01  5.0629165141E+01  9.86183E-04  5.47576E-01
  5.0629165141E+01  5.0633331807E+01  9.87128E-04  5.08714E-01
  5.0633331807E+01  5.0637498474E+01  9.84036E-04  4.62805E-01
  5.0637498474E+01  5.0641665141E+01  9.87458E-04  4.61186E-01
  5.0641665141E+01  5.0645831807E+01  9.93940E-04  4.94005E-01
  5.0645831807E+01  5.0649998474E+01  9.98248E-04  5.18574E-01
  5.0649998474E+01  5.0654165141E+01  1.00136E-03  5.25004E-01
  5.0654165141E+01  5.0658331807E+01  1.00300E-03  4.86589E-01
  5.0658331807E+01  5.0662498474E+01  1.00467E-03  4.61751E-01
  5.0662498474E+01  5.0666665141E+01  1.00828E-03  4.93549E-01
  5.0666665141E+01  5.0670831807E+01  1.01071E-03  4.69409E-01
  5.0670831807E+01  5.0674998474E+01  1.01530E-03  4.68123E-01
  5.0674998474E+01  5.0679165141E+01  1.01860E-03  4.55792E-01
  5.0679165141E+01  5.0683331807E+01  1.02149E-03  4.57589E-01
  5.0683331807E+01  5.0687498474E+01  1.02752E-03  4.71694E-01
  5.0687498474E+01  5.0691665141E+01  1.03403E-03  5.23568E-01
  5.0691665141E+01  5.0695831807E+01  1.03123E-03  4.62173E-01
  5.0695831807E+01  5.0699998474E+01  1.03012E-03  4.43198E-01
  5.0699998474E+01  5.0704165141E+01  1.03575E-03  4.77037E-01
  5.0704165141E+01  5.0708331807E+01  1.04251E-03  5.37334E-01
  5.0708331807E+01  5.0712498474E+01  1.03837E-03  4.65741E-01
  5.0712498474E+01  5.0716665141E+01  1.04140E-03  4.98125E-01
  5.0716665141E+01  5.0720831807E+01  1.04079E-03  5.14319E-01
  5.0720831807E+01  5.0724998474E+01  1.04414E-03  5.00301E-01
  5.0724998474E+01  5.0729165141E+01  1.04355E-03  4.75284E-01
  5.0729165141E+01  5.0733331807E+01  1.04570E-03  4.76173E-01
  5.0733331807E+01  5.0737498474E+01  1.04156E-03  4.87869E-01
  5.0737498474E+01  5.0741665141E+01  1.04216E-03  4.66039E-01
  5.0741665141E+01  5.0745831807E+01  1.04058E-03  4.47959E-01
  5.0745831807E+01  5.0749998474E+01  1.04818E-03  4.96815E-01
  5.0749998474E+01  5.0754165141E+01  1.04621E-03  4.62311E-01
  5.0754165141E+01  5.0758331807E+01  1.04484E-03  4.67995E-01
  5.0758331807E+01  5.0762498474E+01  1.04811E-03  5.22665E-01
  5.0762498474E+01  5.0766665141E+01  1.05008E-03  4.85683E-01
  5.0766665141E+01  5.0770831807E+01  1.04936E-03  4.57781E-01
  5.0770831807E+01  5.0774998474E+01  1.05133E-03  4.70757E-01
  5.0774998474E+01  5.0779165141E+01  1.05257E-03  4.60179E-01
  5.0779165141E+01  5.0783331807E+01  1.05638E-03  4.80693E-01
  5.0783331807E+01  5.0787498474E+01  1.06237E-03  5.04638E-01
  5.0787498474E+01  5.0791665141E+01  1.06076E-03  4.70318E-01
  5.0791665141E+01  5.0795831807E+01  1.06322E-03  4.72316E-01
  5.0795831807E+01  5.0799998474E+01  1.06500E-03  4.72820E-01
  5.0799998474E+01  5.0804165141E+01  1.06686E-03  4.74567E-01
  5.0804165141E+01  5.0808331807E+01  1.07034E-03  4.43400E-01
  5.0808331807E+01  5.0812498474E+01  1.07496E-03  4.58963E-01
  5.0812498474E+01  5.0816665141E+01  1.07779E-03  4.60167E-01
  5.0816665141E+01  5.0820831807E+01  1.08057E-03  4.56667E-01
  5.0820831807E+01  5.0824998474E+01  1.08757E-03  5.01586E-01
  5.0824998474E+01  5.0829165141E+01  1.08495E-03  4.39186E-01
  5.0829165141E+01  5.0833331807E+01  1.09083E-03  4.77525E-01
  5.0833331807E+01  5.0837498474E+01  1.09546E-03  4.79841E-01
  5.0837498474E+01  5.0841665141E+01  1.09304E-03  4.56152E-01
  5.0841665141E+01  5.0845831807E+01  1.10033E-03  4.84334E-01
  5.0845831807E+01  5.0849998474E+01  1.10374E-03  5.28471E-01
  5.0849998474E+01  5.0854165141E+01  1.10276E-03  4.71968E-01
  5.0854165141E+01  5.0858331807E+01  1.10487E-03  4.86328E-01
  5.0858331807E+01  5.0862498474E+01  1.10333E-03  4.52949E-01
  5.0862498474E+01  5.0866665141E+01  1.10351E-03  4.36133E-01
  5.0866665141E+01  5.0870831807E+01  1.10526E-03  4.45034E-01
  5.0870831807E+01  5.0874998474E+01  1.11088E-03  4.70050E-01
  5.0874998474E+01  5.0879165141E+01  1.11303E-03  4.77688E-01
  5.0879165141E+01  5.0883331807E+01  1.11623E-03  4.93760E-01
  5.0883331807E+01  5.0887498474E+01  1.11815E-03  4.99896E-01
  5.0887498474E+01  5.0891665141E+01  1.11970E-03  4.82040E-01
  5.0891665141E+01  5.0895831807E+01  1.12381E-03  4.63611E-01
  5.0895831807E+01  5.0899998474E+01  1.12308E-03  4.50368E-01
  5.0899998474E+01  5.0904165141E+01  1.12640E-03  4.75118E-01
  5.0904165141E+01  5.0908331807E+01  1.12422E-03  4.47146E-01
  5.0908331807E+01  5.0912498474E+01  1.13041E-03  4.51794E-01
  5.0912498474E+01  5.0916665141E+01  1.13731E-03  4.83344E-01
  5.0916665141E+01  5.0920831807E+01  1.13924E-03  4.56050E-01
  5.0920831807E+01  5.0924998474E+01  1.14607E-03  4.89566E-01
  5.0924998474E+01  5.0929165141E+01  1.14333E-03  4.46461E-01
  5.0929165141E+01  5.0933331807E+01  1.14947E-03  4.73839E-01
  5.0933331807E+01  5.0937498474E+01  1.14919E-03  4.47240E-01
  5.0937498474E+01  5.0941665141E+01  1.14998E-03  4.31282E-01
  5.0941665141E+01  5.0945831807E+01  1.15633E-03  4.38589E-01
  5.0945831807E+01  5.0949998474E+01  1.16243E-03  4.47739E-01
  5.0949998474E+01  5.0954165141E+01  1.16275E-03  4.31330E-01
  5.0954165141E+01  5.0958331807E+01  1.16651E-03  4.27933E-01
  5.0958331807E+01  5.0962498474E+01  1.17318E-03  4.58244E-01
  5.0962498474E+01  5.0966665141E+01  1.17874E-03  4.60458E-01
  5.0966665141E+01  5.0970831807E+01  1.18589E-03  5.01926E-01
  5.0970831807E+01  5.0974998474E+01  1.18032E-03  4.47273E-01
  5.0974998474E+01  5.0979165141E+01  1.18292E-03  4.38242E-01
  5.0979165141E+01  5.0983331807E+01  1.18643E-03  4.49325E-01
  5.0983331807E+01  5.0987498474E+01  1.18695E-03  4.33791E-01
  5.0987498474E+01  5.0991665141E+01  1.19160E-03  4.38776E-01
  5.0991665141E+01  5.0995831807E+01  1.19389E-03  4.23816E-01
  5.0995831807E+01  5.0999998474E+01  1.19828E-03  4.38698E-01
  5.0999998474E+01  5.1004165141E+01  1.20650E-03  4.52153E-01
  5.1004165141E+01  5.1008331807E+01  1.21430E-03  4.39616E-01
  5.1008331807E+01  5.1012498474E+01  1.21764E-03  4.56856E-01
  5.1012498474E+01  5.1016665141E+01  1.22175E-03  4.59418E-01
  5.1016665141E+01  5.1020831807E+01  1.22632E-03  4.93660E-01
  5.1020831807E+01  5.1024998474E+01  1.22424E-03  4.41365E-01
  5.1024998474E+01  5.1029165141E+01  1.22964E-03  4.47649E-01
  5.1029165141E+01  5.1033331807E+01  1.23509E-03  4.66678E-01
  5.1033331807E+01  5.1037498474E+01  1.23711E-03  4.44181E-01
  5.1037498474E+01  5.1041665141E+01  1.24322E-03  4.58606E-01
  5.1041665141E+01  5.1045831807E+01  1.24730E-03  4.64862E-01
  5.1045831807E+01  5.1049998474E+01  1.24789E-03  4.40910E-01
  5.1049998474E+01  5.1054165141E+01  1.25492E-03  4.48321E-01
  5.1054165141E+01  5.1058331807E+01  1.25908E-03  4.46130E-01
  5.1058331807E+01  5.1062498474E+01  1.26548E-03  4.42613E-01
  5.1062498474E+01  5.1066665141E+01  1.27059E-03  4.44526E-01
  5.1066665141E+01  5.1070831807E+01  1.27900E-03  4.57491E-01
  5.1070831807E+01  5.1074998474E+01  1.28047E-03  4.44545E-01
  5.1074998474E+01  5.1079165141E+01  1.29159E-03  5.01585E-01
  5.1079165141E+01  5.1083331807E+01  1.29634E-03  4.61067E-01
  5.1083331807E+01  5.1087498474E+01  1.30234E-03  4.70518E-01
  5.1087498474E+01  5.1091665141E+01  1.30234E-03  4.26629E-01
  5.1091665141E+01  5.1095831807E+01  1.31138E-03  4.41610E-01
  5.1095831807E+01  5.1099998474E+01  1.32055E-03  4.46400E-01
  5.1099998474E+01  5.1104165141E+01  1.32655E-03  4.63283E-01
  5.1104165141E+01  5.1108331807E+01  1.33047E-03  4.36318E-01
  5.1108331807E+01  5.1112498474E+01  1.33761E-03  4.32943E-01
  5.1112498474E+01  5.1116665141E+01  1.34929E-03  4.53000E-01
  5.1116665141E+01  5.1120831807E+01  1.35055E-03  4.23135E-01
  5.1120831807E+01  5.1124998474E+01  1.35931E-03  4.30775E-01
  5.1124998474E+01  5.1129165141E+01  1.36628E-03  4.26604E-01
  5.1129165141E+01  5.1133331807E+01  1.37079E-03  4.24904E-01
  5.1133331807E+01  5.1137498474E+01  1.38475E-03  4.51400E-01
  5.1137498474E+01  5.1141665141E+01  1.39036E-03  4.42984E-01
  5.1141665141E+01  5.1145831807E+01  1.39514E-03  4.27479E-01
  5.1145831807E+01  5.1149998474E+01  1.40273E-03  4.32153E-01
  5.1149998474E+01  5.1154165141E+01  1.40991E-03  4.35216E-01
  5.1154165141E+01  5.1158331807E+01  1.41953E-03  4.37061E-01
  5.1158331807E+01  5.1162498474E+01  1.42674E-03  4.39598E-01
  5.1162498474E+01  5.1166665141E+01  1.43667E-03  4.39603E-01
  5.1166665141E+01  5.1170831807E+01  1.44226E-03  4.20026E-01
  5.1170831807E+01  5.1174998474E+01  1.45313E-03  4.31306E-01
  5.1174998474E+01  5.1179165141E+01  1.46509E-03  4.41382E-01
  5.1179165141E+01  5.1183331807E+01  1.47599E-03  4.35536E-01
  5.1183331807E+01  5.1187498474E+01  1.48508E-03  4.39643E-01
  5.1187498474E+01  5.1191665141E+01  1.49717E-03  4.34236E-01
  5.1191665141E+01  5.1195831807E+01  1.50975E-03  4.45376E-01
  5.1195831807E+01  5.1199998474E+01  1.51989E-03  4.34140E-01
  5.1199998474E+01  5.1204165141E+01  1.53156E-03  4.25235E-01
  5.1204165141E+01  5.1208331807E+01  1.54415E-03  4.22057E-01
  5.1208331807E+01  5.1212498474E+01  1.55367E-03  4.20097E-01
  5.1212498474E+01  5.1216665141E+01  1.57364E-03  4.38186E-01
  5.1216665141E+01  5.1220831807E+01  1.58661E-03  4.36027E-01
  5.1220831807E+01  5.1224998474E+01  1.60177E-03  4.43091E-01
  5.1224998474E+01  5.1229165141E+01  1.61091E-03  4.32260E-01
  5.1229165141E+01  5.1233331807E+01  1.62631E-03  4.28153E-01
  5.1233331807E+01  5.1237498474E+01  1.64586E-03  4.36042E-01
  5.1237498474E+01  5.1241665141E+01  1.65990E-03  4.27607E-01
  5.1241665141E+01  5.1245831807E+01  1.67950E-03  4.33063E-01
  5.1245831807E+01  5.1249998474E+01  1.69631E-03  4.31638E-01
  5.1249998474E+01  5.1254165141E+01  1.71173E-03  4.32002E-01
  5.1254165141E+01  5.1258331807E+01  1.73158E-03  4.32963E-01
  5.1258331807E+01  5.1262498474E+01  1.75108E-03  4.37196E-01
  5.1262498474E+01  5.1266665141E+01  1.77024E-03  4.31358E-01
  5.1266665141E+01  5.1270831807E+01  1.79623E-03  4.39045E-01
  5.1270831807E+01  5.1274998474E+01  1.81950E-03  4.47218E-01
  5.1274998474E+01  5.1279165141E+01  1.84409E-03  4.44488E-01
  5.1279165141E+01  5.1283331807E+01  1.86359E-03  4.39315E-01
  5.1283331807E+01  5.1287498474E+01  1.88936E-03  4.42035E-01
  5.1287498474E+01  5.1291665141E+01  1.91935E-03  4.53835E-01
  5.1291665141E+01  5.1295831807E+01  1.94395E-03  4.55332E-01
  5.1295831807E+01  5.1299998474E+01  1.96862E-03  4.53439E-01
  5.1299998474E+01  5.1304165141E+01  1.99629E-03  4.55435E-01
  5.1304165141E+01  5.1308331807E+01  2.02504E-03  4.59329E-01
  5.1308331807E+01  5.1312498474E+01  2.05200E-03  4.61813E-01
  5.1312498474E+01  5.1316665141E+01  2.07912E-03  4.62526E-01
  5.1316665141E+01  5.1320831807E+01  2.10729E-03  4.62045E-01
  5.1320831807E+01  5.1324998474E+01  2.13710E-03  4.64721E-01
  5.1324998474E+01  5.1329165141E+01  2.16171E-03  4.69066E-01
  5.1329165141E+01  5.1333331807E+01  2.18078E-03  4.69569E-01
  5.1333331807E+01  5.1337498474E+01  2.20754E-03  4.79007E-01
  5.1337498474E+01  5.1341665141E+01  2.23683E-03  4.80649E-01
  5.1341665141E+01  5.1345831807E+01  2.25664E-03  4.84897E-01
  5.1345831807E+01  5.1349998474E+01  2.28505E-03  4.91144E-01
  5.1349998474E+01  5.1354165141E+01  2.29090E-03  4.87625E-01
  5.1354165141E+01  5.1358331807E+01  2.30765E-03  4.96789E-01
  5.1358331807E+01  5.1362498474E+01  2.33708E-03  5.02385E-01
  5.1362498474E+01  5.1366665141E+01  2.35764E-03  5.03658E-01
  5.1366665141E+01  5.1370831807E+01  2.35475E-03  5.07980E-01
  5.1370831807E+01  5.1374998474E+01  2.36457E-03  5.13233E-01
  5.1374998474E+01  5.1379165141E+01  2.37471E-03  5.17713E-01
  5.1379165141E+01  5.1383331807E+01  2.37817E-03  5.23362E-01
  5.1383331807E+01  5.1387498474E+01  2.36893E-03  5.29153E-01
  5.1387498474E+01  5.1391665141E+01  2.34993E-03  5.36612E-01
  5.1391665141E+01  5.1395831807E+01  2.33590E-03  5.43602E-01
  5.1395831807E+01  5.1399998474E+01  2.31812E-03  5.50908E-01
  5.1399998474E+01  5.1404165141E+01  2.30760E-03  5.60173E-01
  5.1404165141E+01  5.1408331807E+01  2.27840E-03  5.71009E-01
  5.1408331807E+01  5.1412498474E+01  2.24461E-03  5.70075E-01
  5.1412498474E+01  5.1416665141E+01  2.21477E-03  5.87325E-01
  5.1416665141E+01  5.1420831807E+01  2.16573E-03  5.98059E-01
  5.1420831807E+01  5.1424998474E+01  2.11930E-03  6.01761E-01
  5.1424998474E+01  5.1429165141E+01  2.08071E-03  6.13580E-01
  5.1429165141E+01  5.1433331807E+01  2.04745E-03  6.21968E-01
  5.1433331807E+01  5.1437498474E+01  1.99364E-03  6.41185E-01
  5.1437498474E+01  5.1441665141E+01  1.93489E-03  6.52353E-01
  5.1441665141E+01  5.1445831807E+01  1.86593E-03  6.68420E-01
  5.1445831807E+01  5.1449998474E+01  1.80272E-03  6.79505E-01
  5.1449998474E+01  5.1454165141E+01  1.73849E-03  7.02346E-01
  5.1454165141E+01  5.1458331807E+01  1.66705E-03  7.17146E-01
  5.1458331807E+01  5.1462498474E+01  1.61119E-03  7.41759E-01
  5.1462498474E+01  5.1466665141E+01  1.54602E-03  7.65969E-01
  5.1466665141E+01  5.1470831807E+01  1.46453E-03  7.88162E-01
  5.1470831807E+01  5.1474998474E+01  1.39018E-03  8.11058E-01
  5.1474998474E+01  5.1479165141E+01  1.31822E-03  8.23993E-01
  5.1479165141E+01  5.1483331807E+01  1.23378E-03  8.56024E-01
  5.1483331807E+01  5.1487498474E+01  1.16194E-03  8.93198E-01
  5.1487498474E+01  5.1491665141E+01  1.09866E-03  9.31143E-01
  5.1491665141E+01  5.1495831807E+01  1.02782E-03  9.66756E-01
  5.1495831807E+01  5.1499998474E+01  9.66678E-04  1.02040E+00
  5.1499998474E+01  5.1504165141E+01  9.06442E-04  1.07416E+00
  5.1504165141E+01  5.1508331807E+01  8.37268E-04  1.11287E+00
  5.1508331807E+01  5.1512498474E+01  7.70887E-04  1.15717E+00
  5.1512498474E+01  5.1516665141E+01  7.13378E-04  1.20776E+00
  5.1516665141E+01  5.1520831807E+01  6.52778E-04  1.24470E+00
  5.1520831807E+01  5.1524998474E+01  6.02394E-04  1.32418E+00
  5.1524998474E+01  5.1529165141E+01  5.54482E-04  1.37892E+00
  5.1529165141E+01  5.1533331807E+01  4.97604E-04  1.43909E+00
  5.1533331807E+01  5.1537498474E+01  4.55161E-04  1.52819E+00
  5.1537498474E+01  5.1541665141E+01  4.10882E-04  1.60698E+00
  5.1541665141E+01  5.1545831807E+01  3.68504E-04  1.69878E+00
  5.1545831807E+01  5.1549998474E+01  3.25483E-04  1.80536E+00
  5.1549998474E+01  5.1554165141E+01  2.86899E-04  1.91952E+00
  5.1554165141E+01  5.1558331807E+01  2.61390E-04  2.01703E+00
  5.1558331807E+01  5.1562498474E+01  2.32151E-04  2.13303E+00
  5.1562498474E+01  5.1566665141E+01  2.13485E-04  2.28619E+00
  5.1566665141E+01  5.1570831807E+01  1.91474E-04  2.45475E+00
  5.1570831807E+01  5.1574998474E+01  1.62955E-04  2.60871E+00
  5.1574998474E+01  5.1579165141E+01  1.44771E-04  2.77638E+00
  5.1579165141E+01  5.1583331807E+01  1.23262E-04  2.99892E+00
  5.1583331807E+01  5.1587498474E+01  1.05714E-04  3.25717E+00
  5.1587498474E+01  5.1591665141E+01  9.64264E-05  3.48954E+00
  5.1591665141E+01  5.1595831807E+01  8.19410E-05  3.70656E+00
  5.1595831807E+01  5.1599998474E+01  7.18939E-05  4.01816E+00
  5.1599998474E+01  5.1604165141E+01  6.16529E-05  4.31774E+00
  5.1604165141E+01  5.1608331807E+01  5.27384E-05  4.66521E+00
  5.1608331807E+01  5.1612498474E+01  4.51443E-05  5.18401E+00
  5.1612498474E+01  5.1616665141E+01  3.65220E-05  5.66973E+00
  5.1616665141E+01  5.1620831807E+01  3.00823E-05  6.08494E+00
  5.1620831807E+01  5.1624998474E+01  2.59763E-05  6.61762E+00
  5.1624998474E+01  5.1629165141E+01  2.43073E-05  7.23320E+00
  5.1629165141E+01  5.1633331807E+01  1.86089E-05  7.87100E+00
  5.1633331807E+01  5.1637498474E+01  1.55022E-05  8.55185E+00
  5.1637498474E+01  5.1641665141E+01  1.36657E-05  9.12998E+00
  5.1641665141E+01  5.1645831807E+01  1.27313E-05  9.98907E+00
  5.1645831807E+01  5.1649998474E+01  1.01013E-05  1.13827E+01
  5.1649998474E+01  5.1654165141E+01  7.40641E-06  1.26319E+01
  5.1654165141E+01  5.1658331807E+01  5.45115E-06  1.50219E+01
  5.1658331807E+01  5.1662498474E+01  4.57685E-06  1.58642E+01
  5.1662498474E+01  5.1666665141E+01  3.64185E-06  1.83336E+01
  5.1666665141E+01  5.1670831807E+01  3.33560E-06  2.00709E+01
  5.1670831807E+01  5.1674998474E+01  2.35565E-06  2.27196E+01
  5.1674998474E+01  5.1679165141E+01  1.93637E-06  2.60794E+01
  5.1679165141E+01  5.1683331807E+01  1.36594E-06  2.85668E+01
  5.1683331807E+01  5.1687498474E+01  1.27578E-06  3.03898E+01
  5.1687498474E+01  5.1691665141E+01  1.03095E-06  2.93918E+01
  5.1691665141E+01  5.1695831807E+01  1.27168E-06  3.28101E+01
  5.1695831807E+01  5.1699998474E+01  1.15283E-06  3.31241E+01
  5.1699998474E+01  5.1704165141E+01  7.86310E-07  4.00330E+01
  5.1704165141E+01  5.1708331807E+01  3.80280E-07  5.07655E+01
  5.1708331807E+01  5.1712498474E+01  5.21335E-07  5.40516E+01
  5.1712498474E+01  5.1716665141E+01  3.53602E-07  5.35223E+01
  5.1716665141E+01  5.1720831807E+01  2.35591E-07  7.02701E+01
  5.1720831807E+01  5.1724998474E+01  3.69173E-07  7.21026E+01
  5.1724998474E+01  5.1729165141E+01  1.83425E-07  9.83627E+01
  5.1729165141E+01  5.1733331807E+01  3.01690E-09  7.38833E+01
  5.1733331807E+01  5.1737498474E+01  2.95615E-09  7.35961E+01
  5.1737498474E+01  5.1741665141E+01  2.65269E-09  7.22124E+01
  5.1741665141E+01  5.1745831807E+01  2.65269E-09  7.22124E+01
  5.1745831807E+01  5.1749998474E+01  2.65269E-09  7.09645E+01
  5.1749998474E+01  5.1754165141E+01  2.65269E-09  6.46551E+01
  5.1754165141E+01  5.1758331807E+01  2.61999E-09  7.24361E+01
  5.1758331807E+01  5.1762498474E+01  1.18914E-08  7.95840E+01
  5.1762498474E+01  5.1766665141E+01  2.61999E-09  7.24361E+01
  5.1766665141E+01  5.1770831807E+01  2.61999E-09  7.24361E+01
  5.1770831807E+01  5.1774998474E+01  3.83858E-09  5.87552E+01
  5.1774998474E+01  5.1779165141E+01  2.61999E-09  7.24361E+01
  5.1779165141E+01  5.1783331807E+01  2.61999E-09  7.24361E+01
  5.1783331807E+01  5.1787498474E+01  2.61999E-09  7.24361E+01
  5.1787498474E+01  5.1791665141E+01  2.61999E-09  5.84128E+01
  5.1791665141E+01  5.1795831807E+01  3.81554E-09  5.87859E+01
  5.1795831807E+01  5.1799998474E+01  4.22962E-09  5.38656E+01
  5.1799998474E+01  5.1804165141E+01  4.22962E-09  5.88350E+01
  5.1804165141E+01  5.1808331807E+01  4.88271E-09  6.04836E+01
  5.1808331807E+01  5.1812498474E+01  6.44850E-09  6.62647E+01
  5.1812498474E+01  5.1816665141E+01  9.54406E-08  9.33367E+01
  5.1816665141E+01  5.1820831807E+01  1.09643E-07  9.41993E+01
  5.1820831807E+01  5.1824998474E+01  6.44850E-09  6.62647E+01
  5.1824998474E+01  5.1829165141E+01  6.44850E-09  5.64511E+01
  5.1829165141E+01  5.1833331807E+01  6.44850E-09  6.62647E+01
  5.1833331807E+01  5.1837498474E+01  6.44850E-09  6.09926E+01
  5.1837498474E+01  5.1841665141E+01  6.45764E-09  6.61710E+01
  5.1841665141E+01  5.1845831807E+01  2.41519E-08  7.54052E+01
  5.1845831807E+01  5.1849998474E+01  1.80170E-08  5.03135E+01
  5.1849998474E+01  5.1854165141E+01  1.16926E-08  4.84091E+01
  5.1854165141E+01  5.1858331807E+01  1.02858E-08  6.28743E+01
  5.1858331807E+01  5.1862498474E+01  1.71744E-08  5.99832E+01
  5.1862498474E+01  5.1866665141E+01  1.10855E-08  7.82611E+01
  5.1866665141E+01  5.1870831807E+01  1.10855E-08  6.80152E+01
  5.1870831807E+01  5.1874998474E+01  7.50127E-09  5.25322E+01
  5.1874998474E+01  5.1879165141E+01  6.54078E-09  6.45102E+01
  5.1879165141E+01  5.1883331807E+01  6.54078E-09  6.65968E+01
  5.1883331807E+01  5.1887498474E+01  6.54078E-09  4.83078E+01
  5.1887498474E+01  5.1891665141E+01  6.55232E-09  6.65210E+01
  5.1891665141E+01  5.1895831807E+01  6.56760E-09  5.99563E+01
  5.1895831807E+01  5.1899998474E+01  2.52928E-08  5.20928E+01
  5.1899998474E+01  5.1904165141E+01  1.77712E-08  4.81550E+01
  5.1904165141E+01  5.1908331807E+01  7.21592E-09  5.32897E+01
  5.1908331807E+01  5.1912498474E+01  2.64681E-09  7.06514E+01
  5.1912498474E+01  5.1916665141E+01  2.64681E-09  7.22511E+01
  5.1916665141E+01  5.1920831807E+01  2.64681E-09  7.22511E+01
  5.1920831807E+01  5.1924998474E+01  1.79990E-09  6.54871E+01
  5.1924998474E+01  5.1929165141E+01  1.04566E-09  1.00000E+02
  5.1929165141E+01  5.1933331807E+01  1.04566E-09  1.00000E+02
  5.1933331807E+01  5.1937498474E+01  1.04566E-09  1.00000E+02
  5.1937498474E+01  5.1941665141E+01  2.13374E-09  7.07247E+01
  5.1941665141E+01  5.1945831807E+01  2.35125E-09  7.11414E+01
  5.1945831807E+01  5.1949998474E+01  2.35224E-09  7.11444E+01
  5.1949998474E+01  5.1954165141E+01  2.35224E-09  7.11444E+01
  5.1954165141E+01  5.1958331807E+01  2.35224E-09  7.11444E+01
  5.1958331807E+01  5.1962498474E+01  2.35224E-09  7.11444E+01
  5.1962498474E+01  5.1966665141E+01  2.35224E-09  7.11444E+01
  5.1966665141E+01  5.1970831807E+01  2.35224E-09  7.11444E+01
  5.1970831807E+01  5.1974998474E+01  2.35224E-09  7.11444E+01
  5.1974998474E+01  5.1979165141E+01  2.35224E-09  7.11444E+01
  5.1979165141E+01  5.1983331807E+01  2.35224E-09  6.28548E+01
  5.1983331807E+01  5.1987498474E+01  2.35224E-09  7.11444E+01
  5.1987498474E+01  5.1991665141E+01  2.35224E-09  7.11444E+01
  5.1991665141E+01  5.1995831807E+01  2.35224E-09  7.11444E+01
  5.1995831807E+01  5.1999998474E+01  2.39880E-09  6.97905E+01
  5.1999998474E+01  5.2004165141E+01  2.35224E-09  7.11444E+01
  5.2004165141E+01  5.2008331807E+01  2.35224E-09  7.11444E+01
  5.2008331807E+01  5.2012498474E+01  2.29694E-09  7.09934E+01
  5.2012498474E+01  5.2016665141E+01  2.22279E-09  7.08343E+01
  5.2016665141E+01  5.2020831807E+01  2.22279E-09  6.25662E+01
  5.2020831807E+01  5.2024998474E+01  2.22279E-09  7.08343E+01
  5.2024998474E+01  5.2029165141E+01  3.82429E-09  5.77269E+01
  5.2029165141E+01  5.2033331807E+01  2.63138E-08  7.40559E+01
  5.2033331807E+01  5.2037498474E+01  2.22279E-09  7.08343E+01
  5.2037498474E+01  5.2041665141E+01  2.22279E-09  7.08343E+01
  5.2041665141E+01  5.2045831807E+01  2.61688E-08  7.83203E+01
  5.2045831807E+01  5.2049998474E+01  1.22340E-08  6.74152E+01
  5.2049998474E+01  5.2054165141E+01  2.46051E-09  7.15022E+01
  5.2054165141E+01  5.2058331807E+01  3.03076E-09  6.10220E+01
  5.2058331807E+01  5.2062498474E+01  4.93572E-09  6.15260E+01
  5.2062498474E+01  5.2066665141E+01  4.93572E-09  6.15260E+01
  5.2066665141E+01  5.2070831807E+01  4.93572E-09  6.15260E+01
  5.2070831807E+01  5.2074998474E+01  4.93572E-09  5.27478E+01
  5.2074998474E+01  5.2079165141E+01  4.93572E-09  6.15260E+01
  5.2079165141E+01  5.2083331807E+01  9.30805E-09  5.68791E+01
  5.2083331807E+01  5.2087498474E+01  5.00523E-09  6.11637E+01
  5.2087498474E+01  5.2091665141E+01  5.37272E-09  4.74207E+01
  5.2091665141E+01  5.2095831807E+01  5.00523E-09  5.55261E+01
  5.2095831807E+01  5.2099998474E+01  5.00523E-09  5.92936E+01
  5.2099998474E+01  5.2104165141E+01  5.00523E-09  6.11637E+01
  5.2104165141E+01  5.2108331807E+01  5.00523E-09  5.10672E+01
  5.2108331807E+01  5.2112498474E+01  5.00523E-09  6.11637E+01
  5.2112498474E+01  5.2116665141E+01  5.00523E-09  6.11637E+01
  5.2116665141E+01  5.2120831807E+01  5.00523E-09  6.11637E+01
  5.2120831807E+01  5.2124998474E+01  5.00523E-09  5.04316E+01
  5.2124998474E+01  5.2129165141E+01  5.00523E-09  6.11637E+01
  5.2129165141E+01  5.2133331807E+01  5.00523E-09  6.11637E+01
  5.2133331807E+01  5.2137498474E+01  5.00523E-09  6.11637E+01
  5.2137498474E+01  5.2141665141E+01  5.52563E-09  4.65121E+01
  5.2141665141E+01  5.2145831807E+01  5.00523E-09  6.11637E+01
  5.2145831807E+01  5.2149998474E+01  6.06915E-09  5.34010E+01
  5.2149998474E+01  5.2154165141E+01  9.58734E-09  5.74789E+01
  5.2154165141E+01  5.2158331807E+01  1.07781E-08  4.94383E+01
  5.2158331807E+01  5.2162498474E+01  2.25652E-08  6.02544E+01
  5.2162498474E+01  5.2166665141E+01  3.78425E-08  5.91604E+01
  5.2166665141E+01  5.2170831807E+01  1.02804E-08  5.83941E+01
  5.2170831807E+01  5.2174998474E+01  7.97761E-09  4.86718E+01
  5.2174998474E+01  5.2179165141E+01  8.78486E-09  5.44073E+01
  5.2179165141E+01  5.2183331807E+01  9.19166E-09  5.48769E+01
  5.2183331807E+01  5.2187498474E+01  8.61467E-09  4.76179E+01
  5.2187498474E+01  5.2191665141E+01  7.49181E-09  4.98665E+01
  5.2191665141E+01  5.2195831807E+01  7.49181E-09  5.46838E+01
  5.2195831807E+01  5.2199998474E+01  2.40065E-08  7.05364E+01
  5.2199998474E+01  5.2204165141E+01  1.11879E-08  4.93184E+01
  5.2204165141E+01  5.2208331807E+01  1.21549E-08  4.80865E+01
  5.2208331807E+01  5.2212498474E+01  1.33071E-08  4.39787E+01
  5.2212498474E+01  5.2216665141E+01  3.05096E-08  5.47323E+01
  5.2216665141E+01  5.2220831807E+01  3.05611E-08  5.82765E+01
  5.2220831807E+01  5.2224998474E+01  1.09353E-08  4.21200E+01
  5.2224998474E+01  5.2229165141E+01  9.28426E-09  4.84977E+01
  5.2229165141E+01  5.2233331807E+01  9.27037E-09  3.85106E+01
  5.2233331807E+01  5.2237498474E+01  9.48773E-09  4.86350E+01
  5.2237498474E+01  5.2241665141E+01  9.48773E-09  4.46027E+01
  5.2241665141E+01  5.2245831807E+01  1.53235E-08  4.64392E+01
  5.2245831807E+01  5.2249998474E+01  1.80998E-08  5.39805E+01
  5.2249998474E+01  5.2254165141E+01  9.35347E-09  4.79524E+01
  5.2254165141E+01  5.2258331807E+01  9.33407E-09  4.51923E+01
  5.2258331807E+01  5.2262498474E+01  9.33407E-09  4.89926E+01
  5.2262498474E+01  5.2266665141E+01  2.55350E-08  6.55166E+01
  5.2266665141E+01  5.2270831807E+01  1.47381E-08  4.80338E+01
  5.2270831807E+01  5.2274998474E+01  1.23395E-08  4.22756E+01
  5.2274998474E+01  5.2279165141E+01  7.51510E-09  4.49902E+01
  5.2279165141E+01  5.2283331807E+01  7.97208E-09  4.32558E+01
  5.2283331807E+01  5.2287498474E+01  8.17423E-09  4.63430E+01
  5.2287498474E+01  5.2291665141E+01  9.98045E-09  5.14650E+01
  5.2291665141E+01  5.2295831807E+01  1.50558E-08  5.09735E+01
  5.2295831807E+01  5.2299998474E+01  1.50558E-08  6.47788E+01
  5.2299998474E+01  5.2304165141E+01  9.77259E-08  8.53779E+01
  5.2304165141E+01  5.2308331807E+01  2.41533E-07  6.43997E+01
  5.2308331807E+01  5.2312498474E+01  7.18285E-09  5.34564E+01
  5.2312498474E+01  5.2316665141E+01  3.11488E-08  8.66778E+01
  5.2316665141E+01  5.2320831807E+01  4.21868E-09  5.48749E+01
  5.2320831807E+01  5.2324998474E+01  4.21820E-09  5.85292E+01
  5.2324998474E+01  5.2329165141E+01  4.21820E-09  5.85292E+01
  5.2329165141E+01  5.2333331807E+01  4.21820E-09  5.85292E+01
  5.2333331807E+01  5.2337498474E+01  4.21820E-09  5.35085E+01
  5.2337498474E+01  5.2341665141E+01  4.21820E-09  5.85292E+01
  5.2341665141E+01  5.2345831807E+01  4.21820E-09  5.85292E+01
  5.2345831807E+01  5.2349998474E+01  4.29270E-09  5.83179E+01
  5.2349998474E+01  5.2354165141E+01  4.42879E-09  5.71733E+01
  5.2354165141E+01  5.2358331807E+01  5.44332E-09  4.59344E+01
  5.2358331807E+01  5.2362498474E+01  5.44332E-09  5.06519E+01
  5.2362498474E+01  5.2366665141E+01  5.44332E-09  5.06519E+01
  5.2366665141E+01  5.2370831807E+01  5.44332E-09  5.06519E+01
  5.2370831807E+01  5.2374998474E+01  5.31160E-09  5.04277E+01
  5.2374998474E+01  5.2379165141E+01  4.79798E-08  8.92273E+01
  5.2379165141E+01  5.2383331807E+01  5.23831E-09  5.03331E+01
  5.2383331807E+01  5.2387498474E+01  5.23831E-09  5.03331E+01
  5.2387498474E+01  5.2391665141E+01  4.30765E-09  5.22051E+01
  5.2391665141E+01  5.2395831807E+01  3.75514E-09  5.32986E+01
  5.2395831807E+01  5.2399998474E+01  3.75514E-09  5.80507E+01
  5.2399998474E+01  5.2404165141E+01  3.75514E-09  5.80507E+01
  5.2404165141E+01  5.2408331807E+01  3.75514E-09  5.80507E+01
  5.2408331807E+01  5.2412498474E+01  3.75514E-09  5.80507E+01
  5.2412498474E+01  5.2416665141E+01  3.75514E-09  5.80507E+01
  5.2416665141E+01  5.2420831807E+01  3.75514E-09  5.26293E+01
  5.2420831807E+01  5.2424998474E+01  3.75514E-09  5.80507E+01
  5.2424998474E+01  5.2429165141E+01  3.75514E-09  5.43531E+01
  5.2429165141E+01  5.2433331807E+01  3.75514E-09  5.80507E+01
  5.2433331807E+01  5.2437498474E+01  3.75514E-09  5.80507E+01
  5.2437498474E+01  5.2441665141E+01  4.35301E-09  5.16088E+01
  5.2441665141E+01  5.2445831807E+01  5.20295E-09  5.02960E+01
  5.2445831807E+01  5.2449998474E+01  6.10787E-09  4.26941E+01
  5.2449998474E+01  5.2454165141E+01  6.18446E-09  4.51921E+01
  5.2454165141E+01  5.2458331807E+01  6.18446E-09  4.51921E+01
  5.2458331807E+01  5.2462498474E+01  6.18447E-09  4.22569E+01
  5.2462498474E+01  5.2466665141E+01  6.18446E-09  4.51921E+01
  5.2466665141E+01  5.2470831807E+01  6.13315E-09  4.51525E+01
  5.2470831807E+01  5.2474998474E+01  5.90551E-09  4.51199E+01
  5.2474998474E+01  5.2479165141E+01  5.90551E-09  4.26490E+01
  5.2479165141E+01  5.2483331807E+01  5.90551E-09  4.34327E+01
  5.2483331807E+01  5.2487498474E+01  5.90551E-09  4.51199E+01
  5.2487498474E+01  5.2491665141E+01  6.86176E-09  4.12569E+01
  5.2491665141E+01  5.2495831807E+01  8.34708E-09  3.57241E+01
  5.2495831807E+01  5.2499998474E+01  8.59180E-09  3.79035E+01
  5.2499998474E+01  5.2504165141E+01  8.62415E-09  3.81561E+01
  5.2504165141E+01  5.2508331807E+01  8.62415E-09  3.81561E+01
  5.2508331807E+01  5.2512498474E+01  8.62415E-09  3.81561E+01
  5.2512498474E+01  5.2516665141E+01  8.62415E-09  3.81561E+01
  5.2516665141E+01  5.2520831807E+01  8.62415E-09  3.71648E+01
  5.2520831807E+01  5.2524998474E+01  8.62415E-09  3.81561E+01
  5.2524998474E+01  5.2529165141E+01  9.58998E-09  3.86737E+01
  5.2529165141E+01  5.2533331807E+01  1.09845E-08  4.08469E+01
  5.2533331807E+01  5.2537498474E+01  1.09845E-08  4.11014E+01
  5.2537498474E+01  5.2541665141E+01  1.09845E-08  3.63429E+01
  5.2541665141E+01  5.2545831807E+01  1.09845E-08  4.11242E+01
  5.2545831807E+01  5.2549998474E+01  1.09845E-08  4.19884E+01
  5.2549998474E+01  5.2554165141E+01  1.09845E-08  3.99605E+01
  5.2554165141E+01  5.2558331807E+01  1.09845E-08  3.45904E+01
  5.2558331807E+01  5.2562498474E+01  1.09845E-08  3.46770E+01
  5.2562498474E+01  5.2566665141E+01  1.30633E-08  4.02075E+01
  5.2566665141E+01  5.2570831807E+01  1.67033E-08  4.05928E+01
  5.2570831807E+01  5.2574998474E+01  1.57209E-08  4.71561E+01
  5.2574998474E+01  5.2579165141E+01  1.44009E-08  4.36745E+01
  5.2579165141E+01  5.2583331807E+01  3.26914E-08  7.10145E+01
  5.2583331807E+01  5.2587498474E+01  1.64616E-08  4.92966E+01
  5.2587498474E+01  5.2591665141E+01  1.82514E-08  5.34559E+01
  5.2591665141E+01  5.2595831807E+01  9.13238E-09  3.67310E+01
  5.2595831807E+01  5.2599998474E+01  9.13238E-09  3.81463E+01
  5.2599998474E+01  5.2604165141E+01  9.81687E-09  3.43566E+01
  5.2604165141E+01  5.2608331807E+01  9.85485E-09  3.83991E+01
  5.2608331807E+01  5.2612498474E+01  9.85485E-09  3.77146E+01
  5.2612498474E+01  5.2616665141E+01  9.22652E-09  3.94156E+01
  5.2616665141E+01  5.2620831807E+01  2.68634E-08  5.72918E+01
  5.2620831807E+01  5.2624998474E+01  1.21952E-08  3.95098E+01
  5.2624998474E+01  5.2629165141E+01  1.21952E-08  3.95098E+01
  5.2629165141E+01  5.2633331807E+01  1.21952E-08  3.95098E+01
  5.2633331807E+01  5.2637498474E+01  1.21952E-08  3.82419E+01
  5.2637498474E+01  5.2641665141E+01  1.21952E-08  3.78141E+01
  5.2641665141E+01  5.2645831807E+01  1.21952E-08  3.77594E+01
  5.2645831807E+01  5.2649998474E+01  1.21952E-08  3.95098E+01
  5.2649998474E+01  5.2654165141E+01  1.21952E-08  3.88731E+01
  5.2654165141E+01  5.2658331807E+01  1.21952E-08  3.95054E+01
  5.2658331807E+01  5.2662498474E+01  1.21952E-08  3.95098E+01
  5.2662498474E+01  5.2666665141E+01  1.21952E-08  3.95098E+01
  5.2666665141E+01  5.2670831807E+01  1.21952E-08  3.82021E+01
  5.2670831807E+01  5.2674998474E+01  1.21171E-08  3.69856E+01
  5.2674998474E+01  5.2679165141E+01  1.40856E-08  4.11873E+01
  5.2679165141E+01  5.2683331807E+01  1.40856E-08  3.79551E+01
  5.2683331807E+01  5.2687498474E+01  1.45422E-08  3.41946E+01
  5.2687498474E+01  5.2691665141E+01  1.73167E-08  3.41554E+01
  5.2691665141E+01  5.2695831807E+01  3.11901E-08  6.37283E+01
  5.2695831807E+01  5.2699998474E+01  3.52639E-08  6.76635E+01
  5.2699998474E+01  5.2704165141E+01  1.57039E-08  3.73031E+01
  5.2704165141E+01  5.2708331807E+01  1.67154E-08  3.67501E+01
  5.2708331807E+01  5.2712498474E+01  2.09860E-08  3.99387E+01
  5.2712498474E+01  5.2716665141E+01  2.52749E-08  4.22354E+01
  5.2716665141E+01  5.2720831807E+01  1.72044E-08  4.44299E+01
  5.2720831807E+01  5.2724998474E+01  1.12412E-08  3.82754E+01
  5.2724998474E+01  5.2729165141E+01  1.12412E-08  4.16701E+01
  5.2729165141E+01  5.2733331807E+01  1.17086E-08  4.12641E+01
  5.2733331807E+01  5.2737498474E+01  1.20729E-08  3.99177E+01
  5.2737498474E+01  5.2741665141E+01  1.17981E-08  3.38016E+01
  5.2741665141E+01  5.2745831807E+01  1.17981E-08  3.98765E+01
  5.2745831807E+01  5.2749998474E+01  1.17981E-08  3.68308E+01
  5.2749998474E+01  5.2754165141E+01  1.13664E-08  3.79506E+01
  5.2754165141E+01  5.2758331807E+01  1.06537E-08  3.93676E+01
  5.2758331807E+01  5.2762498474E+01  1.06537E-08  3.93676E+01
  5.2762498474E+01  5.2766665141E+01  1.06537E-08  3.89999E+01
  5.2766665141E+01  5.2770831807E+01  1.20135E-08  3.67006E+01
  5.2770831807E+01  5.2774998474E+01  1.85166E-07  8.51757E+01
  5.2774998474E+01  5.2779165141E+01  1.16329E-07  9.27666E+01
  5.2779165141E+01  5.2783331807E+01  8.15609E-09  3.73604E+01
  5.2783331807E+01  5.2787498474E+01  8.20371E-09  4.13489E+01
  5.2787498474E+01  5.2791665141E+01  8.03859E-09  4.11674E+01
  5.2791665141E+01  5.2795831807E+01  6.43315E-08  8.77248E+01
  5.2795831807E+01  5.2799998474E+01  1.85901E-07  9.58351E+01
  5.2799998474E+01  5.2804165141E+01  7.77050E-09  3.90544E+01
  5.2804165141E+01  5.2808331807E+01  7.77050E-09  4.13457E+01
  5.2808331807E+01  5.2812498474E+01  9.33604E-09  3.82807E+01
  5.2812498474E+01  5.2816665141E+01  3.74406E-08  6.87999E+01
  5.2816665141E+01  5.2820831807E+01  5.87298E-08  7.64783E+01
  5.2820831807E+01  5.2824998474E+01  7.38672E-08  6.59740E+01
  5.2824998474E+01  5.2829165141E+01  5.84803E-08  8.06620E+01
  5.2829165141E+01  5.2833331807E+01  5.98349E-08  8.11739E+01
  5.2833331807E+01  5.2837498474E+01  6.29854E-08  7.76142E+01
  5.2837498474E+01  5.2841665141E+01  7.80580E-08  6.52070E+01
  5.2841665141E+01  5.2845831807E+01  7.43828E-08  7.10149E+01
  5.2845831807E+01  5.2849998474E+01  1.21725E-07  5.36364E+01
  5.2849998474E+01  5.2854165141E+01  7.35327E-08  8.21243E+01
  5.2854165141E+01  5.2858331807E+01  7.60266E-08  8.47701E+01
  5.2858331807E+01  5.2862498474E+01  8.21479E-08  8.67763E+01
  5.2862498474E+01  5.2866665141E+01  9.15126E-08  8.80119E+01
  5.2866665141E+01  5.2870831807E+01  1.03682E-07  6.47596E+01
  5.2870831807E+01  5.2874998474E+01  1.09844E-07  8.99937E+01
  5.2874998474E+01  5.2879165141E+01  1.48765E-07  9.26103E+01
  5.2879165141E+01  5.2883331807E+01  2.02762E-07  9.40635E+01
  5.2883331807E+01  5.2887498474E+01  3.91277E-08  6.23467E+01
  5.2887498474E+01  5.2891665141E+01  1.98504E-08  5.11448E+01
  5.2891665141E+01  5.2895831807E+01  9.34819E-09  4.13692E+01
  5.2895831807E+01  5.2899998474E+01  9.34819E-09  4.13692E+01
  5.2899998474E+01  5.2904165141E+01  9.34819E-09  4.13692E+01
  5.2904165141E+01  5.2908331807E+01  9.34819E-09  3.66586E+01
  5.2908331807E+01  5.2912498474E+01  9.34819E-09  4.06065E+01
  5.2912498474E+01  5.2916665141E+01  1.02599E-08  3.87263E+01
  5.2916665141E+01  5.2920831807E+01  9.34819E-09  4.13692E+01
  5.2920831807E+01  5.2924998474E+01  9.34819E-09  3.95426E+01
  5.2924998474E+01  5.2929165141E+01  9.46878E-09  3.73733E+01
  5.2929165141E+01  5.2933331807E+01  1.24173E-08  4.59710E+01
  5.2933331807E+01  5.2937498474E+01  1.46957E-08  4.21271E+01
  5.2937498474E+01  5.2941665141E+01  1.02536E-08  4.20146E+01
  5.2941665141E+01  5.2945831807E+01  7.51496E-09  4.55097E+01
  5.2945831807E+01  5.2949998474E+01  7.51496E-09  4.20891E+01
  5.2949998474E+01  5.2954165141E+01  7.51496E-09  4.55886E+01
  5.2954165141E+01  5.2958331807E+01  7.51496E-09  4.55886E+01
  5.2958331807E+01  5.2962498474E+01  7.51496E-09  4.55886E+01
  5.2962498474E+01  5.2966665141E+01  1.03378E-08  4.34511E+01
  5.2966665141E+01  5.2970831807E+01  1.05863E-08  4.64487E+01
  5.2970831807E+01  5.2974998474E+01  1.05863E-08  5.40152E+01
  5.2974998474E+01  5.2979165141E+01  1.05863E-08  4.51907E+01
  5.2979165141E+01  5.2983331807E+01  1.05863E-08  4.65275E+01
  5.2983331807E+01  5.2987498474E+01  1.20368E-08  4.79051E+01
  5.2987498474E+01  5.2991665141E+01  1.47048E-08  3.82887E+01
  5.2991665141E+01  5.2995831807E+01  1.40934E-08  4.29521E+01
  5.2995831807E+01  5.2999998474E+01  2.62255E-08  6.34947E+01
  5.2999998474E+01  5.3004165141E+01  2.07232E-08  5.40286E+01
  5.3004165141E+01  5.3008331807E+01  1.18304E-08  4.40354E+01
  5.3008331807E+01  5.3012498474E+01  1.18333E-08  5.21099E+01
  5.3012498474E+01  5.3016665141E+01  1.18333E-08  4.47318E+01
  5.3016665141E+01  5.3020831807E+01  1.18333E-08  4.61615E+01
  5.3020831807E+01  5.3024998474E+01  1.18333E-08  4.49198E+01
  5.3024998474E+01  5.3029165141E+01  1.69475E-07  9.30662E+01
  5.3029165141E+01  5.3033331807E+01  1.11010E-08  4.84902E+01
  5.3033331807E+01  5.3037498474E+01  3.19944E-08  6.77916E+01
  5.3037498474E+01  5.3041665141E+01  2.40144E-08  5.62145E+01
  5.3041665141E+01  5.3045831807E+01  9.05711E-09  4.40698E+01
  5.3045831807E+01  5.3049998474E+01  9.05711E-09  4.35638E+01
  5.3049998474E+01  5.3054165141E+01  9.05711E-09  4.55253E+01
  5.3054165141E+01  5.3058331807E+01  8.59046E-09  4.45766E+01
  5.3058331807E+01  5.3062498474E+01  6.48613E-09  5.03516E+01
  5.3062498474E+01  5.3066665141E+01  6.48613E-09  5.03516E+01
  5.3066665141E+01  5.3070831807E+01  6.48613E-09  4.64589E+01
  5.3070831807E+01  5.3074998474E+01  6.48613E-09  5.03516E+01
  5.3074998474E+01  5.3079165141E+01  2.78437E-07  9.66051E+01
  5.3079165141E+01  5.3083331807E+01  1.17570E-08  4.46465E+01
  5.3083331807E+01  5.3087498474E+01  1.19075E-08  4.65039E+01
  5.3087498474E+01  5.3091665141E+01  1.25244E-08  4.15559E+01
  5.3091665141E+01  5.3095831807E+01  1.81568E-08  4.26284E+01
  5.3095831807E+01  5.3099998474E+01  2.20043E-08  4.09623E+01
  5.3099998474E+01  5.3104165141E+01  2.38478E-08  4.53645E+01
  5.3104165141E+01  5.3108331807E+01  4.62847E-08  3.69802E+01
  5.3108331807E+01  5.3112498474E+01  2.77284E-08  5.06668E+01
  5.3112498474E+01  5.3116665141E+01  8.81844E-09  5.09098E+01
  5.3116665141E+01  5.3120831807E+01  8.33694E-09  4.22840E+01
  5.3120831807E+01  5.3124998474E+01  5.95958E-09  5.06026E+01
  5.3124998474E+01  5.3129165141E+01  5.95958E-09  5.06026E+01
  5.3129165141E+01  5.3133331807E+01  6.08787E-09  5.08310E+01
  5.3133331807E+01  5.3137498474E+01  8.72114E-09  4.81330E+01
  5.3137498474E+01  5.3141665141E+01  8.68854E-09  5.70814E+01
  5.3141665141E+01  5.3145831807E+01  1.02523E-08  5.44096E+01
  5.3145831807E+01  5.3149998474E+01  1.30185E-08  5.35062E+01
  5.3149998474E+01  5.3154165141E+01  1.20504E-08  4.99921E+01
  5.3154165141E+01  5.3158331807E+01  3.78390E-08  6.34130E+01
  5.3158331807E+01  5.3162498474E+01  4.02130E-09  5.81846E+01
  5.3162498474E+01  5.3166665141E+01  4.02130E-09  5.81846E+01
  5.3166665141E+01  5.3170831807E+01  4.60591E-09  5.82548E+01
  5.3170831807E+01  5.3174998474E+01  4.66085E-09  5.83513E+01
  5.3174998474E+01  5.3179165141E+01  4.66085E-09  5.83513E+01
  5.3179165141E+01  5.3183331807E+01  4.73421E-09  5.74680E+01
  5.3183331807E+01  5.3187498474E+01  6.60160E-09  5.06298E+01
  5.3187498474E+01  5.3191665141E+01  1.58349E-07  9.58812E+01
  5.3191665141E+01  5.3195831807E+01  7.35715E-09  5.04341E+01
  5.3195831807E+01  5.3199998474E+01  7.08949E-09  4.84999E+01
  5.3199998474E+01  5.3204165141E+01  2.22160E-08  8.02185E+01
  5.3204165141E+01  5.3208331807E+01  4.69156E-09  5.86856E+01
  5.3208331807E+01  5.3212498474E+01  4.69156E-09  5.86856E+01
  5.3212498474E+01  5.3216665141E+01  4.69156E-09  5.86856E+01
  5.3216665141E+01  5.3220831807E+01  4.69156E-09  5.43358E+01
  5.3220831807E+01  5.3224998474E+01  4.69156E-09  5.46485E+01
  5.3224998474E+01  5.3229165141E+01  4.87443E-09  5.91974E+01
  5.3229165141E+01  5.3233331807E+01  4.92044E-09  5.93376E+01
  5.3233331807E+01  5.3237498474E+01  4.92044E-09  5.93376E+01
  5.3237498474E+01  5.3241665141E+01  4.92044E-09  5.93376E+01
  5.3241665141E+01  5.3245831807E+01  5.90349E-09  5.99004E+01
  5.3245831807E+01  5.3249998474E+01  5.93156E-09  5.08380E+01
  5.3249998474E+01  5.3254165141E+01  7.35534E-09  6.80499E+01
  5.3254165141E+01  5.3258331807E+01  1.22078E-08  8.63771E+01
  5.3258331807E+01  5.3262498474E+01  1.99319E-08  9.22021E+01
  5.3262498474E+01  5.3266665141E+01  1.26585E-09  1.00000E+02
  5.3266665141E+01  5.3270831807E+01  1.26585E-09  1.00000E+02
  5.3270831807E+01  5.3274998474E+01  1.26585E-09  1.00000E+02
  5.3274998474E+01  5.3279165141E+01  1.26585E-09  1.00000E+02
  5.3279165141E+01  5.3283331807E+01  1.26585E-09  1.00000E+02
  5.3283331807E+01  5.3287498474E+01  1.26585E-09  1.00000E+02
  5.3287498474E+01  5.3291665141E+01  5.57710E-08  9.77566E+01
  5.3291665141E+01  5.3295831807E+01  1.26585E-09  7.55681E+01
  5.3295831807E+01  5.3299998474E+01  1.26585E-09  1.00000E+02
  5.3299998474E+01  5.3304165141E+01  1.26585E-09  1.00000E+02
  5.3304165141E+01  5.3308331807E+01  1.26585E-09  1.00000E+02
  5.3308331807E+01  5.3312498474E+01  1.26585E-09  1.00000E+02
  5.3312498474E+01  5.3316665141E+01  1.26585E-09  1.00000E+02
  5.3316665141E+01  5.3320831807E+01  1.26585E-09  1.00000E+02
  5.3320831807E+01  5.3324998474E+01  1.26585E-09  1.00000E+02
  5.3324998474E+01  5.3329165141E+01  1.26585E-09  1.00000E+02
  5.3329165141E+01  5.3333331807E+01  1.26585E-09  1.00000E+02
  5.3333331807E+01  5.3337498474E+01  1.26585E-09  1.00000E+02
  5.3337498474E+01  5.3341665141E+01  1.26585E-09  1.00000E+02
  5.3341665141E+01  5.3345831807E+01  1.26585E-09  1.00000E+02
  5.3345831807E+01  5.3349998474E+01  1.26585E-09  1.00000E+02
  5.3349998474E+01  5.3354165141E+01  1.26585E-09  1.00000E+02
  5.3354165141E+01  5.3358331807E+01  1.26585E-09  1.00000E+02
  5.3358331807E+01  5.3362498474E+01  1.26585E-09  1.00000E+02
  5.3362498474E+01  5.3366665141E+01  1.26585E-09  1.00000E+02
  5.3366665141E+01  5.3370831807E+01  1.26585E-09  1.00000E+02
  5.3370831807E+01  5.3374998474E+01  1.26585E-09  1.00000E+02
  5.3374998474E+01  5.3379165141E+01  1.26585E-09  1.00000E+02
  5.3379165141E+01  5.3383331807E+01  1.26585E-09  1.00000E+02
  5.3383331807E+01  5.3387498474E+01  1.26585E-09  1.00000E+02
  5.3387498474E+01  5.3391665141E+01  1.26585E-09  1.00000E+02
  5.3391665141E+01  5.3395831807E+01  1.27226E-09  1.00000E+02
  5.3395831807E+01  5.3399998474E+01  1.27721E-09  1.00000E+02
  5.3399998474E+01  5.3404165141E+01  1.27721E-09  1.00000E+02
  5.3404165141E+01  5.3408331807E+01  1.27721E-09  1.00000E+02
  5.3408331807E+01  5.3412498474E+01  1.27721E-09  1.00000E+02
  5.3412498474E+01  5.3416665141E+01  1.27721E-09  1.00000E+02
  5.3416665141E+01  5.3420831807E+01  1.27721E-09  1.00000E+02
  5.3420831807E+01  5.3424998474E+01  1.27721E-09  9.62640E+01
  5.3424998474E+01  5.3429165141E+01  1.27721E-09  1.00000E+02
  5.3429165141E+01  5.3433331807E+01  1.27721E-09  1.00000E+02
  5.3433331807E+01  5.3437498474E+01  1.27721E-09  1.00000E+02
  5.3437498474E+01  5.3441665141E+01  1.37723E-09  9.30221E+01
  5.3441665141E+01  5.3445831807E+01  1.27721E-09  1.00000E+02
  5.3445831807E+01  5.3449998474E+01  1.27721E-09  1.00000E+02
  5.3449998474E+01  5.3454165141E+01  1.27721E-09  1.00000E+02
  5.3454165141E+01  5.3458331807E+01  1.27721E-09  1.00000E+02
  5.3458331807E+01  5.3462498474E+01  1.20966E-09  1.00000E+02
  5.3462498474E+01  5.3466665141E+01  0.00000E+00  0.00000E+00
  5.3466665141E+01  5.3470831807E+01  1.06278E-10  1.00000E+02
  5.3470831807E+01  5.3474998474E+01  2.51181E-09  7.12588E+01
  5.3474998474E+01  5.3479165141E+01  2.95188E-09  5.86791E+01
  5.3479165141E+01  5.3483331807E+01  4.36912E-09  5.90188E+01
  5.3483331807E+01  5.3487498474E+01  2.95188E-09  6.84699E+01
  5.3487498474E+01  5.3491665141E+01  2.95188E-09  7.29776E+01
  5.3491665141E+01  5.3495831807E+01  2.95188E-09  7.29776E+01
  5.3495831807E+01  5.3499998474E+01  4.32918E-09  5.90613E+01
  5.3499998474E+01  5.3504165141E+01  4.76828E-09  5.90944E+01
  5.3504165141E+01  5.3508331807E+01  4.76828E-09  5.34688E+01
  5.3508331807E+01  5.3512498474E+01  4.76828E-09  5.90944E+01
  5.3512498474E+01  5.3516665141E+01  4.76828E-09  5.90944E+01
  5.3516665141E+01  5.3520831807E+01  4.76828E-09  5.90944E+01
  5.3520831807E+01  5.3524998474E+01  4.76828E-09  5.90944E+01
  5.3524998474E+01  5.3529165141E+01  4.76828E-09  5.90944E+01
  5.3529165141E+01  5.3533331807E+01  6.38426E-09  5.88248E+01
  5.3533331807E+01  5.3537498474E+01  6.64692E-09  5.94199E+01
  5.3537498474E+01  5.3541665141E+01  6.64692E-09  4.67587E+01
  5.3541665141E+01  5.3545831807E+01  6.64692E-09  5.94199E+01
  5.3545831807E+01  5.3549998474E+01  6.64692E-09  4.62845E+01
  5.3549998474E+01  5.3554165141E+01  6.64692E-09  5.94199E+01
  5.3554165141E+01  5.3558331807E+01  6.64692E-09  5.04355E+01
  5.3558331807E+01  5.3562498474E+01  6.64692E-09  5.94199E+01
  5.3562498474E+01  5.3566665141E+01  6.64692E-09  5.94199E+01
  5.3566665141E+01  5.3570831807E+01  6.64692E-09  5.94199E+01
  5.3570831807E+01  5.3574998474E+01  1.27119E-08  5.35525E+01
  5.3574998474E+01  5.3579165141E+01  6.18537E-09  5.84337E+01
  5.3579165141E+01  5.3583331807E+01  5.78819E-09  5.78761E+01
  5.3583331807E+01  5.3587498474E+01  5.78819E-09  5.38809E+01
  5.3587498474E+01  5.3591665141E+01  5.89808E-09  5.51413E+01
  5.3591665141E+01  5.3595831807E+01  6.18058E-09  5.84152E+01
  5.3595831807E+01  5.3599998474E+01  6.18058E-09  5.84152E+01
  5.3599998474E+01  5.3604165141E+01  6.18058E-09  5.84152E+01
  5.3604165141E+01  5.3608331807E+01  6.18058E-09  5.44379E+01
  5.3608331807E+01  5.3612498474E+01  6.18058E-09  5.84152E+01
  5.3612498474E+01  5.3616665141E+01  6.18058E-09  5.09006E+01
  5.3616665141E+01  5.3620831807E+01  6.19712E-09  5.38860E+01
  5.3620831807E+01  5.3624998474E+01  6.32147E-09  5.73825E+01
  5.3624998474E+01  5.3629165141E+01  7.71993E-09  4.54840E+01
  5.3629165141E+01  5.3633331807E+01  7.34654E-09  5.03660E+01
  5.3633331807E+01  5.3637498474E+01  7.04844E-09  4.67775E+01
  5.3637498474E+01  5.3641665141E+01  7.04844E-09  4.78556E+01
  5.3641665141E+01  5.3645831807E+01  7.04844E-09  4.71860E+01
  5.3645831807E+01  5.3649998474E+01  7.12103E-09  5.01955E+01
  5.3649998474E+01  5.3654165141E+01  7.12736E-09  5.01980E+01
  5.3654165141E+01  5.3658331807E+01  7.35495E-09  4.69825E+01
  5.3658331807E+01  5.3662498474E+01  3.11061E-08  5.95404E+01
  5.3662498474E+01  5.3666665141E+01  2.45340E-08  4.19347E+01
  5.3666665141E+01  5.3670831807E+01  1.65633E-08  4.56299E+01
  5.3670831807E+01  5.3674998474E+01  1.89483E-08  4.22234E+01
  5.3674998474E+01  5.3679165141E+01  1.71366E-08  4.24220E+01
  5.3679165141E+01  5.3683331807E+01  8.54659E-09  5.33306E+01
  5.3683331807E+01  5.3687498474E+01  8.64274E-09  5.95420E+01
  5.3687498474E+01  5.3691665141E+01  1.15449E-08  5.73387E+01
  5.3691665141E+01  5.3695831807E+01  1.74620E-08  5.99522E+01
  5.3695831807E+01  5.3699998474E+01  2.99525E-08  5.72057E+01
  5.3699998474E+01  5.3704165141E+01  2.65538E-08  7.73513E+01
  5.3704165141E+01  5.3708331807E+01  2.14506E-08  7.43031E+01
  5.3708331807E+01  5.3712498474E+01  7.67515E-09  9.28051E+01
  5.3712498474E+01  5.3716665141E+01  7.67515E-09  7.07244E+01
  5.3716665141E+01  5.3720831807E+01  7.67515E-09  6.17384E+01
  5.3720831807E+01  5.3724998474E+01  7.67515E-09  6.42797E+01
  5.3724998474E+01  5.3729165141E+01  7.67515E-09  7.07244E+01
  5.3729165141E+01  5.3733331807E+01  7.67515E-09  6.10676E+01
  5.3733331807E+01  5.3737498474E+01  7.67515E-09  7.07244E+01
  5.3737498474E+01  5.3741665141E+01  3.99655E-09  7.14226E+01
  5.3741665141E+01  5.3745831807E+01  3.66929E-09  6.90876E+01
  5.3745831807E+01  5.3749998474E+01  3.66929E-09  6.24028E+01
  5.3749998474E+01  5.3754165141E+01  3.66929E-09  7.14031E+01
  5.3754165141E+01  5.3758331807E+01  3.74384E-09  7.11978E+01
  5.3758331807E+01  5.3762498474E+01  3.83342E-09  7.10059E+01
  5.3762498474E+01  5.3766665141E+01  3.83342E-09  7.10059E+01
  5.3766665141E+01  5.3770831807E+01  3.83983E-09  7.09942E+01
  5.3770831807E+01  5.3774998474E+01  4.08248E-09  6.16689E+01
  5.3774998474E+01  5.3779165141E+01  4.08248E-09  7.07326E+01
  5.3779165141E+01  5.3783331807E+01  4.20046E-09  7.07112E+01
  5.3783331807E+01  5.3787498474E+01  4.35234E-09  7.07635E+01
  5.3787498474E+01  5.3791665141E+01  4.64031E-09  7.23724E+01
  5.3791665141E+01  5.3795831807E+01  2.13322E-08  8.81155E+01
  5.3795831807E+01  5.3799998474E+01  1.91063E-08  1.00000E+02
  5.3799998474E+01  5.3804165141E+01  1.72131E-09  1.00000E+02
  5.3804165141E+01  5.3808331807E+01  1.72131E-09  7.21290E+01
  5.3808331807E+01  5.3812498474E+01  1.72131E-09  1.00000E+02
  5.3812498474E+01  5.3816665141E+01  1.72131E-09  1.00000E+02
  5.3816665141E+01  5.3820831807E+01  1.72131E-09  1.00000E+02
  5.3820831807E+01  5.3824998474E+01  1.72131E-09  1.00000E+02
  5.3824998474E+01  5.3829165141E+01  1.72131E-09  1.00000E+02
  5.3829165141E+01  5.3833331807E+01  1.57651E-09  1.00000E+02
  5.3833331807E+01  5.3837498474E+01  1.33108E-09  1.00000E+02
  5.3837498474E+01  5.3841665141E+01  1.33108E-09  1.00000E+02
  5.3841665141E+01  5.3845831807E+01  1.33108E-09  1.00000E+02
  5.3845831807E+01  5.3849998474E+01  1.33108E-09  1.00000E+02
  5.3849998474E+01  5.3854165141E+01  1.33108E-09  9.99999E+01
  5.3854165141E+01  5.3858331807E+01  1.33108E-09  1.00000E+02
  5.3858331807E+01  5.3862498474E+01  1.33108E-09  1.00000E+02
  5.3862498474E+01  5.3866665141E+01  1.34755E-09  1.00000E+02
  5.3866665141E+01  5.3870831807E+01  1.42036E-09  1.00000E+02
  5.3870831807E+01  5.3874998474E+01  1.42036E-09  1.00000E+02
  5.3874998474E+01  5.3879165141E+01  1.42036E-09  1.00000E+02
  5.3879165141E+01  5.3883331807E+01  1.42036E-09  1.00000E+02
  5.3883331807E+01  5.3887498474E+01  1.42036E-09  7.33298E+01
  5.3887498474E+01  5.3891665141E+01  1.53558E-09  1.00000E+02
  5.3891665141E+01  5.3895831807E+01  1.76216E-09  1.00000E+02
  5.3895831807E+01  5.3899998474E+01  1.76216E-09  1.00000E+02
  5.3899998474E+01  5.3904165141E+01  1.76216E-09  1.00000E+02
  5.3904165141E+01  5.3908331807E+01  1.76216E-09  1.00000E+02
  5.3908331807E+01  5.3912498474E+01  2.24507E-09  1.00000E+02
  5.3912498474E+01  5.3916665141E+01  2.47124E-09  1.00000E+02
  5.3916665141E+01  5.3920831807E+01  2.47124E-09  1.00000E+02
  5.3920831807E+01  5.3924998474E+01  4.92361E-09  1.00000E+02
  5.3924998474E+01  5.3929165141E+01  6.91886E-09  1.00000E+02
  5.3929165141E+01  5.3933331807E+01  2.12427E-08  7.53231E+01
  5.3933331807E+01  5.3937498474E+01  0.00000E+00  0.00000E+00
  5.3937498474E+01  5.3941665141E+01  0.00000E+00  0.00000E+00
  5.3941665141E+01  5.3945831807E+01  0.00000E+00  0.00000E+00
  5.3945831807E+01  5.3949998474E+01  1.82437E-15  1.00000E+02
  5.3949998474E+01  5.3954165141E+01  5.91481E-16  1.00000E+02
  5.3954165141E+01  5.3958331807E+01  0.00000E+00  0.00000E+00
  5.3958331807E+01  5.3962498474E+01  0.00000E+00  0.00000E+00
  5.3962498474E+01  5.3966665141E+01  0.00000E+00  0.00000E+00
  5.3966665141E+01  5.3970831807E+01  0.00000E+00  0.00000E+00
  5.3970831807E+01  5.3974998474E+01  0.00000E+00  0.00000E+00
  5.3974998474E+01  5.3979165141E+01  0.00000E+00  0.00000E+00
  5.3979165141E+01  5.3983331807E+01  0.00000E+00  0.00000E+00
  5.3983331807E+01  5.3987498474E+01  0.00000E+00  0.00000E+00
  5.3987498474E+01  5.3991665141E+01  0.00000E+00  0.00000E+00
  5.3991665141E+01  5.3995831807E+01  0.00000E+00  0.00000E+00
  5.3995831807E+01  5.3999998474E+01  0.00000E+00  0.00000E+00
  5.3999998474E+01  5.4004165141E+01  0.00000E+00  0.00000E+00
  5.4004165141E+01  5.4008331807E+01  2.50234E-16  1.00000E+02
  5.4008331807E+01  5.4012498474E+01  0.00000E+00  0.00000E+00
  5.4012498474E+01  5.4016665141E+01  0.00000E+00  0.00000E+00
  5.4016665141E+01  5.4020831807E+01  0.00000E+00  0.00000E+00
  5.4020831807E+01  5.4024998474E+01  0.00000E+00  0.00000E+00
  5.4024998474E+01  5.4029165141E+01  0.00000E+00  0.00000E+00
  5.4029165141E+01  5.4033331807E+01  0.00000E+00  0.00000E+00
  5.4033331807E+01  5.4037498474E+01  0.00000E+00  0.00000E+00
  5.4037498474E+01  5.4041665141E+01  0.00000E+00  0.00000E+00
  5.4041665141E+01  5.4045831807E+01  0.00000E+00  0.00000E+00
  5.4045831807E+01  5.4049998474E+01  2.28525E-11  1.00000E+02
  5.4049998474E+01  5.4054165141E+01  0.00000E+00  0.00000E+00
  5.4054165141E+01  5.4058331807E+01  0.00000E+00  0.00000E+00
  5.4058331807E+01  5.4062498474E+01  0.00000E+00  0.00000E+00
  5.4062498474E+01  5.4066665141E+01  0.00000E+00  0.00000E+00
  5.4066665141E+01  5.4070831807E+01  0.00000E+00  0.00000E+00
  5.4070831807E+01  5.4074998474E+01  0.00000E+00  0.00000E+00
  5.4074998474E+01  5.4079165141E+01  0.00000E+00  0.00000E+00
  5.4079165141E+01  5.4083331807E+01  0.00000E+00  0.00000E+00
  5.4083331807E+01  5.4087498474E+01  0.00000E+00  0.00000E+00
  5.4087498474E+01  5.4091665141E+01  5.56643E-16  1.00000E+02
  5.4091665141E+01  5.4095831807E+01  0.00000E+00  0.00000E+00
  5.4095831807E+01  5.4099998474E+01  0.00000E+00  0.00000E+00
  5.4099998474E+01  5.4104165141E+01  0.00000E+00  0.00000E+00
  5.4104165141E+01  5.4108331807E+01  0.00000E+00  0.00000E+00
  5.4108331807E+01  5.4112498474E+01  0.00000E+00  0.00000E+00
  5.4112498474E+01  5.4116665141E+01  0.00000E+00  0.00000E+00
  5.4116665141E+01  5.4120831807E+01  0.00000E+00  0.00000E+00
  5.4120831807E+01  5.4124998474E+01  0.00000E+00  0.00000E+00
  5.4124998474E+01  5.4129165141E+01  0.00000E+00  0.00000E+00
  5.4129165141E+01  5.4133331807E+01  0.00000E+00  0.00000E+00
  5.4133331807E+01  5.4137498474E+01  0.00000E+00  0.00000E+00
  5.4137498474E+01  5.4141665141E+01  0.00000E+00  0.00000E+00
  5.4141665141E+01  5.4145831807E+01  0.00000E+00  0.00000E+00
  5.4145831807E+01  5.4149998474E+01  0.00000E+00  0.00000E+00
  5.4149998474E+01  5.4154165141E+01  9.96383E-16  1.00000E+02
  5.4154165141E+01  5.4158331807E+01  0.00000E+00  0.00000E+00
  5.4158331807E+01  5.4162498474E+01  0.00000E+00  0.00000E+00
  5.4162498474E+01  5.4166665141E+01  0.00000E+00  0.00000E+00
  5.4166665141E+01  5.4170831807E+01  0.00000E+00  0.00000E+00
  5.4170831807E+01  5.4174998474E+01  0.00000E+00  0.00000E+00
  5.4174998474E+01  5.4179165141E+01  0.00000E+00  0.00000E+00
  5.4179165141E+01  5.4183331807E+01  0.00000E+00  0.00000E+00
  5.4183331807E+01  5.4187498474E+01  0.00000E+00  0.00000E+00
  5.4187498474E+01  5.4191665141E+01  0.00000E+00  0.00000E+00
  5.4191665141E+01  5.4195831807E+01  0.00000E+00  0.00000E+00
  5.4195831807E+01  5.4199998474E+01  0.00000E+00  0.00000E+00
  5.4199998474E+01  5.4204165141E+01  0.00000E+00  0.00000E+00
  5.4204165141E+01  5.4208331807E+01  0.00000E+00  0.00000E+00
  5.4208331807E+01  5.4212498474E+01  0.00000E+00  0.00000E+00
  5.4212498474E+01  5.4216665141E+01  0.00000E+00  0.00000E+00
  5.4216665141E+01  5.4220831807E+01  0.00000E+00  0.00000E+00
  5.4220831807E+01  5.4224998474E+01  9.96383E-16  1.00000E+02
  5.4224998474E+01  5.4229165141E+01  0.00000E+00  0.00000E+00
  5.4229165141E+01  5.4233331807E+01  0.00000E+00  0.00000E+00
  5.4233331807E+01  5.4237498474E+01  0.00000E+00  0.00000E+00
  5.4237498474E+01  5.4241665141E+01  0.00000E+00  0.00000E+00
  5.4241665141E+01  5.4245831807E+01  0.00000E+00  0.00000E+00
  5.4245831807E+01  5.4249998474E+01  0.00000E+00  0.00000E+00
  5.4249998474E+01  5.4254165141E+01  0.00000E+00  0.00000E+00
  5.4254165141E+01  5.4258331807E+01  0.00000E+00  0.00000E+00
  5.4258331807E+01  5.4262498474E+01  0.00000E+00  0.00000E+00
  5.4262498474E+01  5.4266665141E+01  0.00000E+00  0.00000E+00
  5.4266665141E+01  5.4270831807E+01  0.00000E+00  0.00000E+00
  5.4270831807E+01  5.4274998474E+01  0.00000E+00  0.00000E+00
  5.4274998474E+01  5.4279165141E+01  0.00000E+00  0.00000E+00
  5.4279165141E+01  5.4283331807E+01  0.00000E+00  0.00000E+00
  5.4283331807E+01  5.4287498474E+01  0.00000E+00  0.00000E+00
  5.4287498474E+01  5.4291665141E+01  0.00000E+00  0.00000E+00
  5.4291665141E+01  5.4295831807E+01  0.00000E+00  0.00000E+00
  5.4295831807E+01  5.4299998474E+01  0.00000E+00  0.00000E+00
  5.4299998474E+01  5.4304165141E+01  0.00000E+00  0.00000E+00
  5.4304165141E+01  5.4308331807E+01  3.18740E-07  1.00000E+02
  5.4308331807E+01  5.4312498474E+01  0.00000E+00  0.00000E+00
  5.4312498474E+01  5.4316665141E+01  0.00000E+00  0.00000E+00
  5.4316665141E+01  5.4320831807E+01  0.00000E+00  0.00000E+00
  5.4320831807E+01  5.4324998474E+01  0.00000E+00  0.00000E+00
  5.4324998474E+01  5.4329165141E+01  0.00000E+00  0.00000E+00
  5.4329165141E+01  5.4333331807E+01  0.00000E+00  0.00000E+00
  5.4333331807E+01  5.4337498474E+01  0.00000E+00  0.00000E+00
  5.4337498474E+01  5.4341665141E+01  0.00000E+00  0.00000E+00
  5.4341665141E+01  5.4345831807E+01  0.00000E+00  0.00000E+00
  5.4345831807E+01  5.4349998474E+01  0.00000E+00  0.00000E+00
  5.4349998474E+01  5.4354165141E+01  0.00000E+00  0.00000E+00
  5.4354165141E+01  5.4358331807E+01  0.00000E+00  0.00000E+00
  5.4358331807E+01  5.4362498474E+01  0.00000E+00  0.00000E+00
  5.4362498474E+01  5.4366665141E+01  1.77884E-08  6.95310E+01
  5.4366665141E+01  5.4370831807E+01  9.79878E-09  5.80924E+01
  5.4370831807E+01  5.4374998474E+01  5.96970E-09  7.08434E+01
  5.4374998474E+01  5.4379165141E+01  5.96970E-09  6.92290E+01
  5.4379165141E+01  5.4383331807E+01  5.96970E-09  6.66087E+01
  5.4383331807E+01  5.4387498474E+01  5.19156E-09  6.37865E+01
  5.4387498474E+01  5.4391665141E+01  4.76596E-09  7.44473E+01
  5.4391665141E+01  5.4395831807E+01  1.00859E-08  6.34015E+01
  5.4395831807E+01  5.4399998474E+01  9.43432E-09  5.28173E+01
  5.4399998474E+01  5.4404165141E+01  1.59812E-09  9.99999E+01
  5.4404165141E+01  5.4408331807E+01  1.68505E-09  1.00000E+02
  5.4408331807E+01  5.4412498474E+01  2.17740E-09  1.00000E+02
  5.4412498474E+01  5.4416665141E+01  2.17740E-09  1.00000E+02
  5.4416665141E+01  5.4420831807E+01  2.17740E-09  9.27448E+01
  5.4420831807E+01  5.4424998474E+01  2.17740E-09  1.00000E+02
  5.4424998474E+01  5.4429165141E+01  2.17740E-09  1.00000E+02
  5.4429165141E+01  5.4433331807E+01  2.35440E-09  1.00000E+02
  5.4433331807E+01  5.4437498474E+01  2.40929E-09  1.00000E+02
  5.4437498474E+01  5.4441665141E+01  2.40929E-09  1.00000E+02
  5.4441665141E+01  5.4445831807E+01  2.97896E-09  1.00000E+02
  5.4445831807E+01  5.4449998474E+01  3.42747E-09  1.00000E+02
  5.4449998474E+01  5.4454165141E+01  4.24852E-09  7.41662E+01
  5.4454165141E+01  5.4458331807E+01  0.00000E+00  0.00000E+00
  5.4458331807E+01  5.4462498474E+01  0.00000E+00  0.00000E+00
  5.4462498474E+01  5.4466665141E+01  0.00000E+00  0.00000E+00
  5.4466665141E+01  5.4470831807E+01  0.00000E+00  0.00000E+00
  5.4470831807E+01  5.4474998474E+01  0.00000E+00  0.00000E+00
  5.4474998474E+01  5.4479165141E+01  0.00000E+00  0.00000E+00
  5.4479165141E+01  5.4483331807E+01  0.00000E+00  0.00000E+00
  5.4483331807E+01  5.4487498474E+01  0.00000E+00  0.00000E+00
  5.4487498474E+01  5.4491665141E+01  0.00000E+00  0.00000E+00
  5.4491665141E+01  5.4495831807E+01  0.00000E+00  0.00000E+00
  5.4495831807E+01  5.4499998474E+01  0.00000E+00  0.00000E+00
  5.4499998474E+01  5.4504165141E+01  0.00000E+00  0.00000E+00
  5.4504165141E+01  5.4508331807E+01  0.00000E+00  0.00000E+00
  5.4508331807E+01  5.4512498474E+01  0.00000E+00  0.00000E+00
  5.4512498474E+01  5.4516665141E+01  0.00000E+00  0.00000E+00
  5.4516665141E+01  5.4520831807E+01  0.00000E+00  0.00000E+00
  5.4520831807E+01  5.4524998474E+01  0.00000E+00  0.00000E+00
  5.4524998474E+01  5.4529165141E+01  0.00000E+00  0.00000E+00
  5.4529165141E+01  5.4533331807E+01  0.00000E+00  0.00000E+00
  5.4533331807E+01  5.4537498474E+01  0.00000E+00  0.00000E+00
  5.4537498474E+01  5.4541665141E+01  0.00000E+00  0.00000E+00
  5.4541665141E+01  5.4545831807E+01  0.00000E+00  0.00000E+00
  5.4545831807E+01  5.4549998474E+01  0.00000E+00  0.00000E+00
  5.4549998474E+01  5.4554165141E+01  0.00000E+00  0.00000E+00
  5.4554165141E+01  5.4558331807E+01  0.00000E+00  0.00000E+00
  5.4558331807E+01  5.4562498474E+01  0.00000E+00  0.00000E+00
  5.4562498474E+01  5.4566665141E+01  0.00000E+00  0.00000E+00
  5.4566665141E+01  5.4570831807E+01  0.00000E+00  0.00000E+00
  5.4570831807E+01  5.4574998474E+01  0.00000E+00  0.00000E+00
  5.4574998474E+01  5.4579165141E+01  0.00000E+00  0.00000E+00
  5.4579165141E+01  5.4583331807E+01  0.00000E+00  0.00000E+00
  5.4583331807E+01  5.4587498474E+01  1.66508E-15  1.00000E+02
  5.4587498474E+01  5.4591665141E+01  0.00000E+00  0.00000E+00
  5.4591665141E+01  5.4595831807E+01  0.00000E+00  0.00000E+00
  5.4595831807E+01  5.4599998474E+01  0.00000E+00  0.00000E+00
  5.4599998474E+01  5.4604165141E+01  0.00000E+00  0.00000E+00
  5.4604165141E+01  5.4608331807E+01  0.00000E+00  0.00000E+00
  5.4608331807E+01  5.4612498474E+01  0.00000E+00  0.00000E+00
  5.4612498474E+01  5.4616665141E+01  0.00000E+00  0.00000E+00
  5.4616665141E+01  5.4620831807E+01  0.00000E+00  0.00000E+00
  5.4620831807E+01  5.4624998474E+01  0.00000E+00  0.00000E+00
  5.4624998474E+01  5.4629165141E+01  0.00000E+00  0.00000E+00
  5.4629165141E+01  5.4633331807E+01  0.00000E+00  0.00000E+00
  5.4633331807E+01  5.4637498474E+01  0.00000E+00  0.00000E+00
  5.4637498474E+01  5.4641665141E+01  0.00000E+00  0.00000E+00
  5.4641665141E+01  5.4645831807E+01  0.00000E+00  0.00000E+00
  5.4645831807E+01  5.4649998474E+01  6.43092E-15  1.00000E+02
  5.4649998474E+01  5.4654165141E+01  0.00000E+00  0.00000E+00
  5.4654165141E+01  5.4658331807E+01  0.00000E+00  0.00000E+00
  5.4658331807E+01  5.4662498474E+01  0.00000E+00  0.00000E+00
  5.4662498474E+01  5.4666665141E+01  0.00000E+00  0.00000E+00
  5.4666665141E+01  5.4670831807E+01  0.00000E+00  0.00000E+00
  5.4670831807E+01  5.4674998474E+01  0.00000E+00  0.00000E+00
  5.4674998474E+01  5.4679165141E+01  0.00000E+00  0.00000E+00
  5.4679165141E+01  5.4683331807E+01  0.00000E+00  0.00000E+00
  5.4683331807E+01  5.4687498474E+01  0.00000E+00  0.00000E+00
  5.4687498474E+01  5.4691665141E+01  0.00000E+00  0.00000E+00
  5.4691665141E+01  5.4695831807E+01  0.00000E+00  0.00000E+00
  5.4695831807E+01  5.4699998474E+01  0.00000E+00  0.00000E+00
  5.4699998474E+01  5.4704165141E+01  0.00000E+00  0.00000E+00
  5.4704165141E+01  5.4708331807E+01  0.00000E+00  0.00000E+00
  5.4708331807E+01  5.4712498474E+01  0.00000E+00  0.00000E+00
  5.4712498474E+01  5.4716665141E+01  0.00000E+00  0.00000E+00
  5.4716665141E+01  5.4720831807E+01  0.00000E+00  0.00000E+00
  5.4720831807E+01  5.4724998474E+01  1.82437E-15  1.00000E+02
  5.4724998474E+01  5.4729165141E+01  0.00000E+00  0.00000E+00
  5.4729165141E+01  5.4733331807E+01  0.00000E+00  0.00000E+00
  5.4733331807E+01  5.4737498474E+01  0.00000E+00  0.00000E+00
  5.4737498474E+01  5.4741665141E+01  0.00000E+00  0.00000E+00
  5.4741665141E+01  5.4745831807E+01  1.63390E-08  1.00000E+02
  5.4745831807E+01  5.4749998474E+01  0.00000E+00  0.00000E+00
  5.4749998474E+01  5.4754165141E+01  0.00000E+00  0.00000E+00
  5.4754165141E+01  5.4758331807E+01  1.66508E-15  1.00000E+02
  5.4758331807E+01  5.4762498474E+01  0.00000E+00  0.00000E+00
  5.4762498474E+01  5.4766665141E+01  0.00000E+00  0.00000E+00
  5.4766665141E+01  5.4770831807E+01  0.00000E+00  0.00000E+00
  5.4770831807E+01  5.4774998474E+01  0.00000E+00  0.00000E+00
  5.4774998474E+01  5.4779165141E+01  0.00000E+00  0.00000E+00
  5.4779165141E+01  5.4783331807E+01  0.00000E+00  0.00000E+00
  5.4783331807E+01  5.4787498474E+01  0.00000E+00  0.00000E+00
  5.4787498474E+01  5.4791665141E+01  0.00000E+00  0.00000E+00
  5.4791665141E+01  5.4795831807E+01  0.00000E+00  0.00000E+00
  5.4795831807E+01  5.4799998474E+01  0.00000E+00  0.00000E+00
  5.4799998474E+01  5.4804165141E+01  0.00000E+00  0.00000E+00
  5.4804165141E+01  5.4808331807E+01  0.00000E+00  0.00000E+00
  5.4808331807E+01  5.4812498474E+01  0.00000E+00  0.00000E+00
  5.4812498474E+01  5.4816665141E+01  0.00000E+00  0.00000E+00
  5.4816665141E+01  5.4820831807E+01  0.00000E+00  0.00000E+00
  5.4820831807E+01  5.4824998474E+01  0.00000E+00  0.00000E+00
  5.4824998474E+01  5.4829165141E+01  0.00000E+00  0.00000E+00
  5.4829165141E+01  5.4833331807E+01  0.00000E+00  0.00000E+00
  5.4833331807E+01  5.4837498474E+01  0.00000E+00  0.00000E+00
  5.4837498474E+01  5.4841665141E+01  0.00000E+00  0.00000E+00
  5.4841665141E+01  5.4845831807E+01  0.00000E+00  0.00000E+00
  5.4845831807E+01  5.4849998474E+01  0.00000E+00  0.00000E+00
  5.4849998474E+01  5.4854165141E+01  0.00000E+00  0.00000E+00
  5.4854165141E+01  5.4858331807E+01  0.00000E+00  0.00000E+00
  5.4858331807E+01  5.4862498474E+01  0.00000E+00  0.00000E+00
  5.4862498474E+01  5.4866665141E+01  0.00000E+00  0.00000E+00
  5.4866665141E+01  5.4870831807E+01  0.00000E+00  0.00000E+00
  5.4870831807E+01  5.4874998474E+01  0.00000E+00  0.00000E+00
  5.4874998474E+01  5.4879165141E+01  0.00000E+00  0.00000E+00
  5.4879165141E+01  5.4883331807E+01  0.00000E+00  0.00000E+00
  5.4883331807E+01  5.4887498474E+01  0.00000E+00  0.00000E+00
  5.4887498474E+01  5.4891665141E+01  0.00000E+00  0.00000E+00
  5.4891665141E+01  5.4895831807E+01  0.00000E+00  0.00000E+00
  5.4895831807E+01  5.4899998474E+01  0.00000E+00  0.00000E+00
  5.4899998474E+01  5.4904165141E+01  0.00000E+00  0.00000E+00
  5.4904165141E+01  5.4908331807E+01  1.70595E-14  1.00000E+02
  5.4908331807E+01  5.4912498474E+01  0.00000E+00  0.00000E+00
  5.4912498474E+01  5.4916665141E+01  0.00000E+00  0.00000E+00
  5.4916665141E+01  5.4920831807E+01  0.00000E+00  0.00000E+00
  5.4920831807E+01  5.4924998474E+01  0.00000E+00  0.00000E+00
  5.4924998474E+01  5.4929165141E+01  0.00000E+00  0.00000E+00
  5.4929165141E+01  5.4933331807E+01  0.00000E+00  0.00000E+00
  5.4933331807E+01  5.4937498474E+01  0.00000E+00  0.00000E+00
  5.4937498474E+01  5.4941665141E+01  0.00000E+00  0.00000E+00
  5.4941665141E+01  5.4945831807E+01  0.00000E+00  0.00000E+00
  5.4945831807E+01  5.4949998474E+01  0.00000E+00  0.00000E+00
  5.4949998474E+01  5.4954165141E+01  0.00000E+00  0.00000E+00
  5.4954165141E+01  5.4958331807E+01  0.00000E+00  0.00000E+00
  5.4958331807E+01  5.4962498474E+01  0.00000E+00  0.00000E+00
  5.4962498474E+01  5.4966665141E+01  0.00000E+00  0.00000E+00
  5.4966665141E+01  5.4970831807E+01  0.00000E+00  0.00000E+00
  5.4970831807E+01  5.4974998474E+01  0.00000E+00  0.00000E+00
  5.4974998474E+01  5.4979165141E+01  0.00000E+00  0.00000E+00
  5.4979165141E+01  5.4983331807E+01  0.00000E+00  0.00000E+00
  5.4983331807E+01  5.4987498474E+01  0.00000E+00  0.00000E+00
  5.4987498474E+01  5.4991665141E+01  0.00000E+00  0.00000E+00
  5.4991665141E+01  5.4995831807E+01  0.00000E+00  0.00000E+00
  5.4995831807E+01  5.4999998474E+01  0.00000E+00  0.00000E+00
  5.4999998474E+01  5.5004165141E+01  0.00000E+00  0.00000E+00
  5.5004165141E+01  5.5008331807E+01  0.00000E+00  0.00000E+00
  5.5008331807E+01  5.5012498474E+01  0.00000E+00  0.00000E+00
  5.5012498474E+01  5.5016665141E+01  0.00000E+00  0.00000E+00
  5.5016665141E+01  5.5020831807E+01  0.00000E+00  0.00000E+00
  5.5020831807E+01  5.5024998474E+01  0.00000E+00  0.00000E+00
  5.5024998474E+01  5.5029165141E+01  0.00000E+00  0.00000E+00
  5.5029165141E+01  5.5033331807E+01  0.00000E+00  0.00000E+00
  5.5033331807E+01  5.5037498474E+01  0.00000E+00  0.00000E+00
  5.5037498474E+01  5.5041665141E+01  0.00000E+00  0.00000E+00
  5.5041665141E+01  5.5045831807E+01  0.00000E+00  0.00000E+00
  5.5045831807E+01  5.5049998474E+01  0.00000E+00  0.00000E+00
  5.5049998474E+01  5.5054165141E+01  0.00000E+00  0.00000E+00
  5.5054165141E+01  5.5058331807E+01  0.00000E+00  0.00000E+00
  5.5058331807E+01  5.5062498474E+01  0.00000E+00  0.00000E+00
  5.5062498474E+01  5.5066665141E+01  0.00000E+00  0.00000E+00
  5.5066665141E+01  5.5070831807E+01  0.00000E+00  0.00000E+00
  5.5070831807E+01  5.5074998474E+01  0.00000E+00  0.00000E+00
  5.5074998474E+01  5.5079165141E+01  0.00000E+00  0.00000E+00
  5.5079165141E+01  5.5083331807E+01  0.00000E+00  0.00000E+00
  5.5083331807E+01  5.5087498474E+01  3.79281E-15  1.00000E+02
  5.5087498474E+01  5.5091665141E+01  0.00000E+00  0.00000E+00
  5.5091665141E+01  5.5095831807E+01  0.00000E+00  0.00000E+00
  5.5095831807E+01  5.5099998474E+01  0.00000E+00  0.00000E+00
  5.5099998474E+01  5.5099998474E+01  0.00000E+00  0.00000E+00
