# Detector n: 1D Projection
  5.0099998474E+01  5.0104165141E+01  8.89876E-04  3.70714E-01
  5.0104165141E+01  5.0108331807E+01  8.89242E-04  3.56582E-01
  5.0108331807E+01  5.0112498474E+01  8.96202E-04  4.75167E-01
  5.0112498474E+01  5.0116665141E+01  8.95951E-04  4.30766E-01
  5.0116665141E+01  5.0120831807E+01  8.93550E-04  4.23171E-01
  5.0120831807E+01  5.0124998474E+01  8.97416E-04  4.52873E-01
  5.0124998474E+01  5.0129165141E+01  8.99051E-04  4.95387E-01
  5.0129165141E+01  5.0133331807E+01  8.94429E-04  4.11856E-01
  5.0133331807E+01  5.0137498474E+01  9.02241E-04  4.84558E-01
  5.0137498474E+01  5.0141665141E+01  9.09395E-04  4.45486E-01
  5.0141665141E+01  5.0145831807E+01  9.12729E-04  4.56639E-01
  5.0145831807E+01  5.0149998474E+01  9.10960E-04  4.16486E-01
  5.0149998474E+01  5.0154165141E+01  9.12224E-04  4.11085E-01
  5.0154165141E+01  5.0158331807E+01  9.13843E-04  5.02321E-01
  5.0158331807E+01  5.0162498474E+01  9.13505E-04  4.57117E-01
  5.0162498474E+01  5.0166665141E+01  9.17307E-04  5.11957E-01
  5.0166665141E+01  5.0170831807E+01  9.22192E-04  5.96313E-01
  5.0170831807E+01  5.0174998474E+01  9.14932E-04  4.66284E-01
  5.0174998474E+01  5.0179165141E+01  9.14443E-04  4.72562E-01
  5.0179165141E+01  5.0183331807E+01  9.15066E-04  4.75991E-01
  5.0183331807E+01  5.0187498474E+01  9.17334E-04  5.65364E-01
  5.0187498474E+01  5.0191665141E+01  9.22722E-04  5.82262E-01
  5.0191665141E+01  5.0195831807E+01  9.22413E-04  5.83937E-01
  5.0195831807E+01  5.0199998474E+01  9.18171E-04  5.02409E-01
  5.0199998474E+01  5.0204165141E+01  9.18542E-04  4.76975E-01
  5.0204165141E+01  5.0208331807E+01  9.19900E-04  4.45915E-01
  5.0208331807E+01  5.0212498474E+01  9.27753E-04  4.73162E-01
  5.0212498474E+01  5.0216665141E+01  9.38217E-04  4.90928E-01
  5.0216665141E+01  5.0220831807E+01  9.40191E-04  4.63597E-01
  5.0220831807E+01  5.0224998474E+01  9.43152E-04  5.14527E-01
  5.0224998474E+01  5.0229165141E+01  9.38250E-04  4.26555E-01
  5.0229165141E+01  5.0233331807E+01  9.38384E-04  4.23783E-01
  5.0233331807E+01  5.0237498474E+01  9.46212E-04  5.30143E-01
  5.0237498474E+01  5.0241665141E+01  9.42578E-04  4.14739E-01
  5.0241665141E+01  5.0245831807E+01  9.42665E-04  4.53829E-01
  5.0245831807E+01  5.0249998474E+01  9.47012E-04  4.60651E-01
  5.0249998474E+01  5.0254165141E+01  9.46142E-04  4.56639E-01
  5.0254165141E+01  5.0258331807E+01  9.46788E-04  5.48076E-01
  5.0258331807E+01  5.0262498474E+01  9.43164E-04  4.37129E-01
  5.0262498474E+01  5.0266665141E+01  9.44878E-04  4.92080E-01
  5.0266665141E+01  5.0270831807E+01  9.45910E-04  5.14866E-01
  5.0270831807E+01  5.0274998474E+01  9.43196E-04  4.47712E-01
  5.0274998474E+01  5.0279165141E+01  9.45597E-04  4.86777E-01
  5.0279165141E+01  5.0283331807E+01  9.41062E-04  4.21207E-01
  5.0283331807E+01  5.0287498474E+01  9.38075E-04  4.06363E-01
  5.0287498474E+01  5.0291665141E+01  9.40312E-04  4.33504E-01
  5.0291665141E+01  5.0295831807E+01  9.40469E-04  4.42094E-01
  5.0295831807E+01  5.0299998474E+01  9.40252E-04  4.26411E-01
  5.0299998474E+01  5.0304165141E+01  9.41546E-04  4.35038E-01
  5.0304165141E+01  5.0308331807E+01  9.41324E-04  4.55536E-01
  5.0308331807E+01  5.0312498474E+01  9.49414E-04  5.76789E-01
  5.0312498474E+01  5.0316665141E+01  9.41570E-04  4.85286E-01
  5.0316665141E+01  5.0320831807E+01  9.37494E-04  3.89328E-01
  5.0320831807E+01  5.0324998474E+01  9.45197E-04  5.63485E-01
  5.0324998474E+01  5.0329165141E+01  9.38424E-04  4.20726E-01
  5.0329165141E+01  5.0333331807E+01  9.40169E-04  4.22288E-01
  5.0333331807E+01  5.0337498474E+01  9.44485E-04  4.34129E-01
  5.0337498474E+01  5.0341665141E+01  9.49639E-04  4.53536E-01
  5.0341665141E+01  5.0345831807E+01  9.54869E-04  4.80016E-01
  5.0345831807E+01  5.0349998474E+01  9.63605E-04  4.58841E-01
  5.0349998474E+01  5.0354165141E+01  9.73296E-04  4.82206E-01
  5.0354165141E+01  5.0358331807E+01  9.80272E-04  5.11780E-01
  5.0358331807E+01  5.0362498474E+01  9.88626E-04  5.50221E-01
  5.0362498474E+01  5.0366665141E+01  9.86020E-04  4.08752E-01
  5.0366665141E+01  5.0370831807E+01  9.88960E-04  4.16738E-01
  5.0370831807E+01  5.0374998474E+01  9.88895E-04  4.18902E-01
  5.0374998474E+01  5.0379165141E+01  9.89788E-04  4.29278E-01
  5.0379165141E+01  5.0383331807E+01  9.92180E-04  4.18561E-01
  5.0383331807E+01  5.0387498474E+01  9.92748E-04  4.30966E-01
  5.0387498474E+01  5.0391665141E+01  9.93474E-04  4.47187E-01
  5.0391665141E+01  5.0395831807E+01  9.93493E-04  4.94222E-01
  5.0395831807E+01  5.0399998474E+01  9.93859E-04  4.43491E-01
  5.0399998474E+01  5.0404165141E+01  9.90911E-04  4.22756E-01
  5.0404165141E+01  5.0408331807E+01  9.96583E-04  4.92114E-01
  5.0408331807E+01  5.0412498474E+01  9.93099E-04  4.95756E-01
  5.0412498474E+01  5.0416665141E+01  9.93593E-04  4.30274E-01
  5.0416665141E+01  5.0420831807E+01  9.92838E-04  4.31084E-01
  5.0420831807E+01  5.0424998474E+01  9.94589E-04  4.72895E-01
  5.0424998474E+01  5.0429165141E+01  9.96369E-04  4.91932E-01
  5.0429165141E+01  5.0433331807E+01  9.93737E-04  4.40975E-01
  5.0433331807E+01  5.0437498474E+01  9.95318E-04  5.17940E-01
  5.0437498474E+01  5.0441665141E+01  9.91206E-04  4.47771E-01
  5.0441665141E+01  5.0445831807E+01  9.93644E-04  5.22643E-01
  5.0445831807E+01  5.0449998474E+01  9.96781E-04  5.93775E-01
  5.0449998474E+01  5.0454165141E+01  9.95633E-04  4.79159E-01
  5.0454165141E+01  5.0458331807E+01  9.93351E-04  4.52334E-01
  5.0458331807E+01  5.0462498474E+01  9.92463E-04  4.36680E-01
  5.0462498474E+01  5.0466665141E+01  9.93534E-04  4.67422E-01
  5.0466665141E+01  5.0470831807E+01  9.92624E-04  4.55785E-01
  5.0470831807E+01  5.0474998474E+01  9.95735E-04  4.62283E-01
  5.0474998474E+01  5.0479165141E+01  9.94175E-04  4.56580E-01
  5.0479165141E+01  5.0483331807E+01  9.95252E-04  4.95206E-01
  5.0483331807E+01  5.0487498474E+01  9.95301E-04  4.54760E-01
  5.0487498474E+01  5.0491665141E+01  9.97154E-04  5.02593E-01
  5.0491665141E+01  5.0495831807E+01  9.94251E-04  4.28763E-01
  5.0495831807E+01  5.0499998474E+01  9.98054E-04  4.88673E-01
  5.0499998474E+01  5.0504165141E+01  9.90911E-04  4.15795E-01
  5.0504165141E+01  5.0508331807E+01  9.94347E-04  4.62154E-01
  5.0508331807E+01  5.0512498474E+01  9.94464E-04  4.45392E-01
  5.0512498474E+01  5.0516665141E+01  9.91977E-04  4.30248E-01
  5.0516665141E+01  5.0520831807E+01  9.94361E-04  4.46785E-01
  5.0520831807E+01  5.0524998474E+01  9.93521E-04  4.72016E-01
  5.0524998474E+01  5.0529165141E+01  9.91716E-04  4.25704E-01
  5.0529165141E+01  5.0533331807E+01  9.95936E-04  5.56166E-01
  5.0533331807E+01  5.0537498474E+01  9.99238E-04  5.37063E-01
  5.0537498474E+01  5.0541665141E+01  9.98931E-04  5.47208E-01
  5.0541665141E+01  5.0545831807E+01  9.95984E-04  4.73136E-01
  5.0545831807E+01  5.0549998474E+01  9.89972E-04  4.18597E-01
  5.0549998474E+01  5.0554165141E+01  9.93694E-04  4.98411E-01
  5.0554165141E+01  5.0558331807E+01  9.93003E-04  4.51630E-01
  5.0558331807E+01  5.0562498474E+01  9.92821E-04  4.38814E-01
  5.0562498474E+01  5.0566665141E+01  9.90671E-04  4.18416E-01
  5.0566665141E+01  5.0570831807E+01  9.99148E-04  5.96615E-01
  5.0570831807E+01  5.0574998474E+01  9.98518E-04  4.99976E-01
  5.0574998474E+01  5.0579165141E+01  9.95843E-04  4.67849E-01
  5.0579165141E+01  5.0583331807E+01  1.00095E-03  4.78807E-01
  5.0583331807E+01  5.0587498474E+01  1.00521E-03  4.41996E-01
  5.0587498474E+01  5.0591665141E+01  1.00451E-03  4.21629E-01
  5.0591665141E+01  5.0595831807E+01  1.00871E-03  4.33494E-01
  5.0595831807E+01  5.0599998474E+01  1.02009E-03  4.88057E-01
  5.0599998474E+01  5.0604165141E+01  1.03158E-03  5.37681E-01
  5.0604165141E+01  5.0608331807E+01  1.03535E-03  4.93642E-01
  5.0608331807E+01  5.0612498474E+01  1.03864E-03  4.52961E-01
  5.0612498474E+01  5.0616665141E+01  1.04471E-03  4.70808E-01
  5.0616665141E+01  5.0620831807E+01  1.04930E-03  5.22505E-01
  5.0620831807E+01  5.0624998474E+01  1.05086E-03  4.43356E-01
  5.0624998474E+01  5.0629165141E+01  1.05517E-03  4.34413E-01
  5.0629165141E+01  5.0633331807E+01  1.05559E-03  4.27746E-01
  5.0633331807E+01  5.0637498474E+01  1.06654E-03  5.28354E-01
  5.0637498474E+01  5.0641665141E+01  1.06232E-03  4.20021E-01
  5.0641665141E+01  5.0645831807E+01  1.06501E-03  4.81234E-01
  5.0645831807E+01  5.0649998474E+01  1.06608E-03  4.59854E-01
  5.0649998474E+01  5.0654165141E+01  1.07125E-03  5.04571E-01
  5.0654165141E+01  5.0658331807E+01  1.06658E-03  4.28387E-01
  5.0658331807E+01  5.0662498474E+01  1.07065E-03  5.36094E-01
  5.0662498474E+01  5.0666665141E+01  1.06088E-03  3.94273E-01
  5.0666665141E+01  5.0670831807E+01  1.06290E-03  4.25647E-01
  5.0670831807E+01  5.0674998474E+01  1.06514E-03  4.57102E-01
  5.0674998474E+01  5.0679165141E+01  1.06562E-03  4.59609E-01
  5.0679165141E+01  5.0683331807E+01  1.06791E-03  4.62476E-01
  5.0683331807E+01  5.0687498474E+01  1.06620E-03  4.76271E-01
  5.0687498474E+01  5.0691665141E+01  1.06395E-03  4.59423E-01
  5.0691665141E+01  5.0695831807E+01  1.06616E-03  4.47227E-01
  5.0695831807E+01  5.0699998474E+01  1.06367E-03  4.28313E-01
  5.0699998474E+01  5.0704165141E+01  1.06546E-03  4.69992E-01
  5.0704165141E+01  5.0708331807E+01  1.06282E-03  4.35475E-01
  5.0708331807E+01  5.0712498474E+01  1.05980E-03  4.20441E-01
  5.0712498474E+01  5.0716665141E+01  1.06191E-03  4.62083E-01
  5.0716665141E+01  5.0720831807E+01  1.06680E-03  5.07562E-01
  5.0720831807E+01  5.0724998474E+01  1.06202E-03  4.52406E-01
  5.0724998474E+01  5.0729165141E+01  1.05927E-03  4.70520E-01
  5.0729165141E+01  5.0733331807E+01  1.05939E-03  4.33011E-01
  5.0733331807E+01  5.0737498474E+01  1.05878E-03  4.09565E-01
  5.0737498474E+01  5.0741665141E+01  1.05753E-03  4.12816E-01
  5.0741665141E+01  5.0745831807E+01  1.05840E-03  4.34346E-01
  5.0745831807E+01  5.0749998474E+01  1.05882E-03  4.45083E-01
  5.0749998474E+01  5.0754165141E+01  1.05846E-03  4.21683E-01
  5.0754165141E+01  5.0758331807E+01  1.05638E-03  4.16965E-01
  5.0758331807E+01  5.0762498474E+01  1.05912E-03  4.50796E-01
  5.0762498474E+01  5.0766665141E+01  1.06238E-03  4.71746E-01
  5.0766665141E+01  5.0770831807E+01  1.06478E-03  4.82670E-01
  5.0770831807E+01  5.0774998474E+01  1.06382E-03  4.91079E-01
  5.0774998474E+01  5.0779165141E+01  1.06633E-03  4.55721E-01
  5.0779165141E+01  5.0783331807E+01  1.07572E-03  5.44590E-01
  5.0783331807E+01  5.0787498474E+01  1.07190E-03  4.53430E-01
  5.0787498474E+01  5.0791665141E+01  1.07159E-03  4.51437E-01
  5.0791665141E+01  5.0795831807E+01  1.07488E-03  4.36856E-01
  5.0795831807E+01  5.0799998474E+01  1.08069E-03  4.66549E-01
  5.0799998474E+01  5.0804165141E+01  1.08764E-03  4.70384E-01
  5.0804165141E+01  5.0808331807E+01  1.09449E-03  4.84310E-01
  5.0808331807E+01  5.0812498474E+01  1.10027E-03  5.45297E-01
  5.0812498474E+01  5.0816665141E+01  1.10587E-03  5.36642E-01
  5.0816665141E+01  5.0820831807E+01  1.10328E-03  4.48844E-01
  5.0820831807E+01  5.0824998474E+01  1.11125E-03  4.72771E-01
  5.0824998474E+01  5.0829165141E+01  1.11134E-03  4.63562E-01
  5.0829165141E+01  5.0833331807E+01  1.11493E-03  4.59538E-01
  5.0833331807E+01  5.0837498474E+01  1.11843E-03  4.52809E-01
  5.0837498474E+01  5.0841665141E+01  1.12611E-03  4.93639E-01
  5.0841665141E+01  5.0845831807E+01  1.12446E-03  4.41790E-01
  5.0845831807E+01  5.0849998474E+01  1.12477E-03  4.16166E-01
  5.0849998474E+01  5.0854165141E+01  1.13423E-03  5.36837E-01
  5.0854165141E+01  5.0858331807E+01  1.12970E-03  4.09549E-01
  5.0858331807E+01  5.0862498474E+01  1.13700E-03  5.05354E-01
  5.0862498474E+01  5.0866665141E+01  1.13403E-03  4.50453E-01
  5.0866665141E+01  5.0870831807E+01  1.13321E-03  4.15788E-01
  5.0870831807E+01  5.0874998474E+01  1.13935E-03  4.76935E-01
  5.0874998474E+01  5.0879165141E+01  1.13399E-03  4.11782E-01
  5.0879165141E+01  5.0883331807E+01  1.13419E-03  4.13002E-01
  5.0883331807E+01  5.0887498474E+01  1.13287E-03  4.17941E-01
  5.0887498474E+01  5.0891665141E+01  1.13369E-03  4.26552E-01
  5.0891665141E+01  5.0895831807E+01  1.13857E-03  5.27150E-01
  5.0895831807E+01  5.0899998474E+01  1.12776E-03  4.13661E-01
  5.0899998474E+01  5.0904165141E+01  1.12897E-03  4.49200E-01
  5.0904165141E+01  5.0908331807E+01  1.12764E-03  3.97122E-01
  5.0908331807E+01  5.0912498474E+01  1.12936E-03  4.39505E-01
  5.0912498474E+01  5.0916665141E+01  1.13279E-03  4.49658E-01
  5.0916665141E+01  5.0920831807E+01  1.12964E-03  4.13994E-01
  5.0920831807E+01  5.0924998474E+01  1.13258E-03  4.65485E-01
  5.0924998474E+01  5.0929165141E+01  1.13352E-03  4.15975E-01
  5.0929165141E+01  5.0933331807E+01  1.13457E-03  4.31221E-01
  5.0933331807E+01  5.0937498474E+01  1.13181E-03  3.96594E-01
  5.0937498474E+01  5.0941665141E+01  1.13687E-03  4.46303E-01
  5.0941665141E+01  5.0945831807E+01  1.14191E-03  4.88281E-01
  5.0945831807E+01  5.0949998474E+01  1.14216E-03  4.61589E-01
  5.0949998474E+01  5.0954165141E+01  1.14227E-03  4.08893E-01
  5.0954165141E+01  5.0958331807E+01  1.14418E-03  4.16000E-01
  5.0958331807E+01  5.0962498474E+01  1.14780E-03  4.58472E-01
  5.0962498474E+01  5.0966665141E+01  1.15087E-03  4.53414E-01
  5.0966665141E+01  5.0970831807E+01  1.15220E-03  4.50605E-01
  5.0970831807E+01  5.0974998474E+01  1.16172E-03  4.89835E-01
  5.0974998474E+01  5.0979165141E+01  1.16252E-03  4.49684E-01
  5.0979165141E+01  5.0983331807E+01  1.16934E-03  5.05172E-01
  5.0983331807E+01  5.0987498474E+01  1.16613E-03  4.11925E-01
  5.0987498474E+01  5.0991665141E+01  1.17338E-03  4.47993E-01
  5.0991665141E+01  5.0995831807E+01  1.17341E-03  4.39456E-01
  5.0995831807E+01  5.0999998474E+01  1.17348E-03  4.10167E-01
  5.0999998474E+01  5.1004165141E+01  1.17777E-03  4.07553E-01
  5.1004165141E+01  5.1008331807E+01  1.18352E-03  4.17706E-01
  5.1008331807E+01  5.1012498474E+01  1.19112E-03  4.71502E-01
  5.1012498474E+01  5.1016665141E+01  1.18938E-03  4.27924E-01
  5.1016665141E+01  5.1020831807E+01  1.19276E-03  4.24691E-01
  5.1020831807E+01  5.1024998474E+01  1.19516E-03  4.20723E-01
  5.1024998474E+01  5.1029165141E+01  1.19975E-03  4.45511E-01
  5.1029165141E+01  5.1033331807E+01  1.20328E-03  4.63838E-01
  5.1033331807E+01  5.1037498474E+01  1.20316E-03  4.43393E-01
  5.1037498474E+01  5.1041665141E+01  1.19806E-03  4.05931E-01
  5.1041665141E+01  5.1045831807E+01  1.20334E-03  4.57955E-01
  5.1045831807E+01  5.1049998474E+01  1.20316E-03  4.32291E-01
  5.1049998474E+01  5.1054165141E+01  1.20503E-03  4.14315E-01
  5.1054165141E+01  5.1058331807E+01  1.21097E-03  4.52801E-01
  5.1058331807E+01  5.1062498474E+01  1.20896E-03  4.63361E-01
  5.1062498474E+01  5.1066665141E+01  1.20812E-03  4.31853E-01
  5.1066665141E+01  5.1070831807E+01  1.21391E-03  4.79643E-01
  5.1070831807E+01  5.1074998474E+01  1.21405E-03  4.35607E-01
  5.1074998474E+01  5.1079165141E+01  1.21138E-03  4.07348E-01
  5.1079165141E+01  5.1083331807E+01  1.21253E-03  4.17784E-01
  5.1083331807E+01  5.1087498474E+01  1.21691E-03  4.48593E-01
  5.1087498474E+01  5.1091665141E+01  1.22447E-03  4.85467E-01
  5.1091665141E+01  5.1095831807E+01  1.21865E-03  4.13428E-01
  5.1095831807E+01  5.1099998474E+01  1.22089E-03  4.07922E-01
  5.1099998474E+01  5.1104165141E+01  1.22403E-03  4.10066E-01
  5.1104165141E+01  5.1108331807E+01  1.22513E-03  4.00671E-01
  5.1108331807E+01  5.1112498474E+01  1.23296E-03  4.53069E-01
  5.1112498474E+01  5.1116665141E+01  1.23424E-03  4.29129E-01
  5.1116665141E+01  5.1120831807E+01  1.23680E-03  4.34642E-01
  5.1120831807E+01  5.1124998474E+01  1.23892E-03  4.23293E-01
  5.1124998474E+01  5.1129165141E+01  1.23997E-03  4.12757E-01
  5.1129165141E+01  5.1133331807E+01  1.24657E-03  4.51676E-01
  5.1133331807E+01  5.1137498474E+01  1.25087E-03  4.45045E-01
  5.1137498474E+01  5.1141665141E+01  1.24975E-03  4.14125E-01
  5.1141665141E+01  5.1145831807E+01  1.26020E-03  4.86763E-01
  5.1145831807E+01  5.1149998474E+01  1.25891E-03  4.22754E-01
  5.1149998474E+01  5.1154165141E+01  1.25998E-03  4.03540E-01
  5.1154165141E+01  5.1158331807E+01  1.26239E-03  4.03414E-01
  5.1158331807E+01  5.1162498474E+01  1.27751E-03  4.81287E-01
  5.1162498474E+01  5.1166665141E+01  1.27749E-03  4.49323E-01
  5.1166665141E+01  5.1170831807E+01  1.27624E-03  4.35063E-01
  5.1170831807E+01  5.1174998474E+01  1.27931E-03  4.41154E-01
  5.1174998474E+01  5.1179165141E+01  1.27796E-03  4.18430E-01
  5.1179165141E+01  5.1183331807E+01  1.28329E-03  4.22608E-01
  5.1183331807E+01  5.1187498474E+01  1.27870E-03  4.18329E-01
  5.1187498474E+01  5.1191665141E+01  1.27839E-03  4.00605E-01
  5.1191665141E+01  5.1195831807E+01  1.28059E-03  4.01915E-01
  5.1195831807E+01  5.1199998474E+01  1.28302E-03  4.01532E-01
  5.1199998474E+01  5.1204165141E+01  1.28587E-03  4.08205E-01
  5.1204165141E+01  5.1208331807E+01  1.29085E-03  4.39163E-01
  5.1208331807E+01  5.1212498474E+01  1.29523E-03  4.28248E-01
  5.1212498474E+01  5.1216665141E+01  1.29612E-03  4.24994E-01
  5.1216665141E+01  5.1220831807E+01  1.30023E-03  4.31167E-01
  5.1220831807E+01  5.1224998474E+01  1.30717E-03  4.41381E-01
  5.1224998474E+01  5.1229165141E+01  1.30832E-03  4.28627E-01
  5.1229165141E+01  5.1233331807E+01  1.31305E-03  4.42652E-01
  5.1233331807E+01  5.1237498474E+01  1.31402E-03  4.26693E-01
  5.1237498474E+01  5.1241665141E+01  1.31407E-03  4.20590E-01
  5.1241665141E+01  5.1245831807E+01  1.31381E-03  3.94451E-01
  5.1245831807E+01  5.1249998474E+01  1.32358E-03  4.29008E-01
  5.1249998474E+01  5.1254165141E+01  1.33146E-03  4.48892E-01
  5.1254165141E+01  5.1258331807E+01  1.33285E-03  4.48534E-01
  5.1258331807E+01  5.1262498474E+01  1.33776E-03  4.55164E-01
  5.1262498474E+01  5.1266665141E+01  1.33571E-03  4.14395E-01
  5.1266665141E+01  5.1270831807E+01  1.34192E-03  4.19060E-01
  5.1270831807E+01  5.1274998474E+01  1.34344E-03  4.06615E-01
  5.1274998474E+01  5.1279165141E+01  1.34337E-03  3.93193E-01
  5.1279165141E+01  5.1283331807E+01  1.35152E-03  4.27258E-01
  5.1283331807E+01  5.1287498474E+01  1.35279E-03  3.99688E-01
  5.1287498474E+01  5.1291665141E+01  1.36130E-03  4.29513E-01
  5.1291665141E+01  5.1295831807E+01  1.36830E-03  4.46976E-01
  5.1295831807E+01  5.1299998474E+01  1.37042E-03  4.37466E-01
  5.1299998474E+01  5.1304165141E+01  1.37021E-03  3.95520E-01
  5.1304165141E+01  5.1308331807E+01  1.37393E-03  3.99987E-01
  5.1308331807E+01  5.1312498474E+01  1.38222E-03  4.35196E-01
  5.1312498474E+01  5.1316665141E+01  1.38291E-03  4.02661E-01
  5.1316665141E+01  5.1320831807E+01  1.38668E-03  4.16400E-01
  5.1320831807E+01  5.1324998474E+01  1.39363E-03  4.18829E-01
  5.1324998474E+01  5.1329165141E+01  1.39306E-03  3.80115E-01
  5.1329165141E+01  5.1333331807E+01  1.40496E-03  4.18818E-01
  5.1333331807E+01  5.1337498474E+01  1.40779E-03  4.11497E-01
  5.1337498474E+01  5.1341665141E+01  1.41537E-03  4.24579E-01
  5.1341665141E+01  5.1345831807E+01  1.41320E-03  3.94596E-01
  5.1345831807E+01  5.1349998474E+01  1.42171E-03  4.08175E-01
  5.1349998474E+01  5.1354165141E+01  1.42402E-03  4.04283E-01
  5.1354165141E+01  5.1358331807E+01  1.43077E-03  4.12290E-01
  5.1358331807E+01  5.1362498474E+01  1.43632E-03  4.09703E-01
  5.1362498474E+01  5.1366665141E+01  1.44056E-03  4.01143E-01
  5.1366665141E+01  5.1370831807E+01  1.44902E-03  4.30730E-01
  5.1370831807E+01  5.1374998474E+01  1.45244E-03  4.07066E-01
  5.1374998474E+01  5.1379165141E+01  1.46062E-03  4.05816E-01
  5.1379165141E+01  5.1383331807E+01  1.47145E-03  4.34531E-01
  5.1383331807E+01  5.1387498474E+01  1.47122E-03  3.97298E-01
  5.1387498474E+01  5.1391665141E+01  1.47748E-03  4.07946E-01
  5.1391665141E+01  5.1395831807E+01  1.48353E-03  4.00265E-01
  5.1395831807E+01  5.1399998474E+01  1.49269E-03  4.15127E-01
  5.1399998474E+01  5.1404165141E+01  1.49828E-03  4.21331E-01
  5.1404165141E+01  5.1408331807E+01  1.50124E-03  3.91104E-01
  5.1408331807E+01  5.1412498474E+01  1.50656E-03  3.90123E-01
  5.1412498474E+01  5.1416665141E+01  1.51259E-03  3.88440E-01
  5.1416665141E+01  5.1420831807E+01  1.52887E-03  4.54465E-01
  5.1420831807E+01  5.1424998474E+01  1.53262E-03  4.32389E-01
  5.1424998474E+01  5.1429165141E+01  1.53450E-03  3.91891E-01
  5.1429165141E+01  5.1433331807E+01  1.54449E-03  4.15747E-01
  5.1433331807E+01  5.1437498474E+01  1.54919E-03  4.01456E-01
  5.1437498474E+01  5.1441665141E+01  1.56112E-03  4.24331E-01
  5.1441665141E+01  5.1445831807E+01  1.56422E-03  4.06274E-01
  5.1445831807E+01  5.1449998474E+01  1.57083E-03  4.05498E-01
  5.1449998474E+01  5.1454165141E+01  1.57373E-03  3.98071E-01
  5.1454165141E+01  5.1458331807E+01  1.58108E-03  3.97381E-01
  5.1458331807E+01  5.1462498474E+01  1.59092E-03  4.06926E-01
  5.1462498474E+01  5.1466665141E+01  1.60317E-03  4.09957E-01
  5.1466665141E+01  5.1470831807E+01  1.60806E-03  3.97503E-01
  5.1470831807E+01  5.1474998474E+01  1.62057E-03  4.14424E-01
  5.1474998474E+01  5.1479165141E+01  1.62609E-03  3.95925E-01
  5.1479165141E+01  5.1483331807E+01  1.62972E-03  3.83823E-01
  5.1483331807E+01  5.1487498474E+01  1.64273E-03  3.95127E-01
  5.1487498474E+01  5.1491665141E+01  1.65415E-03  3.96675E-01
  5.1491665141E+01  5.1495831807E+01  1.65955E-03  3.88879E-01
  5.1495831807E+01  5.1499998474E+01  1.67237E-03  3.86974E-01
  5.1499998474E+01  5.1504165141E+01  1.68647E-03  3.95815E-01
  5.1504165141E+01  5.1508331807E+01  1.69416E-03  3.88368E-01
  5.1508331807E+01  5.1512498474E+01  1.70541E-03  3.86227E-01
  5.1512498474E+01  5.1516665141E+01  1.71722E-03  3.87872E-01
  5.1516665141E+01  5.1520831807E+01  1.73271E-03  3.98205E-01
  5.1520831807E+01  5.1524998474E+01  1.74315E-03  3.96557E-01
  5.1524998474E+01  5.1529165141E+01  1.75129E-03  3.84838E-01
  5.1529165141E+01  5.1533331807E+01  1.76973E-03  3.95737E-01
  5.1533331807E+01  5.1537498474E+01  1.78225E-03  3.97337E-01
  5.1537498474E+01  5.1541665141E+01  1.79293E-03  3.91243E-01
  5.1541665141E+01  5.1545831807E+01  1.80456E-03  3.92955E-01
  5.1545831807E+01  5.1549998474E+01  1.81790E-03  3.97541E-01
  5.1549998474E+01  5.1554165141E+01  1.83051E-03  3.85353E-01
  5.1554165141E+01  5.1558331807E+01  1.84934E-03  3.92248E-01
  5.1558331807E+01  5.1562498474E+01  1.86978E-03  3.95949E-01
  5.1562498474E+01  5.1566665141E+01  1.88493E-03  3.94039E-01
  5.1566665141E+01  5.1570831807E+01  1.90184E-03  3.95313E-01
  5.1570831807E+01  5.1574998474E+01  1.91717E-03  3.93136E-01
  5.1574998474E+01  5.1579165141E+01  1.93892E-03  4.01447E-01
  5.1579165141E+01  5.1583331807E+01  1.96306E-03  4.03632E-01
  5.1583331807E+01  5.1587498474E+01  1.97889E-03  3.93277E-01
  5.1587498474E+01  5.1591665141E+01  2.00325E-03  4.03718E-01
  5.1591665141E+01  5.1595831807E+01  2.02262E-03  3.90159E-01
  5.1595831807E+01  5.1599998474E+01  2.04383E-03  3.87970E-01
  5.1599998474E+01  5.1604165141E+01  2.06886E-03  3.89795E-01
  5.1604165141E+01  5.1608331807E+01  2.09218E-03  3.83801E-01
  5.1608331807E+01  5.1612498474E+01  2.12231E-03  3.93662E-01
  5.1612498474E+01  5.1616665141E+01  2.15021E-03  3.93302E-01
  5.1616665141E+01  5.1620831807E+01  2.17679E-03  3.94755E-01
  5.1620831807E+01  5.1624998474E+01  2.20220E-03  3.93995E-01
  5.1624998474E+01  5.1629165141E+01  2.23435E-03  3.99324E-01
  5.1629165141E+01  5.1633331807E+01  2.26297E-03  4.03732E-01
  5.1633331807E+01  5.1637498474E+01  2.28818E-03  4.02347E-01
  5.1637498474E+01  5.1641665141E+01  2.31656E-03  4.06173E-01
  5.1641665141E+01  5.1645831807E+01  2.34807E-03  4.00811E-01
  5.1645831807E+01  5.1649998474E+01  2.38066E-03  4.05745E-01
  5.1649998474E+01  5.1654165141E+01  2.41296E-03  4.10089E-01
  5.1654165141E+01  5.1658331807E+01  2.44769E-03  4.14236E-01
  5.1658331807E+01  5.1662498474E+01  2.47529E-03  4.17475E-01
  5.1662498474E+01  5.1666665141E+01  2.51396E-03  4.21279E-01
  5.1666665141E+01  5.1670831807E+01  2.54230E-03  4.21294E-01
  5.1670831807E+01  5.1674998474E+01  2.58366E-03  4.27813E-01
  5.1674998474E+01  5.1679165141E+01  2.61851E-03  4.31812E-01
  5.1679165141E+01  5.1683331807E+01  2.64989E-03  4.35058E-01
  5.1683331807E+01  5.1687498474E+01  2.67153E-03  4.32713E-01
  5.1687498474E+01  5.1691665141E+01  2.69664E-03  4.33067E-01
  5.1691665141E+01  5.1695831807E+01  2.72069E-03  4.41596E-01
  5.1695831807E+01  5.1699998474E+01  2.75362E-03  4.51864E-01
  5.1699998474E+01  5.1704165141E+01  2.77427E-03  4.52981E-01
  5.1704165141E+01  5.1708331807E+01  2.79020E-03  4.51850E-01
  5.1708331807E+01  5.1712498474E+01  2.80797E-03  4.56340E-01
  5.1712498474E+01  5.1716665141E+01  2.82662E-03  4.64646E-01
  5.1716665141E+01  5.1720831807E+01  2.83624E-03  4.67544E-01
  5.1720831807E+01  5.1724998474E+01  2.83121E-03  4.72656E-01
  5.1724998474E+01  5.1729165141E+01  2.83444E-03  4.74476E-01
  5.1729165141E+01  5.1733331807E+01  2.82853E-03  4.80283E-01
  5.1733331807E+01  5.1737498474E+01  2.82091E-03  4.91668E-01
  5.1737498474E+01  5.1741665141E+01  2.80842E-03  4.99548E-01
  5.1741665141E+01  5.1745831807E+01  2.79713E-03  5.06073E-01
  5.1745831807E+01  5.1749998474E+01  2.77661E-03  5.17854E-01
  5.1749998474E+01  5.1754165141E+01  2.74721E-03  5.21971E-01
  5.1754165141E+01  5.1758331807E+01  2.71072E-03  5.26806E-01
  5.1758331807E+01  5.1762498474E+01  2.66879E-03  5.31918E-01
  5.1762498474E+01  5.1766665141E+01  2.60912E-03  5.35374E-01
  5.1766665141E+01  5.1770831807E+01  2.56583E-03  5.46816E-01
  5.1770831807E+01  5.1774998474E+01  2.49670E-03  5.60541E-01
  5.1774998474E+01  5.1779165141E+01  2.44645E-03  5.76792E-01
  5.1779165141E+01  5.1783331807E+01  2.37958E-03  5.99292E-01
  5.1783331807E+01  5.1787498474E+01  2.31750E-03  5.95736E-01
  5.1787498474E+01  5.1791665141E+01  2.25267E-03  6.12332E-01
  5.1791665141E+01  5.1795831807E+01  2.17154E-03  6.30760E-01
  5.1795831807E+01  5.1799998474E+01  2.09005E-03  6.44742E-01
  5.1799998474E+01  5.1804165141E+01  2.00438E-03  6.67138E-01
  5.1804165141E+01  5.1808331807E+01  1.92201E-03  6.78827E-01
  5.1808331807E+01  5.1812498474E+01  1.84409E-03  6.98948E-01
  5.1812498474E+01  5.1816665141E+01  1.75665E-03  7.24171E-01
  5.1816665141E+01  5.1820831807E+01  1.65942E-03  7.49822E-01
  5.1820831807E+01  5.1824998474E+01  1.57650E-03  7.83810E-01
  5.1824998474E+01  5.1829165141E+01  1.49294E-03  8.04192E-01
  5.1829165141E+01  5.1833331807E+01  1.41164E-03  8.18882E-01
  5.1833331807E+01  5.1837498474E+01  1.33775E-03  8.57740E-01
  5.1837498474E+01  5.1841665141E+01  1.25004E-03  8.83018E-01
  5.1841665141E+01  5.1845831807E+01  1.17767E-03  9.27787E-01
  5.1845831807E+01  5.1849998474E+01  1.09635E-03  9.56127E-01
  5.1849998474E+01  5.1854165141E+01  1.02363E-03  9.85988E-01
  5.1854165141E+01  5.1858331807E+01  9.30663E-04  1.02974E+00
  5.1858331807E+01  5.1862498474E+01  8.54974E-04  1.08722E+00
  5.1862498474E+01  5.1866665141E+01  7.87860E-04  1.12533E+00
  5.1866665141E+01  5.1870831807E+01  7.30681E-04  1.16739E+00
  5.1870831807E+01  5.1874998474E+01  6.72765E-04  1.23509E+00
  5.1874998474E+01  5.1879165141E+01  6.15565E-04  1.27906E+00
  5.1879165141E+01  5.1883331807E+01  5.65363E-04  1.36428E+00
  5.1883331807E+01  5.1887498474E+01  5.08033E-04  1.45411E+00
  5.1887498474E+01  5.1891665141E+01  4.50008E-04  1.54635E+00
  5.1891665141E+01  5.1895831807E+01  4.08362E-04  1.64736E+00
  5.1895831807E+01  5.1899998474E+01  3.64284E-04  1.74609E+00
  5.1899998474E+01  5.1904165141E+01  3.21331E-04  1.84392E+00
  5.1904165141E+01  5.1908331807E+01  2.87417E-04  1.96336E+00
  5.1908331807E+01  5.1912498474E+01  2.55300E-04  2.11920E+00
  5.1912498474E+01  5.1916665141E+01  2.35218E-04  2.22284E+00
  5.1916665141E+01  5.1920831807E+01  2.03781E-04  2.38296E+00
  5.1920831807E+01  5.1924998474E+01  1.78194E-04  2.47948E+00
  5.1924998474E+01  5.1929165141E+01  1.57704E-04  2.67790E+00
  5.1929165141E+01  5.1933331807E+01  1.37975E-04  2.90645E+00
  5.1933331807E+01  5.1937498474E+01  1.20551E-04  3.14335E+00
  5.1937498474E+01  5.1941665141E+01  1.00547E-04  3.39900E+00
  5.1941665141E+01  5.1945831807E+01  8.60630E-05  3.60008E+00
  5.1945831807E+01  5.1949998474E+01  7.75366E-05  3.88211E+00
  5.1949998474E+01  5.1954165141E+01  6.32535E-05  4.13747E+00
  5.1954165141E+01  5.1958331807E+01  5.31585E-05  4.56895E+00
  5.1958331807E+01  5.1962498474E+01  4.64517E-05  4.91995E+00
  5.1962498474E+01  5.1966665141E+01  4.19443E-05  5.22484E+00
  5.1966665141E+01  5.1970831807E+01  3.74015E-05  5.60071E+00
  5.1970831807E+01  5.1974998474E+01  3.10790E-05  6.18255E+00
  5.1974998474E+01  5.1979165141E+01  2.44489E-05  6.87708E+00
  5.1979165141E+01  5.1983331807E+01  2.20917E-05  7.53184E+00
  5.1983331807E+01  5.1987498474E+01  1.78695E-05  8.45192E+00
  5.1987498474E+01  5.1991665141E+01  1.34294E-05  9.58174E+00
  5.1991665141E+01  5.1995831807E+01  1.00907E-05  1.11509E+01
  5.1995831807E+01  5.1999998474E+01  8.46049E-06  1.24028E+01
  5.1999998474E+01  5.2004165141E+01  6.30516E-06  1.38937E+01
  5.2004165141E+01  5.2008331807E+01  4.91026E-06  1.54431E+01
  5.2008331807E+01  5.2012498474E+01  4.28461E-06  1.71372E+01
  5.2012498474E+01  5.2016665141E+01  3.29588E-06  1.95242E+01
  5.2016665141E+01  5.2020831807E+01  2.80591E-06  2.28132E+01
  5.2020831807E+01  5.2024998474E+01  2.14404E-06  2.49098E+01
  5.2024998474E+01  5.2029165141E+01  1.36644E-06  2.85623E+01
  5.2029165141E+01  5.2033331807E+01  1.09019E-06  3.43782E+01
  5.2033331807E+01  5.2037498474E+01  6.49467E-07  3.94548E+01
  5.2037498474E+01  5.2041665141E+01  8.88646E-07  4.14821E+01
  5.2041665141E+01  5.2045831807E+01  6.48534E-07  4.90215E+01
  5.2045831807E+01  5.2049998474E+01  3.37907E-07  6.68896E+01
  5.2049998474E+01  5.2054165141E+01  1.34009E-07  7.00059E+01
  5.2054165141E+01  5.2058331807E+01  1.45541E-07  7.07652E+01
  5.2058331807E+01  5.2062498474E+01  1.72749E-07  7.35517E+01
  5.2062498474E+01  5.2066665141E+01  2.32075E-07  7.75896E+01
  5.2066665141E+01  5.2070831807E+01  1.60132E-07  7.11533E+01
  5.2070831807E+01  5.2074998474E+01  7.63662E-08  8.19696E+01
  5.2074998474E+01  5.2079165141E+01  1.03753E-07  6.78903E+01
  5.2079165141E+01  5.2083331807E+01  1.22108E-07  6.67830E+01
  5.2083331807E+01  5.2087498474E+01  1.13494E-07  8.25149E+01
  5.2087498474E+01  5.2091665141E+01  1.22887E-07  8.84898E+01
  5.2091665141E+01  5.2095831807E+01  1.67360E-07  9.14751E+01
  5.2095831807E+01  5.2099998474E+01  1.51143E-07  8.95632E+01
  5.2099998474E+01  5.2104165141E+01  1.59454E-08  5.50308E+01
  5.2104165141E+01  5.2108331807E+01  1.52688E-08  4.52271E+01
  5.2108331807E+01  5.2112498474E+01  1.42285E-08  6.39593E+01
  5.2112498474E+01  5.2116665141E+01  1.37249E-08  7.05100E+01
  5.2116665141E+01  5.2120831807E+01  1.37249E-08  6.56256E+01
  5.2120831807E+01  5.2124998474E+01  1.92264E-08  4.97010E+01
  5.2124998474E+01  5.2129165141E+01  1.74874E-08  4.34173E+01
  5.2129165141E+01  5.2133331807E+01  1.58111E-08  4.75669E+01
  5.2133331807E+01  5.2137498474E+01  1.58036E-08  4.97889E+01
  5.2137498474E+01  5.2141665141E+01  2.30439E-08  5.58235E+01
  5.2141665141E+01  5.2145831807E+01  4.71679E-09  8.30350E+01
  5.2145831807E+01  5.2149998474E+01  4.71679E-09  8.30350E+01
  5.2149998474E+01  5.2154165141E+01  5.54712E-09  7.74852E+01
  5.2154165141E+01  5.2158331807E+01  1.53908E-08  6.04923E+01
  5.2158331807E+01  5.2162498474E+01  7.89140E-09  8.92543E+01
  5.2162498474E+01  5.2166665141E+01  7.89140E-09  8.70209E+01
  5.2166665141E+01  5.2170831807E+01  7.89233E-09  5.74201E+01
  5.2170831807E+01  5.2174998474E+01  7.89140E-09  6.50355E+01
  5.2174998474E+01  5.2179165141E+01  7.25598E-09  8.83933E+01
  5.2179165141E+01  5.2183331807E+01  9.06571E-10  1.00000E+02
  5.2183331807E+01  5.2187498474E+01  9.06571E-10  1.00000E+02
  5.2187498474E+01  5.2191665141E+01  9.06571E-10  1.00000E+02
  5.2191665141E+01  5.2195831807E+01  9.06571E-10  1.00000E+02
  5.2195831807E+01  5.2199998474E+01  9.06571E-10  1.00000E+02
  5.2199998474E+01  5.2204165141E+01  9.06571E-10  1.00000E+02
  5.2204165141E+01  5.2208331807E+01  9.06571E-10  1.00000E+02
  5.2208331807E+01  5.2212498474E+01  9.06571E-10  1.00000E+02
  5.2212498474E+01  5.2216665141E+01  9.06571E-10  1.00000E+02
  5.2216665141E+01  5.2220831807E+01  1.47447E-09  7.25520E+01
  5.2220831807E+01  5.2224998474E+01  2.81928E-09  7.50787E+01
  5.2224998474E+01  5.2229165141E+01  2.81928E-09  7.50787E+01
  5.2229165141E+01  5.2233331807E+01  2.81928E-09  7.50787E+01
  5.2233331807E+01  5.2237498474E+01  2.81928E-09  7.50787E+01
  5.2237498474E+01  5.2241665141E+01  2.81928E-09  7.50787E+01
  5.2241665141E+01  5.2245831807E+01  2.81928E-09  7.50787E+01
  5.2245831807E+01  5.2249998474E+01  2.81928E-09  7.50787E+01
  5.2249998474E+01  5.2254165141E+01  2.44603E-08  7.12037E+01
  5.2254165141E+01  5.2258331807E+01  2.71978E-08  8.64781E+01
  5.2258331807E+01  5.2262498474E+01  8.47455E-09  5.04142E+01
  5.2262498474E+01  5.2266665141E+01  8.47455E-09  6.19260E+01
  5.2266665141E+01  5.2270831807E+01  6.63430E-09  5.50986E+01
  5.2270831807E+01  5.2274998474E+01  2.22365E-07  9.74155E+01
  5.2274998474E+01  5.2279165141E+01  6.37040E-09  5.95211E+01
  5.2279165141E+01  5.2283331807E+01  6.37040E-09  4.77813E+01
  5.2283331807E+01  5.2287498474E+01  6.76417E-09  5.87447E+01
  5.2287498474E+01  5.2291665141E+01  6.97645E-09  5.45254E+01
  5.2291665141E+01  5.2295831807E+01  6.97645E-09  5.53681E+01
  5.2295831807E+01  5.2299998474E+01  5.89415E-09  6.19162E+01
  5.2299998474E+01  5.2304165141E+01  4.89377E-09  6.19340E+01
  5.2304165141E+01  5.2308331807E+01  6.56690E-09  7.18508E+01
  5.2308331807E+01  5.2312498474E+01  6.84249E-09  6.91287E+01
  5.2312498474E+01  5.2316665141E+01  6.71598E-09  8.19163E+01
  5.2316665141E+01  5.2320831807E+01  0.00000E+00  0.00000E+00
  5.2320831807E+01  5.2324998474E+01  7.65740E-15  1.00000E+02
  5.2324998474E+01  5.2329165141E+01  0.00000E+00  0.00000E+00
  5.2329165141E+01  5.2333331807E+01  6.26343E-11  1.00000E+02
  5.2333331807E+01  5.2337498474E+01  1.20249E-09  1.00000E+02
  5.2337498474E+01  5.2341665141E+01  4.13457E-09  1.00000E+02
  5.2341665141E+01  5.2345831807E+01  1.03062E-08  5.83701E+01
  5.2345831807E+01  5.2349998474E+01  1.84348E-08  8.59089E+01
  5.2349998474E+01  5.2354165141E+01  2.78263E-09  1.00000E+02
  5.2354165141E+01  5.2358331807E+01  2.78263E-09  1.00000E+02
  5.2358331807E+01  5.2362498474E+01  2.78263E-09  9.89618E+01
  5.2362498474E+01  5.2366665141E+01  2.78263E-09  8.78669E+01
  5.2366665141E+01  5.2370831807E+01  2.78263E-09  1.00000E+02
  5.2370831807E+01  5.2374998474E+01  2.78263E-09  1.00000E+02
  5.2374998474E+01  5.2379165141E+01  2.78263E-09  8.50531E+01
  5.2379165141E+01  5.2383331807E+01  2.78263E-09  1.00000E+02
  5.2383331807E+01  5.2387498474E+01  2.78263E-09  7.23333E+01
  5.2387498474E+01  5.2391665141E+01  2.78263E-09  1.00000E+02
  5.2391665141E+01  5.2395831807E+01  2.78263E-09  7.50994E+01
  5.2395831807E+01  5.2399998474E+01  2.78263E-09  1.00000E+02
  5.2399998474E+01  5.2404165141E+01  2.78263E-09  1.00000E+02
  5.2404165141E+01  5.2408331807E+01  2.78263E-09  1.00000E+02
  5.2408331807E+01  5.2412498474E+01  2.66209E-07  9.89571E+01
  5.2412498474E+01  5.2416665141E+01  5.01953E-08  9.46189E+01
  5.2416665141E+01  5.2420831807E+01  2.78263E-09  1.00000E+02
  5.2420831807E+01  5.2424998474E+01  2.78263E-09  1.00000E+02
  5.2424998474E+01  5.2429165141E+01  2.78263E-09  7.31266E+01
  5.2429165141E+01  5.2433331807E+01  2.78263E-09  7.12320E+01
  5.2433331807E+01  5.2437498474E+01  3.47507E-07  9.92025E+01
  5.2437498474E+01  5.2441665141E+01  2.78263E-09  1.00000E+02
  5.2441665141E+01  5.2445831807E+01  2.78263E-09  8.15427E+01
  5.2445831807E+01  5.2449998474E+01  2.78263E-09  1.00000E+02
  5.2449998474E+01  5.2454165141E+01  2.78263E-09  1.00000E+02
  5.2454165141E+01  5.2458331807E+01  1.95986E-08  8.68852E+01
  5.2458331807E+01  5.2462498474E+01  2.78263E-09  9.44257E+01
  5.2462498474E+01  5.2466665141E+01  2.78263E-09  1.00000E+02
  5.2466665141E+01  5.2470831807E+01  2.78263E-09  1.00000E+02
  5.2470831807E+01  5.2474998474E+01  2.78263E-09  9.07442E+01
  5.2474998474E+01  5.2479165141E+01  2.78263E-09  7.07381E+01
  5.2479165141E+01  5.2483331807E+01  5.72987E-09  1.00000E+02
  5.2483331807E+01  5.2487498474E+01  1.43981E-08  8.17354E+01
  5.2487498474E+01  5.2491665141E+01  1.43981E-08  5.96355E+01
  5.2491665141E+01  5.2495831807E+01  1.40120E-08  5.44344E+01
  5.2495831807E+01  5.2499998474E+01  1.22283E-08  7.07839E+01
  5.2499998474E+01  5.2504165141E+01  6.39256E-09  1.00000E+02
  5.2504165141E+01  5.2508331807E+01  1.12097E-08  5.90553E+01
  5.2508331807E+01  5.2512498474E+01  1.89739E-08  7.43771E+01
  5.2512498474E+01  5.2516665141E+01  2.40956E-08  8.67232E+01
  5.2516665141E+01  5.2520831807E+01  0.00000E+00  0.00000E+00
  5.2520831807E+01  5.2524998474E+01  3.27824E-08  1.00000E+02
  5.2524998474E+01  5.2529165141E+01  1.37436E-07  6.18432E+01
  5.2529165141E+01  5.2533331807E+01  1.78686E-07  7.15636E+01
  5.2533331807E+01  5.2537498474E+01  2.25756E-07  7.30888E+01
  5.2537498474E+01  5.2541665141E+01  2.78564E-07  7.46843E+01
  5.2541665141E+01  5.2545831807E+01  1.02628E-07  1.00000E+02
  5.2545831807E+01  5.2549998474E+01  1.38992E-07  8.03447E+01
  5.2549998474E+01  5.2554165141E+01  2.15321E-07  1.00000E+02
  5.2554165141E+01  5.2558331807E+01  0.00000E+00  0.00000E+00
  5.2558331807E+01  5.2562498474E+01  0.00000E+00  0.00000E+00
  5.2562498474E+01  5.2566665141E+01  0.00000E+00  0.00000E+00
  5.2566665141E+01  5.2570831807E+01  0.00000E+00  0.00000E+00
  5.2570831807E+01  5.2574998474E+01  0.00000E+00  0.00000E+00
  5.2574998474E+01  5.2579165141E+01  0.00000E+00  0.00000E+00
  5.2579165141E+01  5.2583331807E+01  0.00000E+00  0.00000E+00
  5.2583331807E+01  5.2587498474E+01  0.00000E+00  0.00000E+00
  5.2587498474E+01  5.2591665141E+01  0.00000E+00  0.00000E+00
  5.2591665141E+01  5.2595831807E+01  0.00000E+00  0.00000E+00
  5.2595831807E+01  5.2599998474E+01  0.00000E+00  0.00000E+00
  5.2599998474E+01  5.2604165141E+01  0.00000E+00  0.00000E+00
  5.2604165141E+01  5.2608331807E+01  0.00000E+00  0.00000E+00
  5.2608331807E+01  5.2612498474E+01  0.00000E+00  0.00000E+00
  5.2612498474E+01  5.2616665141E+01  0.00000E+00  0.00000E+00
  5.2616665141E+01  5.2620831807E+01  0.00000E+00  0.00000E+00
  5.2620831807E+01  5.2624998474E+01  0.00000E+00  0.00000E+00
  5.2624998474E+01  5.2629165141E+01  0.00000E+00  0.00000E+00
  5.2629165141E+01  5.2633331807E+01  0.00000E+00  0.00000E+00
  5.2633331807E+01  5.2637498474E+01  0.00000E+00  0.00000E+00
  5.2637498474E+01  5.2641665141E+01  0.00000E+00  0.00000E+00
  5.2641665141E+01  5.2645831807E+01  0.00000E+00  0.00000E+00
  5.2645831807E+01  5.2649998474E+01  0.00000E+00  0.00000E+00
  5.2649998474E+01  5.2654165141E+01  0.00000E+00  0.00000E+00
  5.2654165141E+01  5.2658331807E+01  0.00000E+00  0.00000E+00
  5.2658331807E+01  5.2662498474E+01  0.00000E+00  0.00000E+00
  5.2662498474E+01  5.2666665141E+01  0.00000E+00  0.00000E+00
  5.2666665141E+01  5.2670831807E+01  0.00000E+00  0.00000E+00
  5.2670831807E+01  5.2674998474E+01  0.00000E+00  0.00000E+00
  5.2674998474E+01  5.2679165141E+01  0.00000E+00  0.00000E+00
  5.2679165141E+01  5.2683331807E+01  0.00000E+00  0.00000E+00
  5.2683331807E+01  5.2687498474E+01  0.00000E+00  0.00000E+00
  5.2687498474E+01  5.2691665141E+01  2.64853E-08  1.00000E+02
  5.2691665141E+01  5.2695831807E+01  0.00000E+00  0.00000E+00
  5.2695831807E+01  5.2699998474E+01  0.00000E+00  0.00000E+00
  5.2699998474E+01  5.2704165141E+01  0.00000E+00  0.00000E+00
  5.2704165141E+01  5.2708331807E+01  0.00000E+00  0.00000E+00
  5.2708331807E+01  5.2712498474E+01  0.00000E+00  0.00000E+00
  5.2712498474E+01  5.2716665141E+01  1.83587E-07  1.00000E+02
  5.2716665141E+01  5.2720831807E+01  0.00000E+00  0.00000E+00
  5.2720831807E+01  5.2724998474E+01  0.00000E+00  0.00000E+00
  5.2724998474E+01  5.2729165141E+01  0.00000E+00  0.00000E+00
  5.2729165141E+01  5.2733331807E+01  0.00000E+00  0.00000E+00
  5.2733331807E+01  5.2737498474E+01  0.00000E+00  0.00000E+00
  5.2737498474E+01  5.2741665141E+01  0.00000E+00  0.00000E+00
  5.2741665141E+01  5.2745831807E+01  0.00000E+00  0.00000E+00
  5.2745831807E+01  5.2749998474E+01  0.00000E+00  0.00000E+00
  5.2749998474E+01  5.2754165141E+01  0.00000E+00  0.00000E+00
  5.2754165141E+01  5.2758331807E+01  0.00000E+00  0.00000E+00
  5.2758331807E+01  5.2762498474E+01  0.00000E+00  0.00000E+00
  5.2762498474E+01  5.2766665141E+01  0.00000E+00  0.00000E+00
  5.2766665141E+01  5.2770831807E+01  0.00000E+00  0.00000E+00
  5.2770831807E+01  5.2774998474E+01  7.22516E-10  1.00000E+02
  5.2774998474E+01  5.2779165141E+01  1.90976E-09  1.00000E+02
  5.2779165141E+01  5.2783331807E+01  1.90976E-09  1.00000E+02
  5.2783331807E+01  5.2787498474E+01  1.90976E-09  7.90452E+01
  5.2787498474E+01  5.2791665141E+01  1.90976E-09  1.00000E+02
  5.2791665141E+01  5.2795831807E+01  1.90976E-09  1.00000E+02
  5.2795831807E+01  5.2799998474E+01  1.90976E-09  1.00000E+02
  5.2799998474E+01  5.2804165141E+01  1.90976E-09  1.00000E+02
  5.2804165141E+01  5.2808331807E+01  1.90976E-09  1.00000E+02
  5.2808331807E+01  5.2812498474E+01  1.90976E-09  7.45701E+01
  5.2812498474E+01  5.2816665141E+01  1.90976E-09  1.00000E+02
  5.2816665141E+01  5.2820831807E+01  1.90976E-09  1.00000E+02
  5.2820831807E+01  5.2824998474E+01  1.90976E-09  1.00000E+02
  5.2824998474E+01  5.2829165141E+01  1.90976E-09  1.00000E+02
  5.2829165141E+01  5.2833331807E+01  1.72085E-09  1.00000E+02
  5.2833331807E+01  5.2837498474E+01  1.68566E-09  9.62792E+01
  5.2837498474E+01  5.2841665141E+01  1.68566E-09  1.00000E+02
  5.2841665141E+01  5.2845831807E+01  1.68566E-09  1.00000E+02
  5.2845831807E+01  5.2849998474E+01  3.80928E-09  7.11765E+01
  5.2849998474E+01  5.2854165141E+01  3.89687E-09  7.13508E+01
  5.2854165141E+01  5.2858331807E+01  3.89687E-09  7.13508E+01
  5.2858331807E+01  5.2862498474E+01  3.89687E-09  5.94156E+01
  5.2862498474E+01  5.2866665141E+01  3.55945E-09  7.08094E+01
  5.2866665141E+01  5.2870831807E+01  3.39662E-09  7.07126E+01
  5.2870831807E+01  5.2874998474E+01  3.69099E-09  6.55599E+01
  5.2874998474E+01  5.2879165141E+01  1.40314E-07  9.65451E+01
  5.2879165141E+01  5.2883331807E+01  4.85859E-09  5.76932E+01
  5.2883331807E+01  5.2887498474E+01  1.05625E-08  5.97435E+01
  5.2887498474E+01  5.2891665141E+01  5.48632E-08  9.12587E+01
  5.2891665141E+01  5.2895831807E+01  5.58098E-08  8.97831E+01
  5.2895831807E+01  5.2899998474E+01  6.05723E-08  8.97253E+01
  5.2899998474E+01  5.2904165141E+01  6.24402E-08  9.05695E+01
  5.2904165141E+01  5.2908331807E+01  6.67435E-08  8.58607E+01
  5.2908331807E+01  5.2912498474E+01  7.44069E-08  7.91256E+01
  5.2912498474E+01  5.2916665141E+01  6.76451E-08  6.78754E+01
  5.2916665141E+01  5.2920831807E+01  7.34551E-08  9.56763E+01
  5.2920831807E+01  5.2924998474E+01  7.72809E-08  9.58842E+01
  5.2924998474E+01  5.2929165141E+01  9.96250E-08  8.01411E+01
  5.2929165141E+01  5.2933331807E+01  1.04310E-07  8.47728E+01
  5.2933331807E+01  5.2937498474E+01  1.12307E-07  8.65729E+01
  5.2937498474E+01  5.2941665141E+01  1.09824E-08  5.27544E+01
  5.2941665141E+01  5.2945831807E+01  3.42113E-09  7.13632E+01
  5.2945831807E+01  5.2949998474E+01  3.48894E-09  7.15330E+01
  5.2949998474E+01  5.2954165141E+01  4.30222E-09  7.40950E+01
  5.2954165141E+01  5.2958331807E+01  1.94523E-08  9.27154E+01
  5.2958331807E+01  5.2962498474E+01  1.47765E-09  1.00000E+02
  5.2962498474E+01  5.2966665141E+01  1.47765E-09  7.07674E+01
  5.2966665141E+01  5.2970831807E+01  3.21387E-08  9.23699E+01
  5.2970831807E+01  5.2974998474E+01  1.47765E-09  1.00000E+02
  5.2974998474E+01  5.2979165141E+01  1.47765E-09  1.00000E+02
  5.2979165141E+01  5.2983331807E+01  1.47765E-09  1.00000E+02
  5.2983331807E+01  5.2987498474E+01  1.78660E-09  8.44959E+01
  5.2987498474E+01  5.2991665141E+01  2.80504E-09  7.08121E+01
  5.2991665141E+01  5.2995831807E+01  3.26731E-09  6.24180E+01
  5.2995831807E+01  5.2999998474E+01  4.03614E-09  5.78989E+01
  5.2999998474E+01  5.3004165141E+01  4.03614E-09  5.78989E+01
  5.3004165141E+01  5.3008331807E+01  1.26482E-08  7.01551E+01
  5.3008331807E+01  5.3012498474E+01  4.03614E-09  5.78989E+01
  5.3012498474E+01  5.3016665141E+01  4.03614E-09  5.78989E+01
  5.3016665141E+01  5.3020831807E+01  4.74961E-09  5.14436E+01
  5.3020831807E+01  5.3024998474E+01  7.56722E-09  5.55439E+01
  5.3024998474E+01  5.3029165141E+01  1.18349E-08  5.26178E+01
  5.3029165141E+01  5.3033331807E+01  1.18349E-08  5.04539E+01
  5.3033331807E+01  5.3037498474E+01  1.18349E-08  5.72404E+01
  5.3037498474E+01  5.3041665141E+01  1.18349E-08  4.41155E+01
  5.3041665141E+01  5.3045831807E+01  8.68195E-09  4.58071E+01
  5.3045831807E+01  5.3049998474E+01  8.46994E-09  4.73116E+01
  5.3049998474E+01  5.3054165141E+01  8.46994E-09  4.73116E+01
  5.3054165141E+01  5.3058331807E+01  2.53844E-08  6.84778E+01
  5.3058331807E+01  5.3062498474E+01  1.21717E-08  3.66208E+01
  5.3062498474E+01  5.3066665141E+01  1.06482E-08  4.18071E+01
  5.3066665141E+01  5.3070831807E+01  1.24544E-08  3.98804E+01
  5.3070831807E+01  5.3074998474E+01  1.27120E-08  4.05069E+01
  5.3074998474E+01  5.3079165141E+01  1.28753E-08  3.96127E+01
  5.3079165141E+01  5.3083331807E+01  2.16381E-08  4.30452E+01
  5.3083331807E+01  5.3087498474E+01  4.87239E-08  5.47076E+01
  5.3087498474E+01  5.3091665141E+01  2.18940E-08  4.21347E+01
  5.3091665141E+01  5.3095831807E+01  2.23361E-08  4.33205E+01
  5.3095831807E+01  5.3099998474E+01  1.85727E-08  4.03605E+01
  5.3099998474E+01  5.3104165141E+01  1.16281E-08  3.97472E+01
  5.3104165141E+01  5.3108331807E+01  1.16281E-08  4.19682E+01
  5.3108331807E+01  5.3112498474E+01  2.39482E-08  5.58495E+01
  5.3112498474E+01  5.3116665141E+01  5.26208E-09  4.93210E+01
  5.3116665141E+01  5.3120831807E+01  5.26208E-09  5.05776E+01
  5.3120831807E+01  5.3124998474E+01  5.26208E-09  5.05776E+01
  5.3124998474E+01  5.3129165141E+01  5.54111E-09  5.02078E+01
  5.3129165141E+01  5.3133331807E+01  5.63409E-09  4.71060E+01
  5.3133331807E+01  5.3137498474E+01  5.63409E-09  4.77192E+01
  5.3137498474E+01  5.3141665141E+01  5.63409E-09  5.06319E+01
  5.3141665141E+01  5.3145831807E+01  5.61183E-09  5.06284E+01
  5.3145831807E+01  5.3149998474E+01  5.20603E-09  5.10230E+01
  5.3149998474E+01  5.3154165141E+01  5.20603E-09  5.10230E+01
  5.3154165141E+01  5.3158331807E+01  1.41523E-07  9.63378E+01
  5.3158331807E+01  5.3162498474E+01  2.75781E-07  9.81170E+01
  5.3162498474E+01  5.3166665141E+01  4.26922E-09  4.72031E+01
  5.3166665141E+01  5.3170831807E+01  3.67995E-09  5.90805E+01
  5.3170831807E+01  5.3174998474E+01  3.67995E-09  5.90805E+01
  5.3174998474E+01  5.3179165141E+01  3.67995E-09  5.90805E+01
  5.3179165141E+01  5.3183331807E+01  2.81234E-09  5.84036E+01
  5.3183331807E+01  5.3187498474E+01  2.07682E-09  7.07148E+01
  5.3187498474E+01  5.3191665141E+01  2.07682E-09  7.07148E+01
  5.3191665141E+01  5.3195831807E+01  2.07682E-09  7.07148E+01
  5.3195831807E+01  5.3199998474E+01  2.07682E-09  7.07148E+01
  5.3199998474E+01  5.3204165141E+01  2.07682E-09  7.07148E+01
  5.3204165141E+01  5.3208331807E+01  2.07682E-09  7.07148E+01
  5.3208331807E+01  5.3212498474E+01  5.43324E-08  9.62155E+01
  5.3212498474E+01  5.3216665141E+01  2.07682E-09  7.07148E+01
  5.3216665141E+01  5.3220831807E+01  2.07682E-09  6.13397E+01
  5.3220831807E+01  5.3224998474E+01  2.07682E-09  7.07148E+01
  5.3224998474E+01  5.3229165141E+01  2.07682E-09  7.04828E+01
  5.3229165141E+01  5.3233331807E+01  2.07682E-09  7.07148E+01
  5.3233331807E+01  5.3237498474E+01  2.07682E-09  6.65029E+01
  5.3237498474E+01  5.3241665141E+01  2.07682E-09  7.07148E+01
  5.3241665141E+01  5.3245831807E+01  2.07682E-09  7.07148E+01
  5.3245831807E+01  5.3249998474E+01  2.07682E-09  7.07148E+01
  5.3249998474E+01  5.3254165141E+01  2.07682E-09  7.07148E+01
  5.3254165141E+01  5.3258331807E+01  2.07682E-09  7.07148E+01
  5.3258331807E+01  5.3262498474E+01  2.07682E-09  7.07148E+01
  5.3262498474E+01  5.3266665141E+01  2.07682E-09  7.07148E+01
  5.3266665141E+01  5.3270831807E+01  2.07682E-09  7.07148E+01
  5.3270831807E+01  5.3274998474E+01  2.07682E-09  7.07148E+01
  5.3274998474E+01  5.3279165141E+01  2.07682E-09  7.07148E+01
  5.3279165141E+01  5.3283331807E+01  2.07682E-09  7.07148E+01
  5.3283331807E+01  5.3287498474E+01  2.07682E-09  7.07148E+01
  5.3287498474E+01  5.3291665141E+01  2.07682E-09  7.07148E+01
  5.3291665141E+01  5.3295831807E+01  2.07682E-09  7.07148E+01
  5.3295831807E+01  5.3299998474E+01  1.35667E-09  8.06081E+01
  5.3299998474E+01  5.3304165141E+01  1.04958E-09  1.00000E+02
  5.3304165141E+01  5.3308331807E+01  1.04958E-09  1.00000E+02
  5.3308331807E+01  5.3312498474E+01  1.04958E-09  1.00000E+02
  5.3312498474E+01  5.3316665141E+01  1.04959E-09  9.99995E+01
  5.3316665141E+01  5.3320831807E+01  1.04958E-09  7.99314E+01
  5.3320831807E+01  5.3324998474E+01  1.04958E-09  1.00000E+02
  5.3324998474E+01  5.3329165141E+01  1.04959E-09  9.99999E+01
  5.3329165141E+01  5.3333331807E+01  1.04959E-09  9.99999E+01
  5.3333331807E+01  5.3337498474E+01  5.71383E-08  9.81803E+01
  5.3337498474E+01  5.3341665141E+01  8.14620E-08  9.87200E+01
  5.3341665141E+01  5.3345831807E+01  8.39750E-08  9.87580E+01
  5.3345831807E+01  5.3349998474E+01  1.05470E-07  9.90099E+01
  5.3349998474E+01  5.3354165141E+01  1.18139E-07  9.91155E+01
  5.3354165141E+01  5.3358331807E+01  1.81005E-07  9.94218E+01
  5.3358331807E+01  5.3362498474E+01  1.39977E-07  9.92530E+01
  5.3362498474E+01  5.3366665141E+01  1.04958E-09  1.00000E+02
  5.3366665141E+01  5.3370831807E+01  1.04958E-09  8.59833E+01
  5.3370831807E+01  5.3374998474E+01  1.04959E-09  9.99997E+01
  5.3374998474E+01  5.3379165141E+01  1.04958E-09  1.00000E+02
  5.3379165141E+01  5.3383331807E+01  1.04958E-09  1.00000E+02
  5.3383331807E+01  5.3387498474E+01  2.02888E-07  9.94840E+01
  5.3387498474E+01  5.3391665141E+01  1.04958E-09  1.00000E+02
  5.3391665141E+01  5.3395831807E+01  1.04958E-09  1.00000E+02
  5.3395831807E+01  5.3399998474E+01  1.04958E-09  1.00000E+02
  5.3399998474E+01  5.3404165141E+01  1.04958E-09  1.00000E+02
  5.3404165141E+01  5.3408331807E+01  1.04959E-09  1.00000E+02
  5.3408331807E+01  5.3412498474E+01  1.04958E-09  7.08695E+01
  5.3412498474E+01  5.3416665141E+01  1.04958E-09  1.00000E+02
  5.3416665141E+01  5.3420831807E+01  1.04958E-09  1.00000E+02
  5.3420831807E+01  5.3424998474E+01  1.03372E-09  1.00000E+02
  5.3424998474E+01  5.3429165141E+01  1.02946E-09  9.99999E+01
  5.3429165141E+01  5.3433331807E+01  1.02946E-09  1.00000E+02
  5.3433331807E+01  5.3437498474E+01  1.02946E-09  1.00000E+02
  5.3437498474E+01  5.3441665141E+01  1.02946E-09  1.00000E+02
  5.3441665141E+01  5.3445831807E+01  1.02946E-09  9.99997E+01
  5.3445831807E+01  5.3449998474E+01  1.02946E-09  1.00000E+02
  5.3449998474E+01  5.3454165141E+01  1.02946E-09  1.00000E+02
  5.3454165141E+01  5.3458331807E+01  1.02946E-09  1.00000E+02
  5.3458331807E+01  5.3462498474E+01  1.02946E-09  1.00000E+02
  5.3462498474E+01  5.3466665141E+01  1.02946E-09  1.00000E+02
  5.3466665141E+01  5.3470831807E+01  1.02946E-09  1.00000E+02
  5.3470831807E+01  5.3474998474E+01  1.02946E-09  1.00000E+02
  5.3474998474E+01  5.3479165141E+01  1.30378E-09  1.00000E+02
  5.3479165141E+01  5.3483331807E+01  1.39547E-09  1.00000E+02
  5.3483331807E+01  5.3487498474E+01  1.39547E-09  1.00000E+02
  5.3487498474E+01  5.3491665141E+01  1.39547E-09  8.64838E+01
  5.3491665141E+01  5.3495831807E+01  1.39547E-09  1.00000E+02
  5.3495831807E+01  5.3499998474E+01  1.39547E-09  1.00000E+02
  5.3499998474E+01  5.3504165141E+01  1.39547E-09  1.00000E+02
  5.3504165141E+01  5.3508331807E+01  1.39548E-09  9.99990E+01
  5.3508331807E+01  5.3512498474E+01  1.39547E-09  1.00000E+02
  5.3512498474E+01  5.3516665141E+01  1.39547E-09  1.00000E+02
  5.3516665141E+01  5.3520831807E+01  1.39547E-09  1.00000E+02
  5.3520831807E+01  5.3524998474E+01  1.39547E-09  1.00000E+02
  5.3524998474E+01  5.3529165141E+01  1.39547E-09  1.00000E+02
  5.3529165141E+01  5.3533331807E+01  1.39547E-09  1.00000E+02
  5.3533331807E+01  5.3537498474E+01  1.39547E-09  7.17331E+01
  5.3537498474E+01  5.3541665141E+01  1.39547E-09  1.00000E+02
  5.3541665141E+01  5.3545831807E+01  1.39547E-09  7.15292E+01
  5.3545831807E+01  5.3549998474E+01  2.02780E-09  7.55523E+01
  5.3549998474E+01  5.3554165141E+01  2.74055E-09  7.07226E+01
  5.3554165141E+01  5.3558331807E+01  2.74055E-09  6.41857E+01
  5.3558331807E+01  5.3562498474E+01  2.74055E-09  7.07226E+01
  5.3562498474E+01  5.3566665141E+01  2.74055E-09  7.07226E+01
  5.3566665141E+01  5.3570831807E+01  2.74055E-09  7.07226E+01
  5.3570831807E+01  5.3574998474E+01  2.74055E-09  7.07226E+01
  5.3574998474E+01  5.3579165141E+01  2.74055E-09  7.07226E+01
  5.3579165141E+01  5.3583331807E+01  2.74055E-09  7.07226E+01
  5.3583331807E+01  5.3587498474E+01  2.74055E-09  6.99021E+01
  5.3587498474E+01  5.3591665141E+01  2.74055E-09  7.07226E+01
  5.3591665141E+01  5.3595831807E+01  2.74055E-09  7.07226E+01
  5.3595831807E+01  5.3599998474E+01  2.74055E-09  7.07226E+01
  5.3599998474E+01  5.3604165141E+01  2.74055E-09  6.66668E+01
  5.3604165141E+01  5.3608331807E+01  2.74055E-09  7.07226E+01
  5.3608331807E+01  5.3612498474E+01  2.74055E-09  7.07226E+01
  5.3612498474E+01  5.3616665141E+01  2.74055E-09  7.07226E+01
  5.3616665141E+01  5.3620831807E+01  2.74055E-09  7.07226E+01
  5.3620831807E+01  5.3624998474E+01  2.74055E-09  7.07226E+01
  5.3624998474E+01  5.3629165141E+01  3.33460E-09  6.07924E+01
  5.3629165141E+01  5.3633331807E+01  4.03098E-09  5.23575E+01
  5.3633331807E+01  5.3637498474E+01  4.03098E-09  5.77644E+01
  5.3637498474E+01  5.3641665141E+01  4.22240E-09  5.53318E+01
  5.3641665141E+01  5.3645831807E+01  5.23492E-09  4.73822E+01
  5.3645831807E+01  5.3649998474E+01  5.23492E-09  4.84736E+01
  5.3649998474E+01  5.3654165141E+01  5.23492E-09  5.00735E+01
  5.3654165141E+01  5.3658331807E+01  5.23492E-09  5.00735E+01
  5.3658331807E+01  5.3662498474E+01  5.23492E-09  5.00735E+01
  5.3662498474E+01  5.3666665141E+01  5.23492E-09  5.00735E+01
  5.3666665141E+01  5.3670831807E+01  5.23492E-09  5.00735E+01
  5.3670831807E+01  5.3674998474E+01  5.25280E-09  5.00851E+01
  5.3674998474E+01  5.3679165141E+01  5.25349E-09  4.68098E+01
  5.3679165141E+01  5.3683331807E+01  5.25349E-09  5.00856E+01
  5.3683331807E+01  5.3687498474E+01  5.25349E-09  5.00856E+01
  5.3687498474E+01  5.3691665141E+01  5.25349E-09  5.00856E+01
  5.3691665141E+01  5.3695831807E+01  5.25349E-09  5.00856E+01
  5.3695831807E+01  5.3699998474E+01  4.01880E-09  5.63391E+01
  5.3699998474E+01  5.3704165141E+01  3.90841E-09  5.78613E+01
  5.3704165141E+01  5.3708331807E+01  3.90841E-09  5.78613E+01
  5.3708331807E+01  5.3712498474E+01  3.90841E-09  5.36392E+01
  5.3712498474E+01  5.3716665141E+01  3.90841E-09  5.77314E+01
  5.3716665141E+01  5.3720831807E+01  3.90841E-09  5.78613E+01
  5.3720831807E+01  5.3724998474E+01  3.90841E-09  5.78613E+01
  5.3724998474E+01  5.3729165141E+01  3.90841E-09  5.78613E+01
  5.3729165141E+01  5.3733331807E+01  3.90841E-09  5.78613E+01
  5.3733331807E+01  5.3737498474E+01  3.90841E-09  5.78613E+01
  5.3737498474E+01  5.3741665141E+01  3.90841E-09  5.78613E+01
  5.3741665141E+01  5.3745831807E+01  3.91354E-08  7.64105E+01
  5.3745831807E+01  5.3749998474E+01  9.75749E-09  6.36818E+01
  5.3749998474E+01  5.3754165141E+01  8.67366E-09  6.08121E+01
  5.3754165141E+01  5.3758331807E+01  7.04947E-09  5.49042E+01
  5.3758331807E+01  5.3762498474E+01  7.04947E-09  4.91604E+01
  5.3762498474E+01  5.3766665141E+01  7.04947E-09  5.49042E+01
  5.3766665141E+01  5.3770831807E+01  2.38050E-08  5.04005E+01
  5.3770831807E+01  5.3774998474E+01  3.90841E-09  5.51527E+01
  5.3774998474E+01  5.3779165141E+01  3.90841E-09  5.66299E+01
  5.3779165141E+01  5.3783331807E+01  3.90841E-09  5.78613E+01
  5.3783331807E+01  5.3787498474E+01  3.90841E-09  5.78613E+01
  5.3787498474E+01  5.3791665141E+01  3.90841E-09  5.78613E+01
  5.3791665141E+01  5.3795831807E+01  3.90841E-09  5.20041E+01
  5.3795831807E+01  5.3799998474E+01  4.20737E-09  5.84565E+01
  5.3799998474E+01  5.3804165141E+01  7.51253E-09  5.30462E+01
  5.3804165141E+01  5.3808331807E+01  7.51253E-09  7.08077E+01
  5.3808331807E+01  5.3812498474E+01  7.51253E-09  5.24696E+01
  5.3812498474E+01  5.3816665141E+01  7.52935E-09  7.07041E+01
  5.3816665141E+01  5.3820831807E+01  7.55542E-09  5.26661E+01
  5.3820831807E+01  5.3824998474E+01  8.81416E-09  5.28985E+01
  5.3824998474E+01  5.3829165141E+01  8.86645E-09  4.72318E+01
  5.3829165141E+01  5.3833331807E+01  1.34414E-08  5.31795E+01
  5.3833331807E+01  5.3837498474E+01  3.84830E-09  5.77910E+01
  5.3837498474E+01  5.3841665141E+01  3.84830E-09  5.77910E+01
  5.3841665141E+01  5.3845831807E+01  3.84830E-09  5.77910E+01
  5.3845831807E+01  5.3849998474E+01  3.84830E-09  5.77910E+01
  5.3849998474E+01  5.3854165141E+01  3.84830E-09  5.05176E+01
  5.3854165141E+01  5.3858331807E+01  8.54136E-09  6.08024E+01
  5.3858331807E+01  5.3862498474E+01  3.84830E-09  5.77910E+01
  5.3862498474E+01  5.3866665141E+01  3.84830E-09  5.77910E+01
  5.3866665141E+01  5.3870831807E+01  3.84830E-09  5.77909E+01
  5.3870831807E+01  5.3874998474E+01  3.84830E-09  5.77910E+01
  5.3874998474E+01  5.3879165141E+01  4.54244E-09  5.34693E+01
  5.3879165141E+01  5.3883331807E+01  4.70085E-09  5.91280E+01
  5.3883331807E+01  5.3887498474E+01  4.70085E-09  5.59257E+01
  5.3887498474E+01  5.3891665141E+01  4.70085E-09  5.91280E+01
  5.3891665141E+01  5.3895831807E+01  4.70085E-09  5.91280E+01
  5.3895831807E+01  5.3899998474E+01  4.70086E-09  5.91279E+01
  5.3899998474E+01  5.3904165141E+01  4.70085E-09  5.91280E+01
  5.3904165141E+01  5.3908331807E+01  4.71322E-09  5.10449E+01
  5.3908331807E+01  5.3912498474E+01  4.70085E-09  5.82735E+01
  5.3912498474E+01  5.3916665141E+01  4.70085E-09  5.75933E+01
  5.3916665141E+01  5.3920831807E+01  4.70085E-09  5.91280E+01
  5.3920831807E+01  5.3924998474E+01  4.70085E-09  5.91280E+01
  5.3924998474E+01  5.3929165141E+01  3.87552E-08  8.81626E+01
  5.3929165141E+01  5.3933331807E+01  4.70085E-09  5.91280E+01
  5.3933331807E+01  5.3937498474E+01  4.77982E-09  4.95951E+01
  5.3937498474E+01  5.3941665141E+01  4.70085E-09  5.91280E+01
  5.3941665141E+01  5.3945831807E+01  4.70085E-09  5.91280E+01
  5.3945831807E+01  5.3949998474E+01  5.66784E-09  5.19015E+01
  5.3949998474E+01  5.3954165141E+01  4.70085E-09  5.13347E+01
  5.3954165141E+01  5.3958331807E+01  4.70085E-09  5.91280E+01
  5.3958331807E+01  5.3962498474E+01  4.70085E-09  5.91280E+01
  5.3962498474E+01  5.3966665141E+01  4.70085E-09  5.15596E+01
  5.3966665141E+01  5.3970831807E+01  4.70085E-09  5.91280E+01
  5.3970831807E+01  5.3974998474E+01  4.70085E-09  5.54582E+01
  5.3974998474E+01  5.3979165141E+01  1.75861E-08  7.49548E+01
  5.3979165141E+01  5.3983331807E+01  3.81132E-08  8.79689E+01
  5.3983331807E+01  5.3987498474E+01  3.81132E-08  8.79689E+01
  5.3987498474E+01  5.3991665141E+01  3.81132E-08  6.25895E+01
  5.3991665141E+01  5.3995831807E+01  3.81132E-08  8.78676E+01
  5.3995831807E+01  5.3999998474E+01  4.07939E-08  8.76744E+01
  5.3999998474E+01  5.4004165141E+01  4.47951E-08  8.83108E+01
  5.4004165141E+01  5.4008331807E+01  4.42158E-08  8.93870E+01
  5.4008331807E+01  5.4012498474E+01  4.20646E-08  9.38189E+01
  5.4012498474E+01  5.4016665141E+01  4.25754E-08  9.38918E+01
  5.4016665141E+01  5.4020831807E+01  4.39824E-08  9.40838E+01
  5.4020831807E+01  5.4024998474E+01  4.39824E-08  9.40611E+01
  5.4024998474E+01  5.4029165141E+01  4.39824E-08  9.40838E+01
  5.4029165141E+01  5.4033331807E+01  4.53842E-08  9.42406E+01
  5.4033331807E+01  5.4037498474E+01  4.54580E-08  9.42726E+01
  5.4037498474E+01  5.4041665141E+01  4.72671E-08  9.44883E+01
  5.4041665141E+01  5.4045831807E+01  5.38699E-08  9.51545E+01
  5.4045831807E+01  5.4049998474E+01  5.38699E-08  9.51397E+01
  5.4049998474E+01  5.4054165141E+01  5.69031E-08  9.54095E+01
  5.4054165141E+01  5.4058331807E+01  5.74243E-08  9.54370E+01
  5.4058331807E+01  5.4062498474E+01  6.08019E-08  9.57003E+01
  5.4062498474E+01  5.4066665141E+01  6.07546E-08  9.56970E+01
  5.4066665141E+01  5.4070831807E+01  6.54197E-08  9.60004E+01
  5.4070831807E+01  5.4074998474E+01  7.84152E-08  9.66572E+01
  5.4074998474E+01  5.4079165141E+01  8.47972E-08  8.52485E+01
  5.4079165141E+01  5.4083331807E+01  9.20486E-08  9.73162E+01
  5.4083331807E+01  5.4087498474E+01  1.14400E-07  9.79069E+01
  5.4087498474E+01  5.4091665141E+01  1.50340E-07  9.84052E+01
  5.4091665141E+01  5.4095831807E+01  1.77462E-07  9.86472E+01
  5.4095831807E+01  5.4099998474E+01  2.41211E-09  7.08569E+01
  5.4099998474E+01  5.4104165141E+01  2.40756E-09  7.09908E+01
  5.4104165141E+01  5.4108331807E+01  2.40756E-09  7.09908E+01
  5.4108331807E+01  5.4112498474E+01  2.40756E-09  7.09908E+01
  5.4112498474E+01  5.4116665141E+01  2.40756E-09  7.09908E+01
  5.4116665141E+01  5.4120831807E+01  2.40756E-09  7.09908E+01
  5.4120831807E+01  5.4124998474E+01  2.40756E-09  7.09908E+01
  5.4124998474E+01  5.4129165141E+01  2.40756E-09  7.09908E+01
  5.4129165141E+01  5.4133331807E+01  2.40756E-09  7.09908E+01
  5.4133331807E+01  5.4137498474E+01  2.40756E-09  7.09908E+01
  5.4137498474E+01  5.4141665141E+01  2.40756E-09  6.75399E+01
  5.4141665141E+01  5.4145831807E+01  2.40756E-09  7.09908E+01
  5.4145831807E+01  5.4149998474E+01  2.40756E-09  7.09908E+01
  5.4149998474E+01  5.4154165141E+01  2.40756E-09  7.09908E+01
  5.4154165141E+01  5.4158331807E+01  2.40756E-09  7.09908E+01
  5.4158331807E+01  5.4162498474E+01  2.40756E-09  7.09908E+01
  5.4162498474E+01  5.4166665141E+01  2.40756E-09  7.09908E+01
  5.4166665141E+01  5.4170831807E+01  2.40756E-09  6.57668E+01
  5.4170831807E+01  5.4174998474E+01  2.40756E-09  7.09908E+01
  5.4174998474E+01  5.4179165141E+01  2.40756E-09  7.09908E+01
  5.4179165141E+01  5.4183331807E+01  2.40756E-09  7.09908E+01
  5.4183331807E+01  5.4187498474E+01  2.40756E-09  7.09908E+01
  5.4187498474E+01  5.4191665141E+01  2.40756E-09  7.09908E+01
  5.4191665141E+01  5.4195831807E+01  2.40756E-09  7.09908E+01
  5.4195831807E+01  5.4199998474E+01  2.40756E-09  6.88572E+01
  5.4199998474E+01  5.4204165141E+01  2.40756E-09  7.09908E+01
  5.4204165141E+01  5.4208331807E+01  2.40756E-09  7.09908E+01
  5.4208331807E+01  5.4212498474E+01  2.40756E-09  7.09908E+01
  5.4212498474E+01  5.4216665141E+01  2.40756E-09  7.09908E+01
  5.4216665141E+01  5.4220831807E+01  2.40756E-09  7.09908E+01
  5.4220831807E+01  5.4224998474E+01  2.40756E-09  7.09908E+01
  5.4224998474E+01  5.4229165141E+01  2.40756E-09  6.08408E+01
  5.4229165141E+01  5.4233331807E+01  2.40756E-09  7.09908E+01
  5.4233331807E+01  5.4237498474E+01  2.40756E-09  7.09908E+01
  5.4237498474E+01  5.4241665141E+01  2.40756E-09  7.09908E+01
  5.4241665141E+01  5.4245831807E+01  2.40756E-09  6.79367E+01
  5.4245831807E+01  5.4249998474E+01  2.40756E-09  7.09908E+01
  5.4249998474E+01  5.4254165141E+01  2.40756E-09  7.09908E+01
  5.4254165141E+01  5.4258331807E+01  9.76985E-08  9.75514E+01
  5.4258331807E+01  5.4262498474E+01  2.40756E-09  7.09908E+01
  5.4262498474E+01  5.4266665141E+01  2.40756E-09  7.09908E+01
  5.4266665141E+01  5.4270831807E+01  2.40756E-09  7.09908E+01
  5.4270831807E+01  5.4274998474E+01  2.40756E-09  7.09908E+01
  5.4274998474E+01  5.4279165141E+01  2.40756E-09  7.09908E+01
  5.4279165141E+01  5.4283331807E+01  2.40756E-09  7.09908E+01
  5.4283331807E+01  5.4287498474E+01  2.40756E-09  7.09908E+01
  5.4287498474E+01  5.4291665141E+01  2.76270E-09  7.21982E+01
  5.4291665141E+01  5.4295831807E+01  3.24042E-09  6.37867E+01
  5.4295831807E+01  5.4299998474E+01  3.29411E-09  7.38579E+01
  5.4299998474E+01  5.4304165141E+01  3.30300E-09  7.37867E+01
  5.4304165141E+01  5.4308331807E+01  3.30300E-09  6.48874E+01
  5.4308331807E+01  5.4312498474E+01  3.30300E-09  7.37867E+01
  5.4312498474E+01  5.4316665141E+01  2.37269E-09  7.07293E+01
  5.4316665141E+01  5.4320831807E+01  1.15910E-09  1.00000E+02
  5.4320831807E+01  5.4324998474E+01  1.15910E-09  1.00000E+02
  5.4324998474E+01  5.4329165141E+01  1.15910E-09  1.00000E+02
  5.4329165141E+01  5.4333331807E+01  1.15910E-09  1.00000E+02
  5.4333331807E+01  5.4337498474E+01  1.15910E-09  1.00000E+02
  5.4337498474E+01  5.4341665141E+01  1.15910E-09  1.00000E+02
  5.4341665141E+01  5.4345831807E+01  1.15910E-09  1.00000E+02
  5.4345831807E+01  5.4349998474E+01  1.15910E-09  1.00000E+02
  5.4349998474E+01  5.4354165141E+01  2.67564E-08  9.57660E+01
  5.4354165141E+01  5.4358331807E+01  1.15910E-09  1.00000E+02
  5.4358331807E+01  5.4362498474E+01  1.15910E-09  1.00000E+02
  5.4362498474E+01  5.4366665141E+01  1.15910E-09  7.26681E+01
  5.4366665141E+01  5.4370831807E+01  1.15910E-09  1.00000E+02
  5.4370831807E+01  5.4374998474E+01  1.15910E-09  1.00000E+02
  5.4374998474E+01  5.4379165141E+01  1.15910E-09  1.00000E+02
  5.4379165141E+01  5.4383331807E+01  1.15910E-09  1.00000E+02
  5.4383331807E+01  5.4387498474E+01  1.15910E-09  1.00000E+02
  5.4387498474E+01  5.4391665141E+01  1.15910E-09  1.00000E+02
  5.4391665141E+01  5.4395831807E+01  1.15910E-09  1.00000E+02
  5.4395831807E+01  5.4399998474E+01  1.15910E-09  1.00000E+02
  5.4399998474E+01  5.4404165141E+01  1.15910E-09  1.00000E+02
  5.4404165141E+01  5.4408331807E+01  1.15910E-09  1.00000E+02
  5.4408331807E+01  5.4412498474E+01  1.15910E-09  1.00000E+02
  5.4412498474E+01  5.4416665141E+01  1.15910E-09  1.00000E+02
  5.4416665141E+01  5.4420831807E+01  1.15910E-09  1.00000E+02
  5.4420831807E+01  5.4424998474E+01  1.15910E-09  1.00000E+02
  5.4424998474E+01  5.4429165141E+01  1.15910E-09  1.00000E+02
  5.4429165141E+01  5.4433331807E+01  1.15910E-09  1.00000E+02
  5.4433331807E+01  5.4437498474E+01  1.15910E-09  1.00000E+02
  5.4437498474E+01  5.4441665141E+01  1.15911E-09  9.99988E+01
  5.4441665141E+01  5.4445831807E+01  1.15910E-09  1.00000E+02
  5.4445831807E+01  5.4449998474E+01  1.15910E-09  1.00000E+02
  5.4449998474E+01  5.4454165141E+01  1.15910E-09  1.00000E+02
  5.4454165141E+01  5.4458331807E+01  1.15910E-09  1.00000E+02
  5.4458331807E+01  5.4462498474E+01  1.15910E-09  1.00000E+02
  5.4462498474E+01  5.4466665141E+01  1.15910E-09  1.00000E+02
  5.4466665141E+01  5.4470831807E+01  1.15910E-09  1.00000E+02
  5.4470831807E+01  5.4474998474E+01  1.15910E-09  1.00000E+02
  5.4474998474E+01  5.4479165141E+01  1.99971E-08  9.43818E+01
  5.4479165141E+01  5.4483331807E+01  3.14067E-08  9.63801E+01
  5.4483331807E+01  5.4487498474E+01  3.14883E-08  9.61406E+01
  5.4487498474E+01  5.4491665141E+01  3.14968E-08  9.61158E+01
  5.4491665141E+01  5.4495831807E+01  3.14968E-08  9.61158E+01
  5.4495831807E+01  5.4499998474E+01  3.16219E-08  7.30196E+01
  5.4499998474E+01  5.4504165141E+01  3.24472E-08  9.62271E+01
  5.4504165141E+01  5.4508331807E+01  3.24472E-08  9.62271E+01
  5.4508331807E+01  5.4512498474E+01  1.26475E-07  7.83366E+01
  5.4512498474E+01  5.4516665141E+01  3.24472E-08  9.62271E+01
  5.4516665141E+01  5.4520831807E+01  3.24472E-08  9.62271E+01
  5.4520831807E+01  5.4524998474E+01  3.24472E-08  9.62271E+01
  5.4524998474E+01  5.4529165141E+01  3.56251E-08  9.03143E+01
  5.4529165141E+01  5.4533331807E+01  1.20543E-07  7.50042E+01
  5.4533331807E+01  5.4537498474E+01  3.79036E-08  9.67605E+01
  5.4537498474E+01  5.4541665141E+01  3.79036E-08  9.67605E+01
  5.4541665141E+01  5.4545831807E+01  3.79036E-08  9.67605E+01
  5.4545831807E+01  5.4549998474E+01  3.82844E-08  9.67921E+01
  5.4549998474E+01  5.4554165141E+01  4.00772E-08  9.69332E+01
  5.4554165141E+01  5.4558331807E+01  4.00772E-08  9.69332E+01
  5.4558331807E+01  5.4562498474E+01  4.00772E-08  9.69332E+01
  5.4562498474E+01  5.4566665141E+01  4.00772E-08  9.69332E+01
  5.4566665141E+01  5.4570831807E+01  4.66382E-08  8.76878E+01
  5.4570831807E+01  5.4574998474E+01  4.22307E-08  6.88575E+01
  5.4574998474E+01  5.4579165141E+01  4.22307E-08  9.70714E+01
  5.4579165141E+01  5.4583331807E+01  4.42700E-08  9.69444E+01
  5.4583331807E+01  5.4587498474E+01  5.07061E-08  9.75675E+01
  5.4587498474E+01  5.4591665141E+01  5.07061E-08  9.75675E+01
  5.4591665141E+01  5.4595831807E+01  5.10511E-08  9.75838E+01
  5.4595831807E+01  5.4599998474E+01  5.22792E-08  9.76398E+01
  5.4599998474E+01  5.4604165141E+01  5.22792E-08  9.76398E+01
  5.4604165141E+01  5.4608331807E+01  5.69132E-08  9.71938E+01
  5.4608331807E+01  5.4612498474E+01  5.98964E-08  7.98924E+01
  5.4612498474E+01  5.4616665141E+01  1.47661E-07  6.97257E+01
  5.4616665141E+01  5.4620831807E+01  6.77981E-08  6.73665E+01
  5.4620831807E+01  5.4624998474E+01  6.88240E-08  9.51786E+01
  5.4624998474E+01  5.4629165141E+01  7.47874E-08  9.48769E+01
  5.4629165141E+01  5.4633331807E+01  8.05402E-08  9.40209E+01
  5.4633331807E+01  5.4637498474E+01  1.02906E-07  9.53353E+01
  5.4637498474E+01  5.4641665141E+01  1.05749E-07  9.54589E+01
  5.4641665141E+01  5.4645831807E+01  1.23757E-07  9.51805E+01
  5.4645831807E+01  5.4649998474E+01  2.07520E-07  7.97396E+01
  5.4649998474E+01  5.4654165141E+01  1.89574E-07  9.26764E+01
  5.4654165141E+01  5.4658331807E+01  0.00000E+00  0.00000E+00
  5.4658331807E+01  5.4662498474E+01  0.00000E+00  0.00000E+00
  5.4662498474E+01  5.4666665141E+01  0.00000E+00  0.00000E+00
  5.4666665141E+01  5.4670831807E+01  1.66508E-15  1.00000E+02
  5.4670831807E+01  5.4674998474E+01  2.21607E-15  1.00000E+02
  5.4674998474E+01  5.4679165141E+01  0.00000E+00  0.00000E+00
  5.4679165141E+01  5.4683331807E+01  0.00000E+00  0.00000E+00
  5.4683331807E+01  5.4687498474E+01  0.00000E+00  0.00000E+00
  5.4687498474E+01  5.4691665141E+01  0.00000E+00  0.00000E+00
  5.4691665141E+01  5.4695831807E+01  0.00000E+00  0.00000E+00
  5.4695831807E+01  5.4699998474E+01  0.00000E+00  0.00000E+00
  5.4699998474E+01  5.4704165141E+01  0.00000E+00  0.00000E+00
  5.4704165141E+01  5.4708331807E+01  0.00000E+00  0.00000E+00
  5.4708331807E+01  5.4712498474E+01  0.00000E+00  0.00000E+00
  5.4712498474E+01  5.4716665141E+01  0.00000E+00  0.00000E+00
  5.4716665141E+01  5.4720831807E+01  0.00000E+00  0.00000E+00
  5.4720831807E+01  5.4724998474E+01  3.54143E-08  1.00000E+02
  5.4724998474E+01  5.4729165141E+01  0.00000E+00  0.00000E+00
  5.4729165141E+01  5.4733331807E+01  0.00000E+00  0.00000E+00
  5.4733331807E+01  5.4737498474E+01  0.00000E+00  0.00000E+00
  5.4737498474E+01  5.4741665141E+01  0.00000E+00  0.00000E+00
  5.4741665141E+01  5.4745831807E+01  0.00000E+00  0.00000E+00
  5.4745831807E+01  5.4749998474E+01  0.00000E+00  0.00000E+00
  5.4749998474E+01  5.4754165141E+01  0.00000E+00  0.00000E+00
  5.4754165141E+01  5.4758331807E+01  0.00000E+00  0.00000E+00
  5.4758331807E+01  5.4762498474E+01  0.00000E+00  0.00000E+00
  5.4762498474E+01  5.4766665141E+01  0.00000E+00  0.00000E+00
  5.4766665141E+01  5.4770831807E+01  0.00000E+00  0.00000E+00
  5.4770831807E+01  5.4774998474E+01  0.00000E+00  0.00000E+00
  5.4774998474E+01  5.4779165141E+01  0.00000E+00  0.00000E+00
  5.4779165141E+01  5.4783331807E+01  0.00000E+00  0.00000E+00
  5.4783331807E+01  5.4787498474E+01  0.00000E+00  0.00000E+00
  5.4787498474E+01  5.4791665141E+01  0.00000E+00  0.00000E+00
  5.4791665141E+01  5.4795831807E+01  0.00000E+00  0.00000E+00
  5.4795831807E+01  5.4799998474E+01  0.00000E+00  0.00000E+00
  5.4799998474E+01  5.4804165141E+01  0.00000E+00  0.00000E+00
  5.4804165141E+01  5.4808331807E+01  0.00000E+00  0.00000E+00
  5.4808331807E+01  5.4812498474E+01  0.00000E+00  0.00000E+00
  5.4812498474E+01  5.4816665141E+01  0.00000E+00  0.00000E+00
  5.4816665141E+01  5.4820831807E+01  0.00000E+00  0.00000E+00
  5.4820831807E+01  5.4824998474E+01  0.00000E+00  0.00000E+00
  5.4824998474E+01  5.4829165141E+01  0.00000E+00  0.00000E+00
  5.4829165141E+01  5.4833331807E+01  0.00000E+00  0.00000E+00
  5.4833331807E+01  5.4837498474E+01  0.00000E+00  0.00000E+00
  5.4837498474E+01  5.4841665141E+01  0.00000E+00  0.00000E+00
  5.4841665141E+01  5.4845831807E+01  0.00000E+00  0.00000E+00
  5.4845831807E+01  5.4849998474E+01  0.00000E+00  0.00000E+00
  5.4849998474E+01  5.4854165141E+01  0.00000E+00  0.00000E+00
  5.4854165141E+01  5.4858331807E+01  0.00000E+00  0.00000E+00
  5.4858331807E+01  5.4862498474E+01  0.00000E+00  0.00000E+00
  5.4862498474E+01  5.4866665141E+01  0.00000E+00  0.00000E+00
  5.4866665141E+01  5.4870831807E+01  0.00000E+00  0.00000E+00
  5.4870831807E+01  5.4874998474E+01  0.00000E+00  0.00000E+00
  5.4874998474E+01  5.4879165141E+01  0.00000E+00  0.00000E+00
  5.4879165141E+01  5.4883331807E+01  0.00000E+00  0.00000E+00
  5.4883331807E+01  5.4887498474E+01  7.18447E-10  1.00000E+02
  5.4887498474E+01  5.4891665141E+01  0.00000E+00  0.00000E+00
  5.4891665141E+01  5.4895831807E+01  0.00000E+00  0.00000E+00
  5.4895831807E+01  5.4899998474E+01  0.00000E+00  0.00000E+00
  5.4899998474E+01  5.4904165141E+01  0.00000E+00  0.00000E+00
  5.4904165141E+01  5.4908331807E+01  0.00000E+00  0.00000E+00
  5.4908331807E+01  5.4912498474E+01  0.00000E+00  0.00000E+00
  5.4912498474E+01  5.4916665141E+01  0.00000E+00  0.00000E+00
  5.4916665141E+01  5.4920831807E+01  0.00000E+00  0.00000E+00
  5.4920831807E+01  5.4924998474E+01  0.00000E+00  0.00000E+00
  5.4924998474E+01  5.4929165141E+01  0.00000E+00  0.00000E+00
  5.4929165141E+01  5.4933331807E+01  0.00000E+00  0.00000E+00
  5.4933331807E+01  5.4937498474E+01  0.00000E+00  0.00000E+00
  5.4937498474E+01  5.4941665141E+01  0.00000E+00  0.00000E+00
  5.4941665141E+01  5.4945831807E+01  0.00000E+00  0.00000E+00
  5.4945831807E+01  5.4949998474E+01  0.00000E+00  0.00000E+00
  5.4949998474E+01  5.4954165141E+01  0.00000E+00  0.00000E+00
  5.4954165141E+01  5.4958331807E+01  0.00000E+00  0.00000E+00
  5.4958331807E+01  5.4962498474E+01  0.00000E+00  0.00000E+00
  5.4962498474E+01  5.4966665141E+01  0.00000E+00  0.00000E+00
  5.4966665141E+01  5.4970831807E+01  0.00000E+00  0.00000E+00
  5.4970831807E+01  5.4974998474E+01  0.00000E+00  0.00000E+00
  5.4974998474E+01  5.4979165141E+01  0.00000E+00  0.00000E+00
  5.4979165141E+01  5.4983331807E+01  0.00000E+00  0.00000E+00
  5.4983331807E+01  5.4987498474E+01  0.00000E+00  0.00000E+00
  5.4987498474E+01  5.4991665141E+01  0.00000E+00  0.00000E+00
  5.4991665141E+01  5.4995831807E+01  0.00000E+00  0.00000E+00
  5.4995831807E+01  5.4999998474E+01  0.00000E+00  0.00000E+00
  5.4999998474E+01  5.5004165141E+01  0.00000E+00  0.00000E+00
  5.5004165141E+01  5.5008331807E+01  0.00000E+00  0.00000E+00
  5.5008331807E+01  5.5012498474E+01  0.00000E+00  0.00000E+00
  5.5012498474E+01  5.5016665141E+01  0.00000E+00  0.00000E+00
  5.5016665141E+01  5.5020831807E+01  0.00000E+00  0.00000E+00
  5.5020831807E+01  5.5024998474E+01  0.00000E+00  0.00000E+00
  5.5024998474E+01  5.5029165141E+01  0.00000E+00  0.00000E+00
  5.5029165141E+01  5.5033331807E+01  0.00000E+00  0.00000E+00
  5.5033331807E+01  5.5037498474E+01  0.00000E+00  0.00000E+00
  5.5037498474E+01  5.5041665141E+01  0.00000E+00  0.00000E+00
  5.5041665141E+01  5.5045831807E+01  0.00000E+00  0.00000E+00
  5.5045831807E+01  5.5049998474E+01  0.00000E+00  0.00000E+00
  5.5049998474E+01  5.5054165141E+01  0.00000E+00  0.00000E+00
  5.5054165141E+01  5.5058331807E+01  0.00000E+00  0.00000E+00
  5.5058331807E+01  5.5062498474E+01  0.00000E+00  0.00000E+00
  5.5062498474E+01  5.5066665141E+01  0.00000E+00  0.00000E+00
  5.5066665141E+01  5.5070831807E+01  0.00000E+00  0.00000E+00
  5.5070831807E+01  5.5074998474E+01  0.00000E+00  0.00000E+00
  5.5074998474E+01  5.5079165141E+01  0.00000E+00  0.00000E+00
  5.5079165141E+01  5.5083331807E+01  0.00000E+00  0.00000E+00
  5.5083331807E+01  5.5087498474E+01  0.00000E+00  0.00000E+00
  5.5087498474E+01  5.5091665141E+01  0.00000E+00  0.00000E+00
  5.5091665141E+01  5.5095831807E+01  0.00000E+00  0.00000E+00
  5.5095831807E+01  5.5099998474E+01  0.00000E+00  0.00000E+00
  5.5099998474E+01  5.5099998474E+01  0.00000E+00  0.00000E+00
