# Detector n: 1D Projection
  1.0000000000E+00  1.0050000000E+00  9.42845E-03  2.91664E-01
  1.0050000000E+00  1.0100000000E+00  9.43413E-03  2.83486E-01
  1.0100000000E+00  1.0150000000E+00  9.41854E-03  2.34623E-01
  1.0150000000E+00  1.0200000000E+00  9.49329E-03  4.10593E-01
  1.0200000000E+00  1.0250000000E+00  9.47978E-03  2.99511E-01
  1.0250000000E+00  1.0300000000E+00  9.57553E-03  4.95067E-01
  1.0300000000E+00  1.0350000000E+00  9.48443E-03  3.40998E-01
  1.0350000000E+00  1.0400000000E+00  9.51898E-03  2.64246E-01
  1.0400000000E+00  1.0450000000E+00  9.44716E-03  3.59740E-01
  1.0450000000E+00  1.0500000000E+00  9.52200E-03  2.56510E-01
  1.0500000000E+00  1.0550000000E+00  9.46949E-03  2.96705E-01
  1.0550000000E+00  1.0600000000E+00  9.55460E-03  4.43384E-01
  1.0600000000E+00  1.0650000000E+00  9.51639E-03  3.53413E-01
  1.0650000000E+00  1.0700000000E+00  9.51188E-03  3.97846E-01
  1.0700000000E+00  1.0750000000E+00  9.53894E-03  4.12527E-01
  1.0750000000E+00  1.0800000000E+00  9.54171E-03  3.46248E-01
  1.0800000000E+00  1.0850000000E+00  9.50319E-03  3.59582E-01
  1.0850000000E+00  1.0900000000E+00  9.51482E-03  4.02022E-01
  1.0900000000E+00  1.0950000000E+00  9.66683E-03  3.62503E-01
  1.0950000000E+00  1.1000000000E+00  9.63777E-03  4.25766E-01
  1.1000000000E+00  1.1050000000E+00  9.64049E-03  2.89387E-01
  1.1050000000E+00  1.1100000000E+00  9.57644E-03  2.15082E-01
  1.1100000000E+00  1.1150000000E+00  9.60680E-03  3.07449E-01
  1.1150000000E+00  1.1200000000E+00  9.68656E-03  3.68309E-01
  1.1200000000E+00  1.1250000000E+00  9.66658E-03  3.35365E-01
  1.1250000000E+00  1.1300000000E+00  9.63903E-03  3.57484E-01
  1.1300000000E+00  1.1350000000E+00  9.62273E-03  2.85123E-01
  1.1350000000E+00  1.1400000000E+00  9.62964E-03  2.57721E-01
  1.1400000000E+00  1.1450000000E+00  9.65614E-03  3.94614E-01
  1.1450000000E+00  1.1500000000E+00  9.61352E-03  1.93233E-01
  1.1500000000E+00  1.1550000000E+00  9.62098E-03  2.28034E-01
  1.1550000000E+00  1.1600000000E+00  9.65160E-03  2.93450E-01
  1.1600000000E+00  1.1650000000E+00  9.67534E-03  2.83816E-01
  1.1650000000E+00  1.1700000000E+00  9.67475E-03  3.89997E-01
  1.1700000000E+00  1.1750000000E+00  9.65321E-03  3.39278E-01
  1.1750000000E+00  1.1800000000E+00  9.67917E-03  3.80256E-01
  1.1800000000E+00  1.1850000000E+00  9.69189E-03  3.10981E-01
  1.1850000000E+00  1.1900000000E+00  9.71219E-03  3.33575E-01
  1.1900000000E+00  1.1950000000E+00  9.70822E-03  3.36535E-01
  1.1950000000E+00  1.2000000000E+00  9.69744E-03  3.27119E-01
  1.2000000000E+00  1.2050000000E+00  9.68532E-03  2.63453E-01
  1.2050000000E+00  1.2100000000E+00  9.67980E-03  3.52264E-01
  1.2100000000E+00  1.2150000000E+00  9.68120E-03  4.07142E-01
  1.2150000000E+00  1.2200000000E+00  9.68996E-03  3.87170E-01
  1.2200000000E+00  1.2250000000E+00  9.72181E-03  3.15976E-01
  1.2250000000E+00  1.2300000000E+00  9.73132E-03  3.10179E-01
  1.2300000000E+00  1.2350000000E+00  9.66935E-03  2.17237E-01
  1.2350000000E+00  1.2400000000E+00  9.68534E-03  3.57188E-01
  1.2400000000E+00  1.2450000000E+00  9.74745E-03  4.26066E-01
  1.2450000000E+00  1.2500000000E+00  9.74671E-03  3.04908E-01
  1.2500000000E+00  1.2550000000E+00  9.71942E-03  3.29857E-01
  1.2550000000E+00  1.2600000000E+00  9.76315E-03  3.36374E-01
  1.2600000000E+00  1.2650000000E+00  9.79600E-03  2.93027E-01
  1.2650000000E+00  1.2700000000E+00  9.74524E-03  3.33486E-01
  1.2700000000E+00  1.2750000000E+00  9.81744E-03  2.85108E-01
  1.2750000000E+00  1.2800000000E+00  9.90554E-03  4.48839E-01
  1.2800000000E+00  1.2850000000E+00  9.91115E-03  4.19262E-01
  1.2850000000E+00  1.2900000000E+00  9.89112E-03  3.17790E-01
  1.2900000000E+00  1.2950000000E+00  9.91304E-03  3.72058E-01
  1.2950000000E+00  1.3000000000E+00  9.88882E-03  3.18161E-01
  1.3000000000E+00  1.3050000000E+00  9.93479E-03  3.94120E-01
  1.3050000000E+00  1.3100000000E+00  9.88649E-03  4.18884E-01
  1.3100000000E+00  1.3150000000E+00  9.81767E-03  2.55498E-01
  1.3150000000E+00  1.3200000000E+00  9.85809E-03  3.01053E-01
  1.3200000000E+00  1.3250000000E+00  9.89636E-03  3.02596E-01
  1.3250000000E+00  1.3300000000E+00  9.90872E-03  2.89350E-01
  1.3300000000E+00  1.3350000000E+00  9.93952E-03  4.09580E-01
  1.3350000000E+00  1.3400000000E+00  9.86839E-03  3.91503E-01
  1.3400000000E+00  1.3450000000E+00  9.89184E-03  4.10017E-01
  1.3450000000E+00  1.3500000000E+00  9.89243E-03  2.96579E-01
  1.3500000000E+00  1.3550000000E+00  9.91736E-03  4.25154E-01
  1.3550000000E+00  1.3600000000E+00  9.92769E-03  3.69773E-01
  1.3600000000E+00  1.3650000000E+00  9.92089E-03  3.09346E-01
  1.3650000000E+00  1.3700000000E+00  9.88163E-03  3.00383E-01
  1.3700000000E+00  1.3750000000E+00  9.94818E-03  3.81040E-01
  1.3750000000E+00  1.3800000000E+00  9.91074E-03  3.15598E-01
  1.3800000000E+00  1.3850000000E+00  9.95444E-03  4.07285E-01
  1.3850000000E+00  1.3900000000E+00  9.94437E-03  3.04137E-01
  1.3900000000E+00  1.3950000000E+00  9.94967E-03  3.53307E-01
  1.3950000000E+00  1.4000000000E+00  9.93791E-03  4.15964E-01
  1.4000000000E+00  1.4050000000E+00  9.91616E-03  3.25637E-01
  1.4050000000E+00  1.4100000000E+00  9.94003E-03  2.52319E-01
  1.4100000000E+00  1.4150000000E+00  9.91515E-03  2.52119E-01
  1.4150000000E+00  1.4200000000E+00  9.93331E-03  2.85544E-01
  1.4200000000E+00  1.4250000000E+00  9.98034E-03  3.12995E-01
  1.4250000000E+00  1.4300000000E+00  9.97716E-03  3.93679E-01
  1.4300000000E+00  1.4350000000E+00  9.95356E-03  2.88506E-01
  1.4350000000E+00  1.4400000000E+00  9.91702E-03  3.40003E-01
  1.4400000000E+00  1.4450000000E+00  9.93058E-03  3.40650E-01
  1.4450000000E+00  1.4500000000E+00  9.94985E-03  2.72134E-01
  1.4500000000E+00  1.4550000000E+00  9.91860E-03  2.56974E-01
  1.4550000000E+00  1.4600000000E+00  9.98829E-03  2.81243E-01
  1.4600000000E+00  1.4650000000E+00  9.95212E-03  3.39089E-01
  1.4650000000E+00  1.4700000000E+00  1.00108E-02  2.88075E-01
  1.4700000000E+00  1.4750000000E+00  9.95570E-03  2.99868E-01
  1.4750000000E+00  1.4800000000E+00  1.00609E-02  4.06289E-01
  1.4800000000E+00  1.4850000000E+00  1.00668E-02  3.78794E-01
  1.4850000000E+00  1.4900000000E+00  9.98954E-03  3.74457E-01
  1.4900000000E+00  1.4950000000E+00  1.00137E-02  3.45379E-01
  1.4950000000E+00  1.5000000000E+00  9.99326E-03  2.54231E-01
  1.5000000000E+00  1.5050000000E+00  1.00151E-02  3.34550E-01
  1.5050000000E+00  1.5100000000E+00  1.00214E-02  3.05529E-01
  1.5100000000E+00  1.5150000000E+00  1.00232E-02  2.26236E-01
  1.5150000000E+00  1.5200000000E+00  9.99511E-03  2.56380E-01
  1.5200000000E+00  1.5250000000E+00  1.00094E-02  3.11466E-01
  1.5250000000E+00  1.5300000000E+00  1.00294E-02  3.28707E-01
  1.5300000000E+00  1.5350000000E+00  1.00044E-02  2.74104E-01
  1.5350000000E+00  1.5400000000E+00  1.00239E-02  2.73910E-01
  1.5400000000E+00  1.5450000000E+00  1.00108E-02  2.73712E-01
  1.5450000000E+00  1.5500000000E+00  1.00926E-02  3.25860E-01
  1.5500000000E+00  1.5550000000E+00  1.00844E-02  2.81954E-01
  1.5550000000E+00  1.5600000000E+00  1.01043E-02  3.50636E-01
  1.5600000000E+00  1.5650000000E+00  1.00426E-02  2.95385E-01
  1.5650000000E+00  1.5700000000E+00  1.00637E-02  2.52817E-01
  1.5700000000E+00  1.5750000000E+00  1.00962E-02  3.36768E-01
  1.5750000000E+00  1.5800000000E+00  1.00826E-02  3.03889E-01
  1.5800000000E+00  1.5850000000E+00  1.00913E-02  2.85911E-01
  1.5850000000E+00  1.5900000000E+00  1.00837E-02  3.99750E-01
  1.5900000000E+00  1.5950000000E+00  1.00792E-02  3.09746E-01
  1.5950000000E+00  1.6000000000E+00  1.01174E-02  3.81038E-01
  1.6000000000E+00  1.6050000000E+00  1.00944E-02  3.59882E-01
  1.6050000000E+00  1.6100000000E+00  1.01138E-02  1.90908E-01
  1.6100000000E+00  1.6150000000E+00  1.02050E-02  3.01149E-01
  1.6150000000E+00  1.6200000000E+00  1.01842E-02  2.84970E-01
  1.6200000000E+00  1.6250000000E+00  1.02359E-02  2.74196E-01
  1.6250000000E+00  1.6300000000E+00  1.01632E-02  3.15560E-01
  1.6300000000E+00  1.6350000000E+00  1.02498E-02  3.10513E-01
  1.6350000000E+00  1.6400000000E+00  1.01625E-02  2.53421E-01
  1.6400000000E+00  1.6450000000E+00  1.02231E-02  2.40513E-01
  1.6450000000E+00  1.6500000000E+00  1.02111E-02  2.35885E-01
  1.6500000000E+00  1.6550000000E+00  1.02229E-02  3.17046E-01
  1.6550000000E+00  1.6600000000E+00  1.01908E-02  2.52474E-01
  1.6600000000E+00  1.6650000000E+00  1.01874E-02  2.67464E-01
  1.6650000000E+00  1.6700000000E+00  1.02128E-02  3.06639E-01
  1.6700000000E+00  1.6750000000E+00  1.02268E-02  2.88922E-01
  1.6750000000E+00  1.6800000000E+00  1.02874E-02  4.05046E-01
  1.6800000000E+00  1.6850000000E+00  1.02602E-02  4.21350E-01
  1.6850000000E+00  1.6900000000E+00  1.02512E-02  3.38082E-01
  1.6900000000E+00  1.6950000000E+00  1.02908E-02  2.86950E-01
  1.6950000000E+00  1.7000000000E+00  1.02906E-02  3.15153E-01
  1.7000000000E+00  1.7050000000E+00  1.02879E-02  3.38144E-01
  1.7050000000E+00  1.7100000000E+00  1.03079E-02  4.45728E-01
  1.7100000000E+00  1.7150000000E+00  1.02637E-02  2.14971E-01
  1.7150000000E+00  1.7200000000E+00  1.02511E-02  3.75655E-01
  1.7200000000E+00  1.7250000000E+00  1.02493E-02  3.39789E-01
  1.7250000000E+00  1.7300000000E+00  1.02372E-02  2.16572E-01
  1.7300000000E+00  1.7350000000E+00  1.02747E-02  2.61465E-01
  1.7350000000E+00  1.7400000000E+00  1.02870E-02  3.49910E-01
  1.7400000000E+00  1.7450000000E+00  1.02523E-02  2.57931E-01
  1.7450000000E+00  1.7500000000E+00  1.02902E-02  3.50637E-01
  1.7500000000E+00  1.7550000000E+00  1.02931E-02  2.88268E-01
  1.7550000000E+00  1.7600000000E+00  1.02908E-02  2.64652E-01
  1.7600000000E+00  1.7650000000E+00  1.02916E-02  2.93811E-01
  1.7650000000E+00  1.7700000000E+00  1.03208E-02  3.13322E-01
  1.7700000000E+00  1.7750000000E+00  1.02907E-02  2.39558E-01
  1.7750000000E+00  1.7800000000E+00  1.02901E-02  3.25378E-01
  1.7800000000E+00  1.7850000000E+00  1.02925E-02  2.03757E-01
  1.7850000000E+00  1.7900000000E+00  1.03344E-02  2.12010E-01
  1.7900000000E+00  1.7950000000E+00  1.03403E-02  1.96142E-01
  1.7950000000E+00  1.8000000000E+00  1.03744E-02  3.20597E-01
  1.8000000000E+00  1.8050000000E+00  1.02977E-02  2.49015E-01
  1.8050000000E+00  1.8100000000E+00  1.03683E-02  3.74888E-01
  1.8100000000E+00  1.8150000000E+00  1.03803E-02  2.94545E-01
  1.8150000000E+00  1.8200000000E+00  1.03255E-02  3.11513E-01
  1.8200000000E+00  1.8250000000E+00  1.03139E-02  3.33052E-01
  1.8250000000E+00  1.8300000000E+00  1.03461E-02  3.65354E-01
  1.8300000000E+00  1.8350000000E+00  1.03598E-02  2.61524E-01
  1.8350000000E+00  1.8400000000E+00  1.03466E-02  3.38100E-01
  1.8400000000E+00  1.8450000000E+00  1.03968E-02  3.94028E-01
  1.8450000000E+00  1.8500000000E+00  1.03105E-02  2.52041E-01
  1.8500000000E+00  1.8550000000E+00  1.03860E-02  3.55517E-01
  1.8550000000E+00  1.8600000000E+00  1.04055E-02  3.64174E-01
  1.8600000000E+00  1.8650000000E+00  1.03817E-02  3.64404E-01
  1.8650000000E+00  1.8700000000E+00  1.04477E-02  2.89707E-01
  1.8700000000E+00  1.8750000000E+00  1.04173E-02  3.65077E-01
  1.8750000000E+00  1.8800000000E+00  1.03928E-02  2.64829E-01
  1.8800000000E+00  1.8850000000E+00  1.04630E-02  2.96749E-01
  1.8850000000E+00  1.8900000000E+00  1.04088E-02  3.13352E-01
  1.8900000000E+00  1.8950000000E+00  1.04227E-02  2.73691E-01
  1.8950000000E+00  1.9000000000E+00  1.03773E-02  2.01967E-01
  1.9000000000E+00  1.9050000000E+00  1.03982E-02  2.89358E-01
  1.9050000000E+00  1.9100000000E+00  1.04493E-02  2.85691E-01
  1.9100000000E+00  1.9150000000E+00  1.04665E-02  3.66275E-01
  1.9150000000E+00  1.9200000000E+00  1.05130E-02  4.12135E-01
  1.9200000000E+00  1.9250000000E+00  1.04961E-02  3.59398E-01
  1.9250000000E+00  1.9300000000E+00  1.04854E-02  2.77868E-01
  1.9300000000E+00  1.9350000000E+00  1.05630E-02  4.18268E-01
  1.9350000000E+00  1.9400000000E+00  1.05392E-02  3.97517E-01
  1.9400000000E+00  1.9450000000E+00  1.04768E-02  2.44474E-01
  1.9450000000E+00  1.9500000000E+00  1.05246E-02  3.36178E-01
  1.9500000000E+00  1.9550000000E+00  1.04876E-02  2.41977E-01
  1.9550000000E+00  1.9600000000E+00  1.04685E-02  2.18482E-01
  1.9600000000E+00  1.9650000000E+00  1.04750E-02  2.11134E-01
  1.9650000000E+00  1.9700000000E+00  1.04693E-02  2.02414E-01
  1.9700000000E+00  1.9750000000E+00  1.05065E-02  3.55945E-01
  1.9750000000E+00  1.9800000000E+00  1.04659E-02  2.33695E-01
  1.9800000000E+00  1.9850000000E+00  1.05456E-02  2.98684E-01
  1.9850000000E+00  1.9900000000E+00  1.05722E-02  3.40351E-01
  1.9900000000E+00  1.9950000000E+00  1.05712E-02  2.81057E-01
  1.9950000000E+00  2.0000000000E+00  1.05569E-02  1.79081E-01
  2.0000000000E+00  2.0050000000E+00  1.05477E-02  1.62182E-01
  2.0050000000E+00  2.0100000000E+00  1.05514E-02  2.41727E-01
  2.0100000000E+00  2.0150000000E+00  1.05714E-02  2.56462E-01
  2.0150000000E+00  2.0200000000E+00  1.05868E-02  3.52912E-01
  2.0200000000E+00  2.0250000000E+00  1.06321E-02  2.31711E-01
  2.0250000000E+00  2.0300000000E+00  1.05960E-02  2.78934E-01
  2.0300000000E+00  2.0350000000E+00  1.06395E-02  3.95924E-01
  2.0350000000E+00  2.0400000000E+00  1.06331E-02  3.00140E-01
  2.0400000000E+00  2.0450000000E+00  1.06129E-02  2.63932E-01
  2.0450000000E+00  2.0500000000E+00  1.06742E-02  3.06050E-01
  2.0500000000E+00  2.0550000000E+00  1.06354E-02  3.00381E-01
  2.0550000000E+00  2.0600000000E+00  1.06203E-02  2.69143E-01
  2.0600000000E+00  2.0650000000E+00  1.06111E-02  2.44015E-01
  2.0650000000E+00  2.0700000000E+00  1.06491E-02  3.63892E-01
  2.0700000000E+00  2.0750000000E+00  1.05996E-02  2.49055E-01
  2.0750000000E+00  2.0800000000E+00  1.06488E-02  1.86961E-01
  2.0800000000E+00  2.0850000000E+00  1.06302E-02  2.57154E-01
  2.0850000000E+00  2.0900000000E+00  1.06002E-02  1.97450E-01
  2.0900000000E+00  2.0950000000E+00  1.06589E-02  2.98969E-01
  2.0950000000E+00  2.1000000000E+00  1.06411E-02  2.69718E-01
  2.1000000000E+00  2.1050000000E+00  1.06560E-02  2.66158E-01
  2.1050000000E+00  2.1100000000E+00  1.06389E-02  2.29720E-01
  2.1100000000E+00  2.1150000000E+00  1.06675E-02  2.54075E-01
  2.1150000000E+00  2.1200000000E+00  1.07180E-02  2.74192E-01
  2.1200000000E+00  2.1250000000E+00  1.07055E-02  2.46971E-01
  2.1250000000E+00  2.1300000000E+00  1.07459E-02  3.35079E-01
  2.1300000000E+00  2.1350000000E+00  1.07377E-02  2.49434E-01
  2.1350000000E+00  2.1400000000E+00  1.07303E-02  2.94852E-01
  2.1400000000E+00  2.1450000000E+00  1.07231E-02  2.13223E-01
  2.1450000000E+00  2.1500000000E+00  1.06923E-02  2.33902E-01
  2.1500000000E+00  2.1550000000E+00  1.07427E-02  3.37966E-01
  2.1550000000E+00  2.1600000000E+00  1.07397E-02  2.58108E-01
  2.1600000000E+00  2.1650000000E+00  1.07169E-02  2.26727E-01
  2.1650000000E+00  2.1700000000E+00  1.07251E-02  2.39249E-01
  2.1700000000E+00  2.1750000000E+00  1.07313E-02  3.05003E-01
  2.1750000000E+00  2.1800000000E+00  1.07636E-02  3.50490E-01
  2.1800000000E+00  2.1850000000E+00  1.07746E-02  2.91088E-01
  2.1850000000E+00  2.1900000000E+00  1.07987E-02  2.74663E-01
  2.1900000000E+00  2.1950000000E+00  1.08369E-02  3.69861E-01
  2.1950000000E+00  2.2000000000E+00  1.08115E-02  2.47995E-01
  2.2000000000E+00  2.2050000000E+00  1.07994E-02  3.16563E-01
  2.2050000000E+00  2.2100000000E+00  1.07796E-02  2.54692E-01
  2.2100000000E+00  2.2150000000E+00  1.08066E-02  2.48209E-01
  2.2150000000E+00  2.2200000000E+00  1.07992E-02  2.39671E-01
  2.2200000000E+00  2.2250000000E+00  1.08090E-02  2.90976E-01
  2.2250000000E+00  2.2300000000E+00  1.08149E-02  2.19004E-01
  2.2300000000E+00  2.2350000000E+00  1.08043E-02  2.39277E-01
  2.2350000000E+00  2.2400000000E+00  1.08199E-02  2.55031E-01
  2.2400000000E+00  2.2450000000E+00  1.08867E-02  2.55600E-01
  2.2450000000E+00  2.2500000000E+00  1.08373E-02  2.02075E-01
  2.2500000000E+00  2.2550000000E+00  1.09218E-02  3.50917E-01
  2.2550000000E+00  2.2600000000E+00  1.08948E-02  2.97493E-01
  2.2600000000E+00  2.2650000000E+00  1.09055E-02  2.98284E-01
  2.2650000000E+00  2.2700000000E+00  1.09274E-02  2.63336E-01
  2.2700000000E+00  2.2750000000E+00  1.09627E-02  2.57924E-01
  2.2750000000E+00  2.2800000000E+00  1.09729E-02  3.22084E-01
  2.2800000000E+00  2.2850000000E+00  1.09512E-02  2.11160E-01
  2.2850000000E+00  2.2900000000E+00  1.10024E-02  3.23673E-01
  2.2900000000E+00  2.2950000000E+00  1.09546E-02  2.04486E-01
  2.2950000000E+00  2.3000000000E+00  1.09936E-02  2.91360E-01
  2.3000000000E+00  2.3050000000E+00  1.09995E-02  1.97831E-01
  2.3050000000E+00  2.3100000000E+00  1.09370E-02  2.56554E-01
  2.3100000000E+00  2.3150000000E+00  1.09520E-02  1.98508E-01
  2.3150000000E+00  2.3200000000E+00  1.10248E-02  3.07260E-01
  2.3200000000E+00  2.3250000000E+00  1.10219E-02  3.86227E-01
  2.3250000000E+00  2.3300000000E+00  1.10208E-02  2.46856E-01
  2.3300000000E+00  2.3350000000E+00  1.09831E-02  2.67421E-01
  2.3350000000E+00  2.3400000000E+00  1.09647E-02  2.33226E-01
  2.3400000000E+00  2.3450000000E+00  1.10246E-02  2.98537E-01
  2.3450000000E+00  2.3500000000E+00  1.10649E-02  3.05370E-01
  2.3500000000E+00  2.3550000000E+00  1.10332E-02  2.20769E-01
  2.3550000000E+00  2.3600000000E+00  1.10303E-02  3.37409E-01
  2.3600000000E+00  2.3650000000E+00  1.09826E-02  2.56815E-01
  2.3650000000E+00  2.3700000000E+00  1.09825E-02  2.23034E-01
  2.3700000000E+00  2.3750000000E+00  1.10106E-02  2.61977E-01
  2.3750000000E+00  2.3800000000E+00  1.10902E-02  2.71353E-01
  2.3800000000E+00  2.3850000000E+00  1.10985E-02  3.33961E-01
  2.3850000000E+00  2.3900000000E+00  1.10595E-02  2.44182E-01
  2.3900000000E+00  2.3950000000E+00  1.10691E-02  3.24154E-01
  2.3950000000E+00  2.4000000000E+00  1.11165E-02  1.82983E-01
  2.4000000000E+00  2.4050000000E+00  1.10802E-02  2.28136E-01
  2.4050000000E+00  2.4100000000E+00  1.11388E-02  3.41811E-01
  2.4100000000E+00  2.4150000000E+00  1.11231E-02  3.53918E-01
  2.4150000000E+00  2.4200000000E+00  1.11552E-02  2.80652E-01
  2.4200000000E+00  2.4250000000E+00  1.11686E-02  2.46426E-01
  2.4250000000E+00  2.4300000000E+00  1.11033E-02  2.52147E-01
  2.4300000000E+00  2.4350000000E+00  1.11033E-02  2.74229E-01
  2.4350000000E+00  2.4400000000E+00  1.11942E-02  2.38505E-01
  2.4400000000E+00  2.4450000000E+00  1.11536E-02  2.34246E-01
  2.4450000000E+00  2.4500000000E+00  1.11391E-02  3.14341E-01
  2.4500000000E+00  2.4550000000E+00  1.11689E-02  3.09058E-01
  2.4550000000E+00  2.4600000000E+00  1.11645E-02  2.92881E-01
  2.4600000000E+00  2.4650000000E+00  1.12082E-02  3.04571E-01
  2.4650000000E+00  2.4700000000E+00  1.12100E-02  4.51361E-01
  2.4700000000E+00  2.4750000000E+00  1.11789E-02  3.92831E-01
  2.4750000000E+00  2.4800000000E+00  1.11790E-02  2.44844E-01
  2.4800000000E+00  2.4850000000E+00  1.12344E-02  3.54681E-01
  2.4850000000E+00  2.4900000000E+00  1.12186E-02  2.80332E-01
  2.4900000000E+00  2.4950000000E+00  1.12596E-02  2.64149E-01
  2.4950000000E+00  2.5000000000E+00  1.12475E-02  3.26248E-01
  2.5000000000E+00  2.5050000000E+00  1.12308E-02  3.04823E-01
  2.5050000000E+00  2.5100000000E+00  1.12126E-02  3.45748E-01
  2.5100000000E+00  2.5150000000E+00  1.12200E-02  2.21589E-01
  2.5150000000E+00  2.5200000000E+00  1.12156E-02  2.82209E-01
  2.5200000000E+00  2.5250000000E+00  1.12563E-02  2.47157E-01
  2.5250000000E+00  2.5300000000E+00  1.12282E-02  2.46133E-01
  2.5300000000E+00  2.5350000000E+00  1.12182E-02  1.90091E-01
  2.5350000000E+00  2.5400000000E+00  1.12635E-02  2.46582E-01
  2.5400000000E+00  2.5450000000E+00  1.12756E-02  2.54741E-01
  2.5450000000E+00  2.5500000000E+00  1.12297E-02  2.26953E-01
  2.5500000000E+00  2.5550000000E+00  1.12741E-02  2.25183E-01
  2.5550000000E+00  2.5600000000E+00  1.12613E-02  2.12442E-01
  2.5600000000E+00  2.5650000000E+00  1.12458E-02  1.90240E-01
  2.5650000000E+00  2.5700000000E+00  1.13641E-02  2.69147E-01
  2.5700000000E+00  2.5750000000E+00  1.13602E-02  2.34481E-01
  2.5750000000E+00  2.5800000000E+00  1.13011E-02  2.25407E-01
  2.5800000000E+00  2.5850000000E+00  1.13027E-02  2.22764E-01
  2.5850000000E+00  2.5900000000E+00  1.13300E-02  2.26472E-01
  2.5900000000E+00  2.5950000000E+00  1.13396E-02  2.10529E-01
  2.5950000000E+00  2.6000000000E+00  1.13104E-02  1.59770E-01
  2.6000000000E+00  2.6050000000E+00  1.13176E-02  2.02779E-01
  2.6050000000E+00  2.6100000000E+00  1.14451E-02  3.16948E-01
  2.6100000000E+00  2.6150000000E+00  1.13837E-02  2.33034E-01
  2.6150000000E+00  2.6200000000E+00  1.13697E-02  2.30167E-01
  2.6200000000E+00  2.6250000000E+00  1.13485E-02  2.99031E-01
  2.6250000000E+00  2.6300000000E+00  1.13781E-02  2.92058E-01
  2.6300000000E+00  2.6350000000E+00  1.13750E-02  1.81502E-01
  2.6350000000E+00  2.6400000000E+00  1.13871E-02  2.37994E-01
  2.6400000000E+00  2.6450000000E+00  1.13831E-02  2.32337E-01
  2.6450000000E+00  2.6500000000E+00  1.14116E-02  2.80053E-01
  2.6500000000E+00  2.6550000000E+00  1.14273E-02  2.37053E-01
  2.6550000000E+00  2.6600000000E+00  1.14162E-02  2.17473E-01
  2.6600000000E+00  2.6650000000E+00  1.14489E-02  3.00105E-01
  2.6650000000E+00  2.6700000000E+00  1.14458E-02  3.24362E-01
  2.6700000000E+00  2.6750000000E+00  1.15059E-02  2.70935E-01
  2.6750000000E+00  2.6800000000E+00  1.15092E-02  2.77470E-01
  2.6800000000E+00  2.6850000000E+00  1.15539E-02  3.02460E-01
  2.6850000000E+00  2.6900000000E+00  1.14935E-02  3.82510E-01
  2.6900000000E+00  2.6950000000E+00  1.15015E-02  2.31654E-01
  2.6950000000E+00  2.7000000000E+00  1.15073E-02  2.95889E-01
  2.7000000000E+00  2.7050000000E+00  1.14928E-02  2.75743E-01
  2.7050000000E+00  2.7100000000E+00  1.15342E-02  3.19711E-01
  2.7100000000E+00  2.7150000000E+00  1.15072E-02  2.20218E-01
  2.7150000000E+00  2.7200000000E+00  1.15659E-02  2.65382E-01
  2.7200000000E+00  2.7250000000E+00  1.15094E-02  2.06931E-01
  2.7250000000E+00  2.7300000000E+00  1.16032E-02  2.62297E-01
  2.7300000000E+00  2.7350000000E+00  1.15439E-02  2.03022E-01
  2.7350000000E+00  2.7400000000E+00  1.15694E-02  2.93720E-01
  2.7400000000E+00  2.7450000000E+00  1.15771E-02  3.10129E-01
  2.7450000000E+00  2.7500000000E+00  1.16892E-02  3.69852E-01
  2.7500000000E+00  2.7550000000E+00  1.15646E-02  2.30939E-01
  2.7550000000E+00  2.7600000000E+00  1.16310E-02  3.08628E-01
  2.7600000000E+00  2.7650000000E+00  1.16629E-02  3.29167E-01
  2.7650000000E+00  2.7700000000E+00  1.16782E-02  2.47217E-01
  2.7700000000E+00  2.7750000000E+00  1.16052E-02  2.31529E-01
  2.7750000000E+00  2.7800000000E+00  1.15924E-02  2.79972E-01
  2.7800000000E+00  2.7850000000E+00  1.16838E-02  3.09178E-01
  2.7850000000E+00  2.7900000000E+00  1.16687E-02  2.37022E-01
  2.7900000000E+00  2.7950000000E+00  1.16417E-02  2.28497E-01
  2.7950000000E+00  2.8000000000E+00  1.17051E-02  2.75882E-01
  2.8000000000E+00  2.8050000000E+00  1.17022E-02  3.18842E-01
  2.8050000000E+00  2.8100000000E+00  1.17148E-02  4.03122E-01
  2.8100000000E+00  2.8150000000E+00  1.17644E-02  2.73360E-01
  2.8150000000E+00  2.8200000000E+00  1.17238E-02  2.74544E-01
  2.8200000000E+00  2.8250000000E+00  1.17103E-02  2.09566E-01
  2.8250000000E+00  2.8300000000E+00  1.17480E-02  3.29616E-01
  2.8300000000E+00  2.8350000000E+00  1.17287E-02  3.78039E-01
  2.8350000000E+00  2.8400000000E+00  1.17701E-02  3.17640E-01
  2.8400000000E+00  2.8450000000E+00  1.17328E-02  2.01500E-01
  2.8450000000E+00  2.8500000000E+00  1.17718E-02  2.61216E-01
  2.8500000000E+00  2.8550000000E+00  1.17473E-02  2.24454E-01
  2.8550000000E+00  2.8600000000E+00  1.17859E-02  3.55006E-01
  2.8600000000E+00  2.8650000000E+00  1.17563E-02  1.88199E-01
  2.8650000000E+00  2.8700000000E+00  1.17148E-02  1.75543E-01
  2.8700000000E+00  2.8750000000E+00  1.17670E-02  2.75748E-01
  2.8750000000E+00  2.8800000000E+00  1.17827E-02  2.53387E-01
  2.8800000000E+00  2.8850000000E+00  1.17791E-02  3.17905E-01
  2.8850000000E+00  2.8900000000E+00  1.18184E-02  1.94730E-01
  2.8900000000E+00  2.8950000000E+00  1.17784E-02  2.91983E-01
  2.8950000000E+00  2.9000000000E+00  1.18190E-02  2.37886E-01
  2.9000000000E+00  2.9050000000E+00  1.18134E-02  1.71745E-01
  2.9050000000E+00  2.9100000000E+00  1.18291E-02  2.63163E-01
  2.9100000000E+00  2.9150000000E+00  1.18132E-02  1.73737E-01
  2.9150000000E+00  2.9200000000E+00  1.18725E-02  1.71008E-01
  2.9200000000E+00  2.9250000000E+00  1.18460E-02  2.39619E-01
  2.9250000000E+00  2.9300000000E+00  1.19005E-02  3.13283E-01
  2.9300000000E+00  2.9350000000E+00  1.18522E-02  2.59018E-01
  2.9350000000E+00  2.9400000000E+00  1.19688E-02  2.61601E-01
  2.9400000000E+00  2.9450000000E+00  1.19284E-02  2.56104E-01
  2.9450000000E+00  2.9500000000E+00  1.19184E-02  2.12253E-01
  2.9500000000E+00  2.9550000000E+00  1.19248E-02  2.69617E-01
  2.9550000000E+00  2.9600000000E+00  1.19403E-02  2.05730E-01
  2.9600000000E+00  2.9650000000E+00  1.19112E-02  2.08296E-01
  2.9650000000E+00  2.9700000000E+00  1.19543E-02  2.84968E-01
  2.9700000000E+00  2.9750000000E+00  1.19963E-02  2.88333E-01
  2.9750000000E+00  2.9800000000E+00  1.19515E-02  2.45182E-01
  2.9800000000E+00  2.9850000000E+00  1.19294E-02  1.47669E-01
  2.9850000000E+00  2.9900000000E+00  1.19491E-02  1.97710E-01
  2.9900000000E+00  2.9950000000E+00  1.19929E-02  2.46581E-01
  2.9950000000E+00  3.0000000000E+00  1.19904E-02  2.57504E-01
  3.0000000000E+00  3.0050000000E+00  1.20111E-02  2.53408E-01
  3.0050000000E+00  3.0100000000E+00  1.20591E-02  1.86879E-01
  3.0100000000E+00  3.0150000000E+00  1.19960E-02  2.13997E-01
  3.0150000000E+00  3.0200000000E+00  1.20517E-02  2.77784E-01
  3.0200000000E+00  3.0250000000E+00  1.20585E-02  3.58541E-01
  3.0250000000E+00  3.0300000000E+00  1.21026E-02  2.49728E-01
  3.0300000000E+00  3.0350000000E+00  1.21256E-02  3.23312E-01
  3.0350000000E+00  3.0400000000E+00  1.21228E-02  3.25170E-01
  3.0400000000E+00  3.0450000000E+00  1.20701E-02  1.98307E-01
  3.0450000000E+00  3.0500000000E+00  1.20935E-02  2.26183E-01
  3.0500000000E+00  3.0550000000E+00  1.21367E-02  1.92532E-01
  3.0550000000E+00  3.0600000000E+00  1.21872E-02  3.06830E-01
  3.0600000000E+00  3.0650000000E+00  1.21591E-02  2.84514E-01
  3.0650000000E+00  3.0700000000E+00  1.21370E-02  1.96945E-01
  3.0700000000E+00  3.0750000000E+00  1.21309E-02  1.66926E-01
  3.0750000000E+00  3.0800000000E+00  1.21415E-02  1.37660E-01
  3.0800000000E+00  3.0850000000E+00  1.21488E-02  2.15850E-01
  3.0850000000E+00  3.0900000000E+00  1.22034E-02  2.98321E-01
  3.0900000000E+00  3.0950000000E+00  1.21860E-02  1.64822E-01
  3.0950000000E+00  3.1000000000E+00  1.21607E-02  1.68730E-01
  3.1000000000E+00  3.1050000000E+00  1.22442E-02  2.41345E-01
  3.1050000000E+00  3.1100000000E+00  1.22464E-02  3.49548E-01
  3.1100000000E+00  3.1150000000E+00  1.22213E-02  2.92428E-01
  3.1150000000E+00  3.1200000000E+00  1.22192E-02  2.38813E-01
  3.1200000000E+00  3.1250000000E+00  1.22011E-02  1.46710E-01
  3.1250000000E+00  3.1300000000E+00  1.23006E-02  2.72343E-01
  3.1300000000E+00  3.1350000000E+00  1.22615E-02  2.48070E-01
  3.1350000000E+00  3.1400000000E+00  1.22690E-02  2.52619E-01
  3.1400000000E+00  3.1450000000E+00  1.23221E-02  2.72951E-01
  3.1450000000E+00  3.1500000000E+00  1.23169E-02  2.51473E-01
  3.1500000000E+00  3.1550000000E+00  1.23243E-02  2.79836E-01
  3.1550000000E+00  3.1600000000E+00  1.23017E-02  2.35718E-01
  3.1600000000E+00  3.1650000000E+00  1.23578E-02  2.68021E-01
  3.1650000000E+00  3.1700000000E+00  1.22572E-02  1.68743E-01
  3.1700000000E+00  3.1750000000E+00  1.22997E-02  2.03130E-01
  3.1750000000E+00  3.1800000000E+00  1.23533E-02  2.49779E-01
  3.1800000000E+00  3.1850000000E+00  1.23609E-02  3.05485E-01
  3.1850000000E+00  3.1900000000E+00  1.23801E-02  2.24915E-01
  3.1900000000E+00  3.1950000000E+00  1.24005E-02  2.52283E-01
  3.1950000000E+00  3.2000000000E+00  1.24472E-02  2.85146E-01
  3.2000000000E+00  3.2050000000E+00  1.24290E-02  2.67035E-01
  3.2050000000E+00  3.2100000000E+00  1.24099E-02  1.79223E-01
  3.2100000000E+00  3.2150000000E+00  1.24182E-02  2.30024E-01
  3.2150000000E+00  3.2200000000E+00  1.24148E-02  2.31601E-01
  3.2200000000E+00  3.2250000000E+00  1.24119E-02  2.09291E-01
  3.2250000000E+00  3.2300000000E+00  1.24598E-02  1.97549E-01
  3.2300000000E+00  3.2350000000E+00  1.25081E-02  2.27527E-01
  3.2350000000E+00  3.2400000000E+00  1.24713E-02  2.06202E-01
  3.2400000000E+00  3.2450000000E+00  1.24819E-02  2.71149E-01
  3.2450000000E+00  3.2500000000E+00  1.24780E-02  2.67980E-01
  3.2500000000E+00  3.2550000000E+00  1.24959E-02  2.17619E-01
  3.2550000000E+00  3.2600000000E+00  1.25564E-02  2.46570E-01
  3.2600000000E+00  3.2650000000E+00  1.24997E-02  2.25098E-01
  3.2650000000E+00  3.2700000000E+00  1.25463E-02  3.03047E-01
  3.2700000000E+00  3.2750000000E+00  1.25254E-02  2.43031E-01
  3.2750000000E+00  3.2800000000E+00  1.25547E-02  2.16319E-01
  3.2800000000E+00  3.2850000000E+00  1.25179E-02  1.90476E-01
  3.2850000000E+00  3.2900000000E+00  1.26233E-02  3.25698E-01
  3.2900000000E+00  3.2950000000E+00  1.26066E-02  1.95999E-01
  3.2950000000E+00  3.3000000000E+00  1.25507E-02  1.46687E-01
  3.3000000000E+00  3.3050000000E+00  1.25862E-02  1.92650E-01
  3.3050000000E+00  3.3100000000E+00  1.26184E-02  2.59433E-01
  3.3100000000E+00  3.3150000000E+00  1.26694E-02  1.92851E-01
  3.3150000000E+00  3.3200000000E+00  1.26696E-02  1.89634E-01
  3.3200000000E+00  3.3250000000E+00  1.27369E-02  2.38788E-01
  3.3250000000E+00  3.3300000000E+00  1.27510E-02  3.61618E-01
  3.3300000000E+00  3.3350000000E+00  1.26675E-02  3.24192E-01
  3.3350000000E+00  3.3400000000E+00  1.27436E-02  2.43108E-01
  3.3400000000E+00  3.3450000000E+00  1.27427E-02  2.63803E-01
  3.3450000000E+00  3.3500000000E+00  1.27313E-02  2.39866E-01
  3.3500000000E+00  3.3550000000E+00  1.27463E-02  2.04985E-01
  3.3550000000E+00  3.3600000000E+00  1.28128E-02  2.95239E-01
  3.3600000000E+00  3.3650000000E+00  1.27902E-02  2.69559E-01
  3.3650000000E+00  3.3700000000E+00  1.27840E-02  2.76367E-01
  3.3700000000E+00  3.3750000000E+00  1.28160E-02  2.53572E-01
  3.3750000000E+00  3.3800000000E+00  1.27779E-02  2.91583E-01
  3.3800000000E+00  3.3850000000E+00  1.28374E-02  3.01400E-01
  3.3850000000E+00  3.3900000000E+00  1.28077E-02  2.91038E-01
  3.3900000000E+00  3.3950000000E+00  1.28673E-02  2.12034E-01
  3.3950000000E+00  3.4000000000E+00  1.28107E-02  1.80334E-01
  3.4000000000E+00  3.4050000000E+00  1.28773E-02  3.04413E-01
  3.4050000000E+00  3.4100000000E+00  1.28343E-02  2.43090E-01
  3.4100000000E+00  3.4150000000E+00  1.28996E-02  2.53575E-01
  3.4150000000E+00  3.4200000000E+00  1.28963E-02  2.52354E-01
  3.4200000000E+00  3.4250000000E+00  1.28550E-02  1.94208E-01
  3.4250000000E+00  3.4300000000E+00  1.28864E-02  2.44660E-01
  3.4300000000E+00  3.4350000000E+00  1.29137E-02  2.24516E-01
  3.4350000000E+00  3.4400000000E+00  1.28984E-02  2.56986E-01
  3.4400000000E+00  3.4450000000E+00  1.28901E-02  1.93380E-01
  3.4450000000E+00  3.4500000000E+00  1.29425E-02  2.36963E-01
  3.4500000000E+00  3.4550000000E+00  1.29630E-02  2.05450E-01
  3.4550000000E+00  3.4600000000E+00  1.29623E-02  2.21313E-01
  3.4600000000E+00  3.4650000000E+00  1.29873E-02  2.41073E-01
  3.4650000000E+00  3.4700000000E+00  1.30051E-02  1.29795E-01
  3.4700000000E+00  3.4750000000E+00  1.30680E-02  2.89075E-01
  3.4750000000E+00  3.4800000000E+00  1.29686E-02  1.37350E-01
  3.4800000000E+00  3.4850000000E+00  1.30131E-02  1.42984E-01
  3.4850000000E+00  3.4900000000E+00  1.30323E-02  2.31665E-01
  3.4900000000E+00  3.4950000000E+00  1.30786E-02  2.00181E-01
  3.4950000000E+00  3.5000000000E+00  1.31089E-02  2.99129E-01
  3.5000000000E+00  3.5050000000E+00  1.31855E-02  3.13694E-01
  3.5050000000E+00  3.5100000000E+00  1.31461E-02  2.96108E-01
  3.5100000000E+00  3.5150000000E+00  1.30758E-02  1.68543E-01
  3.5150000000E+00  3.5200000000E+00  1.31090E-02  2.45862E-01
  3.5200000000E+00  3.5250000000E+00  1.31710E-02  2.61380E-01
  3.5250000000E+00  3.5300000000E+00  1.31241E-02  1.89441E-01
  3.5300000000E+00  3.5350000000E+00  1.31901E-02  3.12588E-01
  3.5350000000E+00  3.5400000000E+00  1.31617E-02  2.55269E-01
  3.5400000000E+00  3.5450000000E+00  1.31447E-02  2.57492E-01
  3.5450000000E+00  3.5500000000E+00  1.31909E-02  1.44159E-01
  3.5500000000E+00  3.5550000000E+00  1.31813E-02  2.28307E-01
  3.5550000000E+00  3.5600000000E+00  1.32308E-02  2.22663E-01
  3.5600000000E+00  3.5650000000E+00  1.32186E-02  2.02742E-01
  3.5650000000E+00  3.5700000000E+00  1.31752E-02  1.35227E-01
  3.5700000000E+00  3.5750000000E+00  1.32684E-02  2.23759E-01
  3.5750000000E+00  3.5800000000E+00  1.32395E-02  1.75799E-01
  3.5800000000E+00  3.5850000000E+00  1.33104E-02  2.55528E-01
  3.5850000000E+00  3.5900000000E+00  1.32869E-02  2.56235E-01
  3.5900000000E+00  3.5950000000E+00  1.33138E-02  2.06234E-01
  3.5950000000E+00  3.6000000000E+00  1.33983E-02  3.61810E-01
  3.6000000000E+00  3.6050000000E+00  1.33049E-02  2.22957E-01
  3.6050000000E+00  3.6100000000E+00  1.33065E-02  2.20993E-01
  3.6100000000E+00  3.6150000000E+00  1.33618E-02  2.18725E-01
  3.6150000000E+00  3.6200000000E+00  1.33808E-02  2.47265E-01
  3.6200000000E+00  3.6250000000E+00  1.33700E-02  2.12013E-01
  3.6250000000E+00  3.6300000000E+00  1.33749E-02  2.08702E-01
  3.6300000000E+00  3.6350000000E+00  1.34218E-02  1.91045E-01
  3.6350000000E+00  3.6400000000E+00  1.34218E-02  2.15352E-01
  3.6400000000E+00  3.6450000000E+00  1.33639E-02  1.55185E-01
  3.6450000000E+00  3.6500000000E+00  1.34529E-02  1.50795E-01
  3.6500000000E+00  3.6550000000E+00  1.34507E-02  1.76549E-01
  3.6550000000E+00  3.6600000000E+00  1.35012E-02  2.05527E-01
  3.6600000000E+00  3.6650000000E+00  1.34792E-02  1.94344E-01
  3.6650000000E+00  3.6700000000E+00  1.35199E-02  2.25962E-01
  3.6700000000E+00  3.6750000000E+00  1.35224E-02  1.53693E-01
  3.6750000000E+00  3.6800000000E+00  1.35465E-02  2.47079E-01
  3.6800000000E+00  3.6850000000E+00  1.35913E-02  2.71356E-01
  3.6850000000E+00  3.6900000000E+00  1.35888E-02  2.15309E-01
  3.6900000000E+00  3.6950000000E+00  1.35939E-02  2.19770E-01
  3.6950000000E+00  3.7000000000E+00  1.36565E-02  1.61118E-01
  3.7000000000E+00  3.7050000000E+00  1.36621E-02  2.79178E-01
  3.7050000000E+00  3.7100000000E+00  1.36714E-02  2.36865E-01
  3.7100000000E+00  3.7150000000E+00  1.36435E-02  1.73715E-01
  3.7150000000E+00  3.7200000000E+00  1.36949E-02  2.60044E-01
  3.7200000000E+00  3.7250000000E+00  1.36645E-02  2.15854E-01
  3.7250000000E+00  3.7300000000E+00  1.37555E-02  3.20504E-01
  3.7300000000E+00  3.7350000000E+00  1.37222E-02  2.52410E-01
  3.7350000000E+00  3.7400000000E+00  1.37013E-02  2.03013E-01
  3.7400000000E+00  3.7450000000E+00  1.37495E-02  1.89806E-01
  3.7450000000E+00  3.7500000000E+00  1.37721E-02  2.34339E-01
  3.7500000000E+00  3.7550000000E+00  1.37956E-02  1.61452E-01
  3.7550000000E+00  3.7600000000E+00  1.38072E-02  2.61771E-01
  3.7600000000E+00  3.7650000000E+00  1.38102E-02  2.11795E-01
  3.7650000000E+00  3.7700000000E+00  1.38286E-02  2.75748E-01
  3.7700000000E+00  3.7750000000E+00  1.38808E-02  2.55851E-01
  3.7750000000E+00  3.7800000000E+00  1.38855E-02  2.55407E-01
  3.7800000000E+00  3.7850000000E+00  1.38982E-02  1.73830E-01
  3.7850000000E+00  3.7900000000E+00  1.39255E-02  2.93498E-01
  3.7900000000E+00  3.7950000000E+00  1.39831E-02  3.06133E-01
  3.7950000000E+00  3.8000000000E+00  1.39989E-02  3.26987E-01
  3.8000000000E+00  3.8050000000E+00  1.39932E-02  2.26430E-01
  3.8050000000E+00  3.8100000000E+00  1.39571E-02  2.66558E-01
  3.8100000000E+00  3.8150000000E+00  1.39820E-02  2.30796E-01
  3.8150000000E+00  3.8200000000E+00  1.40148E-02  2.40152E-01
  3.8200000000E+00  3.8250000000E+00  1.40105E-02  2.92912E-01
  3.8250000000E+00  3.8300000000E+00  1.40465E-02  3.06410E-01
  3.8300000000E+00  3.8350000000E+00  1.40556E-02  2.35817E-01
  3.8350000000E+00  3.8400000000E+00  1.40546E-02  2.58944E-01
  3.8400000000E+00  3.8450000000E+00  1.40245E-02  1.54049E-01
  3.8450000000E+00  3.8500000000E+00  1.41142E-02  2.40916E-01
  3.8500000000E+00  3.8550000000E+00  1.41077E-02  2.32065E-01
  3.8550000000E+00  3.8600000000E+00  1.41763E-02  2.72942E-01
  3.8600000000E+00  3.8650000000E+00  1.41250E-02  2.26056E-01
  3.8650000000E+00  3.8700000000E+00  1.41548E-02  2.15892E-01
  3.8700000000E+00  3.8750000000E+00  1.41656E-02  2.22975E-01
  3.8750000000E+00  3.8800000000E+00  1.41655E-02  2.39981E-01
  3.8800000000E+00  3.8850000000E+00  1.41541E-02  1.80570E-01
  3.8850000000E+00  3.8900000000E+00  1.42279E-02  2.27378E-01
  3.8900000000E+00  3.8950000000E+00  1.42451E-02  2.18431E-01
  3.8950000000E+00  3.9000000000E+00  1.42436E-02  2.25928E-01
  3.9000000000E+00  3.9050000000E+00  1.42513E-02  2.22611E-01
  3.9050000000E+00  3.9100000000E+00  1.42651E-02  2.05200E-01
  3.9100000000E+00  3.9150000000E+00  1.43106E-02  1.85399E-01
  3.9150000000E+00  3.9200000000E+00  1.43167E-02  1.39667E-01
  3.9200000000E+00  3.9250000000E+00  1.43284E-02  1.96553E-01
  3.9250000000E+00  3.9300000000E+00  1.43308E-02  1.68704E-01
  3.9300000000E+00  3.9350000000E+00  1.43862E-02  2.44150E-01
  3.9350000000E+00  3.9400000000E+00  1.44101E-02  2.15938E-01
  3.9400000000E+00  3.9450000000E+00  1.43684E-02  1.41043E-01
  3.9450000000E+00  3.9500000000E+00  1.44041E-02  2.15245E-01
  3.9500000000E+00  3.9550000000E+00  1.44187E-02  1.80017E-01
  3.9550000000E+00  3.9600000000E+00  1.44494E-02  1.99891E-01
  3.9600000000E+00  3.9650000000E+00  1.44814E-02  1.67884E-01
  3.9650000000E+00  3.9700000000E+00  1.44842E-02  1.89229E-01
  3.9700000000E+00  3.9750000000E+00  1.45112E-02  2.31196E-01
  3.9750000000E+00  3.9800000000E+00  1.44974E-02  2.05831E-01
  3.9800000000E+00  3.9850000000E+00  1.45512E-02  2.14982E-01
  3.9850000000E+00  3.9900000000E+00  1.45769E-02  2.30397E-01
  3.9900000000E+00  3.9950000000E+00  1.45949E-02  1.60900E-01
  3.9950000000E+00  4.0000000000E+00  1.46320E-02  2.08007E-01
  4.0000000000E+00  4.0050000000E+00  1.46249E-02  2.34575E-01
  4.0050000000E+00  4.0100000000E+00  1.46678E-02  2.17144E-01
  4.0100000000E+00  4.0150000000E+00  1.46678E-02  1.81959E-01
  4.0150000000E+00  4.0200000000E+00  1.47044E-02  1.60894E-01
  4.0200000000E+00  4.0250000000E+00  1.47189E-02  2.07193E-01
  4.0250000000E+00  4.0300000000E+00  1.47160E-02  2.04710E-01
  4.0300000000E+00  4.0350000000E+00  1.47761E-02  2.41712E-01
  4.0350000000E+00  4.0400000000E+00  1.47476E-02  1.42223E-01
  4.0400000000E+00  4.0450000000E+00  1.47528E-02  1.51443E-01
  4.0450000000E+00  4.0500000000E+00  1.48037E-02  1.18835E-01
  4.0500000000E+00  4.0550000000E+00  1.48510E-02  2.25340E-01
  4.0550000000E+00  4.0600000000E+00  1.48933E-02  1.80024E-01
  4.0600000000E+00  4.0650000000E+00  1.49148E-02  1.51400E-01
  4.0650000000E+00  4.0700000000E+00  1.49193E-02  1.60529E-01
  4.0700000000E+00  4.0750000000E+00  1.49747E-02  2.13263E-01
  4.0750000000E+00  4.0800000000E+00  1.49650E-02  1.95453E-01
  4.0800000000E+00  4.0850000000E+00  1.50014E-02  1.54406E-01
  4.0850000000E+00  4.0900000000E+00  1.49947E-02  2.15262E-01
  4.0900000000E+00  4.0950000000E+00  1.50304E-02  1.65218E-01
  4.0950000000E+00  4.1000000000E+00  1.50978E-02  2.59127E-01
  4.1000000000E+00  4.1050000000E+00  1.50852E-02  2.31520E-01
  4.1050000000E+00  4.1100000000E+00  1.51419E-02  3.22459E-01
  4.1100000000E+00  4.1150000000E+00  1.51085E-02  1.79877E-01
  4.1150000000E+00  4.1200000000E+00  1.51081E-02  1.85592E-01
  4.1200000000E+00  4.1250000000E+00  1.52051E-02  3.41431E-01
  4.1250000000E+00  4.1300000000E+00  1.51615E-02  2.28687E-01
  4.1300000000E+00  4.1350000000E+00  1.51631E-02  1.92621E-01
  4.1350000000E+00  4.1400000000E+00  1.51725E-02  2.37493E-01
  4.1400000000E+00  4.1450000000E+00  1.51955E-02  2.46124E-01
  4.1450000000E+00  4.1500000000E+00  1.51550E-02  1.51778E-01
  4.1500000000E+00  4.1550000000E+00  1.52326E-02  1.84587E-01
  4.1550000000E+00  4.1600000000E+00  1.52393E-02  1.90846E-01
  4.1600000000E+00  4.1650000000E+00  1.52646E-02  1.48716E-01
  4.1650000000E+00  4.1700000000E+00  1.53227E-02  2.35909E-01
  4.1700000000E+00  4.1750000000E+00  1.53524E-02  1.59962E-01
  4.1750000000E+00  4.1800000000E+00  1.53427E-02  1.20054E-01
  4.1800000000E+00  4.1850000000E+00  1.53847E-02  1.73569E-01
  4.1850000000E+00  4.1900000000E+00  1.54160E-02  2.53309E-01
  4.1900000000E+00  4.1950000000E+00  1.54331E-02  2.20898E-01
  4.1950000000E+00  4.2000000000E+00  1.54630E-02  1.45475E-01
  4.2000000000E+00  4.2050000000E+00  1.54707E-02  1.27174E-01
  4.2050000000E+00  4.2100000000E+00  1.55148E-02  2.22364E-01
  4.2100000000E+00  4.2150000000E+00  1.55617E-02  1.80544E-01
  4.2150000000E+00  4.2200000000E+00  1.55557E-02  1.43223E-01
  4.2200000000E+00  4.2250000000E+00  1.56035E-02  1.91465E-01
  4.2250000000E+00  4.2300000000E+00  1.56271E-02  1.72771E-01
  4.2300000000E+00  4.2350000000E+00  1.56579E-02  2.32855E-01
  4.2350000000E+00  4.2400000000E+00  1.57082E-02  2.29105E-01
  4.2400000000E+00  4.2450000000E+00  1.57529E-02  2.01680E-01
  4.2450000000E+00  4.2500000000E+00  1.57992E-02  1.81369E-01
  4.2500000000E+00  4.2550000000E+00  1.57954E-02  2.02892E-01
  4.2550000000E+00  4.2600000000E+00  1.58157E-02  1.64448E-01
  4.2600000000E+00  4.2650000000E+00  1.57852E-02  1.98754E-01
  4.2650000000E+00  4.2700000000E+00  1.58257E-02  1.66088E-01
  4.2700000000E+00  4.2750000000E+00  1.58593E-02  1.99955E-01
  4.2750000000E+00  4.2800000000E+00  1.58782E-02  1.99768E-01
  4.2800000000E+00  4.2850000000E+00  1.59201E-02  1.54012E-01
  4.2850000000E+00  4.2900000000E+00  1.59596E-02  2.14853E-01
  4.2900000000E+00  4.2950000000E+00  1.60988E-02  2.22386E-01
  4.2950000000E+00  4.3000000000E+00  1.60374E-02  1.58040E-01
  4.3000000000E+00  4.3050000000E+00  1.60178E-02  1.99675E-01
  4.3050000000E+00  4.3100000000E+00  1.60223E-02  1.51863E-01
  4.3100000000E+00  4.3150000000E+00  1.61305E-02  2.66325E-01
  4.3150000000E+00  4.3200000000E+00  1.60869E-02  1.85289E-01
  4.3200000000E+00  4.3250000000E+00  1.61634E-02  2.55272E-01
  4.3250000000E+00  4.3300000000E+00  1.62358E-02  2.05898E-01
  4.3300000000E+00  4.3350000000E+00  1.61816E-02  1.85195E-01
  4.3350000000E+00  4.3400000000E+00  1.61843E-02  1.45275E-01
  4.3400000000E+00  4.3450000000E+00  1.62344E-02  1.84573E-01
  4.3450000000E+00  4.3500000000E+00  1.62898E-02  1.41240E-01
  4.3500000000E+00  4.3550000000E+00  1.63481E-02  2.89316E-01
  4.3550000000E+00  4.3600000000E+00  1.63727E-02  2.36590E-01
  4.3600000000E+00  4.3650000000E+00  1.63450E-02  1.82010E-01
  4.3650000000E+00  4.3700000000E+00  1.63607E-02  1.59039E-01
  4.3700000000E+00  4.3750000000E+00  1.63835E-02  1.86665E-01
  4.3750000000E+00  4.3800000000E+00  1.64183E-02  1.55102E-01
  4.3800000000E+00  4.3850000000E+00  1.64860E-02  1.86085E-01
  4.3850000000E+00  4.3900000000E+00  1.65703E-02  2.51751E-01
  4.3900000000E+00  4.3950000000E+00  1.65907E-02  2.22693E-01
  4.3950000000E+00  4.4000000000E+00  1.66161E-02  2.80217E-01
  4.4000000000E+00  4.4050000000E+00  1.66106E-02  2.24386E-01
  4.4050000000E+00  4.4100000000E+00  1.66032E-02  2.05891E-01
  4.4100000000E+00  4.4150000000E+00  1.66315E-02  1.36992E-01
  4.4150000000E+00  4.4200000000E+00  1.66781E-02  1.17087E-01
  4.4200000000E+00  4.4250000000E+00  1.67481E-02  2.20782E-01
  4.4250000000E+00  4.4300000000E+00  1.67659E-02  3.28302E-01
  4.4300000000E+00  4.4350000000E+00  1.67641E-02  1.88658E-01
  4.4350000000E+00  4.4400000000E+00  1.67844E-02  1.81361E-01
  4.4400000000E+00  4.4450000000E+00  1.68421E-02  1.59347E-01
  4.4450000000E+00  4.4500000000E+00  1.68752E-02  1.65941E-01
  4.4500000000E+00  4.4550000000E+00  1.69479E-02  2.16205E-01
  4.4550000000E+00  4.4600000000E+00  1.69844E-02  2.55439E-01
  4.4600000000E+00  4.4650000000E+00  1.70150E-02  1.58100E-01
  4.4650000000E+00  4.4700000000E+00  1.69811E-02  1.56604E-01
  4.4700000000E+00  4.4750000000E+00  1.70417E-02  2.01262E-01
  4.4750000000E+00  4.4800000000E+00  1.71026E-02  1.65117E-01
  4.4800000000E+00  4.4850000000E+00  1.71340E-02  1.85808E-01
  4.4850000000E+00  4.4900000000E+00  1.71522E-02  2.26547E-01
  4.4900000000E+00  4.4950000000E+00  1.71926E-02  1.41037E-01
  4.4950000000E+00  4.5000000000E+00  1.71985E-02  1.16634E-01
  4.5000000000E+00  4.5050000000E+00  1.72805E-02  1.52494E-01
  4.5050000000E+00  4.5100000000E+00  1.73360E-02  2.11885E-01
  4.5100000000E+00  4.5150000000E+00  1.73590E-02  1.62565E-01
  4.5150000000E+00  4.5200000000E+00  1.73828E-02  1.73452E-01
  4.5200000000E+00  4.5250000000E+00  1.74168E-02  1.27576E-01
  4.5250000000E+00  4.5300000000E+00  1.74209E-02  1.30396E-01
  4.5300000000E+00  4.5350000000E+00  1.74807E-02  1.53317E-01
  4.5350000000E+00  4.5400000000E+00  1.75362E-02  1.10076E-01
  4.5400000000E+00  4.5450000000E+00  1.75648E-02  1.86237E-01
  4.5450000000E+00  4.5500000000E+00  1.76014E-02  1.68617E-01
  4.5500000000E+00  4.5550000000E+00  1.76382E-02  1.51945E-01
  4.5550000000E+00  4.5600000000E+00  1.77425E-02  1.91975E-01
  4.5600000000E+00  4.5650000000E+00  1.77855E-02  1.63769E-01
  4.5650000000E+00  4.5700000000E+00  1.77919E-02  1.75034E-01
  4.5700000000E+00  4.5750000000E+00  1.78274E-02  2.13500E-01
  4.5750000000E+00  4.5800000000E+00  1.79232E-02  1.54298E-01
  4.5800000000E+00  4.5850000000E+00  1.78727E-02  1.47678E-01
  4.5850000000E+00  4.5900000000E+00  1.78968E-02  1.76756E-01
  4.5900000000E+00  4.5950000000E+00  1.79788E-02  1.61298E-01
  4.5950000000E+00  4.6000000000E+00  1.80443E-02  1.64181E-01
  4.6000000000E+00  4.6050000000E+00  1.80806E-02  1.96127E-01
  4.6050000000E+00  4.6100000000E+00  1.81067E-02  1.48302E-01
  4.6100000000E+00  4.6150000000E+00  1.81743E-02  1.30195E-01
  4.6150000000E+00  4.6200000000E+00  1.82058E-02  2.09977E-01
  4.6200000000E+00  4.6250000000E+00  1.82396E-02  1.26378E-01
  4.6250000000E+00  4.6300000000E+00  1.83136E-02  1.54965E-01
  4.6300000000E+00  4.6350000000E+00  1.83334E-02  1.43257E-01
  4.6350000000E+00  4.6400000000E+00  1.84467E-02  1.48131E-01
  4.6400000000E+00  4.6450000000E+00  1.85012E-02  1.41199E-01
  4.6450000000E+00  4.6500000000E+00  1.84386E-02  1.36310E-01
  4.6500000000E+00  4.6550000000E+00  1.84958E-02  1.36737E-01
  4.6550000000E+00  4.6600000000E+00  1.85144E-02  1.49361E-01
  4.6600000000E+00  4.6650000000E+00  1.85472E-02  1.26884E-01
  4.6650000000E+00  4.6700000000E+00  1.86413E-02  1.42778E-01
  4.6700000000E+00  4.6750000000E+00  1.87101E-02  1.51797E-01
  4.6750000000E+00  4.6800000000E+00  1.88080E-02  1.83491E-01
  4.6800000000E+00  4.6850000000E+00  1.88349E-02  1.57092E-01
  4.6850000000E+00  4.6900000000E+00  1.88669E-02  1.94836E-01
  4.6900000000E+00  4.6950000000E+00  1.89031E-02  1.41950E-01
  4.6950000000E+00  4.7000000000E+00  1.89157E-02  1.25957E-01
  4.7000000000E+00  4.7050000000E+00  1.90069E-02  1.39792E-01
  4.7050000000E+00  4.7100000000E+00  1.90384E-02  9.81911E-02
  4.7100000000E+00  4.7150000000E+00  1.91373E-02  1.44123E-01
  4.7150000000E+00  4.7200000000E+00  1.92057E-02  1.85294E-01
  4.7200000000E+00  4.7250000000E+00  1.92559E-02  1.93899E-01
  4.7250000000E+00  4.7300000000E+00  1.92787E-02  1.93650E-01
  4.7300000000E+00  4.7350000000E+00  1.93578E-02  1.28887E-01
  4.7350000000E+00  4.7400000000E+00  1.93884E-02  1.57222E-01
  4.7400000000E+00  4.7450000000E+00  1.94453E-02  1.70732E-01
  4.7450000000E+00  4.7500000000E+00  1.94795E-02  1.40290E-01
  4.7500000000E+00  4.7550000000E+00  1.95837E-02  1.85287E-01
  4.7550000000E+00  4.7600000000E+00  1.96782E-02  1.50680E-01
  4.7600000000E+00  4.7650000000E+00  1.97186E-02  1.47735E-01
  4.7650000000E+00  4.7700000000E+00  1.97876E-02  1.51856E-01
  4.7700000000E+00  4.7750000000E+00  1.98105E-02  1.20437E-01
  4.7750000000E+00  4.7800000000E+00  1.99210E-02  1.27778E-01
  4.7800000000E+00  4.7850000000E+00  1.99495E-02  1.51410E-01
  4.7850000000E+00  4.7900000000E+00  1.99794E-02  1.54747E-01
  4.7900000000E+00  4.7950000000E+00  2.00799E-02  1.52957E-01
  4.7950000000E+00  4.8000000000E+00  2.00617E-02  1.39993E-01
  4.8000000000E+00  4.8050000000E+00  2.01737E-02  1.27479E-01
  4.8050000000E+00  4.8100000000E+00  2.02764E-02  1.50049E-01
  4.8100000000E+00  4.8150000000E+00  2.03025E-02  1.33562E-01
  4.8150000000E+00  4.8200000000E+00  2.03722E-02  1.21792E-01
  4.8200000000E+00  4.8250000000E+00  2.04885E-02  2.20527E-01
  4.8250000000E+00  4.8300000000E+00  2.05518E-02  1.51283E-01
  4.8300000000E+00  4.8350000000E+00  2.05632E-02  1.20101E-01
  4.8350000000E+00  4.8400000000E+00  2.06169E-02  1.35011E-01
  4.8400000000E+00  4.8450000000E+00  2.07048E-02  1.30297E-01
  4.8450000000E+00  4.8500000000E+00  2.07563E-02  1.26347E-01
  4.8500000000E+00  4.8550000000E+00  2.08624E-02  1.40999E-01
  4.8550000000E+00  4.8600000000E+00  2.09336E-02  1.54296E-01
  4.8600000000E+00  4.8650000000E+00  2.10136E-02  1.62177E-01
  4.8650000000E+00  4.8700000000E+00  2.10984E-02  1.64881E-01
  4.8700000000E+00  4.8750000000E+00  2.12021E-02  1.80872E-01
  4.8750000000E+00  4.8800000000E+00  2.12560E-02  1.50011E-01
  4.8800000000E+00  4.8850000000E+00  2.13693E-02  2.07931E-01
  4.8850000000E+00  4.8900000000E+00  2.14122E-02  1.31075E-01
  4.8900000000E+00  4.8950000000E+00  2.15376E-02  1.48386E-01
  4.8950000000E+00  4.9000000000E+00  2.15461E-02  1.31219E-01
  4.9000000000E+00  4.9050000000E+00  2.16718E-02  1.68733E-01
  4.9050000000E+00  4.9100000000E+00  2.17780E-02  1.45724E-01
  4.9100000000E+00  4.9150000000E+00  2.18324E-02  1.21511E-01
  4.9150000000E+00  4.9200000000E+00  2.19078E-02  1.31714E-01
  4.9200000000E+00  4.9250000000E+00  2.19392E-02  1.09770E-01
  4.9250000000E+00  4.9300000000E+00  2.20940E-02  1.29301E-01
  4.9300000000E+00  4.9350000000E+00  2.21578E-02  1.57891E-01
  4.9350000000E+00  4.9400000000E+00  2.22897E-02  1.58204E-01
  4.9400000000E+00  4.9450000000E+00  2.23499E-02  1.35105E-01
  4.9450000000E+00  4.9500000000E+00  2.25021E-02  1.31757E-01
  4.9500000000E+00  4.9550000000E+00  2.26336E-02  1.33493E-01
  4.9550000000E+00  4.9600000000E+00  2.26522E-02  1.53283E-01
  4.9600000000E+00  4.9650000000E+00  2.27445E-02  1.70988E-01
  4.9650000000E+00  4.9700000000E+00  2.28838E-02  1.39193E-01
  4.9700000000E+00  4.9750000000E+00  2.29353E-02  1.31251E-01
  4.9750000000E+00  4.9800000000E+00  2.29817E-02  1.48773E-01
  4.9800000000E+00  4.9850000000E+00  2.31176E-02  9.58204E-02
  4.9850000000E+00  4.9900000000E+00  2.32208E-02  1.08634E-01
  4.9900000000E+00  4.9950000000E+00  2.33324E-02  1.49703E-01
  4.9950000000E+00  5.0000000000E+00  2.34826E-02  1.54241E-01
  5.0000000000E+00  5.0050000000E+00  2.35596E-02  1.00822E-01
  5.0050000000E+00  5.0100000000E+00  2.36547E-02  8.56057E-02
  5.0100000000E+00  5.0150000000E+00  2.37740E-02  1.06685E-01
  5.0150000000E+00  5.0200000000E+00  2.39411E-02  1.53727E-01
  5.0200000000E+00  5.0250000000E+00  2.40300E-02  9.97771E-02
  5.0250000000E+00  5.0300000000E+00  2.41808E-02  1.05133E-01
  5.0300000000E+00  5.0350000000E+00  2.42837E-02  1.14917E-01
  5.0350000000E+00  5.0400000000E+00  2.43791E-02  1.06549E-01
  5.0400000000E+00  5.0450000000E+00  2.46119E-02  1.24485E-01
  5.0450000000E+00  5.0500000000E+00  2.47169E-02  9.84042E-02
  5.0500000000E+00  5.0550000000E+00  2.48485E-02  9.28987E-02
  5.0550000000E+00  5.0600000000E+00  2.49959E-02  1.31543E-01
  5.0600000000E+00  5.0650000000E+00  2.50901E-02  1.26348E-01
  5.0650000000E+00  5.0700000000E+00  2.52165E-02  1.03608E-01
  5.0700000000E+00  5.0750000000E+00  2.53792E-02  8.72595E-02
  5.0750000000E+00  5.0800000000E+00  2.55437E-02  9.32381E-02
  5.0800000000E+00  5.0850000000E+00  2.57380E-02  1.15028E-01
  5.0850000000E+00  5.0900000000E+00  2.58345E-02  9.04993E-02
  5.0900000000E+00  5.0950000000E+00  2.60075E-02  9.10128E-02
  5.0950000000E+00  5.1000000000E+00  2.61838E-02  9.30646E-02
  5.1000000000E+00  5.1050000000E+00  2.63474E-02  6.41550E-02
  5.1050000000E+00  5.1100000000E+00  2.65202E-02  1.01058E-01
  5.1100000000E+00  5.1150000000E+00  2.67056E-02  1.27648E-01
  5.1150000000E+00  5.1200000000E+00  2.68525E-02  1.03092E-01
  5.1200000000E+00  5.1250000000E+00  2.70488E-02  1.05430E-01
  5.1250000000E+00  5.1300000000E+00  2.72333E-02  9.53581E-02
  5.1300000000E+00  5.1350000000E+00  2.74878E-02  1.23734E-01
  5.1350000000E+00  5.1400000000E+00  2.76748E-02  9.48668E-02
  5.1400000000E+00  5.1450000000E+00  2.78342E-02  1.00779E-01
  5.1450000000E+00  5.1500000000E+00  2.80374E-02  7.70928E-02
  5.1500000000E+00  5.1550000000E+00  2.82634E-02  1.00455E-01
  5.1550000000E+00  5.1600000000E+00  2.85032E-02  7.84499E-02
  5.1600000000E+00  5.1650000000E+00  2.86982E-02  6.85151E-02
  5.1650000000E+00  5.1700000000E+00  2.89827E-02  7.95999E-02
  5.1700000000E+00  5.1750000000E+00  2.92328E-02  9.26696E-02
  5.1750000000E+00  5.1800000000E+00  2.94735E-02  9.44295E-02
  5.1800000000E+00  5.1850000000E+00  2.97280E-02  1.03525E-01
  5.1850000000E+00  5.1900000000E+00  3.00383E-02  1.11773E-01
  5.1900000000E+00  5.1950000000E+00  3.02778E-02  8.24538E-02
  5.1950000000E+00  5.2000000000E+00  3.05802E-02  9.27870E-02
  5.2000000000E+00  5.2050000000E+00  3.08513E-02  1.08281E-01
  5.2050000000E+00  5.2100000000E+00  3.11419E-02  1.16930E-01
  5.2100000000E+00  5.2150000000E+00  3.14554E-02  1.24173E-01
  5.2150000000E+00  5.2200000000E+00  3.17616E-02  1.00779E-01
  5.2200000000E+00  5.2250000000E+00  3.21437E-02  1.33530E-01
  5.2250000000E+00  5.2300000000E+00  3.24957E-02  1.28112E-01
  5.2300000000E+00  5.2350000000E+00  3.28437E-02  9.14869E-02
  5.2350000000E+00  5.2400000000E+00  3.32739E-02  1.40564E-01
  5.2400000000E+00  5.2450000000E+00  3.36644E-02  7.78209E-02
  5.2450000000E+00  5.2500000000E+00  3.41019E-02  7.26848E-02
  5.2500000000E+00  5.2550000000E+00  3.45767E-02  1.05632E-01
  5.2550000000E+00  5.2600000000E+00  3.49876E-02  1.01396E-01
  5.2600000000E+00  5.2650000000E+00  3.55136E-02  1.04665E-01
  5.2650000000E+00  5.2700000000E+00  3.60134E-02  1.30506E-01
  5.2700000000E+00  5.2750000000E+00  3.65361E-02  1.25300E-01
  5.2750000000E+00  5.2800000000E+00  3.71237E-02  1.10789E-01
  5.2800000000E+00  5.2850000000E+00  3.77012E-02  1.13947E-01
  5.2850000000E+00  5.2900000000E+00  3.83792E-02  1.34560E-01
  5.2900000000E+00  5.2950000000E+00  3.90243E-02  1.16041E-01
  5.2950000000E+00  5.3000000000E+00  3.97369E-02  1.09213E-01
  5.3000000000E+00  5.3050000000E+00  4.05079E-02  1.04032E-01
  5.3050000000E+00  5.3100000000E+00  4.12465E-02  8.45627E-02
  5.3100000000E+00  5.3150000000E+00  4.20240E-02  6.58625E-02
  5.3150000000E+00  5.3200000000E+00  4.29133E-02  1.21472E-01
  5.3200000000E+00  5.3250000000E+00  4.37925E-02  1.17641E-01
  5.3250000000E+00  5.3300000000E+00  4.47487E-02  1.31362E-01
  5.3300000000E+00  5.3350000000E+00  4.57370E-02  1.28971E-01
  5.3350000000E+00  5.3400000000E+00  4.66836E-02  1.06588E-01
  5.3400000000E+00  5.3450000000E+00  4.76399E-02  1.32776E-01
  5.3450000000E+00  5.3500000000E+00  4.86311E-02  1.02549E-01
  5.3500000000E+00  5.3550000000E+00  4.96829E-02  1.17643E-01
  5.3550000000E+00  5.3600000000E+00  5.07092E-02  1.35164E-01
  5.3600000000E+00  5.3650000000E+00  5.16782E-02  1.27215E-01
  5.3650000000E+00  5.3700000000E+00  5.25403E-02  1.54073E-01
  5.3700000000E+00  5.3750000000E+00  5.31716E-02  1.19400E-01
  5.3750000000E+00  5.3800000000E+00  5.39246E-02  1.35282E-01
  5.3800000000E+00  5.3850000000E+00  5.44827E-02  1.35987E-01
  5.3850000000E+00  5.3900000000E+00  5.50056E-02  1.07278E-01
  5.3900000000E+00  5.3950000000E+00  5.51173E-02  1.08180E-01
  5.3950000000E+00  5.4000000000E+00  5.51227E-02  1.55324E-01
  5.4000000000E+00  5.4050000000E+00  5.48226E-02  1.96101E-01
  5.4050000000E+00  5.4100000000E+00  5.44262E-02  1.91444E-01
  5.4100000000E+00  5.4150000000E+00  5.38912E-02  1.66980E-01
  5.4150000000E+00  5.4200000000E+00  5.30328E-02  1.29640E-01
  5.4200000000E+00  5.4250000000E+00  5.17825E-02  1.83994E-01
  5.4250000000E+00  5.4300000000E+00  5.04352E-02  1.89307E-01
  5.4300000000E+00  5.4350000000E+00  4.87673E-02  3.02671E-01
  5.4350000000E+00  5.4400000000E+00  4.68100E-02  2.69349E-01
  5.4400000000E+00  5.4450000000E+00  4.46807E-02  2.70972E-01
  5.4450000000E+00  5.4500000000E+00  4.22394E-02  2.63808E-01
  5.4500000000E+00  5.4550000000E+00  3.98008E-02  2.40750E-01
  5.4550000000E+00  5.4600000000E+00  3.71323E-02  2.69025E-01
  5.4600000000E+00  5.4650000000E+00  3.44130E-02  2.58691E-01
  5.4650000000E+00  5.4700000000E+00  3.17526E-02  3.51765E-01
  5.4700000000E+00  5.4750000000E+00  2.88883E-02  3.49170E-01
  5.4750000000E+00  5.4800000000E+00  2.62888E-02  4.17783E-01
  5.4800000000E+00  5.4850000000E+00  2.36258E-02  3.81436E-01
  5.4850000000E+00  5.4900000000E+00  2.09496E-02  3.50379E-01
  5.4900000000E+00  5.4950000000E+00  1.85308E-02  5.20193E-01
  5.4950000000E+00  5.5000000000E+00  1.62446E-02  4.94603E-01
  5.5000000000E+00  5.5050000000E+00  1.41218E-02  5.66253E-01
  5.5050000000E+00  5.5100000000E+00  1.21466E-02  7.31948E-01
  5.5100000000E+00  5.5150000000E+00  1.03006E-02  7.81060E-01
  5.5150000000E+00  5.5200000000E+00  8.70105E-03  6.92441E-01
  5.5200000000E+00  5.5250000000E+00  7.30092E-03  9.95127E-01
  5.5250000000E+00  5.5300000000E+00  6.03467E-03  9.22858E-01
  5.5300000000E+00  5.5350000000E+00  4.97216E-03  9.75923E-01
  5.5350000000E+00  5.5400000000E+00  4.03561E-03  1.32109E+00
  5.5400000000E+00  5.5450000000E+00  3.23853E-03  1.28079E+00
  5.5450000000E+00  5.5500000000E+00  2.55955E-03  1.43999E+00
  5.5500000000E+00  5.5550000000E+00  2.03057E-03  1.50606E+00
  5.5550000000E+00  5.5600000000E+00  1.56985E-03  2.02915E+00
  5.5600000000E+00  5.5650000000E+00  1.22317E-03  2.66836E+00
  5.5650000000E+00  5.5700000000E+00  9.56501E-04  2.09047E+00
  5.5700000000E+00  5.5750000000E+00  7.07686E-04  2.41761E+00
  5.5750000000E+00  5.5800000000E+00  5.28313E-04  2.20425E+00
  5.5800000000E+00  5.5850000000E+00  3.58846E-04  3.30036E+00
  5.5850000000E+00  5.5900000000E+00  2.68462E-04  4.85177E+00
  5.5900000000E+00  5.5950000000E+00  2.02945E-04  5.16670E+00
  5.5950000000E+00  5.6000000000E+00  1.43803E-04  5.94642E+00
  5.6000000000E+00  5.6050000000E+00  9.90452E-05  7.38049E+00
  5.6050000000E+00  5.6100000000E+00  6.58870E-05  9.46664E+00
  5.6100000000E+00  5.6150000000E+00  4.58524E-05  8.38147E+00
  5.6150000000E+00  5.6200000000E+00  3.32477E-05  1.09227E+01
  5.6200000000E+00  5.6250000000E+00  2.54213E-05  1.33005E+01
  5.6250000000E+00  5.6300000000E+00  1.84238E-05  1.74652E+01
  5.6300000000E+00  5.6350000000E+00  1.39704E-05  2.02990E+01
  5.6350000000E+00  5.6400000000E+00  7.67227E-06  2.48549E+01
  5.6400000000E+00  5.6450000000E+00  6.34849E-06  2.94184E+01
  5.6450000000E+00  5.6500000000E+00  3.36158E-06  3.44935E+01
  5.6500000000E+00  5.6550000000E+00  2.19345E-06  4.34204E+01
  5.6550000000E+00  5.6600000000E+00  3.03038E-06  4.03211E+01
  5.6600000000E+00  5.6650000000E+00  9.57209E-07  7.68131E+01
  5.6650000000E+00  5.6700000000E+00  2.25837E-07  7.02040E+01
  5.6700000000E+00  5.6750000000E+00  2.81118E-07  5.81519E+01
  5.6750000000E+00  5.6800000000E+00  1.03246E-06  5.77612E+01
  5.6800000000E+00  5.6850000000E+00  5.07427E-07  6.09579E+01
  5.6850000000E+00  5.6900000000E+00  5.73403E-07  6.40073E+01
  5.6900000000E+00  5.6950000000E+00  6.44591E-07  6.34888E+01
  5.6950000000E+00  5.7000000000E+00  7.21648E-07  6.87332E+01
  5.7000000000E+00  5.7050000000E+00  1.05863E-06  7.62284E+01
  5.7050000000E+00  5.7100000000E+00  2.58062E-07  7.20855E+01
  5.7100000000E+00  5.7150000000E+00  2.67085E-07  7.24098E+01
  5.7150000000E+00  5.7200000000E+00  2.81033E-07  7.21798E+01
  5.7200000000E+00  5.7250000000E+00  2.81298E-07  7.21945E+01
  5.7250000000E+00  5.7300000000E+00  2.83342E-07  7.23084E+01
  5.7300000000E+00  5.7350000000E+00  2.86746E-07  7.24978E+01
  5.7350000000E+00  5.7400000000E+00  3.03574E-07  7.34233E+01
  5.7400000000E+00  5.7450000000E+00  3.20745E-07  7.43533E+01
  5.7450000000E+00  5.7500000000E+00  3.32410E-07  7.49636E+01
  5.7500000000E+00  5.7550000000E+00  3.35435E-07  7.51191E+01
  5.7550000000E+00  5.7600000000E+00  3.81102E-07  7.73149E+01
  5.7600000000E+00  5.7650000000E+00  5.65539E-07  6.02605E+01
  5.7650000000E+00  5.7700000000E+00  4.69860E-07  7.90126E+01
  5.7700000000E+00  5.7750000000E+00  6.01878E-07  7.13456E+01
  5.7750000000E+00  5.7800000000E+00  8.89330E-07  8.79462E+01
  5.7800000000E+00  5.7850000000E+00  2.72233E-07  7.01880E+01
  5.7850000000E+00  5.7900000000E+00  1.08339E-07  1.00000E+02
  5.7900000000E+00  5.7950000000E+00  1.08339E-07  1.00000E+02
  5.7950000000E+00  5.8000000000E+00  1.08339E-07  1.00000E+02
  5.8000000000E+00  5.8050000000E+00  1.18066E-07  9.71394E+01
  5.8050000000E+00  5.8100000000E+00  1.15902E-07  1.00000E+02
  5.8100000000E+00  5.8150000000E+00  1.15904E-07  9.99987E+01
  5.8150000000E+00  5.8200000000E+00  1.15902E-07  1.00000E+02
  5.8200000000E+00  5.8250000000E+00  1.15902E-07  1.00000E+02
  5.8250000000E+00  5.8300000000E+00  1.15902E-07  1.00000E+02
  5.8300000000E+00  5.8350000000E+00  1.21326E-07  1.00000E+02
  5.8350000000E+00  5.8400000000E+00  1.28420E-07  1.00000E+02
  5.8400000000E+00  5.8450000000E+00  1.28420E-07  1.00000E+02
  5.8450000000E+00  5.8500000000E+00  1.28420E-07  1.00000E+02
  5.8500000000E+00  5.8550000000E+00  1.28420E-07  1.00000E+02
  5.8550000000E+00  5.8600000000E+00  1.88914E-07  7.40191E+01
  5.8600000000E+00  5.8650000000E+00  6.32614E-07  7.86634E+01
  5.8650000000E+00  5.8700000000E+00  8.57015E-07  8.34217E+01
  5.8700000000E+00  5.8750000000E+00  1.48950E-07  1.00000E+02
  5.8750000000E+00  5.8800000000E+00  1.48950E-07  1.00000E+02
  5.8800000000E+00  5.8850000000E+00  1.54434E-07  1.00000E+02
  5.8850000000E+00  5.8900000000E+00  1.56201E-07  1.00000E+02
  5.8900000000E+00  5.8950000000E+00  1.87364E-07  1.00000E+02
  5.8950000000E+00  5.9000000000E+00  1.59038E-07  1.00000E+02
  5.9000000000E+00  5.9050000000E+00  1.69802E-07  1.00000E+02
  5.9050000000E+00  5.9100000000E+00  1.69802E-07  1.00000E+02
  5.9100000000E+00  5.9150000000E+00  1.72599E-07  1.00000E+02
  5.9150000000E+00  5.9200000000E+00  1.80026E-07  1.00000E+02
  5.9200000000E+00  5.9250000000E+00  1.80026E-07  1.00000E+02
  5.9250000000E+00  5.9300000000E+00  2.15267E-07  1.00000E+02
  5.9300000000E+00  5.9350000000E+00  2.20700E-07  1.00000E+02
  5.9350000000E+00  5.9400000000E+00  2.27449E-07  1.00000E+02
  5.9400000000E+00  5.9450000000E+00  2.33791E-07  9.85939E+01
  5.9450000000E+00  5.9500000000E+00  2.36756E-07  1.00000E+02
  5.9500000000E+00  5.9550000000E+00  2.58602E-07  1.00000E+02
  5.9550000000E+00  5.9600000000E+00  2.82055E-07  1.00000E+02
  5.9600000000E+00  5.9650000000E+00  3.34371E-07  1.00000E+02
  5.9650000000E+00  5.9700000000E+00  3.73131E-07  1.00000E+02
  5.9700000000E+00  5.9750000000E+00  4.66443E-07  1.00000E+02
  5.9750000000E+00  5.9800000000E+00  7.59434E-07  1.00000E+02
  5.9800000000E+00  5.9850000000E+00  2.42082E-07  1.00000E+02
  5.9850000000E+00  5.9900000000E+00  1.34967E-15  1.00000E+02
  5.9900000000E+00  5.9950000000E+00  2.14355E-11  1.00000E+02
  5.9950000000E+00  6.0000000000E+00  0.00000E+00  0.00000E+00
  6.0000000000E+00  6.0050000000E+00  0.00000E+00  0.00000E+00
  6.0050000000E+00  6.0100000000E+00  0.00000E+00  0.00000E+00
  6.0100000000E+00  6.0150000000E+00  0.00000E+00  0.00000E+00
  6.0150000000E+00  6.0200000000E+00  0.00000E+00  0.00000E+00
  6.0200000000E+00  6.0250000000E+00  0.00000E+00  0.00000E+00
  6.0250000000E+00  6.0300000000E+00  0.00000E+00  0.00000E+00
  6.0300000000E+00  6.0350000000E+00  0.00000E+00  0.00000E+00
  6.0350000000E+00  6.0400000000E+00  7.07938E-07  1.00000E+02
  6.0400000000E+00  6.0450000000E+00  0.00000E+00  0.00000E+00
  6.0450000000E+00  6.0500000000E+00  3.72032E-06  1.00000E+02
  6.0500000000E+00  6.0550000000E+00  0.00000E+00  0.00000E+00
  6.0550000000E+00  6.0600000000E+00  2.96098E-07  1.00000E+02
  6.0600000000E+00  6.0650000000E+00  1.02695E-14  1.00000E+02
  6.0650000000E+00  6.0700000000E+00  8.79372E-15  1.00000E+02
  6.0700000000E+00  6.0750000000E+00  3.94749E-14  1.00000E+02
  6.0750000000E+00  6.0800000000E+00  9.35849E-15  8.04894E+01
  6.0800000000E+00  6.0850000000E+00  2.19395E-14  1.00000E+02
  6.0850000000E+00  6.0900000000E+00  0.00000E+00  0.00000E+00
  6.0900000000E+00  6.0950000000E+00  0.00000E+00  0.00000E+00
  6.0950000000E+00  6.1000000000E+00  0.00000E+00  0.00000E+00
  6.1000000000E+00  6.1050000000E+00  0.00000E+00  0.00000E+00
  6.1050000000E+00  6.1100000000E+00  4.72844E-08  1.00000E+02
  6.1100000000E+00  6.1150000000E+00  1.42005E-07  1.00000E+02
  6.1150000000E+00  6.1200000000E+00  1.42005E-07  1.00000E+02
  6.1200000000E+00  6.1250000000E+00  1.42005E-07  1.00000E+02
  6.1250000000E+00  6.1300000000E+00  3.02655E-07  6.87457E+01
  6.1300000000E+00  6.1350000000E+00  1.49880E-07  1.00000E+02
  6.1350000000E+00  6.1400000000E+00  1.57608E-07  1.00000E+02
  6.1400000000E+00  6.1450000000E+00  1.57608E-07  1.00000E+02
  6.1450000000E+00  6.1500000000E+00  1.57608E-07  1.00000E+02
  6.1500000000E+00  6.1550000000E+00  1.60450E-07  1.00000E+02
  6.1550000000E+00  6.1600000000E+00  2.43697E-07  6.88063E+01
  6.1600000000E+00  6.1650000000E+00  2.93911E-07  9.99981E+01
  6.1650000000E+00  6.1700000000E+00  4.24960E-07  1.00000E+02
  6.1700000000E+00  6.1750000000E+00  4.47241E-07  1.00000E+02
  6.1750000000E+00  6.1800000000E+00  4.99081E-07  1.00000E+02
  6.1800000000E+00  6.1850000000E+00  9.02525E-07  1.00000E+02
  6.1850000000E+00  6.1900000000E+00  6.90888E-07  8.88833E+01
  6.1900000000E+00  6.1950000000E+00  1.23245E-06  7.29285E+01
  6.1950000000E+00  6.2000000000E+00  1.40189E-06  7.00024E+01
  6.2000000000E+00  6.2050000000E+00  8.05264E-07  7.20977E+01
  6.2050000000E+00  6.2100000000E+00  2.36958E-07  1.00000E+02
  6.2100000000E+00  6.2150000000E+00  4.19921E-07  7.01369E+01
  6.2150000000E+00  6.2200000000E+00  2.84025E-07  1.00000E+02
  6.2200000000E+00  6.2250000000E+00  3.21118E-07  1.00000E+02
  6.2250000000E+00  6.2300000000E+00  3.45851E-07  1.00000E+02
  6.2300000000E+00  6.2350000000E+00  4.14318E-07  1.00000E+02
  6.2350000000E+00  6.2400000000E+00  5.35985E-07  1.00000E+02
  6.2400000000E+00  6.2450000000E+00  8.16286E-07  1.00000E+02
  6.2450000000E+00  6.2500000000E+00  0.00000E+00  0.00000E+00
  6.2500000000E+00  6.2550000000E+00  0.00000E+00  0.00000E+00
  6.2550000000E+00  6.2600000000E+00  5.55025E-15  1.00000E+02
  6.2600000000E+00  6.2650000000E+00  0.00000E+00  0.00000E+00
  6.2650000000E+00  6.2700000000E+00  0.00000E+00  0.00000E+00
  6.2700000000E+00  6.2750000000E+00  1.60424E-15  1.00000E+02
  6.2750000000E+00  6.2800000000E+00  1.49525E-11  1.00000E+02
  6.2800000000E+00  6.2850000000E+00  4.06858E-07  1.00000E+02
  6.2850000000E+00  6.2900000000E+00  0.00000E+00  0.00000E+00
  6.2900000000E+00  6.2950000000E+00  0.00000E+00  0.00000E+00
  6.2950000000E+00  6.3000000000E+00  0.00000E+00  0.00000E+00
  6.3000000000E+00  6.3050000000E+00  0.00000E+00  0.00000E+00
  6.3050000000E+00  6.3100000000E+00  0.00000E+00  0.00000E+00
  6.3100000000E+00  6.3150000000E+00  0.00000E+00  0.00000E+00
  6.3150000000E+00  6.3200000000E+00  1.79066E-11  1.00000E+02
  6.3200000000E+00  6.3250000000E+00  9.55605E-07  1.00000E+02
  6.3250000000E+00  6.3300000000E+00  7.66746E-15  1.00000E+02
  6.3300000000E+00  6.3350000000E+00  0.00000E+00  0.00000E+00
  6.3350000000E+00  6.3400000000E+00  0.00000E+00  0.00000E+00
  6.3400000000E+00  6.3450000000E+00  0.00000E+00  0.00000E+00
  6.3450000000E+00  6.3500000000E+00  6.08123E-15  1.00000E+02
  6.3500000000E+00  6.3550000000E+00  0.00000E+00  0.00000E+00
  6.3550000000E+00  6.3600000000E+00  0.00000E+00  0.00000E+00
  6.3600000000E+00  6.3650000000E+00  0.00000E+00  0.00000E+00
  6.3650000000E+00  6.3700000000E+00  0.00000E+00  0.00000E+00
  6.3700000000E+00  6.3750000000E+00  0.00000E+00  0.00000E+00
  6.3750000000E+00  6.3800000000E+00  0.00000E+00  0.00000E+00
  6.3800000000E+00  6.3850000000E+00  0.00000E+00  0.00000E+00
  6.3850000000E+00  6.3900000000E+00  1.04984E-06  1.00000E+02
  6.3900000000E+00  6.3950000000E+00  0.00000E+00  0.00000E+00
  6.3950000000E+00  6.4000000000E+00  0.00000E+00  0.00000E+00
  6.4000000000E+00  6.4050000000E+00  1.44612E-07  1.00000E+02
  6.4050000000E+00  6.4100000000E+00  6.28081E-07  1.00000E+02
  6.4100000000E+00  6.4150000000E+00  8.87876E-07  9.64415E+01
  6.4150000000E+00  6.4200000000E+00  1.27051E-06  9.99975E+01
  6.4200000000E+00  6.4250000000E+00  7.89038E-12  1.00000E+02
  6.4250000000E+00  6.4300000000E+00  0.00000E+00  0.00000E+00
  6.4300000000E+00  6.4350000000E+00  0.00000E+00  0.00000E+00
  6.4350000000E+00  6.4400000000E+00  2.75771E-12  1.00000E+02
  6.4400000000E+00  6.4450000000E+00  0.00000E+00  0.00000E+00
  6.4450000000E+00  6.4500000000E+00  0.00000E+00  0.00000E+00
  6.4500000000E+00  6.4550000000E+00  0.00000E+00  0.00000E+00
  6.4550000000E+00  6.4600000000E+00  6.51870E-08  1.00000E+02
  6.4600000000E+00  6.4650000000E+00  2.39254E-07  1.00000E+02
  6.4650000000E+00  6.4700000000E+00  2.32224E-07  1.00000E+02
  6.4700000000E+00  6.4750000000E+00  4.06553E-07  7.03891E+01
  6.4750000000E+00  6.4800000000E+00  2.75788E-07  1.00000E+02
  6.4800000000E+00  6.4850000000E+00  3.00115E-07  1.00000E+02
  6.4850000000E+00  6.4900000000E+00  3.24279E-07  1.00000E+02
  6.4900000000E+00  6.4950000000E+00  3.37922E-07  1.00000E+02
  6.4950000000E+00  6.5000000000E+00  3.51807E-07  1.00000E+02
  6.5000000000E+00  6.5050000000E+00  4.35060E-07  1.00000E+02
  6.5050000000E+00  6.5100000000E+00  5.44806E-07  1.00000E+02
  6.5100000000E+00  6.5150000000E+00  9.67656E-07  1.00000E+02
  6.5150000000E+00  6.5200000000E+00  6.58122E-08  1.00000E+02
  6.5200000000E+00  6.5250000000E+00  0.00000E+00  0.00000E+00
  6.5250000000E+00  6.5300000000E+00  0.00000E+00  0.00000E+00
  6.5300000000E+00  6.5350000000E+00  0.00000E+00  0.00000E+00
  6.5350000000E+00  6.5400000000E+00  8.34113E-16  1.00000E+02
  6.5400000000E+00  6.5450000000E+00  0.00000E+00  0.00000E+00
  6.5450000000E+00  6.5500000000E+00  0.00000E+00  0.00000E+00
  6.5500000000E+00  6.5550000000E+00  0.00000E+00  0.00000E+00
  6.5550000000E+00  6.5600000000E+00  0.00000E+00  0.00000E+00
  6.5600000000E+00  6.5650000000E+00  0.00000E+00  0.00000E+00
  6.5650000000E+00  6.5700000000E+00  5.21045E-08  1.00000E+02
  6.5700000000E+00  6.5750000000E+00  1.26427E-14  1.00000E+02
  6.5750000000E+00  6.5800000000E+00  1.58460E-13  1.00000E+02
  6.5800000000E+00  6.5850000000E+00  2.72254E-15  1.00000E+02
  6.5850000000E+00  6.5900000000E+00  0.00000E+00  0.00000E+00
  6.5900000000E+00  6.5950000000E+00  0.00000E+00  0.00000E+00
  6.5950000000E+00  6.6000000000E+00  0.00000E+00  0.00000E+00
  6.6000000000E+00  6.6050000000E+00  0.00000E+00  0.00000E+00
  6.6050000000E+00  6.6100000000E+00  2.75771E-12  1.00000E+02
  6.6100000000E+00  6.6150000000E+00  0.00000E+00  0.00000E+00
  6.6150000000E+00  6.6200000000E+00  0.00000E+00  0.00000E+00
  6.6200000000E+00  6.6250000000E+00  0.00000E+00  0.00000E+00
  6.6250000000E+00  6.6300000000E+00  0.00000E+00  0.00000E+00
  6.6300000000E+00  6.6350000000E+00  5.00392E-06  9.88951E+01
  6.6350000000E+00  6.6400000000E+00  0.00000E+00  0.00000E+00
  6.6400000000E+00  6.6450000000E+00  3.00665E-07  1.00000E+02
  6.6450000000E+00  6.6500000000E+00  0.00000E+00  0.00000E+00
  6.6500000000E+00  6.6550000000E+00  0.00000E+00  0.00000E+00
  6.6550000000E+00  6.6600000000E+00  0.00000E+00  0.00000E+00
  6.6600000000E+00  6.6650000000E+00  0.00000E+00  0.00000E+00
  6.6650000000E+00  6.6700000000E+00  0.00000E+00  0.00000E+00
  6.6700000000E+00  6.6750000000E+00  7.13885E-09  9.96824E+01
  6.6750000000E+00  6.6800000000E+00  0.00000E+00  0.00000E+00
  6.6800000000E+00  6.6850000000E+00  0.00000E+00  0.00000E+00
  6.6850000000E+00  6.6900000000E+00  0.00000E+00  0.00000E+00
  6.6900000000E+00  6.6950000000E+00  0.00000E+00  0.00000E+00
  6.6950000000E+00  6.7000000000E+00  0.00000E+00  0.00000E+00
  6.7000000000E+00  6.7050000000E+00  0.00000E+00  0.00000E+00
  6.7050000000E+00  6.7100000000E+00  0.00000E+00  0.00000E+00
  6.7100000000E+00  6.7150000000E+00  0.00000E+00  0.00000E+00
  6.7150000000E+00  6.7200000000E+00  0.00000E+00  0.00000E+00
  6.7200000000E+00  6.7250000000E+00  0.00000E+00  0.00000E+00
  6.7250000000E+00  6.7300000000E+00  0.00000E+00  0.00000E+00
  6.7300000000E+00  6.7350000000E+00  1.63939E-07  1.00000E+02
  6.7350000000E+00  6.7400000000E+00  7.92039E-07  1.00000E+02
  6.7400000000E+00  6.7450000000E+00  0.00000E+00  0.00000E+00
  6.7450000000E+00  6.7500000000E+00  0.00000E+00  0.00000E+00
  6.7500000000E+00  6.7550000000E+00  0.00000E+00  0.00000E+00
  6.7550000000E+00  6.7600000000E+00  0.00000E+00  0.00000E+00
  6.7600000000E+00  6.7650000000E+00  0.00000E+00  0.00000E+00
  6.7650000000E+00  6.7700000000E+00  0.00000E+00  0.00000E+00
  6.7700000000E+00  6.7750000000E+00  0.00000E+00  0.00000E+00
  6.7750000000E+00  6.7800000000E+00  0.00000E+00  0.00000E+00
  6.7800000000E+00  6.7850000000E+00  1.06151E-07  1.00000E+02
  6.7850000000E+00  6.7900000000E+00  0.00000E+00  0.00000E+00
  6.7900000000E+00  6.7950000000E+00  0.00000E+00  0.00000E+00
  6.7950000000E+00  6.8000000000E+00  0.00000E+00  0.00000E+00
  6.8000000000E+00  6.8050000000E+00  1.90632E-14  1.00000E+02
  6.8050000000E+00  6.8100000000E+00  0.00000E+00  0.00000E+00
  6.8100000000E+00  6.8150000000E+00  0.00000E+00  0.00000E+00
  6.8150000000E+00  6.8200000000E+00  0.00000E+00  0.00000E+00
  6.8200000000E+00  6.8250000000E+00  0.00000E+00  0.00000E+00
  6.8250000000E+00  6.8300000000E+00  0.00000E+00  0.00000E+00
  6.8300000000E+00  6.8350000000E+00  1.25322E-09  1.00000E+02
  6.8350000000E+00  6.8400000000E+00  0.00000E+00  0.00000E+00
  6.8400000000E+00  6.8450000000E+00  0.00000E+00  0.00000E+00
  6.8450000000E+00  6.8500000000E+00  0.00000E+00  0.00000E+00
  6.8500000000E+00  6.8550000000E+00  0.00000E+00  0.00000E+00
  6.8550000000E+00  6.8600000000E+00  0.00000E+00  0.00000E+00
  6.8600000000E+00  6.8650000000E+00  0.00000E+00  0.00000E+00
  6.8650000000E+00  6.8700000000E+00  0.00000E+00  0.00000E+00
  6.8700000000E+00  6.8750000000E+00  0.00000E+00  0.00000E+00
  6.8750000000E+00  6.8800000000E+00  0.00000E+00  0.00000E+00
  6.8800000000E+00  6.8850000000E+00  0.00000E+00  0.00000E+00
  6.8850000000E+00  6.8900000000E+00  8.37667E-07  1.00000E+02
  6.8900000000E+00  6.8950000000E+00  0.00000E+00  0.00000E+00
  6.8950000000E+00  6.9000000000E+00  0.00000E+00  0.00000E+00
  6.9000000000E+00  6.9050000000E+00  7.66746E-15  1.00000E+02
  6.9050000000E+00  6.9100000000E+00  0.00000E+00  0.00000E+00
  6.9100000000E+00  6.9150000000E+00  7.66746E-15  1.00000E+02
  6.9150000000E+00  6.9200000000E+00  0.00000E+00  0.00000E+00
  6.9200000000E+00  6.9250000000E+00  2.95644E-10  1.00000E+02
  6.9250000000E+00  6.9300000000E+00  0.00000E+00  0.00000E+00
  6.9300000000E+00  6.9350000000E+00  7.48942E-13  1.00000E+02
  6.9350000000E+00  6.9400000000E+00  0.00000E+00  0.00000E+00
  6.9400000000E+00  6.9450000000E+00  0.00000E+00  0.00000E+00
  6.9450000000E+00  6.9500000000E+00  0.00000E+00  0.00000E+00
  6.9500000000E+00  6.9550000000E+00  8.79372E-15  1.00000E+02
  6.9550000000E+00  6.9600000000E+00  6.08123E-15  1.00000E+02
  6.9600000000E+00  6.9650000000E+00  0.00000E+00  0.00000E+00
  6.9650000000E+00  6.9700000000E+00  0.00000E+00  0.00000E+00
  6.9700000000E+00  6.9750000000E+00  0.00000E+00  0.00000E+00
  6.9750000000E+00  6.9800000000E+00  7.66746E-15  1.00000E+02
  6.9800000000E+00  6.9850000000E+00  0.00000E+00  0.00000E+00
  6.9850000000E+00  6.9900000000E+00  0.00000E+00  0.00000E+00
  6.9900000000E+00  6.9950000000E+00  0.00000E+00  0.00000E+00
  6.9950000000E+00  7.0000000000E+00  0.00000E+00  0.00000E+00
  7.0000000000E+00  7.0000000000E+00  0.00000E+00  0.00000E+00