# Detector n: 1D Projection
  1.0000000000E+00  1.0050000000E+00  1.14473E-02  2.01949E-01
  1.0050000000E+00  1.0100000000E+00  1.14267E-02  1.80135E-01
  1.0100000000E+00  1.0150000000E+00  1.14205E-02  2.20532E-01
  1.0150000000E+00  1.0200000000E+00  1.14280E-02  2.75341E-01
  1.0200000000E+00  1.0250000000E+00  1.14037E-02  2.91271E-01
  1.0250000000E+00  1.0300000000E+00  1.13554E-02  1.77250E-01
  1.0300000000E+00  1.0350000000E+00  1.13967E-02  2.78080E-01
  1.0350000000E+00  1.0400000000E+00  1.14092E-02  2.28313E-01
  1.0400000000E+00  1.0450000000E+00  1.13897E-02  1.75877E-01
  1.0450000000E+00  1.0500000000E+00  1.14083E-02  2.04808E-01
  1.0500000000E+00  1.0550000000E+00  1.13810E-02  2.04727E-01
  1.0550000000E+00  1.0600000000E+00  1.13601E-02  1.62352E-01
  1.0600000000E+00  1.0650000000E+00  1.14371E-02  1.71241E-01
  1.0650000000E+00  1.0700000000E+00  1.15009E-02  1.89064E-01
  1.0700000000E+00  1.0750000000E+00  1.14875E-02  2.06095E-01
  1.0750000000E+00  1.0800000000E+00  1.14826E-02  2.34660E-01
  1.0800000000E+00  1.0850000000E+00  1.15043E-02  2.19545E-01
  1.0850000000E+00  1.0900000000E+00  1.14715E-02  1.83912E-01
  1.0900000000E+00  1.0950000000E+00  1.15306E-02  2.08704E-01
  1.0950000000E+00  1.1000000000E+00  1.14927E-02  1.97848E-01
  1.1000000000E+00  1.1050000000E+00  1.14766E-02  1.51649E-01
  1.1050000000E+00  1.1100000000E+00  1.14620E-02  1.61831E-01
  1.1100000000E+00  1.1150000000E+00  1.14800E-02  1.73458E-01
  1.1150000000E+00  1.1200000000E+00  1.15152E-02  1.96019E-01
  1.1200000000E+00  1.1250000000E+00  1.15071E-02  2.06859E-01
  1.1250000000E+00  1.1300000000E+00  1.15435E-02  2.55792E-01
  1.1300000000E+00  1.1350000000E+00  1.15136E-02  2.05038E-01
  1.1350000000E+00  1.1400000000E+00  1.15321E-02  2.36305E-01
  1.1400000000E+00  1.1450000000E+00  1.15163E-02  1.88073E-01
  1.1450000000E+00  1.1500000000E+00  1.15424E-02  2.27925E-01
  1.1500000000E+00  1.1550000000E+00  1.15012E-02  1.68319E-01
  1.1550000000E+00  1.1600000000E+00  1.15116E-02  2.24493E-01
  1.1600000000E+00  1.1650000000E+00  1.15309E-02  2.33930E-01
  1.1650000000E+00  1.1700000000E+00  1.15394E-02  1.53448E-01
  1.1700000000E+00  1.1750000000E+00  1.15468E-02  2.25755E-01
  1.1750000000E+00  1.1800000000E+00  1.15830E-02  1.96673E-01
  1.1800000000E+00  1.1850000000E+00  1.17042E-02  2.06643E-01
  1.1850000000E+00  1.1900000000E+00  1.17664E-02  2.39292E-01
  1.1900000000E+00  1.1950000000E+00  1.17711E-02  2.72260E-01
  1.1950000000E+00  1.2000000000E+00  1.17560E-02  1.90475E-01
  1.2000000000E+00  1.2050000000E+00  1.17827E-02  2.52946E-01
  1.2050000000E+00  1.2100000000E+00  1.17738E-02  1.72613E-01
  1.2100000000E+00  1.2150000000E+00  1.17373E-02  1.74047E-01
  1.2150000000E+00  1.2200000000E+00  1.17532E-02  2.12377E-01
  1.2200000000E+00  1.2250000000E+00  1.17960E-02  2.04779E-01
  1.2250000000E+00  1.2300000000E+00  1.17900E-02  2.00065E-01
  1.2300000000E+00  1.2350000000E+00  1.17578E-02  2.01310E-01
  1.2350000000E+00  1.2400000000E+00  1.17729E-02  1.78814E-01
  1.2400000000E+00  1.2450000000E+00  1.17660E-02  2.05213E-01
  1.2450000000E+00  1.2500000000E+00  1.17777E-02  1.68753E-01
  1.2500000000E+00  1.2550000000E+00  1.17668E-02  2.02156E-01
  1.2550000000E+00  1.2600000000E+00  1.18410E-02  3.00780E-01
  1.2600000000E+00  1.2650000000E+00  1.17808E-02  1.77978E-01
  1.2650000000E+00  1.2700000000E+00  1.17568E-02  1.51531E-01
  1.2700000000E+00  1.2750000000E+00  1.17894E-02  1.71547E-01
  1.2750000000E+00  1.2800000000E+00  1.17802E-02  2.21068E-01
  1.2800000000E+00  1.2850000000E+00  1.18073E-02  1.94030E-01
  1.2850000000E+00  1.2900000000E+00  1.18876E-02  2.99651E-01
  1.2900000000E+00  1.2950000000E+00  1.17971E-02  1.73094E-01
  1.2950000000E+00  1.3000000000E+00  1.17949E-02  1.95976E-01
  1.3000000000E+00  1.3050000000E+00  1.17848E-02  1.86012E-01
  1.3050000000E+00  1.3100000000E+00  1.17937E-02  2.29752E-01
  1.3100000000E+00  1.3150000000E+00  1.17730E-02  1.73878E-01
  1.3150000000E+00  1.3200000000E+00  1.17744E-02  1.49106E-01
  1.3200000000E+00  1.3250000000E+00  1.18088E-02  2.05130E-01
  1.3250000000E+00  1.3300000000E+00  1.18111E-02  2.20989E-01
  1.3300000000E+00  1.3350000000E+00  1.17959E-02  2.09365E-01
  1.3350000000E+00  1.3400000000E+00  1.18089E-02  1.97540E-01
  1.3400000000E+00  1.3450000000E+00  1.18099E-02  2.06213E-01
  1.3450000000E+00  1.3500000000E+00  1.18003E-02  1.70681E-01
  1.3500000000E+00  1.3550000000E+00  1.18359E-02  2.30190E-01
  1.3550000000E+00  1.3600000000E+00  1.18460E-02  2.48521E-01
  1.3600000000E+00  1.3650000000E+00  1.17894E-02  1.64432E-01
  1.3650000000E+00  1.3700000000E+00  1.18145E-02  2.06670E-01
  1.3700000000E+00  1.3750000000E+00  1.18746E-02  2.47517E-01
  1.3750000000E+00  1.3800000000E+00  1.17955E-02  1.93495E-01
  1.3800000000E+00  1.3850000000E+00  1.18436E-02  2.00192E-01
  1.3850000000E+00  1.3900000000E+00  1.18411E-02  1.95919E-01
  1.3900000000E+00  1.3950000000E+00  1.18754E-02  2.41345E-01
  1.3950000000E+00  1.4000000000E+00  1.18869E-02  2.13884E-01
  1.4000000000E+00  1.4050000000E+00  1.18563E-02  1.87579E-01
  1.4050000000E+00  1.4100000000E+00  1.19229E-02  1.97699E-01
  1.4100000000E+00  1.4150000000E+00  1.20482E-02  1.96175E-01
  1.4150000000E+00  1.4200000000E+00  1.21158E-02  1.88376E-01
  1.4200000000E+00  1.4250000000E+00  1.21624E-02  1.96997E-01
  1.4250000000E+00  1.4300000000E+00  1.21743E-02  2.34154E-01
  1.4300000000E+00  1.4350000000E+00  1.21683E-02  1.92568E-01
  1.4350000000E+00  1.4400000000E+00  1.21496E-02  2.12280E-01
  1.4400000000E+00  1.4450000000E+00  1.21400E-02  2.20074E-01
  1.4450000000E+00  1.4500000000E+00  1.21560E-02  2.10782E-01
  1.4500000000E+00  1.4550000000E+00  1.21817E-02  2.01849E-01
  1.4550000000E+00  1.4600000000E+00  1.21820E-02  2.37829E-01
  1.4600000000E+00  1.4650000000E+00  1.21573E-02  1.72501E-01
  1.4650000000E+00  1.4700000000E+00  1.21505E-02  1.45140E-01
  1.4700000000E+00  1.4750000000E+00  1.21389E-02  2.25286E-01
  1.4750000000E+00  1.4800000000E+00  1.21298E-02  1.40028E-01
  1.4800000000E+00  1.4850000000E+00  1.21701E-02  2.00600E-01
  1.4850000000E+00  1.4900000000E+00  1.21713E-02  2.27459E-01
  1.4900000000E+00  1.4950000000E+00  1.22018E-02  2.05357E-01
  1.4950000000E+00  1.5000000000E+00  1.21917E-02  1.71162E-01
  1.5000000000E+00  1.5050000000E+00  1.22145E-02  2.42625E-01
  1.5050000000E+00  1.5100000000E+00  1.22111E-02  2.15480E-01
  1.5100000000E+00  1.5150000000E+00  1.21882E-02  1.98093E-01
  1.5150000000E+00  1.5200000000E+00  1.22216E-02  1.84917E-01
  1.5200000000E+00  1.5250000000E+00  1.21880E-02  2.02131E-01
  1.5250000000E+00  1.5300000000E+00  1.22197E-02  2.10669E-01
  1.5300000000E+00  1.5350000000E+00  1.22531E-02  1.88557E-01
  1.5350000000E+00  1.5400000000E+00  1.22638E-02  1.83104E-01
  1.5400000000E+00  1.5450000000E+00  1.22580E-02  1.83809E-01
  1.5450000000E+00  1.5500000000E+00  1.22497E-02  1.81117E-01
  1.5500000000E+00  1.5550000000E+00  1.22747E-02  1.87519E-01
  1.5550000000E+00  1.5600000000E+00  1.22398E-02  1.49204E-01
  1.5600000000E+00  1.5650000000E+00  1.22783E-02  1.88351E-01
  1.5650000000E+00  1.5700000000E+00  1.22949E-02  2.48829E-01
  1.5700000000E+00  1.5750000000E+00  1.22218E-02  1.35708E-01
  1.5750000000E+00  1.5800000000E+00  1.22530E-02  1.68273E-01
  1.5800000000E+00  1.5850000000E+00  1.22703E-02  1.79830E-01
  1.5850000000E+00  1.5900000000E+00  1.22918E-02  2.19205E-01
  1.5900000000E+00  1.5950000000E+00  1.23098E-02  1.52387E-01
  1.5950000000E+00  1.6000000000E+00  1.22984E-02  1.73055E-01
  1.6000000000E+00  1.6050000000E+00  1.22801E-02  1.68206E-01
  1.6050000000E+00  1.6100000000E+00  1.23334E-02  1.97364E-01
  1.6100000000E+00  1.6150000000E+00  1.23334E-02  1.65782E-01
  1.6150000000E+00  1.6200000000E+00  1.23177E-02  1.44489E-01
  1.6200000000E+00  1.6250000000E+00  1.23564E-02  2.05939E-01
  1.6250000000E+00  1.6300000000E+00  1.23744E-02  2.42021E-01
  1.6300000000E+00  1.6350000000E+00  1.23713E-02  2.23910E-01
  1.6350000000E+00  1.6400000000E+00  1.23236E-02  1.86689E-01
  1.6400000000E+00  1.6450000000E+00  1.23704E-02  1.97054E-01
  1.6450000000E+00  1.6500000000E+00  1.23579E-02  1.67047E-01
  1.6500000000E+00  1.6550000000E+00  1.23344E-02  1.53450E-01
  1.6550000000E+00  1.6600000000E+00  1.23730E-02  1.78433E-01
  1.6600000000E+00  1.6650000000E+00  1.24057E-02  1.89992E-01
  1.6650000000E+00  1.6700000000E+00  1.24051E-02  1.68120E-01
  1.6700000000E+00  1.6750000000E+00  1.24057E-02  1.72037E-01
  1.6750000000E+00  1.6800000000E+00  1.24092E-02  1.67381E-01
  1.6800000000E+00  1.6850000000E+00  1.24158E-02  1.92503E-01
  1.6850000000E+00  1.6900000000E+00  1.23836E-02  1.65597E-01
  1.6900000000E+00  1.6950000000E+00  1.24479E-02  1.74421E-01
  1.6950000000E+00  1.7000000000E+00  1.24302E-02  1.84967E-01
  1.7000000000E+00  1.7050000000E+00  1.24200E-02  1.52684E-01
  1.7050000000E+00  1.7100000000E+00  1.24625E-02  1.78085E-01
  1.7100000000E+00  1.7150000000E+00  1.24721E-02  2.00964E-01
  1.7150000000E+00  1.7200000000E+00  1.24663E-02  1.88947E-01
  1.7200000000E+00  1.7250000000E+00  1.24923E-02  2.08939E-01
  1.7250000000E+00  1.7300000000E+00  1.25227E-02  2.05352E-01
  1.7300000000E+00  1.7350000000E+00  1.25144E-02  2.43349E-01
  1.7350000000E+00  1.7400000000E+00  1.24841E-02  2.26053E-01
  1.7400000000E+00  1.7450000000E+00  1.25051E-02  2.05699E-01
  1.7450000000E+00  1.7500000000E+00  1.25001E-02  1.80245E-01
  1.7500000000E+00  1.7550000000E+00  1.25157E-02  2.26407E-01
  1.7550000000E+00  1.7600000000E+00  1.25230E-02  1.68698E-01
  1.7600000000E+00  1.7650000000E+00  1.25393E-02  1.59241E-01
  1.7650000000E+00  1.7700000000E+00  1.25748E-02  2.03538E-01
  1.7700000000E+00  1.7750000000E+00  1.25119E-02  1.44964E-01
  1.7750000000E+00  1.7800000000E+00  1.25902E-02  2.33872E-01
  1.7800000000E+00  1.7850000000E+00  1.25815E-02  1.85260E-01
  1.7850000000E+00  1.7900000000E+00  1.25959E-02  2.14916E-01
  1.7900000000E+00  1.7950000000E+00  1.25960E-02  1.89063E-01
  1.7950000000E+00  1.8000000000E+00  1.26197E-02  2.05378E-01
  1.8000000000E+00  1.8050000000E+00  1.26004E-02  2.05523E-01
  1.8050000000E+00  1.8100000000E+00  1.26523E-02  2.38411E-01
  1.8100000000E+00  1.8150000000E+00  1.26566E-02  1.82076E-01
  1.8150000000E+00  1.8200000000E+00  1.26661E-02  2.18407E-01
  1.8200000000E+00  1.8250000000E+00  1.26865E-02  1.92709E-01
  1.8250000000E+00  1.8300000000E+00  1.27427E-02  1.79434E-01
  1.8300000000E+00  1.8350000000E+00  1.27628E-02  1.83318E-01
  1.8350000000E+00  1.8400000000E+00  1.28055E-02  1.38108E-01
  1.8400000000E+00  1.8450000000E+00  1.28279E-02  1.91462E-01
  1.8450000000E+00  1.8500000000E+00  1.28855E-02  1.75438E-01
  1.8500000000E+00  1.8550000000E+00  1.29314E-02  1.81582E-01
  1.8550000000E+00  1.8600000000E+00  1.29246E-02  1.99116E-01
  1.8600000000E+00  1.8650000000E+00  1.29547E-02  2.10791E-01
  1.8650000000E+00  1.8700000000E+00  1.29511E-02  1.99042E-01
  1.8700000000E+00  1.8750000000E+00  1.29218E-02  1.86461E-01
  1.8750000000E+00  1.8800000000E+00  1.29543E-02  1.74691E-01
  1.8800000000E+00  1.8850000000E+00  1.29427E-02  1.36586E-01
  1.8850000000E+00  1.8900000000E+00  1.30086E-02  2.11730E-01
  1.8900000000E+00  1.8950000000E+00  1.29976E-02  2.06621E-01
  1.8950000000E+00  1.9000000000E+00  1.30042E-02  1.87097E-01
  1.9000000000E+00  1.9050000000E+00  1.30214E-02  1.92111E-01
  1.9050000000E+00  1.9100000000E+00  1.30197E-02  1.60639E-01
  1.9100000000E+00  1.9150000000E+00  1.30404E-02  1.56378E-01
  1.9150000000E+00  1.9200000000E+00  1.30128E-02  2.00142E-01
  1.9200000000E+00  1.9250000000E+00  1.30089E-02  1.20671E-01
  1.9250000000E+00  1.9300000000E+00  1.30342E-02  1.73571E-01
  1.9300000000E+00  1.9350000000E+00  1.30462E-02  2.30187E-01
  1.9350000000E+00  1.9400000000E+00  1.30254E-02  1.55591E-01
  1.9400000000E+00  1.9450000000E+00  1.30487E-02  1.59688E-01
  1.9450000000E+00  1.9500000000E+00  1.30598E-02  1.54830E-01
  1.9500000000E+00  1.9550000000E+00  1.30985E-02  2.07250E-01
  1.9550000000E+00  1.9600000000E+00  1.30652E-02  1.53333E-01
  1.9600000000E+00  1.9650000000E+00  1.30621E-02  1.51365E-01
  1.9650000000E+00  1.9700000000E+00  1.31407E-02  2.01650E-01
  1.9700000000E+00  1.9750000000E+00  1.30966E-02  1.77066E-01
  1.9750000000E+00  1.9800000000E+00  1.31324E-02  1.82613E-01
  1.9800000000E+00  1.9850000000E+00  1.31658E-02  2.64312E-01
  1.9850000000E+00  1.9900000000E+00  1.31541E-02  1.65563E-01
  1.9900000000E+00  1.9950000000E+00  1.31978E-02  2.16098E-01
  1.9950000000E+00  2.0000000000E+00  1.31801E-02  1.53831E-01
  2.0000000000E+00  2.0050000000E+00  1.31882E-02  1.49508E-01
  2.0050000000E+00  2.0100000000E+00  1.32057E-02  2.07692E-01
  2.0100000000E+00  2.0150000000E+00  1.32139E-02  1.95016E-01
  2.0150000000E+00  2.0200000000E+00  1.31921E-02  1.89482E-01
  2.0200000000E+00  2.0250000000E+00  1.32091E-02  1.85281E-01
  2.0250000000E+00  2.0300000000E+00  1.32091E-02  1.89461E-01
  2.0300000000E+00  2.0350000000E+00  1.32457E-02  1.64670E-01
  2.0350000000E+00  2.0400000000E+00  1.32682E-02  2.26721E-01
  2.0400000000E+00  2.0450000000E+00  1.32737E-02  2.05259E-01
  2.0450000000E+00  2.0500000000E+00  1.33177E-02  1.89820E-01
  2.0500000000E+00  2.0550000000E+00  1.32397E-02  1.25516E-01
  2.0550000000E+00  2.0600000000E+00  1.32707E-02  1.36903E-01
  2.0600000000E+00  2.0650000000E+00  1.32971E-02  1.54405E-01
  2.0650000000E+00  2.0700000000E+00  1.32930E-02  1.81300E-01
  2.0700000000E+00  2.0750000000E+00  1.33424E-02  1.52153E-01
  2.0750000000E+00  2.0800000000E+00  1.33918E-02  2.27191E-01
  2.0800000000E+00  2.0850000000E+00  1.33888E-02  2.22349E-01
  2.0850000000E+00  2.0900000000E+00  1.33672E-02  1.68762E-01
  2.0900000000E+00  2.0950000000E+00  1.33628E-02  1.51160E-01
  2.0950000000E+00  2.1000000000E+00  1.34232E-02  1.86912E-01
  2.1000000000E+00  2.1050000000E+00  1.34176E-02  1.67893E-01
  2.1050000000E+00  2.1100000000E+00  1.34524E-02  2.16363E-01
  2.1100000000E+00  2.1150000000E+00  1.34529E-02  2.07390E-01
  2.1150000000E+00  2.1200000000E+00  1.34169E-02  1.38977E-01
  2.1200000000E+00  2.1250000000E+00  1.34237E-02  1.64203E-01
  2.1250000000E+00  2.1300000000E+00  1.34879E-02  1.85756E-01
  2.1300000000E+00  2.1350000000E+00  1.34687E-02  1.55066E-01
  2.1350000000E+00  2.1400000000E+00  1.35406E-02  1.91427E-01
  2.1400000000E+00  2.1450000000E+00  1.35179E-02  1.90934E-01
  2.1450000000E+00  2.1500000000E+00  1.35349E-02  1.32152E-01
  2.1500000000E+00  2.1550000000E+00  1.35580E-02  2.45092E-01
  2.1550000000E+00  2.1600000000E+00  1.35655E-02  1.70904E-01
  2.1600000000E+00  2.1650000000E+00  1.35870E-02  1.76401E-01
  2.1650000000E+00  2.1700000000E+00  1.35915E-02  1.82629E-01
  2.1700000000E+00  2.1750000000E+00  1.35855E-02  1.70403E-01
  2.1750000000E+00  2.1800000000E+00  1.36804E-02  2.50553E-01
  2.1800000000E+00  2.1850000000E+00  1.36426E-02  1.65217E-01
  2.1850000000E+00  2.1900000000E+00  1.36995E-02  1.92137E-01
  2.1900000000E+00  2.1950000000E+00  1.37229E-02  1.96112E-01
  2.1950000000E+00  2.2000000000E+00  1.37901E-02  2.20531E-01
  2.2000000000E+00  2.2050000000E+00  1.38184E-02  2.06874E-01
  2.2050000000E+00  2.2100000000E+00  1.38487E-02  2.19536E-01
  2.2100000000E+00  2.2150000000E+00  1.38508E-02  1.64018E-01
  2.2150000000E+00  2.2200000000E+00  1.38910E-02  1.98195E-01
  2.2200000000E+00  2.2250000000E+00  1.38545E-02  1.91411E-01
  2.2250000000E+00  2.2300000000E+00  1.38740E-02  1.37309E-01
  2.2300000000E+00  2.2350000000E+00  1.38975E-02  2.25528E-01
  2.2350000000E+00  2.2400000000E+00  1.38778E-02  1.17803E-01
  2.2400000000E+00  2.2450000000E+00  1.39236E-02  1.54348E-01
  2.2450000000E+00  2.2500000000E+00  1.39377E-02  1.88592E-01
  2.2500000000E+00  2.2550000000E+00  1.39243E-02  1.69531E-01
  2.2550000000E+00  2.2600000000E+00  1.39409E-02  1.48389E-01
  2.2600000000E+00  2.2650000000E+00  1.39352E-02  1.82629E-01
  2.2650000000E+00  2.2700000000E+00  1.39783E-02  1.53604E-01
  2.2700000000E+00  2.2750000000E+00  1.39800E-02  1.68103E-01
  2.2750000000E+00  2.2800000000E+00  1.39811E-02  1.40163E-01
  2.2800000000E+00  2.2850000000E+00  1.40099E-02  1.58334E-01
  2.2850000000E+00  2.2900000000E+00  1.40113E-02  1.71535E-01
  2.2900000000E+00  2.2950000000E+00  1.40736E-02  2.37137E-01
  2.2950000000E+00  2.3000000000E+00  1.40507E-02  1.43795E-01
  2.3000000000E+00  2.3050000000E+00  1.40801E-02  1.67658E-01
  2.3050000000E+00  2.3100000000E+00  1.41086E-02  1.60621E-01
  2.3100000000E+00  2.3150000000E+00  1.41052E-02  1.91292E-01
  2.3150000000E+00  2.3200000000E+00  1.41463E-02  1.60814E-01
  2.3200000000E+00  2.3250000000E+00  1.41363E-02  1.83859E-01
  2.3250000000E+00  2.3300000000E+00  1.41295E-02  1.47037E-01
  2.3300000000E+00  2.3350000000E+00  1.41213E-02  1.37404E-01
  2.3350000000E+00  2.3400000000E+00  1.41571E-02  1.53138E-01
  2.3400000000E+00  2.3450000000E+00  1.41817E-02  1.91087E-01
  2.3450000000E+00  2.3500000000E+00  1.41882E-02  1.49832E-01
  2.3500000000E+00  2.3550000000E+00  1.41878E-02  1.62249E-01
  2.3550000000E+00  2.3600000000E+00  1.42669E-02  1.77790E-01
  2.3600000000E+00  2.3650000000E+00  1.42414E-02  1.73605E-01
  2.3650000000E+00  2.3700000000E+00  1.42581E-02  1.60312E-01
  2.3700000000E+00  2.3750000000E+00  1.43131E-02  1.98124E-01
  2.3750000000E+00  2.3800000000E+00  1.42656E-02  1.44218E-01
  2.3800000000E+00  2.3850000000E+00  1.42939E-02  1.98008E-01
  2.3850000000E+00  2.3900000000E+00  1.43128E-02  1.79973E-01
  2.3900000000E+00  2.3950000000E+00  1.43408E-02  1.54706E-01
  2.3950000000E+00  2.4000000000E+00  1.43267E-02  1.55199E-01
  2.4000000000E+00  2.4050000000E+00  1.43266E-02  1.40008E-01
  2.4050000000E+00  2.4100000000E+00  1.43769E-02  2.05845E-01
  2.4100000000E+00  2.4150000000E+00  1.43974E-02  1.52336E-01
  2.4150000000E+00  2.4200000000E+00  1.44081E-02  2.04538E-01
  2.4200000000E+00  2.4250000000E+00  1.44438E-02  1.57708E-01
  2.4250000000E+00  2.4300000000E+00  1.44752E-02  1.70718E-01
  2.4300000000E+00  2.4350000000E+00  1.45006E-02  1.71860E-01
  2.4350000000E+00  2.4400000000E+00  1.45023E-02  1.44677E-01
  2.4400000000E+00  2.4450000000E+00  1.45079E-02  1.31983E-01
  2.4450000000E+00  2.4500000000E+00  1.45624E-02  1.77268E-01
  2.4500000000E+00  2.4550000000E+00  1.45193E-02  1.00153E-01
  2.4550000000E+00  2.4600000000E+00  1.45363E-02  1.15841E-01
  2.4600000000E+00  2.4650000000E+00  1.45600E-02  1.47425E-01
  2.4650000000E+00  2.4700000000E+00  1.46149E-02  2.15685E-01
  2.4700000000E+00  2.4750000000E+00  1.46705E-02  1.58392E-01
  2.4750000000E+00  2.4800000000E+00  1.46655E-02  1.41964E-01
  2.4800000000E+00  2.4850000000E+00  1.46766E-02  1.23635E-01
  2.4850000000E+00  2.4900000000E+00  1.47071E-02  1.62062E-01
  2.4900000000E+00  2.4950000000E+00  1.47661E-02  1.88471E-01
  2.4950000000E+00  2.5000000000E+00  1.47593E-02  1.32858E-01
  2.5000000000E+00  2.5050000000E+00  1.48028E-02  1.51597E-01
  2.5050000000E+00  2.5100000000E+00  1.48520E-02  1.95407E-01
  2.5100000000E+00  2.5150000000E+00  1.48755E-02  1.52155E-01
  2.5150000000E+00  2.5200000000E+00  1.49188E-02  1.63655E-01
  2.5200000000E+00  2.5250000000E+00  1.49775E-02  1.49361E-01
  2.5250000000E+00  2.5300000000E+00  1.49304E-02  1.60251E-01
  2.5300000000E+00  2.5350000000E+00  1.49676E-02  1.23348E-01
  2.5350000000E+00  2.5400000000E+00  1.49418E-02  1.31092E-01
  2.5400000000E+00  2.5450000000E+00  1.49472E-02  1.48184E-01
  2.5450000000E+00  2.5500000000E+00  1.50016E-02  1.94713E-01
  2.5500000000E+00  2.5550000000E+00  1.50523E-02  1.93912E-01
  2.5550000000E+00  2.5600000000E+00  1.50426E-02  1.46070E-01
  2.5600000000E+00  2.5650000000E+00  1.50336E-02  1.82471E-01
  2.5650000000E+00  2.5700000000E+00  1.50422E-02  1.25918E-01
  2.5700000000E+00  2.5750000000E+00  1.50951E-02  2.01243E-01
  2.5750000000E+00  2.5800000000E+00  1.51248E-02  1.99732E-01
  2.5800000000E+00  2.5850000000E+00  1.51385E-02  1.70982E-01
  2.5850000000E+00  2.5900000000E+00  1.51399E-02  1.56577E-01
  2.5900000000E+00  2.5950000000E+00  1.51838E-02  1.63707E-01
  2.5950000000E+00  2.6000000000E+00  1.51962E-02  1.49920E-01
  2.6000000000E+00  2.6050000000E+00  1.52345E-02  1.66648E-01
  2.6050000000E+00  2.6100000000E+00  1.52365E-02  1.32382E-01
  2.6100000000E+00  2.6150000000E+00  1.52650E-02  1.37843E-01
  2.6150000000E+00  2.6200000000E+00  1.52390E-02  1.37143E-01
  2.6200000000E+00  2.6250000000E+00  1.52689E-02  1.59855E-01
  2.6250000000E+00  2.6300000000E+00  1.53178E-02  1.40776E-01
  2.6300000000E+00  2.6350000000E+00  1.53546E-02  1.70786E-01
  2.6350000000E+00  2.6400000000E+00  1.53700E-02  1.33532E-01
  2.6400000000E+00  2.6450000000E+00  1.53693E-02  1.58485E-01
  2.6450000000E+00  2.6500000000E+00  1.54139E-02  1.41030E-01
  2.6500000000E+00  2.6550000000E+00  1.54527E-02  1.71638E-01
  2.6550000000E+00  2.6600000000E+00  1.54353E-02  1.50140E-01
  2.6600000000E+00  2.6650000000E+00  1.54462E-02  1.05169E-01
  2.6650000000E+00  2.6700000000E+00  1.54977E-02  1.69471E-01
  2.6700000000E+00  2.6750000000E+00  1.55194E-02  1.67642E-01
  2.6750000000E+00  2.6800000000E+00  1.55401E-02  1.60282E-01
  2.6800000000E+00  2.6850000000E+00  1.55639E-02  1.23832E-01
  2.6850000000E+00  2.6900000000E+00  1.56108E-02  1.59978E-01
  2.6900000000E+00  2.6950000000E+00  1.55889E-02  1.25129E-01
  2.6950000000E+00  2.7000000000E+00  1.56658E-02  1.30164E-01
  2.7000000000E+00  2.7050000000E+00  1.56553E-02  1.58382E-01
  2.7050000000E+00  2.7100000000E+00  1.57186E-02  1.64141E-01
  2.7100000000E+00  2.7150000000E+00  1.57145E-02  1.06549E-01
  2.7150000000E+00  2.7200000000E+00  1.57208E-02  1.29079E-01
  2.7200000000E+00  2.7250000000E+00  1.57757E-02  1.60194E-01
  2.7250000000E+00  2.7300000000E+00  1.58447E-02  1.64195E-01
  2.7300000000E+00  2.7350000000E+00  1.58894E-02  1.55420E-01
  2.7350000000E+00  2.7400000000E+00  1.59094E-02  1.74045E-01
  2.7400000000E+00  2.7450000000E+00  1.59053E-02  1.36763E-01
  2.7450000000E+00  2.7500000000E+00  1.59792E-02  1.58835E-01
  2.7500000000E+00  2.7550000000E+00  1.60008E-02  1.68171E-01
  2.7550000000E+00  2.7600000000E+00  1.60563E-02  1.30038E-01
  2.7600000000E+00  2.7650000000E+00  1.60472E-02  1.90748E-01
  2.7650000000E+00  2.7700000000E+00  1.60667E-02  1.52517E-01
  2.7700000000E+00  2.7750000000E+00  1.60859E-02  1.31337E-01
  2.7750000000E+00  2.7800000000E+00  1.61628E-02  1.45793E-01
  2.7800000000E+00  2.7850000000E+00  1.61552E-02  1.39287E-01
  2.7850000000E+00  2.7900000000E+00  1.62329E-02  1.37034E-01
  2.7900000000E+00  2.7950000000E+00  1.62619E-02  1.17969E-01
  2.7950000000E+00  2.8000000000E+00  1.62879E-02  1.30593E-01
  2.8000000000E+00  2.8050000000E+00  1.62990E-02  1.67561E-01
  2.8050000000E+00  2.8100000000E+00  1.62827E-02  1.16734E-01
  2.8100000000E+00  2.8150000000E+00  1.62994E-02  1.30954E-01
  2.8150000000E+00  2.8200000000E+00  1.63508E-02  1.69119E-01
  2.8200000000E+00  2.8250000000E+00  1.63923E-02  1.87429E-01
  2.8250000000E+00  2.8300000000E+00  1.63755E-02  1.18744E-01
  2.8300000000E+00  2.8350000000E+00  1.64169E-02  1.30946E-01
  2.8350000000E+00  2.8400000000E+00  1.64534E-02  1.48366E-01
  2.8400000000E+00  2.8450000000E+00  1.65021E-02  1.66681E-01
  2.8450000000E+00  2.8500000000E+00  1.65337E-02  1.40340E-01
  2.8500000000E+00  2.8550000000E+00  1.65400E-02  1.19742E-01
  2.8550000000E+00  2.8600000000E+00  1.65723E-02  1.33334E-01
  2.8600000000E+00  2.8650000000E+00  1.65652E-02  1.42700E-01
  2.8650000000E+00  2.8700000000E+00  1.66040E-02  1.39504E-01
  2.8700000000E+00  2.8750000000E+00  1.66692E-02  1.43619E-01
  2.8750000000E+00  2.8800000000E+00  1.67168E-02  1.61905E-01
  2.8800000000E+00  2.8850000000E+00  1.67191E-02  1.54546E-01
  2.8850000000E+00  2.8900000000E+00  1.67370E-02  1.50127E-01
  2.8900000000E+00  2.8950000000E+00  1.67684E-02  1.85840E-01
  2.8950000000E+00  2.9000000000E+00  1.68821E-02  1.91600E-01
  2.9000000000E+00  2.9050000000E+00  1.68913E-02  1.46240E-01
  2.9050000000E+00  2.9100000000E+00  1.69112E-02  1.43095E-01
  2.9100000000E+00  2.9150000000E+00  1.69328E-02  1.09663E-01
  2.9150000000E+00  2.9200000000E+00  1.69878E-02  1.29201E-01
  2.9200000000E+00  2.9250000000E+00  1.70098E-02  1.09793E-01
  2.9250000000E+00  2.9300000000E+00  1.70336E-02  1.49883E-01
  2.9300000000E+00  2.9350000000E+00  1.70903E-02  1.66796E-01
  2.9350000000E+00  2.9400000000E+00  1.71095E-02  1.35808E-01
  2.9400000000E+00  2.9450000000E+00  1.71778E-02  1.59055E-01
  2.9450000000E+00  2.9500000000E+00  1.72120E-02  1.15255E-01
  2.9500000000E+00  2.9550000000E+00  1.72418E-02  1.48281E-01
  2.9550000000E+00  2.9600000000E+00  1.73113E-02  1.75440E-01
  2.9600000000E+00  2.9650000000E+00  1.73398E-02  1.53282E-01
  2.9650000000E+00  2.9700000000E+00  1.73614E-02  9.48209E-02
  2.9700000000E+00  2.9750000000E+00  1.73996E-02  1.24822E-01
  2.9750000000E+00  2.9800000000E+00  1.74317E-02  1.30355E-01
  2.9800000000E+00  2.9850000000E+00  1.74601E-02  1.28004E-01
  2.9850000000E+00  2.9900000000E+00  1.74959E-02  1.23595E-01
  2.9900000000E+00  2.9950000000E+00  1.75404E-02  1.32779E-01
  2.9950000000E+00  3.0000000000E+00  1.75585E-02  1.28629E-01
  3.0000000000E+00  3.0050000000E+00  1.75914E-02  1.25300E-01
  3.0050000000E+00  3.0100000000E+00  1.76425E-02  1.00275E-01
  3.0100000000E+00  3.0150000000E+00  1.76878E-02  1.43852E-01
  3.0150000000E+00  3.0200000000E+00  1.77337E-02  1.31005E-01
  3.0200000000E+00  3.0250000000E+00  1.77828E-02  1.47843E-01
  3.0250000000E+00  3.0300000000E+00  1.77932E-02  1.16567E-01
  3.0300000000E+00  3.0350000000E+00  1.78502E-02  1.81759E-01
  3.0350000000E+00  3.0400000000E+00  1.78636E-02  1.07042E-01
  3.0400000000E+00  3.0450000000E+00  1.79093E-02  1.16725E-01
  3.0450000000E+00  3.0500000000E+00  1.79894E-02  1.34565E-01
  3.0500000000E+00  3.0550000000E+00  1.80090E-02  1.25346E-01
  3.0550000000E+00  3.0600000000E+00  1.80808E-02  1.34694E-01
  3.0600000000E+00  3.0650000000E+00  1.80975E-02  1.56750E-01
  3.0650000000E+00  3.0700000000E+00  1.81448E-02  1.32207E-01
  3.0700000000E+00  3.0750000000E+00  1.81832E-02  1.32075E-01
  3.0750000000E+00  3.0800000000E+00  1.81963E-02  1.41125E-01
  3.0800000000E+00  3.0850000000E+00  1.82542E-02  1.47210E-01
  3.0850000000E+00  3.0900000000E+00  1.82931E-02  1.12230E-01
  3.0900000000E+00  3.0950000000E+00  1.83588E-02  1.38722E-01
  3.0950000000E+00  3.1000000000E+00  1.84380E-02  1.34406E-01
  3.1000000000E+00  3.1050000000E+00  1.84755E-02  1.47212E-01
  3.1050000000E+00  3.1100000000E+00  1.85485E-02  1.72622E-01
  3.1100000000E+00  3.1150000000E+00  1.85984E-02  1.58029E-01
  3.1150000000E+00  3.1200000000E+00  1.86306E-02  9.90921E-02
  3.1200000000E+00  3.1250000000E+00  1.86873E-02  9.57477E-02
  3.1250000000E+00  3.1300000000E+00  1.87477E-02  1.13182E-01
  3.1300000000E+00  3.1350000000E+00  1.88085E-02  1.21775E-01
  3.1350000000E+00  3.1400000000E+00  1.88424E-02  1.13339E-01
  3.1400000000E+00  3.1450000000E+00  1.88988E-02  1.66752E-01
  3.1450000000E+00  3.1500000000E+00  1.89853E-02  1.48458E-01
  3.1500000000E+00  3.1550000000E+00  1.89958E-02  1.27690E-01
  3.1550000000E+00  3.1600000000E+00  1.90121E-02  1.30838E-01
  3.1600000000E+00  3.1650000000E+00  1.90844E-02  1.08461E-01
  3.1650000000E+00  3.1700000000E+00  1.91673E-02  1.11806E-01
  3.1700000000E+00  3.1750000000E+00  1.92116E-02  1.57367E-01
  3.1750000000E+00  3.1800000000E+00  1.92586E-02  1.35299E-01
  3.1800000000E+00  3.1850000000E+00  1.93244E-02  1.49793E-01
  3.1850000000E+00  3.1900000000E+00  1.93554E-02  1.38885E-01
  3.1900000000E+00  3.1950000000E+00  1.93962E-02  1.25632E-01
  3.1950000000E+00  3.2000000000E+00  1.94543E-02  1.44656E-01
  3.2000000000E+00  3.2050000000E+00  1.94980E-02  1.31317E-01
  3.2050000000E+00  3.2100000000E+00  1.95703E-02  1.01665E-01
  3.2100000000E+00  3.2150000000E+00  1.96425E-02  1.13969E-01
  3.2150000000E+00  3.2200000000E+00  1.97258E-02  1.13822E-01
  3.2200000000E+00  3.2250000000E+00  1.97649E-02  1.34797E-01
  3.2250000000E+00  3.2300000000E+00  1.98465E-02  1.20785E-01
  3.2300000000E+00  3.2350000000E+00  1.98951E-02  1.38164E-01
  3.2350000000E+00  3.2400000000E+00  1.99899E-02  1.40571E-01
  3.2400000000E+00  3.2450000000E+00  2.00198E-02  1.26728E-01
  3.2450000000E+00  3.2500000000E+00  2.01220E-02  1.49534E-01
  3.2500000000E+00  3.2550000000E+00  2.01803E-02  1.13341E-01
  3.2550000000E+00  3.2600000000E+00  2.02164E-02  1.04331E-01
  3.2600000000E+00  3.2650000000E+00  2.02525E-02  1.13444E-01
  3.2650000000E+00  3.2700000000E+00  2.03451E-02  1.33068E-01
  3.2700000000E+00  3.2750000000E+00  2.04338E-02  8.84038E-02
  3.2750000000E+00  3.2800000000E+00  2.04710E-02  1.19428E-01
  3.2800000000E+00  3.2850000000E+00  2.05296E-02  1.19159E-01
  3.2850000000E+00  3.2900000000E+00  2.06206E-02  1.26582E-01
  3.2900000000E+00  3.2950000000E+00  2.06904E-02  1.12629E-01
  3.2950000000E+00  3.3000000000E+00  2.07539E-02  1.19655E-01
  3.3000000000E+00  3.3050000000E+00  2.08216E-02  1.30506E-01
  3.3050000000E+00  3.3100000000E+00  2.08720E-02  1.12252E-01
  3.3100000000E+00  3.3150000000E+00  2.09261E-02  8.60396E-02
  3.3150000000E+00  3.3200000000E+00  2.10684E-02  1.20535E-01
  3.3200000000E+00  3.3250000000E+00  2.11647E-02  1.22178E-01
  3.3250000000E+00  3.3300000000E+00  2.12318E-02  1.37193E-01
  3.3300000000E+00  3.3350000000E+00  2.13256E-02  1.17009E-01
  3.3350000000E+00  3.3400000000E+00  2.13721E-02  1.20509E-01
  3.3400000000E+00  3.3450000000E+00  2.14427E-02  1.06296E-01
  3.3450000000E+00  3.3500000000E+00  2.15671E-02  1.42046E-01
  3.3500000000E+00  3.3550000000E+00  2.15956E-02  8.62558E-02
  3.3550000000E+00  3.3600000000E+00  2.17321E-02  1.57132E-01
  3.3600000000E+00  3.3650000000E+00  2.18209E-02  1.19450E-01
  3.3650000000E+00  3.3700000000E+00  2.18572E-02  8.18169E-02
  3.3700000000E+00  3.3750000000E+00  2.19422E-02  8.84714E-02
  3.3750000000E+00  3.3800000000E+00  2.20240E-02  9.96893E-02
  3.3800000000E+00  3.3850000000E+00  2.21723E-02  1.19144E-01
  3.3850000000E+00  3.3900000000E+00  2.22019E-02  8.26357E-02
  3.3900000000E+00  3.3950000000E+00  2.23279E-02  1.38869E-01
  3.3950000000E+00  3.4000000000E+00  2.24331E-02  1.27239E-01
  3.4000000000E+00  3.4050000000E+00  2.25018E-02  8.90406E-02
  3.4050000000E+00  3.4100000000E+00  2.26209E-02  8.54852E-02
  3.4100000000E+00  3.4150000000E+00  2.27322E-02  1.02650E-01
  3.4150000000E+00  3.4200000000E+00  2.28222E-02  9.59558E-02
  3.4200000000E+00  3.4250000000E+00  2.29643E-02  1.17104E-01
  3.4250000000E+00  3.4300000000E+00  2.30198E-02  1.06843E-01
  3.4300000000E+00  3.4350000000E+00  2.31196E-02  9.70860E-02
  3.4350000000E+00  3.4400000000E+00  2.32213E-02  8.68263E-02
  3.4400000000E+00  3.4450000000E+00  2.33328E-02  9.93325E-02
  3.4450000000E+00  3.4500000000E+00  2.34342E-02  1.10350E-01
  3.4500000000E+00  3.4550000000E+00  2.35474E-02  8.68337E-02
  3.4550000000E+00  3.4600000000E+00  2.36956E-02  1.11258E-01
  3.4600000000E+00  3.4650000000E+00  2.37874E-02  9.88270E-02
  3.4650000000E+00  3.4700000000E+00  2.39131E-02  9.94334E-02
  3.4700000000E+00  3.4750000000E+00  2.40585E-02  1.07320E-01
  3.4750000000E+00  3.4800000000E+00  2.41935E-02  1.09657E-01
  3.4800000000E+00  3.4850000000E+00  2.43043E-02  1.03420E-01
  3.4850000000E+00  3.4900000000E+00  2.44288E-02  9.81046E-02
  3.4900000000E+00  3.4950000000E+00  2.45412E-02  9.89730E-02
  3.4950000000E+00  3.5000000000E+00  2.46811E-02  8.23983E-02
  3.5000000000E+00  3.5050000000E+00  2.47951E-02  8.57215E-02
  3.5050000000E+00  3.5100000000E+00  2.49719E-02  1.01383E-01
  3.5100000000E+00  3.5150000000E+00  2.51447E-02  1.07723E-01
  3.5150000000E+00  3.5200000000E+00  2.52830E-02  9.33051E-02
  3.5200000000E+00  3.5250000000E+00  2.54355E-02  8.26824E-02
  3.5250000000E+00  3.5300000000E+00  2.55624E-02  8.92030E-02
  3.5300000000E+00  3.5350000000E+00  2.57156E-02  1.06095E-01
  3.5350000000E+00  3.5400000000E+00  2.58817E-02  9.37864E-02
  3.5400000000E+00  3.5450000000E+00  2.61116E-02  9.83502E-02
  3.5450000000E+00  3.5500000000E+00  2.62184E-02  8.54340E-02
  3.5500000000E+00  3.5550000000E+00  2.63996E-02  9.38637E-02
  3.5550000000E+00  3.5600000000E+00  2.65768E-02  9.91525E-02
  3.5600000000E+00  3.5650000000E+00  2.67368E-02  7.46272E-02
  3.5650000000E+00  3.5700000000E+00  2.69464E-02  7.82515E-02
  3.5700000000E+00  3.5750000000E+00  2.71163E-02  7.36540E-02
  3.5750000000E+00  3.5800000000E+00  2.73096E-02  9.34727E-02
  3.5800000000E+00  3.5850000000E+00  2.75120E-02  6.67448E-02
  3.5850000000E+00  3.5900000000E+00  2.77086E-02  6.87278E-02
  3.5900000000E+00  3.5950000000E+00  2.79480E-02  9.09756E-02
  3.5950000000E+00  3.6000000000E+00  2.81430E-02  8.09299E-02
  3.6000000000E+00  3.6050000000E+00  2.84367E-02  1.22474E-01
  3.6050000000E+00  3.6100000000E+00  2.86669E-02  9.47285E-02
  3.6100000000E+00  3.6150000000E+00  2.88607E-02  9.96217E-02
  3.6150000000E+00  3.6200000000E+00  2.91032E-02  7.45694E-02
  3.6200000000E+00  3.6250000000E+00  2.93946E-02  8.29896E-02
  3.6250000000E+00  3.6300000000E+00  2.96440E-02  8.94680E-02
  3.6300000000E+00  3.6350000000E+00  2.99254E-02  8.40302E-02
  3.6350000000E+00  3.6400000000E+00  3.01871E-02  7.88380E-02
  3.6400000000E+00  3.6450000000E+00  3.04737E-02  7.36253E-02
  3.6450000000E+00  3.6500000000E+00  3.07888E-02  7.15373E-02
  3.6500000000E+00  3.6550000000E+00  3.11107E-02  7.66803E-02
  3.6550000000E+00  3.6600000000E+00  3.14396E-02  7.95405E-02
  3.6600000000E+00  3.6650000000E+00  3.17411E-02  5.82228E-02
  3.6650000000E+00  3.6700000000E+00  3.20713E-02  6.04328E-02
  3.6700000000E+00  3.6750000000E+00  3.24472E-02  7.19666E-02
  3.6750000000E+00  3.6800000000E+00  3.28451E-02  7.00572E-02
  3.6800000000E+00  3.6850000000E+00  3.32409E-02  6.40678E-02
  3.6850000000E+00  3.6900000000E+00  3.36843E-02  8.21043E-02
  3.6900000000E+00  3.6950000000E+00  3.40971E-02  8.22910E-02
  3.6950000000E+00  3.7000000000E+00  3.45479E-02  7.80442E-02
  3.7000000000E+00  3.7050000000E+00  3.50677E-02  7.39357E-02
  3.7050000000E+00  3.7100000000E+00  3.55754E-02  6.61647E-02
  3.7100000000E+00  3.7150000000E+00  3.61208E-02  7.78766E-02
  3.7150000000E+00  3.7200000000E+00  3.66822E-02  8.10157E-02
  3.7200000000E+00  3.7250000000E+00  3.73134E-02  9.61741E-02
  3.7250000000E+00  3.7300000000E+00  3.79224E-02  8.07552E-02
  3.7300000000E+00  3.7350000000E+00  3.85429E-02  8.64877E-02
  3.7350000000E+00  3.7400000000E+00  3.92360E-02  8.83096E-02
  3.7400000000E+00  3.7450000000E+00  4.00225E-02  8.54714E-02
  3.7450000000E+00  3.7500000000E+00  4.07807E-02  7.89781E-02
  3.7500000000E+00  3.7550000000E+00  4.15825E-02  7.35793E-02
  3.7550000000E+00  3.7600000000E+00  4.24379E-02  8.53624E-02
  3.7600000000E+00  3.7650000000E+00  4.32872E-02  9.72470E-02
  3.7650000000E+00  3.7700000000E+00  4.42314E-02  9.50099E-02
  3.7700000000E+00  3.7750000000E+00  4.51680E-02  1.03180E-01
  3.7750000000E+00  3.7800000000E+00  4.60900E-02  9.27951E-02
  3.7800000000E+00  3.7850000000E+00  4.70787E-02  6.19504E-02
  3.7850000000E+00  3.7900000000E+00  4.79850E-02  8.99617E-02
  3.7900000000E+00  3.7950000000E+00  4.89547E-02  8.04903E-02
  3.7950000000E+00  3.8000000000E+00  4.98913E-02  8.25904E-02
  3.8000000000E+00  3.8050000000E+00  5.07841E-02  1.05896E-01
  3.8050000000E+00  3.8100000000E+00  5.15675E-02  8.26259E-02
  3.8100000000E+00  3.8150000000E+00  5.22518E-02  8.69491E-02
  3.8150000000E+00  3.8200000000E+00  5.29087E-02  9.40785E-02
  3.8200000000E+00  3.8250000000E+00  5.32857E-02  1.19374E-01
  3.8250000000E+00  3.8300000000E+00  5.35551E-02  1.11953E-01
  3.8300000000E+00  3.8350000000E+00  5.38156E-02  1.25259E-01
  3.8350000000E+00  3.8400000000E+00  5.37750E-02  1.19573E-01
  3.8400000000E+00  3.8450000000E+00  5.34689E-02  1.32560E-01
  3.8450000000E+00  3.8500000000E+00  5.29900E-02  1.49198E-01
  3.8500000000E+00  3.8550000000E+00  5.22759E-02  1.71654E-01
  3.8550000000E+00  3.8600000000E+00  5.12483E-02  1.44808E-01
  3.8600000000E+00  3.8650000000E+00  4.99823E-02  1.21695E-01
  3.8650000000E+00  3.8700000000E+00  4.85111E-02  1.45125E-01
  3.8700000000E+00  3.8750000000E+00  4.67603E-02  1.61832E-01
  3.8750000000E+00  3.8800000000E+00  4.48837E-02  1.68941E-01
  3.8800000000E+00  3.8850000000E+00  4.26831E-02  2.11734E-01
  3.8850000000E+00  3.8900000000E+00  4.03241E-02  1.89741E-01
  3.8900000000E+00  3.8950000000E+00  3.78282E-02  2.09936E-01
  3.8950000000E+00  3.9000000000E+00  3.54099E-02  1.87698E-01
  3.9000000000E+00  3.9050000000E+00  3.27959E-02  2.34819E-01
  3.9050000000E+00  3.9100000000E+00  3.02553E-02  2.54518E-01
  3.9100000000E+00  3.9150000000E+00  2.74950E-02  2.95730E-01
  3.9150000000E+00  3.9200000000E+00  2.49006E-02  3.69695E-01
  3.9200000000E+00  3.9250000000E+00  2.24351E-02  3.48198E-01
  3.9250000000E+00  3.9300000000E+00  1.99444E-02  3.85232E-01
  3.9300000000E+00  3.9350000000E+00  1.76663E-02  3.08687E-01
  3.9350000000E+00  3.9400000000E+00  1.56053E-02  4.18716E-01
  3.9400000000E+00  3.9450000000E+00  1.36388E-02  4.67274E-01
  3.9450000000E+00  3.9500000000E+00  1.18096E-02  4.27871E-01
  3.9500000000E+00  3.9550000000E+00  1.01857E-02  4.91178E-01
  3.9550000000E+00  3.9600000000E+00  8.78205E-03  6.13695E-01
  3.9600000000E+00  3.9650000000E+00  7.49361E-03  5.51585E-01
  3.9650000000E+00  3.9700000000E+00  6.32245E-03  5.46227E-01
  3.9700000000E+00  3.9750000000E+00  5.37812E-03  6.64504E-01
  3.9750000000E+00  3.9800000000E+00  4.59635E-03  6.43671E-01
  3.9800000000E+00  3.9850000000E+00  3.91985E-03  7.40636E-01
  3.9850000000E+00  3.9900000000E+00  3.32728E-03  7.39853E-01
  3.9900000000E+00  3.9950000000E+00  2.84745E-03  7.10366E-01
  3.9950000000E+00  4.0000000000E+00  2.45609E-03  9.09974E-01
  4.0000000000E+00  4.0050000000E+00  2.15714E-03  1.02582E+00
  4.0050000000E+00  4.0100000000E+00  1.91564E-03  9.46571E-01
  4.0100000000E+00  4.0150000000E+00  1.70643E-03  1.15129E+00
  4.0150000000E+00  4.0200000000E+00  1.54611E-03  1.21911E+00
  4.0200000000E+00  4.0250000000E+00  1.45191E-03  9.94558E-01
  4.0250000000E+00  4.0300000000E+00  1.35375E-03  9.48195E-01
  4.0300000000E+00  4.0350000000E+00  1.29135E-03  6.66112E-01
  4.0350000000E+00  4.0400000000E+00  1.23845E-03  8.67681E-01
  4.0400000000E+00  4.0450000000E+00  1.19425E-03  8.44883E-01
  4.0450000000E+00  4.0500000000E+00  1.16856E-03  9.18793E-01
  4.0500000000E+00  4.0550000000E+00  1.13514E-03  8.28891E-01
  4.0550000000E+00  4.0600000000E+00  1.12525E-03  7.42497E-01
  4.0600000000E+00  4.0650000000E+00  1.11631E-03  7.32983E-01
  4.0650000000E+00  4.0700000000E+00  1.09344E-03  7.93060E-01
  4.0700000000E+00  4.0750000000E+00  1.08890E-03  6.82823E-01
  4.0750000000E+00  4.0800000000E+00  1.07942E-03  7.99491E-01
  4.0800000000E+00  4.0850000000E+00  1.07294E-03  7.88037E-01
  4.0850000000E+00  4.0900000000E+00  1.07646E-03  7.80243E-01
  4.0900000000E+00  4.0950000000E+00  1.06097E-03  7.69602E-01
  4.0950000000E+00  4.1000000000E+00  1.05731E-03  8.40382E-01
  4.1000000000E+00  4.1050000000E+00  1.05933E-03  8.76573E-01
  4.1050000000E+00  4.1100000000E+00  1.05031E-03  8.01438E-01
  4.1100000000E+00  4.1150000000E+00  1.04841E-03  8.45854E-01
  4.1150000000E+00  4.1200000000E+00  1.05062E-03  1.06165E+00
  4.1200000000E+00  4.1250000000E+00  1.04145E-03  7.94505E-01
  4.1250000000E+00  4.1300000000E+00  1.04047E-03  8.85823E-01
  4.1300000000E+00  4.1350000000E+00  1.03023E-03  9.32911E-01
  4.1350000000E+00  4.1400000000E+00  1.02584E-03  9.53695E-01
  4.1400000000E+00  4.1450000000E+00  1.02082E-03  9.89369E-01
  4.1450000000E+00  4.1500000000E+00  1.00882E-03  9.10152E-01
  4.1500000000E+00  4.1550000000E+00  1.01042E-03  9.38999E-01
  4.1550000000E+00  4.1600000000E+00  1.00377E-03  9.93568E-01
  4.1600000000E+00  4.1650000000E+00  9.94184E-04  9.59503E-01
  4.1650000000E+00  4.1700000000E+00  9.86866E-04  8.57373E-01
  4.1700000000E+00  4.1750000000E+00  9.89267E-04  7.57773E-01
  4.1750000000E+00  4.1800000000E+00  9.96427E-04  1.00962E+00
  4.1800000000E+00  4.1850000000E+00  9.74700E-04  1.01262E+00
  4.1850000000E+00  4.1900000000E+00  9.72025E-04  1.21133E+00
  4.1900000000E+00  4.1950000000E+00  9.58281E-04  1.17875E+00
  4.1950000000E+00  4.2000000000E+00  9.56655E-04  1.18976E+00
  4.2000000000E+00  4.2050000000E+00  9.57560E-04  1.44203E+00
  4.2050000000E+00  4.2100000000E+00  9.49701E-04  1.30879E+00
  4.2100000000E+00  4.2150000000E+00  9.36980E-04  1.05042E+00
  4.2150000000E+00  4.2200000000E+00  9.32555E-04  1.01575E+00
  4.2200000000E+00  4.2250000000E+00  9.24905E-04  9.99183E-01
  4.2250000000E+00  4.2300000000E+00  9.10976E-04  1.04306E+00
  4.2300000000E+00  4.2350000000E+00  9.07156E-04  1.08216E+00
  4.2350000000E+00  4.2400000000E+00  9.12535E-04  1.18151E+00
  4.2400000000E+00  4.2450000000E+00  9.14969E-04  1.30865E+00
  4.2450000000E+00  4.2500000000E+00  9.13280E-04  1.07109E+00
  4.2500000000E+00  4.2550000000E+00  9.02895E-04  1.08696E+00
  4.2550000000E+00  4.2600000000E+00  8.97424E-04  1.11300E+00
  4.2600000000E+00  4.2650000000E+00  8.95746E-04  1.06542E+00
  4.2650000000E+00  4.2700000000E+00  8.92624E-04  1.02356E+00
  4.2700000000E+00  4.2750000000E+00  8.77485E-04  1.02213E+00
  4.2750000000E+00  4.2800000000E+00  8.81913E-04  1.12428E+00
  4.2800000000E+00  4.2850000000E+00  8.72091E-04  8.77628E-01
  4.2850000000E+00  4.2900000000E+00  8.76671E-04  1.18428E+00
  4.2900000000E+00  4.2950000000E+00  8.68985E-04  1.06320E+00
  4.2950000000E+00  4.3000000000E+00  8.63093E-04  1.05749E+00
  4.3000000000E+00  4.3050000000E+00  8.66429E-04  1.12056E+00
  4.3050000000E+00  4.3100000000E+00  8.54132E-04  1.22193E+00
  4.3100000000E+00  4.3150000000E+00  8.53668E-04  1.24268E+00
  4.3150000000E+00  4.3200000000E+00  8.42820E-04  1.12639E+00
  4.3200000000E+00  4.3250000000E+00  8.35326E-04  9.56701E-01
  4.3250000000E+00  4.3300000000E+00  8.31533E-04  1.20874E+00
  4.3300000000E+00  4.3350000000E+00  8.24405E-04  9.25807E-01
  4.3350000000E+00  4.3400000000E+00  8.32656E-04  9.85730E-01
  4.3400000000E+00  4.3450000000E+00  8.26922E-04  1.07975E+00
  4.3450000000E+00  4.3500000000E+00  8.17138E-04  1.14567E+00
  4.3500000000E+00  4.3550000000E+00  8.09790E-04  1.06656E+00
  4.3550000000E+00  4.3600000000E+00  8.05083E-04  1.31422E+00
  4.3600000000E+00  4.3650000000E+00  7.98138E-04  1.18120E+00
  4.3650000000E+00  4.3700000000E+00  7.97793E-04  1.43406E+00
  4.3700000000E+00  4.3750000000E+00  7.99582E-04  1.56776E+00
  4.3750000000E+00  4.3800000000E+00  7.91002E-04  1.29895E+00
  4.3800000000E+00  4.3850000000E+00  7.88418E-04  1.50956E+00
  4.3850000000E+00  4.3900000000E+00  7.73696E-04  1.13823E+00
  4.3900000000E+00  4.3950000000E+00  7.79425E-04  1.36277E+00
  4.3950000000E+00  4.4000000000E+00  7.68837E-04  1.05610E+00
  4.4000000000E+00  4.4050000000E+00  7.68572E-04  1.09381E+00
  4.4050000000E+00  4.4100000000E+00  7.60334E-04  1.05918E+00
  4.4100000000E+00  4.4150000000E+00  7.64849E-04  1.00446E+00
  4.4150000000E+00  4.4200000000E+00  7.61440E-04  1.07161E+00
  4.4200000000E+00  4.4250000000E+00  7.60647E-04  1.02365E+00
  4.4250000000E+00  4.4300000000E+00  7.47734E-04  1.27522E+00
  4.4300000000E+00  4.4350000000E+00  7.47519E-04  1.07638E+00
  4.4350000000E+00  4.4400000000E+00  7.39037E-04  9.09945E-01
  4.4400000000E+00  4.4450000000E+00  7.33099E-04  1.05792E+00
  4.4450000000E+00  4.4500000000E+00  7.22975E-04  1.20919E+00
  4.4500000000E+00  4.4550000000E+00  7.22074E-04  1.30349E+00
  4.4550000000E+00  4.4600000000E+00  7.12996E-04  1.16635E+00
  4.4600000000E+00  4.4650000000E+00  7.12812E-04  1.27540E+00
  4.4650000000E+00  4.4700000000E+00  7.08247E-04  1.19327E+00
  4.4700000000E+00  4.4750000000E+00  7.06282E-04  1.32396E+00
  4.4750000000E+00  4.4800000000E+00  7.01419E-04  1.34435E+00
  4.4800000000E+00  4.4850000000E+00  6.99001E-04  1.23919E+00
  4.4850000000E+00  4.4900000000E+00  6.95355E-04  9.13071E-01
  4.4900000000E+00  4.4950000000E+00  6.86419E-04  9.94300E-01
  4.4950000000E+00  4.5000000000E+00  6.85508E-04  1.14193E+00
  4.5000000000E+00  4.5050000000E+00  6.85782E-04  1.17077E+00
  4.5050000000E+00  4.5100000000E+00  6.73753E-04  1.02364E+00
  4.5100000000E+00  4.5150000000E+00  6.71902E-04  1.17052E+00
  4.5150000000E+00  4.5200000000E+00  6.68946E-04  1.17686E+00
  4.5200000000E+00  4.5250000000E+00  6.58610E-04  1.11773E+00
  4.5250000000E+00  4.5300000000E+00  6.56704E-04  1.31647E+00
  4.5300000000E+00  4.5350000000E+00  6.58889E-04  1.24216E+00
  4.5350000000E+00  4.5400000000E+00  6.55840E-04  1.16173E+00
  4.5400000000E+00  4.5450000000E+00  6.52192E-04  1.28211E+00
  4.5450000000E+00  4.5500000000E+00  6.44130E-04  1.25551E+00
  4.5500000000E+00  4.5550000000E+00  6.25451E-04  1.22176E+00
  4.5550000000E+00  4.5600000000E+00  6.24922E-04  1.26802E+00
  4.5600000000E+00  4.5650000000E+00  6.30859E-04  1.26945E+00
  4.5650000000E+00  4.5700000000E+00  6.17006E-04  1.22312E+00
  4.5700000000E+00  4.5750000000E+00  6.09727E-04  1.32685E+00
  4.5750000000E+00  4.5800000000E+00  6.08871E-04  1.47079E+00
  4.5800000000E+00  4.5850000000E+00  6.05934E-04  1.14401E+00
  4.5850000000E+00  4.5900000000E+00  6.01841E-04  1.04448E+00
  4.5900000000E+00  4.5950000000E+00  6.11690E-04  1.38753E+00
  4.5950000000E+00  4.6000000000E+00  6.08629E-04  1.35151E+00
  4.6000000000E+00  4.6050000000E+00  5.91846E-04  1.29524E+00
  4.6050000000E+00  4.6100000000E+00  5.85920E-04  1.47193E+00
  4.6100000000E+00  4.6150000000E+00  5.79520E-04  1.45911E+00
  4.6150000000E+00  4.6200000000E+00  5.86562E-04  1.52143E+00
  4.6200000000E+00  4.6250000000E+00  5.82531E-04  1.34488E+00
  4.6250000000E+00  4.6300000000E+00  5.80188E-04  1.32294E+00
  4.6300000000E+00  4.6350000000E+00  5.73236E-04  1.15414E+00
  4.6350000000E+00  4.6400000000E+00  5.73003E-04  1.61439E+00
  4.6400000000E+00  4.6450000000E+00  5.64582E-04  1.32864E+00
  4.6450000000E+00  4.6500000000E+00  5.62050E-04  1.09368E+00
  4.6500000000E+00  4.6550000000E+00  5.52836E-04  1.21666E+00
  4.6550000000E+00  4.6600000000E+00  5.49578E-04  1.40543E+00
  4.6600000000E+00  4.6650000000E+00  5.45338E-04  1.27495E+00
  4.6650000000E+00  4.6700000000E+00  5.37396E-04  1.29493E+00
  4.6700000000E+00  4.6750000000E+00  5.33053E-04  1.04431E+00
  4.6750000000E+00  4.6800000000E+00  5.34630E-04  1.37039E+00
  4.6800000000E+00  4.6850000000E+00  5.32024E-04  1.10829E+00
  4.6850000000E+00  4.6900000000E+00  5.24265E-04  1.12806E+00
  4.6900000000E+00  4.6950000000E+00  5.23707E-04  1.50040E+00
  4.6950000000E+00  4.7000000000E+00  5.09835E-04  1.23213E+00
  4.7000000000E+00  4.7050000000E+00  5.05592E-04  1.18433E+00
  4.7050000000E+00  4.7100000000E+00  5.11858E-04  1.90413E+00
  4.7100000000E+00  4.7150000000E+00  5.03234E-04  1.32592E+00
  4.7150000000E+00  4.7200000000E+00  5.00330E-04  1.32490E+00
  4.7200000000E+00  4.7250000000E+00  4.92418E-04  1.11692E+00
  4.7250000000E+00  4.7300000000E+00  4.96426E-04  1.29544E+00
  4.7300000000E+00  4.7350000000E+00  4.91839E-04  1.21536E+00
  4.7350000000E+00  4.7400000000E+00  4.90554E-04  1.58973E+00
  4.7400000000E+00  4.7450000000E+00  4.78893E-04  1.39757E+00
  4.7450000000E+00  4.7500000000E+00  4.75500E-04  1.53960E+00
  4.7500000000E+00  4.7550000000E+00  4.81544E-04  1.55398E+00
  4.7550000000E+00  4.7600000000E+00  4.83029E-04  1.45069E+00
  4.7600000000E+00  4.7650000000E+00  4.78601E-04  1.56340E+00
  4.7650000000E+00  4.7700000000E+00  4.71255E-04  1.73647E+00
  4.7700000000E+00  4.7750000000E+00  4.69544E-04  1.61423E+00
  4.7750000000E+00  4.7800000000E+00  4.59113E-04  1.62640E+00
  4.7800000000E+00  4.7850000000E+00  4.61537E-04  1.94846E+00
  4.7850000000E+00  4.7900000000E+00  4.58913E-04  1.66944E+00
  4.7900000000E+00  4.7950000000E+00  4.54268E-04  1.66023E+00
  4.7950000000E+00  4.8000000000E+00  4.48465E-04  1.63930E+00
  4.8000000000E+00  4.8050000000E+00  4.49481E-04  1.76040E+00
  4.8050000000E+00  4.8100000000E+00  4.45492E-04  1.73478E+00
  4.8100000000E+00  4.8150000000E+00  4.41963E-04  1.73078E+00
  4.8150000000E+00  4.8200000000E+00  4.29974E-04  1.73694E+00
  4.8200000000E+00  4.8250000000E+00  4.27630E-04  1.70862E+00
  4.8250000000E+00  4.8300000000E+00  4.24528E-04  1.85471E+00
  4.8300000000E+00  4.8350000000E+00  4.25222E-04  2.01898E+00
  4.8350000000E+00  4.8400000000E+00  4.12842E-04  2.04839E+00
  4.8400000000E+00  4.8450000000E+00  4.09745E-04  2.03687E+00
  4.8450000000E+00  4.8500000000E+00  4.08451E-04  2.01414E+00
  4.8500000000E+00  4.8550000000E+00  3.98546E-04  2.00757E+00
  4.8550000000E+00  4.8600000000E+00  4.01428E-04  2.04769E+00
  4.8600000000E+00  4.8650000000E+00  4.00964E-04  1.97086E+00
  4.8650000000E+00  4.8700000000E+00  3.98335E-04  2.27024E+00
  4.8700000000E+00  4.8750000000E+00  3.96093E-04  2.02847E+00
  4.8750000000E+00  4.8800000000E+00  3.84578E-04  2.00839E+00
  4.8800000000E+00  4.8850000000E+00  3.79246E-04  2.13819E+00
  4.8850000000E+00  4.8900000000E+00  3.76462E-04  1.87266E+00
  4.8900000000E+00  4.8950000000E+00  3.74669E-04  1.96750E+00
  4.8950000000E+00  4.9000000000E+00  3.65739E-04  1.62672E+00
  4.9000000000E+00  4.9050000000E+00  3.59711E-04  1.68410E+00
  4.9050000000E+00  4.9100000000E+00  3.56918E-04  1.62510E+00
  4.9100000000E+00  4.9150000000E+00  3.50731E-04  1.52303E+00
  4.9150000000E+00  4.9200000000E+00  3.43224E-04  1.70412E+00
  4.9200000000E+00  4.9250000000E+00  3.33573E-04  1.77349E+00
  4.9250000000E+00  4.9300000000E+00  3.35811E-04  1.80915E+00
  4.9300000000E+00  4.9350000000E+00  3.35381E-04  2.09868E+00
  4.9350000000E+00  4.9400000000E+00  3.32184E-04  2.19029E+00
  4.9400000000E+00  4.9450000000E+00  3.25792E-04  1.88405E+00
  4.9450000000E+00  4.9500000000E+00  3.24211E-04  2.02219E+00
  4.9500000000E+00  4.9550000000E+00  3.23173E-04  1.92251E+00
  4.9550000000E+00  4.9600000000E+00  3.14796E-04  2.07779E+00
  4.9600000000E+00  4.9650000000E+00  3.13932E-04  2.08286E+00
  4.9650000000E+00  4.9700000000E+00  3.15396E-04  2.09839E+00
  4.9700000000E+00  4.9750000000E+00  3.11150E-04  2.22745E+00
  4.9750000000E+00  4.9800000000E+00  3.07940E-04  2.35906E+00
  4.9800000000E+00  4.9850000000E+00  3.05851E-04  2.54922E+00
  4.9850000000E+00  4.9900000000E+00  3.02217E-04  2.17110E+00
  4.9900000000E+00  4.9950000000E+00  3.00952E-04  2.12985E+00
  4.9950000000E+00  5.0000000000E+00  3.00889E-04  2.23099E+00
  5.0000000000E+00  5.0050000000E+00  2.96900E-04  2.22123E+00
  5.0050000000E+00  5.0100000000E+00  2.96473E-04  2.22045E+00
  5.0100000000E+00  5.0150000000E+00  2.88404E-04  2.36051E+00
  5.0150000000E+00  5.0200000000E+00  2.81986E-04  2.07420E+00
  5.0200000000E+00  5.0250000000E+00  2.76472E-04  2.22513E+00
  5.0250000000E+00  5.0300000000E+00  2.72758E-04  2.23323E+00
  5.0300000000E+00  5.0350000000E+00  2.67900E-04  2.16472E+00
  5.0350000000E+00  5.0400000000E+00  2.66025E-04  2.29307E+00
  5.0400000000E+00  5.0450000000E+00  2.62988E-04  2.37597E+00
  5.0450000000E+00  5.0500000000E+00  2.62080E-04  2.54977E+00
  5.0500000000E+00  5.0550000000E+00  2.59712E-04  2.56353E+00
  5.0550000000E+00  5.0600000000E+00  2.57218E-04  2.63892E+00
  5.0600000000E+00  5.0650000000E+00  2.59364E-04  2.73474E+00
  5.0650000000E+00  5.0700000000E+00  2.52388E-04  2.94512E+00
  5.0700000000E+00  5.0750000000E+00  2.45688E-04  2.62825E+00
  5.0750000000E+00  5.0800000000E+00  2.43916E-04  2.55128E+00
  5.0800000000E+00  5.0850000000E+00  2.42462E-04  2.68418E+00
  5.0850000000E+00  5.0900000000E+00  2.41376E-04  2.68978E+00
  5.0900000000E+00  5.0950000000E+00  2.33781E-04  2.49691E+00
  5.0950000000E+00  5.1000000000E+00  2.29773E-04  3.02328E+00
  5.1000000000E+00  5.1050000000E+00  2.26419E-04  2.94439E+00
  5.1050000000E+00  5.1100000000E+00  2.23085E-04  2.77862E+00
  5.1100000000E+00  5.1150000000E+00  2.20122E-04  2.86122E+00
  5.1150000000E+00  5.1200000000E+00  2.20179E-04  2.65220E+00
  5.1200000000E+00  5.1250000000E+00  2.17890E-04  2.88354E+00
  5.1250000000E+00  5.1300000000E+00  2.15848E-04  3.20611E+00
  5.1300000000E+00  5.1350000000E+00  2.07934E-04  2.96622E+00
  5.1350000000E+00  5.1400000000E+00  2.08578E-04  2.97673E+00
  5.1400000000E+00  5.1450000000E+00  2.04998E-04  2.99256E+00
  5.1450000000E+00  5.1500000000E+00  2.09780E-04  3.25246E+00
  5.1500000000E+00  5.1550000000E+00  1.97736E-04  2.90728E+00
  5.1550000000E+00  5.1600000000E+00  1.92245E-04  3.10173E+00
  5.1600000000E+00  5.1650000000E+00  1.90941E-04  3.06303E+00
  5.1650000000E+00  5.1700000000E+00  1.88734E-04  3.07043E+00
  5.1700000000E+00  5.1750000000E+00  1.88748E-04  2.98144E+00
  5.1750000000E+00  5.1800000000E+00  1.85120E-04  2.62444E+00
  5.1800000000E+00  5.1850000000E+00  1.80814E-04  2.63626E+00
  5.1850000000E+00  5.1900000000E+00  1.74913E-04  2.68076E+00
  5.1900000000E+00  5.1950000000E+00  1.71810E-04  2.89590E+00
  5.1950000000E+00  5.2000000000E+00  1.70660E-04  3.01884E+00
  5.2000000000E+00  5.2050000000E+00  1.66290E-04  3.28396E+00
  5.2050000000E+00  5.2100000000E+00  1.60594E-04  3.53157E+00
  5.2100000000E+00  5.2150000000E+00  1.54624E-04  2.96192E+00
  5.2150000000E+00  5.2200000000E+00  1.53787E-04  2.94781E+00
  5.2200000000E+00  5.2250000000E+00  1.55648E-04  3.34677E+00
  5.2250000000E+00  5.2300000000E+00  1.47876E-04  3.88325E+00
  5.2300000000E+00  5.2350000000E+00  1.43607E-04  3.51353E+00
  5.2350000000E+00  5.2400000000E+00  1.39221E-04  3.61216E+00
  5.2400000000E+00  5.2450000000E+00  1.35401E-04  3.79796E+00
  5.2450000000E+00  5.2500000000E+00  1.33440E-04  3.86913E+00
  5.2500000000E+00  5.2550000000E+00  1.29485E-04  3.83883E+00
  5.2550000000E+00  5.2600000000E+00  1.26814E-04  3.56859E+00
  5.2600000000E+00  5.2650000000E+00  1.27393E-04  3.68047E+00
  5.2650000000E+00  5.2700000000E+00  1.27532E-04  3.90069E+00
  5.2700000000E+00  5.2750000000E+00  1.20291E-04  3.38189E+00
  5.2750000000E+00  5.2800000000E+00  1.16816E-04  3.52660E+00
  5.2800000000E+00  5.2850000000E+00  1.11608E-04  3.80590E+00
  5.2850000000E+00  5.2900000000E+00  1.12359E-04  3.92804E+00
  5.2900000000E+00  5.2950000000E+00  1.08308E-04  4.41614E+00
  5.2950000000E+00  5.3000000000E+00  1.05415E-04  4.06081E+00
  5.3000000000E+00  5.3050000000E+00  1.03275E-04  4.26417E+00
  5.3050000000E+00  5.3100000000E+00  1.00816E-04  3.55587E+00
  5.3100000000E+00  5.3150000000E+00  9.79413E-05  4.52321E+00
  5.3150000000E+00  5.3200000000E+00  9.63240E-05  4.28831E+00
  5.3200000000E+00  5.3250000000E+00  9.23979E-05  4.54515E+00
  5.3250000000E+00  5.3300000000E+00  8.80113E-05  4.44473E+00
  5.3300000000E+00  5.3350000000E+00  8.35231E-05  3.94967E+00
  5.3350000000E+00  5.3400000000E+00  8.06826E-05  3.72402E+00
  5.3400000000E+00  5.3450000000E+00  8.03236E-05  4.38283E+00
  5.3450000000E+00  5.3500000000E+00  7.57377E-05  4.25573E+00
  5.3500000000E+00  5.3550000000E+00  7.33138E-05  4.35223E+00
  5.3550000000E+00  5.3600000000E+00  7.24172E-05  3.69946E+00
  5.3600000000E+00  5.3650000000E+00  6.94552E-05  4.00867E+00
  5.3650000000E+00  5.3700000000E+00  6.93461E-05  4.49854E+00
  5.3700000000E+00  5.3750000000E+00  6.64630E-05  4.14806E+00
  5.3750000000E+00  5.3800000000E+00  6.45999E-05  4.26770E+00
  5.3800000000E+00  5.3850000000E+00  6.24540E-05  4.25264E+00
  5.3850000000E+00  5.3900000000E+00  6.17808E-05  4.61433E+00
  5.3900000000E+00  5.3950000000E+00  6.06431E-05  4.73671E+00
  5.3950000000E+00  5.4000000000E+00  5.73583E-05  3.89342E+00
  5.4000000000E+00  5.4050000000E+00  5.86114E-05  4.48625E+00
  5.4050000000E+00  5.4100000000E+00  5.61324E-05  4.27349E+00
  5.4100000000E+00  5.4150000000E+00  5.47221E-05  5.13675E+00
  5.4150000000E+00  5.4200000000E+00  5.19911E-05  4.77945E+00
  5.4200000000E+00  5.4250000000E+00  4.86579E-05  4.53058E+00
  5.4250000000E+00  5.4300000000E+00  4.78413E-05  5.02005E+00
  5.4300000000E+00  5.4350000000E+00  4.73715E-05  5.54022E+00
  5.4350000000E+00  5.4400000000E+00  4.69647E-05  6.57118E+00
  5.4400000000E+00  5.4450000000E+00  4.40914E-05  6.91117E+00
  5.4450000000E+00  5.4500000000E+00  4.01771E-05  7.50855E+00
  5.4500000000E+00  5.4550000000E+00  3.88279E-05  7.29708E+00
  5.4550000000E+00  5.4600000000E+00  4.01742E-05  1.09008E+01
  5.4600000000E+00  5.4650000000E+00  3.64301E-05  6.00839E+00
  5.4650000000E+00  5.4700000000E+00  3.70413E-05  6.10595E+00
  5.4700000000E+00  5.4750000000E+00  3.45652E-05  6.11085E+00
  5.4750000000E+00  5.4800000000E+00  3.47901E-05  7.06785E+00
  5.4800000000E+00  5.4850000000E+00  3.04055E-05  8.10071E+00
  5.4850000000E+00  5.4900000000E+00  2.95507E-05  9.34805E+00
  5.4900000000E+00  5.4950000000E+00  2.90293E-05  7.73165E+00
  5.4950000000E+00  5.5000000000E+00  2.87522E-05  7.12916E+00
  5.5000000000E+00  5.5050000000E+00  2.70963E-05  6.50840E+00
  5.5050000000E+00  5.5100000000E+00  2.46482E-05  6.78101E+00
  5.5100000000E+00  5.5150000000E+00  2.48310E-05  7.68959E+00
  5.5150000000E+00  5.5200000000E+00  2.38068E-05  9.07618E+00
  5.5200000000E+00  5.5250000000E+00  2.16408E-05  6.79822E+00
  5.5250000000E+00  5.5300000000E+00  1.84927E-05  1.07725E+01
  5.5300000000E+00  5.5350000000E+00  1.72397E-05  1.10944E+01
  5.5350000000E+00  5.5400000000E+00  1.44394E-05  1.28720E+01
  5.5400000000E+00  5.5450000000E+00  1.25554E-05  1.44351E+01
  5.5450000000E+00  5.5500000000E+00  1.19024E-05  1.43196E+01
  5.5500000000E+00  5.5550000000E+00  1.10587E-05  1.56119E+01
  5.5550000000E+00  5.5600000000E+00  1.13392E-05  1.66148E+01
  5.5600000000E+00  5.5650000000E+00  1.00335E-05  1.77514E+01
  5.5650000000E+00  5.5700000000E+00  7.41588E-06  2.13969E+01
  5.5700000000E+00  5.5750000000E+00  6.17272E-06  2.25717E+01
  5.5750000000E+00  5.5800000000E+00  5.24495E-06  2.25536E+01
  5.5800000000E+00  5.5850000000E+00  4.53256E-06  2.25007E+01
  5.5850000000E+00  5.5900000000E+00  3.57393E-06  2.96602E+01
  5.5900000000E+00  5.5950000000E+00  2.25377E-06  3.24066E+01
  5.5950000000E+00  5.6000000000E+00  2.15524E-06  3.33656E+01
  5.6000000000E+00  5.6050000000E+00  1.69553E-06  4.21797E+01
  5.6050000000E+00  5.6100000000E+00  5.91106E-07  7.17719E+01
  5.6100000000E+00  5.6150000000E+00  0.00000E+00  0.00000E+00
  5.6150000000E+00  5.6200000000E+00  0.00000E+00  0.00000E+00
  5.6200000000E+00  5.6250000000E+00  9.51067E-15  1.00000E+02
  5.6250000000E+00  5.6300000000E+00  0.00000E+00  0.00000E+00
  5.6300000000E+00  5.6350000000E+00  1.17488E-08  1.00000E+02
  5.6350000000E+00  5.6400000000E+00  8.24761E-15  1.00000E+02
  5.6400000000E+00  5.6450000000E+00  0.00000E+00  0.00000E+00
  5.6450000000E+00  5.6500000000E+00  0.00000E+00  0.00000E+00
  5.6500000000E+00  5.6550000000E+00  0.00000E+00  0.00000E+00
  5.6550000000E+00  5.6600000000E+00  0.00000E+00  0.00000E+00
  5.6600000000E+00  5.6650000000E+00  0.00000E+00  0.00000E+00
  5.6650000000E+00  5.6700000000E+00  0.00000E+00  0.00000E+00
  5.6700000000E+00  5.6750000000E+00  0.00000E+00  0.00000E+00
  5.6750000000E+00  5.6800000000E+00  0.00000E+00  0.00000E+00
  5.6800000000E+00  5.6850000000E+00  3.62668E-09  1.00000E+02
  5.6850000000E+00  5.6900000000E+00  0.00000E+00  0.00000E+00
  5.6900000000E+00  5.6950000000E+00  0.00000E+00  0.00000E+00
  5.6950000000E+00  5.7000000000E+00  0.00000E+00  0.00000E+00
  5.7000000000E+00  5.7050000000E+00  1.91008E-07  7.33592E+01
  5.7050000000E+00  5.7100000000E+00  2.48201E-07  6.96667E+01
  5.7100000000E+00  5.7150000000E+00  1.32386E-07  1.00000E+02
  5.7150000000E+00  5.7200000000E+00  1.29644E-07  9.99976E+01
  5.7200000000E+00  5.7250000000E+00  1.37164E-07  1.00000E+02
  5.7250000000E+00  5.7300000000E+00  1.57882E-07  1.00000E+02
  5.7300000000E+00  5.7350000000E+00  1.63085E-07  1.00000E+02
  5.7350000000E+00  5.7400000000E+00  1.73259E-07  1.00000E+02
  5.7400000000E+00  5.7450000000E+00  1.85058E-07  1.00000E+02
  5.7450000000E+00  5.7500000000E+00  2.96279E-07  7.37049E+01
  5.7500000000E+00  5.7550000000E+00  2.24089E-07  9.99941E+01
  5.7550000000E+00  5.7600000000E+00  2.69895E-07  1.00000E+02
  5.7600000000E+00  5.7650000000E+00  3.81393E-07  1.00000E+02
  5.7650000000E+00  5.7700000000E+00  4.29432E-07  1.00000E+02
  5.7700000000E+00  5.7750000000E+00  0.00000E+00  0.00000E+00
  5.7750000000E+00  5.7800000000E+00  1.37430E-13  1.00000E+02
  5.7800000000E+00  5.7850000000E+00  0.00000E+00  0.00000E+00
  5.7850000000E+00  5.7900000000E+00  0.00000E+00  0.00000E+00
  5.7900000000E+00  5.7950000000E+00  4.43213E-15  1.00000E+02
  5.7950000000E+00  5.8000000000E+00  0.00000E+00  0.00000E+00
  5.8000000000E+00  5.8050000000E+00  0.00000E+00  0.00000E+00
  5.8050000000E+00  5.8100000000E+00  0.00000E+00  0.00000E+00
  5.8100000000E+00  5.8150000000E+00  0.00000E+00  0.00000E+00
  5.8150000000E+00  5.8200000000E+00  1.81284E-08  1.00000E+02
  5.8200000000E+00  5.8250000000E+00  7.57291E-08  7.13806E+01
  5.8250000000E+00  5.8300000000E+00  4.10140E-07  8.86116E+01
  5.8300000000E+00  5.8350000000E+00  3.23216E-07  8.58609E+01
  5.8350000000E+00  5.8400000000E+00  4.82588E-08  1.00000E+02
  5.8400000000E+00  5.8450000000E+00  4.82588E-08  1.00000E+02
  5.8450000000E+00  5.8500000000E+00  4.82588E-08  1.00000E+02
  5.8500000000E+00  5.8550000000E+00  1.08787E-07  6.99527E+01
  5.8550000000E+00  5.8600000000E+00  4.82588E-08  1.00000E+02
  5.8600000000E+00  5.8650000000E+00  4.82588E-08  1.00000E+02
  5.8650000000E+00  5.8700000000E+00  5.07185E-08  1.00000E+02
  5.8700000000E+00  5.8750000000E+00  5.09649E-08  9.99804E+01
  5.8750000000E+00  5.8800000000E+00  5.09552E-08  1.00000E+02
  5.8800000000E+00  5.8850000000E+00  5.09552E-08  1.00000E+02
  5.8850000000E+00  5.8900000000E+00  5.09552E-08  1.00000E+02
  5.8900000000E+00  5.8950000000E+00  5.09552E-08  1.00000E+02
  5.8950000000E+00  5.9000000000E+00  5.09627E-08  9.99848E+01
  5.9000000000E+00  5.9050000000E+00  5.09552E-08  1.00000E+02
  5.9050000000E+00  5.9100000000E+00  5.09552E-08  1.00000E+02
  5.9100000000E+00  5.9150000000E+00  5.09552E-08  1.00000E+02
  5.9150000000E+00  5.9200000000E+00  5.09552E-08  1.00000E+02
  5.9200000000E+00  5.9250000000E+00  5.29731E-08  1.00000E+02
  5.9250000000E+00  5.9300000000E+00  5.70958E-08  1.00000E+02
  5.9300000000E+00  5.9350000000E+00  5.70958E-08  1.00000E+02
  5.9350000000E+00  5.9400000000E+00  5.70958E-08  1.00000E+02
  5.9400000000E+00  5.9450000000E+00  5.70958E-08  1.00000E+02
  5.9450000000E+00  5.9500000000E+00  2.29664E-07  7.83272E+01
  5.9500000000E+00  5.9550000000E+00  6.30005E-07  6.37254E+01
  5.9550000000E+00  5.9600000000E+00  7.79198E-07  6.51083E+01
  5.9600000000E+00  5.9650000000E+00  4.51338E-07  8.78282E+01
  5.9650000000E+00  5.9700000000E+00  6.90477E-07  9.18174E+01
  5.9700000000E+00  5.9750000000E+00  4.66977E-07  8.76617E+01
  5.9750000000E+00  5.9800000000E+00  6.09359E-08  1.00000E+02
  5.9800000000E+00  5.9850000000E+00  6.09359E-08  1.00000E+02
  5.9850000000E+00  5.9900000000E+00  6.09842E-08  9.99182E+01
  5.9900000000E+00  5.9950000000E+00  6.09359E-08  1.00000E+02
  5.9950000000E+00  6.0000000000E+00  6.09359E-08  1.00000E+02
  6.0000000000E+00  6.0050000000E+00  6.09359E-08  1.00000E+02
  6.0050000000E+00  6.0100000000E+00  6.09359E-08  1.00000E+02
  6.0100000000E+00  6.0150000000E+00  7.06100E-08  1.00000E+02
  6.0150000000E+00  6.0200000000E+00  7.16802E-08  1.00000E+02
  6.0200000000E+00  6.0250000000E+00  7.16802E-08  1.00000E+02
  6.0250000000E+00  6.0300000000E+00  7.16802E-08  1.00000E+02
  6.0300000000E+00  6.0350000000E+00  7.20677E-08  9.94453E+01
  6.0350000000E+00  6.0400000000E+00  7.16802E-08  1.00000E+02
  6.0400000000E+00  6.0450000000E+00  7.21261E-08  1.00000E+02
  6.0450000000E+00  6.0500000000E+00  7.26998E-08  1.00000E+02
  6.0500000000E+00  6.0550000000E+00  7.26998E-08  1.00000E+02
  6.0550000000E+00  6.0600000000E+00  7.65336E-08  9.49501E+01
  6.0600000000E+00  6.0650000000E+00  7.26998E-08  1.00000E+02
  6.0650000000E+00  6.0700000000E+00  7.39128E-08  1.00000E+02
  6.0700000000E+00  6.0750000000E+00  7.94173E-08  1.00000E+02
  6.0750000000E+00  6.0800000000E+00  7.94173E-08  1.00000E+02
  6.0800000000E+00  6.0850000000E+00  7.94173E-08  1.00000E+02
  6.0850000000E+00  6.0900000000E+00  7.94173E-08  1.00000E+02
  6.0900000000E+00  6.0950000000E+00  8.67683E-08  1.00000E+02
  6.0950000000E+00  6.1000000000E+00  8.82914E-08  1.00000E+02
  6.1000000000E+00  6.1050000000E+00  8.82914E-08  1.00000E+02
  6.1050000000E+00  6.1100000000E+00  8.93563E-08  1.00000E+02
  6.1100000000E+00  6.1150000000E+00  9.30130E-08  1.00000E+02
  6.1150000000E+00  6.1200000000E+00  9.30130E-08  1.00000E+02
  6.1200000000E+00  6.1250000000E+00  9.44860E-08  1.00000E+02
  6.1250000000E+00  6.1300000000E+00  9.86172E-08  1.00000E+02
  6.1300000000E+00  6.1350000000E+00  9.86172E-08  1.00000E+02
  6.1350000000E+00  6.1400000000E+00  1.12744E-07  1.00000E+02
  6.1400000000E+00  6.1450000000E+00  1.15940E-07  1.00000E+02
  6.1450000000E+00  6.1500000000E+00  1.27151E-07  1.00000E+02
  6.1500000000E+00  6.1550000000E+00  1.32532E-07  1.00000E+02
  6.1550000000E+00  6.1600000000E+00  1.64772E-07  9.02979E+01
  6.1600000000E+00  6.1650000000E+00  1.38991E-07  1.00000E+02
  6.1650000000E+00  6.1700000000E+00  1.50938E-07  1.00000E+02
  6.1700000000E+00  6.1750000000E+00  1.67808E-07  1.00000E+02
  6.1750000000E+00  6.1800000000E+00  1.87898E-07  1.00000E+02
  6.1800000000E+00  6.1850000000E+00  2.23219E-07  1.00000E+02
  6.1850000000E+00  6.1900000000E+00  2.94242E-07  1.00000E+02
  6.1900000000E+00  6.1950000000E+00  7.34395E-07  7.08080E+01
  6.1950000000E+00  6.2000000000E+00  3.75639E-07  1.00000E+02
  6.2000000000E+00  6.2050000000E+00  5.53216E-07  9.99968E+01
  6.2050000000E+00  6.2100000000E+00  5.48798E-07  1.00000E+02
  6.2100000000E+00  6.2150000000E+00  1.45422E-08  1.00000E+02
  6.2150000000E+00  6.2200000000E+00  0.00000E+00  0.00000E+00
  6.2200000000E+00  6.2250000000E+00  0.00000E+00  0.00000E+00
  6.2250000000E+00  6.2300000000E+00  0.00000E+00  0.00000E+00
  6.2300000000E+00  6.2350000000E+00  0.00000E+00  0.00000E+00
  6.2350000000E+00  6.2400000000E+00  0.00000E+00  0.00000E+00
  6.2400000000E+00  6.2450000000E+00  0.00000E+00  0.00000E+00
  6.2450000000E+00  6.2500000000E+00  0.00000E+00  0.00000E+00
  6.2500000000E+00  6.2550000000E+00  0.00000E+00  0.00000E+00
  6.2550000000E+00  6.2600000000E+00  0.00000E+00  0.00000E+00
  6.2600000000E+00  6.2650000000E+00  0.00000E+00  0.00000E+00
  6.2650000000E+00  6.2700000000E+00  0.00000E+00  0.00000E+00
  6.2700000000E+00  6.2750000000E+00  8.86991E-08  1.00000E+02
  6.2750000000E+00  6.2800000000E+00  1.53148E-14  1.00000E+02
  6.2800000000E+00  6.2850000000E+00  0.00000E+00  0.00000E+00
  6.2850000000E+00  6.2900000000E+00  7.73592E-09  1.00000E+02
  6.2900000000E+00  6.2950000000E+00  0.00000E+00  0.00000E+00
  6.2950000000E+00  6.3000000000E+00  0.00000E+00  0.00000E+00
  6.3000000000E+00  6.3050000000E+00  0.00000E+00  0.00000E+00
  6.3050000000E+00  6.3100000000E+00  0.00000E+00  0.00000E+00
  6.3100000000E+00  6.3150000000E+00  0.00000E+00  0.00000E+00
  6.3150000000E+00  6.3200000000E+00  1.16715E-08  9.99997E+01
  6.3200000000E+00  6.3250000000E+00  0.00000E+00  0.00000E+00
  6.3250000000E+00  6.3300000000E+00  0.00000E+00  0.00000E+00
  6.3300000000E+00  6.3350000000E+00  0.00000E+00  0.00000E+00
  6.3350000000E+00  6.3400000000E+00  4.13093E-15  1.00000E+02
  6.3400000000E+00  6.3450000000E+00  3.78228E-10  1.00000E+02
  6.3450000000E+00  6.3500000000E+00  0.00000E+00  0.00000E+00
  6.3500000000E+00  6.3550000000E+00  0.00000E+00  0.00000E+00
  6.3550000000E+00  6.3600000000E+00  0.00000E+00  0.00000E+00
  6.3600000000E+00  6.3650000000E+00  2.93032E-07  1.00000E+02
  6.3650000000E+00  6.3700000000E+00  3.30886E-07  1.00000E+02
  6.3700000000E+00  6.3750000000E+00  0.00000E+00  0.00000E+00
  6.3750000000E+00  6.3800000000E+00  0.00000E+00  0.00000E+00
  6.3800000000E+00  6.3850000000E+00  0.00000E+00  0.00000E+00
  6.3850000000E+00  6.3900000000E+00  6.73884E-07  1.00000E+02
  6.3900000000E+00  6.3950000000E+00  0.00000E+00  0.00000E+00
  6.3950000000E+00  6.4000000000E+00  0.00000E+00  0.00000E+00
  6.4000000000E+00  6.4050000000E+00  0.00000E+00  0.00000E+00
  6.4050000000E+00  6.4100000000E+00  0.00000E+00  0.00000E+00
  6.4100000000E+00  6.4150000000E+00  0.00000E+00  0.00000E+00
  6.4150000000E+00  6.4200000000E+00  0.00000E+00  0.00000E+00
  6.4200000000E+00  6.4250000000E+00  0.00000E+00  0.00000E+00
  6.4250000000E+00  6.4300000000E+00  1.03528E-07  1.00000E+02
  6.4300000000E+00  6.4350000000E+00  1.53148E-14  1.00000E+02
  6.4350000000E+00  6.4400000000E+00  1.39895E-08  1.00000E+02
  6.4400000000E+00  6.4450000000E+00  5.00963E-08  1.00000E+02
  6.4450000000E+00  6.4500000000E+00  5.01030E-08  9.99862E+01
  6.4500000000E+00  6.4550000000E+00  5.00963E-08  1.00000E+02
  6.4550000000E+00  6.4600000000E+00  5.00963E-08  1.00000E+02
  6.4600000000E+00  6.4650000000E+00  5.00963E-08  1.00000E+02
  6.4650000000E+00  6.4700000000E+00  5.00963E-08  1.00000E+02
  6.4700000000E+00  6.4750000000E+00  5.00963E-08  1.00000E+02
  6.4750000000E+00  6.4800000000E+00  5.00963E-08  1.00000E+02
  6.4800000000E+00  6.4850000000E+00  5.03232E-08  9.95347E+01
  6.4850000000E+00  6.4900000000E+00  5.00963E-08  1.00000E+02
  6.4900000000E+00  6.4950000000E+00  5.00963E-08  1.00000E+02
  6.4950000000E+00  6.5000000000E+00  5.00963E-08  1.00000E+02
  6.5000000000E+00  6.5050000000E+00  5.72476E-08  1.00000E+02
  6.5050000000E+00  6.5100000000E+00  5.87213E-08  1.00000E+02
  6.5100000000E+00  6.5150000000E+00  5.94190E-08  9.87924E+01
  6.5150000000E+00  6.5200000000E+00  5.87213E-08  1.00000E+02
  6.5200000000E+00  6.5250000000E+00  7.07819E-08  8.41151E+01
  6.5250000000E+00  6.5300000000E+00  5.87213E-08  1.00000E+02
  6.5300000000E+00  6.5350000000E+00  5.87213E-08  1.00000E+02
  6.5350000000E+00  6.5400000000E+00  5.87213E-08  1.00000E+02
  6.5400000000E+00  6.5450000000E+00  5.87213E-08  1.00000E+02
  6.5450000000E+00  6.5500000000E+00  1.59502E-07  9.99410E+01
  6.5500000000E+00  6.5550000000E+00  6.31633E-08  1.00000E+02
  6.5550000000E+00  6.5600000000E+00  6.87588E-08  1.00000E+02
  6.5600000000E+00  6.5650000000E+00  6.87588E-08  1.00000E+02
  6.5650000000E+00  6.5700000000E+00  6.87588E-08  1.00000E+02
  6.5700000000E+00  6.5750000000E+00  6.87588E-08  1.00000E+02
  6.5750000000E+00  6.5800000000E+00  6.87588E-08  1.00000E+02
  6.5800000000E+00  6.5850000000E+00  6.87588E-08  1.00000E+02
  6.5850000000E+00  6.5900000000E+00  6.87588E-08  1.00000E+02
  6.5900000000E+00  6.5950000000E+00  1.64164E-08  1.00000E+02
  6.5950000000E+00  6.6000000000E+00  0.00000E+00  0.00000E+00
  6.6000000000E+00  6.6050000000E+00  6.33898E-14  1.00000E+02
  6.6050000000E+00  6.6100000000E+00  0.00000E+00  0.00000E+00
  6.6100000000E+00  6.6150000000E+00  0.00000E+00  0.00000E+00
  6.6150000000E+00  6.6200000000E+00  0.00000E+00  0.00000E+00
  6.6200000000E+00  6.6250000000E+00  0.00000E+00  0.00000E+00
  6.6250000000E+00  6.6300000000E+00  0.00000E+00  0.00000E+00
  6.6300000000E+00  6.6350000000E+00  0.00000E+00  0.00000E+00
  6.6350000000E+00  6.6400000000E+00  0.00000E+00  0.00000E+00
  6.6400000000E+00  6.6450000000E+00  0.00000E+00  0.00000E+00
  6.6450000000E+00  6.6500000000E+00  4.60048E-15  1.00000E+02
  6.6500000000E+00  6.6550000000E+00  0.00000E+00  0.00000E+00
  6.6550000000E+00  6.6600000000E+00  0.00000E+00  0.00000E+00
  6.6600000000E+00  6.6650000000E+00  0.00000E+00  0.00000E+00
  6.6650000000E+00  6.6700000000E+00  1.63353E-15  1.00000E+02
  6.6700000000E+00  6.6750000000E+00  3.02563E-15  1.00000E+02
  6.6750000000E+00  6.6800000000E+00  0.00000E+00  0.00000E+00
  6.6800000000E+00  6.6850000000E+00  0.00000E+00  0.00000E+00
  6.6850000000E+00  6.6900000000E+00  2.51294E-15  1.00000E+02
  6.6900000000E+00  6.6950000000E+00  0.00000E+00  0.00000E+00
  6.6950000000E+00  6.7000000000E+00  0.00000E+00  0.00000E+00
  6.7000000000E+00  6.7050000000E+00  0.00000E+00  0.00000E+00
  6.7050000000E+00  6.7100000000E+00  1.13248E-07  1.00000E+02
  6.7100000000E+00  6.7150000000E+00  0.00000E+00  0.00000E+00
  6.7150000000E+00  6.7200000000E+00  0.00000E+00  0.00000E+00
  6.7200000000E+00  6.7250000000E+00  0.00000E+00  0.00000E+00
  6.7250000000E+00  6.7300000000E+00  0.00000E+00  0.00000E+00
  6.7300000000E+00  6.7350000000E+00  0.00000E+00  0.00000E+00
  6.7350000000E+00  6.7400000000E+00  4.43213E-15  1.00000E+02
  6.7400000000E+00  6.7450000000E+00  0.00000E+00  0.00000E+00
  6.7450000000E+00  6.7500000000E+00  0.00000E+00  0.00000E+00
  6.7500000000E+00  6.7550000000E+00  0.00000E+00  0.00000E+00
  6.7550000000E+00  6.7600000000E+00  0.00000E+00  0.00000E+00
  6.7600000000E+00  6.7650000000E+00  0.00000E+00  0.00000E+00
  6.7650000000E+00  6.7700000000E+00  0.00000E+00  0.00000E+00
  6.7700000000E+00  6.7750000000E+00  7.58880E-10  9.99736E+01
  6.7750000000E+00  6.7800000000E+00  4.00633E-11  1.00000E+02
  6.7800000000E+00  6.7850000000E+00  0.00000E+00  0.00000E+00
  6.7850000000E+00  6.7900000000E+00  1.63353E-15  1.00000E+02
  6.7900000000E+00  6.7950000000E+00  1.11183E-10  1.00000E+02
  6.7950000000E+00  6.8000000000E+00  0.00000E+00  0.00000E+00
  6.8000000000E+00  6.8050000000E+00  0.00000E+00  0.00000E+00
  6.8050000000E+00  6.8100000000E+00  0.00000E+00  0.00000E+00
  6.8100000000E+00  6.8150000000E+00  0.00000E+00  0.00000E+00
  6.8150000000E+00  6.8200000000E+00  0.00000E+00  0.00000E+00
  6.8200000000E+00  6.8250000000E+00  0.00000E+00  0.00000E+00
  6.8250000000E+00  6.8300000000E+00  0.00000E+00  0.00000E+00
  6.8300000000E+00  6.8350000000E+00  0.00000E+00  0.00000E+00
  6.8350000000E+00  6.8400000000E+00  7.83468E-10  1.00000E+02
  6.8400000000E+00  6.8450000000E+00  0.00000E+00  0.00000E+00
  6.8450000000E+00  6.8500000000E+00  0.00000E+00  0.00000E+00
  6.8500000000E+00  6.8550000000E+00  0.00000E+00  0.00000E+00
  6.8550000000E+00  6.8600000000E+00  0.00000E+00  0.00000E+00
  6.8600000000E+00  6.8650000000E+00  6.22694E-15  1.00000E+02
  6.8650000000E+00  6.8700000000E+00  6.22694E-15  1.00000E+02
  6.8700000000E+00  6.8750000000E+00  3.02563E-15  1.00000E+02
  6.8750000000E+00  6.8800000000E+00  0.00000E+00  0.00000E+00
  6.8800000000E+00  6.8850000000E+00  7.51877E-13  1.00000E+02
  6.8850000000E+00  6.8900000000E+00  6.16167E-15  1.00000E+02
  6.8900000000E+00  6.8950000000E+00  1.39318E-14  1.00000E+02
  6.8950000000E+00  6.9000000000E+00  0.00000E+00  0.00000E+00
  6.9000000000E+00  6.9050000000E+00  1.70500E-14  7.21349E+01
  6.9050000000E+00  6.9100000000E+00  9.40246E-09  9.99998E+01
  6.9100000000E+00  6.9150000000E+00  0.00000E+00  0.00000E+00
  6.9150000000E+00  6.9200000000E+00  7.58562E-15  1.00000E+02
  6.9200000000E+00  6.9250000000E+00  1.63353E-15  1.00000E+02
  6.9250000000E+00  6.9300000000E+00  0.00000E+00  0.00000E+00
  6.9300000000E+00  6.9350000000E+00  7.24982E-10  1.00000E+02
  6.9350000000E+00  6.9400000000E+00  0.00000E+00  0.00000E+00
  6.9400000000E+00  6.9450000000E+00  8.94375E-11  1.00000E+02
  6.9450000000E+00  6.9500000000E+00  0.00000E+00  0.00000E+00
  6.9500000000E+00  6.9550000000E+00  0.00000E+00  0.00000E+00
  6.9550000000E+00  6.9600000000E+00  4.56083E-09  1.00000E+02
  6.9600000000E+00  6.9650000000E+00  0.00000E+00  0.00000E+00
  6.9650000000E+00  6.9700000000E+00  0.00000E+00  0.00000E+00
  6.9700000000E+00  6.9750000000E+00  6.43687E-08  1.00000E+02
  6.9750000000E+00  6.9800000000E+00  8.12210E-08  1.00000E+02
  6.9800000000E+00  6.9850000000E+00  8.12210E-08  1.00000E+02
  6.9850000000E+00  6.9900000000E+00  8.37385E-08  9.99907E+01
  6.9900000000E+00  6.9950000000E+00  1.01913E-07  1.00000E+02
  6.9950000000E+00  7.0000000000E+00  1.01913E-07  1.00000E+02
  7.0000000000E+00  7.0000000000E+00  1.01913E-07  1.00000E+02