# Detector n: 1D Projection
  1.0000000000E+00  1.0050000000E+00  9.89743E-03  3.62008E-01
  1.0050000000E+00  1.0100000000E+00  9.92589E-03  2.87431E-01
  1.0100000000E+00  1.0150000000E+00  9.94404E-03  3.12349E-01
  1.0150000000E+00  1.0200000000E+00  9.91496E-03  2.69031E-01
  1.0200000000E+00  1.0250000000E+00  9.90976E-03  2.78588E-01
  1.0250000000E+00  1.0300000000E+00  9.95565E-03  3.30226E-01
  1.0300000000E+00  1.0350000000E+00  9.97046E-03  3.56044E-01
  1.0350000000E+00  1.0400000000E+00  1.00105E-02  3.61337E-01
  1.0400000000E+00  1.0450000000E+00  1.00009E-02  4.98179E-01
  1.0450000000E+00  1.0500000000E+00  9.95693E-03  2.56935E-01
  1.0500000000E+00  1.0550000000E+00  9.99124E-03  2.92658E-01
  1.0550000000E+00  1.0600000000E+00  9.99143E-03  3.17718E-01
  1.0600000000E+00  1.0650000000E+00  9.97897E-03  2.71097E-01
  1.0650000000E+00  1.0700000000E+00  1.00084E-02  3.78156E-01
  1.0700000000E+00  1.0750000000E+00  1.00228E-02  4.38006E-01
  1.0750000000E+00  1.0800000000E+00  9.99345E-03  3.65502E-01
  1.0800000000E+00  1.0850000000E+00  1.00375E-02  3.40058E-01
  1.0850000000E+00  1.0900000000E+00  1.00956E-02  2.80448E-01
  1.0900000000E+00  1.0950000000E+00  1.00324E-02  2.12118E-01
  1.0950000000E+00  1.1000000000E+00  1.00314E-02  2.55277E-01
  1.1000000000E+00  1.1050000000E+00  1.00533E-02  2.58070E-01
  1.1050000000E+00  1.1100000000E+00  1.00511E-02  2.34324E-01
  1.1100000000E+00  1.1150000000E+00  1.00576E-02  2.22859E-01
  1.1150000000E+00  1.1200000000E+00  1.01077E-02  2.54664E-01
  1.1200000000E+00  1.1250000000E+00  1.01634E-02  3.75626E-01
  1.1250000000E+00  1.1300000000E+00  1.00734E-02  2.39522E-01
  1.1300000000E+00  1.1350000000E+00  1.01072E-02  3.01935E-01
  1.1350000000E+00  1.1400000000E+00  1.01072E-02  3.18712E-01
  1.1400000000E+00  1.1450000000E+00  1.01292E-02  3.56586E-01
  1.1450000000E+00  1.1500000000E+00  1.00876E-02  3.09161E-01
  1.1500000000E+00  1.1550000000E+00  1.01467E-02  3.28701E-01
  1.1550000000E+00  1.1600000000E+00  1.01245E-02  2.32469E-01
  1.1600000000E+00  1.1650000000E+00  1.01740E-02  2.76780E-01
  1.1650000000E+00  1.1700000000E+00  1.01810E-02  2.93486E-01
  1.1700000000E+00  1.1750000000E+00  1.01410E-02  2.15029E-01
  1.1750000000E+00  1.1800000000E+00  1.01642E-02  3.05663E-01
  1.1800000000E+00  1.1850000000E+00  1.00937E-02  2.45692E-01
  1.1850000000E+00  1.1900000000E+00  1.01684E-02  2.94668E-01
  1.1900000000E+00  1.1950000000E+00  1.01369E-02  2.77045E-01
  1.1950000000E+00  1.2000000000E+00  1.01076E-02  2.84105E-01
  1.2000000000E+00  1.2050000000E+00  1.01830E-02  3.86267E-01
  1.2050000000E+00  1.2100000000E+00  1.01399E-02  3.57791E-01
  1.2100000000E+00  1.2150000000E+00  1.01738E-02  3.13304E-01
  1.2150000000E+00  1.2200000000E+00  1.01348E-02  2.62404E-01
  1.2200000000E+00  1.2250000000E+00  1.01398E-02  2.40443E-01
  1.2250000000E+00  1.2300000000E+00  1.01644E-02  2.52596E-01
  1.2300000000E+00  1.2350000000E+00  1.02353E-02  2.96641E-01
  1.2350000000E+00  1.2400000000E+00  1.02327E-02  3.67003E-01
  1.2400000000E+00  1.2450000000E+00  1.02789E-02  2.85676E-01
  1.2450000000E+00  1.2500000000E+00  1.03256E-02  2.48580E-01
  1.2500000000E+00  1.2550000000E+00  1.03171E-02  3.51350E-01
  1.2550000000E+00  1.2600000000E+00  1.02952E-02  3.06998E-01
  1.2600000000E+00  1.2650000000E+00  1.03322E-02  3.16629E-01
  1.2650000000E+00  1.2700000000E+00  1.03189E-02  2.82230E-01
  1.2700000000E+00  1.2750000000E+00  1.03378E-02  3.35033E-01
  1.2750000000E+00  1.2800000000E+00  1.02934E-02  2.54996E-01
  1.2800000000E+00  1.2850000000E+00  1.03821E-02  2.70919E-01
  1.2850000000E+00  1.2900000000E+00  1.03977E-02  2.81741E-01
  1.2900000000E+00  1.2950000000E+00  1.03539E-02  3.61294E-01
  1.2950000000E+00  1.3000000000E+00  1.02772E-02  2.12857E-01
  1.3000000000E+00  1.3050000000E+00  1.03889E-02  2.99569E-01
  1.3050000000E+00  1.3100000000E+00  1.03831E-02  3.24155E-01
  1.3100000000E+00  1.3150000000E+00  1.03629E-02  3.02800E-01
  1.3150000000E+00  1.3200000000E+00  1.03259E-02  2.72658E-01
  1.3200000000E+00  1.3250000000E+00  1.03083E-02  2.76444E-01
  1.3250000000E+00  1.3300000000E+00  1.03854E-02  3.54126E-01
  1.3300000000E+00  1.3350000000E+00  1.03654E-02  2.89203E-01
  1.3350000000E+00  1.3400000000E+00  1.04189E-02  3.39726E-01
  1.3400000000E+00  1.3450000000E+00  1.04309E-02  3.72990E-01
  1.3450000000E+00  1.3500000000E+00  1.04433E-02  3.01986E-01
  1.3500000000E+00  1.3550000000E+00  1.04240E-02  4.45726E-01
  1.3550000000E+00  1.3600000000E+00  1.03948E-02  3.41901E-01
  1.3600000000E+00  1.3650000000E+00  1.03987E-02  2.75534E-01
  1.3650000000E+00  1.3700000000E+00  1.03770E-02  1.84160E-01
  1.3700000000E+00  1.3750000000E+00  1.04016E-02  3.53999E-01
  1.3750000000E+00  1.3800000000E+00  1.03705E-02  2.51109E-01
  1.3800000000E+00  1.3850000000E+00  1.04352E-02  4.55085E-01
  1.3850000000E+00  1.3900000000E+00  1.04643E-02  3.78789E-01
  1.3900000000E+00  1.3950000000E+00  1.04124E-02  3.39692E-01
  1.3950000000E+00  1.4000000000E+00  1.04493E-02  3.06595E-01
  1.4000000000E+00  1.4050000000E+00  1.03916E-02  3.53424E-01
  1.4050000000E+00  1.4100000000E+00  1.04070E-02  3.03913E-01
  1.4100000000E+00  1.4150000000E+00  1.03955E-02  3.47943E-01
  1.4150000000E+00  1.4200000000E+00  1.04381E-02  3.23918E-01
  1.4200000000E+00  1.4250000000E+00  1.04233E-02  2.96737E-01
  1.4250000000E+00  1.4300000000E+00  1.04265E-02  3.02721E-01
  1.4300000000E+00  1.4350000000E+00  1.04473E-02  3.84056E-01
  1.4350000000E+00  1.4400000000E+00  1.04256E-02  2.70984E-01
  1.4400000000E+00  1.4450000000E+00  1.04678E-02  2.45561E-01
  1.4450000000E+00  1.4500000000E+00  1.04533E-02  3.22884E-01
  1.4500000000E+00  1.4550000000E+00  1.04618E-02  3.72486E-01
  1.4550000000E+00  1.4600000000E+00  1.04762E-02  3.32083E-01
  1.4600000000E+00  1.4650000000E+00  1.04267E-02  2.78713E-01
  1.4650000000E+00  1.4700000000E+00  1.05003E-02  3.77050E-01
  1.4700000000E+00  1.4750000000E+00  1.04744E-02  2.94361E-01
  1.4750000000E+00  1.4800000000E+00  1.04598E-02  2.67654E-01
  1.4800000000E+00  1.4850000000E+00  1.04896E-02  2.92390E-01
  1.4850000000E+00  1.4900000000E+00  1.05077E-02  3.46519E-01
  1.4900000000E+00  1.4950000000E+00  1.05027E-02  3.65371E-01
  1.4950000000E+00  1.5000000000E+00  1.04776E-02  2.76792E-01
  1.5000000000E+00  1.5050000000E+00  1.04830E-02  3.11610E-01
  1.5050000000E+00  1.5100000000E+00  1.04908E-02  3.15051E-01
  1.5100000000E+00  1.5150000000E+00  1.04147E-02  2.57701E-01
  1.5150000000E+00  1.5200000000E+00  1.04858E-02  2.50223E-01
  1.5200000000E+00  1.5250000000E+00  1.04445E-02  2.02104E-01
  1.5250000000E+00  1.5300000000E+00  1.05051E-02  3.53902E-01
  1.5300000000E+00  1.5350000000E+00  1.04864E-02  2.64862E-01
  1.5350000000E+00  1.5400000000E+00  1.05766E-02  4.05317E-01
  1.5400000000E+00  1.5450000000E+00  1.05016E-02  4.01282E-01
  1.5450000000E+00  1.5500000000E+00  1.05595E-02  4.07261E-01
  1.5500000000E+00  1.5550000000E+00  1.06358E-02  3.24755E-01
  1.5550000000E+00  1.5600000000E+00  1.06716E-02  3.38174E-01
  1.5600000000E+00  1.5650000000E+00  1.06509E-02  2.64985E-01
  1.5650000000E+00  1.5700000000E+00  1.06891E-02  2.87205E-01
  1.5700000000E+00  1.5750000000E+00  1.07359E-02  4.13459E-01
  1.5750000000E+00  1.5800000000E+00  1.07143E-02  3.93375E-01
  1.5800000000E+00  1.5850000000E+00  1.07312E-02  3.17679E-01
  1.5850000000E+00  1.5900000000E+00  1.06616E-02  2.36988E-01
  1.5900000000E+00  1.5950000000E+00  1.06063E-02  1.86232E-01
  1.5950000000E+00  1.6000000000E+00  1.06774E-02  2.46434E-01
  1.6000000000E+00  1.6050000000E+00  1.06648E-02  1.99876E-01
  1.6050000000E+00  1.6100000000E+00  1.06471E-02  3.25823E-01
  1.6100000000E+00  1.6150000000E+00  1.06933E-02  3.53545E-01
  1.6150000000E+00  1.6200000000E+00  1.06873E-02  3.78560E-01
  1.6200000000E+00  1.6250000000E+00  1.07228E-02  3.35519E-01
  1.6250000000E+00  1.6300000000E+00  1.07130E-02  2.99018E-01
  1.6300000000E+00  1.6350000000E+00  1.06720E-02  1.62299E-01
  1.6350000000E+00  1.6400000000E+00  1.06940E-02  3.19546E-01
  1.6400000000E+00  1.6450000000E+00  1.07218E-02  3.12286E-01
  1.6450000000E+00  1.6500000000E+00  1.07314E-02  3.51857E-01
  1.6500000000E+00  1.6550000000E+00  1.07448E-02  3.54594E-01
  1.6550000000E+00  1.6600000000E+00  1.07300E-02  2.38958E-01
  1.6600000000E+00  1.6650000000E+00  1.07984E-02  3.57908E-01
  1.6650000000E+00  1.6700000000E+00  1.08191E-02  3.88304E-01
  1.6700000000E+00  1.6750000000E+00  1.07115E-02  2.48656E-01
  1.6750000000E+00  1.6800000000E+00  1.07348E-02  3.71079E-01
  1.6800000000E+00  1.6850000000E+00  1.07918E-02  3.41712E-01
  1.6850000000E+00  1.6900000000E+00  1.07074E-02  1.86067E-01
  1.6900000000E+00  1.6950000000E+00  1.07599E-02  2.07847E-01
  1.6950000000E+00  1.7000000000E+00  1.07643E-02  3.12103E-01
  1.7000000000E+00  1.7050000000E+00  1.07846E-02  2.35383E-01
  1.7050000000E+00  1.7100000000E+00  1.07792E-02  2.68888E-01
  1.7100000000E+00  1.7150000000E+00  1.07917E-02  3.28575E-01
  1.7150000000E+00  1.7200000000E+00  1.08244E-02  3.15616E-01
  1.7200000000E+00  1.7250000000E+00  1.08676E-02  3.45886E-01
  1.7250000000E+00  1.7300000000E+00  1.08675E-02  3.81459E-01
  1.7300000000E+00  1.7350000000E+00  1.08249E-02  3.33529E-01
  1.7350000000E+00  1.7400000000E+00  1.08249E-02  2.23545E-01
  1.7400000000E+00  1.7450000000E+00  1.08410E-02  3.74268E-01
  1.7450000000E+00  1.7500000000E+00  1.08500E-02  2.54648E-01
  1.7500000000E+00  1.7550000000E+00  1.08734E-02  4.38890E-01
  1.7550000000E+00  1.7600000000E+00  1.08182E-02  2.00619E-01
  1.7600000000E+00  1.7650000000E+00  1.08507E-02  3.08710E-01
  1.7650000000E+00  1.7700000000E+00  1.08842E-02  3.51458E-01
  1.7700000000E+00  1.7750000000E+00  1.09230E-02  3.95314E-01
  1.7750000000E+00  1.7800000000E+00  1.09110E-02  2.45817E-01
  1.7800000000E+00  1.7850000000E+00  1.09076E-02  3.70560E-01
  1.7850000000E+00  1.7900000000E+00  1.09338E-02  2.68865E-01
  1.7900000000E+00  1.7950000000E+00  1.09139E-02  2.70812E-01
  1.7950000000E+00  1.8000000000E+00  1.09239E-02  2.40431E-01
  1.8000000000E+00  1.8050000000E+00  1.09278E-02  2.75866E-01
  1.8050000000E+00  1.8100000000E+00  1.08934E-02  2.57881E-01
  1.8100000000E+00  1.8150000000E+00  1.08984E-02  2.68133E-01
  1.8150000000E+00  1.8200000000E+00  1.09810E-02  3.19037E-01
  1.8200000000E+00  1.8250000000E+00  1.09517E-02  2.31001E-01
  1.8250000000E+00  1.8300000000E+00  1.08969E-02  2.20814E-01
  1.8300000000E+00  1.8350000000E+00  1.09639E-02  3.05182E-01
  1.8350000000E+00  1.8400000000E+00  1.09048E-02  2.24648E-01
  1.8400000000E+00  1.8450000000E+00  1.09277E-02  2.74199E-01
  1.8450000000E+00  1.8500000000E+00  1.09478E-02  2.71390E-01
  1.8500000000E+00  1.8550000000E+00  1.09636E-02  2.19523E-01
  1.8550000000E+00  1.8600000000E+00  1.09545E-02  2.15406E-01
  1.8600000000E+00  1.8650000000E+00  1.10528E-02  4.19832E-01
  1.8650000000E+00  1.8700000000E+00  1.09819E-02  3.27967E-01
  1.8700000000E+00  1.8750000000E+00  1.09880E-02  3.16655E-01
  1.8750000000E+00  1.8800000000E+00  1.09992E-02  3.36479E-01
  1.8800000000E+00  1.8850000000E+00  1.10187E-02  4.07327E-01
  1.8850000000E+00  1.8900000000E+00  1.10009E-02  2.46926E-01
  1.8900000000E+00  1.8950000000E+00  1.10057E-02  2.26605E-01
  1.8950000000E+00  1.9000000000E+00  1.09938E-02  2.80343E-01
  1.9000000000E+00  1.9050000000E+00  1.09818E-02  2.11976E-01
  1.9050000000E+00  1.9100000000E+00  1.10168E-02  2.91822E-01
  1.9100000000E+00  1.9150000000E+00  1.10709E-02  2.06956E-01
  1.9150000000E+00  1.9200000000E+00  1.10358E-02  3.72731E-01
  1.9200000000E+00  1.9250000000E+00  1.10325E-02  2.51758E-01
  1.9250000000E+00  1.9300000000E+00  1.10353E-02  2.89786E-01
  1.9300000000E+00  1.9350000000E+00  1.10042E-02  2.23799E-01
  1.9350000000E+00  1.9400000000E+00  1.10996E-02  3.18986E-01
  1.9400000000E+00  1.9450000000E+00  1.10619E-02  3.19879E-01
  1.9450000000E+00  1.9500000000E+00  1.10794E-02  2.04644E-01
  1.9500000000E+00  1.9550000000E+00  1.11332E-02  3.56579E-01
  1.9550000000E+00  1.9600000000E+00  1.11049E-02  3.50509E-01
  1.9600000000E+00  1.9650000000E+00  1.11458E-02  2.87899E-01
  1.9650000000E+00  1.9700000000E+00  1.11168E-02  2.22522E-01
  1.9700000000E+00  1.9750000000E+00  1.11178E-02  2.76465E-01
  1.9750000000E+00  1.9800000000E+00  1.11271E-02  3.20905E-01
  1.9800000000E+00  1.9850000000E+00  1.10842E-02  1.53566E-01
  1.9850000000E+00  1.9900000000E+00  1.10856E-02  2.77455E-01
  1.9900000000E+00  1.9950000000E+00  1.11035E-02  1.77882E-01
  1.9950000000E+00  2.0000000000E+00  1.10904E-02  2.13818E-01
  2.0000000000E+00  2.0050000000E+00  1.11283E-02  2.05461E-01
  2.0050000000E+00  2.0100000000E+00  1.11755E-02  2.44649E-01
  2.0100000000E+00  2.0150000000E+00  1.11357E-02  1.88182E-01
  2.0150000000E+00  2.0200000000E+00  1.11661E-02  2.31681E-01
  2.0200000000E+00  2.0250000000E+00  1.12223E-02  2.82471E-01
  2.0250000000E+00  2.0300000000E+00  1.12083E-02  3.28111E-01
  2.0300000000E+00  2.0350000000E+00  1.12593E-02  2.52117E-01
  2.0350000000E+00  2.0400000000E+00  1.12440E-02  2.74533E-01
  2.0400000000E+00  2.0450000000E+00  1.12115E-02  2.41592E-01
  2.0450000000E+00  2.0500000000E+00  1.12701E-02  3.36912E-01
  2.0500000000E+00  2.0550000000E+00  1.12476E-02  2.57024E-01
  2.0550000000E+00  2.0600000000E+00  1.12530E-02  3.33903E-01
  2.0600000000E+00  2.0650000000E+00  1.12370E-02  2.99705E-01
  2.0650000000E+00  2.0700000000E+00  1.11734E-02  1.73127E-01
  2.0700000000E+00  2.0750000000E+00  1.12116E-02  1.71185E-01
  2.0750000000E+00  2.0800000000E+00  1.12771E-02  3.23675E-01
  2.0800000000E+00  2.0850000000E+00  1.12679E-02  2.38222E-01
  2.0850000000E+00  2.0900000000E+00  1.12978E-02  3.18857E-01
  2.0900000000E+00  2.0950000000E+00  1.12964E-02  3.64148E-01
  2.0950000000E+00  2.1000000000E+00  1.13176E-02  2.56310E-01
  2.1000000000E+00  2.1050000000E+00  1.13311E-02  2.99751E-01
  2.1050000000E+00  2.1100000000E+00  1.13092E-02  2.40207E-01
  2.1100000000E+00  2.1150000000E+00  1.13232E-02  1.94698E-01
  2.1150000000E+00  2.1200000000E+00  1.13662E-02  2.93134E-01
  2.1200000000E+00  2.1250000000E+00  1.13875E-02  2.50507E-01
  2.1250000000E+00  2.1300000000E+00  1.14189E-02  2.33698E-01
  2.1300000000E+00  2.1350000000E+00  1.13720E-02  2.39435E-01
  2.1350000000E+00  2.1400000000E+00  1.14125E-02  2.12583E-01
  2.1400000000E+00  2.1450000000E+00  1.14439E-02  2.78715E-01
  2.1450000000E+00  2.1500000000E+00  1.14763E-02  2.92228E-01
  2.1500000000E+00  2.1550000000E+00  1.13805E-02  2.94343E-01
  2.1550000000E+00  2.1600000000E+00  1.13765E-02  2.13465E-01
  2.1600000000E+00  2.1650000000E+00  1.14233E-02  3.24462E-01
  2.1650000000E+00  2.1700000000E+00  1.14795E-02  2.89133E-01
  2.1700000000E+00  2.1750000000E+00  1.14242E-02  2.68456E-01
  2.1750000000E+00  2.1800000000E+00  1.15004E-02  2.81832E-01
  2.1800000000E+00  2.1850000000E+00  1.14672E-02  2.88308E-01
  2.1850000000E+00  2.1900000000E+00  1.14727E-02  3.05635E-01
  2.1900000000E+00  2.1950000000E+00  1.14645E-02  2.59430E-01
  2.1950000000E+00  2.2000000000E+00  1.15005E-02  3.53408E-01
  2.2000000000E+00  2.2050000000E+00  1.14906E-02  2.89340E-01
  2.2050000000E+00  2.2100000000E+00  1.14481E-02  2.38148E-01
  2.2100000000E+00  2.2150000000E+00  1.14984E-02  2.97875E-01
  2.2150000000E+00  2.2200000000E+00  1.15208E-02  2.53538E-01
  2.2200000000E+00  2.2250000000E+00  1.14832E-02  2.51341E-01
  2.2250000000E+00  2.2300000000E+00  1.14947E-02  2.45125E-01
  2.2300000000E+00  2.2350000000E+00  1.15219E-02  2.57583E-01
  2.2350000000E+00  2.2400000000E+00  1.15321E-02  2.36610E-01
  2.2400000000E+00  2.2450000000E+00  1.15039E-02  3.06781E-01
  2.2450000000E+00  2.2500000000E+00  1.15568E-02  3.08172E-01
  2.2500000000E+00  2.2550000000E+00  1.15407E-02  2.94564E-01
  2.2550000000E+00  2.2600000000E+00  1.15805E-02  2.82367E-01
  2.2600000000E+00  2.2650000000E+00  1.15538E-02  2.03156E-01
  2.2650000000E+00  2.2700000000E+00  1.15665E-02  2.06306E-01
  2.2700000000E+00  2.2750000000E+00  1.16437E-02  2.97691E-01
  2.2750000000E+00  2.2800000000E+00  1.15785E-02  2.39258E-01
  2.2800000000E+00  2.2850000000E+00  1.15609E-02  2.46024E-01
  2.2850000000E+00  2.2900000000E+00  1.15976E-02  2.56625E-01
  2.2900000000E+00  2.2950000000E+00  1.16053E-02  2.65882E-01
  2.2950000000E+00  2.3000000000E+00  1.16449E-02  3.12228E-01
  2.3000000000E+00  2.3050000000E+00  1.16124E-02  2.55771E-01
  2.3050000000E+00  2.3100000000E+00  1.15901E-02  2.14809E-01
  2.3100000000E+00  2.3150000000E+00  1.16191E-02  2.31079E-01
  2.3150000000E+00  2.3200000000E+00  1.16623E-02  2.16868E-01
  2.3200000000E+00  2.3250000000E+00  1.17269E-02  3.20565E-01
  2.3250000000E+00  2.3300000000E+00  1.16519E-02  1.90686E-01
  2.3300000000E+00  2.3350000000E+00  1.16584E-02  2.04605E-01
  2.3350000000E+00  2.3400000000E+00  1.16894E-02  3.08846E-01
  2.3400000000E+00  2.3450000000E+00  1.16939E-02  2.53537E-01
  2.3450000000E+00  2.3500000000E+00  1.16756E-02  2.35533E-01
  2.3500000000E+00  2.3550000000E+00  1.16821E-02  2.37244E-01
  2.3550000000E+00  2.3600000000E+00  1.17490E-02  3.21803E-01
  2.3600000000E+00  2.3650000000E+00  1.16980E-02  2.98044E-01
  2.3650000000E+00  2.3700000000E+00  1.17037E-02  2.59070E-01
  2.3700000000E+00  2.3750000000E+00  1.17222E-02  2.66311E-01
  2.3750000000E+00  2.3800000000E+00  1.17385E-02  1.99012E-01
  2.3800000000E+00  2.3850000000E+00  1.17696E-02  2.87369E-01
  2.3850000000E+00  2.3900000000E+00  1.17599E-02  3.23557E-01
  2.3900000000E+00  2.3950000000E+00  1.18087E-02  3.66285E-01
  2.3950000000E+00  2.4000000000E+00  1.17544E-02  2.86331E-01
  2.4000000000E+00  2.4050000000E+00  1.17760E-02  2.47959E-01
  2.4050000000E+00  2.4100000000E+00  1.17653E-02  2.50578E-01
  2.4100000000E+00  2.4150000000E+00  1.18106E-02  2.50802E-01
  2.4150000000E+00  2.4200000000E+00  1.17976E-02  2.16785E-01
  2.4200000000E+00  2.4250000000E+00  1.18446E-02  4.21591E-01
  2.4250000000E+00  2.4300000000E+00  1.18453E-02  3.41261E-01
  2.4300000000E+00  2.4350000000E+00  1.18755E-02  3.37484E-01
  2.4350000000E+00  2.4400000000E+00  1.18697E-02  2.51113E-01
  2.4400000000E+00  2.4450000000E+00  1.18817E-02  3.60448E-01
  2.4450000000E+00  2.4500000000E+00  1.18321E-02  1.91695E-01
  2.4500000000E+00  2.4550000000E+00  1.18925E-02  3.58739E-01
  2.4550000000E+00  2.4600000000E+00  1.18737E-02  2.61977E-01
  2.4600000000E+00  2.4650000000E+00  1.18755E-02  2.30706E-01
  2.4650000000E+00  2.4700000000E+00  1.18830E-02  1.98301E-01
  2.4700000000E+00  2.4750000000E+00  1.18771E-02  2.49691E-01
  2.4750000000E+00  2.4800000000E+00  1.19354E-02  3.62090E-01
  2.4800000000E+00  2.4850000000E+00  1.19161E-02  2.82032E-01
  2.4850000000E+00  2.4900000000E+00  1.19223E-02  2.94129E-01
  2.4900000000E+00  2.4950000000E+00  1.19311E-02  2.83970E-01
  2.4950000000E+00  2.5000000000E+00  1.19565E-02  2.26558E-01
  2.5000000000E+00  2.5050000000E+00  1.19292E-02  2.35820E-01
  2.5050000000E+00  2.5100000000E+00  1.19543E-02  2.47450E-01
  2.5100000000E+00  2.5150000000E+00  1.19428E-02  1.76604E-01
  2.5150000000E+00  2.5200000000E+00  1.19467E-02  2.18031E-01
  2.5200000000E+00  2.5250000000E+00  1.19462E-02  2.06873E-01
  2.5250000000E+00  2.5300000000E+00  1.19963E-02  2.79872E-01
  2.5300000000E+00  2.5350000000E+00  1.19820E-02  2.37059E-01
  2.5350000000E+00  2.5400000000E+00  1.19882E-02  2.57786E-01
  2.5400000000E+00  2.5450000000E+00  1.19990E-02  3.37248E-01
  2.5450000000E+00  2.5500000000E+00  1.19900E-02  1.91798E-01
  2.5500000000E+00  2.5550000000E+00  1.19934E-02  2.04062E-01
  2.5550000000E+00  2.5600000000E+00  1.20186E-02  1.98767E-01
  2.5600000000E+00  2.5650000000E+00  1.20224E-02  3.50906E-01
  2.5650000000E+00  2.5700000000E+00  1.20419E-02  2.10887E-01
  2.5700000000E+00  2.5750000000E+00  1.20679E-02  1.54894E-01
  2.5750000000E+00  2.5800000000E+00  1.20782E-02  2.68244E-01
  2.5800000000E+00  2.5850000000E+00  1.21129E-02  3.07063E-01
  2.5850000000E+00  2.5900000000E+00  1.21228E-02  3.16781E-01
  2.5900000000E+00  2.5950000000E+00  1.20901E-02  1.94032E-01
  2.5950000000E+00  2.6000000000E+00  1.21922E-02  2.48930E-01
  2.6000000000E+00  2.6050000000E+00  1.21712E-02  2.87700E-01
  2.6050000000E+00  2.6100000000E+00  1.21890E-02  2.41889E-01
  2.6100000000E+00  2.6150000000E+00  1.21832E-02  2.34817E-01
  2.6150000000E+00  2.6200000000E+00  1.21705E-02  3.11302E-01
  2.6200000000E+00  2.6250000000E+00  1.21997E-02  2.79954E-01
  2.6250000000E+00  2.6300000000E+00  1.22810E-02  2.83097E-01
  2.6300000000E+00  2.6350000000E+00  1.22154E-02  2.49296E-01
  2.6350000000E+00  2.6400000000E+00  1.22498E-02  3.44627E-01
  2.6400000000E+00  2.6450000000E+00  1.22188E-02  2.11814E-01
  2.6450000000E+00  2.6500000000E+00  1.22275E-02  2.41439E-01
  2.6500000000E+00  2.6550000000E+00  1.22433E-02  1.85396E-01
  2.6550000000E+00  2.6600000000E+00  1.22458E-02  2.79091E-01
  2.6600000000E+00  2.6650000000E+00  1.22862E-02  3.18463E-01
  2.6650000000E+00  2.6700000000E+00  1.23261E-02  3.85830E-01
  2.6700000000E+00  2.6750000000E+00  1.22681E-02  2.15554E-01
  2.6750000000E+00  2.6800000000E+00  1.22707E-02  2.86297E-01
  2.6800000000E+00  2.6850000000E+00  1.22785E-02  2.63000E-01
  2.6850000000E+00  2.6900000000E+00  1.23007E-02  2.65783E-01
  2.6900000000E+00  2.6950000000E+00  1.23175E-02  2.72777E-01
  2.6950000000E+00  2.7000000000E+00  1.23179E-02  2.27050E-01
  2.7000000000E+00  2.7050000000E+00  1.23619E-02  3.21351E-01
  2.7050000000E+00  2.7100000000E+00  1.23287E-02  2.06809E-01
  2.7100000000E+00  2.7150000000E+00  1.23951E-02  2.26131E-01
  2.7150000000E+00  2.7200000000E+00  1.23697E-02  2.20032E-01
  2.7200000000E+00  2.7250000000E+00  1.23931E-02  2.56496E-01
  2.7250000000E+00  2.7300000000E+00  1.24156E-02  2.93609E-01
  2.7300000000E+00  2.7350000000E+00  1.24200E-02  2.33078E-01
  2.7350000000E+00  2.7400000000E+00  1.24320E-02  2.61624E-01
  2.7400000000E+00  2.7450000000E+00  1.24475E-02  2.80048E-01
  2.7450000000E+00  2.7500000000E+00  1.24328E-02  2.20599E-01
  2.7500000000E+00  2.7550000000E+00  1.24153E-02  1.77591E-01
  2.7550000000E+00  2.7600000000E+00  1.24452E-02  2.25525E-01
  2.7600000000E+00  2.7650000000E+00  1.24880E-02  4.22091E-01
  2.7650000000E+00  2.7700000000E+00  1.24761E-02  2.46661E-01
  2.7700000000E+00  2.7750000000E+00  1.24775E-02  2.17287E-01
  2.7750000000E+00  2.7800000000E+00  1.25410E-02  3.32975E-01
  2.7800000000E+00  2.7850000000E+00  1.25407E-02  2.88212E-01
  2.7850000000E+00  2.7900000000E+00  1.25232E-02  2.34934E-01
  2.7900000000E+00  2.7950000000E+00  1.25001E-02  2.21495E-01
  2.7950000000E+00  2.8000000000E+00  1.25068E-02  2.23015E-01
  2.8000000000E+00  2.8050000000E+00  1.25216E-02  2.07113E-01
  2.8050000000E+00  2.8100000000E+00  1.26004E-02  2.69125E-01
  2.8100000000E+00  2.8150000000E+00  1.25535E-02  1.98208E-01
  2.8150000000E+00  2.8200000000E+00  1.26002E-02  2.36980E-01
  2.8200000000E+00  2.8250000000E+00  1.25804E-02  3.05475E-01
  2.8250000000E+00  2.8300000000E+00  1.26409E-02  2.65223E-01
  2.8300000000E+00  2.8350000000E+00  1.26169E-02  2.34777E-01
  2.8350000000E+00  2.8400000000E+00  1.26610E-02  2.37212E-01
  2.8400000000E+00  2.8450000000E+00  1.26617E-02  3.43276E-01
  2.8450000000E+00  2.8500000000E+00  1.26431E-02  3.64175E-01
  2.8500000000E+00  2.8550000000E+00  1.27006E-02  2.77139E-01
  2.8550000000E+00  2.8600000000E+00  1.26395E-02  1.99769E-01
  2.8600000000E+00  2.8650000000E+00  1.27018E-02  2.29431E-01
  2.8650000000E+00  2.8700000000E+00  1.27067E-02  2.58401E-01
  2.8700000000E+00  2.8750000000E+00  1.27266E-02  2.67264E-01
  2.8750000000E+00  2.8800000000E+00  1.27431E-02  2.76223E-01
  2.8800000000E+00  2.8850000000E+00  1.27232E-02  2.80916E-01
  2.8850000000E+00  2.8900000000E+00  1.27674E-02  3.03539E-01
  2.8900000000E+00  2.8950000000E+00  1.28297E-02  2.77111E-01
  2.8950000000E+00  2.9000000000E+00  1.27783E-02  2.45861E-01
  2.9000000000E+00  2.9050000000E+00  1.28181E-02  2.47046E-01
  2.9050000000E+00  2.9100000000E+00  1.28040E-02  2.69679E-01
  2.9100000000E+00  2.9150000000E+00  1.28063E-02  3.04978E-01
  2.9150000000E+00  2.9200000000E+00  1.28018E-02  2.26382E-01
  2.9200000000E+00  2.9250000000E+00  1.27669E-02  2.52271E-01
  2.9250000000E+00  2.9300000000E+00  1.28423E-02  2.82244E-01
  2.9300000000E+00  2.9350000000E+00  1.28018E-02  2.00481E-01
  2.9350000000E+00  2.9400000000E+00  1.28185E-02  1.82772E-01
  2.9400000000E+00  2.9450000000E+00  1.28719E-02  3.00275E-01
  2.9450000000E+00  2.9500000000E+00  1.28944E-02  2.98414E-01
  2.9500000000E+00  2.9550000000E+00  1.29106E-02  2.18871E-01
  2.9550000000E+00  2.9600000000E+00  1.29065E-02  1.81282E-01
  2.9600000000E+00  2.9650000000E+00  1.29311E-02  2.50459E-01
  2.9650000000E+00  2.9700000000E+00  1.29444E-02  1.96452E-01
  2.9700000000E+00  2.9750000000E+00  1.29762E-02  1.77899E-01
  2.9750000000E+00  2.9800000000E+00  1.29504E-02  2.71916E-01
  2.9800000000E+00  2.9850000000E+00  1.29089E-02  1.74911E-01
  2.9850000000E+00  2.9900000000E+00  1.30019E-02  3.19756E-01
  2.9900000000E+00  2.9950000000E+00  1.29782E-02  1.28344E-01
  2.9950000000E+00  3.0000000000E+00  1.30537E-02  3.40797E-01
  3.0000000000E+00  3.0050000000E+00  1.30501E-02  2.12837E-01
  3.0050000000E+00  3.0100000000E+00  1.30126E-02  2.34413E-01
  3.0100000000E+00  3.0150000000E+00  1.30371E-02  2.11771E-01
  3.0150000000E+00  3.0200000000E+00  1.30324E-02  2.66280E-01
  3.0200000000E+00  3.0250000000E+00  1.30528E-02  2.66173E-01
  3.0250000000E+00  3.0300000000E+00  1.30498E-02  1.97775E-01
  3.0300000000E+00  3.0350000000E+00  1.30821E-02  1.54844E-01
  3.0350000000E+00  3.0400000000E+00  1.30882E-02  1.81965E-01
  3.0400000000E+00  3.0450000000E+00  1.31180E-02  2.08045E-01
  3.0450000000E+00  3.0500000000E+00  1.31048E-02  1.14251E-01
  3.0500000000E+00  3.0550000000E+00  1.31323E-02  1.77572E-01
  3.0550000000E+00  3.0600000000E+00  1.32167E-02  3.17196E-01
  3.0600000000E+00  3.0650000000E+00  1.32106E-02  2.85084E-01
  3.0650000000E+00  3.0700000000E+00  1.32124E-02  2.65181E-01
  3.0700000000E+00  3.0750000000E+00  1.31799E-02  1.75317E-01
  3.0750000000E+00  3.0800000000E+00  1.31882E-02  1.95928E-01
  3.0800000000E+00  3.0850000000E+00  1.32005E-02  2.48761E-01
  3.0850000000E+00  3.0900000000E+00  1.32426E-02  2.38258E-01
  3.0900000000E+00  3.0950000000E+00  1.32325E-02  2.49840E-01
  3.0950000000E+00  3.1000000000E+00  1.32742E-02  2.78011E-01
  3.1000000000E+00  3.1050000000E+00  1.33082E-02  2.53983E-01
  3.1050000000E+00  3.1100000000E+00  1.32828E-02  1.95895E-01
  3.1100000000E+00  3.1150000000E+00  1.32627E-02  2.33111E-01
  3.1150000000E+00  3.1200000000E+00  1.32774E-02  2.32394E-01
  3.1200000000E+00  3.1250000000E+00  1.32753E-02  2.47252E-01
  3.1250000000E+00  3.1300000000E+00  1.32905E-02  2.13107E-01
  3.1300000000E+00  3.1350000000E+00  1.33163E-02  2.51016E-01
  3.1350000000E+00  3.1400000000E+00  1.33571E-02  2.29475E-01
  3.1400000000E+00  3.1450000000E+00  1.33839E-02  3.36367E-01
  3.1450000000E+00  3.1500000000E+00  1.33672E-02  1.59233E-01
  3.1500000000E+00  3.1550000000E+00  1.33942E-02  1.40327E-01
  3.1550000000E+00  3.1600000000E+00  1.34470E-02  2.67127E-01
  3.1600000000E+00  3.1650000000E+00  1.34239E-02  1.91823E-01
  3.1650000000E+00  3.1700000000E+00  1.34911E-02  2.38505E-01
  3.1700000000E+00  3.1750000000E+00  1.34456E-02  2.76856E-01
  3.1750000000E+00  3.1800000000E+00  1.34417E-02  1.28811E-01
  3.1800000000E+00  3.1850000000E+00  1.35044E-02  2.78239E-01
  3.1850000000E+00  3.1900000000E+00  1.34902E-02  2.45161E-01
  3.1900000000E+00  3.1950000000E+00  1.35048E-02  2.05621E-01
  3.1950000000E+00  3.2000000000E+00  1.34988E-02  2.46474E-01
  3.2000000000E+00  3.2050000000E+00  1.35117E-02  2.03921E-01
  3.2050000000E+00  3.2100000000E+00  1.35607E-02  3.00970E-01
  3.2100000000E+00  3.2150000000E+00  1.35745E-02  2.48560E-01
  3.2150000000E+00  3.2200000000E+00  1.36210E-02  2.86149E-01
  3.2200000000E+00  3.2250000000E+00  1.36276E-02  2.01014E-01
  3.2250000000E+00  3.2300000000E+00  1.36535E-02  2.24494E-01
  3.2300000000E+00  3.2350000000E+00  1.36567E-02  2.01527E-01
  3.2350000000E+00  3.2400000000E+00  1.36680E-02  1.66555E-01
  3.2400000000E+00  3.2450000000E+00  1.36972E-02  2.33050E-01
  3.2450000000E+00  3.2500000000E+00  1.37306E-02  1.85175E-01
  3.2500000000E+00  3.2550000000E+00  1.37430E-02  2.32825E-01
  3.2550000000E+00  3.2600000000E+00  1.37190E-02  1.76119E-01
  3.2600000000E+00  3.2650000000E+00  1.37275E-02  1.51711E-01
  3.2650000000E+00  3.2700000000E+00  1.37556E-02  1.83786E-01
  3.2700000000E+00  3.2750000000E+00  1.37472E-02  1.57639E-01
  3.2750000000E+00  3.2800000000E+00  1.37993E-02  1.65324E-01
  3.2800000000E+00  3.2850000000E+00  1.38482E-02  2.48409E-01
  3.2850000000E+00  3.2900000000E+00  1.37801E-02  1.47890E-01
  3.2900000000E+00  3.2950000000E+00  1.38222E-02  1.57048E-01
  3.2950000000E+00  3.3000000000E+00  1.38583E-02  1.86510E-01
  3.3000000000E+00  3.3050000000E+00  1.38874E-02  2.20241E-01
  3.3050000000E+00  3.3100000000E+00  1.39071E-02  2.14872E-01
  3.3100000000E+00  3.3150000000E+00  1.39216E-02  2.02592E-01
  3.3150000000E+00  3.3200000000E+00  1.39366E-02  1.80791E-01
  3.3200000000E+00  3.3250000000E+00  1.38872E-02  1.62795E-01
  3.3250000000E+00  3.3300000000E+00  1.39578E-02  2.88531E-01
  3.3300000000E+00  3.3350000000E+00  1.40253E-02  2.65227E-01
  3.3350000000E+00  3.3400000000E+00  1.40119E-02  1.93860E-01
  3.3400000000E+00  3.3450000000E+00  1.39750E-02  2.22052E-01
  3.3450000000E+00  3.3500000000E+00  1.40063E-02  1.77247E-01
  3.3500000000E+00  3.3550000000E+00  1.40303E-02  1.42284E-01
  3.3550000000E+00  3.3600000000E+00  1.40370E-02  2.41664E-01
  3.3600000000E+00  3.3650000000E+00  1.40467E-02  2.12638E-01
  3.3650000000E+00  3.3700000000E+00  1.40687E-02  2.33485E-01
  3.3700000000E+00  3.3750000000E+00  1.41464E-02  1.72440E-01
  3.3750000000E+00  3.3800000000E+00  1.41123E-02  2.07950E-01
  3.3800000000E+00  3.3850000000E+00  1.41714E-02  2.21495E-01
  3.3850000000E+00  3.3900000000E+00  1.41919E-02  1.90432E-01
  3.3900000000E+00  3.3950000000E+00  1.41877E-02  2.10912E-01
  3.3950000000E+00  3.4000000000E+00  1.41671E-02  1.85375E-01
  3.4000000000E+00  3.4050000000E+00  1.41657E-02  2.08291E-01
  3.4050000000E+00  3.4100000000E+00  1.41761E-02  2.13052E-01
  3.4100000000E+00  3.4150000000E+00  1.42463E-02  2.81456E-01
  3.4150000000E+00  3.4200000000E+00  1.42083E-02  2.16142E-01
  3.4200000000E+00  3.4250000000E+00  1.42642E-02  2.46819E-01
  3.4250000000E+00  3.4300000000E+00  1.42383E-02  1.75779E-01
  3.4300000000E+00  3.4350000000E+00  1.42899E-02  2.33983E-01
  3.4350000000E+00  3.4400000000E+00  1.43739E-02  2.90421E-01
  3.4400000000E+00  3.4450000000E+00  1.42978E-02  1.69269E-01
  3.4450000000E+00  3.4500000000E+00  1.42896E-02  2.25487E-01
  3.4500000000E+00  3.4550000000E+00  1.43771E-02  2.86816E-01
  3.4550000000E+00  3.4600000000E+00  1.43897E-02  2.07497E-01
  3.4600000000E+00  3.4650000000E+00  1.44269E-02  2.26452E-01
  3.4650000000E+00  3.4700000000E+00  1.44348E-02  2.13595E-01
  3.4700000000E+00  3.4750000000E+00  1.43987E-02  1.88857E-01
  3.4750000000E+00  3.4800000000E+00  1.44613E-02  1.99470E-01
  3.4800000000E+00  3.4850000000E+00  1.45340E-02  2.45540E-01
  3.4850000000E+00  3.4900000000E+00  1.45167E-02  2.07993E-01
  3.4900000000E+00  3.4950000000E+00  1.45744E-02  2.02386E-01
  3.4950000000E+00  3.5000000000E+00  1.45183E-02  1.89362E-01
  3.5000000000E+00  3.5050000000E+00  1.45830E-02  2.15772E-01
  3.5050000000E+00  3.5100000000E+00  1.45641E-02  2.29472E-01
  3.5100000000E+00  3.5150000000E+00  1.45993E-02  1.93297E-01
  3.5150000000E+00  3.5200000000E+00  1.46386E-02  1.39104E-01
  3.5200000000E+00  3.5250000000E+00  1.46181E-02  1.65473E-01
  3.5250000000E+00  3.5300000000E+00  1.46323E-02  2.19603E-01
  3.5300000000E+00  3.5350000000E+00  1.46775E-02  2.66478E-01
  3.5350000000E+00  3.5400000000E+00  1.46571E-02  1.60887E-01
  3.5400000000E+00  3.5450000000E+00  1.47094E-02  2.09149E-01
  3.5450000000E+00  3.5500000000E+00  1.47892E-02  1.66170E-01
  3.5500000000E+00  3.5550000000E+00  1.47821E-02  1.97137E-01
  3.5550000000E+00  3.5600000000E+00  1.48247E-02  1.65367E-01
  3.5600000000E+00  3.5650000000E+00  1.48552E-02  2.82615E-01
  3.5650000000E+00  3.5700000000E+00  1.48051E-02  1.67742E-01
  3.5700000000E+00  3.5750000000E+00  1.48149E-02  2.27001E-01
  3.5750000000E+00  3.5800000000E+00  1.49124E-02  2.25901E-01
  3.5800000000E+00  3.5850000000E+00  1.48770E-02  2.40508E-01
  3.5850000000E+00  3.5900000000E+00  1.48888E-02  1.88010E-01
  3.5900000000E+00  3.5950000000E+00  1.49454E-02  2.02809E-01
  3.5950000000E+00  3.6000000000E+00  1.49764E-02  2.49034E-01
  3.6000000000E+00  3.6050000000E+00  1.49508E-02  1.53709E-01
  3.6050000000E+00  3.6100000000E+00  1.50266E-02  2.20117E-01
  3.6100000000E+00  3.6150000000E+00  1.49816E-02  1.59587E-01
  3.6150000000E+00  3.6200000000E+00  1.50233E-02  1.44650E-01
  3.6200000000E+00  3.6250000000E+00  1.50471E-02  1.78955E-01
  3.6250000000E+00  3.6300000000E+00  1.51109E-02  2.70841E-01
  3.6300000000E+00  3.6350000000E+00  1.50937E-02  1.99405E-01
  3.6350000000E+00  3.6400000000E+00  1.51132E-02  2.19514E-01
  3.6400000000E+00  3.6450000000E+00  1.51384E-02  2.04013E-01
  3.6450000000E+00  3.6500000000E+00  1.51073E-02  1.58149E-01
  3.6500000000E+00  3.6550000000E+00  1.52057E-02  1.84055E-01
  3.6550000000E+00  3.6600000000E+00  1.52003E-02  1.74035E-01
  3.6600000000E+00  3.6650000000E+00  1.52129E-02  2.02295E-01
  3.6650000000E+00  3.6700000000E+00  1.52200E-02  1.39652E-01
  3.6700000000E+00  3.6750000000E+00  1.52712E-02  2.68005E-01
  3.6750000000E+00  3.6800000000E+00  1.53127E-02  1.93062E-01
  3.6800000000E+00  3.6850000000E+00  1.53200E-02  1.48950E-01
  3.6850000000E+00  3.6900000000E+00  1.53560E-02  2.03404E-01
  3.6900000000E+00  3.6950000000E+00  1.53670E-02  2.14224E-01
  3.6950000000E+00  3.7000000000E+00  1.53451E-02  1.55754E-01
  3.7000000000E+00  3.7050000000E+00  1.54062E-02  1.72684E-01
  3.7050000000E+00  3.7100000000E+00  1.54100E-02  1.91775E-01
  3.7100000000E+00  3.7150000000E+00  1.54310E-02  1.78181E-01
  3.7150000000E+00  3.7200000000E+00  1.54761E-02  1.84791E-01
  3.7200000000E+00  3.7250000000E+00  1.55011E-02  2.47748E-01
  3.7250000000E+00  3.7300000000E+00  1.55789E-02  2.32638E-01
  3.7300000000E+00  3.7350000000E+00  1.55543E-02  2.03260E-01
  3.7350000000E+00  3.7400000000E+00  1.55122E-02  1.40856E-01
  3.7400000000E+00  3.7450000000E+00  1.55857E-02  2.30049E-01
  3.7450000000E+00  3.7500000000E+00  1.56418E-02  2.02784E-01
  3.7500000000E+00  3.7550000000E+00  1.56672E-02  2.10471E-01
  3.7550000000E+00  3.7600000000E+00  1.56920E-02  1.83140E-01
  3.7600000000E+00  3.7650000000E+00  1.57467E-02  2.75180E-01
  3.7650000000E+00  3.7700000000E+00  1.57656E-02  1.97280E-01
  3.7700000000E+00  3.7750000000E+00  1.57872E-02  2.04738E-01
  3.7750000000E+00  3.7800000000E+00  1.58207E-02  2.23997E-01
  3.7800000000E+00  3.7850000000E+00  1.57549E-02  1.03959E-01
  3.7850000000E+00  3.7900000000E+00  1.58283E-02  1.41844E-01
  3.7900000000E+00  3.7950000000E+00  1.58632E-02  1.68864E-01
  3.7950000000E+00  3.8000000000E+00  1.59060E-02  2.12569E-01
  3.8000000000E+00  3.8050000000E+00  1.59000E-02  1.99346E-01
  3.8050000000E+00  3.8100000000E+00  1.59408E-02  1.39413E-01
  3.8100000000E+00  3.8150000000E+00  1.59505E-02  1.25523E-01
  3.8150000000E+00  3.8200000000E+00  1.60266E-02  2.33328E-01
  3.8200000000E+00  3.8250000000E+00  1.60315E-02  1.40350E-01
  3.8250000000E+00  3.8300000000E+00  1.60343E-02  1.70329E-01
  3.8300000000E+00  3.8350000000E+00  1.60585E-02  1.77392E-01
  3.8350000000E+00  3.8400000000E+00  1.61161E-02  2.02665E-01
  3.8400000000E+00  3.8450000000E+00  1.61243E-02  1.84278E-01
  3.8450000000E+00  3.8500000000E+00  1.61818E-02  2.24053E-01
  3.8500000000E+00  3.8550000000E+00  1.62620E-02  1.78440E-01
  3.8550000000E+00  3.8600000000E+00  1.62062E-02  1.57703E-01
  3.8600000000E+00  3.8650000000E+00  1.62729E-02  2.09761E-01
  3.8650000000E+00  3.8700000000E+00  1.62831E-02  2.33391E-01
  3.8700000000E+00  3.8750000000E+00  1.62519E-02  1.64059E-01
  3.8750000000E+00  3.8800000000E+00  1.62986E-02  1.81247E-01
  3.8800000000E+00  3.8850000000E+00  1.63713E-02  1.81371E-01
  3.8850000000E+00  3.8900000000E+00  1.64300E-02  2.53271E-01
  3.8900000000E+00  3.8950000000E+00  1.64582E-02  3.01886E-01
  3.8950000000E+00  3.9000000000E+00  1.64618E-02  2.18583E-01
  3.9000000000E+00  3.9050000000E+00  1.64403E-02  2.12677E-01
  3.9050000000E+00  3.9100000000E+00  1.65196E-02  1.71341E-01
  3.9100000000E+00  3.9150000000E+00  1.65341E-02  1.75076E-01
  3.9150000000E+00  3.9200000000E+00  1.65665E-02  1.87723E-01
  3.9200000000E+00  3.9250000000E+00  1.65754E-02  1.34555E-01
  3.9250000000E+00  3.9300000000E+00  1.66209E-02  1.92556E-01
  3.9300000000E+00  3.9350000000E+00  1.66792E-02  1.51562E-01
  3.9350000000E+00  3.9400000000E+00  1.67032E-02  2.14540E-01
  3.9400000000E+00  3.9450000000E+00  1.67220E-02  1.97664E-01
  3.9450000000E+00  3.9500000000E+00  1.67721E-02  1.97077E-01
  3.9500000000E+00  3.9550000000E+00  1.67783E-02  1.63195E-01
  3.9550000000E+00  3.9600000000E+00  1.68426E-02  2.17642E-01
  3.9600000000E+00  3.9650000000E+00  1.68654E-02  1.54006E-01
  3.9650000000E+00  3.9700000000E+00  1.68819E-02  1.40109E-01
  3.9700000000E+00  3.9750000000E+00  1.69285E-02  1.56068E-01
  3.9750000000E+00  3.9800000000E+00  1.70004E-02  2.51087E-01
  3.9800000000E+00  3.9850000000E+00  1.70106E-02  1.44030E-01
  3.9850000000E+00  3.9900000000E+00  1.70511E-02  1.35464E-01
  3.9900000000E+00  3.9950000000E+00  1.70840E-02  1.36109E-01
  3.9950000000E+00  4.0000000000E+00  1.71071E-02  1.68616E-01
  4.0000000000E+00  4.0050000000E+00  1.71327E-02  1.59660E-01
  4.0050000000E+00  4.0100000000E+00  1.71076E-02  1.15121E-01
  4.0100000000E+00  4.0150000000E+00  1.71892E-02  1.53520E-01
  4.0150000000E+00  4.0200000000E+00  1.73269E-02  2.88702E-01
  4.0200000000E+00  4.0250000000E+00  1.73278E-02  1.48065E-01
  4.0250000000E+00  4.0300000000E+00  1.73343E-02  1.75804E-01
  4.0300000000E+00  4.0350000000E+00  1.74263E-02  2.22549E-01
  4.0350000000E+00  4.0400000000E+00  1.74335E-02  1.83634E-01
  4.0400000000E+00  4.0450000000E+00  1.74799E-02  2.03940E-01
  4.0450000000E+00  4.0500000000E+00  1.74629E-02  1.98198E-01
  4.0500000000E+00  4.0550000000E+00  1.75498E-02  1.78629E-01
  4.0550000000E+00  4.0600000000E+00  1.75646E-02  1.98378E-01
  4.0600000000E+00  4.0650000000E+00  1.76279E-02  2.69609E-01
  4.0650000000E+00  4.0700000000E+00  1.76385E-02  1.47191E-01
  4.0700000000E+00  4.0750000000E+00  1.76593E-02  2.03989E-01
  4.0750000000E+00  4.0800000000E+00  1.77460E-02  2.15609E-01
  4.0800000000E+00  4.0850000000E+00  1.77231E-02  1.95284E-01
  4.0850000000E+00  4.0900000000E+00  1.78050E-02  1.57489E-01
  4.0900000000E+00  4.0950000000E+00  1.78635E-02  2.32125E-01
  4.0950000000E+00  4.1000000000E+00  1.78577E-02  1.49704E-01
  4.1000000000E+00  4.1050000000E+00  1.78884E-02  1.35460E-01
  4.1050000000E+00  4.1100000000E+00  1.79581E-02  1.52312E-01
  4.1100000000E+00  4.1150000000E+00  1.80090E-02  1.73004E-01
  4.1150000000E+00  4.1200000000E+00  1.80559E-02  1.60858E-01
  4.1200000000E+00  4.1250000000E+00  1.80745E-02  1.72780E-01
  4.1250000000E+00  4.1300000000E+00  1.81199E-02  1.29422E-01
  4.1300000000E+00  4.1350000000E+00  1.81437E-02  1.65013E-01
  4.1350000000E+00  4.1400000000E+00  1.81763E-02  1.55824E-01
  4.1400000000E+00  4.1450000000E+00  1.82442E-02  1.35812E-01
  4.1450000000E+00  4.1500000000E+00  1.82887E-02  1.55447E-01
  4.1500000000E+00  4.1550000000E+00  1.83067E-02  1.42911E-01
  4.1550000000E+00  4.1600000000E+00  1.83560E-02  1.64559E-01
  4.1600000000E+00  4.1650000000E+00  1.84507E-02  1.41653E-01
  4.1650000000E+00  4.1700000000E+00  1.84754E-02  1.63716E-01
  4.1700000000E+00  4.1750000000E+00  1.85332E-02  2.08614E-01
  4.1750000000E+00  4.1800000000E+00  1.86014E-02  2.24118E-01
  4.1800000000E+00  4.1850000000E+00  1.86139E-02  1.61734E-01
  4.1850000000E+00  4.1900000000E+00  1.86730E-02  1.52616E-01
  4.1900000000E+00  4.1950000000E+00  1.87923E-02  2.00063E-01
  4.1950000000E+00  4.2000000000E+00  1.87648E-02  1.41318E-01
  4.2000000000E+00  4.2050000000E+00  1.88532E-02  2.23815E-01
  4.2050000000E+00  4.2100000000E+00  1.88842E-02  1.83092E-01
  4.2100000000E+00  4.2150000000E+00  1.89219E-02  1.26388E-01
  4.2150000000E+00  4.2200000000E+00  1.90057E-02  2.08895E-01
  4.2200000000E+00  4.2250000000E+00  1.90696E-02  1.42253E-01
  4.2250000000E+00  4.2300000000E+00  1.90816E-02  1.59599E-01
  4.2300000000E+00  4.2350000000E+00  1.91695E-02  1.36852E-01
  4.2350000000E+00  4.2400000000E+00  1.91677E-02  1.25059E-01
  4.2400000000E+00  4.2450000000E+00  1.92442E-02  1.77142E-01
  4.2450000000E+00  4.2500000000E+00  1.92650E-02  1.50781E-01
  4.2500000000E+00  4.2550000000E+00  1.93425E-02  1.48816E-01
  4.2550000000E+00  4.2600000000E+00  1.94008E-02  6.83245E-02
  4.2600000000E+00  4.2650000000E+00  1.94648E-02  1.41727E-01
  4.2650000000E+00  4.2700000000E+00  1.95220E-02  1.54946E-01
  4.2700000000E+00  4.2750000000E+00  1.95429E-02  1.67534E-01
  4.2750000000E+00  4.2800000000E+00  1.95986E-02  1.98116E-01
  4.2800000000E+00  4.2850000000E+00  1.97092E-02  1.62588E-01
  4.2850000000E+00  4.2900000000E+00  1.97588E-02  1.74468E-01
  4.2900000000E+00  4.2950000000E+00  1.98381E-02  1.49676E-01
  4.2950000000E+00  4.3000000000E+00  1.99138E-02  1.74040E-01
  4.3000000000E+00  4.3050000000E+00  1.99885E-02  1.86464E-01
  4.3050000000E+00  4.3100000000E+00  2.00733E-02  1.77745E-01
  4.3100000000E+00  4.3150000000E+00  2.01436E-02  1.56394E-01
  4.3150000000E+00  4.3200000000E+00  2.01392E-02  1.99706E-01
  4.3200000000E+00  4.3250000000E+00  2.02403E-02  1.80268E-01
  4.3250000000E+00  4.3300000000E+00  2.02725E-02  1.82493E-01
  4.3300000000E+00  4.3350000000E+00  2.03332E-02  1.38945E-01
  4.3350000000E+00  4.3400000000E+00  2.03705E-02  1.54439E-01
  4.3400000000E+00  4.3450000000E+00  2.04659E-02  1.15147E-01
  4.3450000000E+00  4.3500000000E+00  2.05529E-02  1.39461E-01
  4.3500000000E+00  4.3550000000E+00  2.06236E-02  1.28030E-01
  4.3550000000E+00  4.3600000000E+00  2.07203E-02  1.42762E-01
  4.3600000000E+00  4.3650000000E+00  2.07361E-02  1.14816E-01
  4.3650000000E+00  4.3700000000E+00  2.08751E-02  1.77070E-01
  4.3700000000E+00  4.3750000000E+00  2.08811E-02  1.46120E-01
  4.3750000000E+00  4.3800000000E+00  2.09602E-02  9.87240E-02
  4.3800000000E+00  4.3850000000E+00  2.10032E-02  1.04440E-01
  4.3850000000E+00  4.3900000000E+00  2.10970E-02  1.60054E-01
  4.3900000000E+00  4.3950000000E+00  2.12024E-02  2.08617E-01
  4.3950000000E+00  4.4000000000E+00  2.12877E-02  1.28031E-01
  4.4000000000E+00  4.4050000000E+00  2.13582E-02  1.69173E-01
  4.4050000000E+00  4.4100000000E+00  2.14441E-02  1.58618E-01
  4.4100000000E+00  4.4150000000E+00  2.15039E-02  1.82096E-01
  4.4150000000E+00  4.4200000000E+00  2.16158E-02  1.66186E-01
  4.4200000000E+00  4.4250000000E+00  2.16684E-02  1.85999E-01
  4.4250000000E+00  4.4300000000E+00  2.17756E-02  1.72257E-01
  4.4300000000E+00  4.4350000000E+00  2.18502E-02  1.44281E-01
  4.4350000000E+00  4.4400000000E+00  2.19340E-02  1.75674E-01
  4.4400000000E+00  4.4450000000E+00  2.20542E-02  1.52601E-01
  4.4450000000E+00  4.4500000000E+00  2.21014E-02  1.27744E-01
  4.4500000000E+00  4.4550000000E+00  2.22240E-02  1.46467E-01
  4.4550000000E+00  4.4600000000E+00  2.23107E-02  1.33103E-01
  4.4600000000E+00  4.4650000000E+00  2.24148E-02  1.55906E-01
  4.4650000000E+00  4.4700000000E+00  2.24907E-02  1.30118E-01
  4.4700000000E+00  4.4750000000E+00  2.25882E-02  1.21084E-01
  4.4750000000E+00  4.4800000000E+00  2.27532E-02  1.71195E-01
  4.4800000000E+00  4.4850000000E+00  2.27760E-02  1.48436E-01
  4.4850000000E+00  4.4900000000E+00  2.29192E-02  1.15570E-01
  4.4900000000E+00  4.4950000000E+00  2.30252E-02  1.77160E-01
  4.4950000000E+00  4.5000000000E+00  2.30927E-02  1.51452E-01
  4.5000000000E+00  4.5050000000E+00  2.31949E-02  1.50031E-01
  4.5050000000E+00  4.5100000000E+00  2.32994E-02  1.32127E-01
  4.5100000000E+00  4.5150000000E+00  2.34402E-02  1.40094E-01
  4.5150000000E+00  4.5200000000E+00  2.35892E-02  1.65100E-01
  4.5200000000E+00  4.5250000000E+00  2.36659E-02  1.39120E-01
  4.5250000000E+00  4.5300000000E+00  2.37835E-02  1.57806E-01
  4.5300000000E+00  4.5350000000E+00  2.38762E-02  1.67915E-01
  4.5350000000E+00  4.5400000000E+00  2.40161E-02  1.88883E-01
  4.5400000000E+00  4.5450000000E+00  2.41155E-02  1.30476E-01
  4.5450000000E+00  4.5500000000E+00  2.42437E-02  1.15350E-01
  4.5500000000E+00  4.5550000000E+00  2.43940E-02  1.38204E-01
  4.5550000000E+00  4.5600000000E+00  2.45757E-02  1.33714E-01
  4.5600000000E+00  4.5650000000E+00  2.46560E-02  1.68411E-01
  4.5650000000E+00  4.5700000000E+00  2.47417E-02  1.35087E-01
  4.5700000000E+00  4.5750000000E+00  2.49449E-02  1.00691E-01
  4.5750000000E+00  4.5800000000E+00  2.50338E-02  1.20559E-01
  4.5800000000E+00  4.5850000000E+00  2.51746E-02  9.39243E-02
  4.5850000000E+00  4.5900000000E+00  2.53606E-02  1.24198E-01
  4.5900000000E+00  4.5950000000E+00  2.54911E-02  1.06197E-01
  4.5950000000E+00  4.6000000000E+00  2.56447E-02  1.40730E-01
  4.6000000000E+00  4.6050000000E+00  2.57853E-02  9.41568E-02
  4.6050000000E+00  4.6100000000E+00  2.59291E-02  1.03526E-01
  4.6100000000E+00  4.6150000000E+00  2.61289E-02  1.51123E-01
  4.6150000000E+00  4.6200000000E+00  2.62891E-02  1.20979E-01
  4.6200000000E+00  4.6250000000E+00  2.65141E-02  1.66469E-01
  4.6250000000E+00  4.6300000000E+00  2.66862E-02  1.22533E-01
  4.6300000000E+00  4.6350000000E+00  2.68603E-02  1.11402E-01
  4.6350000000E+00  4.6400000000E+00  2.70680E-02  1.27296E-01
  4.6400000000E+00  4.6450000000E+00  2.72347E-02  1.41370E-01
  4.6450000000E+00  4.6500000000E+00  2.74448E-02  1.10294E-01
  4.6500000000E+00  4.6550000000E+00  2.76406E-02  1.06760E-01
  4.6550000000E+00  4.6600000000E+00  2.78159E-02  1.04693E-01
  4.6600000000E+00  4.6650000000E+00  2.80276E-02  1.21398E-01
  4.6650000000E+00  4.6700000000E+00  2.82585E-02  1.34409E-01
  4.6700000000E+00  4.6750000000E+00  2.84637E-02  1.17300E-01
  4.6750000000E+00  4.6800000000E+00  2.86423E-02  1.09880E-01
  4.6800000000E+00  4.6850000000E+00  2.89025E-02  1.23848E-01
  4.6850000000E+00  4.6900000000E+00  2.91761E-02  1.22809E-01
  4.6900000000E+00  4.6950000000E+00  2.94335E-02  1.07154E-01
  4.6950000000E+00  4.7000000000E+00  2.96621E-02  9.44828E-02
  4.7000000000E+00  4.7050000000E+00  2.99360E-02  8.92281E-02
  4.7050000000E+00  4.7100000000E+00  3.02233E-02  1.15799E-01
  4.7100000000E+00  4.7150000000E+00  3.05203E-02  1.04208E-01
  4.7150000000E+00  4.7200000000E+00  3.07587E-02  8.98535E-02
  4.7200000000E+00  4.7250000000E+00  3.11190E-02  1.25229E-01
  4.7250000000E+00  4.7300000000E+00  3.14624E-02  1.19037E-01
  4.7300000000E+00  4.7350000000E+00  3.17410E-02  1.05427E-01
  4.7350000000E+00  4.7400000000E+00  3.21369E-02  1.28861E-01
  4.7400000000E+00  4.7450000000E+00  3.24880E-02  9.21369E-02
  4.7450000000E+00  4.7500000000E+00  3.28395E-02  1.18919E-01
  4.7500000000E+00  4.7550000000E+00  3.32361E-02  1.10534E-01
  4.7550000000E+00  4.7600000000E+00  3.36225E-02  1.40516E-01
  4.7600000000E+00  4.7650000000E+00  3.40769E-02  1.02783E-01
  4.7650000000E+00  4.7700000000E+00  3.45178E-02  1.13328E-01
  4.7700000000E+00  4.7750000000E+00  3.49920E-02  1.35455E-01
  4.7750000000E+00  4.7800000000E+00  3.54344E-02  9.94178E-02
  4.7800000000E+00  4.7850000000E+00  3.59788E-02  1.32296E-01
  4.7850000000E+00  4.7900000000E+00  3.65584E-02  1.12921E-01
  4.7900000000E+00  4.7950000000E+00  3.71389E-02  1.19390E-01
  4.7950000000E+00  4.8000000000E+00  3.76726E-02  1.19041E-01
  4.8000000000E+00  4.8050000000E+00  3.83413E-02  1.31700E-01
  4.8050000000E+00  4.8100000000E+00  3.89924E-02  9.77376E-02
  4.8100000000E+00  4.8150000000E+00  3.97090E-02  9.53608E-02
  4.8150000000E+00  4.8200000000E+00  4.04957E-02  9.38176E-02
  4.8200000000E+00  4.8250000000E+00  4.12652E-02  8.07225E-02
  4.8250000000E+00  4.8300000000E+00  4.20836E-02  8.88776E-02
  4.8300000000E+00  4.8350000000E+00  4.29371E-02  9.98789E-02
  4.8350000000E+00  4.8400000000E+00  4.38150E-02  7.48444E-02
  4.8400000000E+00  4.8450000000E+00  4.47801E-02  8.34164E-02
  4.8450000000E+00  4.8500000000E+00  4.57429E-02  7.44025E-02
  4.8500000000E+00  4.8550000000E+00  4.67108E-02  1.00124E-01
  4.8550000000E+00  4.8600000000E+00  4.77051E-02  1.10710E-01
  4.8600000000E+00  4.8650000000E+00  4.86773E-02  1.02886E-01
  4.8650000000E+00  4.8700000000E+00  4.96701E-02  1.01020E-01
  4.8700000000E+00  4.8750000000E+00  5.06560E-02  1.18596E-01
  4.8750000000E+00  4.8800000000E+00  5.15300E-02  1.30167E-01
  4.8800000000E+00  4.8850000000E+00  5.23766E-02  9.76053E-02
  4.8850000000E+00  4.8900000000E+00  5.31354E-02  1.43805E-01
  4.8900000000E+00  4.8950000000E+00  5.37609E-02  1.48553E-01
  4.8950000000E+00  4.9000000000E+00  5.42742E-02  1.55347E-01
  4.9000000000E+00  4.9050000000E+00  5.45796E-02  1.56133E-01
  4.9050000000E+00  4.9100000000E+00  5.47958E-02  1.32420E-01
  4.9100000000E+00  4.9150000000E+00  5.48664E-02  1.73929E-01
  4.9150000000E+00  4.9200000000E+00  5.45384E-02  1.82028E-01
  4.9200000000E+00  4.9250000000E+00  5.41306E-02  1.83788E-01
  4.9250000000E+00  4.9300000000E+00  5.34234E-02  2.41835E-01
  4.9300000000E+00  4.9350000000E+00  5.25191E-02  2.43579E-01
  4.9350000000E+00  4.9400000000E+00  5.13438E-02  2.32892E-01
  4.9400000000E+00  4.9450000000E+00  4.98326E-02  2.19894E-01
  4.9450000000E+00  4.9500000000E+00  4.80871E-02  2.17648E-01
  4.9500000000E+00  4.9550000000E+00  4.61509E-02  2.85719E-01
  4.9550000000E+00  4.9600000000E+00  4.39130E-02  1.95669E-01
  4.9600000000E+00  4.9650000000E+00  4.14971E-02  2.41842E-01
  4.9650000000E+00  4.9700000000E+00  3.90261E-02  2.34521E-01
  4.9700000000E+00  4.9750000000E+00  3.64827E-02  2.64511E-01
  4.9750000000E+00  4.9800000000E+00  3.38420E-02  2.32246E-01
  4.9800000000E+00  4.9850000000E+00  3.11865E-02  3.15891E-01
  4.9850000000E+00  4.9900000000E+00  2.83865E-02  3.28813E-01
  4.9900000000E+00  4.9950000000E+00  2.56951E-02  3.68068E-01
  4.9950000000E+00  5.0000000000E+00  2.30316E-02  3.69441E-01
  5.0000000000E+00  5.0050000000E+00  2.06089E-02  4.62181E-01
  5.0050000000E+00  5.0100000000E+00  1.81851E-02  2.99228E-01
  5.0100000000E+00  5.0150000000E+00  1.58557E-02  3.87964E-01
  5.0150000000E+00  5.0200000000E+00  1.37870E-02  2.63894E-01
  5.0200000000E+00  5.0250000000E+00  1.18880E-02  4.18674E-01
  5.0250000000E+00  5.0300000000E+00  1.01508E-02  5.13392E-01
  5.0300000000E+00  5.0350000000E+00  8.58376E-03  7.70220E-01
  5.0350000000E+00  5.0400000000E+00  7.15210E-03  7.55786E-01
  5.0400000000E+00  5.0450000000E+00  5.94942E-03  7.18059E-01
  5.0450000000E+00  5.0500000000E+00  4.94646E-03  1.09317E+00
  5.0500000000E+00  5.0550000000E+00  4.05926E-03  1.45400E+00
  5.0550000000E+00  5.0600000000E+00  3.29584E-03  1.53493E+00
  5.0600000000E+00  5.0650000000E+00  2.64661E-03  1.63378E+00
  5.0650000000E+00  5.0700000000E+00  2.12466E-03  1.71058E+00
  5.0700000000E+00  5.0750000000E+00  1.70239E-03  2.12608E+00
  5.0750000000E+00  5.0800000000E+00  1.38923E-03  2.21972E+00
  5.0800000000E+00  5.0850000000E+00  1.10947E-03  2.19630E+00
  5.0850000000E+00  5.0900000000E+00  9.07740E-04  2.40752E+00
  5.0900000000E+00  5.0950000000E+00  7.33606E-04  2.45546E+00
  5.0950000000E+00  5.1000000000E+00  5.83406E-04  2.90030E+00
  5.1000000000E+00  5.1050000000E+00  4.86011E-04  2.88637E+00
  5.1050000000E+00  5.1100000000E+00  4.06623E-04  3.00809E+00
  5.1100000000E+00  5.1150000000E+00  3.58975E-04  3.08450E+00
  5.1150000000E+00  5.1200000000E+00  3.28005E-04  3.24374E+00
  5.1200000000E+00  5.1250000000E+00  2.82398E-04  3.63433E+00
  5.1250000000E+00  5.1300000000E+00  2.55123E-04  4.17165E+00
  5.1300000000E+00  5.1350000000E+00  2.35018E-04  3.64473E+00
  5.1350000000E+00  5.1400000000E+00  2.27799E-04  3.46759E+00
  5.1400000000E+00  5.1450000000E+00  2.12854E-04  3.36609E+00
  5.1450000000E+00  5.1500000000E+00  2.05362E-04  3.75470E+00
  5.1500000000E+00  5.1550000000E+00  2.01868E-04  3.89720E+00
  5.1550000000E+00  5.1600000000E+00  1.97352E-04  4.75246E+00
  5.1600000000E+00  5.1650000000E+00  1.89964E-04  3.80806E+00
  5.1650000000E+00  5.1700000000E+00  1.85107E-04  4.54795E+00
  5.1700000000E+00  5.1750000000E+00  1.82116E-04  4.24202E+00
  5.1750000000E+00  5.1800000000E+00  1.76622E-04  4.19929E+00
  5.1800000000E+00  5.1850000000E+00  1.68762E-04  4.41625E+00
  5.1850000000E+00  5.1900000000E+00  1.67191E-04  3.33251E+00
  5.1900000000E+00  5.1950000000E+00  1.69584E-04  3.37759E+00
  5.1950000000E+00  5.2000000000E+00  1.67955E-04  3.81727E+00
  5.2000000000E+00  5.2050000000E+00  1.60995E-04  4.08383E+00
  5.2050000000E+00  5.2100000000E+00  1.54275E-04  3.42673E+00
  5.2100000000E+00  5.2150000000E+00  1.52822E-04  3.38562E+00
  5.2150000000E+00  5.2200000000E+00  1.49581E-04  3.81099E+00
  5.2200000000E+00  5.2250000000E+00  1.55895E-04  4.43062E+00
  5.2250000000E+00  5.2300000000E+00  1.47721E-04  4.19089E+00
  5.2300000000E+00  5.2350000000E+00  1.42873E-04  4.12867E+00
  5.2350000000E+00  5.2400000000E+00  1.39110E-04  4.13109E+00
  5.2400000000E+00  5.2450000000E+00  1.36112E-04  4.14722E+00
  5.2450000000E+00  5.2500000000E+00  1.31203E-04  4.89995E+00
  5.2500000000E+00  5.2550000000E+00  1.28915E-04  4.63561E+00
  5.2550000000E+00  5.2600000000E+00  1.28699E-04  4.30672E+00
  5.2600000000E+00  5.2650000000E+00  1.29221E-04  6.42516E+00
  5.2650000000E+00  5.2700000000E+00  1.19375E-04  4.36079E+00
  5.2700000000E+00  5.2750000000E+00  1.15664E-04  4.37787E+00
  5.2750000000E+00  5.2800000000E+00  1.12759E-04  4.80568E+00
  5.2800000000E+00  5.2850000000E+00  1.10822E-04  4.71800E+00
  5.2850000000E+00  5.2900000000E+00  1.16319E-04  4.68653E+00
  5.2900000000E+00  5.2950000000E+00  1.12316E-04  4.26119E+00
  5.2950000000E+00  5.3000000000E+00  1.09508E-04  4.05840E+00
  5.3000000000E+00  5.3050000000E+00  1.05042E-04  4.06039E+00
  5.3050000000E+00  5.3100000000E+00  1.06912E-04  4.17156E+00
  5.3100000000E+00  5.3150000000E+00  1.02066E-04  5.17332E+00
  5.3150000000E+00  5.3200000000E+00  9.92305E-05  4.13245E+00
  5.3200000000E+00  5.3250000000E+00  9.81165E-05  5.67130E+00
  5.3250000000E+00  5.3300000000E+00  9.41727E-05  5.63271E+00
  5.3300000000E+00  5.3350000000E+00  9.42794E-05  4.14928E+00
  5.3350000000E+00  5.3400000000E+00  8.87503E-05  4.52223E+00
  5.3400000000E+00  5.3450000000E+00  8.55849E-05  5.94923E+00
  5.3450000000E+00  5.3500000000E+00  8.43884E-05  5.02191E+00
  5.3500000000E+00  5.3550000000E+00  8.81136E-05  4.83785E+00
  5.3550000000E+00  5.3600000000E+00  9.01498E-05  6.24157E+00
  5.3600000000E+00  5.3650000000E+00  8.33046E-05  5.71697E+00
  5.3650000000E+00  5.3700000000E+00  8.11064E-05  6.59125E+00
  5.3700000000E+00  5.3750000000E+00  7.86474E-05  7.28682E+00
  5.3750000000E+00  5.3800000000E+00  7.70803E-05  8.42442E+00
  5.3800000000E+00  5.3850000000E+00  7.93523E-05  8.55306E+00
  5.3850000000E+00  5.3900000000E+00  7.69982E-05  9.29071E+00
  5.3900000000E+00  5.3950000000E+00  6.91336E-05  6.91013E+00
  5.3950000000E+00  5.4000000000E+00  6.92178E-05  7.53596E+00
  5.4000000000E+00  5.4050000000E+00  6.34982E-05  8.06832E+00
  5.4050000000E+00  5.4100000000E+00  6.80870E-05  8.88730E+00
  5.4100000000E+00  5.4150000000E+00  6.63127E-05  7.41916E+00
  5.4150000000E+00  5.4200000000E+00  6.14640E-05  7.67208E+00
  5.4200000000E+00  5.4250000000E+00  6.27690E-05  7.30840E+00
  5.4250000000E+00  5.4300000000E+00  6.02980E-05  7.35668E+00
  5.4300000000E+00  5.4350000000E+00  6.14786E-05  7.35330E+00
  5.4350000000E+00  5.4400000000E+00  6.52489E-05  7.92487E+00
  5.4400000000E+00  5.4450000000E+00  6.03332E-05  6.37742E+00
  5.4450000000E+00  5.4500000000E+00  5.83043E-05  6.89153E+00
  5.4500000000E+00  5.4550000000E+00  5.77409E-05  7.44836E+00
  5.4550000000E+00  5.4600000000E+00  6.22162E-05  1.07344E+01
  5.4600000000E+00  5.4650000000E+00  5.97903E-05  7.79248E+00
  5.4650000000E+00  5.4700000000E+00  5.81889E-05  7.52642E+00
  5.4700000000E+00  5.4750000000E+00  5.59930E-05  8.02583E+00
  5.4750000000E+00  5.4800000000E+00  5.56765E-05  7.15911E+00
  5.4800000000E+00  5.4850000000E+00  4.61332E-05  1.02645E+01
  5.4850000000E+00  5.4900000000E+00  4.37256E-05  1.30095E+01
  5.4900000000E+00  5.4950000000E+00  4.21327E-05  1.10465E+01
  5.4950000000E+00  5.5000000000E+00  4.14063E-05  1.22757E+01
  5.5000000000E+00  5.5050000000E+00  3.87464E-05  1.37102E+01
  5.5050000000E+00  5.5100000000E+00  3.81841E-05  1.11083E+01
  5.5100000000E+00  5.5150000000E+00  3.20532E-05  9.60245E+00
  5.5150000000E+00  5.5200000000E+00  2.91468E-05  1.22768E+01
  5.5200000000E+00  5.5250000000E+00  2.69917E-05  1.28203E+01
  5.5250000000E+00  5.5300000000E+00  2.70474E-05  1.12469E+01
  5.5300000000E+00  5.5350000000E+00  2.14202E-05  1.37787E+01
  5.5350000000E+00  5.5400000000E+00  1.89411E-05  1.60942E+01
  5.5400000000E+00  5.5450000000E+00  1.85146E-05  1.51865E+01
  5.5450000000E+00  5.5500000000E+00  1.81973E-05  1.55751E+01
  5.5500000000E+00  5.5550000000E+00  1.23416E-05  1.76663E+01
  5.5550000000E+00  5.5600000000E+00  1.18029E-05  1.99058E+01
  5.5600000000E+00  5.5650000000E+00  1.13871E-05  2.33866E+01
  5.5650000000E+00  5.5700000000E+00  1.01361E-05  2.07477E+01
  5.5700000000E+00  5.5750000000E+00  9.05933E-06  2.46506E+01
  5.5750000000E+00  5.5800000000E+00  7.53310E-06  2.51087E+01
  5.5800000000E+00  5.5850000000E+00  5.60778E-06  2.93119E+01
  5.5850000000E+00  5.5900000000E+00  5.72945E-06  3.49698E+01
  5.5900000000E+00  5.5950000000E+00  4.66546E-06  4.21652E+01
  5.5950000000E+00  5.6000000000E+00  3.12077E-06  4.73339E+01
  5.6000000000E+00  5.6050000000E+00  2.66713E-06  4.12249E+01
  5.6050000000E+00  5.6100000000E+00  2.78251E-06  4.73013E+01
  5.6100000000E+00  5.6150000000E+00  2.64772E-06  4.57148E+01
  5.6150000000E+00  5.6200000000E+00  1.84218E-06  5.43590E+01
  5.6200000000E+00  5.6250000000E+00  7.84959E-07  1.00000E+02
  5.6250000000E+00  5.6300000000E+00  1.37244E-06  8.14435E+01
  5.6300000000E+00  5.6350000000E+00  1.22494E-06  9.37653E+01
  5.6350000000E+00  5.6400000000E+00  7.43981E-08  1.00000E+02
  5.6400000000E+00  5.6450000000E+00  7.43981E-08  1.00000E+02
  5.6450000000E+00  5.6500000000E+00  1.72362E-06  8.14593E+01
  5.6500000000E+00  5.6550000000E+00  2.58353E-07  7.52190E+01
  5.6550000000E+00  5.6600000000E+00  7.43981E-08  1.00000E+02
  5.6600000000E+00  5.6650000000E+00  7.44744E-08  9.98916E+01
  5.6650000000E+00  5.6700000000E+00  7.43981E-08  1.00000E+02
  5.6700000000E+00  5.6750000000E+00  7.43982E-08  9.99999E+01
  5.6750000000E+00  5.6800000000E+00  7.43981E-08  1.00000E+02
  5.6800000000E+00  5.6850000000E+00  7.43981E-08  1.00000E+02
  5.6850000000E+00  5.6900000000E+00  7.43981E-08  1.00000E+02
  5.6900000000E+00  5.6950000000E+00  7.43981E-08  1.00000E+02
  5.6950000000E+00  5.7000000000E+00  7.43981E-08  1.00000E+02
  5.7000000000E+00  5.7050000000E+00  9.66806E-07  9.21728E+01
  5.7050000000E+00  5.7100000000E+00  7.43981E-08  1.00000E+02
  5.7100000000E+00  5.7150000000E+00  7.68421E-08  1.00000E+02
  5.7150000000E+00  5.7200000000E+00  1.41509E-07  6.96983E+01
  5.7200000000E+00  5.7250000000E+00  8.28262E-08  1.00000E+02
  5.7250000000E+00  5.7300000000E+00  8.28262E-08  1.00000E+02
  5.7300000000E+00  5.7350000000E+00  8.28263E-08  1.00000E+02
  5.7350000000E+00  5.7400000000E+00  8.28262E-08  1.00000E+02
  5.7400000000E+00  5.7450000000E+00  4.21077E-07  8.15715E+01
  5.7450000000E+00  5.7500000000E+00  8.28262E-08  1.00000E+02
  5.7500000000E+00  5.7550000000E+00  8.28412E-08  9.99809E+01
  5.7550000000E+00  5.7600000000E+00  8.28262E-08  1.00000E+02
  5.7600000000E+00  5.7650000000E+00  8.28262E-08  1.00000E+02
  5.7650000000E+00  5.7700000000E+00  8.28262E-08  1.00000E+02
  5.7700000000E+00  5.7750000000E+00  8.28262E-08  1.00000E+02
  5.7750000000E+00  5.7800000000E+00  8.28262E-08  1.00000E+02
  5.7800000000E+00  5.7850000000E+00  8.52981E-08  1.00000E+02
  5.7850000000E+00  5.7900000000E+00  9.14305E-08  1.00000E+02
  5.7900000000E+00  5.7950000000E+00  9.15218E-08  9.98945E+01
  5.7950000000E+00  5.8000000000E+00  9.14305E-08  1.00000E+02
  5.8000000000E+00  5.8050000000E+00  9.14305E-08  1.00000E+02
  5.8050000000E+00  5.8100000000E+00  9.14305E-08  1.00000E+02
  5.8100000000E+00  5.8150000000E+00  9.14305E-08  1.00000E+02
  5.8150000000E+00  5.8200000000E+00  9.85834E-08  9.26012E+01
  5.8200000000E+00  5.8250000000E+00  9.14305E-08  1.00000E+02
  5.8250000000E+00  5.8300000000E+00  1.47602E-07  7.07670E+01
  5.8300000000E+00  5.8350000000E+00  9.14305E-08  1.00000E+02
  5.8350000000E+00  5.8400000000E+00  9.14305E-08  1.00000E+02
  5.8400000000E+00  5.8450000000E+00  9.23881E-08  1.00000E+02
  5.8450000000E+00  5.8500000000E+00  9.25298E-08  1.00000E+02
  5.8500000000E+00  5.8550000000E+00  9.25298E-08  1.00000E+02
  5.8550000000E+00  5.8600000000E+00  9.25602E-08  9.99651E+01
  5.8600000000E+00  5.8650000000E+00  9.47922E-08  9.75020E+01
  5.8650000000E+00  5.8700000000E+00  9.25298E-08  1.00000E+02
  5.8700000000E+00  5.8750000000E+00  9.25298E-08  9.99999E+01
  5.8750000000E+00  5.8800000000E+00  2.66019E-07  7.20849E+01
  5.8800000000E+00  5.8850000000E+00  3.21223E-07  7.52140E+01
  5.8850000000E+00  5.8900000000E+00  7.60340E-07  6.20888E+01
  5.8900000000E+00  5.8950000000E+00  3.59992E-07  7.57921E+01
  5.8950000000E+00  5.9000000000E+00  3.82027E-07  7.68153E+01
  5.9000000000E+00  5.9050000000E+00  4.18776E-07  7.83764E+01
  5.9050000000E+00  5.9100000000E+00  4.71898E-07  8.03516E+01
  5.9100000000E+00  5.9150000000E+00  5.81586E-07  8.35368E+01
  5.9150000000E+00  5.9200000000E+00  9.91602E-07  8.98617E+01
  5.9200000000E+00  5.9250000000E+00  1.00273E-07  1.00000E+02
  5.9250000000E+00  5.9300000000E+00  1.23578E-06  9.08061E+01
  5.9300000000E+00  5.9350000000E+00  1.14368E-07  1.00000E+02
  5.9350000000E+00  5.9400000000E+00  1.14368E-07  1.00000E+02
  5.9400000000E+00  5.9450000000E+00  1.14368E-07  1.00000E+02
  5.9450000000E+00  5.9500000000E+00  1.14368E-07  1.00000E+02
  5.9500000000E+00  5.9550000000E+00  1.14381E-07  9.99884E+01
  5.9550000000E+00  5.9600000000E+00  1.14279E-07  9.99315E+01
  5.9600000000E+00  5.9650000000E+00  1.14030E-07  1.00000E+02
  5.9650000000E+00  5.9700000000E+00  1.14030E-07  1.00000E+02
  5.9700000000E+00  5.9750000000E+00  1.14030E-07  1.00000E+02
  5.9750000000E+00  5.9800000000E+00  1.14030E-07  9.99999E+01
  5.9800000000E+00  5.9850000000E+00  1.18805E-07  1.00000E+02
  5.9850000000E+00  5.9900000000E+00  1.36226E-07  1.00000E+02
  5.9900000000E+00  5.9950000000E+00  1.36226E-07  1.00000E+02
  5.9950000000E+00  6.0000000000E+00  3.13569E-07  6.92597E+01
  6.0000000000E+00  6.0050000000E+00  1.36226E-07  1.00000E+02
  6.0050000000E+00  6.0100000000E+00  1.36379E-07  1.00000E+02
  6.0100000000E+00  6.0150000000E+00  1.36412E-07  1.00000E+02
  6.0150000000E+00  6.0200000000E+00  1.36412E-07  1.00000E+02
  6.0200000000E+00  6.0250000000E+00  1.40440E-07  1.00000E+02
  6.0250000000E+00  6.0300000000E+00  1.53334E-07  1.00000E+02
  6.0300000000E+00  6.0350000000E+00  7.28266E-07  8.04991E+01
  6.0350000000E+00  6.0400000000E+00  9.76599E-07  8.44637E+01
  6.0400000000E+00  6.0450000000E+00  1.71069E-07  1.00000E+02
  6.0450000000E+00  6.0500000000E+00  1.71069E-07  1.00000E+02
  6.0500000000E+00  6.0550000000E+00  1.79649E-07  1.00000E+02
  6.0550000000E+00  6.0600000000E+00  1.82513E-07  1.00000E+02
  6.0600000000E+00  6.0650000000E+00  2.07231E-07  1.00000E+02
  6.0650000000E+00  6.0700000000E+00  2.17960E-07  1.00000E+02
  6.0700000000E+00  6.0750000000E+00  2.39824E-07  9.99806E+01
  6.0750000000E+00  6.0800000000E+00  2.41635E-07  1.00000E+02
  6.0800000000E+00  6.0850000000E+00  2.62207E-07  1.00000E+02
  6.0850000000E+00  6.0900000000E+00  3.05226E-07  1.00000E+02
  6.0900000000E+00  6.0950000000E+00  3.39235E-07  1.00000E+02
  6.0950000000E+00  6.1000000000E+00  4.24263E-07  1.00000E+02
  6.1000000000E+00  6.1050000000E+00  5.72779E-07  9.89272E+01
  6.1050000000E+00  6.1100000000E+00  7.29695E-07  8.36397E+01
  6.1100000000E+00  6.1150000000E+00  6.39438E-07  8.01787E+01
  6.1150000000E+00  6.1200000000E+00  1.05710E-06  8.26360E+01
  6.1200000000E+00  6.1250000000E+00  4.01031E-07  6.15426E+01
  6.1250000000E+00  6.1300000000E+00  9.59821E-07  8.10115E+01
  6.1300000000E+00  6.1350000000E+00  9.77778E-07  7.53065E+01
  6.1350000000E+00  6.1400000000E+00  6.64817E-06  9.90761E+01
  6.1400000000E+00  6.1450000000E+00  2.00739E-07  7.50872E+01
  6.1450000000E+00  6.1500000000E+00  2.00739E-07  7.50872E+01
  6.1500000000E+00  6.1550000000E+00  2.02873E-07  7.52689E+01
  6.1550000000E+00  6.1600000000E+00  2.13944E-07  7.61843E+01
  6.1600000000E+00  6.1650000000E+00  2.27464E-07  7.14434E+01
  6.1650000000E+00  6.1700000000E+00  3.07350E-07  5.90512E+01
  6.1700000000E+00  6.1750000000E+00  2.66939E-07  6.46615E+01
  6.1750000000E+00  6.1800000000E+00  3.32416E-06  9.28392E+01
  6.1800000000E+00  6.1850000000E+00  2.29621E-07  7.73993E+01
  6.1850000000E+00  6.1900000000E+00  2.38397E-07  7.80379E+01
  6.1900000000E+00  6.1950000000E+00  2.47186E-07  7.86485E+01
  6.1950000000E+00  6.2000000000E+00  2.47414E-07  7.86640E+01
  6.2000000000E+00  6.2050000000E+00  2.56439E-07  7.92611E+01
  6.2050000000E+00  6.2100000000E+00  2.56439E-07  7.92611E+01
  6.2100000000E+00  6.2150000000E+00  2.73749E-07  8.03285E+01
  6.2150000000E+00  6.2200000000E+00  2.80556E-07  8.07219E+01
  6.2200000000E+00  6.2250000000E+00  2.95229E-07  8.15234E+01
  6.2250000000E+00  6.2300000000E+00  1.32948E-06  7.28329E+01
  6.2300000000E+00  6.2350000000E+00  5.97182E-07  6.18737E+01
  6.2350000000E+00  6.2400000000E+00  6.44830E-07  6.22828E+01
  6.2400000000E+00  6.2450000000E+00  7.12535E-07  6.28792E+01
  6.2450000000E+00  6.2500000000E+00  7.80766E-07  6.38092E+01
  6.2500000000E+00  6.2550000000E+00  1.49157E-06  7.45129E+01
  6.2550000000E+00  6.2600000000E+00  1.27131E-06  7.03802E+01
  6.2600000000E+00  6.2650000000E+00  4.81777E-07  8.80291E+01
  6.2650000000E+00  6.2700000000E+00  5.89158E-07  9.00734E+01
  6.2700000000E+00  6.2750000000E+00  1.98712E-06  6.68265E+01
  6.2750000000E+00  6.2800000000E+00  4.58163E-07  8.64017E+01
  6.2800000000E+00  6.2850000000E+00  4.18932E-07  8.51970E+01
  6.2850000000E+00  6.2900000000E+00  6.40165E-08  1.00000E+02
  6.2900000000E+00  6.2950000000E+00  7.09507E-07  9.08940E+01
  6.2950000000E+00  6.3000000000E+00  6.40165E-08  1.00000E+02
  6.3000000000E+00  6.3050000000E+00  6.40165E-08  1.00000E+02
  6.3050000000E+00  6.3100000000E+00  6.40165E-08  1.00000E+02
  6.3100000000E+00  6.3150000000E+00  6.40165E-08  1.00000E+02
  6.3150000000E+00  6.3200000000E+00  6.40165E-08  1.00000E+02
  6.3200000000E+00  6.3250000000E+00  6.40165E-08  1.00000E+02
  6.3250000000E+00  6.3300000000E+00  6.40165E-08  1.00000E+02
  6.3300000000E+00  6.3350000000E+00  6.40165E-08  1.00000E+02
  6.3350000000E+00  6.3400000000E+00  6.40165E-08  1.00000E+02
  6.3400000000E+00  6.3450000000E+00  6.40165E-08  1.00000E+02
  6.3450000000E+00  6.3500000000E+00  6.40165E-08  1.00000E+02
  6.3500000000E+00  6.3550000000E+00  6.40165E-08  1.00000E+02
  6.3550000000E+00  6.3600000000E+00  3.08057E-07  8.07085E+01
  6.3600000000E+00  6.3650000000E+00  2.93143E-07  7.98889E+01
  6.3650000000E+00  6.3700000000E+00  1.31035E-07  5.84220E+01
  6.3700000000E+00  6.3750000000E+00  1.64269E-07  7.04421E+01
  6.3750000000E+00  6.3800000000E+00  6.40165E-08  1.00000E+02
  6.3800000000E+00  6.3850000000E+00  6.40165E-08  9.99999E+01
  6.3850000000E+00  6.3900000000E+00  6.40165E-08  1.00000E+02
  6.3900000000E+00  6.3950000000E+00  6.40165E-08  1.00000E+02
  6.3950000000E+00  6.4000000000E+00  6.40165E-08  1.00000E+02
  6.4000000000E+00  6.4050000000E+00  6.40165E-08  1.00000E+02
  6.4050000000E+00  6.4100000000E+00  6.52736E-08  1.00000E+02
  6.4100000000E+00  6.4150000000E+00  6.76631E-08  1.00000E+02
  6.4150000000E+00  6.4200000000E+00  6.76631E-08  1.00000E+02
  6.4200000000E+00  6.4250000000E+00  6.76631E-08  1.00000E+02
  6.4250000000E+00  6.4300000000E+00  8.25424E-07  9.16863E+01
  6.4300000000E+00  6.4350000000E+00  6.76631E-08  1.00000E+02
  6.4350000000E+00  6.4400000000E+00  6.76631E-08  1.00000E+02
  6.4400000000E+00  6.4450000000E+00  6.76631E-08  1.00000E+02
  6.4450000000E+00  6.4500000000E+00  6.76631E-08  1.00000E+02
  6.4500000000E+00  6.4550000000E+00  6.76631E-08  1.00000E+02
  6.4550000000E+00  6.4600000000E+00  6.76632E-08  9.99999E+01
  6.4600000000E+00  6.4650000000E+00  6.76631E-08  1.00000E+02
  6.4650000000E+00  6.4700000000E+00  6.76691E-08  9.99906E+01
  6.4700000000E+00  6.4750000000E+00  6.76631E-08  1.00000E+02
  6.4750000000E+00  6.4800000000E+00  6.76631E-08  1.00000E+02
  6.4800000000E+00  6.4850000000E+00  6.76631E-08  1.00000E+02
  6.4850000000E+00  6.4900000000E+00  6.76631E-08  1.00000E+02
  6.4900000000E+00  6.4950000000E+00  6.76631E-08  1.00000E+02
  6.4950000000E+00  6.5000000000E+00  6.76631E-08  1.00000E+02
  6.5000000000E+00  6.5050000000E+00  6.76631E-08  1.00000E+02
  6.5050000000E+00  6.5100000000E+00  6.76631E-08  1.00000E+02
  6.5100000000E+00  6.5150000000E+00  6.76631E-08  1.00000E+02
  6.5150000000E+00  6.5200000000E+00  7.00833E-08  1.00000E+02
  6.5200000000E+00  6.5250000000E+00  7.16083E-08  1.00000E+02
  6.5250000000E+00  6.5300000000E+00  1.18085E-06  9.37748E+01
  6.5300000000E+00  6.5350000000E+00  7.16083E-08  1.00000E+02
  6.5350000000E+00  6.5400000000E+00  7.16084E-08  9.99998E+01
  6.5400000000E+00  6.5450000000E+00  7.16083E-08  1.00000E+02
  6.5450000000E+00  6.5500000000E+00  7.16083E-08  1.00000E+02
  6.5500000000E+00  6.5550000000E+00  6.17533E-07  8.84825E+01
  6.5550000000E+00  6.5600000000E+00  7.16083E-08  1.00000E+02
  6.5600000000E+00  6.5650000000E+00  7.16083E-08  1.00000E+02
  6.5650000000E+00  6.5700000000E+00  7.16083E-08  1.00000E+02
  6.5700000000E+00  6.5750000000E+00  7.16083E-08  1.00000E+02
  6.5750000000E+00  6.5800000000E+00  1.60345E-07  6.90289E+01
  6.5800000000E+00  6.5850000000E+00  7.16083E-08  1.00000E+02
  6.5850000000E+00  6.5900000000E+00  7.16083E-08  1.00000E+02
  6.5900000000E+00  6.5950000000E+00  7.16083E-08  1.00000E+02
  6.5950000000E+00  6.6000000000E+00  7.16083E-08  1.00000E+02
  6.6000000000E+00  6.6050000000E+00  7.16083E-08  1.00000E+02
  6.6050000000E+00  6.6100000000E+00  8.33650E-08  1.00000E+02
  6.6100000000E+00  6.6150000000E+00  8.45642E-08  1.00000E+02
  6.6150000000E+00  6.6200000000E+00  8.45642E-08  1.00000E+02
  6.6200000000E+00  6.6250000000E+00  8.45642E-08  1.00000E+02
  6.6250000000E+00  6.6300000000E+00  8.45642E-08  1.00000E+02
  6.6300000000E+00  6.6350000000E+00  8.45642E-08  1.00000E+02
  6.6350000000E+00  6.6400000000E+00  8.45643E-08  9.99999E+01
  6.6400000000E+00  6.6450000000E+00  8.45642E-08  1.00000E+02
  6.6450000000E+00  6.6500000000E+00  8.45642E-08  1.00000E+02
  6.6500000000E+00  6.6550000000E+00  8.45642E-08  1.00000E+02
  6.6550000000E+00  6.6600000000E+00  8.45642E-08  1.00000E+02
  6.6600000000E+00  6.6650000000E+00  8.45642E-08  1.00000E+02
  6.6650000000E+00  6.6700000000E+00  8.45642E-08  1.00000E+02
  6.6700000000E+00  6.6750000000E+00  8.45644E-08  9.99997E+01
  6.6750000000E+00  6.6800000000E+00  8.51295E-08  1.00000E+02
  6.6800000000E+00  6.6850000000E+00  8.88078E-08  1.00000E+02
  6.6850000000E+00  6.6900000000E+00  8.88078E-08  1.00000E+02
  6.6900000000E+00  6.6950000000E+00  8.88078E-08  1.00000E+02
  6.6950000000E+00  6.7000000000E+00  8.88078E-08  1.00000E+02
  6.7000000000E+00  6.7050000000E+00  8.88078E-08  1.00000E+02
  6.7050000000E+00  6.7100000000E+00  8.88078E-08  1.00000E+02
  6.7100000000E+00  6.7150000000E+00  8.88078E-08  1.00000E+02
  6.7150000000E+00  6.7200000000E+00  9.20070E-07  9.02955E+01
  6.7200000000E+00  6.7250000000E+00  8.88079E-08  1.00000E+02
  6.7250000000E+00  6.7300000000E+00  8.88078E-08  1.00000E+02
  6.7300000000E+00  6.7350000000E+00  8.88078E-08  1.00000E+02
  6.7350000000E+00  6.7400000000E+00  8.95034E-08  1.00000E+02
  6.7400000000E+00  6.7450000000E+00  1.00525E-07  1.00000E+02
  6.7450000000E+00  6.7500000000E+00  1.00525E-07  1.00000E+02
  6.7500000000E+00  6.7550000000E+00  2.01178E-06  9.48405E+01
  6.7550000000E+00  6.7600000000E+00  1.00525E-07  1.00000E+02
  6.7600000000E+00  6.7650000000E+00  1.12275E-06  9.09600E+01
  6.7650000000E+00  6.7700000000E+00  1.00525E-07  1.00000E+02
  6.7700000000E+00  6.7750000000E+00  1.00525E-07  1.00000E+02
  6.7750000000E+00  6.7800000000E+00  1.00525E-07  9.99998E+01
  6.7800000000E+00  6.7850000000E+00  1.00525E-07  1.00000E+02
  6.7850000000E+00  6.7900000000E+00  1.01024E-07  1.00000E+02
  6.7900000000E+00  6.7950000000E+00  1.04422E-07  1.00000E+02
  6.7950000000E+00  6.8000000000E+00  1.04422E-07  1.00000E+02
  6.8000000000E+00  6.8050000000E+00  1.04422E-07  1.00000E+02
  6.8050000000E+00  6.8100000000E+00  1.34029E-06  9.20798E+01
  6.8100000000E+00  6.8150000000E+00  1.04437E-07  9.99848E+01
  6.8150000000E+00  6.8200000000E+00  1.04422E-07  1.00000E+02
  6.8200000000E+00  6.8250000000E+00  1.04422E-07  1.00000E+02
  6.8250000000E+00  6.8300000000E+00  1.04422E-07  1.00000E+02
  6.8300000000E+00  6.8350000000E+00  1.18394E-07  1.00000E+02
  6.8350000000E+00  6.8400000000E+00  5.24886E-07  7.93342E+01
  6.8400000000E+00  6.8450000000E+00  6.94343E-07  8.36575E+01
  6.8450000000E+00  6.8500000000E+00  5.46516E-07  7.99964E+01
  6.8500000000E+00  6.8550000000E+00  1.18706E-07  1.00000E+02
  6.8550000000E+00  6.8600000000E+00  1.55489E-07  7.85845E+01
  6.8600000000E+00  6.8650000000E+00  1.21551E-07  1.00000E+02
  6.8650000000E+00  6.8700000000E+00  1.29954E-07  1.00000E+02
  6.8700000000E+00  6.8750000000E+00  1.29954E-07  1.00000E+02
  6.8750000000E+00  6.8800000000E+00  1.29954E-07  1.00000E+02
  6.8800000000E+00  6.8850000000E+00  1.29954E-07  1.00000E+02
  6.8850000000E+00  6.8900000000E+00  1.29954E-07  1.00000E+02
  6.8900000000E+00  6.8950000000E+00  1.38413E-07  1.00000E+02
  6.8950000000E+00  6.9000000000E+00  1.41337E-07  1.00000E+02
  6.9000000000E+00  6.9050000000E+00  1.56643E-07  9.01831E+01
  6.9050000000E+00  6.9100000000E+00  1.41337E-07  1.00000E+02
  6.9100000000E+00  6.9150000000E+00  1.43197E-07  1.00000E+02
  6.9150000000E+00  6.9200000000E+00  1.52062E-07  1.00000E+02
  6.9200000000E+00  6.9250000000E+00  1.52062E-07  1.00000E+02
  6.9250000000E+00  6.9300000000E+00  1.52062E-07  1.00000E+02
  6.9300000000E+00  6.9350000000E+00  1.57231E-07  1.00000E+02
  6.9350000000E+00  6.9400000000E+00  1.63376E-07  1.00000E+02
  6.9400000000E+00  6.9450000000E+00  1.63376E-07  1.00000E+02
  6.9450000000E+00  6.9500000000E+00  1.73140E-07  1.00000E+02
  6.9500000000E+00  6.9550000000E+00  1.86293E-07  1.00000E+02
  6.9550000000E+00  6.9600000000E+00  1.86293E-07  1.00000E+02
  6.9600000000E+00  6.9650000000E+00  1.95005E-07  1.00000E+02
  6.9650000000E+00  6.9700000000E+00  1.95805E-07  1.00000E+02
  6.9700000000E+00  6.9750000000E+00  2.14986E-07  9.99989E+01
  6.9750000000E+00  6.9800000000E+00  2.20963E-07  1.00000E+02
  6.9800000000E+00  6.9850000000E+00  2.36788E-07  1.00000E+02
  6.9850000000E+00  6.9900000000E+00  2.66073E-07  1.00000E+02
  6.9900000000E+00  6.9950000000E+00  2.82339E-07  1.00000E+02
  6.9950000000E+00  7.0000000000E+00  1.20769E-06  7.75989E+01
  7.0000000000E+00  7.0000000000E+00  1.20769E-06  7.75989E+01