# Detector n: 1D Projection
  1.0000000000E+00  1.0050000000E+00  1.05695E-02  3.09850E-01
  1.0050000000E+00  1.0100000000E+00  1.05285E-02  3.01610E-01
  1.0100000000E+00  1.0150000000E+00  1.05555E-02  3.68060E-01
  1.0150000000E+00  1.0200000000E+00  1.05642E-02  3.46764E-01
  1.0200000000E+00  1.0250000000E+00  1.06447E-02  4.40418E-01
  1.0250000000E+00  1.0300000000E+00  1.05642E-02  3.17884E-01
  1.0300000000E+00  1.0350000000E+00  1.05893E-02  3.69154E-01
  1.0350000000E+00  1.0400000000E+00  1.05270E-02  3.15622E-01
  1.0400000000E+00  1.0450000000E+00  1.05536E-02  2.82447E-01
  1.0450000000E+00  1.0500000000E+00  1.05238E-02  2.85371E-01
  1.0500000000E+00  1.0550000000E+00  1.04838E-02  2.23420E-01
  1.0550000000E+00  1.0600000000E+00  1.05607E-02  3.41887E-01
  1.0600000000E+00  1.0650000000E+00  1.05685E-02  3.97124E-01
  1.0650000000E+00  1.0700000000E+00  1.05831E-02  3.74127E-01
  1.0700000000E+00  1.0750000000E+00  1.06049E-02  2.82051E-01
  1.0750000000E+00  1.0800000000E+00  1.07198E-02  5.77254E-01
  1.0800000000E+00  1.0850000000E+00  1.06948E-02  2.74123E-01
  1.0850000000E+00  1.0900000000E+00  1.07147E-02  2.87555E-01
  1.0900000000E+00  1.0950000000E+00  1.06903E-02  3.51812E-01
  1.0950000000E+00  1.1000000000E+00  1.06648E-02  2.70456E-01
  1.1000000000E+00  1.1050000000E+00  1.06797E-02  3.80453E-01
  1.1050000000E+00  1.1100000000E+00  1.06465E-02  2.70392E-01
  1.1100000000E+00  1.1150000000E+00  1.06966E-02  2.67078E-01
  1.1150000000E+00  1.1200000000E+00  1.06774E-02  3.05054E-01
  1.1200000000E+00  1.1250000000E+00  1.06596E-02  1.68095E-01
  1.1250000000E+00  1.1300000000E+00  1.07096E-02  2.83634E-01
  1.1300000000E+00  1.1350000000E+00  1.06919E-02  2.15800E-01
  1.1350000000E+00  1.1400000000E+00  1.06696E-02  1.69461E-01
  1.1400000000E+00  1.1450000000E+00  1.07257E-02  2.78394E-01
  1.1450000000E+00  1.1500000000E+00  1.07354E-02  3.50917E-01
  1.1500000000E+00  1.1550000000E+00  1.06749E-02  3.27847E-01
  1.1550000000E+00  1.1600000000E+00  1.06695E-02  2.43944E-01
  1.1600000000E+00  1.1650000000E+00  1.06729E-02  3.36710E-01
  1.1650000000E+00  1.1700000000E+00  1.06494E-02  2.24433E-01
  1.1700000000E+00  1.1750000000E+00  1.07066E-02  4.65704E-01
  1.1750000000E+00  1.1800000000E+00  1.07148E-02  3.54564E-01
  1.1800000000E+00  1.1850000000E+00  1.06829E-02  2.88472E-01
  1.1850000000E+00  1.1900000000E+00  1.06693E-02  2.28770E-01
  1.1900000000E+00  1.1950000000E+00  1.07027E-02  3.16130E-01
  1.1950000000E+00  1.2000000000E+00  1.07221E-02  4.16031E-01
  1.2000000000E+00  1.2050000000E+00  1.06908E-02  3.12733E-01
  1.2050000000E+00  1.2100000000E+00  1.06827E-02  1.91064E-01
  1.2100000000E+00  1.2150000000E+00  1.07215E-02  2.27829E-01
  1.2150000000E+00  1.2200000000E+00  1.08230E-02  2.05241E-01
  1.2200000000E+00  1.2250000000E+00  1.08597E-02  3.04215E-01
  1.2250000000E+00  1.2300000000E+00  1.09017E-02  4.08053E-01
  1.2300000000E+00  1.2350000000E+00  1.09072E-02  3.98442E-01
  1.2350000000E+00  1.2400000000E+00  1.08349E-02  2.91005E-01
  1.2400000000E+00  1.2450000000E+00  1.08643E-02  2.59387E-01
  1.2450000000E+00  1.2500000000E+00  1.08577E-02  2.18201E-01
  1.2500000000E+00  1.2550000000E+00  1.08716E-02  2.08801E-01
  1.2550000000E+00  1.2600000000E+00  1.09009E-02  2.29770E-01
  1.2600000000E+00  1.2650000000E+00  1.09137E-02  2.87468E-01
  1.2650000000E+00  1.2700000000E+00  1.09390E-02  3.72816E-01
  1.2700000000E+00  1.2750000000E+00  1.09415E-02  3.08833E-01
  1.2750000000E+00  1.2800000000E+00  1.09696E-02  2.70257E-01
  1.2800000000E+00  1.2850000000E+00  1.09347E-02  3.46705E-01
  1.2850000000E+00  1.2900000000E+00  1.09757E-02  3.02785E-01
  1.2900000000E+00  1.2950000000E+00  1.09771E-02  3.07228E-01
  1.2950000000E+00  1.3000000000E+00  1.09912E-02  3.41947E-01
  1.3000000000E+00  1.3050000000E+00  1.09688E-02  3.53196E-01
  1.3050000000E+00  1.3100000000E+00  1.09896E-02  3.60081E-01
  1.3100000000E+00  1.3150000000E+00  1.09118E-02  2.35821E-01
  1.3150000000E+00  1.3200000000E+00  1.09344E-02  3.49511E-01
  1.3200000000E+00  1.3250000000E+00  1.09596E-02  2.42678E-01
  1.3250000000E+00  1.3300000000E+00  1.09061E-02  1.77095E-01
  1.3300000000E+00  1.3350000000E+00  1.09828E-02  2.92593E-01
  1.3350000000E+00  1.3400000000E+00  1.09684E-02  3.27417E-01
  1.3400000000E+00  1.3450000000E+00  1.09920E-02  3.43348E-01
  1.3450000000E+00  1.3500000000E+00  1.09662E-02  2.86016E-01
  1.3500000000E+00  1.3550000000E+00  1.09805E-02  3.19609E-01
  1.3550000000E+00  1.3600000000E+00  1.09770E-02  2.95573E-01
  1.3600000000E+00  1.3650000000E+00  1.10595E-02  3.43524E-01
  1.3650000000E+00  1.3700000000E+00  1.10228E-02  2.90869E-01
  1.3700000000E+00  1.3750000000E+00  1.09614E-02  2.63753E-01
  1.3750000000E+00  1.3800000000E+00  1.09782E-02  3.51556E-01
  1.3800000000E+00  1.3850000000E+00  1.09489E-02  2.53367E-01
  1.3850000000E+00  1.3900000000E+00  1.09783E-02  3.19948E-01
  1.3900000000E+00  1.3950000000E+00  1.10256E-02  2.56785E-01
  1.3950000000E+00  1.4000000000E+00  1.10300E-02  3.68849E-01
  1.4000000000E+00  1.4050000000E+00  1.10096E-02  3.10891E-01
  1.4050000000E+00  1.4100000000E+00  1.10165E-02  2.93646E-01
  1.4100000000E+00  1.4150000000E+00  1.09980E-02  2.93669E-01
  1.4150000000E+00  1.4200000000E+00  1.10284E-02  2.44683E-01
  1.4200000000E+00  1.4250000000E+00  1.10265E-02  3.12679E-01
  1.4250000000E+00  1.4300000000E+00  1.10288E-02  3.56644E-01
  1.4300000000E+00  1.4350000000E+00  1.10424E-02  3.15287E-01
  1.4350000000E+00  1.4400000000E+00  1.10681E-02  3.32389E-01
  1.4400000000E+00  1.4450000000E+00  1.10738E-02  3.25203E-01
  1.4450000000E+00  1.4500000000E+00  1.10436E-02  2.64768E-01
  1.4500000000E+00  1.4550000000E+00  1.10423E-02  1.88834E-01
  1.4550000000E+00  1.4600000000E+00  1.10652E-02  2.38989E-01
  1.4600000000E+00  1.4650000000E+00  1.11146E-02  3.48363E-01
  1.4650000000E+00  1.4700000000E+00  1.10864E-02  2.48673E-01
  1.4700000000E+00  1.4750000000E+00  1.11048E-02  2.78801E-01
  1.4750000000E+00  1.4800000000E+00  1.10992E-02  2.94122E-01
  1.4800000000E+00  1.4850000000E+00  1.10834E-02  3.03749E-01
  1.4850000000E+00  1.4900000000E+00  1.11339E-02  2.63899E-01
  1.4900000000E+00  1.4950000000E+00  1.11768E-02  2.78485E-01
  1.4950000000E+00  1.5000000000E+00  1.12207E-02  4.01238E-01
  1.5000000000E+00  1.5050000000E+00  1.12047E-02  2.37047E-01
  1.5050000000E+00  1.5100000000E+00  1.13123E-02  4.09152E-01
  1.5100000000E+00  1.5150000000E+00  1.12354E-02  2.72121E-01
  1.5150000000E+00  1.5200000000E+00  1.12097E-02  2.83597E-01
  1.5200000000E+00  1.5250000000E+00  1.12281E-02  2.38753E-01
  1.5250000000E+00  1.5300000000E+00  1.12381E-02  2.61154E-01
  1.5300000000E+00  1.5350000000E+00  1.12938E-02  3.81777E-01
  1.5350000000E+00  1.5400000000E+00  1.13090E-02  2.68952E-01
  1.5400000000E+00  1.5450000000E+00  1.12944E-02  2.27228E-01
  1.5450000000E+00  1.5500000000E+00  1.12399E-02  2.41121E-01
  1.5500000000E+00  1.5550000000E+00  1.12794E-02  2.46715E-01
  1.5550000000E+00  1.5600000000E+00  1.12977E-02  2.55625E-01
  1.5600000000E+00  1.5650000000E+00  1.13708E-02  3.39313E-01
  1.5650000000E+00  1.5700000000E+00  1.13072E-02  2.59078E-01
  1.5700000000E+00  1.5750000000E+00  1.13088E-02  2.46893E-01
  1.5750000000E+00  1.5800000000E+00  1.13218E-02  2.13414E-01
  1.5800000000E+00  1.5850000000E+00  1.13024E-02  2.76738E-01
  1.5850000000E+00  1.5900000000E+00  1.12491E-02  2.40750E-01
  1.5900000000E+00  1.5950000000E+00  1.13134E-02  1.87531E-01
  1.5950000000E+00  1.6000000000E+00  1.13380E-02  2.05339E-01
  1.6000000000E+00  1.6050000000E+00  1.13712E-02  3.19995E-01
  1.6050000000E+00  1.6100000000E+00  1.13319E-02  2.83887E-01
  1.6100000000E+00  1.6150000000E+00  1.13266E-02  2.56662E-01
  1.6150000000E+00  1.6200000000E+00  1.13136E-02  1.37689E-01
  1.6200000000E+00  1.6250000000E+00  1.13395E-02  2.81348E-01
  1.6250000000E+00  1.6300000000E+00  1.13306E-02  2.63641E-01
  1.6300000000E+00  1.6350000000E+00  1.13250E-02  1.68777E-01
  1.6350000000E+00  1.6400000000E+00  1.13757E-02  2.83503E-01
  1.6400000000E+00  1.6450000000E+00  1.13992E-02  2.78963E-01
  1.6450000000E+00  1.6500000000E+00  1.13574E-02  3.18066E-01
  1.6500000000E+00  1.6550000000E+00  1.13773E-02  2.43343E-01
  1.6550000000E+00  1.6600000000E+00  1.13547E-02  2.37537E-01
  1.6600000000E+00  1.6650000000E+00  1.13500E-02  2.86316E-01
  1.6650000000E+00  1.6700000000E+00  1.13874E-02  2.95390E-01
  1.6700000000E+00  1.6750000000E+00  1.13790E-02  2.99057E-01
  1.6750000000E+00  1.6800000000E+00  1.14230E-02  3.22156E-01
  1.6800000000E+00  1.6850000000E+00  1.13758E-02  1.86231E-01
  1.6850000000E+00  1.6900000000E+00  1.14129E-02  2.53126E-01
  1.6900000000E+00  1.6950000000E+00  1.13858E-02  2.30233E-01
  1.6950000000E+00  1.7000000000E+00  1.14785E-02  3.58540E-01
  1.7000000000E+00  1.7050000000E+00  1.14600E-02  2.48949E-01
  1.7050000000E+00  1.7100000000E+00  1.14735E-02  3.22479E-01
  1.7100000000E+00  1.7150000000E+00  1.14666E-02  3.08722E-01
  1.7150000000E+00  1.7200000000E+00  1.14787E-02  2.70173E-01
  1.7200000000E+00  1.7250000000E+00  1.14839E-02  2.52898E-01
  1.7250000000E+00  1.7300000000E+00  1.15273E-02  3.25855E-01
  1.7300000000E+00  1.7350000000E+00  1.15244E-02  3.18953E-01
  1.7350000000E+00  1.7400000000E+00  1.15046E-02  2.98606E-01
  1.7400000000E+00  1.7450000000E+00  1.15492E-02  2.68905E-01
  1.7450000000E+00  1.7500000000E+00  1.15306E-02  3.55068E-01
  1.7500000000E+00  1.7550000000E+00  1.14545E-02  1.83186E-01
  1.7550000000E+00  1.7600000000E+00  1.15025E-02  2.48163E-01
  1.7600000000E+00  1.7650000000E+00  1.14878E-02  2.93541E-01
  1.7650000000E+00  1.7700000000E+00  1.15342E-02  2.62543E-01
  1.7700000000E+00  1.7750000000E+00  1.15187E-02  3.05138E-01
  1.7750000000E+00  1.7800000000E+00  1.15150E-02  2.48024E-01
  1.7800000000E+00  1.7850000000E+00  1.15622E-02  2.27259E-01
  1.7850000000E+00  1.7900000000E+00  1.15143E-02  2.91763E-01
  1.7900000000E+00  1.7950000000E+00  1.15901E-02  3.22407E-01
  1.7950000000E+00  1.8000000000E+00  1.15779E-02  3.08073E-01
  1.8000000000E+00  1.8050000000E+00  1.15395E-02  2.62257E-01
  1.8050000000E+00  1.8100000000E+00  1.15692E-02  3.04888E-01
  1.8100000000E+00  1.8150000000E+00  1.15903E-02  2.48674E-01
  1.8150000000E+00  1.8200000000E+00  1.15752E-02  2.86332E-01
  1.8200000000E+00  1.8250000000E+00  1.16159E-02  2.72898E-01
  1.8250000000E+00  1.8300000000E+00  1.15508E-02  2.40634E-01
  1.8300000000E+00  1.8350000000E+00  1.15750E-02  2.69141E-01
  1.8350000000E+00  1.8400000000E+00  1.15536E-02  2.24026E-01
  1.8400000000E+00  1.8450000000E+00  1.15809E-02  2.30074E-01
  1.8450000000E+00  1.8500000000E+00  1.16198E-02  3.36997E-01
  1.8500000000E+00  1.8550000000E+00  1.16301E-02  1.97036E-01
  1.8550000000E+00  1.8600000000E+00  1.16612E-02  2.88717E-01
  1.8600000000E+00  1.8650000000E+00  1.16640E-02  2.59306E-01
  1.8650000000E+00  1.8700000000E+00  1.16509E-02  2.02749E-01
  1.8700000000E+00  1.8750000000E+00  1.16359E-02  2.83899E-01
  1.8750000000E+00  1.8800000000E+00  1.16228E-02  1.71811E-01
  1.8800000000E+00  1.8850000000E+00  1.16790E-02  2.36579E-01
  1.8850000000E+00  1.8900000000E+00  1.17321E-02  3.25680E-01
  1.8900000000E+00  1.8950000000E+00  1.17425E-02  3.27249E-01
  1.8950000000E+00  1.9000000000E+00  1.17875E-02  3.09616E-01
  1.9000000000E+00  1.9050000000E+00  1.17332E-02  3.04156E-01
  1.9050000000E+00  1.9100000000E+00  1.17411E-02  2.73365E-01
  1.9100000000E+00  1.9150000000E+00  1.17574E-02  2.32284E-01
  1.9150000000E+00  1.9200000000E+00  1.17604E-02  2.60610E-01
  1.9200000000E+00  1.9250000000E+00  1.17424E-02  2.49320E-01
  1.9250000000E+00  1.9300000000E+00  1.17762E-02  3.05733E-01
  1.9300000000E+00  1.9350000000E+00  1.17845E-02  3.17692E-01
  1.9350000000E+00  1.9400000000E+00  1.17982E-02  2.64297E-01
  1.9400000000E+00  1.9450000000E+00  1.17830E-02  3.27196E-01
  1.9450000000E+00  1.9500000000E+00  1.17774E-02  2.30656E-01
  1.9500000000E+00  1.9550000000E+00  1.17756E-02  1.86850E-01
  1.9550000000E+00  1.9600000000E+00  1.17915E-02  2.89333E-01
  1.9600000000E+00  1.9650000000E+00  1.17770E-02  2.02609E-01
  1.9650000000E+00  1.9700000000E+00  1.17775E-02  1.82954E-01
  1.9700000000E+00  1.9750000000E+00  1.18243E-02  3.28102E-01
  1.9750000000E+00  1.9800000000E+00  1.18228E-02  2.43922E-01
  1.9800000000E+00  1.9850000000E+00  1.18077E-02  2.01503E-01
  1.9850000000E+00  1.9900000000E+00  1.18554E-02  2.21588E-01
  1.9900000000E+00  1.9950000000E+00  1.18523E-02  2.36656E-01
  1.9950000000E+00  2.0000000000E+00  1.18999E-02  4.07089E-01
  2.0000000000E+00  2.0050000000E+00  1.18915E-02  3.17719E-01
  2.0050000000E+00  2.0100000000E+00  1.19332E-02  2.77363E-01
  2.0100000000E+00  2.0150000000E+00  1.19293E-02  2.85080E-01
  2.0150000000E+00  2.0200000000E+00  1.19495E-02  2.64383E-01
  2.0200000000E+00  2.0250000000E+00  1.19479E-02  2.26178E-01
  2.0250000000E+00  2.0300000000E+00  1.19581E-02  2.19647E-01
  2.0300000000E+00  2.0350000000E+00  1.19392E-02  2.41989E-01
  2.0350000000E+00  2.0400000000E+00  1.19802E-02  2.34296E-01
  2.0400000000E+00  2.0450000000E+00  1.19809E-02  2.41331E-01
  2.0450000000E+00  2.0500000000E+00  1.20468E-02  3.33760E-01
  2.0500000000E+00  2.0550000000E+00  1.20087E-02  2.54309E-01
  2.0550000000E+00  2.0600000000E+00  1.20486E-02  2.53161E-01
  2.0600000000E+00  2.0650000000E+00  1.20689E-02  2.03414E-01
  2.0650000000E+00  2.0700000000E+00  1.20674E-02  3.24883E-01
  2.0700000000E+00  2.0750000000E+00  1.20558E-02  3.45330E-01
  2.0750000000E+00  2.0800000000E+00  1.20735E-02  2.19170E-01
  2.0800000000E+00  2.0850000000E+00  1.20505E-02  2.48800E-01
  2.0850000000E+00  2.0900000000E+00  1.20646E-02  2.27279E-01
  2.0900000000E+00  2.0950000000E+00  1.20454E-02  1.97162E-01
  2.0950000000E+00  2.1000000000E+00  1.20283E-02  2.04501E-01
  2.1000000000E+00  2.1050000000E+00  1.21272E-02  2.91535E-01
  2.1050000000E+00  2.1100000000E+00  1.21083E-02  2.74677E-01
  2.1100000000E+00  2.1150000000E+00  1.20766E-02  1.42621E-01
  2.1150000000E+00  2.1200000000E+00  1.21656E-02  3.09135E-01
  2.1200000000E+00  2.1250000000E+00  1.21419E-02  2.47112E-01
  2.1250000000E+00  2.1300000000E+00  1.21635E-02  2.15212E-01
  2.1300000000E+00  2.1350000000E+00  1.21333E-02  2.83778E-01
  2.1350000000E+00  2.1400000000E+00  1.21656E-02  2.57214E-01
  2.1400000000E+00  2.1450000000E+00  1.21470E-02  1.81006E-01
  2.1450000000E+00  2.1500000000E+00  1.21810E-02  2.26905E-01
  2.1500000000E+00  2.1550000000E+00  1.21656E-02  2.00635E-01
  2.1550000000E+00  2.1600000000E+00  1.22289E-02  2.26713E-01
  2.1600000000E+00  2.1650000000E+00  1.22172E-02  2.37559E-01
  2.1650000000E+00  2.1700000000E+00  1.22219E-02  2.91150E-01
  2.1700000000E+00  2.1750000000E+00  1.22186E-02  1.97175E-01
  2.1750000000E+00  2.1800000000E+00  1.22354E-02  2.48721E-01
  2.1800000000E+00  2.1850000000E+00  1.22284E-02  2.71435E-01
  2.1850000000E+00  2.1900000000E+00  1.22239E-02  1.98865E-01
  2.1900000000E+00  2.1950000000E+00  1.22600E-02  2.56684E-01
  2.1950000000E+00  2.2000000000E+00  1.22373E-02  3.18953E-01
  2.2000000000E+00  2.2050000000E+00  1.22886E-02  1.98395E-01
  2.2050000000E+00  2.2100000000E+00  1.22886E-02  2.20793E-01
  2.2100000000E+00  2.2150000000E+00  1.22953E-02  2.06896E-01
  2.2150000000E+00  2.2200000000E+00  1.23187E-02  3.26373E-01
  2.2200000000E+00  2.2250000000E+00  1.22577E-02  1.51188E-01
  2.2250000000E+00  2.2300000000E+00  1.22494E-02  1.98548E-01
  2.2300000000E+00  2.2350000000E+00  1.23555E-02  2.23318E-01
  2.2350000000E+00  2.2400000000E+00  1.23524E-02  3.03027E-01
  2.2400000000E+00  2.2450000000E+00  1.23788E-02  2.59806E-01
  2.2450000000E+00  2.2500000000E+00  1.23629E-02  2.72298E-01
  2.2500000000E+00  2.2550000000E+00  1.24048E-02  2.37320E-01
  2.2550000000E+00  2.2600000000E+00  1.24394E-02  3.30721E-01
  2.2600000000E+00  2.2650000000E+00  1.23857E-02  3.26110E-01
  2.2650000000E+00  2.2700000000E+00  1.24577E-02  3.44132E-01
  2.2700000000E+00  2.2750000000E+00  1.24073E-02  3.47935E-01
  2.2750000000E+00  2.2800000000E+00  1.24279E-02  2.49650E-01
  2.2800000000E+00  2.2850000000E+00  1.24569E-02  2.82228E-01
  2.2850000000E+00  2.2900000000E+00  1.24318E-02  2.09601E-01
  2.2900000000E+00  2.2950000000E+00  1.24259E-02  2.63326E-01
  2.2950000000E+00  2.3000000000E+00  1.24650E-02  2.29428E-01
  2.3000000000E+00  2.3050000000E+00  1.24368E-02  2.92008E-01
  2.3050000000E+00  2.3100000000E+00  1.24967E-02  2.77894E-01
  2.3100000000E+00  2.3150000000E+00  1.24551E-02  2.46799E-01
  2.3150000000E+00  2.3200000000E+00  1.24583E-02  2.34782E-01
  2.3200000000E+00  2.3250000000E+00  1.24997E-02  2.61616E-01
  2.3250000000E+00  2.3300000000E+00  1.25341E-02  2.44850E-01
  2.3300000000E+00  2.3350000000E+00  1.25464E-02  2.48563E-01
  2.3350000000E+00  2.3400000000E+00  1.25649E-02  2.03483E-01
  2.3400000000E+00  2.3450000000E+00  1.25155E-02  2.14427E-01
  2.3450000000E+00  2.3500000000E+00  1.26198E-02  2.78359E-01
  2.3500000000E+00  2.3550000000E+00  1.25393E-02  2.02358E-01
  2.3550000000E+00  2.3600000000E+00  1.25652E-02  3.23440E-01
  2.3600000000E+00  2.3650000000E+00  1.25999E-02  3.45945E-01
  2.3650000000E+00  2.3700000000E+00  1.26269E-02  2.93229E-01
  2.3700000000E+00  2.3750000000E+00  1.26091E-02  2.47976E-01
  2.3750000000E+00  2.3800000000E+00  1.26027E-02  2.49384E-01
  2.3800000000E+00  2.3850000000E+00  1.26004E-02  1.69207E-01
  2.3850000000E+00  2.3900000000E+00  1.26161E-02  1.61347E-01
  2.3900000000E+00  2.3950000000E+00  1.26499E-02  2.11445E-01
  2.3950000000E+00  2.4000000000E+00  1.26747E-02  2.98964E-01
  2.4000000000E+00  2.4050000000E+00  1.26542E-02  1.76275E-01
  2.4050000000E+00  2.4100000000E+00  1.26955E-02  3.18840E-01
  2.4100000000E+00  2.4150000000E+00  1.26694E-02  2.07898E-01
  2.4150000000E+00  2.4200000000E+00  1.26937E-02  1.87182E-01
  2.4200000000E+00  2.4250000000E+00  1.27173E-02  2.00790E-01
  2.4250000000E+00  2.4300000000E+00  1.28187E-02  3.08773E-01
  2.4300000000E+00  2.4350000000E+00  1.27578E-02  2.23652E-01
  2.4350000000E+00  2.4400000000E+00  1.27342E-02  1.80673E-01
  2.4400000000E+00  2.4450000000E+00  1.27732E-02  2.14829E-01
  2.4450000000E+00  2.4500000000E+00  1.27449E-02  1.47979E-01
  2.4500000000E+00  2.4550000000E+00  1.28062E-02  2.13362E-01
  2.4550000000E+00  2.4600000000E+00  1.27814E-02  1.61210E-01
  2.4600000000E+00  2.4650000000E+00  1.28335E-02  2.32827E-01
  2.4650000000E+00  2.4700000000E+00  1.28379E-02  1.90487E-01
  2.4700000000E+00  2.4750000000E+00  1.28591E-02  2.27374E-01
  2.4750000000E+00  2.4800000000E+00  1.28646E-02  2.62887E-01
  2.4800000000E+00  2.4850000000E+00  1.29175E-02  3.36285E-01
  2.4850000000E+00  2.4900000000E+00  1.29479E-02  2.48436E-01
  2.4900000000E+00  2.4950000000E+00  1.29715E-02  2.93337E-01
  2.4950000000E+00  2.5000000000E+00  1.29848E-02  2.25413E-01
  2.5000000000E+00  2.5050000000E+00  1.29144E-02  1.68118E-01
  2.5050000000E+00  2.5100000000E+00  1.29897E-02  2.71273E-01
  2.5100000000E+00  2.5150000000E+00  1.30122E-02  2.99487E-01
  2.5150000000E+00  2.5200000000E+00  1.29157E-02  2.23301E-01
  2.5200000000E+00  2.5250000000E+00  1.29596E-02  2.18460E-01
  2.5250000000E+00  2.5300000000E+00  1.30150E-02  2.34852E-01
  2.5300000000E+00  2.5350000000E+00  1.29975E-02  2.95486E-01
  2.5350000000E+00  2.5400000000E+00  1.30271E-02  2.35403E-01
  2.5400000000E+00  2.5450000000E+00  1.30599E-02  2.36999E-01
  2.5450000000E+00  2.5500000000E+00  1.30253E-02  1.76492E-01
  2.5500000000E+00  2.5550000000E+00  1.30025E-02  1.54106E-01
  2.5550000000E+00  2.5600000000E+00  1.30687E-02  2.09989E-01
  2.5600000000E+00  2.5650000000E+00  1.30604E-02  2.26334E-01
  2.5650000000E+00  2.5700000000E+00  1.31023E-02  1.65189E-01
  2.5700000000E+00  2.5750000000E+00  1.30660E-02  1.20497E-01
  2.5750000000E+00  2.5800000000E+00  1.31038E-02  2.38437E-01
  2.5800000000E+00  2.5850000000E+00  1.31105E-02  1.92373E-01
  2.5850000000E+00  2.5900000000E+00  1.31450E-02  2.56668E-01
  2.5900000000E+00  2.5950000000E+00  1.31471E-02  2.17381E-01
  2.5950000000E+00  2.6000000000E+00  1.31374E-02  2.37550E-01
  2.6000000000E+00  2.6050000000E+00  1.31826E-02  2.80713E-01
  2.6050000000E+00  2.6100000000E+00  1.31557E-02  2.45114E-01
  2.6100000000E+00  2.6150000000E+00  1.31964E-02  3.35619E-01
  2.6150000000E+00  2.6200000000E+00  1.31418E-02  2.74576E-01
  2.6200000000E+00  2.6250000000E+00  1.31777E-02  2.55747E-01
  2.6250000000E+00  2.6300000000E+00  1.31761E-02  1.48783E-01
  2.6300000000E+00  2.6350000000E+00  1.32748E-02  2.51373E-01
  2.6350000000E+00  2.6400000000E+00  1.32557E-02  3.23984E-01
  2.6400000000E+00  2.6450000000E+00  1.32290E-02  2.69866E-01
  2.6450000000E+00  2.6500000000E+00  1.32511E-02  1.68227E-01
  2.6500000000E+00  2.6550000000E+00  1.33135E-02  2.36567E-01
  2.6550000000E+00  2.6600000000E+00  1.33346E-02  2.83807E-01
  2.6600000000E+00  2.6650000000E+00  1.32921E-02  2.36042E-01
  2.6650000000E+00  2.6700000000E+00  1.32931E-02  2.27893E-01
  2.6700000000E+00  2.6750000000E+00  1.32938E-02  2.00945E-01
  2.6750000000E+00  2.6800000000E+00  1.33252E-02  2.23772E-01
  2.6800000000E+00  2.6850000000E+00  1.33593E-02  2.19738E-01
  2.6850000000E+00  2.6900000000E+00  1.33859E-02  2.38141E-01
  2.6900000000E+00  2.6950000000E+00  1.34990E-02  3.20937E-01
  2.6950000000E+00  2.7000000000E+00  1.34021E-02  1.75388E-01
  2.7000000000E+00  2.7050000000E+00  1.34034E-02  2.48181E-01
  2.7050000000E+00  2.7100000000E+00  1.34899E-02  2.92965E-01
  2.7100000000E+00  2.7150000000E+00  1.34421E-02  2.10892E-01
  2.7150000000E+00  2.7200000000E+00  1.34993E-02  2.32018E-01
  2.7200000000E+00  2.7250000000E+00  1.34813E-02  1.90695E-01
  2.7250000000E+00  2.7300000000E+00  1.34997E-02  2.01806E-01
  2.7300000000E+00  2.7350000000E+00  1.34871E-02  2.08525E-01
  2.7350000000E+00  2.7400000000E+00  1.35414E-02  2.46726E-01
  2.7400000000E+00  2.7450000000E+00  1.34995E-02  2.03207E-01
  2.7450000000E+00  2.7500000000E+00  1.35449E-02  2.21838E-01
  2.7500000000E+00  2.7550000000E+00  1.35470E-02  2.42052E-01
  2.7550000000E+00  2.7600000000E+00  1.35852E-02  2.91911E-01
  2.7600000000E+00  2.7650000000E+00  1.35597E-02  2.13606E-01
  2.7650000000E+00  2.7700000000E+00  1.36444E-02  2.19345E-01
  2.7700000000E+00  2.7750000000E+00  1.36306E-02  1.64622E-01
  2.7750000000E+00  2.7800000000E+00  1.36341E-02  2.10502E-01
  2.7800000000E+00  2.7850000000E+00  1.36043E-02  2.01130E-01
  2.7850000000E+00  2.7900000000E+00  1.36541E-02  2.16410E-01
  2.7900000000E+00  2.7950000000E+00  1.36575E-02  1.58825E-01
  2.7950000000E+00  2.8000000000E+00  1.37522E-02  2.10130E-01
  2.8000000000E+00  2.8050000000E+00  1.36986E-02  1.63281E-01
  2.8050000000E+00  2.8100000000E+00  1.37283E-02  1.84652E-01
  2.8100000000E+00  2.8150000000E+00  1.37855E-02  1.92589E-01
  2.8150000000E+00  2.8200000000E+00  1.38119E-02  2.35494E-01
  2.8200000000E+00  2.8250000000E+00  1.38087E-02  2.07216E-01
  2.8250000000E+00  2.8300000000E+00  1.38725E-02  2.57962E-01
  2.8300000000E+00  2.8350000000E+00  1.38336E-02  2.47865E-01
  2.8350000000E+00  2.8400000000E+00  1.38552E-02  1.75882E-01
  2.8400000000E+00  2.8450000000E+00  1.38774E-02  2.70037E-01
  2.8450000000E+00  2.8500000000E+00  1.38745E-02  2.02221E-01
  2.8500000000E+00  2.8550000000E+00  1.39552E-02  2.03378E-01
  2.8550000000E+00  2.8600000000E+00  1.39511E-02  1.91835E-01
  2.8600000000E+00  2.8650000000E+00  1.39484E-02  2.43527E-01
  2.8650000000E+00  2.8700000000E+00  1.39365E-02  1.81617E-01
  2.8700000000E+00  2.8750000000E+00  1.39926E-02  2.04993E-01
  2.8750000000E+00  2.8800000000E+00  1.40557E-02  2.39286E-01
  2.8800000000E+00  2.8850000000E+00  1.40085E-02  2.20548E-01
  2.8850000000E+00  2.8900000000E+00  1.40314E-02  2.45208E-01
  2.8900000000E+00  2.8950000000E+00  1.40463E-02  2.23623E-01
  2.8950000000E+00  2.9000000000E+00  1.40704E-02  2.22218E-01
  2.9000000000E+00  2.9050000000E+00  1.40394E-02  2.41965E-01
  2.9050000000E+00  2.9100000000E+00  1.40214E-02  1.99226E-01
  2.9100000000E+00  2.9150000000E+00  1.40651E-02  1.84503E-01
  2.9150000000E+00  2.9200000000E+00  1.40883E-02  2.22663E-01
  2.9200000000E+00  2.9250000000E+00  1.41104E-02  2.23430E-01
  2.9250000000E+00  2.9300000000E+00  1.41842E-02  3.37708E-01
  2.9300000000E+00  2.9350000000E+00  1.41635E-02  2.57680E-01
  2.9350000000E+00  2.9400000000E+00  1.41511E-02  1.87127E-01
  2.9400000000E+00  2.9450000000E+00  1.41492E-02  1.36268E-01
  2.9450000000E+00  2.9500000000E+00  1.42028E-02  2.55395E-01
  2.9500000000E+00  2.9550000000E+00  1.42375E-02  1.72906E-01
  2.9550000000E+00  2.9600000000E+00  1.42906E-02  2.11746E-01
  2.9600000000E+00  2.9650000000E+00  1.42856E-02  2.40467E-01
  2.9650000000E+00  2.9700000000E+00  1.43009E-02  2.05501E-01
  2.9700000000E+00  2.9750000000E+00  1.42753E-02  2.25195E-01
  2.9750000000E+00  2.9800000000E+00  1.42950E-02  1.88994E-01
  2.9800000000E+00  2.9850000000E+00  1.43095E-02  1.79090E-01
  2.9850000000E+00  2.9900000000E+00  1.43253E-02  1.94640E-01
  2.9900000000E+00  2.9950000000E+00  1.43851E-02  2.82522E-01
  2.9950000000E+00  3.0000000000E+00  1.43778E-02  3.54316E-01
  3.0000000000E+00  3.0050000000E+00  1.44140E-02  2.07889E-01
  3.0050000000E+00  3.0100000000E+00  1.44276E-02  2.94899E-01
  3.0100000000E+00  3.0150000000E+00  1.44358E-02  2.38649E-01
  3.0150000000E+00  3.0200000000E+00  1.44231E-02  2.33900E-01
  3.0200000000E+00  3.0250000000E+00  1.44564E-02  2.05064E-01
  3.0250000000E+00  3.0300000000E+00  1.44370E-02  1.80672E-01
  3.0300000000E+00  3.0350000000E+00  1.44756E-02  2.47516E-01
  3.0350000000E+00  3.0400000000E+00  1.45148E-02  2.01310E-01
  3.0400000000E+00  3.0450000000E+00  1.45568E-02  1.74891E-01
  3.0450000000E+00  3.0500000000E+00  1.45291E-02  2.28525E-01
  3.0500000000E+00  3.0550000000E+00  1.46125E-02  2.16845E-01
  3.0550000000E+00  3.0600000000E+00  1.46329E-02  2.35588E-01
  3.0600000000E+00  3.0650000000E+00  1.45755E-02  1.25651E-01
  3.0650000000E+00  3.0700000000E+00  1.46314E-02  2.39683E-01
  3.0700000000E+00  3.0750000000E+00  1.46659E-02  2.45757E-01
  3.0750000000E+00  3.0800000000E+00  1.46534E-02  1.73558E-01
  3.0800000000E+00  3.0850000000E+00  1.46895E-02  1.93247E-01
  3.0850000000E+00  3.0900000000E+00  1.47655E-02  1.71349E-01
  3.0900000000E+00  3.0950000000E+00  1.47563E-02  1.27532E-01
  3.0950000000E+00  3.1000000000E+00  1.47472E-02  1.96052E-01
  3.1000000000E+00  3.1050000000E+00  1.48266E-02  1.90092E-01
  3.1050000000E+00  3.1100000000E+00  1.48385E-02  2.35505E-01
  3.1100000000E+00  3.1150000000E+00  1.48276E-02  1.93698E-01
  3.1150000000E+00  3.1200000000E+00  1.48673E-02  1.69827E-01
  3.1200000000E+00  3.1250000000E+00  1.49108E-02  2.25574E-01
  3.1250000000E+00  3.1300000000E+00  1.49340E-02  2.03982E-01
  3.1300000000E+00  3.1350000000E+00  1.49637E-02  2.70811E-01
  3.1350000000E+00  3.1400000000E+00  1.49011E-02  1.81809E-01
  3.1400000000E+00  3.1450000000E+00  1.49895E-02  2.09717E-01
  3.1450000000E+00  3.1500000000E+00  1.50370E-02  1.70231E-01
  3.1500000000E+00  3.1550000000E+00  1.50104E-02  2.30680E-01
  3.1550000000E+00  3.1600000000E+00  1.50614E-02  1.80576E-01
  3.1600000000E+00  3.1650000000E+00  1.50680E-02  2.22361E-01
  3.1650000000E+00  3.1700000000E+00  1.50730E-02  1.99564E-01
  3.1700000000E+00  3.1750000000E+00  1.51333E-02  1.78946E-01
  3.1750000000E+00  3.1800000000E+00  1.51258E-02  1.73675E-01
  3.1800000000E+00  3.1850000000E+00  1.51410E-02  1.61182E-01
  3.1850000000E+00  3.1900000000E+00  1.51502E-02  1.92411E-01
  3.1900000000E+00  3.1950000000E+00  1.51331E-02  1.62258E-01
  3.1950000000E+00  3.2000000000E+00  1.52008E-02  1.74736E-01
  3.2000000000E+00  3.2050000000E+00  1.52092E-02  2.71881E-01
  3.2050000000E+00  3.2100000000E+00  1.52374E-02  1.78937E-01
  3.2100000000E+00  3.2150000000E+00  1.52193E-02  1.67397E-01
  3.2150000000E+00  3.2200000000E+00  1.52851E-02  1.77386E-01
  3.2200000000E+00  3.2250000000E+00  1.52844E-02  2.11109E-01
  3.2250000000E+00  3.2300000000E+00  1.52644E-02  1.70566E-01
  3.2300000000E+00  3.2350000000E+00  1.53164E-02  1.11909E-01
  3.2350000000E+00  3.2400000000E+00  1.53497E-02  1.77667E-01
  3.2400000000E+00  3.2450000000E+00  1.53799E-02  2.78646E-01
  3.2450000000E+00  3.2500000000E+00  1.54233E-02  1.88633E-01
  3.2500000000E+00  3.2550000000E+00  1.54478E-02  1.84259E-01
  3.2550000000E+00  3.2600000000E+00  1.54928E-02  2.44938E-01
  3.2600000000E+00  3.2650000000E+00  1.54976E-02  2.68617E-01
  3.2650000000E+00  3.2700000000E+00  1.55100E-02  2.08170E-01
  3.2700000000E+00  3.2750000000E+00  1.55561E-02  1.96893E-01
  3.2750000000E+00  3.2800000000E+00  1.56111E-02  2.25549E-01
  3.2800000000E+00  3.2850000000E+00  1.56015E-02  1.38215E-01
  3.2850000000E+00  3.2900000000E+00  1.55530E-02  1.86004E-01
  3.2900000000E+00  3.2950000000E+00  1.55877E-02  1.74405E-01
  3.2950000000E+00  3.3000000000E+00  1.56148E-02  1.83549E-01
  3.3000000000E+00  3.3050000000E+00  1.56593E-02  1.89229E-01
  3.3050000000E+00  3.3100000000E+00  1.57233E-02  1.71062E-01
  3.3100000000E+00  3.3150000000E+00  1.57468E-02  2.17629E-01
  3.3150000000E+00  3.3200000000E+00  1.58421E-02  2.08427E-01
  3.3200000000E+00  3.3250000000E+00  1.58429E-02  1.81509E-01
  3.3250000000E+00  3.3300000000E+00  1.58391E-02  2.14925E-01
  3.3300000000E+00  3.3350000000E+00  1.58762E-02  2.80735E-01
  3.3350000000E+00  3.3400000000E+00  1.58573E-02  1.19009E-01
  3.3400000000E+00  3.3450000000E+00  1.59216E-02  2.06782E-01
  3.3450000000E+00  3.3500000000E+00  1.59512E-02  1.98339E-01
  3.3500000000E+00  3.3550000000E+00  1.59632E-02  1.83241E-01
  3.3550000000E+00  3.3600000000E+00  1.60316E-02  2.52163E-01
  3.3600000000E+00  3.3650000000E+00  1.60306E-02  2.36640E-01
  3.3650000000E+00  3.3700000000E+00  1.60577E-02  1.82313E-01
  3.3700000000E+00  3.3750000000E+00  1.60934E-02  2.69292E-01
  3.3750000000E+00  3.3800000000E+00  1.61569E-02  2.66455E-01
  3.3800000000E+00  3.3850000000E+00  1.61621E-02  2.26586E-01
  3.3850000000E+00  3.3900000000E+00  1.61749E-02  1.78813E-01
  3.3900000000E+00  3.3950000000E+00  1.62191E-02  1.43369E-01
  3.3950000000E+00  3.4000000000E+00  1.61896E-02  1.68347E-01
  3.4000000000E+00  3.4050000000E+00  1.62472E-02  1.73190E-01
  3.4050000000E+00  3.4100000000E+00  1.62771E-02  1.80881E-01
  3.4100000000E+00  3.4150000000E+00  1.63130E-02  1.75598E-01
  3.4150000000E+00  3.4200000000E+00  1.63187E-02  1.25797E-01
  3.4200000000E+00  3.4250000000E+00  1.63796E-02  1.79756E-01
  3.4250000000E+00  3.4300000000E+00  1.63928E-02  2.13100E-01
  3.4300000000E+00  3.4350000000E+00  1.64050E-02  1.44946E-01
  3.4350000000E+00  3.4400000000E+00  1.64466E-02  1.70426E-01
  3.4400000000E+00  3.4450000000E+00  1.64750E-02  1.99460E-01
  3.4450000000E+00  3.4500000000E+00  1.65419E-02  2.78419E-01
  3.4500000000E+00  3.4550000000E+00  1.64850E-02  1.54410E-01
  3.4550000000E+00  3.4600000000E+00  1.65945E-02  1.97062E-01
  3.4600000000E+00  3.4650000000E+00  1.66037E-02  1.09403E-01
  3.4650000000E+00  3.4700000000E+00  1.66325E-02  1.69946E-01
  3.4700000000E+00  3.4750000000E+00  1.66506E-02  1.59651E-01
  3.4750000000E+00  3.4800000000E+00  1.67012E-02  1.46679E-01
  3.4800000000E+00  3.4850000000E+00  1.67865E-02  1.93730E-01
  3.4850000000E+00  3.4900000000E+00  1.67796E-02  1.95395E-01
  3.4900000000E+00  3.4950000000E+00  1.67630E-02  1.72541E-01
  3.4950000000E+00  3.5000000000E+00  1.67722E-02  1.32609E-01
  3.5000000000E+00  3.5050000000E+00  1.68215E-02  1.72307E-01
  3.5050000000E+00  3.5100000000E+00  1.68751E-02  1.34163E-01
  3.5100000000E+00  3.5150000000E+00  1.68956E-02  1.34187E-01
  3.5150000000E+00  3.5200000000E+00  1.69565E-02  1.57115E-01
  3.5200000000E+00  3.5250000000E+00  1.69958E-02  1.32753E-01
  3.5250000000E+00  3.5300000000E+00  1.70383E-02  2.04699E-01
  3.5300000000E+00  3.5350000000E+00  1.71092E-02  2.41859E-01
  3.5350000000E+00  3.5400000000E+00  1.71264E-02  1.69351E-01
  3.5400000000E+00  3.5450000000E+00  1.71488E-02  1.82879E-01
  3.5450000000E+00  3.5500000000E+00  1.71983E-02  2.39550E-01
  3.5500000000E+00  3.5550000000E+00  1.71867E-02  2.37762E-01
  3.5550000000E+00  3.5600000000E+00  1.72397E-02  1.67039E-01
  3.5600000000E+00  3.5650000000E+00  1.73126E-02  1.99541E-01
  3.5650000000E+00  3.5700000000E+00  1.73120E-02  1.57089E-01
  3.5700000000E+00  3.5750000000E+00  1.73686E-02  1.33811E-01
  3.5750000000E+00  3.5800000000E+00  1.73958E-02  2.01546E-01
  3.5800000000E+00  3.5850000000E+00  1.74327E-02  1.47361E-01
  3.5850000000E+00  3.5900000000E+00  1.75022E-02  1.28805E-01
  3.5900000000E+00  3.5950000000E+00  1.75162E-02  1.70043E-01
  3.5950000000E+00  3.6000000000E+00  1.75675E-02  1.64801E-01
  3.6000000000E+00  3.6050000000E+00  1.75661E-02  1.98761E-01
  3.6050000000E+00  3.6100000000E+00  1.76309E-02  1.80108E-01
  3.6100000000E+00  3.6150000000E+00  1.77141E-02  2.12750E-01
  3.6150000000E+00  3.6200000000E+00  1.77383E-02  1.78606E-01
  3.6200000000E+00  3.6250000000E+00  1.77123E-02  1.43297E-01
  3.6250000000E+00  3.6300000000E+00  1.77860E-02  1.90187E-01
  3.6300000000E+00  3.6350000000E+00  1.78271E-02  9.75481E-02
  3.6350000000E+00  3.6400000000E+00  1.78351E-02  1.44435E-01
  3.6400000000E+00  3.6450000000E+00  1.78744E-02  1.21117E-01
  3.6450000000E+00  3.6500000000E+00  1.78976E-02  1.33943E-01
  3.6500000000E+00  3.6550000000E+00  1.79748E-02  1.78046E-01
  3.6550000000E+00  3.6600000000E+00  1.80077E-02  1.32936E-01
  3.6600000000E+00  3.6650000000E+00  1.80923E-02  1.60062E-01
  3.6650000000E+00  3.6700000000E+00  1.80995E-02  1.49240E-01
  3.6700000000E+00  3.6750000000E+00  1.81751E-02  1.29290E-01
  3.6750000000E+00  3.6800000000E+00  1.82231E-02  1.42596E-01
  3.6800000000E+00  3.6850000000E+00  1.82835E-02  2.04205E-01
  3.6850000000E+00  3.6900000000E+00  1.83393E-02  1.72204E-01
  3.6900000000E+00  3.6950000000E+00  1.83530E-02  1.50930E-01
  3.6950000000E+00  3.7000000000E+00  1.84478E-02  1.99105E-01
  3.7000000000E+00  3.7050000000E+00  1.84620E-02  2.28030E-01
  3.7050000000E+00  3.7100000000E+00  1.84588E-02  1.64101E-01
  3.7100000000E+00  3.7150000000E+00  1.85381E-02  1.79612E-01
  3.7150000000E+00  3.7200000000E+00  1.85889E-02  1.71251E-01
  3.7200000000E+00  3.7250000000E+00  1.86134E-02  1.65215E-01
  3.7250000000E+00  3.7300000000E+00  1.86625E-02  1.37705E-01
  3.7300000000E+00  3.7350000000E+00  1.87324E-02  1.63357E-01
  3.7350000000E+00  3.7400000000E+00  1.87469E-02  1.30190E-01
  3.7400000000E+00  3.7450000000E+00  1.88176E-02  1.03553E-01
  3.7450000000E+00  3.7500000000E+00  1.88319E-02  1.69695E-01
  3.7500000000E+00  3.7550000000E+00  1.89040E-02  2.49004E-01
  3.7550000000E+00  3.7600000000E+00  1.89417E-02  2.06201E-01
  3.7600000000E+00  3.7650000000E+00  1.89833E-02  1.43487E-01
  3.7650000000E+00  3.7700000000E+00  1.90736E-02  1.47261E-01
  3.7700000000E+00  3.7750000000E+00  1.90999E-02  1.49910E-01
  3.7750000000E+00  3.7800000000E+00  1.91727E-02  1.76382E-01
  3.7800000000E+00  3.7850000000E+00  1.92527E-02  1.14234E-01
  3.7850000000E+00  3.7900000000E+00  1.93370E-02  1.86978E-01
  3.7900000000E+00  3.7950000000E+00  1.93651E-02  1.36333E-01
  3.7950000000E+00  3.8000000000E+00  1.94183E-02  1.73130E-01
  3.8000000000E+00  3.8050000000E+00  1.94866E-02  1.60684E-01
  3.8050000000E+00  3.8100000000E+00  1.95206E-02  2.26992E-01
  3.8100000000E+00  3.8150000000E+00  1.95655E-02  1.43112E-01
  3.8150000000E+00  3.8200000000E+00  1.96821E-02  1.80180E-01
  3.8200000000E+00  3.8250000000E+00  1.96802E-02  1.26324E-01
  3.8250000000E+00  3.8300000000E+00  1.97958E-02  1.73917E-01
  3.8300000000E+00  3.8350000000E+00  1.98649E-02  1.87342E-01
  3.8350000000E+00  3.8400000000E+00  1.98848E-02  1.31707E-01
  3.8400000000E+00  3.8450000000E+00  1.99613E-02  1.62574E-01
  3.8450000000E+00  3.8500000000E+00  2.00298E-02  1.69704E-01
  3.8500000000E+00  3.8550000000E+00  2.00835E-02  1.31912E-01
  3.8550000000E+00  3.8600000000E+00  2.01691E-02  1.80250E-01
  3.8600000000E+00  3.8650000000E+00  2.02491E-02  1.62714E-01
  3.8650000000E+00  3.8700000000E+00  2.02915E-02  1.70094E-01
  3.8700000000E+00  3.8750000000E+00  2.03440E-02  1.60954E-01
  3.8750000000E+00  3.8800000000E+00  2.04079E-02  1.44273E-01
  3.8800000000E+00  3.8850000000E+00  2.04664E-02  1.13957E-01
  3.8850000000E+00  3.8900000000E+00  2.05512E-02  1.36075E-01
  3.8900000000E+00  3.8950000000E+00  2.06043E-02  1.30876E-01
  3.8950000000E+00  3.9000000000E+00  2.07018E-02  1.37730E-01
  3.9000000000E+00  3.9050000000E+00  2.07827E-02  1.56616E-01
  3.9050000000E+00  3.9100000000E+00  2.07755E-02  1.43636E-01
  3.9100000000E+00  3.9150000000E+00  2.09391E-02  2.00701E-01
  3.9150000000E+00  3.9200000000E+00  2.10091E-02  1.99721E-01
  3.9200000000E+00  3.9250000000E+00  2.10889E-02  2.19403E-01
  3.9250000000E+00  3.9300000000E+00  2.11187E-02  1.47224E-01
  3.9300000000E+00  3.9350000000E+00  2.12134E-02  1.53197E-01
  3.9350000000E+00  3.9400000000E+00  2.12851E-02  1.44794E-01
  3.9400000000E+00  3.9450000000E+00  2.13904E-02  2.10154E-01
  3.9450000000E+00  3.9500000000E+00  2.14670E-02  1.26661E-01
  3.9500000000E+00  3.9550000000E+00  2.15675E-02  1.81152E-01
  3.9550000000E+00  3.9600000000E+00  2.16474E-02  1.50773E-01
  3.9600000000E+00  3.9650000000E+00  2.17079E-02  1.61077E-01
  3.9650000000E+00  3.9700000000E+00  2.18111E-02  1.21386E-01
  3.9700000000E+00  3.9750000000E+00  2.18662E-02  8.41141E-02
  3.9750000000E+00  3.9800000000E+00  2.19283E-02  1.18463E-01
  3.9800000000E+00  3.9850000000E+00  2.20716E-02  1.24018E-01
  3.9850000000E+00  3.9900000000E+00  2.21863E-02  1.36421E-01
  3.9900000000E+00  3.9950000000E+00  2.22287E-02  1.07512E-01
  3.9950000000E+00  4.0000000000E+00  2.23679E-02  9.82602E-02
  4.0000000000E+00  4.0050000000E+00  2.24181E-02  1.14230E-01
  4.0050000000E+00  4.0100000000E+00  2.25823E-02  1.28978E-01
  4.0100000000E+00  4.0150000000E+00  2.26050E-02  1.64115E-01
  4.0150000000E+00  4.0200000000E+00  2.27138E-02  1.53528E-01
  4.0200000000E+00  4.0250000000E+00  2.28396E-02  1.29037E-01
  4.0250000000E+00  4.0300000000E+00  2.28877E-02  1.52363E-01
  4.0300000000E+00  4.0350000000E+00  2.29923E-02  1.15851E-01
  4.0350000000E+00  4.0400000000E+00  2.31059E-02  1.45263E-01
  4.0400000000E+00  4.0450000000E+00  2.32384E-02  9.19362E-02
  4.0450000000E+00  4.0500000000E+00  2.33512E-02  1.03797E-01
  4.0500000000E+00  4.0550000000E+00  2.35112E-02  1.48778E-01
  4.0550000000E+00  4.0600000000E+00  2.35845E-02  1.20686E-01
  4.0600000000E+00  4.0650000000E+00  2.36710E-02  1.32291E-01
  4.0650000000E+00  4.0700000000E+00  2.38054E-02  1.51424E-01
  4.0700000000E+00  4.0750000000E+00  2.39268E-02  1.43418E-01
  4.0750000000E+00  4.0800000000E+00  2.40548E-02  1.22359E-01
  4.0800000000E+00  4.0850000000E+00  2.41694E-02  1.15058E-01
  4.0850000000E+00  4.0900000000E+00  2.43016E-02  1.26779E-01
  4.0900000000E+00  4.0950000000E+00  2.44280E-02  1.27162E-01
  4.0950000000E+00  4.1000000000E+00  2.45784E-02  1.27199E-01
  4.1000000000E+00  4.1050000000E+00  2.46896E-02  1.25774E-01
  4.1050000000E+00  4.1100000000E+00  2.48637E-02  1.11529E-01
  4.1100000000E+00  4.1150000000E+00  2.49950E-02  9.60468E-02
  4.1150000000E+00  4.1200000000E+00  2.51306E-02  1.34467E-01
  4.1200000000E+00  4.1250000000E+00  2.52738E-02  1.27021E-01
  4.1250000000E+00  4.1300000000E+00  2.53601E-02  7.98156E-02
  4.1300000000E+00  4.1350000000E+00  2.55439E-02  1.46819E-01
  4.1350000000E+00  4.1400000000E+00  2.56624E-02  1.26014E-01
  4.1400000000E+00  4.1450000000E+00  2.58467E-02  1.41257E-01
  4.1450000000E+00  4.1500000000E+00  2.59528E-02  1.08660E-01
  4.1500000000E+00  4.1550000000E+00  2.61595E-02  1.08272E-01
  4.1550000000E+00  4.1600000000E+00  2.63123E-02  1.27705E-01
  4.1600000000E+00  4.1650000000E+00  2.64911E-02  1.00170E-01
  4.1650000000E+00  4.1700000000E+00  2.66771E-02  1.15231E-01
  4.1700000000E+00  4.1750000000E+00  2.68241E-02  1.23270E-01
  4.1750000000E+00  4.1800000000E+00  2.70527E-02  1.35552E-01
  4.1800000000E+00  4.1850000000E+00  2.72105E-02  1.09723E-01
  4.1850000000E+00  4.1900000000E+00  2.74495E-02  1.05715E-01
  4.1900000000E+00  4.1950000000E+00  2.76330E-02  1.10770E-01
  4.1950000000E+00  4.2000000000E+00  2.78469E-02  1.37870E-01
  4.2000000000E+00  4.2050000000E+00  2.80435E-02  1.10529E-01
  4.2050000000E+00  4.2100000000E+00  2.83357E-02  1.09954E-01
  4.2100000000E+00  4.2150000000E+00  2.85378E-02  8.87871E-02
  4.2150000000E+00  4.2200000000E+00  2.87199E-02  1.26594E-01
  4.2200000000E+00  4.2250000000E+00  2.89465E-02  9.89758E-02
  4.2250000000E+00  4.2300000000E+00  2.92464E-02  1.33870E-01
  4.2300000000E+00  4.2350000000E+00  2.94995E-02  1.09364E-01
  4.2350000000E+00  4.2400000000E+00  2.97149E-02  1.12763E-01
  4.2400000000E+00  4.2450000000E+00  3.00053E-02  1.20480E-01
  4.2450000000E+00  4.2500000000E+00  3.02947E-02  7.40685E-02
  4.2500000000E+00  4.2550000000E+00  3.05586E-02  7.09385E-02
  4.2550000000E+00  4.2600000000E+00  3.08715E-02  9.23976E-02
  4.2600000000E+00  4.2650000000E+00  3.12147E-02  8.27814E-02
  4.2650000000E+00  4.2700000000E+00  3.14971E-02  9.99043E-02
  4.2700000000E+00  4.2750000000E+00  3.18487E-02  1.22795E-01
  4.2750000000E+00  4.2800000000E+00  3.21890E-02  9.04008E-02
  4.2800000000E+00  4.2850000000E+00  3.25362E-02  1.11096E-01
  4.2850000000E+00  4.2900000000E+00  3.29779E-02  1.21290E-01
  4.2900000000E+00  4.2950000000E+00  3.33858E-02  1.24250E-01
  4.2950000000E+00  4.3000000000E+00  3.37918E-02  1.05291E-01
  4.3000000000E+00  4.3050000000E+00  3.41999E-02  1.20714E-01
  4.3050000000E+00  4.3100000000E+00  3.46616E-02  1.16158E-01
  4.3100000000E+00  4.3150000000E+00  3.51257E-02  1.06768E-01
  4.3150000000E+00  4.3200000000E+00  3.56490E-02  1.07472E-01
  4.3200000000E+00  4.3250000000E+00  3.61649E-02  1.23955E-01
  4.3250000000E+00  4.3300000000E+00  3.67236E-02  1.18448E-01
  4.3300000000E+00  4.3350000000E+00  3.73276E-02  1.13800E-01
  4.3350000000E+00  4.3400000000E+00  3.79405E-02  1.23385E-01
  4.3400000000E+00  4.3450000000E+00  3.85829E-02  1.09171E-01
  4.3450000000E+00  4.3500000000E+00  3.92660E-02  1.25053E-01
  4.3500000000E+00  4.3550000000E+00  3.99768E-02  1.42563E-01
  4.3550000000E+00  4.3600000000E+00  4.07025E-02  1.03548E-01
  4.3600000000E+00  4.3650000000E+00  4.15104E-02  1.13549E-01
  4.3650000000E+00  4.3700000000E+00  4.23575E-02  9.35199E-02
  4.3700000000E+00  4.3750000000E+00  4.32905E-02  1.05846E-01
  4.3750000000E+00  4.3800000000E+00  4.42073E-02  1.12257E-01
  4.3800000000E+00  4.3850000000E+00  4.51174E-02  1.14880E-01
  4.3850000000E+00  4.3900000000E+00  4.61013E-02  1.41887E-01
  4.3900000000E+00  4.3950000000E+00  4.70044E-02  1.11541E-01
  4.3950000000E+00  4.4000000000E+00  4.80070E-02  1.06746E-01
  4.4000000000E+00  4.4050000000E+00  4.89964E-02  1.25222E-01
  4.4050000000E+00  4.4100000000E+00  4.99326E-02  1.20329E-01
  4.4100000000E+00  4.4150000000E+00  5.09624E-02  1.68300E-01
  4.4150000000E+00  4.4200000000E+00  5.17888E-02  1.61204E-01
  4.4200000000E+00  4.4250000000E+00  5.26388E-02  1.45446E-01
  4.4250000000E+00  4.4300000000E+00  5.33524E-02  1.47112E-01
  4.4300000000E+00  4.4350000000E+00  5.39032E-02  1.55787E-01
  4.4350000000E+00  4.4400000000E+00  5.42282E-02  1.36048E-01
  4.4400000000E+00  4.4450000000E+00  5.44483E-02  1.40420E-01
  4.4450000000E+00  4.4500000000E+00  5.44477E-02  1.73357E-01
  4.4500000000E+00  4.4550000000E+00  5.43571E-02  1.58329E-01
  4.4550000000E+00  4.4600000000E+00  5.40406E-02  1.67147E-01
  4.4600000000E+00  4.4650000000E+00  5.33875E-02  1.85292E-01
  4.4650000000E+00  4.4700000000E+00  5.25614E-02  1.78332E-01
  4.4700000000E+00  4.4750000000E+00  5.15720E-02  1.81493E-01
  4.4750000000E+00  4.4800000000E+00  5.02261E-02  1.97002E-01
  4.4800000000E+00  4.4850000000E+00  4.85653E-02  2.39904E-01
  4.4850000000E+00  4.4900000000E+00  4.67634E-02  2.63649E-01
  4.4900000000E+00  4.4950000000E+00  4.46603E-02  2.55592E-01
  4.4950000000E+00  4.5000000000E+00  4.24513E-02  3.10245E-01
  4.5000000000E+00  4.5050000000E+00  4.00178E-02  2.93259E-01
  4.5050000000E+00  4.5100000000E+00  3.75288E-02  3.08373E-01
  4.5100000000E+00  4.5150000000E+00  3.48410E-02  2.93831E-01
  4.5150000000E+00  4.5200000000E+00  3.22172E-02  2.60733E-01
  4.5200000000E+00  4.5250000000E+00  2.94725E-02  2.70500E-01
  4.5250000000E+00  4.5300000000E+00  2.68031E-02  3.07481E-01
  4.5300000000E+00  4.5350000000E+00  2.40759E-02  3.22460E-01
  4.5350000000E+00  4.5400000000E+00  2.15199E-02  3.69702E-01
  4.5400000000E+00  4.5450000000E+00  1.91540E-02  4.20105E-01
  4.5450000000E+00  4.5500000000E+00  1.68116E-02  3.94726E-01
  4.5500000000E+00  4.5550000000E+00  1.47703E-02  4.95834E-01
  4.5550000000E+00  4.5600000000E+00  1.27515E-02  6.19214E-01
  4.5600000000E+00  4.5650000000E+00  1.09351E-02  6.46011E-01
  4.5650000000E+00  4.5700000000E+00  9.38326E-03  5.76045E-01
  4.5700000000E+00  4.5750000000E+00  7.93432E-03  6.05208E-01
  4.5750000000E+00  4.5800000000E+00  6.71423E-03  7.85364E-01
  4.5800000000E+00  4.5850000000E+00  5.60141E-03  7.64364E-01
  4.5850000000E+00  4.5900000000E+00  4.66096E-03  1.12078E+00
  4.5900000000E+00  4.5950000000E+00  3.87258E-03  1.08562E+00
  4.5950000000E+00  4.6000000000E+00  3.20681E-03  1.06492E+00
  4.6000000000E+00  4.6050000000E+00  2.63097E-03  1.48679E+00
  4.6050000000E+00  4.6100000000E+00  2.22793E-03  1.22219E+00
  4.6100000000E+00  4.6150000000E+00  1.82723E-03  1.07713E+00
  4.6150000000E+00  4.6200000000E+00  1.52345E-03  1.25185E+00
  4.6200000000E+00  4.6250000000E+00  1.28217E-03  1.86412E+00
  4.6250000000E+00  4.6300000000E+00  1.09230E-03  2.10404E+00
  4.6300000000E+00  4.6350000000E+00  9.44872E-04  2.32980E+00
  4.6350000000E+00  4.6400000000E+00  8.29303E-04  2.61805E+00
  4.6400000000E+00  4.6450000000E+00  7.53825E-04  2.82490E+00
  4.6450000000E+00  4.6500000000E+00  6.83451E-04  2.53013E+00
  4.6500000000E+00  4.6550000000E+00  6.44760E-04  2.35773E+00
  4.6550000000E+00  4.6600000000E+00  6.13782E-04  2.38061E+00
  4.6600000000E+00  4.6650000000E+00  5.72854E-04  2.10329E+00
  4.6650000000E+00  4.6700000000E+00  5.64224E-04  1.94362E+00
  4.6700000000E+00  4.6750000000E+00  5.64087E-04  2.03913E+00
  4.6750000000E+00  4.6800000000E+00  5.56688E-04  1.99481E+00
  4.6800000000E+00  4.6850000000E+00  5.60025E-04  2.53949E+00
  4.6850000000E+00  4.6900000000E+00  5.48747E-04  2.14566E+00
  4.6900000000E+00  4.6950000000E+00  5.41019E-04  1.97170E+00
  4.6950000000E+00  4.7000000000E+00  5.41221E-04  2.00194E+00
  4.7000000000E+00  4.7050000000E+00  5.26859E-04  1.86945E+00
  4.7050000000E+00  4.7100000000E+00  5.16840E-04  1.67759E+00
  4.7100000000E+00  4.7150000000E+00  5.14624E-04  1.70976E+00
  4.7150000000E+00  4.7200000000E+00  5.16746E-04  2.03294E+00
  4.7200000000E+00  4.7250000000E+00  5.02134E-04  1.53061E+00
  4.7250000000E+00  4.7300000000E+00  4.92477E-04  1.59779E+00
  4.7300000000E+00  4.7350000000E+00  4.88532E-04  1.75869E+00
  4.7350000000E+00  4.7400000000E+00  4.93310E-04  1.97345E+00
  4.7400000000E+00  4.7450000000E+00  4.85831E-04  1.99608E+00
  4.7450000000E+00  4.7500000000E+00  4.84946E-04  1.74173E+00
  4.7500000000E+00  4.7550000000E+00  4.83134E-04  1.37205E+00
  4.7550000000E+00  4.7600000000E+00  4.79025E-04  1.65608E+00
  4.7600000000E+00  4.7650000000E+00  4.70477E-04  1.79187E+00
  4.7650000000E+00  4.7700000000E+00  4.71627E-04  1.72590E+00
  4.7700000000E+00  4.7750000000E+00  4.64211E-04  1.83490E+00
  4.7750000000E+00  4.7800000000E+00  4.62458E-04  2.31118E+00
  4.7800000000E+00  4.7850000000E+00  4.54337E-04  2.30075E+00
  4.7850000000E+00  4.7900000000E+00  4.57843E-04  1.87557E+00
  4.7900000000E+00  4.7950000000E+00  4.48660E-04  1.75848E+00
  4.7950000000E+00  4.8000000000E+00  4.43816E-04  2.21498E+00
  4.8000000000E+00  4.8050000000E+00  4.39827E-04  1.98064E+00
  4.8050000000E+00  4.8100000000E+00  4.32964E-04  2.10928E+00
  4.8100000000E+00  4.8150000000E+00  4.29643E-04  2.21681E+00
  4.8150000000E+00  4.8200000000E+00  4.30139E-04  2.35706E+00
  4.8200000000E+00  4.8250000000E+00  4.23682E-04  2.72027E+00
  4.8250000000E+00  4.8300000000E+00  4.15039E-04  2.67631E+00
  4.8300000000E+00  4.8350000000E+00  4.13897E-04  2.72407E+00
  4.8350000000E+00  4.8400000000E+00  4.08705E-04  2.33051E+00
  4.8400000000E+00  4.8450000000E+00  4.14574E-04  2.38415E+00
  4.8450000000E+00  4.8500000000E+00  4.08011E-04  2.59717E+00
  4.8500000000E+00  4.8550000000E+00  3.99359E-04  2.35714E+00
  4.8550000000E+00  4.8600000000E+00  3.86770E-04  2.06875E+00
  4.8600000000E+00  4.8650000000E+00  3.72505E-04  2.10138E+00
  4.8650000000E+00  4.8700000000E+00  3.68798E-04  1.99351E+00
  4.8700000000E+00  4.8750000000E+00  3.63407E-04  2.11319E+00
  4.8750000000E+00  4.8800000000E+00  3.63239E-04  2.27589E+00
  4.8800000000E+00  4.8850000000E+00  3.62262E-04  1.89689E+00
  4.8850000000E+00  4.8900000000E+00  3.58307E-04  2.26840E+00
  4.8900000000E+00  4.8950000000E+00  3.57993E-04  2.48907E+00
  4.8950000000E+00  4.9000000000E+00  3.51480E-04  2.13379E+00
  4.9000000000E+00  4.9050000000E+00  3.48445E-04  1.67271E+00
  4.9050000000E+00  4.9100000000E+00  3.42834E-04  1.79600E+00
  4.9100000000E+00  4.9150000000E+00  3.42110E-04  1.97391E+00
  4.9150000000E+00  4.9200000000E+00  3.44255E-04  2.02427E+00
  4.9200000000E+00  4.9250000000E+00  3.39241E-04  1.78228E+00
  4.9250000000E+00  4.9300000000E+00  3.41015E-04  2.10344E+00
  4.9300000000E+00  4.9350000000E+00  3.32649E-04  2.66322E+00
  4.9350000000E+00  4.9400000000E+00  3.42566E-04  3.77919E+00
  4.9400000000E+00  4.9450000000E+00  3.23212E-04  2.47943E+00
  4.9450000000E+00  4.9500000000E+00  3.23415E-04  3.07941E+00
  4.9500000000E+00  4.9550000000E+00  3.24167E-04  2.75666E+00
  4.9550000000E+00  4.9600000000E+00  3.08931E-04  2.67620E+00
  4.9600000000E+00  4.9650000000E+00  3.12577E-04  2.93097E+00
  4.9650000000E+00  4.9700000000E+00  3.07064E-04  2.33064E+00
  4.9700000000E+00  4.9750000000E+00  3.01805E-04  2.30246E+00
  4.9750000000E+00  4.9800000000E+00  2.99499E-04  2.17818E+00
  4.9800000000E+00  4.9850000000E+00  3.00693E-04  2.72044E+00
  4.9850000000E+00  4.9900000000E+00  2.92042E-04  3.04066E+00
  4.9900000000E+00  4.9950000000E+00  2.90198E-04  2.50895E+00
  4.9950000000E+00  5.0000000000E+00  2.93008E-04  2.19239E+00
  5.0000000000E+00  5.0050000000E+00  2.89048E-04  3.17059E+00
  5.0050000000E+00  5.0100000000E+00  2.84496E-04  2.15514E+00
  5.0100000000E+00  5.0150000000E+00  2.79260E-04  2.29282E+00
  5.0150000000E+00  5.0200000000E+00  2.79934E-04  3.18584E+00
  5.0200000000E+00  5.0250000000E+00  2.68000E-04  2.98096E+00
  5.0250000000E+00  5.0300000000E+00  2.72321E-04  3.20200E+00
  5.0300000000E+00  5.0350000000E+00  2.67183E-04  2.66363E+00
  5.0350000000E+00  5.0400000000E+00  2.67944E-04  3.11742E+00
  5.0400000000E+00  5.0450000000E+00  2.62236E-04  2.85638E+00
  5.0450000000E+00  5.0500000000E+00  2.54117E-04  2.65587E+00
  5.0500000000E+00  5.0550000000E+00  2.49792E-04  2.20160E+00
  5.0550000000E+00  5.0600000000E+00  2.47636E-04  2.48905E+00
  5.0600000000E+00  5.0650000000E+00  2.41627E-04  2.36691E+00
  5.0650000000E+00  5.0700000000E+00  2.40740E-04  2.24743E+00
  5.0700000000E+00  5.0750000000E+00  2.39313E-04  2.12959E+00
  5.0750000000E+00  5.0800000000E+00  2.39294E-04  2.67796E+00
  5.0800000000E+00  5.0850000000E+00  2.35507E-04  3.12896E+00
  5.0850000000E+00  5.0900000000E+00  2.38522E-04  2.73153E+00
  5.0900000000E+00  5.0950000000E+00  2.34652E-04  3.19734E+00
  5.0950000000E+00  5.1000000000E+00  2.22105E-04  3.14801E+00
  5.1000000000E+00  5.1050000000E+00  2.16898E-04  2.96095E+00
  5.1050000000E+00  5.1100000000E+00  2.18729E-04  3.16127E+00
  5.1100000000E+00  5.1150000000E+00  2.14479E-04  3.30789E+00
  5.1150000000E+00  5.1200000000E+00  2.11391E-04  2.79902E+00
  5.1200000000E+00  5.1250000000E+00  2.09437E-04  3.18112E+00
  5.1250000000E+00  5.1300000000E+00  2.07484E-04  3.58791E+00
  5.1300000000E+00  5.1350000000E+00  2.12657E-04  4.40323E+00
  5.1350000000E+00  5.1400000000E+00  2.07661E-04  2.64990E+00
  5.1400000000E+00  5.1450000000E+00  2.06489E-04  3.22255E+00
  5.1450000000E+00  5.1500000000E+00  1.98748E-04  3.88275E+00
  5.1500000000E+00  5.1550000000E+00  1.91421E-04  3.65759E+00
  5.1550000000E+00  5.1600000000E+00  1.93117E-04  3.85039E+00
  5.1600000000E+00  5.1650000000E+00  1.83867E-04  3.98737E+00
  5.1650000000E+00  5.1700000000E+00  1.85680E-04  4.61816E+00
  5.1700000000E+00  5.1750000000E+00  1.79290E-04  4.46630E+00
  5.1750000000E+00  5.1800000000E+00  1.79307E-04  4.35288E+00
  5.1800000000E+00  5.1850000000E+00  1.79639E-04  4.02947E+00
  5.1850000000E+00  5.1900000000E+00  1.77547E-04  3.87332E+00
  5.1900000000E+00  5.1950000000E+00  1.67115E-04  4.40348E+00
  5.1950000000E+00  5.2000000000E+00  1.66677E-04  4.85158E+00
  5.2000000000E+00  5.2050000000E+00  1.61679E-04  4.00428E+00
  5.2050000000E+00  5.2100000000E+00  1.62997E-04  4.05581E+00
  5.2100000000E+00  5.2150000000E+00  1.54220E-04  4.49997E+00
  5.2150000000E+00  5.2200000000E+00  1.45467E-04  4.18554E+00
  5.2200000000E+00  5.2250000000E+00  1.44846E-04  3.11947E+00
  5.2250000000E+00  5.2300000000E+00  1.43662E-04  3.67241E+00
  5.2300000000E+00  5.2350000000E+00  1.34153E-04  3.61208E+00
  5.2350000000E+00  5.2400000000E+00  1.38438E-04  3.79951E+00
  5.2400000000E+00  5.2450000000E+00  1.37522E-04  3.75483E+00
  5.2450000000E+00  5.2500000000E+00  1.28689E-04  3.80679E+00
  5.2500000000E+00  5.2550000000E+00  1.20292E-04  4.05553E+00
  5.2550000000E+00  5.2600000000E+00  1.19032E-04  4.54544E+00
  5.2600000000E+00  5.2650000000E+00  1.18731E-04  4.25877E+00
  5.2650000000E+00  5.2700000000E+00  1.17653E-04  4.16675E+00
  5.2700000000E+00  5.2750000000E+00  1.14161E-04  3.67776E+00
  5.2750000000E+00  5.2800000000E+00  1.14498E-04  4.73576E+00
  5.2800000000E+00  5.2850000000E+00  1.09899E-04  3.73283E+00
  5.2850000000E+00  5.2900000000E+00  1.07722E-04  3.73974E+00
  5.2900000000E+00  5.2950000000E+00  1.08858E-04  3.97591E+00
  5.2950000000E+00  5.3000000000E+00  1.07464E-04  3.90432E+00
  5.3000000000E+00  5.3050000000E+00  1.03267E-04  4.63907E+00
  5.3050000000E+00  5.3100000000E+00  1.01333E-04  5.31730E+00
  5.3100000000E+00  5.3150000000E+00  9.94860E-05  4.95350E+00
  5.3150000000E+00  5.3200000000E+00  1.00511E-04  5.31962E+00
  5.3200000000E+00  5.3250000000E+00  9.74191E-05  5.97539E+00
  5.3250000000E+00  5.3300000000E+00  8.85184E-05  5.50085E+00
  5.3300000000E+00  5.3350000000E+00  8.22969E-05  5.51154E+00
  5.3350000000E+00  5.3400000000E+00  8.28822E-05  7.76523E+00
  5.3400000000E+00  5.3450000000E+00  7.98413E-05  5.38254E+00
  5.3450000000E+00  5.3500000000E+00  8.13706E-05  4.61394E+00
  5.3500000000E+00  5.3550000000E+00  7.92980E-05  4.41531E+00
  5.3550000000E+00  5.3600000000E+00  7.87392E-05  4.34154E+00
  5.3600000000E+00  5.3650000000E+00  8.07027E-05  4.65118E+00
  5.3650000000E+00  5.3700000000E+00  8.01606E-05  4.57869E+00
  5.3700000000E+00  5.3750000000E+00  7.56550E-05  4.61013E+00
  5.3750000000E+00  5.3800000000E+00  7.43748E-05  4.05051E+00
  5.3800000000E+00  5.3850000000E+00  7.44218E-05  4.31687E+00
  5.3850000000E+00  5.3900000000E+00  6.92456E-05  5.79973E+00
  5.3900000000E+00  5.3950000000E+00  6.96539E-05  5.88440E+00
  5.3950000000E+00  5.4000000000E+00  6.71990E-05  5.86948E+00
  5.4000000000E+00  5.4050000000E+00  6.43786E-05  6.84562E+00
  5.4050000000E+00  5.4100000000E+00  6.24844E-05  5.63617E+00
  5.4100000000E+00  5.4150000000E+00  6.42555E-05  6.89223E+00
  5.4150000000E+00  5.4200000000E+00  6.30284E-05  6.36726E+00
  5.4200000000E+00  5.4250000000E+00  6.09031E-05  6.03960E+00
  5.4250000000E+00  5.4300000000E+00  6.33823E-05  6.31058E+00
  5.4300000000E+00  5.4350000000E+00  6.11148E-05  6.34783E+00
  5.4350000000E+00  5.4400000000E+00  6.41599E-05  7.28519E+00
  5.4400000000E+00  5.4450000000E+00  6.01248E-05  7.38573E+00
  5.4450000000E+00  5.4500000000E+00  5.71747E-05  9.37505E+00
  5.4500000000E+00  5.4550000000E+00  5.44490E-05  7.35700E+00
  5.4550000000E+00  5.4600000000E+00  5.32389E-05  5.58210E+00
  5.4600000000E+00  5.4650000000E+00  5.57720E-05  6.11463E+00
  5.4650000000E+00  5.4700000000E+00  5.15680E-05  5.36778E+00
  5.4700000000E+00  5.4750000000E+00  5.08281E-05  7.10548E+00
  5.4750000000E+00  5.4800000000E+00  5.07760E-05  7.69233E+00
  5.4800000000E+00  5.4850000000E+00  5.06548E-05  6.52242E+00
  5.4850000000E+00  5.4900000000E+00  4.49508E-05  6.41121E+00
  5.4900000000E+00  5.4950000000E+00  4.20709E-05  8.59061E+00
  5.4950000000E+00  5.5000000000E+00  3.90098E-05  9.68939E+00
  5.5000000000E+00  5.5050000000E+00  3.74403E-05  9.62855E+00
  5.5050000000E+00  5.5100000000E+00  3.74675E-05  1.14436E+01
  5.5100000000E+00  5.5150000000E+00  3.04507E-05  1.11122E+01
  5.5150000000E+00  5.5200000000E+00  3.08523E-05  9.92570E+00
  5.5200000000E+00  5.5250000000E+00  2.74819E-05  1.20784E+01
  5.5250000000E+00  5.5300000000E+00  2.36784E-05  1.17230E+01
  5.5300000000E+00  5.5350000000E+00  2.39871E-05  1.27571E+01
  5.5350000000E+00  5.5400000000E+00  1.97518E-05  1.22876E+01
  5.5400000000E+00  5.5450000000E+00  1.43254E-05  1.31486E+01
  5.5450000000E+00  5.5500000000E+00  1.51326E-05  1.47288E+01
  5.5500000000E+00  5.5550000000E+00  1.57887E-05  1.45936E+01
  5.5550000000E+00  5.5600000000E+00  1.58190E-05  1.61573E+01
  5.5600000000E+00  5.5650000000E+00  1.23884E-05  1.44973E+01
  5.5650000000E+00  5.5700000000E+00  9.46896E-06  1.58385E+01
  5.5700000000E+00  5.5750000000E+00  1.02824E-05  1.89163E+01
  5.5750000000E+00  5.5800000000E+00  8.23691E-06  2.52560E+01
  5.5800000000E+00  5.5850000000E+00  5.12677E-06  2.56763E+01
  5.5850000000E+00  5.5900000000E+00  6.22641E-06  2.91487E+01
  5.5900000000E+00  5.5950000000E+00  2.96507E-06  2.93542E+01
  5.5950000000E+00  5.6000000000E+00  2.76508E-06  4.01668E+01
  5.6000000000E+00  5.6050000000E+00  1.71520E-06  5.37306E+01
  5.6050000000E+00  5.6100000000E+00  1.25038E-06  6.42442E+01
  5.6100000000E+00  5.6150000000E+00  6.48208E-07  5.60675E+01
  5.6150000000E+00  5.6200000000E+00  5.52816E-07  6.85996E+01
  5.6200000000E+00  5.6250000000E+00  6.45128E-07  6.86123E+01
  5.6250000000E+00  5.6300000000E+00  6.75665E-07  6.86216E+01
  5.6300000000E+00  5.6350000000E+00  7.96874E-07  6.90024E+01
  5.6350000000E+00  5.6400000000E+00  1.13634E-06  7.11816E+01
  5.6400000000E+00  5.6450000000E+00  6.96080E-07  7.46907E+01
  5.6450000000E+00  5.6500000000E+00  9.03613E-07  1.00000E+02
  5.6500000000E+00  5.6550000000E+00  5.65396E-08  1.00000E+02
  5.6550000000E+00  5.6600000000E+00  5.65396E-08  1.00000E+02
  5.6600000000E+00  5.6650000000E+00  5.65396E-08  1.00000E+02
  5.6650000000E+00  5.6700000000E+00  5.65396E-08  9.99999E+01
  5.6700000000E+00  5.6750000000E+00  5.65396E-08  1.00000E+02
  5.6750000000E+00  5.6800000000E+00  5.65396E-08  1.00000E+02
  5.6800000000E+00  5.6850000000E+00  5.65396E-08  1.00000E+02
  5.6850000000E+00  5.6900000000E+00  5.65396E-08  1.00000E+02
  5.6900000000E+00  5.6950000000E+00  5.65396E-08  1.00000E+02
  5.6950000000E+00  5.7000000000E+00  5.65396E-08  1.00000E+02
  5.7000000000E+00  5.7050000000E+00  5.65404E-08  9.99984E+01
  5.7050000000E+00  5.7100000000E+00  5.65396E-08  1.00000E+02
  5.7100000000E+00  5.7150000000E+00  5.65396E-08  1.00000E+02
  5.7150000000E+00  5.7200000000E+00  5.65396E-08  1.00000E+02
  5.7200000000E+00  5.7250000000E+00  5.65396E-08  1.00000E+02
  5.7250000000E+00  5.7300000000E+00  5.65396E-08  1.00000E+02
  5.7300000000E+00  5.7350000000E+00  5.65396E-08  1.00000E+02
  5.7350000000E+00  5.7400000000E+00  5.65396E-08  1.00000E+02
  5.7400000000E+00  5.7450000000E+00  5.65396E-08  1.00000E+02
  5.7450000000E+00  5.7500000000E+00  5.65396E-08  1.00000E+02
  5.7500000000E+00  5.7550000000E+00  5.65396E-08  1.00000E+02
  5.7550000000E+00  5.7600000000E+00  5.65396E-08  1.00000E+02
  5.7600000000E+00  5.7650000000E+00  5.65396E-08  1.00000E+02
  5.7650000000E+00  5.7700000000E+00  5.65396E-08  1.00000E+02
  5.7700000000E+00  5.7750000000E+00  6.74819E-07  9.15117E+01
  5.7750000000E+00  5.7800000000E+00  5.65396E-08  1.00000E+02
  5.7800000000E+00  5.7850000000E+00  5.65396E-08  1.00000E+02
  5.7850000000E+00  5.7900000000E+00  5.65396E-08  1.00000E+02
  5.7900000000E+00  5.7950000000E+00  5.65396E-08  1.00000E+02
  5.7950000000E+00  5.8000000000E+00  2.33889E-06  7.00215E+01
  5.8000000000E+00  5.8050000000E+00  2.15180E-06  1.00000E+02
  5.8050000000E+00  5.8100000000E+00  1.55616E-06  1.00000E+02
  5.8100000000E+00  5.8150000000E+00  6.30331E-08  1.00000E+02
  5.8150000000E+00  5.8200000000E+00  6.30331E-08  1.00000E+02
  5.8200000000E+00  5.8250000000E+00  6.30331E-08  1.00000E+02
  5.8250000000E+00  5.8300000000E+00  6.30331E-08  1.00000E+02
  5.8300000000E+00  5.8350000000E+00  6.30331E-08  1.00000E+02
  5.8350000000E+00  5.8400000000E+00  6.30331E-08  9.99999E+01
  5.8400000000E+00  5.8450000000E+00  6.30331E-08  1.00000E+02
  5.8450000000E+00  5.8500000000E+00  6.30331E-08  1.00000E+02
  5.8500000000E+00  5.8550000000E+00  6.30331E-08  1.00000E+02
  5.8550000000E+00  5.8600000000E+00  6.30331E-08  1.00000E+02
  5.8600000000E+00  5.8650000000E+00  6.30331E-08  1.00000E+02
  5.8650000000E+00  5.8700000000E+00  6.30331E-08  1.00000E+02
  5.8700000000E+00  5.8750000000E+00  8.41733E-08  7.75709E+01
  5.8750000000E+00  5.8800000000E+00  1.09598E-06  9.40858E+01
  5.8800000000E+00  5.8850000000E+00  6.30331E-08  1.00000E+02
  5.8850000000E+00  5.8900000000E+00  6.30331E-08  1.00000E+02
  5.8900000000E+00  5.8950000000E+00  6.30331E-08  1.00000E+02
  5.8950000000E+00  5.9000000000E+00  6.30331E-08  1.00000E+02
  5.9000000000E+00  5.9050000000E+00  6.30331E-08  1.00000E+02
  5.9050000000E+00  5.9100000000E+00  6.30331E-08  1.00000E+02
  5.9100000000E+00  5.9150000000E+00  6.30331E-08  1.00000E+02
  5.9150000000E+00  5.9200000000E+00  6.30331E-08  1.00000E+02
  5.9200000000E+00  5.9250000000E+00  6.30331E-08  1.00000E+02
  5.9250000000E+00  5.9300000000E+00  6.80931E-08  1.00000E+02
  5.9300000000E+00  5.9350000000E+00  6.96020E-08  1.00000E+02
  5.9350000000E+00  5.9400000000E+00  6.96020E-08  1.00000E+02
  5.9400000000E+00  5.9450000000E+00  6.96020E-08  1.00000E+02
  5.9450000000E+00  5.9500000000E+00  6.96020E-08  1.00000E+02
  5.9500000000E+00  5.9550000000E+00  6.96020E-08  1.00000E+02
  5.9550000000E+00  5.9600000000E+00  6.96020E-08  1.00000E+02
  5.9600000000E+00  5.9650000000E+00  6.96020E-08  1.00000E+02
  5.9650000000E+00  5.9700000000E+00  1.07153E-06  9.33478E+01
  5.9700000000E+00  5.9750000000E+00  1.48390E-07  6.87471E+01
  5.9750000000E+00  5.9800000000E+00  4.17154E-07  8.34663E+01
  5.9800000000E+00  5.9850000000E+00  4.65772E-07  8.54892E+01
  5.9850000000E+00  5.9900000000E+00  5.57459E-07  8.76705E+01
  5.9900000000E+00  5.9950000000E+00  8.80051E-07  9.19654E+01
  5.9950000000E+00  6.0000000000E+00  3.32617E-07  8.05976E+01
  6.0000000000E+00  6.0050000000E+00  6.96020E-08  1.00000E+02
  6.0050000000E+00  6.0100000000E+00  2.51288E-07  7.58891E+01
  6.0100000000E+00  6.0150000000E+00  3.39215E-07  8.09101E+01
  6.0150000000E+00  6.0200000000E+00  3.51905E-07  8.14862E+01
  6.0200000000E+00  6.0250000000E+00  4.08545E-07  7.22905E+01
  6.0250000000E+00  6.0300000000E+00  4.74784E-07  6.71590E+01
  6.0300000000E+00  6.0350000000E+00  5.22860E-07  6.94239E+01
  6.0350000000E+00  6.0400000000E+00  6.17258E-07  7.33656E+01
  6.0400000000E+00  6.0450000000E+00  6.71829E-07  7.52788E+01
  6.0450000000E+00  6.0500000000E+00  9.42116E-07  8.18546E+01
  6.0500000000E+00  6.0550000000E+00  7.24851E-07  7.69045E+01
  6.0550000000E+00  6.0600000000E+00  2.40845E-07  5.50761E+01
  6.0600000000E+00  6.0650000000E+00  7.39398E-07  7.73155E+01
  6.0650000000E+00  6.0700000000E+00  1.73378E-07  6.97919E+01
  6.0700000000E+00  6.0750000000E+00  2.09228E-07  6.08490E+01
  6.0750000000E+00  6.0800000000E+00  1.79954E-07  7.02279E+01
  6.0800000000E+00  6.0850000000E+00  1.79954E-07  7.02279E+01
  6.0850000000E+00  6.0900000000E+00  2.09321E-07  6.86533E+01
  6.0900000000E+00  6.0950000000E+00  2.35201E-07  6.88266E+01
  6.0950000000E+00  6.1000000000E+00  2.35201E-07  6.88266E+01
  6.1000000000E+00  6.1050000000E+00  7.16471E-07  8.53071E+01
  6.1050000000E+00  6.1100000000E+00  9.04302E-07  8.71617E+01
  6.1100000000E+00  6.1150000000E+00  2.46490E-07  6.86285E+01
  6.1150000000E+00  6.1200000000E+00  2.51786E-07  6.86880E+01
  6.1200000000E+00  6.1250000000E+00  2.57286E-07  6.87791E+01
  6.1250000000E+00  6.1300000000E+00  2.72930E-07  6.45996E+01
  6.1300000000E+00  6.1350000000E+00  2.57286E-07  6.87791E+01
  6.1350000000E+00  6.1400000000E+00  2.57778E-07  6.87686E+01
  6.1400000000E+00  6.1450000000E+00  2.57989E-07  6.87642E+01
  6.1450000000E+00  6.1500000000E+00  2.57989E-07  6.87642E+01
  6.1500000000E+00  6.1550000000E+00  2.57989E-07  6.87642E+01
  6.1550000000E+00  6.1600000000E+00  2.57989E-07  6.87642E+01
  6.1600000000E+00  6.1650000000E+00  2.74150E-07  6.85997E+01
  6.1650000000E+00  6.1700000000E+00  2.82641E-07  6.86287E+01
  6.1700000000E+00  6.1750000000E+00  2.82641E-07  6.86287E+01
  6.1750000000E+00  6.1800000000E+00  2.82641E-07  6.86287E+01
  6.1800000000E+00  6.1850000000E+00  2.80560E-07  6.86154E+01
  6.1850000000E+00  6.1900000000E+00  2.80497E-07  6.85998E+01
  6.1900000000E+00  6.1950000000E+00  2.85669E-07  6.86084E+01
  6.1950000000E+00  6.2000000000E+00  2.86596E-07  6.86050E+01
  6.2000000000E+00  6.2050000000E+00  3.12855E-07  6.88044E+01
  6.2050000000E+00  6.2100000000E+00  3.12855E-07  6.88044E+01
  6.2100000000E+00  6.2150000000E+00  4.56512E-07  5.45364E+01
  6.2150000000E+00  6.2200000000E+00  3.38078E-07  6.93743E+01
  6.2200000000E+00  6.2250000000E+00  3.38078E-07  6.93742E+01
  6.2250000000E+00  6.2300000000E+00  3.44650E-07  6.95617E+01
  6.2300000000E+00  6.2350000000E+00  6.02270E-07  5.80625E+01
  6.2350000000E+00  6.2400000000E+00  7.36677E-07  5.88432E+01
  6.2400000000E+00  6.2450000000E+00  7.99022E-07  6.03452E+01
  6.2450000000E+00  6.2500000000E+00  8.62355E-07  6.10270E+01
  6.2500000000E+00  6.2550000000E+00  9.48049E-07  6.29126E+01
  6.2550000000E+00  6.2600000000E+00  1.18430E-06  6.69470E+01
  6.2600000000E+00  6.2650000000E+00  1.38063E-06  6.82609E+01
  6.2650000000E+00  6.2700000000E+00  5.15411E-07  7.40594E+01
  6.2700000000E+00  6.2750000000E+00  6.04145E-07  7.67847E+01
  6.2750000000E+00  6.2800000000E+00  9.18577E-07  8.34932E+01
  6.2800000000E+00  6.2850000000E+00  3.76582E-07  6.95360E+01
  6.2850000000E+00  6.2900000000E+00  1.58857E-07  9.99997E+01
  6.2900000000E+00  6.2950000000E+00  1.59428E-07  1.00000E+02
  6.2950000000E+00  6.3000000000E+00  1.60810E-07  1.00000E+02
  6.3000000000E+00  6.3050000000E+00  1.60943E-07  9.99124E+01
  6.3050000000E+00  6.3100000000E+00  1.60810E-07  1.00000E+02
  6.3100000000E+00  6.3150000000E+00  1.60810E-07  1.00000E+02
  6.3150000000E+00  6.3200000000E+00  1.60810E-07  1.00000E+02
  6.3200000000E+00  6.3250000000E+00  1.60810E-07  1.00000E+02
  6.3250000000E+00  6.3300000000E+00  1.60810E-07  1.00000E+02
  6.3300000000E+00  6.3350000000E+00  2.54953E-07  6.85230E+01
  6.3350000000E+00  6.3400000000E+00  1.85267E-06  6.23990E+01
  6.3400000000E+00  6.3450000000E+00  4.98961E-07  7.25788E+01
  6.3450000000E+00  6.3500000000E+00  1.68211E-07  1.00000E+02
  6.3500000000E+00  6.3550000000E+00  1.68211E-07  1.00000E+02
  6.3550000000E+00  6.3600000000E+00  1.69981E-07  9.89026E+01
  6.3600000000E+00  6.3650000000E+00  1.72524E-07  1.00000E+02
  6.3650000000E+00  6.3700000000E+00  2.97165E-07  6.91859E+01
  6.3700000000E+00  6.3750000000E+00  5.81136E-08  1.00000E+02
  6.3750000000E+00  6.3800000000E+00  5.81136E-08  1.00000E+02
  6.3800000000E+00  6.3850000000E+00  5.81136E-08  1.00000E+02
  6.3850000000E+00  6.3900000000E+00  5.81136E-08  1.00000E+02
  6.3900000000E+00  6.3950000000E+00  5.81136E-08  1.00000E+02
  6.3950000000E+00  6.4000000000E+00  6.11638E-08  1.00000E+02
  6.4000000000E+00  6.4050000000E+00  6.35402E-08  1.00000E+02
  6.4050000000E+00  6.4100000000E+00  6.35402E-08  1.00000E+02
  6.4100000000E+00  6.4150000000E+00  6.35402E-08  1.00000E+02
  6.4150000000E+00  6.4200000000E+00  6.35402E-08  1.00000E+02
  6.4200000000E+00  6.4250000000E+00  6.35402E-08  1.00000E+02
  6.4250000000E+00  6.4300000000E+00  6.44614E-08  9.84964E+01
  6.4300000000E+00  6.4350000000E+00  6.35402E-08  1.00000E+02
  6.4350000000E+00  6.4400000000E+00  6.35402E-08  1.00000E+02
  6.4400000000E+00  6.4450000000E+00  6.35402E-08  1.00000E+02
  6.4450000000E+00  6.4500000000E+00  6.35402E-08  1.00000E+02
  6.4500000000E+00  6.4550000000E+00  6.35402E-08  1.00000E+02
  6.4550000000E+00  6.4600000000E+00  6.35402E-08  1.00000E+02
  6.4600000000E+00  6.4650000000E+00  6.35402E-08  1.00000E+02
  6.4650000000E+00  6.4700000000E+00  6.35402E-08  1.00000E+02
  6.4700000000E+00  6.4750000000E+00  6.35402E-08  1.00000E+02
  6.4750000000E+00  6.4800000000E+00  6.35402E-08  1.00000E+02
  6.4800000000E+00  6.4850000000E+00  2.49779E-07  7.73524E+01
  6.4850000000E+00  6.4900000000E+00  7.10710E-07  9.09726E+01
  6.4900000000E+00  6.4950000000E+00  1.03356E-06  9.36919E+01
  6.4950000000E+00  6.5000000000E+00  4.51554E-07  8.62524E+01
  6.5000000000E+00  6.5050000000E+00  2.31943E-08  1.00000E+02
  6.5050000000E+00  6.5100000000E+00  2.04568E-10  1.00000E+02
  6.5100000000E+00  6.5150000000E+00  0.00000E+00  0.00000E+00
  6.5150000000E+00  6.5200000000E+00  6.84303E-10  1.00000E+02
  6.5200000000E+00  6.5250000000E+00  7.28485E-09  1.00000E+02
  6.5250000000E+00  6.5300000000E+00  0.00000E+00  0.00000E+00
  6.5300000000E+00  6.5350000000E+00  1.80385E-14  1.00000E+02
  6.5350000000E+00  6.5400000000E+00  0.00000E+00  0.00000E+00
  6.5400000000E+00  6.5450000000E+00  0.00000E+00  0.00000E+00
  6.5450000000E+00  6.5500000000E+00  5.55025E-15  1.00000E+02
  6.5500000000E+00  6.5550000000E+00  1.35510E-08  9.99999E+01
  6.5550000000E+00  6.5600000000E+00  0.00000E+00  0.00000E+00
  6.5600000000E+00  6.5650000000E+00  0.00000E+00  0.00000E+00
  6.5650000000E+00  6.5700000000E+00  0.00000E+00  0.00000E+00
  6.5700000000E+00  6.5750000000E+00  0.00000E+00  0.00000E+00
  6.5750000000E+00  6.5800000000E+00  0.00000E+00  0.00000E+00
  6.5800000000E+00  6.5850000000E+00  0.00000E+00  0.00000E+00
  6.5850000000E+00  6.5900000000E+00  4.92932E-08  1.00000E+02
  6.5900000000E+00  6.5950000000E+00  1.26902E-10  1.00000E+02
  6.5950000000E+00  6.6000000000E+00  2.40053E-12  1.00000E+02
  6.6000000000E+00  6.6050000000E+00  5.52784E-12  1.00000E+02
  6.6050000000E+00  6.6100000000E+00  4.31838E-08  1.00000E+02
  6.6100000000E+00  6.6150000000E+00  0.00000E+00  0.00000E+00
  6.6150000000E+00  6.6200000000E+00  0.00000E+00  0.00000E+00
  6.6200000000E+00  6.6250000000E+00  0.00000E+00  0.00000E+00
  6.6250000000E+00  6.6300000000E+00  0.00000E+00  0.00000E+00
  6.6300000000E+00  6.6350000000E+00  0.00000E+00  0.00000E+00
  6.6350000000E+00  6.6400000000E+00  0.00000E+00  0.00000E+00
  6.6400000000E+00  6.6450000000E+00  1.94676E-08  1.00000E+02
  6.6450000000E+00  6.6500000000E+00  0.00000E+00  0.00000E+00
  6.6500000000E+00  6.6550000000E+00  3.06811E-14  1.00000E+02
  6.6550000000E+00  6.6600000000E+00  2.75176E-14  1.00000E+02
  6.6600000000E+00  6.6650000000E+00  3.14650E-06  1.00000E+02
  6.6650000000E+00  6.6700000000E+00  1.08208E-14  1.00000E+02
  6.6700000000E+00  6.6750000000E+00  0.00000E+00  0.00000E+00
  6.6750000000E+00  6.6800000000E+00  0.00000E+00  0.00000E+00
  6.6800000000E+00  6.6850000000E+00  7.66746E-15  1.00000E+02
  6.6850000000E+00  6.6900000000E+00  5.04272E-15  1.00000E+02
  6.6900000000E+00  6.6950000000E+00  8.79372E-15  1.00000E+02
  6.6950000000E+00  6.7000000000E+00  0.00000E+00  0.00000E+00
  6.7000000000E+00  6.7050000000E+00  1.48749E-14  1.00000E+02
  6.7050000000E+00  6.7100000000E+00  0.00000E+00  0.00000E+00
  6.7100000000E+00  6.7150000000E+00  4.35631E-14  1.00000E+02
  6.7150000000E+00  6.7200000000E+00  0.00000E+00  0.00000E+00
  6.7200000000E+00  6.7250000000E+00  0.00000E+00  0.00000E+00
  6.7250000000E+00  6.7300000000E+00  0.00000E+00  0.00000E+00
  6.7300000000E+00  6.7350000000E+00  0.00000E+00  0.00000E+00
  6.7350000000E+00  6.7400000000E+00  0.00000E+00  0.00000E+00
  6.7400000000E+00  6.7450000000E+00  0.00000E+00  0.00000E+00
  6.7450000000E+00  6.7500000000E+00  0.00000E+00  0.00000E+00
  6.7500000000E+00  6.7550000000E+00  3.61311E-12  9.95979E+01
  6.7550000000E+00  6.7600000000E+00  0.00000E+00  0.00000E+00
  6.7600000000E+00  6.7650000000E+00  0.00000E+00  0.00000E+00
  6.7650000000E+00  6.7700000000E+00  0.00000E+00  0.00000E+00
  6.7700000000E+00  6.7750000000E+00  0.00000E+00  0.00000E+00
  6.7750000000E+00  6.7800000000E+00  0.00000E+00  0.00000E+00
  6.7800000000E+00  6.7850000000E+00  0.00000E+00  0.00000E+00
  6.7850000000E+00  6.7900000000E+00  0.00000E+00  0.00000E+00
  6.7900000000E+00  6.7950000000E+00  2.62861E-12  1.00000E+02
  6.7950000000E+00  6.8000000000E+00  0.00000E+00  0.00000E+00
  6.8000000000E+00  6.8050000000E+00  0.00000E+00  0.00000E+00
  6.8050000000E+00  6.8100000000E+00  3.86826E-10  1.00000E+02
  6.8100000000E+00  6.8150000000E+00  0.00000E+00  0.00000E+00
  6.8150000000E+00  6.8200000000E+00  0.00000E+00  0.00000E+00
  6.8200000000E+00  6.8250000000E+00  0.00000E+00  0.00000E+00
  6.8250000000E+00  6.8300000000E+00  0.00000E+00  0.00000E+00
  6.8300000000E+00  6.8350000000E+00  0.00000E+00  0.00000E+00
  6.8350000000E+00  6.8400000000E+00  0.00000E+00  0.00000E+00
  6.8400000000E+00  6.8450000000E+00  0.00000E+00  0.00000E+00
  6.8450000000E+00  6.8500000000E+00  0.00000E+00  0.00000E+00
  6.8500000000E+00  6.8550000000E+00  1.14753E-11  1.00000E+02
  6.8550000000E+00  6.8600000000E+00  0.00000E+00  0.00000E+00
  6.8600000000E+00  6.8650000000E+00  0.00000E+00  0.00000E+00
  6.8650000000E+00  6.8700000000E+00  0.00000E+00  0.00000E+00
  6.8700000000E+00  6.8750000000E+00  0.00000E+00  0.00000E+00
  6.8750000000E+00  6.8800000000E+00  0.00000E+00  0.00000E+00
  6.8800000000E+00  6.8850000000E+00  5.55025E-15  1.00000E+02
  6.8850000000E+00  6.8900000000E+00  0.00000E+00  0.00000E+00
  6.8900000000E+00  6.8950000000E+00  4.38267E-14  1.00000E+02
  6.8950000000E+00  6.9000000000E+00  1.10833E-09  1.00000E+02
  6.9000000000E+00  6.9050000000E+00  0.00000E+00  0.00000E+00
  6.9050000000E+00  6.9100000000E+00  0.00000E+00  0.00000E+00
  6.9100000000E+00  6.9150000000E+00  0.00000E+00  0.00000E+00
  6.9150000000E+00  6.9200000000E+00  0.00000E+00  0.00000E+00
  6.9200000000E+00  6.9250000000E+00  0.00000E+00  0.00000E+00
  6.9250000000E+00  6.9300000000E+00  0.00000E+00  0.00000E+00
  6.9300000000E+00  6.9350000000E+00  0.00000E+00  0.00000E+00
  6.9350000000E+00  6.9400000000E+00  2.14364E-14  1.00000E+02
  6.9400000000E+00  6.9450000000E+00  0.00000E+00  0.00000E+00
  6.9450000000E+00  6.9500000000E+00  0.00000E+00  0.00000E+00
  6.9500000000E+00  6.9550000000E+00  1.08208E-14  1.00000E+02
  6.9550000000E+00  6.9600000000E+00  0.00000E+00  0.00000E+00
  6.9600000000E+00  6.9650000000E+00  1.61856E-13  1.00000E+02
  6.9650000000E+00  6.9700000000E+00  0.00000E+00  0.00000E+00
  6.9700000000E+00  6.9750000000E+00  0.00000E+00  0.00000E+00
  6.9750000000E+00  6.9800000000E+00  0.00000E+00  0.00000E+00
  6.9800000000E+00  6.9850000000E+00  0.00000E+00  0.00000E+00
  6.9850000000E+00  6.9900000000E+00  0.00000E+00  0.00000E+00
  6.9900000000E+00  6.9950000000E+00  0.00000E+00  0.00000E+00
  6.9950000000E+00  7.0000000000E+00  0.00000E+00  0.00000E+00
  7.0000000000E+00  7.0000000000E+00  0.00000E+00  0.00000E+00