# Detector n: 1D Projection
  1.0000000000E+00  1.0050000000E+00  9.82699E-03  4.38743E-01
  1.0050000000E+00  1.0100000000E+00  9.75345E-03  2.80252E-01
  1.0100000000E+00  1.0150000000E+00  9.79383E-03  3.89255E-01
  1.0150000000E+00  1.0200000000E+00  9.82062E-03  3.51056E-01
  1.0200000000E+00  1.0250000000E+00  9.80931E-03  4.57469E-01
  1.0250000000E+00  1.0300000000E+00  9.70934E-03  2.29331E-01
  1.0300000000E+00  1.0350000000E+00  9.75400E-03  3.55318E-01
  1.0350000000E+00  1.0400000000E+00  9.74309E-03  2.92362E-01
  1.0400000000E+00  1.0450000000E+00  9.78501E-03  3.87863E-01
  1.0450000000E+00  1.0500000000E+00  9.78620E-03  4.22222E-01
  1.0500000000E+00  1.0550000000E+00  9.78066E-03  3.29841E-01
  1.0550000000E+00  1.0600000000E+00  9.78047E-03  2.12241E-01
  1.0600000000E+00  1.0650000000E+00  9.79317E-03  3.52336E-01
  1.0650000000E+00  1.0700000000E+00  9.80765E-03  4.35166E-01
  1.0700000000E+00  1.0750000000E+00  9.75516E-03  2.15815E-01
  1.0750000000E+00  1.0800000000E+00  9.79675E-03  3.19684E-01
  1.0800000000E+00  1.0850000000E+00  9.81224E-03  2.57792E-01
  1.0850000000E+00  1.0900000000E+00  9.95359E-03  3.19243E-01
  1.0900000000E+00  1.0950000000E+00  9.96520E-03  4.37335E-01
  1.0950000000E+00  1.1000000000E+00  9.88557E-03  2.07970E-01
  1.1000000000E+00  1.1050000000E+00  9.88321E-03  2.48283E-01
  1.1050000000E+00  1.1100000000E+00  9.94391E-03  3.04412E-01
  1.1100000000E+00  1.1150000000E+00  9.94261E-03  3.03885E-01
  1.1150000000E+00  1.1200000000E+00  9.91520E-03  3.12558E-01
  1.1200000000E+00  1.1250000000E+00  9.90799E-03  2.80580E-01
  1.1250000000E+00  1.1300000000E+00  9.94901E-03  3.09754E-01
  1.1300000000E+00  1.1350000000E+00  9.92011E-03  3.64315E-01
  1.1350000000E+00  1.1400000000E+00  9.90169E-03  2.66613E-01
  1.1400000000E+00  1.1450000000E+00  9.89006E-03  1.86191E-01
  1.1450000000E+00  1.1500000000E+00  9.99769E-03  4.17353E-01
  1.1500000000E+00  1.1550000000E+00  9.99105E-03  4.47191E-01
  1.1550000000E+00  1.1600000000E+00  1.00138E-02  4.75986E-01
  1.1600000000E+00  1.1650000000E+00  9.95230E-03  2.68534E-01
  1.1650000000E+00  1.1700000000E+00  9.95678E-03  3.61394E-01
  1.1700000000E+00  1.1750000000E+00  9.96471E-03  2.32613E-01
  1.1750000000E+00  1.1800000000E+00  9.97515E-03  2.98450E-01
  1.1800000000E+00  1.1850000000E+00  9.96771E-03  2.57796E-01
  1.1850000000E+00  1.1900000000E+00  9.98351E-03  3.10417E-01
  1.1900000000E+00  1.1950000000E+00  1.00642E-02  3.04360E-01
  1.1950000000E+00  1.2000000000E+00  1.00405E-02  3.57385E-01
  1.2000000000E+00  1.2050000000E+00  1.00347E-02  3.28837E-01
  1.2050000000E+00  1.2100000000E+00  9.99476E-03  3.50168E-01
  1.2100000000E+00  1.2150000000E+00  1.00204E-02  2.71027E-01
  1.2150000000E+00  1.2200000000E+00  9.97605E-03  2.58702E-01
  1.2200000000E+00  1.2250000000E+00  9.99811E-03  3.43656E-01
  1.2250000000E+00  1.2300000000E+00  1.00199E-02  4.45530E-01
  1.2300000000E+00  1.2350000000E+00  1.00447E-02  3.11722E-01
  1.2350000000E+00  1.2400000000E+00  1.00151E-02  2.56924E-01
  1.2400000000E+00  1.2450000000E+00  1.00323E-02  2.17216E-01
  1.2450000000E+00  1.2500000000E+00  1.00357E-02  2.73564E-01
  1.2500000000E+00  1.2550000000E+00  1.01528E-02  3.34637E-01
  1.2550000000E+00  1.2600000000E+00  1.01713E-02  3.22267E-01
  1.2600000000E+00  1.2650000000E+00  1.01955E-02  3.49316E-01
  1.2650000000E+00  1.2700000000E+00  1.01966E-02  4.27055E-01
  1.2700000000E+00  1.2750000000E+00  1.01833E-02  2.53473E-01
  1.2750000000E+00  1.2800000000E+00  1.01673E-02  1.96144E-01
  1.2800000000E+00  1.2850000000E+00  1.01832E-02  2.24678E-01
  1.2850000000E+00  1.2900000000E+00  1.02648E-02  4.43359E-01
  1.2900000000E+00  1.2950000000E+00  1.02353E-02  3.36801E-01
  1.2950000000E+00  1.3000000000E+00  1.02484E-02  3.84837E-01
  1.3000000000E+00  1.3050000000E+00  1.02163E-02  4.54405E-01
  1.3050000000E+00  1.3100000000E+00  1.02142E-02  2.32976E-01
  1.3100000000E+00  1.3150000000E+00  1.02139E-02  2.69882E-01
  1.3150000000E+00  1.3200000000E+00  1.01976E-02  4.20844E-01
  1.3200000000E+00  1.3250000000E+00  1.01767E-02  3.03681E-01
  1.3250000000E+00  1.3300000000E+00  1.02358E-02  4.30936E-01
  1.3300000000E+00  1.3350000000E+00  1.02688E-02  4.31623E-01
  1.3350000000E+00  1.3400000000E+00  1.02050E-02  2.95106E-01
  1.3400000000E+00  1.3450000000E+00  1.02181E-02  3.24764E-01
  1.3450000000E+00  1.3500000000E+00  1.01856E-02  3.13203E-01
  1.3500000000E+00  1.3550000000E+00  1.02465E-02  3.69776E-01
  1.3550000000E+00  1.3600000000E+00  1.02445E-02  3.25179E-01
  1.3600000000E+00  1.3650000000E+00  1.02111E-02  3.73198E-01
  1.3650000000E+00  1.3700000000E+00  1.02504E-02  3.80405E-01
  1.3700000000E+00  1.3750000000E+00  1.02441E-02  3.43771E-01
  1.3750000000E+00  1.3800000000E+00  1.02378E-02  4.19038E-01
  1.3800000000E+00  1.3850000000E+00  1.02369E-02  3.48059E-01
  1.3850000000E+00  1.3900000000E+00  1.02942E-02  4.09152E-01
  1.3900000000E+00  1.3950000000E+00  1.02860E-02  2.20715E-01
  1.3950000000E+00  1.4000000000E+00  1.02602E-02  2.48408E-01
  1.4000000000E+00  1.4050000000E+00  1.02014E-02  1.68850E-01
  1.4050000000E+00  1.4100000000E+00  1.01961E-02  1.77543E-01
  1.4100000000E+00  1.4150000000E+00  1.02585E-02  2.98322E-01
  1.4150000000E+00  1.4200000000E+00  1.02634E-02  2.33590E-01
  1.4200000000E+00  1.4250000000E+00  1.02626E-02  3.25330E-01
  1.4250000000E+00  1.4300000000E+00  1.02124E-02  2.32462E-01
  1.4300000000E+00  1.4350000000E+00  1.02189E-02  3.48637E-01
  1.4350000000E+00  1.4400000000E+00  1.02787E-02  2.94166E-01
  1.4400000000E+00  1.4450000000E+00  1.02608E-02  2.52930E-01
  1.4450000000E+00  1.4500000000E+00  1.02733E-02  2.31703E-01
  1.4500000000E+00  1.4550000000E+00  1.02768E-02  2.37926E-01
  1.4550000000E+00  1.4600000000E+00  1.02722E-02  3.27774E-01
  1.4600000000E+00  1.4650000000E+00  1.02964E-02  3.29358E-01
  1.4650000000E+00  1.4700000000E+00  1.03171E-02  3.74207E-01
  1.4700000000E+00  1.4750000000E+00  1.03401E-02  3.44749E-01
  1.4750000000E+00  1.4800000000E+00  1.03397E-02  2.20209E-01
  1.4800000000E+00  1.4850000000E+00  1.03629E-02  3.01143E-01
  1.4850000000E+00  1.4900000000E+00  1.03018E-02  3.22637E-01
  1.4900000000E+00  1.4950000000E+00  1.03290E-02  3.73710E-01
  1.4950000000E+00  1.5000000000E+00  1.03546E-02  3.18305E-01
  1.5000000000E+00  1.5050000000E+00  1.03972E-02  3.90226E-01
  1.5050000000E+00  1.5100000000E+00  1.03766E-02  3.19591E-01
  1.5100000000E+00  1.5150000000E+00  1.03836E-02  4.45594E-01
  1.5150000000E+00  1.5200000000E+00  1.03256E-02  3.33279E-01
  1.5200000000E+00  1.5250000000E+00  1.03532E-02  2.99766E-01
  1.5250000000E+00  1.5300000000E+00  1.03076E-02  2.81626E-01
  1.5300000000E+00  1.5350000000E+00  1.03261E-02  2.08929E-01
  1.5350000000E+00  1.5400000000E+00  1.03694E-02  4.47081E-01
  1.5400000000E+00  1.5450000000E+00  1.03223E-02  3.23875E-01
  1.5450000000E+00  1.5500000000E+00  1.04397E-02  3.50793E-01
  1.5500000000E+00  1.5550000000E+00  1.04071E-02  3.35078E-01
  1.5550000000E+00  1.5600000000E+00  1.03941E-02  2.64643E-01
  1.5600000000E+00  1.5650000000E+00  1.03702E-02  1.97037E-01
  1.5650000000E+00  1.5700000000E+00  1.04183E-02  3.32954E-01
  1.5700000000E+00  1.5750000000E+00  1.04484E-02  2.48309E-01
  1.5750000000E+00  1.5800000000E+00  1.04633E-02  3.39048E-01
  1.5800000000E+00  1.5850000000E+00  1.04903E-02  2.34752E-01
  1.5850000000E+00  1.5900000000E+00  1.05191E-02  3.40408E-01
  1.5900000000E+00  1.5950000000E+00  1.05021E-02  3.07858E-01
  1.5950000000E+00  1.6000000000E+00  1.05390E-02  3.99465E-01
  1.6000000000E+00  1.6050000000E+00  1.05119E-02  3.12832E-01
  1.6050000000E+00  1.6100000000E+00  1.05528E-02  3.96234E-01
  1.6100000000E+00  1.6150000000E+00  1.05076E-02  3.64303E-01
  1.6150000000E+00  1.6200000000E+00  1.04718E-02  3.15578E-01
  1.6200000000E+00  1.6250000000E+00  1.05034E-02  3.26128E-01
  1.6250000000E+00  1.6300000000E+00  1.05062E-02  2.56942E-01
  1.6300000000E+00  1.6350000000E+00  1.05292E-02  2.47521E-01
  1.6350000000E+00  1.6400000000E+00  1.04997E-02  2.73536E-01
  1.6400000000E+00  1.6450000000E+00  1.05188E-02  3.13478E-01
  1.6450000000E+00  1.6500000000E+00  1.04894E-02  2.38844E-01
  1.6500000000E+00  1.6550000000E+00  1.05310E-02  3.18235E-01
  1.6550000000E+00  1.6600000000E+00  1.05462E-02  2.68885E-01
  1.6600000000E+00  1.6650000000E+00  1.05516E-02  3.23943E-01
  1.6650000000E+00  1.6700000000E+00  1.05513E-02  4.22467E-01
  1.6700000000E+00  1.6750000000E+00  1.05485E-02  3.55666E-01
  1.6750000000E+00  1.6800000000E+00  1.05545E-02  2.11506E-01
  1.6800000000E+00  1.6850000000E+00  1.05465E-02  1.99880E-01
  1.6850000000E+00  1.6900000000E+00  1.05680E-02  3.06515E-01
  1.6900000000E+00  1.6950000000E+00  1.05740E-02  2.02055E-01
  1.6950000000E+00  1.7000000000E+00  1.05715E-02  2.72076E-01
  1.7000000000E+00  1.7050000000E+00  1.05582E-02  2.11399E-01
  1.7050000000E+00  1.7100000000E+00  1.05939E-02  2.83490E-01
  1.7100000000E+00  1.7150000000E+00  1.06122E-02  3.16888E-01
  1.7150000000E+00  1.7200000000E+00  1.06073E-02  4.34614E-01
  1.7200000000E+00  1.7250000000E+00  1.06316E-02  3.28890E-01
  1.7250000000E+00  1.7300000000E+00  1.05967E-02  3.34362E-01
  1.7300000000E+00  1.7350000000E+00  1.06146E-02  2.92528E-01
  1.7350000000E+00  1.7400000000E+00  1.05943E-02  2.57568E-01
  1.7400000000E+00  1.7450000000E+00  1.05988E-02  2.87095E-01
  1.7450000000E+00  1.7500000000E+00  1.06511E-02  2.90719E-01
  1.7500000000E+00  1.7550000000E+00  1.07113E-02  3.77472E-01
  1.7550000000E+00  1.7600000000E+00  1.06658E-02  2.89642E-01
  1.7600000000E+00  1.7650000000E+00  1.06978E-02  3.04638E-01
  1.7650000000E+00  1.7700000000E+00  1.06770E-02  3.04422E-01
  1.7700000000E+00  1.7750000000E+00  1.06784E-02  2.92881E-01
  1.7750000000E+00  1.7800000000E+00  1.06694E-02  3.34141E-01
  1.7800000000E+00  1.7850000000E+00  1.06922E-02  4.02390E-01
  1.7850000000E+00  1.7900000000E+00  1.06728E-02  3.18389E-01
  1.7900000000E+00  1.7950000000E+00  1.06724E-02  3.50101E-01
  1.7950000000E+00  1.8000000000E+00  1.06775E-02  2.74142E-01
  1.8000000000E+00  1.8050000000E+00  1.06733E-02  2.63174E-01
  1.8050000000E+00  1.8100000000E+00  1.07772E-02  3.60110E-01
  1.8100000000E+00  1.8150000000E+00  1.06904E-02  2.07868E-01
  1.8150000000E+00  1.8200000000E+00  1.07284E-02  3.19236E-01
  1.8200000000E+00  1.8250000000E+00  1.07796E-02  3.28277E-01
  1.8250000000E+00  1.8300000000E+00  1.07286E-02  3.41888E-01
  1.8300000000E+00  1.8350000000E+00  1.07086E-02  3.06773E-01
  1.8350000000E+00  1.8400000000E+00  1.06985E-02  2.98448E-01
  1.8400000000E+00  1.8450000000E+00  1.07452E-02  3.64785E-01
  1.8450000000E+00  1.8500000000E+00  1.06969E-02  2.05199E-01
  1.8500000000E+00  1.8550000000E+00  1.07170E-02  2.86187E-01
  1.8550000000E+00  1.8600000000E+00  1.07571E-02  2.95525E-01
  1.8600000000E+00  1.8650000000E+00  1.07804E-02  2.67825E-01
  1.8650000000E+00  1.8700000000E+00  1.07479E-02  1.88196E-01
  1.8700000000E+00  1.8750000000E+00  1.07751E-02  3.58578E-01
  1.8750000000E+00  1.8800000000E+00  1.07414E-02  2.62157E-01
  1.8800000000E+00  1.8850000000E+00  1.07525E-02  2.98970E-01
  1.8850000000E+00  1.8900000000E+00  1.07900E-02  2.29859E-01
  1.8900000000E+00  1.8950000000E+00  1.08688E-02  3.51966E-01
  1.8950000000E+00  1.9000000000E+00  1.07935E-02  2.28864E-01
  1.9000000000E+00  1.9050000000E+00  1.08252E-02  2.58225E-01
  1.9050000000E+00  1.9100000000E+00  1.08205E-02  2.09978E-01
  1.9100000000E+00  1.9150000000E+00  1.08228E-02  2.99757E-01
  1.9150000000E+00  1.9200000000E+00  1.08162E-02  2.51993E-01
  1.9200000000E+00  1.9250000000E+00  1.08255E-02  2.51793E-01
  1.9250000000E+00  1.9300000000E+00  1.08452E-02  2.19676E-01
  1.9300000000E+00  1.9350000000E+00  1.08250E-02  2.34429E-01
  1.9350000000E+00  1.9400000000E+00  1.08763E-02  2.65741E-01
  1.9400000000E+00  1.9450000000E+00  1.08713E-02  3.35206E-01
  1.9450000000E+00  1.9500000000E+00  1.08344E-02  2.57368E-01
  1.9500000000E+00  1.9550000000E+00  1.08136E-02  2.53991E-01
  1.9550000000E+00  1.9600000000E+00  1.08144E-02  2.40377E-01
  1.9600000000E+00  1.9650000000E+00  1.08838E-02  3.38349E-01
  1.9650000000E+00  1.9700000000E+00  1.09051E-02  2.92689E-01
  1.9700000000E+00  1.9750000000E+00  1.08580E-02  2.97710E-01
  1.9750000000E+00  1.9800000000E+00  1.09069E-02  3.08208E-01
  1.9800000000E+00  1.9850000000E+00  1.09007E-02  3.14865E-01
  1.9850000000E+00  1.9900000000E+00  1.09127E-02  2.47164E-01
  1.9900000000E+00  1.9950000000E+00  1.08736E-02  2.24213E-01
  1.9950000000E+00  2.0000000000E+00  1.09124E-02  3.41049E-01
  2.0000000000E+00  2.0050000000E+00  1.09435E-02  3.30236E-01
  2.0050000000E+00  2.0100000000E+00  1.09312E-02  4.55727E-01
  2.0100000000E+00  2.0150000000E+00  1.09347E-02  2.47703E-01
  2.0150000000E+00  2.0200000000E+00  1.10154E-02  2.75191E-01
  2.0200000000E+00  2.0250000000E+00  1.09776E-02  3.34404E-01
  2.0250000000E+00  2.0300000000E+00  1.10041E-02  2.58841E-01
  2.0300000000E+00  2.0350000000E+00  1.09819E-02  3.19488E-01
  2.0350000000E+00  2.0400000000E+00  1.09824E-02  3.62048E-01
  2.0400000000E+00  2.0450000000E+00  1.10362E-02  3.05611E-01
  2.0450000000E+00  2.0500000000E+00  1.09869E-02  2.67982E-01
  2.0500000000E+00  2.0550000000E+00  1.10032E-02  3.03192E-01
  2.0550000000E+00  2.0600000000E+00  1.09860E-02  2.50392E-01
  2.0600000000E+00  2.0650000000E+00  1.10098E-02  3.09564E-01
  2.0650000000E+00  2.0700000000E+00  1.10227E-02  2.98894E-01
  2.0700000000E+00  2.0750000000E+00  1.09789E-02  2.28191E-01
  2.0750000000E+00  2.0800000000E+00  1.09695E-02  2.47237E-01
  2.0800000000E+00  2.0850000000E+00  1.10234E-02  2.35604E-01
  2.0850000000E+00  2.0900000000E+00  1.10178E-02  2.79554E-01
  2.0900000000E+00  2.0950000000E+00  1.10155E-02  2.15012E-01
  2.0950000000E+00  2.1000000000E+00  1.10489E-02  2.88439E-01
  2.1000000000E+00  2.1050000000E+00  1.10310E-02  2.45216E-01
  2.1050000000E+00  2.1100000000E+00  1.10400E-02  1.93732E-01
  2.1100000000E+00  2.1150000000E+00  1.10567E-02  2.54850E-01
  2.1150000000E+00  2.1200000000E+00  1.10578E-02  2.42632E-01
  2.1200000000E+00  2.1250000000E+00  1.10567E-02  2.41218E-01
  2.1250000000E+00  2.1300000000E+00  1.11204E-02  4.81448E-01
  2.1300000000E+00  2.1350000000E+00  1.10894E-02  3.11101E-01
  2.1350000000E+00  2.1400000000E+00  1.10943E-02  3.26761E-01
  2.1400000000E+00  2.1450000000E+00  1.11271E-02  2.74220E-01
  2.1450000000E+00  2.1500000000E+00  1.10806E-02  2.09695E-01
  2.1500000000E+00  2.1550000000E+00  1.11148E-02  2.46627E-01
  2.1550000000E+00  2.1600000000E+00  1.11197E-02  2.98661E-01
  2.1600000000E+00  2.1650000000E+00  1.11590E-02  2.96236E-01
  2.1650000000E+00  2.1700000000E+00  1.11750E-02  2.73964E-01
  2.1700000000E+00  2.1750000000E+00  1.12567E-02  3.15365E-01
  2.1750000000E+00  2.1800000000E+00  1.11760E-02  2.37970E-01
  2.1800000000E+00  2.1850000000E+00  1.12035E-02  2.53455E-01
  2.1850000000E+00  2.1900000000E+00  1.12603E-02  2.66052E-01
  2.1900000000E+00  2.1950000000E+00  1.12385E-02  3.05334E-01
  2.1950000000E+00  2.2000000000E+00  1.12586E-02  3.48943E-01
  2.2000000000E+00  2.2050000000E+00  1.12456E-02  2.66680E-01
  2.2050000000E+00  2.2100000000E+00  1.12201E-02  1.62612E-01
  2.2100000000E+00  2.2150000000E+00  1.13114E-02  3.32130E-01
  2.2150000000E+00  2.2200000000E+00  1.12888E-02  3.11918E-01
  2.2200000000E+00  2.2250000000E+00  1.13131E-02  3.26158E-01
  2.2250000000E+00  2.2300000000E+00  1.12970E-02  2.89116E-01
  2.2300000000E+00  2.2350000000E+00  1.12650E-02  3.04333E-01
  2.2350000000E+00  2.2400000000E+00  1.13238E-02  3.60878E-01
  2.2400000000E+00  2.2450000000E+00  1.12823E-02  2.37147E-01
  2.2450000000E+00  2.2500000000E+00  1.12914E-02  3.06127E-01
  2.2500000000E+00  2.2550000000E+00  1.12797E-02  3.10828E-01
  2.2550000000E+00  2.2600000000E+00  1.12575E-02  2.89698E-01
  2.2600000000E+00  2.2650000000E+00  1.12604E-02  2.35138E-01
  2.2650000000E+00  2.2700000000E+00  1.13248E-02  2.86637E-01
  2.2700000000E+00  2.2750000000E+00  1.12897E-02  1.96935E-01
  2.2750000000E+00  2.2800000000E+00  1.13637E-02  3.10007E-01
  2.2800000000E+00  2.2850000000E+00  1.13268E-02  2.68990E-01
  2.2850000000E+00  2.2900000000E+00  1.13619E-02  2.48337E-01
  2.2900000000E+00  2.2950000000E+00  1.13376E-02  2.96646E-01
  2.2950000000E+00  2.3000000000E+00  1.13682E-02  3.26203E-01
  2.3000000000E+00  2.3050000000E+00  1.13624E-02  3.25540E-01
  2.3050000000E+00  2.3100000000E+00  1.13927E-02  3.30813E-01
  2.3100000000E+00  2.3150000000E+00  1.13483E-02  1.72334E-01
  2.3150000000E+00  2.3200000000E+00  1.13640E-02  2.18118E-01
  2.3200000000E+00  2.3250000000E+00  1.13995E-02  2.30247E-01
  2.3250000000E+00  2.3300000000E+00  1.14095E-02  2.95628E-01
  2.3300000000E+00  2.3350000000E+00  1.14059E-02  3.15195E-01
  2.3350000000E+00  2.3400000000E+00  1.14282E-02  3.42698E-01
  2.3400000000E+00  2.3450000000E+00  1.14188E-02  2.66568E-01
  2.3450000000E+00  2.3500000000E+00  1.15039E-02  3.13775E-01
  2.3500000000E+00  2.3550000000E+00  1.14744E-02  2.81611E-01
  2.3550000000E+00  2.3600000000E+00  1.15020E-02  2.80726E-01
  2.3600000000E+00  2.3650000000E+00  1.14614E-02  2.43581E-01
  2.3650000000E+00  2.3700000000E+00  1.14735E-02  2.71080E-01
  2.3700000000E+00  2.3750000000E+00  1.14964E-02  2.48953E-01
  2.3750000000E+00  2.3800000000E+00  1.15311E-02  3.44881E-01
  2.3800000000E+00  2.3850000000E+00  1.15515E-02  2.56117E-01
  2.3850000000E+00  2.3900000000E+00  1.15089E-02  2.77211E-01
  2.3900000000E+00  2.3950000000E+00  1.14905E-02  2.78409E-01
  2.3950000000E+00  2.4000000000E+00  1.15189E-02  2.51193E-01
  2.4000000000E+00  2.4050000000E+00  1.15620E-02  2.44519E-01
  2.4050000000E+00  2.4100000000E+00  1.15477E-02  2.63299E-01
  2.4100000000E+00  2.4150000000E+00  1.15663E-02  2.67062E-01
  2.4150000000E+00  2.4200000000E+00  1.15960E-02  3.25941E-01
  2.4200000000E+00  2.4250000000E+00  1.15320E-02  2.60700E-01
  2.4250000000E+00  2.4300000000E+00  1.15787E-02  3.02620E-01
  2.4300000000E+00  2.4350000000E+00  1.15704E-02  2.85167E-01
  2.4350000000E+00  2.4400000000E+00  1.15379E-02  2.64645E-01
  2.4400000000E+00  2.4450000000E+00  1.15478E-02  2.74188E-01
  2.4450000000E+00  2.4500000000E+00  1.15521E-02  2.49415E-01
  2.4500000000E+00  2.4550000000E+00  1.15974E-02  2.80357E-01
  2.4550000000E+00  2.4600000000E+00  1.16355E-02  2.36494E-01
  2.4600000000E+00  2.4650000000E+00  1.16287E-02  3.22637E-01
  2.4650000000E+00  2.4700000000E+00  1.16228E-02  2.49065E-01
  2.4700000000E+00  2.4750000000E+00  1.16132E-02  2.21817E-01
  2.4750000000E+00  2.4800000000E+00  1.16470E-02  2.06912E-01
  2.4800000000E+00  2.4850000000E+00  1.16009E-02  2.46026E-01
  2.4850000000E+00  2.4900000000E+00  1.16294E-02  2.85156E-01
  2.4900000000E+00  2.4950000000E+00  1.17114E-02  3.76460E-01
  2.4950000000E+00  2.5000000000E+00  1.17509E-02  2.75517E-01
  2.5000000000E+00  2.5050000000E+00  1.16844E-02  2.29933E-01
  2.5050000000E+00  2.5100000000E+00  1.16527E-02  2.45005E-01
  2.5100000000E+00  2.5150000000E+00  1.16534E-02  2.21801E-01
  2.5150000000E+00  2.5200000000E+00  1.17034E-02  3.05719E-01
  2.5200000000E+00  2.5250000000E+00  1.16850E-02  2.26508E-01
  2.5250000000E+00  2.5300000000E+00  1.16939E-02  2.01729E-01
  2.5300000000E+00  2.5350000000E+00  1.17381E-02  2.21259E-01
  2.5350000000E+00  2.5400000000E+00  1.16880E-02  1.74060E-01
  2.5400000000E+00  2.5450000000E+00  1.17287E-02  2.84371E-01
  2.5450000000E+00  2.5500000000E+00  1.17368E-02  2.84858E-01
  2.5500000000E+00  2.5550000000E+00  1.17446E-02  2.50032E-01
  2.5550000000E+00  2.5600000000E+00  1.17486E-02  2.89869E-01
  2.5600000000E+00  2.5650000000E+00  1.17696E-02  2.66164E-01
  2.5650000000E+00  2.5700000000E+00  1.17525E-02  2.42582E-01
  2.5700000000E+00  2.5750000000E+00  1.18015E-02  2.81670E-01
  2.5750000000E+00  2.5800000000E+00  1.17862E-02  2.17328E-01
  2.5800000000E+00  2.5850000000E+00  1.18230E-02  2.34215E-01
  2.5850000000E+00  2.5900000000E+00  1.18782E-02  3.42508E-01
  2.5900000000E+00  2.5950000000E+00  1.18257E-02  1.88012E-01
  2.5950000000E+00  2.6000000000E+00  1.18159E-02  2.34984E-01
  2.6000000000E+00  2.6050000000E+00  1.18602E-02  2.76873E-01
  2.6050000000E+00  2.6100000000E+00  1.18114E-02  1.96657E-01
  2.6100000000E+00  2.6150000000E+00  1.18537E-02  1.93412E-01
  2.6150000000E+00  2.6200000000E+00  1.18635E-02  1.96039E-01
  2.6200000000E+00  2.6250000000E+00  1.19192E-02  3.17389E-01
  2.6250000000E+00  2.6300000000E+00  1.19085E-02  2.33557E-01
  2.6300000000E+00  2.6350000000E+00  1.19316E-02  1.95359E-01
  2.6350000000E+00  2.6400000000E+00  1.18828E-02  2.51785E-01
  2.6400000000E+00  2.6450000000E+00  1.18911E-02  2.85837E-01
  2.6450000000E+00  2.6500000000E+00  1.19128E-02  1.95264E-01
  2.6500000000E+00  2.6550000000E+00  1.19351E-02  2.69742E-01
  2.6550000000E+00  2.6600000000E+00  1.19445E-02  2.76693E-01
  2.6600000000E+00  2.6650000000E+00  1.19519E-02  2.46016E-01
  2.6650000000E+00  2.6700000000E+00  1.19737E-02  2.95137E-01
  2.6700000000E+00  2.6750000000E+00  1.19956E-02  2.49336E-01
  2.6750000000E+00  2.6800000000E+00  1.20235E-02  2.55271E-01
  2.6800000000E+00  2.6850000000E+00  1.20651E-02  3.27924E-01
  2.6850000000E+00  2.6900000000E+00  1.20479E-02  2.56682E-01
  2.6900000000E+00  2.6950000000E+00  1.19967E-02  1.99893E-01
  2.6950000000E+00  2.7000000000E+00  1.20297E-02  2.40202E-01
  2.7000000000E+00  2.7050000000E+00  1.20468E-02  3.06855E-01
  2.7050000000E+00  2.7100000000E+00  1.21009E-02  2.16886E-01
  2.7100000000E+00  2.7150000000E+00  1.20333E-02  2.62697E-01
  2.7150000000E+00  2.7200000000E+00  1.21065E-02  2.86569E-01
  2.7200000000E+00  2.7250000000E+00  1.20627E-02  2.85279E-01
  2.7250000000E+00  2.7300000000E+00  1.21392E-02  3.27368E-01
  2.7300000000E+00  2.7350000000E+00  1.21354E-02  2.52810E-01
  2.7350000000E+00  2.7400000000E+00  1.21356E-02  2.84607E-01
  2.7400000000E+00  2.7450000000E+00  1.21368E-02  2.08390E-01
  2.7450000000E+00  2.7500000000E+00  1.20989E-02  1.80949E-01
  2.7500000000E+00  2.7550000000E+00  1.20933E-02  1.85907E-01
  2.7550000000E+00  2.7600000000E+00  1.21297E-02  2.72970E-01
  2.7600000000E+00  2.7650000000E+00  1.20917E-02  2.17451E-01
  2.7650000000E+00  2.7700000000E+00  1.21954E-02  3.34931E-01
  2.7700000000E+00  2.7750000000E+00  1.22338E-02  3.27851E-01
  2.7750000000E+00  2.7800000000E+00  1.22035E-02  3.61113E-01
  2.7800000000E+00  2.7850000000E+00  1.21671E-02  1.45092E-01
  2.7850000000E+00  2.7900000000E+00  1.21868E-02  1.87263E-01
  2.7900000000E+00  2.7950000000E+00  1.22554E-02  2.71722E-01
  2.7950000000E+00  2.8000000000E+00  1.22426E-02  3.30371E-01
  2.8000000000E+00  2.8050000000E+00  1.22369E-02  2.72445E-01
  2.8050000000E+00  2.8100000000E+00  1.22196E-02  1.87870E-01
  2.8100000000E+00  2.8150000000E+00  1.22485E-02  1.61963E-01
  2.8150000000E+00  2.8200000000E+00  1.22536E-02  2.27892E-01
  2.8200000000E+00  2.8250000000E+00  1.22605E-02  3.57108E-01
  2.8250000000E+00  2.8300000000E+00  1.22830E-02  2.37466E-01
  2.8300000000E+00  2.8350000000E+00  1.22961E-02  2.70839E-01
  2.8350000000E+00  2.8400000000E+00  1.23031E-02  2.56743E-01
  2.8400000000E+00  2.8450000000E+00  1.23250E-02  2.65523E-01
  2.8450000000E+00  2.8500000000E+00  1.23100E-02  1.67356E-01
  2.8500000000E+00  2.8550000000E+00  1.23126E-02  2.07902E-01
  2.8550000000E+00  2.8600000000E+00  1.23523E-02  2.49468E-01
  2.8600000000E+00  2.8650000000E+00  1.23513E-02  2.80757E-01
  2.8650000000E+00  2.8700000000E+00  1.24324E-02  4.02182E-01
  2.8700000000E+00  2.8750000000E+00  1.23950E-02  3.01617E-01
  2.8750000000E+00  2.8800000000E+00  1.24809E-02  3.77249E-01
  2.8800000000E+00  2.8850000000E+00  1.24097E-02  2.93094E-01
  2.8850000000E+00  2.8900000000E+00  1.23926E-02  2.93056E-01
  2.8900000000E+00  2.8950000000E+00  1.24273E-02  2.81202E-01
  2.8950000000E+00  2.9000000000E+00  1.24267E-02  2.04585E-01
  2.9000000000E+00  2.9050000000E+00  1.24261E-02  2.19690E-01
  2.9050000000E+00  2.9100000000E+00  1.24494E-02  2.80981E-01
  2.9100000000E+00  2.9150000000E+00  1.24435E-02  2.48766E-01
  2.9150000000E+00  2.9200000000E+00  1.24668E-02  3.05583E-01
  2.9200000000E+00  2.9250000000E+00  1.24945E-02  2.20808E-01
  2.9250000000E+00  2.9300000000E+00  1.24510E-02  1.66642E-01
  2.9300000000E+00  2.9350000000E+00  1.24311E-02  1.64920E-01
  2.9350000000E+00  2.9400000000E+00  1.24465E-02  2.21410E-01
  2.9400000000E+00  2.9450000000E+00  1.24962E-02  2.09025E-01
  2.9450000000E+00  2.9500000000E+00  1.24925E-02  1.82367E-01
  2.9500000000E+00  2.9550000000E+00  1.24992E-02  2.13614E-01
  2.9550000000E+00  2.9600000000E+00  1.25691E-02  2.94128E-01
  2.9600000000E+00  2.9650000000E+00  1.25595E-02  2.78936E-01
  2.9650000000E+00  2.9700000000E+00  1.25586E-02  3.38467E-01
  2.9700000000E+00  2.9750000000E+00  1.25985E-02  2.25883E-01
  2.9750000000E+00  2.9800000000E+00  1.25914E-02  2.27144E-01
  2.9800000000E+00  2.9850000000E+00  1.26540E-02  2.60705E-01
  2.9850000000E+00  2.9900000000E+00  1.26003E-02  2.64451E-01
  2.9900000000E+00  2.9950000000E+00  1.26434E-02  2.38045E-01
  2.9950000000E+00  3.0000000000E+00  1.26657E-02  2.22377E-01
  3.0000000000E+00  3.0050000000E+00  1.26705E-02  2.68230E-01
  3.0050000000E+00  3.0100000000E+00  1.26544E-02  2.35076E-01
  3.0100000000E+00  3.0150000000E+00  1.27473E-02  3.79065E-01
  3.0150000000E+00  3.0200000000E+00  1.26539E-02  1.69105E-01
  3.0200000000E+00  3.0250000000E+00  1.27268E-02  2.83451E-01
  3.0250000000E+00  3.0300000000E+00  1.26806E-02  2.23109E-01
  3.0300000000E+00  3.0350000000E+00  1.27083E-02  2.55222E-01
  3.0350000000E+00  3.0400000000E+00  1.27395E-02  2.14947E-01
  3.0400000000E+00  3.0450000000E+00  1.27172E-02  2.20452E-01
  3.0450000000E+00  3.0500000000E+00  1.27045E-02  1.65472E-01
  3.0500000000E+00  3.0550000000E+00  1.27550E-02  3.02883E-01
  3.0550000000E+00  3.0600000000E+00  1.27331E-02  2.16068E-01
  3.0600000000E+00  3.0650000000E+00  1.27268E-02  2.11596E-01
  3.0650000000E+00  3.0700000000E+00  1.27999E-02  2.33376E-01
  3.0700000000E+00  3.0750000000E+00  1.28569E-02  3.96698E-01
  3.0750000000E+00  3.0800000000E+00  1.27946E-02  2.44652E-01
  3.0800000000E+00  3.0850000000E+00  1.28013E-02  2.29770E-01
  3.0850000000E+00  3.0900000000E+00  1.28669E-02  2.82904E-01
  3.0900000000E+00  3.0950000000E+00  1.29501E-02  2.56727E-01
  3.0950000000E+00  3.1000000000E+00  1.29046E-02  2.06119E-01
  3.1000000000E+00  3.1050000000E+00  1.28584E-02  2.31973E-01
  3.1050000000E+00  3.1100000000E+00  1.28752E-02  2.26356E-01
  3.1100000000E+00  3.1150000000E+00  1.29061E-02  2.22138E-01
  3.1150000000E+00  3.1200000000E+00  1.29100E-02  2.43829E-01
  3.1200000000E+00  3.1250000000E+00  1.29586E-02  2.64349E-01
  3.1250000000E+00  3.1300000000E+00  1.29706E-02  2.52745E-01
  3.1300000000E+00  3.1350000000E+00  1.29047E-02  1.83169E-01
  3.1350000000E+00  3.1400000000E+00  1.29328E-02  2.07505E-01
  3.1400000000E+00  3.1450000000E+00  1.29795E-02  2.26259E-01
  3.1450000000E+00  3.1500000000E+00  1.30165E-02  2.38407E-01
  3.1500000000E+00  3.1550000000E+00  1.30280E-02  1.88164E-01
  3.1550000000E+00  3.1600000000E+00  1.30335E-02  2.74853E-01
  3.1600000000E+00  3.1650000000E+00  1.30749E-02  2.16653E-01
  3.1650000000E+00  3.1700000000E+00  1.30542E-02  1.74421E-01
  3.1700000000E+00  3.1750000000E+00  1.30817E-02  1.66602E-01
  3.1750000000E+00  3.1800000000E+00  1.30642E-02  2.55121E-01
  3.1800000000E+00  3.1850000000E+00  1.30939E-02  2.08709E-01
  3.1850000000E+00  3.1900000000E+00  1.30689E-02  1.90511E-01
  3.1900000000E+00  3.1950000000E+00  1.31127E-02  1.60515E-01
  3.1950000000E+00  3.2000000000E+00  1.31663E-02  2.17475E-01
  3.2000000000E+00  3.2050000000E+00  1.31261E-02  2.49486E-01
  3.2050000000E+00  3.2100000000E+00  1.31940E-02  2.84834E-01
  3.2100000000E+00  3.2150000000E+00  1.31549E-02  2.00782E-01
  3.2150000000E+00  3.2200000000E+00  1.31828E-02  1.82603E-01
  3.2200000000E+00  3.2250000000E+00  1.31847E-02  2.16365E-01
  3.2250000000E+00  3.2300000000E+00  1.31867E-02  2.00194E-01
  3.2300000000E+00  3.2350000000E+00  1.32222E-02  2.98786E-01
  3.2350000000E+00  3.2400000000E+00  1.32440E-02  2.50951E-01
  3.2400000000E+00  3.2450000000E+00  1.32311E-02  2.13961E-01
  3.2450000000E+00  3.2500000000E+00  1.32812E-02  3.01360E-01
  3.2500000000E+00  3.2550000000E+00  1.32476E-02  1.77853E-01
  3.2550000000E+00  3.2600000000E+00  1.32843E-02  2.58038E-01
  3.2600000000E+00  3.2650000000E+00  1.33163E-02  2.34330E-01
  3.2650000000E+00  3.2700000000E+00  1.33385E-02  3.32835E-01
  3.2700000000E+00  3.2750000000E+00  1.33086E-02  2.43618E-01
  3.2750000000E+00  3.2800000000E+00  1.33404E-02  2.23228E-01
  3.2800000000E+00  3.2850000000E+00  1.33852E-02  2.45633E-01
  3.2850000000E+00  3.2900000000E+00  1.33346E-02  2.01449E-01
  3.2900000000E+00  3.2950000000E+00  1.33739E-02  2.18236E-01
  3.2950000000E+00  3.3000000000E+00  1.33887E-02  2.10342E-01
  3.3000000000E+00  3.3050000000E+00  1.33944E-02  2.15093E-01
  3.3050000000E+00  3.3100000000E+00  1.34325E-02  2.77812E-01
  3.3100000000E+00  3.3150000000E+00  1.34241E-02  2.42331E-01
  3.3150000000E+00  3.3200000000E+00  1.34008E-02  2.24955E-01
  3.3200000000E+00  3.3250000000E+00  1.34549E-02  2.72913E-01
  3.3250000000E+00  3.3300000000E+00  1.34542E-02  2.00719E-01
  3.3300000000E+00  3.3350000000E+00  1.34729E-02  2.97846E-01
  3.3350000000E+00  3.3400000000E+00  1.34608E-02  2.19765E-01
  3.3400000000E+00  3.3450000000E+00  1.35165E-02  2.03432E-01
  3.3450000000E+00  3.3500000000E+00  1.35669E-02  2.42202E-01
  3.3500000000E+00  3.3550000000E+00  1.35581E-02  2.40214E-01
  3.3550000000E+00  3.3600000000E+00  1.35588E-02  2.18243E-01
  3.3600000000E+00  3.3650000000E+00  1.35772E-02  2.75532E-01
  3.3650000000E+00  3.3700000000E+00  1.36123E-02  2.54825E-01
  3.3700000000E+00  3.3750000000E+00  1.36153E-02  2.66352E-01
  3.3750000000E+00  3.3800000000E+00  1.35898E-02  1.81446E-01
  3.3800000000E+00  3.3850000000E+00  1.36249E-02  1.52895E-01
  3.3850000000E+00  3.3900000000E+00  1.36209E-02  1.66617E-01
  3.3900000000E+00  3.3950000000E+00  1.36493E-02  2.49214E-01
  3.3950000000E+00  3.4000000000E+00  1.36880E-02  3.13430E-01
  3.4000000000E+00  3.4050000000E+00  1.36791E-02  2.04092E-01
  3.4050000000E+00  3.4100000000E+00  1.36958E-02  2.31085E-01
  3.4100000000E+00  3.4150000000E+00  1.37896E-02  2.35901E-01
  3.4150000000E+00  3.4200000000E+00  1.37843E-02  2.38542E-01
  3.4200000000E+00  3.4250000000E+00  1.38014E-02  2.56905E-01
  3.4250000000E+00  3.4300000000E+00  1.37993E-02  2.50890E-01
  3.4300000000E+00  3.4350000000E+00  1.38379E-02  3.04507E-01
  3.4350000000E+00  3.4400000000E+00  1.37864E-02  2.59315E-01
  3.4400000000E+00  3.4450000000E+00  1.38037E-02  1.67365E-01
  3.4450000000E+00  3.4500000000E+00  1.38220E-02  1.81350E-01
  3.4500000000E+00  3.4550000000E+00  1.38472E-02  2.53223E-01
  3.4550000000E+00  3.4600000000E+00  1.38506E-02  2.33565E-01
  3.4600000000E+00  3.4650000000E+00  1.38651E-02  1.98656E-01
  3.4650000000E+00  3.4700000000E+00  1.38989E-02  1.60686E-01
  3.4700000000E+00  3.4750000000E+00  1.38335E-02  1.79651E-01
  3.4750000000E+00  3.4800000000E+00  1.38979E-02  1.88590E-01
  3.4800000000E+00  3.4850000000E+00  1.39543E-02  2.35704E-01
  3.4850000000E+00  3.4900000000E+00  1.39438E-02  1.84855E-01
  3.4900000000E+00  3.4950000000E+00  1.39653E-02  2.81983E-01
  3.4950000000E+00  3.5000000000E+00  1.40350E-02  1.74456E-01
  3.5000000000E+00  3.5050000000E+00  1.40340E-02  2.43226E-01
  3.5050000000E+00  3.5100000000E+00  1.40379E-02  2.08346E-01
  3.5100000000E+00  3.5150000000E+00  1.40372E-02  2.43159E-01
  3.5150000000E+00  3.5200000000E+00  1.41163E-02  1.94222E-01
  3.5200000000E+00  3.5250000000E+00  1.40994E-02  2.23994E-01
  3.5250000000E+00  3.5300000000E+00  1.41121E-02  2.28642E-01
  3.5300000000E+00  3.5350000000E+00  1.41305E-02  2.34460E-01
  3.5350000000E+00  3.5400000000E+00  1.41568E-02  1.63905E-01
  3.5400000000E+00  3.5450000000E+00  1.42048E-02  2.43723E-01
  3.5450000000E+00  3.5500000000E+00  1.41657E-02  2.29471E-01
  3.5500000000E+00  3.5550000000E+00  1.42151E-02  2.50257E-01
  3.5550000000E+00  3.5600000000E+00  1.42231E-02  1.99581E-01
  3.5600000000E+00  3.5650000000E+00  1.42273E-02  3.13663E-01
  3.5650000000E+00  3.5700000000E+00  1.42485E-02  1.93206E-01
  3.5700000000E+00  3.5750000000E+00  1.42327E-02  2.20972E-01
  3.5750000000E+00  3.5800000000E+00  1.42798E-02  2.30558E-01
  3.5800000000E+00  3.5850000000E+00  1.42554E-02  1.73602E-01
  3.5850000000E+00  3.5900000000E+00  1.43117E-02  2.65570E-01
  3.5900000000E+00  3.5950000000E+00  1.43187E-02  1.84701E-01
  3.5950000000E+00  3.6000000000E+00  1.43372E-02  1.92621E-01
  3.6000000000E+00  3.6050000000E+00  1.44104E-02  1.66474E-01
  3.6050000000E+00  3.6100000000E+00  1.43603E-02  1.68550E-01
  3.6100000000E+00  3.6150000000E+00  1.43946E-02  1.94887E-01
  3.6150000000E+00  3.6200000000E+00  1.44124E-02  2.24016E-01
  3.6200000000E+00  3.6250000000E+00  1.44283E-02  1.94317E-01
  3.6250000000E+00  3.6300000000E+00  1.43953E-02  1.75492E-01
  3.6300000000E+00  3.6350000000E+00  1.44431E-02  1.37791E-01
  3.6350000000E+00  3.6400000000E+00  1.45124E-02  2.08882E-01
  3.6400000000E+00  3.6450000000E+00  1.45414E-02  2.94618E-01
  3.6450000000E+00  3.6500000000E+00  1.45502E-02  2.43793E-01
  3.6500000000E+00  3.6550000000E+00  1.45735E-02  1.90659E-01
  3.6550000000E+00  3.6600000000E+00  1.45762E-02  1.86825E-01
  3.6600000000E+00  3.6650000000E+00  1.46116E-02  2.15774E-01
  3.6650000000E+00  3.6700000000E+00  1.46041E-02  1.91447E-01
  3.6700000000E+00  3.6750000000E+00  1.46407E-02  2.25394E-01
  3.6750000000E+00  3.6800000000E+00  1.46656E-02  2.24507E-01
  3.6800000000E+00  3.6850000000E+00  1.46572E-02  1.96696E-01
  3.6850000000E+00  3.6900000000E+00  1.47003E-02  1.79092E-01
  3.6900000000E+00  3.6950000000E+00  1.47198E-02  2.91023E-01
  3.6950000000E+00  3.7000000000E+00  1.47100E-02  1.97270E-01
  3.7000000000E+00  3.7050000000E+00  1.47757E-02  2.45941E-01
  3.7050000000E+00  3.7100000000E+00  1.47620E-02  2.21496E-01
  3.7100000000E+00  3.7150000000E+00  1.47923E-02  2.67935E-01
  3.7150000000E+00  3.7200000000E+00  1.48517E-02  2.80666E-01
  3.7200000000E+00  3.7250000000E+00  1.48612E-02  2.84830E-01
  3.7250000000E+00  3.7300000000E+00  1.48443E-02  2.59251E-01
  3.7300000000E+00  3.7350000000E+00  1.48108E-02  1.49547E-01
  3.7350000000E+00  3.7400000000E+00  1.48513E-02  1.81260E-01
  3.7400000000E+00  3.7450000000E+00  1.48471E-02  1.96746E-01
  3.7450000000E+00  3.7500000000E+00  1.49155E-02  1.81599E-01
  3.7500000000E+00  3.7550000000E+00  1.49297E-02  1.66192E-01
  3.7550000000E+00  3.7600000000E+00  1.49134E-02  1.57005E-01
  3.7600000000E+00  3.7650000000E+00  1.49173E-02  1.83247E-01
  3.7650000000E+00  3.7700000000E+00  1.49929E-02  2.41724E-01
  3.7700000000E+00  3.7750000000E+00  1.50140E-02  1.89712E-01
  3.7750000000E+00  3.7800000000E+00  1.50654E-02  2.22251E-01
  3.7800000000E+00  3.7850000000E+00  1.50149E-02  1.34731E-01
  3.7850000000E+00  3.7900000000E+00  1.50527E-02  1.85044E-01
  3.7900000000E+00  3.7950000000E+00  1.50611E-02  1.65349E-01
  3.7950000000E+00  3.8000000000E+00  1.51167E-02  2.10234E-01
  3.8000000000E+00  3.8050000000E+00  1.51124E-02  1.50882E-01
  3.8050000000E+00  3.8100000000E+00  1.51815E-02  2.44104E-01
  3.8100000000E+00  3.8150000000E+00  1.52085E-02  1.70887E-01
  3.8150000000E+00  3.8200000000E+00  1.52101E-02  1.61838E-01
  3.8200000000E+00  3.8250000000E+00  1.52080E-02  1.45790E-01
  3.8250000000E+00  3.8300000000E+00  1.52384E-02  1.84994E-01
  3.8300000000E+00  3.8350000000E+00  1.52743E-02  2.22931E-01
  3.8350000000E+00  3.8400000000E+00  1.53018E-02  2.54243E-01
  3.8400000000E+00  3.8450000000E+00  1.52558E-02  1.93027E-01
  3.8450000000E+00  3.8500000000E+00  1.53714E-02  2.10520E-01
  3.8500000000E+00  3.8550000000E+00  1.53687E-02  2.08208E-01
  3.8550000000E+00  3.8600000000E+00  1.53652E-02  2.34265E-01
  3.8600000000E+00  3.8650000000E+00  1.54018E-02  2.28081E-01
  3.8650000000E+00  3.8700000000E+00  1.53936E-02  1.91184E-01
  3.8700000000E+00  3.8750000000E+00  1.54596E-02  2.86830E-01
  3.8750000000E+00  3.8800000000E+00  1.54837E-02  2.32999E-01
  3.8800000000E+00  3.8850000000E+00  1.54791E-02  1.84635E-01
  3.8850000000E+00  3.8900000000E+00  1.55200E-02  2.01439E-01
  3.8900000000E+00  3.8950000000E+00  1.55726E-02  2.14353E-01
  3.8950000000E+00  3.9000000000E+00  1.55573E-02  1.91625E-01
  3.9000000000E+00  3.9050000000E+00  1.55711E-02  1.97466E-01
  3.9050000000E+00  3.9100000000E+00  1.56049E-02  1.28148E-01
  3.9100000000E+00  3.9150000000E+00  1.56811E-02  1.58294E-01
  3.9150000000E+00  3.9200000000E+00  1.56372E-02  1.37280E-01
  3.9200000000E+00  3.9250000000E+00  1.57187E-02  2.08851E-01
  3.9250000000E+00  3.9300000000E+00  1.57529E-02  2.58537E-01
  3.9300000000E+00  3.9350000000E+00  1.57359E-02  2.16923E-01
  3.9350000000E+00  3.9400000000E+00  1.57530E-02  1.72851E-01
  3.9400000000E+00  3.9450000000E+00  1.58833E-02  2.41965E-01
  3.9450000000E+00  3.9500000000E+00  1.58890E-02  2.15130E-01
  3.9500000000E+00  3.9550000000E+00  1.59098E-02  1.63926E-01
  3.9550000000E+00  3.9600000000E+00  1.59814E-02  2.39575E-01
  3.9600000000E+00  3.9650000000E+00  1.59752E-02  2.15066E-01
  3.9650000000E+00  3.9700000000E+00  1.59829E-02  1.88555E-01
  3.9700000000E+00  3.9750000000E+00  1.60034E-02  2.65960E-01
  3.9750000000E+00  3.9800000000E+00  1.60848E-02  2.53472E-01
  3.9800000000E+00  3.9850000000E+00  1.60548E-02  2.30535E-01
  3.9850000000E+00  3.9900000000E+00  1.61331E-02  2.00064E-01
  3.9900000000E+00  3.9950000000E+00  1.61163E-02  1.46452E-01
  3.9950000000E+00  4.0000000000E+00  1.61169E-02  1.74786E-01
  4.0000000000E+00  4.0050000000E+00  1.61671E-02  2.26483E-01
  4.0050000000E+00  4.0100000000E+00  1.62059E-02  1.97826E-01
  4.0100000000E+00  4.0150000000E+00  1.62589E-02  2.00495E-01
  4.0150000000E+00  4.0200000000E+00  1.62696E-02  2.46581E-01
  4.0200000000E+00  4.0250000000E+00  1.63292E-02  1.53078E-01
  4.0250000000E+00  4.0300000000E+00  1.63151E-02  2.76293E-01
  4.0300000000E+00  4.0350000000E+00  1.63727E-02  2.39471E-01
  4.0350000000E+00  4.0400000000E+00  1.63719E-02  1.83254E-01
  4.0400000000E+00  4.0450000000E+00  1.63847E-02  1.94992E-01
  4.0450000000E+00  4.0500000000E+00  1.63933E-02  1.92115E-01
  4.0500000000E+00  4.0550000000E+00  1.64680E-02  2.98678E-01
  4.0550000000E+00  4.0600000000E+00  1.64819E-02  1.88709E-01
  4.0600000000E+00  4.0650000000E+00  1.65017E-02  2.34268E-01
  4.0650000000E+00  4.0700000000E+00  1.64883E-02  1.77625E-01
  4.0700000000E+00  4.0750000000E+00  1.65538E-02  1.61915E-01
  4.0750000000E+00  4.0800000000E+00  1.65946E-02  1.91650E-01
  4.0800000000E+00  4.0850000000E+00  1.66069E-02  1.79680E-01
  4.0850000000E+00  4.0900000000E+00  1.66634E-02  2.10038E-01
  4.0900000000E+00  4.0950000000E+00  1.66333E-02  1.56931E-01
  4.0950000000E+00  4.1000000000E+00  1.66796E-02  1.88791E-01
  4.1000000000E+00  4.1050000000E+00  1.67314E-02  2.07090E-01
  4.1050000000E+00  4.1100000000E+00  1.67467E-02  1.77175E-01
  4.1100000000E+00  4.1150000000E+00  1.68388E-02  2.74669E-01
  4.1150000000E+00  4.1200000000E+00  1.68451E-02  1.67121E-01
  4.1200000000E+00  4.1250000000E+00  1.68745E-02  1.98836E-01
  4.1250000000E+00  4.1300000000E+00  1.68908E-02  1.54396E-01
  4.1300000000E+00  4.1350000000E+00  1.69757E-02  1.86660E-01
  4.1350000000E+00  4.1400000000E+00  1.69706E-02  2.05880E-01
  4.1400000000E+00  4.1450000000E+00  1.70118E-02  1.87505E-01
  4.1450000000E+00  4.1500000000E+00  1.70223E-02  1.79474E-01
  4.1500000000E+00  4.1550000000E+00  1.70723E-02  2.08889E-01
  4.1550000000E+00  4.1600000000E+00  1.71095E-02  1.57121E-01
  4.1600000000E+00  4.1650000000E+00  1.71545E-02  1.83821E-01
  4.1650000000E+00  4.1700000000E+00  1.71916E-02  2.14659E-01
  4.1700000000E+00  4.1750000000E+00  1.72455E-02  1.54100E-01
  4.1750000000E+00  4.1800000000E+00  1.72935E-02  1.74158E-01
  4.1800000000E+00  4.1850000000E+00  1.72747E-02  1.57780E-01
  4.1850000000E+00  4.1900000000E+00  1.73511E-02  1.25896E-01
  4.1900000000E+00  4.1950000000E+00  1.73986E-02  1.85571E-01
  4.1950000000E+00  4.2000000000E+00  1.74624E-02  2.25760E-01
  4.2000000000E+00  4.2050000000E+00  1.74563E-02  2.19466E-01
  4.2050000000E+00  4.2100000000E+00  1.74934E-02  1.59643E-01
  4.2100000000E+00  4.2150000000E+00  1.75393E-02  2.10292E-01
  4.2150000000E+00  4.2200000000E+00  1.75179E-02  1.55674E-01
  4.2200000000E+00  4.2250000000E+00  1.75783E-02  1.76030E-01
  4.2250000000E+00  4.2300000000E+00  1.76030E-02  1.73147E-01
  4.2300000000E+00  4.2350000000E+00  1.76733E-02  1.72841E-01
  4.2350000000E+00  4.2400000000E+00  1.77666E-02  2.11883E-01
  4.2400000000E+00  4.2450000000E+00  1.77745E-02  1.93493E-01
  4.2450000000E+00  4.2500000000E+00  1.78177E-02  2.33236E-01
  4.2500000000E+00  4.2550000000E+00  1.78198E-02  2.18581E-01
  4.2550000000E+00  4.2600000000E+00  1.79149E-02  2.70968E-01
  4.2600000000E+00  4.2650000000E+00  1.79075E-02  1.94144E-01
  4.2650000000E+00  4.2700000000E+00  1.79593E-02  1.34716E-01
  4.2700000000E+00  4.2750000000E+00  1.79886E-02  1.58330E-01
  4.2750000000E+00  4.2800000000E+00  1.80097E-02  1.87973E-01
  4.2800000000E+00  4.2850000000E+00  1.80378E-02  1.71945E-01
  4.2850000000E+00  4.2900000000E+00  1.80977E-02  2.04679E-01
  4.2900000000E+00  4.2950000000E+00  1.81390E-02  1.67816E-01
  4.2950000000E+00  4.3000000000E+00  1.82242E-02  1.94296E-01
  4.3000000000E+00  4.3050000000E+00  1.82603E-02  1.22395E-01
  4.3050000000E+00  4.3100000000E+00  1.83222E-02  1.65858E-01
  4.3100000000E+00  4.3150000000E+00  1.83615E-02  1.64109E-01
  4.3150000000E+00  4.3200000000E+00  1.83962E-02  1.75778E-01
  4.3200000000E+00  4.3250000000E+00  1.84483E-02  1.93571E-01
  4.3250000000E+00  4.3300000000E+00  1.85100E-02  1.54486E-01
  4.3300000000E+00  4.3350000000E+00  1.85846E-02  2.36657E-01
  4.3350000000E+00  4.3400000000E+00  1.86230E-02  2.05069E-01
  4.3400000000E+00  4.3450000000E+00  1.86670E-02  1.82270E-01
  4.3450000000E+00  4.3500000000E+00  1.86704E-02  1.66185E-01
  4.3500000000E+00  4.3550000000E+00  1.87060E-02  1.35807E-01
  4.3550000000E+00  4.3600000000E+00  1.87435E-02  1.64734E-01
  4.3600000000E+00  4.3650000000E+00  1.88393E-02  1.43955E-01
  4.3650000000E+00  4.3700000000E+00  1.88868E-02  1.64410E-01
  4.3700000000E+00  4.3750000000E+00  1.89452E-02  1.85632E-01
  4.3750000000E+00  4.3800000000E+00  1.89499E-02  1.57154E-01
  4.3800000000E+00  4.3850000000E+00  1.90323E-02  2.29697E-01
  4.3850000000E+00  4.3900000000E+00  1.91354E-02  2.00136E-01
  4.3900000000E+00  4.3950000000E+00  1.91060E-02  1.32691E-01
  4.3950000000E+00  4.4000000000E+00  1.91369E-02  1.33568E-01
  4.4000000000E+00  4.4050000000E+00  1.92016E-02  1.26465E-01
  4.4050000000E+00  4.4100000000E+00  1.93369E-02  2.34506E-01
  4.4100000000E+00  4.4150000000E+00  1.93787E-02  2.24400E-01
  4.4150000000E+00  4.4200000000E+00  1.93844E-02  1.06541E-01
  4.4200000000E+00  4.4250000000E+00  1.94572E-02  1.76664E-01
  4.4250000000E+00  4.4300000000E+00  1.95495E-02  1.54099E-01
  4.4300000000E+00  4.4350000000E+00  1.95813E-02  1.77095E-01
  4.4350000000E+00  4.4400000000E+00  1.96356E-02  1.27856E-01
  4.4400000000E+00  4.4450000000E+00  1.97448E-02  2.47764E-01
  4.4450000000E+00  4.4500000000E+00  1.97829E-02  1.70995E-01
  4.4500000000E+00  4.4550000000E+00  1.98874E-02  1.51221E-01
  4.4550000000E+00  4.4600000000E+00  1.98915E-02  1.59667E-01
  4.4600000000E+00  4.4650000000E+00  1.99704E-02  1.93826E-01
  4.4650000000E+00  4.4700000000E+00  2.00203E-02  1.40458E-01
  4.4700000000E+00  4.4750000000E+00  2.01078E-02  1.79664E-01
  4.4750000000E+00  4.4800000000E+00  2.01291E-02  9.78788E-02
  4.4800000000E+00  4.4850000000E+00  2.02205E-02  1.90279E-01
  4.4850000000E+00  4.4900000000E+00  2.03279E-02  1.55061E-01
  4.4900000000E+00  4.4950000000E+00  2.03461E-02  1.63547E-01
  4.4950000000E+00  4.5000000000E+00  2.04176E-02  1.78843E-01
  4.5000000000E+00  4.5050000000E+00  2.04984E-02  1.65667E-01
  4.5050000000E+00  4.5100000000E+00  2.05313E-02  1.89725E-01
  4.5100000000E+00  4.5150000000E+00  2.06299E-02  2.07955E-01
  4.5150000000E+00  4.5200000000E+00  2.06615E-02  1.38904E-01
  4.5200000000E+00  4.5250000000E+00  2.07674E-02  1.57309E-01
  4.5250000000E+00  4.5300000000E+00  2.08210E-02  1.99631E-01
  4.5300000000E+00  4.5350000000E+00  2.08902E-02  2.20390E-01
  4.5350000000E+00  4.5400000000E+00  2.10081E-02  1.83295E-01
  4.5400000000E+00  4.5450000000E+00  2.10605E-02  1.44261E-01
  4.5450000000E+00  4.5500000000E+00  2.10914E-02  1.32195E-01
  4.5500000000E+00  4.5550000000E+00  2.12332E-02  1.73409E-01
  4.5550000000E+00  4.5600000000E+00  2.12443E-02  1.39421E-01
  4.5600000000E+00  4.5650000000E+00  2.13496E-02  1.31820E-01
  4.5650000000E+00  4.5700000000E+00  2.14362E-02  1.17603E-01
  4.5700000000E+00  4.5750000000E+00  2.15228E-02  1.47924E-01
  4.5750000000E+00  4.5800000000E+00  2.15666E-02  1.70885E-01
  4.5800000000E+00  4.5850000000E+00  2.16567E-02  1.44618E-01
  4.5850000000E+00  4.5900000000E+00  2.17673E-02  1.73388E-01
  4.5900000000E+00  4.5950000000E+00  2.18286E-02  1.87922E-01
  4.5950000000E+00  4.6000000000E+00  2.19372E-02  1.82629E-01
  4.6000000000E+00  4.6050000000E+00  2.20053E-02  1.00229E-01
  4.6050000000E+00  4.6100000000E+00  2.21168E-02  1.59429E-01
  4.6100000000E+00  4.6150000000E+00  2.22049E-02  1.76390E-01
  4.6150000000E+00  4.6200000000E+00  2.22916E-02  1.62491E-01
  4.6200000000E+00  4.6250000000E+00  2.24044E-02  1.15203E-01
  4.6250000000E+00  4.6300000000E+00  2.24669E-02  2.06228E-01
  4.6300000000E+00  4.6350000000E+00  2.25511E-02  1.35850E-01
  4.6350000000E+00  4.6400000000E+00  2.26778E-02  1.36228E-01
  4.6400000000E+00  4.6450000000E+00  2.27303E-02  1.05029E-01
  4.6450000000E+00  4.6500000000E+00  2.28293E-02  1.30321E-01
  4.6500000000E+00  4.6550000000E+00  2.29262E-02  1.08707E-01
  4.6550000000E+00  4.6600000000E+00  2.30560E-02  1.62381E-01
  4.6600000000E+00  4.6650000000E+00  2.31574E-02  1.32094E-01
  4.6650000000E+00  4.6700000000E+00  2.32622E-02  1.14792E-01
  4.6700000000E+00  4.6750000000E+00  2.33759E-02  1.38986E-01
  4.6750000000E+00  4.6800000000E+00  2.34651E-02  1.03127E-01
  4.6800000000E+00  4.6850000000E+00  2.35768E-02  1.18477E-01
  4.6850000000E+00  4.6900000000E+00  2.37148E-02  1.52035E-01
  4.6900000000E+00  4.6950000000E+00  2.37960E-02  1.03069E-01
  4.6950000000E+00  4.7000000000E+00  2.39188E-02  9.62913E-02
  4.7000000000E+00  4.7050000000E+00  2.40964E-02  1.56589E-01
  4.7050000000E+00  4.7100000000E+00  2.42158E-02  1.25776E-01
  4.7100000000E+00  4.7150000000E+00  2.43407E-02  8.92307E-02
  4.7150000000E+00  4.7200000000E+00  2.44854E-02  9.49695E-02
  4.7200000000E+00  4.7250000000E+00  2.46309E-02  1.43068E-01
  4.7250000000E+00  4.7300000000E+00  2.47087E-02  1.34533E-01
  4.7300000000E+00  4.7350000000E+00  2.48681E-02  1.08970E-01
  4.7350000000E+00  4.7400000000E+00  2.50210E-02  1.55209E-01
  4.7400000000E+00  4.7450000000E+00  2.51394E-02  1.30219E-01
  4.7450000000E+00  4.7500000000E+00  2.52704E-02  1.19946E-01
  4.7500000000E+00  4.7550000000E+00  2.54569E-02  1.42986E-01
  4.7550000000E+00  4.7600000000E+00  2.55786E-02  1.45401E-01
  4.7600000000E+00  4.7650000000E+00  2.57454E-02  1.21225E-01
  4.7650000000E+00  4.7700000000E+00  2.59440E-02  1.28795E-01
  4.7700000000E+00  4.7750000000E+00  2.60642E-02  1.28669E-01
  4.7750000000E+00  4.7800000000E+00  2.62466E-02  1.53204E-01
  4.7800000000E+00  4.7850000000E+00  2.63898E-02  1.07477E-01
  4.7850000000E+00  4.7900000000E+00  2.65719E-02  8.22332E-02
  4.7900000000E+00  4.7950000000E+00  2.67630E-02  1.09216E-01
  4.7950000000E+00  4.8000000000E+00  2.69521E-02  1.65111E-01
  4.8000000000E+00  4.8050000000E+00  2.71127E-02  9.30777E-02
  4.8050000000E+00  4.8100000000E+00  2.74010E-02  1.19637E-01
  4.8100000000E+00  4.8150000000E+00  2.75571E-02  1.19185E-01
  4.8150000000E+00  4.8200000000E+00  2.77713E-02  1.08655E-01
  4.8200000000E+00  4.8250000000E+00  2.79619E-02  1.26107E-01
  4.8250000000E+00  4.8300000000E+00  2.81676E-02  7.54907E-02
  4.8300000000E+00  4.8350000000E+00  2.83500E-02  1.18605E-01
  4.8350000000E+00  4.8400000000E+00  2.85902E-02  8.86695E-02
  4.8400000000E+00  4.8450000000E+00  2.88148E-02  8.99112E-02
  4.8450000000E+00  4.8500000000E+00  2.90945E-02  1.22905E-01
  4.8500000000E+00  4.8550000000E+00  2.93340E-02  1.22314E-01
  4.8550000000E+00  4.8600000000E+00  2.95740E-02  1.07456E-01
  4.8600000000E+00  4.8650000000E+00  2.98693E-02  1.29416E-01
  4.8650000000E+00  4.8700000000E+00  3.01357E-02  1.34447E-01
  4.8700000000E+00  4.8750000000E+00  3.04135E-02  1.02079E-01
  4.8750000000E+00  4.8800000000E+00  3.06618E-02  1.33729E-01
  4.8800000000E+00  4.8850000000E+00  3.09765E-02  1.21535E-01
  4.8850000000E+00  4.8900000000E+00  3.12869E-02  1.17863E-01
  4.8900000000E+00  4.8950000000E+00  3.16225E-02  1.13828E-01
  4.8950000000E+00  4.9000000000E+00  3.19251E-02  1.02335E-01
  4.9000000000E+00  4.9050000000E+00  3.23338E-02  1.23095E-01
  4.9050000000E+00  4.9100000000E+00  3.26814E-02  7.45927E-02
  4.9100000000E+00  4.9150000000E+00  3.30850E-02  1.18640E-01
  4.9150000000E+00  4.9200000000E+00  3.35364E-02  1.05715E-01
  4.9200000000E+00  4.9250000000E+00  3.38738E-02  9.07155E-02
  4.9250000000E+00  4.9300000000E+00  3.42886E-02  8.75665E-02
  4.9300000000E+00  4.9350000000E+00  3.47837E-02  1.10449E-01
  4.9350000000E+00  4.9400000000E+00  3.52646E-02  7.93333E-02
  4.9400000000E+00  4.9450000000E+00  3.57772E-02  1.28407E-01
  4.9450000000E+00  4.9500000000E+00  3.62895E-02  1.37383E-01
  4.9500000000E+00  4.9550000000E+00  3.68864E-02  8.92704E-02
  4.9550000000E+00  4.9600000000E+00  3.75025E-02  1.02270E-01
  4.9600000000E+00  4.9650000000E+00  3.81101E-02  1.05833E-01
  4.9650000000E+00  4.9700000000E+00  3.87448E-02  1.16974E-01
  4.9700000000E+00  4.9750000000E+00  3.94415E-02  1.41581E-01
  4.9750000000E+00  4.9800000000E+00  4.01921E-02  1.43907E-01
  4.9800000000E+00  4.9850000000E+00  4.09721E-02  1.56969E-01
  4.9850000000E+00  4.9900000000E+00  4.17699E-02  1.19478E-01
  4.9900000000E+00  4.9950000000E+00  4.25849E-02  1.17967E-01
  4.9950000000E+00  5.0000000000E+00  4.35239E-02  1.46376E-01
  5.0000000000E+00  5.0050000000E+00  4.44509E-02  1.45007E-01
  5.0050000000E+00  5.0100000000E+00  4.53438E-02  1.47850E-01
  5.0100000000E+00  5.0150000000E+00  4.63835E-02  1.60538E-01
  5.0150000000E+00  5.0200000000E+00  4.74147E-02  1.64337E-01
  5.0200000000E+00  5.0250000000E+00  4.84259E-02  1.38862E-01
  5.0250000000E+00  5.0300000000E+00  4.94002E-02  1.30384E-01
  5.0300000000E+00  5.0350000000E+00  5.03341E-02  1.41663E-01
  5.0350000000E+00  5.0400000000E+00  5.12215E-02  1.58082E-01
  5.0400000000E+00  5.0450000000E+00  5.20491E-02  1.25356E-01
  5.0450000000E+00  5.0500000000E+00  5.29310E-02  1.27836E-01
  5.0500000000E+00  5.0550000000E+00  5.36952E-02  1.35621E-01
  5.0550000000E+00  5.0600000000E+00  5.43495E-02  1.76135E-01
  5.0600000000E+00  5.0650000000E+00  5.46937E-02  1.47648E-01
  5.0650000000E+00  5.0700000000E+00  5.48697E-02  1.65653E-01
  5.0700000000E+00  5.0750000000E+00  5.49407E-02  1.63934E-01
  5.0750000000E+00  5.0800000000E+00  5.48521E-02  1.16233E-01
  5.0800000000E+00  5.0850000000E+00  5.44229E-02  1.22502E-01
  5.0850000000E+00  5.0900000000E+00  5.38380E-02  1.30626E-01
  5.0900000000E+00  5.0950000000E+00  5.29055E-02  1.28956E-01
  5.0950000000E+00  5.1000000000E+00  5.17522E-02  1.97968E-01
  5.1000000000E+00  5.1050000000E+00  5.04718E-02  1.94454E-01
  5.1050000000E+00  5.1100000000E+00  4.88194E-02  1.93069E-01
  5.1100000000E+00  5.1150000000E+00  4.68479E-02  2.55850E-01
  5.1150000000E+00  5.1200000000E+00  4.46503E-02  1.91642E-01
  5.1200000000E+00  5.1250000000E+00  4.24963E-02  1.83470E-01
  5.1250000000E+00  5.1300000000E+00  4.01263E-02  1.84432E-01
  5.1300000000E+00  5.1350000000E+00  3.75448E-02  2.45558E-01
  5.1350000000E+00  5.1400000000E+00  3.48822E-02  3.27211E-01
  5.1400000000E+00  5.1450000000E+00  3.21821E-02  2.81283E-01
  5.1450000000E+00  5.1500000000E+00  2.93988E-02  3.46314E-01
  5.1500000000E+00  5.1550000000E+00  2.66162E-02  2.77381E-01
  5.1550000000E+00  5.1600000000E+00  2.40213E-02  3.19722E-01
  5.1600000000E+00  5.1650000000E+00  2.13942E-02  4.61570E-01
  5.1650000000E+00  5.1700000000E+00  1.91128E-02  3.79369E-01
  5.1700000000E+00  5.1750000000E+00  1.67586E-02  4.66515E-01
  5.1750000000E+00  5.1800000000E+00  1.45199E-02  5.53264E-01
  5.1800000000E+00  5.1850000000E+00  1.25068E-02  4.59020E-01
  5.1850000000E+00  5.1900000000E+00  1.07306E-02  5.40495E-01
  5.1900000000E+00  5.1950000000E+00  9.02025E-03  5.35440E-01
  5.1950000000E+00  5.2000000000E+00  7.59513E-03  7.85124E-01
  5.2000000000E+00  5.2050000000E+00  6.36057E-03  9.06711E-01
  5.2050000000E+00  5.2100000000E+00  5.24829E-03  7.62208E-01
  5.2100000000E+00  5.2150000000E+00  4.25831E-03  7.80232E-01
  5.2150000000E+00  5.2200000000E+00  3.48005E-03  1.34688E+00
  5.2200000000E+00  5.2250000000E+00  2.77489E-03  1.28320E+00
  5.2250000000E+00  5.2300000000E+00  2.22257E-03  1.22778E+00
  5.2300000000E+00  5.2350000000E+00  1.76038E-03  1.27757E+00
  5.2350000000E+00  5.2400000000E+00  1.38183E-03  1.94461E+00
  5.2400000000E+00  5.2450000000E+00  1.10927E-03  2.29571E+00
  5.2450000000E+00  5.2500000000E+00  8.79177E-04  2.21752E+00
  5.2500000000E+00  5.2550000000E+00  6.83431E-04  2.51285E+00
  5.2550000000E+00  5.2600000000E+00  5.28446E-04  3.70940E+00
  5.2600000000E+00  5.2650000000E+00  4.12932E-04  2.68816E+00
  5.2650000000E+00  5.2700000000E+00  3.33840E-04  3.59094E+00
  5.2700000000E+00  5.2750000000E+00  2.74207E-04  3.69790E+00
  5.2750000000E+00  5.2800000000E+00  2.22143E-04  4.69979E+00
  5.2800000000E+00  5.2850000000E+00  1.80711E-04  3.68096E+00
  5.2850000000E+00  5.2900000000E+00  1.58609E-04  4.88914E+00
  5.2900000000E+00  5.2950000000E+00  1.51277E-04  3.85096E+00
  5.2950000000E+00  5.3000000000E+00  1.33066E-04  4.63908E+00
  5.3000000000E+00  5.3050000000E+00  1.23688E-04  5.05292E+00
  5.3050000000E+00  5.3100000000E+00  1.06884E-04  5.67698E+00
  5.3100000000E+00  5.3150000000E+00  9.42788E-05  5.36243E+00
  5.3150000000E+00  5.3200000000E+00  9.18603E-05  5.40553E+00
  5.3200000000E+00  5.3250000000E+00  8.95734E-05  4.76429E+00
  5.3250000000E+00  5.3300000000E+00  8.62882E-05  4.83377E+00
  5.3300000000E+00  5.3350000000E+00  8.35629E-05  4.60608E+00
  5.3350000000E+00  5.3400000000E+00  7.90971E-05  4.89171E+00
  5.3400000000E+00  5.3450000000E+00  7.79241E-05  5.13934E+00
  5.3450000000E+00  5.3500000000E+00  7.55327E-05  4.86422E+00
  5.3500000000E+00  5.3550000000E+00  7.20281E-05  5.70924E+00
  5.3550000000E+00  5.3600000000E+00  7.07737E-05  5.17500E+00
  5.3600000000E+00  5.3650000000E+00  7.42208E-05  6.54261E+00
  5.3650000000E+00  5.3700000000E+00  7.35744E-05  5.55391E+00
  5.3700000000E+00  5.3750000000E+00  7.21850E-05  6.38064E+00
  5.3750000000E+00  5.3800000000E+00  7.08230E-05  5.30659E+00
  5.3800000000E+00  5.3850000000E+00  6.90802E-05  5.71931E+00
  5.3850000000E+00  5.3900000000E+00  6.71991E-05  5.13766E+00
  5.3900000000E+00  5.3950000000E+00  6.82492E-05  5.41849E+00
  5.3950000000E+00  5.4000000000E+00  6.17228E-05  6.85747E+00
  5.4000000000E+00  5.4050000000E+00  6.04075E-05  7.08266E+00
  5.4050000000E+00  5.4100000000E+00  5.73595E-05  6.94074E+00
  5.4100000000E+00  5.4150000000E+00  5.52063E-05  6.17425E+00
  5.4150000000E+00  5.4200000000E+00  5.73633E-05  5.74559E+00
  5.4200000000E+00  5.4250000000E+00  5.74038E-05  6.55769E+00
  5.4250000000E+00  5.4300000000E+00  6.07598E-05  6.16070E+00
  5.4300000000E+00  5.4350000000E+00  6.10885E-05  6.62544E+00
  5.4350000000E+00  5.4400000000E+00  5.98470E-05  6.92250E+00
  5.4400000000E+00  5.4450000000E+00  5.63778E-05  7.23166E+00
  5.4450000000E+00  5.4500000000E+00  5.64276E-05  8.04891E+00
  5.4500000000E+00  5.4550000000E+00  5.27895E-05  6.97099E+00
  5.4550000000E+00  5.4600000000E+00  5.09740E-05  5.58577E+00
  5.4600000000E+00  5.4650000000E+00  4.67298E-05  6.60677E+00
  5.4650000000E+00  5.4700000000E+00  4.75861E-05  6.86127E+00
  5.4700000000E+00  5.4750000000E+00  4.63276E-05  6.63136E+00
  5.4750000000E+00  5.4800000000E+00  4.68750E-05  5.95026E+00
  5.4800000000E+00  5.4850000000E+00  4.26185E-05  7.10487E+00
  5.4850000000E+00  5.4900000000E+00  3.95547E-05  6.59778E+00
  5.4900000000E+00  5.4950000000E+00  3.91313E-05  7.32559E+00
  5.4950000000E+00  5.5000000000E+00  3.26430E-05  6.09672E+00
  5.5000000000E+00  5.5050000000E+00  3.31821E-05  5.73804E+00
  5.5050000000E+00  5.5100000000E+00  3.34247E-05  8.03747E+00
  5.5100000000E+00  5.5150000000E+00  2.82209E-05  9.69789E+00
  5.5150000000E+00  5.5200000000E+00  2.81700E-05  1.07932E+01
  5.5200000000E+00  5.5250000000E+00  2.74454E-05  1.21596E+01
  5.5250000000E+00  5.5300000000E+00  2.52665E-05  1.27070E+01
  5.5300000000E+00  5.5350000000E+00  2.40214E-05  1.12461E+01
  5.5350000000E+00  5.5400000000E+00  2.34739E-05  1.38454E+01
  5.5400000000E+00  5.5450000000E+00  1.87036E-05  1.54537E+01
  5.5450000000E+00  5.5500000000E+00  1.91028E-05  1.30678E+01
  5.5500000000E+00  5.5550000000E+00  1.74246E-05  1.78417E+01
  5.5550000000E+00  5.5600000000E+00  1.36385E-05  1.90090E+01
  5.5600000000E+00  5.5650000000E+00  1.22943E-05  2.27249E+01
  5.5650000000E+00  5.5700000000E+00  1.12033E-05  2.01160E+01
  5.5700000000E+00  5.5750000000E+00  8.54303E-06  2.14179E+01
  5.5750000000E+00  5.5800000000E+00  5.46282E-06  2.89009E+01
  5.5800000000E+00  5.5850000000E+00  5.15193E-06  2.86068E+01
  5.5850000000E+00  5.5900000000E+00  4.60548E-06  3.59352E+01
  5.5900000000E+00  5.5950000000E+00  1.91629E-06  5.10162E+01
  5.5950000000E+00  5.6000000000E+00  1.50731E-06  4.63706E+01
  5.6000000000E+00  5.6050000000E+00  1.33144E-06  4.15776E+01
  5.6050000000E+00  5.6100000000E+00  1.07330E-06  4.92180E+01
  5.6100000000E+00  5.6150000000E+00  1.31364E-06  5.38889E+01
  5.6150000000E+00  5.6200000000E+00  1.09752E-06  4.71379E+01
  5.6200000000E+00  5.6250000000E+00  8.63881E-07  5.74422E+01
  5.6250000000E+00  5.6300000000E+00  1.06308E-06  5.87651E+01
  5.6300000000E+00  5.6350000000E+00  1.25551E-06  5.97487E+01
  5.6350000000E+00  5.6400000000E+00  8.96619E-07  7.93102E+01
  5.6400000000E+00  5.6450000000E+00  3.68185E-06  8.72260E+01
  5.6450000000E+00  5.6500000000E+00  4.72291E-06  9.54567E+01
  5.6500000000E+00  5.6550000000E+00  4.86604E-07  6.86230E+01
  5.6550000000E+00  5.6600000000E+00  2.57410E-07  1.00000E+02
  5.6600000000E+00  5.6650000000E+00  2.86438E-07  1.00000E+02
  5.6650000000E+00  5.6700000000E+00  3.30816E-07  1.00000E+02
  5.6700000000E+00  5.6750000000E+00  4.72661E-06  9.16008E+01
  5.6750000000E+00  5.6800000000E+00  1.54477E-06  1.00000E+02
  5.6800000000E+00  5.6850000000E+00  5.59358E-06  7.20754E+01
  5.6850000000E+00  5.6900000000E+00  3.89602E-06  7.40907E+01
  5.6900000000E+00  5.6950000000E+00  2.10346E-06  1.00000E+02
  5.6950000000E+00  5.7000000000E+00  3.81457E-08  1.00000E+02
  5.7000000000E+00  5.7050000000E+00  6.08123E-15  1.00000E+02
  5.7050000000E+00  5.7100000000E+00  0.00000E+00  0.00000E+00
  5.7100000000E+00  5.7150000000E+00  1.56822E-07  1.00000E+02
  5.7150000000E+00  5.7200000000E+00  5.16627E-07  1.00000E+02
  5.7200000000E+00  5.7250000000E+00  0.00000E+00  0.00000E+00
  5.7250000000E+00  5.7300000000E+00  0.00000E+00  0.00000E+00
  5.7300000000E+00  5.7350000000E+00  1.11735E-07  1.00000E+02
  5.7350000000E+00  5.7400000000E+00  4.06112E-11  1.00000E+02
  5.7400000000E+00  5.7450000000E+00  0.00000E+00  0.00000E+00
  5.7450000000E+00  5.7500000000E+00  5.56932E-07  1.00000E+02
  5.7500000000E+00  5.7550000000E+00  0.00000E+00  0.00000E+00
  5.7550000000E+00  5.7600000000E+00  0.00000E+00  0.00000E+00
  5.7600000000E+00  5.7650000000E+00  1.60424E-15  1.00000E+02
  5.7650000000E+00  5.7700000000E+00  0.00000E+00  0.00000E+00
  5.7700000000E+00  5.7750000000E+00  1.68756E-07  1.00000E+02
  5.7750000000E+00  5.7800000000E+00  1.35151E-06  9.99997E+01
  5.7800000000E+00  5.7850000000E+00  0.00000E+00  0.00000E+00
  5.7850000000E+00  5.7900000000E+00  7.38689E-15  1.00000E+02
  5.7900000000E+00  5.7950000000E+00  0.00000E+00  0.00000E+00
  5.7950000000E+00  5.8000000000E+00  5.55025E-15  1.00000E+02
  5.8000000000E+00  5.8050000000E+00  8.79372E-15  1.00000E+02
  5.8050000000E+00  5.8100000000E+00  4.44100E-06  1.00000E+02
  5.8100000000E+00  5.8150000000E+00  7.38534E-07  1.00000E+02
  5.8150000000E+00  5.8200000000E+00  1.28818E-07  1.00000E+02
  5.8200000000E+00  5.8250000000E+00  0.00000E+00  0.00000E+00
  5.8250000000E+00  5.8300000000E+00  0.00000E+00  0.00000E+00
  5.8300000000E+00  5.8350000000E+00  0.00000E+00  0.00000E+00
  5.8350000000E+00  5.8400000000E+00  3.70201E-12  1.00000E+02
  5.8400000000E+00  5.8450000000E+00  0.00000E+00  0.00000E+00
  5.8450000000E+00  5.8500000000E+00  3.92832E-15  1.00000E+02
  5.8500000000E+00  5.8550000000E+00  3.77741E-12  9.98587E+01
  5.8550000000E+00  5.8600000000E+00  1.37460E-14  1.00000E+02
  5.8600000000E+00  5.8650000000E+00  0.00000E+00  0.00000E+00
  5.8650000000E+00  5.8700000000E+00  0.00000E+00  0.00000E+00
  5.8700000000E+00  5.8750000000E+00  0.00000E+00  0.00000E+00
  5.8750000000E+00  5.8800000000E+00  0.00000E+00  0.00000E+00
  5.8800000000E+00  5.8850000000E+00  0.00000E+00  0.00000E+00
  5.8850000000E+00  5.8900000000E+00  0.00000E+00  0.00000E+00
  5.8900000000E+00  5.8950000000E+00  0.00000E+00  0.00000E+00
  5.8950000000E+00  5.9000000000E+00  2.01217E-13  1.00000E+02
  5.9000000000E+00  5.9050000000E+00  0.00000E+00  0.00000E+00
  5.9050000000E+00  5.9100000000E+00  0.00000E+00  0.00000E+00
  5.9100000000E+00  5.9150000000E+00  5.54013E-07  1.00000E+02
  5.9150000000E+00  5.9200000000E+00  3.12759E-07  1.00000E+02
  5.9200000000E+00  5.9250000000E+00  2.19395E-14  1.00000E+02
  5.9250000000E+00  5.9300000000E+00  0.00000E+00  0.00000E+00
  5.9300000000E+00  5.9350000000E+00  0.00000E+00  0.00000E+00
  5.9350000000E+00  5.9400000000E+00  0.00000E+00  0.00000E+00
  5.9400000000E+00  5.9450000000E+00  6.84303E-10  1.00000E+02
  5.9450000000E+00  5.9500000000E+00  0.00000E+00  0.00000E+00
  5.9500000000E+00  5.9550000000E+00  0.00000E+00  0.00000E+00
  5.9550000000E+00  5.9600000000E+00  0.00000E+00  0.00000E+00
  5.9600000000E+00  5.9650000000E+00  0.00000E+00  0.00000E+00
  5.9650000000E+00  5.9700000000E+00  0.00000E+00  0.00000E+00
  5.9700000000E+00  5.9750000000E+00  0.00000E+00  0.00000E+00
  5.9750000000E+00  5.9800000000E+00  0.00000E+00  0.00000E+00
  5.9800000000E+00  5.9850000000E+00  2.45841E-08  1.00000E+02
  5.9850000000E+00  5.9900000000E+00  0.00000E+00  0.00000E+00
  5.9900000000E+00  5.9950000000E+00  0.00000E+00  0.00000E+00
  5.9950000000E+00  6.0000000000E+00  0.00000E+00  0.00000E+00
  6.0000000000E+00  6.0050000000E+00  2.43852E-09  1.00000E+02
  6.0050000000E+00  6.0100000000E+00  2.33381E-08  1.00000E+02
  6.0100000000E+00  6.0150000000E+00  0.00000E+00  0.00000E+00
  6.0150000000E+00  6.0200000000E+00  3.17465E-08  6.86763E+01
  6.0200000000E+00  6.0250000000E+00  0.00000E+00  0.00000E+00
  6.0250000000E+00  6.0300000000E+00  0.00000E+00  0.00000E+00
  6.0300000000E+00  6.0350000000E+00  4.42509E-09  1.00000E+02
  6.0350000000E+00  6.0400000000E+00  0.00000E+00  0.00000E+00
  6.0400000000E+00  6.0450000000E+00  0.00000E+00  0.00000E+00
  6.0450000000E+00  6.0500000000E+00  5.12121E-12  1.00000E+02
  6.0500000000E+00  6.0550000000E+00  0.00000E+00  0.00000E+00
  6.0550000000E+00  6.0600000000E+00  3.07261E-14  6.86384E+01
  6.0600000000E+00  6.0650000000E+00  0.00000E+00  0.00000E+00
  6.0650000000E+00  6.0700000000E+00  2.94978E-10  1.00000E+02
  6.0700000000E+00  6.0750000000E+00  7.38689E-15  1.00000E+02
  6.0750000000E+00  6.0800000000E+00  0.00000E+00  0.00000E+00
  6.0800000000E+00  6.0850000000E+00  0.00000E+00  0.00000E+00
  6.0850000000E+00  6.0900000000E+00  0.00000E+00  0.00000E+00
  6.0900000000E+00  6.0950000000E+00  2.14355E-11  1.00000E+02
  6.0950000000E+00  6.1000000000E+00  5.04272E-15  1.00000E+02
  6.1000000000E+00  6.1050000000E+00  1.55600E-07  1.00000E+02
  6.1050000000E+00  6.1100000000E+00  3.43190E-07  9.99999E+01
  6.1100000000E+00  6.1150000000E+00  3.96776E-07  1.00000E+02
  6.1150000000E+00  6.1200000000E+00  5.41901E-07  1.00000E+02
  6.1200000000E+00  6.1250000000E+00  1.04189E-06  7.49062E+01
  6.1250000000E+00  6.1300000000E+00  5.35626E-07  1.00000E+02
  6.1300000000E+00  6.1350000000E+00  0.00000E+00  0.00000E+00
  6.1350000000E+00  6.1400000000E+00  0.00000E+00  0.00000E+00
  6.1400000000E+00  6.1450000000E+00  4.97270E-12  9.97792E+01
  6.1450000000E+00  6.1500000000E+00  0.00000E+00  0.00000E+00
  6.1500000000E+00  6.1550000000E+00  0.00000E+00  0.00000E+00
  6.1550000000E+00  6.1600000000E+00  5.04272E-15  1.00000E+02
  6.1600000000E+00  6.1650000000E+00  0.00000E+00  0.00000E+00
  6.1650000000E+00  6.1700000000E+00  0.00000E+00  0.00000E+00
  6.1700000000E+00  6.1750000000E+00  1.20605E-11  1.00000E+02
  6.1750000000E+00  6.1800000000E+00  8.24226E-08  1.00000E+02
  6.1800000000E+00  6.1850000000E+00  0.00000E+00  0.00000E+00
  6.1850000000E+00  6.1900000000E+00  0.00000E+00  0.00000E+00
  6.1900000000E+00  6.1950000000E+00  0.00000E+00  0.00000E+00
  6.1950000000E+00  6.2000000000E+00  0.00000E+00  0.00000E+00
  6.2000000000E+00  6.2050000000E+00  0.00000E+00  0.00000E+00
  6.2050000000E+00  6.2100000000E+00  0.00000E+00  0.00000E+00
  6.2100000000E+00  6.2150000000E+00  0.00000E+00  0.00000E+00
  6.2150000000E+00  6.2200000000E+00  0.00000E+00  0.00000E+00
  6.2200000000E+00  6.2250000000E+00  6.08123E-15  1.00000E+02
  6.2250000000E+00  6.2300000000E+00  0.00000E+00  0.00000E+00
  6.2300000000E+00  6.2350000000E+00  0.00000E+00  0.00000E+00
  6.2350000000E+00  6.2400000000E+00  0.00000E+00  0.00000E+00
  6.2400000000E+00  6.2450000000E+00  0.00000E+00  0.00000E+00
  6.2450000000E+00  6.2500000000E+00  0.00000E+00  0.00000E+00
  6.2500000000E+00  6.2550000000E+00  4.08351E-06  1.00000E+02
  6.2550000000E+00  6.2600000000E+00  1.26427E-14  1.00000E+02
  6.2600000000E+00  6.2650000000E+00  0.00000E+00  0.00000E+00
  6.2650000000E+00  6.2700000000E+00  0.00000E+00  0.00000E+00
  6.2700000000E+00  6.2750000000E+00  4.25280E-13  1.00000E+02
  6.2750000000E+00  6.2800000000E+00  0.00000E+00  0.00000E+00
  6.2800000000E+00  6.2850000000E+00  2.14355E-11  1.00000E+02
  6.2850000000E+00  6.2900000000E+00  0.00000E+00  0.00000E+00
  6.2900000000E+00  6.2950000000E+00  5.77731E-14  9.51267E+01
  6.2950000000E+00  6.3000000000E+00  0.00000E+00  0.00000E+00
  6.3000000000E+00  6.3050000000E+00  2.15614E-12  1.00000E+02
  6.3050000000E+00  6.3100000000E+00  0.00000E+00  0.00000E+00
  6.3100000000E+00  6.3150000000E+00  0.00000E+00  0.00000E+00
  6.3150000000E+00  6.3200000000E+00  0.00000E+00  0.00000E+00
  6.3200000000E+00  6.3250000000E+00  0.00000E+00  0.00000E+00
  6.3250000000E+00  6.3300000000E+00  0.00000E+00  0.00000E+00
  6.3300000000E+00  6.3350000000E+00  0.00000E+00  0.00000E+00
  6.3350000000E+00  6.3400000000E+00  0.00000E+00  0.00000E+00
  6.3400000000E+00  6.3450000000E+00  4.33759E-14  1.00000E+02
  6.3450000000E+00  6.3500000000E+00  0.00000E+00  0.00000E+00
  6.3500000000E+00  6.3550000000E+00  0.00000E+00  0.00000E+00
  6.3550000000E+00  6.3600000000E+00  0.00000E+00  0.00000E+00
  6.3600000000E+00  6.3650000000E+00  0.00000E+00  0.00000E+00
  6.3650000000E+00  6.3700000000E+00  0.00000E+00  0.00000E+00
  6.3700000000E+00  6.3750000000E+00  0.00000E+00  0.00000E+00
  6.3750000000E+00  6.3800000000E+00  0.00000E+00  0.00000E+00
  6.3800000000E+00  6.3850000000E+00  0.00000E+00  0.00000E+00
  6.3850000000E+00  6.3900000000E+00  0.00000E+00  0.00000E+00
  6.3900000000E+00  6.3950000000E+00  0.00000E+00  0.00000E+00
  6.3950000000E+00  6.4000000000E+00  0.00000E+00  0.00000E+00
  6.4000000000E+00  6.4050000000E+00  4.73411E-07  1.00000E+02
  6.4050000000E+00  6.4100000000E+00  6.26617E-07  1.00000E+02
  6.4100000000E+00  6.4150000000E+00  1.22390E-06  1.00000E+02
  6.4150000000E+00  6.4200000000E+00  0.00000E+00  0.00000E+00
  6.4200000000E+00  6.4250000000E+00  0.00000E+00  0.00000E+00
  6.4250000000E+00  6.4300000000E+00  6.27143E-08  1.00000E+02
  6.4300000000E+00  6.4350000000E+00  0.00000E+00  0.00000E+00
  6.4350000000E+00  6.4400000000E+00  0.00000E+00  0.00000E+00
  6.4400000000E+00  6.4450000000E+00  0.00000E+00  0.00000E+00
  6.4450000000E+00  6.4500000000E+00  2.11266E-07  1.00000E+02
  6.4500000000E+00  6.4550000000E+00  0.00000E+00  0.00000E+00
  6.4550000000E+00  6.4600000000E+00  0.00000E+00  0.00000E+00
  6.4600000000E+00  6.4650000000E+00  0.00000E+00  0.00000E+00
  6.4650000000E+00  6.4700000000E+00  0.00000E+00  0.00000E+00
  6.4700000000E+00  6.4750000000E+00  0.00000E+00  0.00000E+00
  6.4750000000E+00  6.4800000000E+00  9.50167E-12  1.00000E+02
  6.4800000000E+00  6.4850000000E+00  0.00000E+00  0.00000E+00
  6.4850000000E+00  6.4900000000E+00  0.00000E+00  0.00000E+00
  6.4900000000E+00  6.4950000000E+00  5.55025E-15  1.00000E+02
  6.4950000000E+00  6.5000000000E+00  0.00000E+00  0.00000E+00
  6.5000000000E+00  6.5050000000E+00  0.00000E+00  0.00000E+00
  6.5050000000E+00  6.5100000000E+00  6.03291E-08  1.00000E+02
  6.5100000000E+00  6.5150000000E+00  3.88698E-07  1.00000E+02
  6.5150000000E+00  6.5200000000E+00  3.94160E-07  1.00000E+02
  6.5200000000E+00  6.5250000000E+00  4.82648E-07  1.00000E+02
  6.5250000000E+00  6.5300000000E+00  6.09959E-07  1.00000E+02
  6.5300000000E+00  6.5350000000E+00  1.24995E-06  1.00000E+02
  6.5350000000E+00  6.5400000000E+00  8.79372E-15  1.00000E+02
  6.5400000000E+00  6.5450000000E+00  2.32380E-14  7.35409E+01
  6.5450000000E+00  6.5500000000E+00  4.95989E-08  1.00000E+02
  6.5500000000E+00  6.5550000000E+00  0.00000E+00  0.00000E+00
  6.5550000000E+00  6.5600000000E+00  8.24909E-11  1.00000E+02
  6.5600000000E+00  6.5650000000E+00  4.07810E-12  1.00000E+02
  6.5650000000E+00  6.5700000000E+00  6.08123E-15  1.00000E+02
  6.5700000000E+00  6.5750000000E+00  0.00000E+00  0.00000E+00
  6.5750000000E+00  6.5800000000E+00  0.00000E+00  0.00000E+00
  6.5800000000E+00  6.5850000000E+00  0.00000E+00  0.00000E+00
  6.5850000000E+00  6.5900000000E+00  0.00000E+00  0.00000E+00
  6.5900000000E+00  6.5950000000E+00  0.00000E+00  0.00000E+00
  6.5950000000E+00  6.6000000000E+00  0.00000E+00  0.00000E+00
  6.6000000000E+00  6.6050000000E+00  0.00000E+00  0.00000E+00
  6.6050000000E+00  6.6100000000E+00  0.00000E+00  0.00000E+00
  6.6100000000E+00  6.6150000000E+00  1.37460E-14  1.00000E+02
  6.6150000000E+00  6.6200000000E+00  0.00000E+00  0.00000E+00
  6.6200000000E+00  6.6250000000E+00  3.07159E-07  1.00000E+02
  6.6250000000E+00  6.6300000000E+00  8.31407E-07  1.00000E+02
  6.6300000000E+00  6.6350000000E+00  0.00000E+00  0.00000E+00
  6.6350000000E+00  6.6400000000E+00  3.40139E-14  1.00000E+02
  6.6400000000E+00  6.6450000000E+00  5.04272E-15  1.00000E+02
  6.6450000000E+00  6.6500000000E+00  6.19811E-09  1.00000E+02
  6.6500000000E+00  6.6550000000E+00  0.00000E+00  0.00000E+00
  6.6550000000E+00  6.6600000000E+00  0.00000E+00  0.00000E+00
  6.6600000000E+00  6.6650000000E+00  0.00000E+00  0.00000E+00
  6.6650000000E+00  6.6700000000E+00  0.00000E+00  0.00000E+00
  6.6700000000E+00  6.6750000000E+00  0.00000E+00  0.00000E+00
  6.6750000000E+00  6.6800000000E+00  2.95530E-14  8.61638E+01
  6.6800000000E+00  6.6850000000E+00  0.00000E+00  0.00000E+00
  6.6850000000E+00  6.6900000000E+00  8.20759E-08  1.00000E+02
  6.6900000000E+00  6.6950000000E+00  1.74714E-07  1.00000E+02
  6.6950000000E+00  6.7000000000E+00  1.80372E-07  9.94066E+01
  6.7000000000E+00  6.7050000000E+00  1.98572E-07  1.00000E+02
  6.7050000000E+00  6.7100000000E+00  2.07894E-07  1.00000E+02
  6.7100000000E+00  6.7150000000E+00  2.29101E-07  1.00000E+02
  6.7150000000E+00  6.7200000000E+00  2.38072E-07  1.00000E+02
  6.7200000000E+00  6.7250000000E+00  2.54952E-07  1.00000E+02
  6.7250000000E+00  6.7300000000E+00  2.83423E-07  1.00000E+02
  6.7300000000E+00  6.7350000000E+00  3.12285E-07  1.00000E+02
  6.7350000000E+00  6.7400000000E+00  3.34521E-07  1.00000E+02
  6.7400000000E+00  6.7450000000E+00  4.18431E-07  1.00000E+02
  6.7450000000E+00  6.7500000000E+00  5.81677E-07  1.00000E+02
  6.7500000000E+00  6.7550000000E+00  6.07080E-07  1.00000E+02
  6.7550000000E+00  6.7600000000E+00  1.03720E-12  9.97067E+01
  6.7600000000E+00  6.7650000000E+00  0.00000E+00  0.00000E+00
  6.7650000000E+00  6.7700000000E+00  0.00000E+00  0.00000E+00
  6.7700000000E+00  6.7750000000E+00  0.00000E+00  0.00000E+00
  6.7750000000E+00  6.7800000000E+00  0.00000E+00  0.00000E+00
  6.7800000000E+00  6.7850000000E+00  3.92832E-15  1.00000E+02
  6.7850000000E+00  6.7900000000E+00  2.32197E-14  1.00000E+02
  6.7900000000E+00  6.7950000000E+00  4.74496E-12  1.00000E+02
  6.7950000000E+00  6.8000000000E+00  0.00000E+00  0.00000E+00
  6.8000000000E+00  6.8050000000E+00  0.00000E+00  0.00000E+00
  6.8050000000E+00  6.8100000000E+00  0.00000E+00  0.00000E+00
  6.8100000000E+00  6.8150000000E+00  0.00000E+00  0.00000E+00
  6.8150000000E+00  6.8200000000E+00  0.00000E+00  0.00000E+00
  6.8200000000E+00  6.8250000000E+00  0.00000E+00  0.00000E+00
  6.8250000000E+00  6.8300000000E+00  2.35001E-15  1.00000E+02
  6.8300000000E+00  6.8350000000E+00  0.00000E+00  0.00000E+00
  6.8350000000E+00  6.8400000000E+00  0.00000E+00  0.00000E+00
  6.8400000000E+00  6.8450000000E+00  0.00000E+00  0.00000E+00
  6.8450000000E+00  6.8500000000E+00  0.00000E+00  0.00000E+00
  6.8500000000E+00  6.8550000000E+00  0.00000E+00  0.00000E+00
  6.8550000000E+00  6.8600000000E+00  0.00000E+00  0.00000E+00
  6.8600000000E+00  6.8650000000E+00  3.22002E-11  1.00000E+02
  6.8650000000E+00  6.8700000000E+00  0.00000E+00  0.00000E+00
  6.8700000000E+00  6.8750000000E+00  0.00000E+00  0.00000E+00
  6.8750000000E+00  6.8800000000E+00  1.56706E-13  1.00000E+02
  6.8800000000E+00  6.8850000000E+00  0.00000E+00  0.00000E+00
  6.8850000000E+00  6.8900000000E+00  3.44244E-15  1.00000E+02
  6.8900000000E+00  6.8950000000E+00  2.18103E-14  8.19413E+01
  6.8950000000E+00  6.9000000000E+00  0.00000E+00  0.00000E+00
  6.9000000000E+00  6.9050000000E+00  0.00000E+00  0.00000E+00
  6.9050000000E+00  6.9100000000E+00  4.18823E-15  1.00000E+02
  6.9100000000E+00  6.9150000000E+00  1.58511E-14  1.00000E+02
  6.9150000000E+00  6.9200000000E+00  0.00000E+00  0.00000E+00
  6.9200000000E+00  6.9250000000E+00  0.00000E+00  0.00000E+00
  6.9250000000E+00  6.9300000000E+00  0.00000E+00  0.00000E+00
  6.9300000000E+00  6.9350000000E+00  1.58511E-14  1.00000E+02
  6.9350000000E+00  6.9400000000E+00  0.00000E+00  0.00000E+00
  6.9400000000E+00  6.9450000000E+00  0.00000E+00  0.00000E+00
  6.9450000000E+00  6.9500000000E+00  6.31880E-15  1.00000E+02
  6.9500000000E+00  6.9550000000E+00  0.00000E+00  0.00000E+00
  6.9550000000E+00  6.9600000000E+00  0.00000E+00  0.00000E+00
  6.9600000000E+00  6.9650000000E+00  0.00000E+00  0.00000E+00
  6.9650000000E+00  6.9700000000E+00  0.00000E+00  0.00000E+00
  6.9700000000E+00  6.9750000000E+00  0.00000E+00  0.00000E+00
  6.9750000000E+00  6.9800000000E+00  0.00000E+00  0.00000E+00
  6.9800000000E+00  6.9850000000E+00  0.00000E+00  0.00000E+00
  6.9850000000E+00  6.9900000000E+00  0.00000E+00  0.00000E+00
  6.9900000000E+00  6.9950000000E+00  8.75463E-11  1.00000E+02
  6.9950000000E+00  7.0000000000E+00  4.77622E-13  9.60751E+01
  7.0000000000E+00  7.0000000000E+00  4.77622E-13  9.60751E+01