# Detector n: 1D Projection
  1.0000000000E+00  1.0050000000E+00  9.49936E-03  2.58248E-01
  1.0050000000E+00  1.0100000000E+00  9.52132E-03  2.42791E-01
  1.0100000000E+00  1.0150000000E+00  9.51659E-03  2.15864E-01
  1.0150000000E+00  1.0200000000E+00  9.56217E-03  2.75307E-01
  1.0200000000E+00  1.0250000000E+00  9.56864E-03  2.90592E-01
  1.0250000000E+00  1.0300000000E+00  9.56791E-03  2.25921E-01
  1.0300000000E+00  1.0350000000E+00  9.61190E-03  2.57205E-01
  1.0350000000E+00  1.0400000000E+00  9.55328E-03  2.70215E-01
  1.0400000000E+00  1.0450000000E+00  9.52569E-03  2.37288E-01
  1.0450000000E+00  1.0500000000E+00  9.57721E-03  2.68071E-01
  1.0500000000E+00  1.0550000000E+00  9.56527E-03  2.02536E-01
  1.0550000000E+00  1.0600000000E+00  9.59831E-03  2.68727E-01
  1.0600000000E+00  1.0650000000E+00  9.57398E-03  1.71802E-01
  1.0650000000E+00  1.0700000000E+00  9.58189E-03  2.51662E-01
  1.0700000000E+00  1.0750000000E+00  9.61996E-03  2.40031E-01
  1.0750000000E+00  1.0800000000E+00  9.57156E-03  2.29253E-01
  1.0800000000E+00  1.0850000000E+00  9.62655E-03  3.12238E-01
  1.0850000000E+00  1.0900000000E+00  9.58063E-03  2.31340E-01
  1.0900000000E+00  1.0950000000E+00  9.64975E-03  2.43735E-01
  1.0950000000E+00  1.1000000000E+00  9.68701E-03  2.37924E-01
  1.1000000000E+00  1.1050000000E+00  9.66931E-03  2.53306E-01
  1.1050000000E+00  1.1100000000E+00  9.73201E-03  2.98266E-01
  1.1100000000E+00  1.1150000000E+00  9.71701E-03  2.86051E-01
  1.1150000000E+00  1.1200000000E+00  9.71701E-03  2.90493E-01
  1.1200000000E+00  1.1250000000E+00  9.69462E-03  2.66003E-01
  1.1250000000E+00  1.1300000000E+00  9.70332E-03  2.91077E-01
  1.1300000000E+00  1.1350000000E+00  9.72248E-03  3.01963E-01
  1.1350000000E+00  1.1400000000E+00  9.69941E-03  2.20401E-01
  1.1400000000E+00  1.1450000000E+00  9.72087E-03  2.40237E-01
  1.1450000000E+00  1.1500000000E+00  9.72054E-03  2.14058E-01
  1.1500000000E+00  1.1550000000E+00  9.70993E-03  3.05381E-01
  1.1550000000E+00  1.1600000000E+00  9.74008E-03  2.61468E-01
  1.1600000000E+00  1.1650000000E+00  9.72158E-03  2.51646E-01
  1.1650000000E+00  1.1700000000E+00  9.69991E-03  2.25102E-01
  1.1700000000E+00  1.1750000000E+00  9.72373E-03  2.25161E-01
  1.1750000000E+00  1.1800000000E+00  9.72229E-03  2.16169E-01
  1.1800000000E+00  1.1850000000E+00  9.73728E-03  2.69877E-01
  1.1850000000E+00  1.1900000000E+00  9.73963E-03  1.96017E-01
  1.1900000000E+00  1.1950000000E+00  9.76321E-03  1.97782E-01
  1.1950000000E+00  1.2000000000E+00  9.74480E-03  1.88216E-01
  1.2000000000E+00  1.2050000000E+00  9.78556E-03  3.40805E-01
  1.2050000000E+00  1.2100000000E+00  9.83057E-03  4.38230E-01
  1.2100000000E+00  1.2150000000E+00  9.78511E-03  2.69583E-01
  1.2150000000E+00  1.2200000000E+00  9.77081E-03  2.03808E-01
  1.2200000000E+00  1.2250000000E+00  9.77535E-03  2.23799E-01
  1.2250000000E+00  1.2300000000E+00  9.76993E-03  2.16808E-01
  1.2300000000E+00  1.2350000000E+00  9.79499E-03  2.81192E-01
  1.2350000000E+00  1.2400000000E+00  9.78587E-03  2.46238E-01
  1.2400000000E+00  1.2450000000E+00  9.75255E-03  2.00985E-01
  1.2450000000E+00  1.2500000000E+00  9.80131E-03  3.07131E-01
  1.2500000000E+00  1.2550000000E+00  9.78982E-03  2.68276E-01
  1.2550000000E+00  1.2600000000E+00  9.76390E-03  2.46750E-01
  1.2600000000E+00  1.2650000000E+00  9.83943E-03  2.34619E-01
  1.2650000000E+00  1.2700000000E+00  9.89256E-03  1.42377E-01
  1.2700000000E+00  1.2750000000E+00  9.93307E-03  2.15566E-01
  1.2750000000E+00  1.2800000000E+00  9.94455E-03  2.04576E-01
  1.2800000000E+00  1.2850000000E+00  9.91823E-03  2.20346E-01
  1.2850000000E+00  1.2900000000E+00  9.91336E-03  2.37812E-01
  1.2900000000E+00  1.2950000000E+00  9.93751E-03  2.44097E-01
  1.2950000000E+00  1.3000000000E+00  9.90683E-03  1.57969E-01
  1.3000000000E+00  1.3050000000E+00  9.94124E-03  2.42077E-01
  1.3050000000E+00  1.3100000000E+00  1.00006E-02  3.19094E-01
  1.3100000000E+00  1.3150000000E+00  9.99022E-03  3.00758E-01
  1.3150000000E+00  1.3200000000E+00  9.98704E-03  2.58950E-01
  1.3200000000E+00  1.3250000000E+00  9.96490E-03  2.13752E-01
  1.3250000000E+00  1.3300000000E+00  9.96412E-03  2.63942E-01
  1.3300000000E+00  1.3350000000E+00  9.98738E-03  2.00244E-01
  1.3350000000E+00  1.3400000000E+00  9.96247E-03  1.88829E-01
  1.3400000000E+00  1.3450000000E+00  9.98410E-03  2.11861E-01
  1.3450000000E+00  1.3500000000E+00  9.99322E-03  2.28530E-01
  1.3500000000E+00  1.3550000000E+00  1.00013E-02  2.72949E-01
  1.3550000000E+00  1.3600000000E+00  1.00115E-02  2.14885E-01
  1.3600000000E+00  1.3650000000E+00  9.98468E-03  2.48734E-01
  1.3650000000E+00  1.3700000000E+00  9.99788E-03  2.27765E-01
  1.3700000000E+00  1.3750000000E+00  1.00331E-02  2.96125E-01
  1.3750000000E+00  1.3800000000E+00  9.99462E-03  2.45132E-01
  1.3800000000E+00  1.3850000000E+00  1.00516E-02  2.66746E-01
  1.3850000000E+00  1.3900000000E+00  9.99371E-03  2.02698E-01
  1.3900000000E+00  1.3950000000E+00  1.00271E-02  2.69752E-01
  1.3950000000E+00  1.4000000000E+00  1.00027E-02  2.08931E-01
  1.4000000000E+00  1.4050000000E+00  9.99164E-03  2.16450E-01
  1.4050000000E+00  1.4100000000E+00  1.00108E-02  2.25097E-01
  1.4100000000E+00  1.4150000000E+00  1.00272E-02  1.80667E-01
  1.4150000000E+00  1.4200000000E+00  1.00092E-02  2.68579E-01
  1.4200000000E+00  1.4250000000E+00  1.00582E-02  2.51310E-01
  1.4250000000E+00  1.4300000000E+00  1.00252E-02  2.23195E-01
  1.4300000000E+00  1.4350000000E+00  1.00675E-02  3.11994E-01
  1.4350000000E+00  1.4400000000E+00  9.99002E-03  2.11726E-01
  1.4400000000E+00  1.4450000000E+00  1.00202E-02  1.91725E-01
  1.4450000000E+00  1.4500000000E+00  1.00801E-02  2.54599E-01
  1.4500000000E+00  1.4550000000E+00  1.00462E-02  2.88150E-01
  1.4550000000E+00  1.4600000000E+00  1.00872E-02  3.06130E-01
  1.4600000000E+00  1.4650000000E+00  1.00715E-02  2.38557E-01
  1.4650000000E+00  1.4700000000E+00  1.00540E-02  2.69267E-01
  1.4700000000E+00  1.4750000000E+00  1.00312E-02  2.15949E-01
  1.4750000000E+00  1.4800000000E+00  1.00574E-02  1.90054E-01
  1.4800000000E+00  1.4850000000E+00  1.01296E-02  2.81387E-01
  1.4850000000E+00  1.4900000000E+00  1.01546E-02  3.77877E-01
  1.4900000000E+00  1.4950000000E+00  1.00931E-02  2.20818E-01
  1.4950000000E+00  1.5000000000E+00  1.00903E-02  1.64006E-01
  1.5000000000E+00  1.5050000000E+00  1.01482E-02  3.17186E-01
  1.5050000000E+00  1.5100000000E+00  1.01121E-02  2.34523E-01
  1.5100000000E+00  1.5150000000E+00  1.01177E-02  2.30761E-01
  1.5150000000E+00  1.5200000000E+00  1.01271E-02  2.66922E-01
  1.5200000000E+00  1.5250000000E+00  1.01149E-02  1.89871E-01
  1.5250000000E+00  1.5300000000E+00  1.01187E-02  1.96357E-01
  1.5300000000E+00  1.5350000000E+00  1.00932E-02  2.14747E-01
  1.5350000000E+00  1.5400000000E+00  1.01585E-02  2.84263E-01
  1.5400000000E+00  1.5450000000E+00  1.01221E-02  2.47823E-01
  1.5450000000E+00  1.5500000000E+00  1.01090E-02  2.53702E-01
  1.5500000000E+00  1.5550000000E+00  1.01104E-02  2.18230E-01
  1.5550000000E+00  1.5600000000E+00  1.01371E-02  2.31219E-01
  1.5600000000E+00  1.5650000000E+00  1.01576E-02  2.38808E-01
  1.5650000000E+00  1.5700000000E+00  1.01196E-02  2.13253E-01
  1.5700000000E+00  1.5750000000E+00  1.01439E-02  2.42473E-01
  1.5750000000E+00  1.5800000000E+00  1.01700E-02  2.65610E-01
  1.5800000000E+00  1.5850000000E+00  1.01620E-02  2.99423E-01
  1.5850000000E+00  1.5900000000E+00  1.01199E-02  1.98619E-01
  1.5900000000E+00  1.5950000000E+00  1.01496E-02  2.12327E-01
  1.5950000000E+00  1.6000000000E+00  1.01970E-02  2.30374E-01
  1.6000000000E+00  1.6050000000E+00  1.02582E-02  2.32620E-01
  1.6050000000E+00  1.6100000000E+00  1.02802E-02  2.77781E-01
  1.6100000000E+00  1.6150000000E+00  1.02767E-02  2.28000E-01
  1.6150000000E+00  1.6200000000E+00  1.02678E-02  1.88213E-01
  1.6200000000E+00  1.6250000000E+00  1.02433E-02  1.77845E-01
  1.6250000000E+00  1.6300000000E+00  1.02888E-02  2.87352E-01
  1.6300000000E+00  1.6350000000E+00  1.02765E-02  2.07185E-01
  1.6350000000E+00  1.6400000000E+00  1.02865E-02  1.93898E-01
  1.6400000000E+00  1.6450000000E+00  1.02882E-02  2.50426E-01
  1.6450000000E+00  1.6500000000E+00  1.02539E-02  2.45458E-01
  1.6500000000E+00  1.6550000000E+00  1.03436E-02  2.74593E-01
  1.6550000000E+00  1.6600000000E+00  1.03485E-02  2.92895E-01
  1.6600000000E+00  1.6650000000E+00  1.03516E-02  2.88631E-01
  1.6650000000E+00  1.6700000000E+00  1.02791E-02  1.98098E-01
  1.6700000000E+00  1.6750000000E+00  1.03260E-02  2.09283E-01
  1.6750000000E+00  1.6800000000E+00  1.02779E-02  1.78708E-01
  1.6800000000E+00  1.6850000000E+00  1.03200E-02  2.70466E-01
  1.6850000000E+00  1.6900000000E+00  1.02952E-02  2.20487E-01
  1.6900000000E+00  1.6950000000E+00  1.02990E-02  2.39439E-01
  1.6950000000E+00  1.7000000000E+00  1.03013E-02  1.84594E-01
  1.7000000000E+00  1.7050000000E+00  1.03134E-02  1.60646E-01
  1.7050000000E+00  1.7100000000E+00  1.03270E-02  2.13273E-01
  1.7100000000E+00  1.7150000000E+00  1.03389E-02  2.46288E-01
  1.7150000000E+00  1.7200000000E+00  1.03587E-02  2.51421E-01
  1.7200000000E+00  1.7250000000E+00  1.03617E-02  2.89646E-01
  1.7250000000E+00  1.7300000000E+00  1.03377E-02  2.12736E-01
  1.7300000000E+00  1.7350000000E+00  1.03663E-02  2.61298E-01
  1.7350000000E+00  1.7400000000E+00  1.03591E-02  1.86339E-01
  1.7400000000E+00  1.7450000000E+00  1.03598E-02  2.40127E-01
  1.7450000000E+00  1.7500000000E+00  1.03496E-02  2.20158E-01
  1.7500000000E+00  1.7550000000E+00  1.03891E-02  2.08646E-01
  1.7550000000E+00  1.7600000000E+00  1.03888E-02  2.60913E-01
  1.7600000000E+00  1.7650000000E+00  1.03703E-02  2.20613E-01
  1.7650000000E+00  1.7700000000E+00  1.03906E-02  2.39818E-01
  1.7700000000E+00  1.7750000000E+00  1.03732E-02  2.38123E-01
  1.7750000000E+00  1.7800000000E+00  1.03684E-02  2.21079E-01
  1.7800000000E+00  1.7850000000E+00  1.03889E-02  2.07835E-01
  1.7850000000E+00  1.7900000000E+00  1.04243E-02  2.58381E-01
  1.7900000000E+00  1.7950000000E+00  1.03851E-02  2.04981E-01
  1.7950000000E+00  1.8000000000E+00  1.03797E-02  2.10269E-01
  1.8000000000E+00  1.8050000000E+00  1.04180E-02  2.34966E-01
  1.8050000000E+00  1.8100000000E+00  1.04245E-02  2.57542E-01
  1.8100000000E+00  1.8150000000E+00  1.04368E-02  2.63219E-01
  1.8150000000E+00  1.8200000000E+00  1.04768E-02  2.57517E-01
  1.8200000000E+00  1.8250000000E+00  1.04554E-02  2.73815E-01
  1.8250000000E+00  1.8300000000E+00  1.04641E-02  2.12972E-01
  1.8300000000E+00  1.8350000000E+00  1.04389E-02  1.69627E-01
  1.8350000000E+00  1.8400000000E+00  1.04754E-02  2.21446E-01
  1.8400000000E+00  1.8450000000E+00  1.04626E-02  1.96623E-01
  1.8450000000E+00  1.8500000000E+00  1.04779E-02  2.58754E-01
  1.8500000000E+00  1.8550000000E+00  1.05110E-02  2.59303E-01
  1.8550000000E+00  1.8600000000E+00  1.05047E-02  2.46938E-01
  1.8600000000E+00  1.8650000000E+00  1.04834E-02  2.09968E-01
  1.8650000000E+00  1.8700000000E+00  1.04946E-02  2.16984E-01
  1.8700000000E+00  1.8750000000E+00  1.04977E-02  1.77466E-01
  1.8750000000E+00  1.8800000000E+00  1.05010E-02  1.92592E-01
  1.8800000000E+00  1.8850000000E+00  1.05159E-02  2.36738E-01
  1.8850000000E+00  1.8900000000E+00  1.05044E-02  1.74986E-01
  1.8900000000E+00  1.8950000000E+00  1.05241E-02  2.09806E-01
  1.8950000000E+00  1.9000000000E+00  1.05277E-02  2.60213E-01
  1.9000000000E+00  1.9050000000E+00  1.05311E-02  1.98515E-01
  1.9050000000E+00  1.9100000000E+00  1.05848E-02  2.70367E-01
  1.9100000000E+00  1.9150000000E+00  1.05909E-02  1.80414E-01
  1.9150000000E+00  1.9200000000E+00  1.05810E-02  2.32074E-01
  1.9200000000E+00  1.9250000000E+00  1.05954E-02  2.52619E-01
  1.9250000000E+00  1.9300000000E+00  1.05654E-02  2.06058E-01
  1.9300000000E+00  1.9350000000E+00  1.05957E-02  2.52665E-01
  1.9350000000E+00  1.9400000000E+00  1.06173E-02  2.41661E-01
  1.9400000000E+00  1.9450000000E+00  1.05983E-02  2.21974E-01
  1.9450000000E+00  1.9500000000E+00  1.06352E-02  2.76635E-01
  1.9500000000E+00  1.9550000000E+00  1.06029E-02  1.77863E-01
  1.9550000000E+00  1.9600000000E+00  1.06109E-02  2.08142E-01
  1.9600000000E+00  1.9650000000E+00  1.05917E-02  2.55518E-01
  1.9650000000E+00  1.9700000000E+00  1.06478E-02  2.84679E-01
  1.9700000000E+00  1.9750000000E+00  1.06215E-02  2.03172E-01
  1.9750000000E+00  1.9800000000E+00  1.06403E-02  1.97627E-01
  1.9800000000E+00  1.9850000000E+00  1.06355E-02  2.50220E-01
  1.9850000000E+00  1.9900000000E+00  1.06286E-02  2.25207E-01
  1.9900000000E+00  1.9950000000E+00  1.06374E-02  2.24586E-01
  1.9950000000E+00  2.0000000000E+00  1.06793E-02  2.36733E-01
  2.0000000000E+00  2.0050000000E+00  1.06513E-02  1.55378E-01
  2.0050000000E+00  2.0100000000E+00  1.06924E-02  1.86490E-01
  2.0100000000E+00  2.0150000000E+00  1.06808E-02  1.96931E-01
  2.0150000000E+00  2.0200000000E+00  1.06585E-02  2.13024E-01
  2.0200000000E+00  2.0250000000E+00  1.06827E-02  2.39132E-01
  2.0250000000E+00  2.0300000000E+00  1.06813E-02  2.35980E-01
  2.0300000000E+00  2.0350000000E+00  1.06763E-02  1.87311E-01
  2.0350000000E+00  2.0400000000E+00  1.07226E-02  2.18932E-01
  2.0400000000E+00  2.0450000000E+00  1.07043E-02  2.53305E-01
  2.0450000000E+00  2.0500000000E+00  1.07177E-02  3.74604E-01
  2.0500000000E+00  2.0550000000E+00  1.07084E-02  2.57433E-01
  2.0550000000E+00  2.0600000000E+00  1.07173E-02  2.48870E-01
  2.0600000000E+00  2.0650000000E+00  1.07188E-02  2.36372E-01
  2.0650000000E+00  2.0700000000E+00  1.07658E-02  2.78008E-01
  2.0700000000E+00  2.0750000000E+00  1.07634E-02  2.08465E-01
  2.0750000000E+00  2.0800000000E+00  1.07816E-02  2.53979E-01
  2.0800000000E+00  2.0850000000E+00  1.07434E-02  2.02172E-01
  2.0850000000E+00  2.0900000000E+00  1.07676E-02  3.05034E-01
  2.0900000000E+00  2.0950000000E+00  1.07747E-02  2.51600E-01
  2.0950000000E+00  2.1000000000E+00  1.07790E-02  2.45739E-01
  2.1000000000E+00  2.1050000000E+00  1.07906E-02  2.26652E-01
  2.1050000000E+00  2.1100000000E+00  1.07987E-02  1.98574E-01
  2.1100000000E+00  2.1150000000E+00  1.07946E-02  2.06522E-01
  2.1150000000E+00  2.1200000000E+00  1.07808E-02  1.71804E-01
  2.1200000000E+00  2.1250000000E+00  1.08131E-02  2.21389E-01
  2.1250000000E+00  2.1300000000E+00  1.08670E-02  2.70893E-01
  2.1300000000E+00  2.1350000000E+00  1.08520E-02  2.43007E-01
  2.1350000000E+00  2.1400000000E+00  1.08407E-02  2.57599E-01
  2.1400000000E+00  2.1450000000E+00  1.08422E-02  1.93908E-01
  2.1450000000E+00  2.1500000000E+00  1.08248E-02  1.67031E-01
  2.1500000000E+00  2.1550000000E+00  1.08335E-02  2.03149E-01
  2.1550000000E+00  2.1600000000E+00  1.08645E-02  2.34849E-01
  2.1600000000E+00  2.1650000000E+00  1.08785E-02  2.63743E-01
  2.1650000000E+00  2.1700000000E+00  1.08618E-02  2.10151E-01
  2.1700000000E+00  2.1750000000E+00  1.08744E-02  2.12424E-01
  2.1750000000E+00  2.1800000000E+00  1.08674E-02  1.83517E-01
  2.1800000000E+00  2.1850000000E+00  1.08937E-02  2.17780E-01
  2.1850000000E+00  2.1900000000E+00  1.08616E-02  2.12153E-01
  2.1900000000E+00  2.1950000000E+00  1.09060E-02  2.52291E-01
  2.1950000000E+00  2.2000000000E+00  1.09178E-02  2.01583E-01
  2.2000000000E+00  2.2050000000E+00  1.09751E-02  3.29165E-01
  2.2050000000E+00  2.2100000000E+00  1.09224E-02  2.88433E-01
  2.2100000000E+00  2.2150000000E+00  1.09571E-02  2.43192E-01
  2.2150000000E+00  2.2200000000E+00  1.09567E-02  2.53143E-01
  2.2200000000E+00  2.2250000000E+00  1.09614E-02  1.97896E-01
  2.2250000000E+00  2.2300000000E+00  1.09970E-02  2.98060E-01
  2.2300000000E+00  2.2350000000E+00  1.09977E-02  2.38161E-01
  2.2350000000E+00  2.2400000000E+00  1.10236E-02  2.17782E-01
  2.2400000000E+00  2.2450000000E+00  1.10250E-02  3.11477E-01
  2.2450000000E+00  2.2500000000E+00  1.09875E-02  1.64098E-01
  2.2500000000E+00  2.2550000000E+00  1.09687E-02  1.64663E-01
  2.2550000000E+00  2.2600000000E+00  1.10220E-02  2.12257E-01
  2.2600000000E+00  2.2650000000E+00  1.10384E-02  2.10504E-01
  2.2650000000E+00  2.2700000000E+00  1.10450E-02  2.25033E-01
  2.2700000000E+00  2.2750000000E+00  1.10263E-02  1.42207E-01
  2.2750000000E+00  2.2800000000E+00  1.10647E-02  1.99698E-01
  2.2800000000E+00  2.2850000000E+00  1.10146E-02  2.01096E-01
  2.2850000000E+00  2.2900000000E+00  1.10367E-02  2.41877E-01
  2.2900000000E+00  2.2950000000E+00  1.10646E-02  2.70063E-01
  2.2950000000E+00  2.3000000000E+00  1.10713E-02  2.21510E-01
  2.3000000000E+00  2.3050000000E+00  1.11174E-02  2.90130E-01
  2.3050000000E+00  2.3100000000E+00  1.10643E-02  2.37408E-01
  2.3100000000E+00  2.3150000000E+00  1.10830E-02  1.73377E-01
  2.3150000000E+00  2.3200000000E+00  1.10809E-02  1.81280E-01
  2.3200000000E+00  2.3250000000E+00  1.11134E-02  2.73698E-01
  2.3250000000E+00  2.3300000000E+00  1.11242E-02  2.19463E-01
  2.3300000000E+00  2.3350000000E+00  1.11063E-02  2.25390E-01
  2.3350000000E+00  2.3400000000E+00  1.11372E-02  2.31681E-01
  2.3400000000E+00  2.3450000000E+00  1.11004E-02  2.09655E-01
  2.3450000000E+00  2.3500000000E+00  1.10997E-02  2.20461E-01
  2.3500000000E+00  2.3550000000E+00  1.11026E-02  1.93206E-01
  2.3550000000E+00  2.3600000000E+00  1.11157E-02  2.02573E-01
  2.3600000000E+00  2.3650000000E+00  1.11341E-02  1.84980E-01
  2.3650000000E+00  2.3700000000E+00  1.11397E-02  1.98745E-01
  2.3700000000E+00  2.3750000000E+00  1.11349E-02  2.09373E-01
  2.3750000000E+00  2.3800000000E+00  1.11885E-02  2.05701E-01
  2.3800000000E+00  2.3850000000E+00  1.11484E-02  2.41239E-01
  2.3850000000E+00  2.3900000000E+00  1.11597E-02  2.15547E-01
  2.3900000000E+00  2.3950000000E+00  1.11864E-02  2.51243E-01
  2.3950000000E+00  2.4000000000E+00  1.12038E-02  2.95967E-01
  2.4000000000E+00  2.4050000000E+00  1.11510E-02  1.91923E-01
  2.4050000000E+00  2.4100000000E+00  1.11793E-02  2.08567E-01
  2.4100000000E+00  2.4150000000E+00  1.12043E-02  2.46927E-01
  2.4150000000E+00  2.4200000000E+00  1.12209E-02  2.18373E-01
  2.4200000000E+00  2.4250000000E+00  1.12276E-02  2.09301E-01
  2.4250000000E+00  2.4300000000E+00  1.12463E-02  2.54063E-01
  2.4300000000E+00  2.4350000000E+00  1.12722E-02  1.98314E-01
  2.4350000000E+00  2.4400000000E+00  1.12456E-02  1.84763E-01
  2.4400000000E+00  2.4450000000E+00  1.12451E-02  2.01640E-01
  2.4450000000E+00  2.4500000000E+00  1.12620E-02  2.25427E-01
  2.4500000000E+00  2.4550000000E+00  1.12599E-02  2.04127E-01
  2.4550000000E+00  2.4600000000E+00  1.12747E-02  1.91363E-01
  2.4600000000E+00  2.4650000000E+00  1.12911E-02  2.11199E-01
  2.4650000000E+00  2.4700000000E+00  1.12881E-02  2.14098E-01
  2.4700000000E+00  2.4750000000E+00  1.12846E-02  2.01063E-01
  2.4750000000E+00  2.4800000000E+00  1.13311E-02  1.91505E-01
  2.4800000000E+00  2.4850000000E+00  1.13388E-02  1.83153E-01
  2.4850000000E+00  2.4900000000E+00  1.13310E-02  1.74214E-01
  2.4900000000E+00  2.4950000000E+00  1.13389E-02  2.14923E-01
  2.4950000000E+00  2.5000000000E+00  1.13657E-02  1.85445E-01
  2.5000000000E+00  2.5050000000E+00  1.13848E-02  2.57075E-01
  2.5050000000E+00  2.5100000000E+00  1.13280E-02  1.72681E-01
  2.5100000000E+00  2.5150000000E+00  1.13698E-02  1.96781E-01
  2.5150000000E+00  2.5200000000E+00  1.14124E-02  3.11514E-01
  2.5200000000E+00  2.5250000000E+00  1.13838E-02  2.52556E-01
  2.5250000000E+00  2.5300000000E+00  1.14065E-02  2.31014E-01
  2.5300000000E+00  2.5350000000E+00  1.13916E-02  1.78569E-01
  2.5350000000E+00  2.5400000000E+00  1.13753E-02  2.31450E-01
  2.5400000000E+00  2.5450000000E+00  1.14047E-02  1.95909E-01
  2.5450000000E+00  2.5500000000E+00  1.13934E-02  1.65120E-01
  2.5500000000E+00  2.5550000000E+00  1.14361E-02  2.44215E-01
  2.5550000000E+00  2.5600000000E+00  1.14690E-02  1.91589E-01
  2.5600000000E+00  2.5650000000E+00  1.14436E-02  1.82680E-01
  2.5650000000E+00  2.5700000000E+00  1.14980E-02  2.37876E-01
  2.5700000000E+00  2.5750000000E+00  1.14728E-02  2.24628E-01
  2.5750000000E+00  2.5800000000E+00  1.14366E-02  1.88869E-01
  2.5800000000E+00  2.5850000000E+00  1.15066E-02  2.39796E-01
  2.5850000000E+00  2.5900000000E+00  1.14607E-02  1.75937E-01
  2.5900000000E+00  2.5950000000E+00  1.14706E-02  2.05034E-01
  2.5950000000E+00  2.6000000000E+00  1.14953E-02  1.76471E-01
  2.6000000000E+00  2.6050000000E+00  1.15072E-02  1.96288E-01
  2.6050000000E+00  2.6100000000E+00  1.14752E-02  1.79539E-01
  2.6100000000E+00  2.6150000000E+00  1.15443E-02  2.24034E-01
  2.6150000000E+00  2.6200000000E+00  1.15727E-02  2.02958E-01
  2.6200000000E+00  2.6250000000E+00  1.15705E-02  2.32980E-01
  2.6250000000E+00  2.6300000000E+00  1.15629E-02  2.04109E-01
  2.6300000000E+00  2.6350000000E+00  1.15527E-02  1.94265E-01
  2.6350000000E+00  2.6400000000E+00  1.15541E-02  1.84911E-01
  2.6400000000E+00  2.6450000000E+00  1.15299E-02  1.71173E-01
  2.6450000000E+00  2.6500000000E+00  1.15454E-02  1.87235E-01
  2.6500000000E+00  2.6550000000E+00  1.15780E-02  2.13708E-01
  2.6550000000E+00  2.6600000000E+00  1.15924E-02  2.56682E-01
  2.6600000000E+00  2.6650000000E+00  1.15954E-02  1.84134E-01
  2.6650000000E+00  2.6700000000E+00  1.16101E-02  2.02012E-01
  2.6700000000E+00  2.6750000000E+00  1.16233E-02  2.32019E-01
  2.6750000000E+00  2.6800000000E+00  1.16564E-02  2.38476E-01
  2.6800000000E+00  2.6850000000E+00  1.16324E-02  1.90645E-01
  2.6850000000E+00  2.6900000000E+00  1.16121E-02  1.84209E-01
  2.6900000000E+00  2.6950000000E+00  1.16240E-02  1.79292E-01
  2.6950000000E+00  2.7000000000E+00  1.16493E-02  2.31697E-01
  2.7000000000E+00  2.7050000000E+00  1.16509E-02  1.92442E-01
  2.7050000000E+00  2.7100000000E+00  1.16526E-02  1.97725E-01
  2.7100000000E+00  2.7150000000E+00  1.16626E-02  1.80497E-01
  2.7150000000E+00  2.7200000000E+00  1.16768E-02  2.29638E-01
  2.7200000000E+00  2.7250000000E+00  1.16712E-02  1.85706E-01
  2.7250000000E+00  2.7300000000E+00  1.17304E-02  2.88972E-01
  2.7300000000E+00  2.7350000000E+00  1.17025E-02  1.93705E-01
  2.7350000000E+00  2.7400000000E+00  1.17423E-02  2.75301E-01
  2.7400000000E+00  2.7450000000E+00  1.17529E-02  2.78593E-01
  2.7450000000E+00  2.7500000000E+00  1.17063E-02  1.38776E-01
  2.7500000000E+00  2.7550000000E+00  1.17485E-02  2.12358E-01
  2.7550000000E+00  2.7600000000E+00  1.17476E-02  1.86743E-01
  2.7600000000E+00  2.7650000000E+00  1.17890E-02  2.42145E-01
  2.7650000000E+00  2.7700000000E+00  1.17675E-02  1.65542E-01
  2.7700000000E+00  2.7750000000E+00  1.17617E-02  1.76025E-01
  2.7750000000E+00  2.7800000000E+00  1.17925E-02  2.11108E-01
  2.7800000000E+00  2.7850000000E+00  1.17742E-02  1.60051E-01
  2.7850000000E+00  2.7900000000E+00  1.17975E-02  1.75053E-01
  2.7900000000E+00  2.7950000000E+00  1.18053E-02  1.92477E-01
  2.7950000000E+00  2.8000000000E+00  1.17951E-02  1.80067E-01
  2.8000000000E+00  2.8050000000E+00  1.18449E-02  2.35131E-01
  2.8050000000E+00  2.8100000000E+00  1.18276E-02  2.01429E-01
  2.8100000000E+00  2.8150000000E+00  1.18595E-02  2.17264E-01
  2.8150000000E+00  2.8200000000E+00  1.18718E-02  2.13780E-01
  2.8200000000E+00  2.8250000000E+00  1.18883E-02  1.89327E-01
  2.8250000000E+00  2.8300000000E+00  1.18677E-02  1.67891E-01
  2.8300000000E+00  2.8350000000E+00  1.19231E-02  2.73586E-01
  2.8350000000E+00  2.8400000000E+00  1.19372E-02  2.31650E-01
  2.8400000000E+00  2.8450000000E+00  1.19120E-02  2.55773E-01
  2.8450000000E+00  2.8500000000E+00  1.19094E-02  2.04608E-01
  2.8500000000E+00  2.8550000000E+00  1.18945E-02  1.69048E-01
  2.8550000000E+00  2.8600000000E+00  1.19223E-02  2.11987E-01
  2.8600000000E+00  2.8650000000E+00  1.19588E-02  2.40850E-01
  2.8650000000E+00  2.8700000000E+00  1.19914E-02  2.19090E-01
  2.8700000000E+00  2.8750000000E+00  1.19773E-02  2.55310E-01
  2.8750000000E+00  2.8800000000E+00  1.19641E-02  2.25400E-01
  2.8800000000E+00  2.8850000000E+00  1.19574E-02  2.01399E-01
  2.8850000000E+00  2.8900000000E+00  1.19849E-02  1.67741E-01
  2.8900000000E+00  2.8950000000E+00  1.19814E-02  2.12567E-01
  2.8950000000E+00  2.9000000000E+00  1.19657E-02  1.51709E-01
  2.9000000000E+00  2.9050000000E+00  1.20232E-02  1.97243E-01
  2.9050000000E+00  2.9100000000E+00  1.20738E-02  1.98644E-01
  2.9100000000E+00  2.9150000000E+00  1.20056E-02  1.68986E-01
  2.9150000000E+00  2.9200000000E+00  1.20517E-02  1.48883E-01
  2.9200000000E+00  2.9250000000E+00  1.20661E-02  2.41356E-01
  2.9250000000E+00  2.9300000000E+00  1.20658E-02  2.32208E-01
  2.9300000000E+00  2.9350000000E+00  1.20448E-02  1.81681E-01
  2.9350000000E+00  2.9400000000E+00  1.20814E-02  1.84121E-01
  2.9400000000E+00  2.9450000000E+00  1.20803E-02  1.98582E-01
  2.9450000000E+00  2.9500000000E+00  1.20899E-02  1.58207E-01
  2.9500000000E+00  2.9550000000E+00  1.20416E-02  1.51078E-01
  2.9550000000E+00  2.9600000000E+00  1.20497E-02  1.49201E-01
  2.9600000000E+00  2.9650000000E+00  1.21270E-02  2.40108E-01
  2.9650000000E+00  2.9700000000E+00  1.21267E-02  2.25470E-01
  2.9700000000E+00  2.9750000000E+00  1.21155E-02  1.90780E-01
  2.9750000000E+00  2.9800000000E+00  1.21176E-02  1.62193E-01
  2.9800000000E+00  2.9850000000E+00  1.21886E-02  2.11757E-01
  2.9850000000E+00  2.9900000000E+00  1.21551E-02  1.99570E-01
  2.9900000000E+00  2.9950000000E+00  1.21588E-02  2.01387E-01
  2.9950000000E+00  3.0000000000E+00  1.22019E-02  1.66555E-01
  3.0000000000E+00  3.0050000000E+00  1.21777E-02  1.45716E-01
  3.0050000000E+00  3.0100000000E+00  1.21794E-02  1.63457E-01
  3.0100000000E+00  3.0150000000E+00  1.21963E-02  1.96185E-01
  3.0150000000E+00  3.0200000000E+00  1.22443E-02  2.45437E-01
  3.0200000000E+00  3.0250000000E+00  1.22567E-02  2.42860E-01
  3.0250000000E+00  3.0300000000E+00  1.22625E-02  1.85190E-01
  3.0300000000E+00  3.0350000000E+00  1.22294E-02  1.79053E-01
  3.0350000000E+00  3.0400000000E+00  1.22861E-02  1.85582E-01
  3.0400000000E+00  3.0450000000E+00  1.22812E-02  1.96610E-01
  3.0450000000E+00  3.0500000000E+00  1.22661E-02  1.67277E-01
  3.0500000000E+00  3.0550000000E+00  1.22767E-02  1.83915E-01
  3.0550000000E+00  3.0600000000E+00  1.23109E-02  2.16837E-01
  3.0600000000E+00  3.0650000000E+00  1.23014E-02  1.53552E-01
  3.0650000000E+00  3.0700000000E+00  1.23317E-02  2.08858E-01
  3.0700000000E+00  3.0750000000E+00  1.23159E-02  1.77745E-01
  3.0750000000E+00  3.0800000000E+00  1.23364E-02  1.68347E-01
  3.0800000000E+00  3.0850000000E+00  1.24120E-02  3.27829E-01
  3.0850000000E+00  3.0900000000E+00  1.24102E-02  2.16163E-01
  3.0900000000E+00  3.0950000000E+00  1.23545E-02  1.86833E-01
  3.0950000000E+00  3.1000000000E+00  1.24364E-02  2.85844E-01
  3.1000000000E+00  3.1050000000E+00  1.23588E-02  1.69476E-01
  3.1050000000E+00  3.1100000000E+00  1.24111E-02  1.91735E-01
  3.1100000000E+00  3.1150000000E+00  1.24047E-02  1.56517E-01
  3.1150000000E+00  3.1200000000E+00  1.23951E-02  1.51575E-01
  3.1200000000E+00  3.1250000000E+00  1.24480E-02  1.70370E-01
  3.1250000000E+00  3.1300000000E+00  1.24345E-02  1.49147E-01
  3.1300000000E+00  3.1350000000E+00  1.24593E-02  1.45431E-01
  3.1350000000E+00  3.1400000000E+00  1.24623E-02  1.93747E-01
  3.1400000000E+00  3.1450000000E+00  1.24798E-02  1.97998E-01
  3.1450000000E+00  3.1500000000E+00  1.24706E-02  2.03670E-01
  3.1500000000E+00  3.1550000000E+00  1.24842E-02  1.74566E-01
  3.1550000000E+00  3.1600000000E+00  1.24975E-02  1.75680E-01
  3.1600000000E+00  3.1650000000E+00  1.25173E-02  2.37927E-01
  3.1650000000E+00  3.1700000000E+00  1.25152E-02  1.49352E-01
  3.1700000000E+00  3.1750000000E+00  1.25265E-02  2.00056E-01
  3.1750000000E+00  3.1800000000E+00  1.25317E-02  1.69275E-01
  3.1800000000E+00  3.1850000000E+00  1.25673E-02  1.77872E-01
  3.1850000000E+00  3.1900000000E+00  1.25654E-02  1.79372E-01
  3.1900000000E+00  3.1950000000E+00  1.25921E-02  2.03386E-01
  3.1950000000E+00  3.2000000000E+00  1.26467E-02  2.67156E-01
  3.2000000000E+00  3.2050000000E+00  1.26076E-02  2.06717E-01
  3.2050000000E+00  3.2100000000E+00  1.26083E-02  2.04952E-01
  3.2100000000E+00  3.2150000000E+00  1.26470E-02  1.72445E-01
  3.2150000000E+00  3.2200000000E+00  1.26301E-02  1.83798E-01
  3.2200000000E+00  3.2250000000E+00  1.26209E-02  1.90347E-01
  3.2250000000E+00  3.2300000000E+00  1.26715E-02  1.71651E-01
  3.2300000000E+00  3.2350000000E+00  1.26696E-02  1.87790E-01
  3.2350000000E+00  3.2400000000E+00  1.26573E-02  1.74436E-01
  3.2400000000E+00  3.2450000000E+00  1.26724E-02  1.76131E-01
  3.2450000000E+00  3.2500000000E+00  1.27225E-02  2.10130E-01
  3.2500000000E+00  3.2550000000E+00  1.27257E-02  1.61059E-01
  3.2550000000E+00  3.2600000000E+00  1.27141E-02  1.79649E-01
  3.2600000000E+00  3.2650000000E+00  1.27047E-02  1.48336E-01
  3.2650000000E+00  3.2700000000E+00  1.27403E-02  1.61221E-01
  3.2700000000E+00  3.2750000000E+00  1.27822E-02  2.13895E-01
  3.2750000000E+00  3.2800000000E+00  1.28021E-02  2.46578E-01
  3.2800000000E+00  3.2850000000E+00  1.27707E-02  1.68172E-01
  3.2850000000E+00  3.2900000000E+00  1.27572E-02  1.13891E-01
  3.2900000000E+00  3.2950000000E+00  1.28181E-02  1.68501E-01
  3.2950000000E+00  3.3000000000E+00  1.28087E-02  1.68986E-01
  3.3000000000E+00  3.3050000000E+00  1.28238E-02  1.92113E-01
  3.3050000000E+00  3.3100000000E+00  1.28180E-02  1.61558E-01
  3.3100000000E+00  3.3150000000E+00  1.28472E-02  1.87410E-01
  3.3150000000E+00  3.3200000000E+00  1.28680E-02  2.35628E-01
  3.3200000000E+00  3.3250000000E+00  1.28717E-02  1.70815E-01
  3.3250000000E+00  3.3300000000E+00  1.29007E-02  1.86799E-01
  3.3300000000E+00  3.3350000000E+00  1.29132E-02  1.94021E-01
  3.3350000000E+00  3.3400000000E+00  1.29249E-02  2.32260E-01
  3.3400000000E+00  3.3450000000E+00  1.29234E-02  1.27670E-01
  3.3450000000E+00  3.3500000000E+00  1.29429E-02  2.00838E-01
  3.3500000000E+00  3.3550000000E+00  1.29494E-02  1.84461E-01
  3.3550000000E+00  3.3600000000E+00  1.29434E-02  1.53199E-01
  3.3600000000E+00  3.3650000000E+00  1.30158E-02  2.04588E-01
  3.3650000000E+00  3.3700000000E+00  1.30086E-02  1.81446E-01
  3.3700000000E+00  3.3750000000E+00  1.30392E-02  2.02737E-01
  3.3750000000E+00  3.3800000000E+00  1.30099E-02  1.46680E-01
  3.3800000000E+00  3.3850000000E+00  1.30317E-02  1.90816E-01
  3.3850000000E+00  3.3900000000E+00  1.30446E-02  2.13155E-01
  3.3900000000E+00  3.3950000000E+00  1.30589E-02  1.64237E-01
  3.3950000000E+00  3.4000000000E+00  1.30073E-02  1.11206E-01
  3.4000000000E+00  3.4050000000E+00  1.30709E-02  1.68159E-01
  3.4050000000E+00  3.4100000000E+00  1.31112E-02  2.11289E-01
  3.4100000000E+00  3.4150000000E+00  1.30825E-02  1.52195E-01
  3.4150000000E+00  3.4200000000E+00  1.31064E-02  1.75303E-01
  3.4200000000E+00  3.4250000000E+00  1.31000E-02  1.79940E-01
  3.4250000000E+00  3.4300000000E+00  1.31153E-02  1.59795E-01
  3.4300000000E+00  3.4350000000E+00  1.31641E-02  2.19185E-01
  3.4350000000E+00  3.4400000000E+00  1.31237E-02  1.55931E-01
  3.4400000000E+00  3.4450000000E+00  1.31551E-02  1.95694E-01
  3.4450000000E+00  3.4500000000E+00  1.31328E-02  1.81123E-01
  3.4500000000E+00  3.4550000000E+00  1.31659E-02  2.18813E-01
  3.4550000000E+00  3.4600000000E+00  1.32048E-02  1.94458E-01
  3.4600000000E+00  3.4650000000E+00  1.32199E-02  2.15325E-01
  3.4650000000E+00  3.4700000000E+00  1.32282E-02  2.04845E-01
  3.4700000000E+00  3.4750000000E+00  1.32353E-02  1.52853E-01
  3.4750000000E+00  3.4800000000E+00  1.32691E-02  1.74453E-01
  3.4800000000E+00  3.4850000000E+00  1.32511E-02  1.66362E-01
  3.4850000000E+00  3.4900000000E+00  1.32440E-02  1.91128E-01
  3.4900000000E+00  3.4950000000E+00  1.32993E-02  1.84287E-01
  3.4950000000E+00  3.5000000000E+00  1.32587E-02  1.42613E-01
  3.5000000000E+00  3.5050000000E+00  1.33008E-02  2.00318E-01
  3.5050000000E+00  3.5100000000E+00  1.33100E-02  1.84289E-01
  3.5100000000E+00  3.5150000000E+00  1.33458E-02  1.65416E-01
  3.5150000000E+00  3.5200000000E+00  1.33370E-02  1.43583E-01
  3.5200000000E+00  3.5250000000E+00  1.33853E-02  1.62838E-01
  3.5250000000E+00  3.5300000000E+00  1.34312E-02  1.92668E-01
  3.5300000000E+00  3.5350000000E+00  1.34014E-02  2.05610E-01
  3.5350000000E+00  3.5400000000E+00  1.34210E-02  1.87466E-01
  3.5400000000E+00  3.5450000000E+00  1.34302E-02  2.09928E-01
  3.5450000000E+00  3.5500000000E+00  1.34414E-02  1.86057E-01
  3.5500000000E+00  3.5550000000E+00  1.34695E-02  1.97546E-01
  3.5550000000E+00  3.5600000000E+00  1.35009E-02  1.62531E-01
  3.5600000000E+00  3.5650000000E+00  1.34898E-02  2.16481E-01
  3.5650000000E+00  3.5700000000E+00  1.35311E-02  2.01003E-01
  3.5700000000E+00  3.5750000000E+00  1.35252E-02  2.37174E-01
  3.5750000000E+00  3.5800000000E+00  1.35179E-02  1.55842E-01
  3.5800000000E+00  3.5850000000E+00  1.35580E-02  1.73610E-01
  3.5850000000E+00  3.5900000000E+00  1.35631E-02  1.45444E-01
  3.5900000000E+00  3.5950000000E+00  1.35513E-02  1.61261E-01
  3.5950000000E+00  3.6000000000E+00  1.35852E-02  1.46796E-01
  3.6000000000E+00  3.6050000000E+00  1.36201E-02  2.28390E-01
  3.6050000000E+00  3.6100000000E+00  1.36423E-02  1.58488E-01
  3.6100000000E+00  3.6150000000E+00  1.36210E-02  1.31949E-01
  3.6150000000E+00  3.6200000000E+00  1.35976E-02  1.50405E-01
  3.6200000000E+00  3.6250000000E+00  1.36651E-02  1.51930E-01
  3.6250000000E+00  3.6300000000E+00  1.37219E-02  1.84724E-01
  3.6300000000E+00  3.6350000000E+00  1.37172E-02  2.25882E-01
  3.6350000000E+00  3.6400000000E+00  1.36935E-02  1.37724E-01
  3.6400000000E+00  3.6450000000E+00  1.37430E-02  1.57445E-01
  3.6450000000E+00  3.6500000000E+00  1.37539E-02  2.04932E-01
  3.6500000000E+00  3.6550000000E+00  1.37674E-02  1.59070E-01
  3.6550000000E+00  3.6600000000E+00  1.37654E-02  1.26232E-01
  3.6600000000E+00  3.6650000000E+00  1.37631E-02  1.42149E-01
  3.6650000000E+00  3.6700000000E+00  1.38300E-02  1.60069E-01
  3.6700000000E+00  3.6750000000E+00  1.37946E-02  1.99153E-01
  3.6750000000E+00  3.6800000000E+00  1.38686E-02  2.19812E-01
  3.6800000000E+00  3.6850000000E+00  1.38440E-02  1.79658E-01
  3.6850000000E+00  3.6900000000E+00  1.38434E-02  1.45708E-01
  3.6900000000E+00  3.6950000000E+00  1.38637E-02  1.93189E-01
  3.6950000000E+00  3.7000000000E+00  1.38771E-02  1.46891E-01
  3.7000000000E+00  3.7050000000E+00  1.39166E-02  1.66670E-01
  3.7050000000E+00  3.7100000000E+00  1.39451E-02  1.90863E-01
  3.7100000000E+00  3.7150000000E+00  1.39293E-02  1.49608E-01
  3.7150000000E+00  3.7200000000E+00  1.39827E-02  1.57451E-01
  3.7200000000E+00  3.7250000000E+00  1.39977E-02  1.65774E-01
  3.7250000000E+00  3.7300000000E+00  1.39970E-02  1.93025E-01
  3.7300000000E+00  3.7350000000E+00  1.40445E-02  2.20132E-01
  3.7350000000E+00  3.7400000000E+00  1.40123E-02  1.30545E-01
  3.7400000000E+00  3.7450000000E+00  1.40089E-02  1.16429E-01
  3.7450000000E+00  3.7500000000E+00  1.40480E-02  1.44159E-01
  3.7500000000E+00  3.7550000000E+00  1.40829E-02  1.60190E-01
  3.7550000000E+00  3.7600000000E+00  1.40840E-02  1.49816E-01
  3.7600000000E+00  3.7650000000E+00  1.41130E-02  2.07745E-01
  3.7650000000E+00  3.7700000000E+00  1.41076E-02  1.73812E-01
  3.7700000000E+00  3.7750000000E+00  1.41539E-02  1.72037E-01
  3.7750000000E+00  3.7800000000E+00  1.41778E-02  1.67068E-01
  3.7800000000E+00  3.7850000000E+00  1.41958E-02  2.14815E-01
  3.7850000000E+00  3.7900000000E+00  1.41745E-02  1.58350E-01
  3.7900000000E+00  3.7950000000E+00  1.42114E-02  1.84908E-01
  3.7950000000E+00  3.8000000000E+00  1.42262E-02  1.62517E-01
  3.8000000000E+00  3.8050000000E+00  1.42378E-02  1.54698E-01
  3.8050000000E+00  3.8100000000E+00  1.42979E-02  1.96814E-01
  3.8100000000E+00  3.8150000000E+00  1.43055E-02  1.97912E-01
  3.8150000000E+00  3.8200000000E+00  1.42806E-02  1.63923E-01
  3.8200000000E+00  3.8250000000E+00  1.43182E-02  1.37599E-01
  3.8250000000E+00  3.8300000000E+00  1.43138E-02  1.45330E-01
  3.8300000000E+00  3.8350000000E+00  1.43375E-02  1.48898E-01
  3.8350000000E+00  3.8400000000E+00  1.43796E-02  1.82385E-01
  3.8400000000E+00  3.8450000000E+00  1.43804E-02  1.62419E-01
  3.8450000000E+00  3.8500000000E+00  1.44125E-02  1.63539E-01
  3.8500000000E+00  3.8550000000E+00  1.44464E-02  2.00990E-01
  3.8550000000E+00  3.8600000000E+00  1.44733E-02  1.95456E-01
  3.8600000000E+00  3.8650000000E+00  1.44678E-02  1.70026E-01
  3.8650000000E+00  3.8700000000E+00  1.44779E-02  1.72685E-01
  3.8700000000E+00  3.8750000000E+00  1.45268E-02  1.57537E-01
  3.8750000000E+00  3.8800000000E+00  1.45474E-02  1.60753E-01
  3.8800000000E+00  3.8850000000E+00  1.45507E-02  1.76210E-01
  3.8850000000E+00  3.8900000000E+00  1.45771E-02  1.47046E-01
  3.8900000000E+00  3.8950000000E+00  1.46163E-02  2.05892E-01
  3.8950000000E+00  3.9000000000E+00  1.45949E-02  2.10044E-01
  3.9000000000E+00  3.9050000000E+00  1.46219E-02  1.97721E-01
  3.9050000000E+00  3.9100000000E+00  1.46645E-02  1.97002E-01
  3.9100000000E+00  3.9150000000E+00  1.46500E-02  1.66713E-01
  3.9150000000E+00  3.9200000000E+00  1.46759E-02  1.35682E-01
  3.9200000000E+00  3.9250000000E+00  1.47222E-02  1.44883E-01
  3.9250000000E+00  3.9300000000E+00  1.47378E-02  1.37706E-01
  3.9300000000E+00  3.9350000000E+00  1.47357E-02  1.61477E-01
  3.9350000000E+00  3.9400000000E+00  1.47440E-02  1.57827E-01
  3.9400000000E+00  3.9450000000E+00  1.47724E-02  1.30948E-01
  3.9450000000E+00  3.9500000000E+00  1.47790E-02  1.19244E-01
  3.9500000000E+00  3.9550000000E+00  1.48290E-02  2.08246E-01
  3.9550000000E+00  3.9600000000E+00  1.48546E-02  1.61697E-01
  3.9600000000E+00  3.9650000000E+00  1.48328E-02  1.62724E-01
  3.9650000000E+00  3.9700000000E+00  1.48481E-02  1.32291E-01
  3.9700000000E+00  3.9750000000E+00  1.48859E-02  1.55024E-01
  3.9750000000E+00  3.9800000000E+00  1.49044E-02  1.57928E-01
  3.9800000000E+00  3.9850000000E+00  1.49455E-02  1.58012E-01
  3.9850000000E+00  3.9900000000E+00  1.50119E-02  2.06842E-01
  3.9900000000E+00  3.9950000000E+00  1.49981E-02  1.90538E-01
  3.9950000000E+00  4.0000000000E+00  1.49994E-02  1.69292E-01
  4.0000000000E+00  4.0050000000E+00  1.50128E-02  1.70289E-01
  4.0050000000E+00  4.0100000000E+00  1.50620E-02  2.11927E-01
  4.0100000000E+00  4.0150000000E+00  1.50631E-02  1.50108E-01
  4.0150000000E+00  4.0200000000E+00  1.50601E-02  1.71659E-01
  4.0200000000E+00  4.0250000000E+00  1.51100E-02  1.88496E-01
  4.0250000000E+00  4.0300000000E+00  1.51171E-02  1.28672E-01
  4.0300000000E+00  4.0350000000E+00  1.51685E-02  1.83849E-01
  4.0350000000E+00  4.0400000000E+00  1.51554E-02  1.35764E-01
  4.0400000000E+00  4.0450000000E+00  1.51687E-02  1.40474E-01
  4.0450000000E+00  4.0500000000E+00  1.52140E-02  1.43051E-01
  4.0500000000E+00  4.0550000000E+00  1.52170E-02  1.41719E-01
  4.0550000000E+00  4.0600000000E+00  1.52372E-02  1.28351E-01
  4.0600000000E+00  4.0650000000E+00  1.52595E-02  1.57621E-01
  4.0650000000E+00  4.0700000000E+00  1.53017E-02  1.86931E-01
  4.0700000000E+00  4.0750000000E+00  1.53035E-02  1.40751E-01
  4.0750000000E+00  4.0800000000E+00  1.52933E-02  1.63216E-01
  4.0800000000E+00  4.0850000000E+00  1.53492E-02  1.35981E-01
  4.0850000000E+00  4.0900000000E+00  1.54247E-02  1.61546E-01
  4.0900000000E+00  4.0950000000E+00  1.53671E-02  1.55807E-01
  4.0950000000E+00  4.1000000000E+00  1.54468E-02  1.93691E-01
  4.1000000000E+00  4.1050000000E+00  1.54778E-02  1.89117E-01
  4.1050000000E+00  4.1100000000E+00  1.55450E-02  1.98400E-01
  4.1100000000E+00  4.1150000000E+00  1.55411E-02  1.63877E-01
  4.1150000000E+00  4.1200000000E+00  1.55266E-02  1.34772E-01
  4.1200000000E+00  4.1250000000E+00  1.55332E-02  1.56061E-01
  4.1250000000E+00  4.1300000000E+00  1.55900E-02  1.65861E-01
  4.1300000000E+00  4.1350000000E+00  1.55693E-02  9.80467E-02
  4.1350000000E+00  4.1400000000E+00  1.56148E-02  1.84136E-01
  4.1400000000E+00  4.1450000000E+00  1.56701E-02  1.79162E-01
  4.1450000000E+00  4.1500000000E+00  1.56881E-02  1.94965E-01
  4.1500000000E+00  4.1550000000E+00  1.56946E-02  1.54915E-01
  4.1550000000E+00  4.1600000000E+00  1.57550E-02  1.74506E-01
  4.1600000000E+00  4.1650000000E+00  1.57571E-02  1.43721E-01
  4.1650000000E+00  4.1700000000E+00  1.57712E-02  1.26332E-01
  4.1700000000E+00  4.1750000000E+00  1.58113E-02  1.85658E-01
  4.1750000000E+00  4.1800000000E+00  1.58591E-02  1.73060E-01
  4.1800000000E+00  4.1850000000E+00  1.58654E-02  2.02452E-01
  4.1850000000E+00  4.1900000000E+00  1.59245E-02  1.70845E-01
  4.1900000000E+00  4.1950000000E+00  1.59474E-02  1.81319E-01
  4.1950000000E+00  4.2000000000E+00  1.59512E-02  1.32864E-01
  4.2000000000E+00  4.2050000000E+00  1.59850E-02  1.80663E-01
  4.2050000000E+00  4.2100000000E+00  1.60061E-02  1.54995E-01
  4.2100000000E+00  4.2150000000E+00  1.60914E-02  1.71154E-01
  4.2150000000E+00  4.2200000000E+00  1.60810E-02  1.58700E-01
  4.2200000000E+00  4.2250000000E+00  1.61420E-02  1.56352E-01
  4.2250000000E+00  4.2300000000E+00  1.61196E-02  1.69347E-01
  4.2300000000E+00  4.2350000000E+00  1.62061E-02  1.66501E-01
  4.2350000000E+00  4.2400000000E+00  1.62097E-02  1.24824E-01
  4.2400000000E+00  4.2450000000E+00  1.62056E-02  1.40041E-01
  4.2450000000E+00  4.2500000000E+00  1.62456E-02  1.89151E-01
  4.2500000000E+00  4.2550000000E+00  1.62378E-02  1.27078E-01
  4.2550000000E+00  4.2600000000E+00  1.62962E-02  1.46384E-01
  4.2600000000E+00  4.2650000000E+00  1.63033E-02  1.07179E-01
  4.2650000000E+00  4.2700000000E+00  1.63280E-02  1.33350E-01
  4.2700000000E+00  4.2750000000E+00  1.63671E-02  1.25381E-01
  4.2750000000E+00  4.2800000000E+00  1.64322E-02  1.42799E-01
  4.2800000000E+00  4.2850000000E+00  1.64408E-02  1.42066E-01
  4.2850000000E+00  4.2900000000E+00  1.64265E-02  1.29287E-01
  4.2900000000E+00  4.2950000000E+00  1.64835E-02  1.56161E-01
  4.2950000000E+00  4.3000000000E+00  1.65026E-02  1.54698E-01
  4.3000000000E+00  4.3050000000E+00  1.65499E-02  1.12738E-01
  4.3050000000E+00  4.3100000000E+00  1.66030E-02  1.19085E-01
  4.3100000000E+00  4.3150000000E+00  1.66291E-02  1.42079E-01
  4.3150000000E+00  4.3200000000E+00  1.66013E-02  1.21062E-01
  4.3200000000E+00  4.3250000000E+00  1.66861E-02  1.81458E-01
  4.3250000000E+00  4.3300000000E+00  1.67010E-02  1.31342E-01
  4.3300000000E+00  4.3350000000E+00  1.66831E-02  1.40902E-01
  4.3350000000E+00  4.3400000000E+00  1.67730E-02  1.19400E-01
  4.3400000000E+00  4.3450000000E+00  1.68102E-02  1.31304E-01
  4.3450000000E+00  4.3500000000E+00  1.68395E-02  1.75952E-01
  4.3500000000E+00  4.3550000000E+00  1.68742E-02  1.26023E-01
  4.3550000000E+00  4.3600000000E+00  1.69102E-02  1.57167E-01
  4.3600000000E+00  4.3650000000E+00  1.69289E-02  1.32725E-01
  4.3650000000E+00  4.3700000000E+00  1.69394E-02  8.91801E-02
  4.3700000000E+00  4.3750000000E+00  1.70074E-02  1.62645E-01
  4.3750000000E+00  4.3800000000E+00  1.70481E-02  1.46800E-01
  4.3800000000E+00  4.3850000000E+00  1.70901E-02  1.21601E-01
  4.3850000000E+00  4.3900000000E+00  1.71051E-02  1.42369E-01
  4.3900000000E+00  4.3950000000E+00  1.71809E-02  1.49177E-01
  4.3950000000E+00  4.4000000000E+00  1.72388E-02  1.20747E-01
  4.4000000000E+00  4.4050000000E+00  1.72410E-02  1.01117E-01
  4.4050000000E+00  4.4100000000E+00  1.72614E-02  1.47388E-01
  4.4100000000E+00  4.4150000000E+00  1.73285E-02  1.64785E-01
  4.4150000000E+00  4.4200000000E+00  1.73566E-02  1.85813E-01
  4.4200000000E+00  4.4250000000E+00  1.73775E-02  1.49669E-01
  4.4250000000E+00  4.4300000000E+00  1.74028E-02  1.19583E-01
  4.4300000000E+00  4.4350000000E+00  1.74660E-02  1.30048E-01
  4.4350000000E+00  4.4400000000E+00  1.75064E-02  1.35959E-01
  4.4400000000E+00  4.4450000000E+00  1.75549E-02  1.64898E-01
  4.4450000000E+00  4.4500000000E+00  1.75495E-02  1.07105E-01
  4.4500000000E+00  4.4550000000E+00  1.76113E-02  1.27525E-01
  4.4550000000E+00  4.4600000000E+00  1.76605E-02  1.29715E-01
  4.4600000000E+00  4.4650000000E+00  1.76300E-02  1.32154E-01
  4.4650000000E+00  4.4700000000E+00  1.77243E-02  1.56320E-01
  4.4700000000E+00  4.4750000000E+00  1.77381E-02  1.14137E-01
  4.4750000000E+00  4.4800000000E+00  1.77953E-02  1.13591E-01
  4.4800000000E+00  4.4850000000E+00  1.78312E-02  1.62000E-01
  4.4850000000E+00  4.4900000000E+00  1.78638E-02  1.34253E-01
  4.4900000000E+00  4.4950000000E+00  1.79385E-02  1.48538E-01
  4.4950000000E+00  4.5000000000E+00  1.79529E-02  1.34966E-01
  4.5000000000E+00  4.5050000000E+00  1.79607E-02  1.04577E-01
  4.5050000000E+00  4.5100000000E+00  1.80224E-02  1.32284E-01
  4.5100000000E+00  4.5150000000E+00  1.80894E-02  1.19847E-01
  4.5150000000E+00  4.5200000000E+00  1.81135E-02  1.29186E-01
  4.5200000000E+00  4.5250000000E+00  1.81837E-02  1.54768E-01
  4.5250000000E+00  4.5300000000E+00  1.82373E-02  1.51247E-01
  4.5300000000E+00  4.5350000000E+00  1.82521E-02  1.14558E-01
  4.5350000000E+00  4.5400000000E+00  1.82688E-02  1.10506E-01
  4.5400000000E+00  4.5450000000E+00  1.83234E-02  1.31857E-01
  4.5450000000E+00  4.5500000000E+00  1.84244E-02  1.67627E-01
  4.5500000000E+00  4.5550000000E+00  1.84418E-02  1.65087E-01
  4.5550000000E+00  4.5600000000E+00  1.85130E-02  1.36293E-01
  4.5600000000E+00  4.5650000000E+00  1.85584E-02  1.32101E-01
  4.5650000000E+00  4.5700000000E+00  1.85785E-02  1.27265E-01
  4.5700000000E+00  4.5750000000E+00  1.86370E-02  1.19043E-01
  4.5750000000E+00  4.5800000000E+00  1.87533E-02  1.48083E-01
  4.5800000000E+00  4.5850000000E+00  1.87647E-02  1.18678E-01
  4.5850000000E+00  4.5900000000E+00  1.87793E-02  1.08614E-01
  4.5900000000E+00  4.5950000000E+00  1.88087E-02  8.57326E-02
  4.5950000000E+00  4.6000000000E+00  1.88611E-02  9.88286E-02
  4.6000000000E+00  4.6050000000E+00  1.89215E-02  1.26863E-01
  4.6050000000E+00  4.6100000000E+00  1.89939E-02  1.21310E-01
  4.6100000000E+00  4.6150000000E+00  1.90172E-02  1.53017E-01
  4.6150000000E+00  4.6200000000E+00  1.91050E-02  1.26183E-01
  4.6200000000E+00  4.6250000000E+00  1.91606E-02  1.24843E-01
  4.6250000000E+00  4.6300000000E+00  1.91994E-02  1.25274E-01
  4.6300000000E+00  4.6350000000E+00  1.92482E-02  1.17785E-01
  4.6350000000E+00  4.6400000000E+00  1.93411E-02  1.23532E-01
  4.6400000000E+00  4.6450000000E+00  1.93751E-02  1.17653E-01
  4.6450000000E+00  4.6500000000E+00  1.94237E-02  1.07081E-01
  4.6500000000E+00  4.6550000000E+00  1.95053E-02  1.61996E-01
  4.6550000000E+00  4.6600000000E+00  1.95607E-02  1.47265E-01
  4.6600000000E+00  4.6650000000E+00  1.95875E-02  1.12697E-01
  4.6650000000E+00  4.6700000000E+00  1.96339E-02  9.87718E-02
  4.6700000000E+00  4.6750000000E+00  1.97070E-02  6.74041E-02
  4.6750000000E+00  4.6800000000E+00  1.98109E-02  1.31874E-01
  4.6800000000E+00  4.6850000000E+00  1.98380E-02  1.09323E-01
  4.6850000000E+00  4.6900000000E+00  1.99055E-02  1.36322E-01
  4.6900000000E+00  4.6950000000E+00  1.99696E-02  1.07913E-01
  4.6950000000E+00  4.7000000000E+00  2.00306E-02  1.46516E-01
  4.7000000000E+00  4.7050000000E+00  2.01302E-02  1.07192E-01
  4.7050000000E+00  4.7100000000E+00  2.01492E-02  1.44487E-01
  4.7100000000E+00  4.7150000000E+00  2.02555E-02  1.09304E-01
  4.7150000000E+00  4.7200000000E+00  2.02804E-02  1.12859E-01
  4.7200000000E+00  4.7250000000E+00  2.03475E-02  1.37016E-01
  4.7250000000E+00  4.7300000000E+00  2.04203E-02  1.25948E-01
  4.7300000000E+00  4.7350000000E+00  2.04577E-02  1.19395E-01
  4.7350000000E+00  4.7400000000E+00  2.05526E-02  1.16269E-01
  4.7400000000E+00  4.7450000000E+00  2.06755E-02  1.21731E-01
  4.7450000000E+00  4.7500000000E+00  2.07239E-02  1.24969E-01
  4.7500000000E+00  4.7550000000E+00  2.07849E-02  1.41531E-01
  4.7550000000E+00  4.7600000000E+00  2.08653E-02  1.34512E-01
  4.7600000000E+00  4.7650000000E+00  2.09282E-02  1.06290E-01
  4.7650000000E+00  4.7700000000E+00  2.10240E-02  1.29763E-01
  4.7700000000E+00  4.7750000000E+00  2.10407E-02  1.19897E-01
  4.7750000000E+00  4.7800000000E+00  2.11248E-02  9.80713E-02
  4.7800000000E+00  4.7850000000E+00  2.12009E-02  1.40075E-01
  4.7850000000E+00  4.7900000000E+00  2.12790E-02  1.41164E-01
  4.7900000000E+00  4.7950000000E+00  2.13434E-02  9.73829E-02
  4.7950000000E+00  4.8000000000E+00  2.14383E-02  9.51228E-02
  4.8000000000E+00  4.8050000000E+00  2.15404E-02  1.20660E-01
  4.8050000000E+00  4.8100000000E+00  2.15986E-02  1.04114E-01
  4.8100000000E+00  4.8150000000E+00  2.16868E-02  1.30166E-01
  4.8150000000E+00  4.8200000000E+00  2.18182E-02  1.21229E-01
  4.8200000000E+00  4.8250000000E+00  2.18689E-02  1.29200E-01
  4.8250000000E+00  4.8300000000E+00  2.19613E-02  8.43114E-02
  4.8300000000E+00  4.8350000000E+00  2.20541E-02  1.12699E-01
  4.8350000000E+00  4.8400000000E+00  2.21786E-02  1.38022E-01
  4.8400000000E+00  4.8450000000E+00  2.22221E-02  1.15289E-01
  4.8450000000E+00  4.8500000000E+00  2.23254E-02  1.17000E-01
  4.8500000000E+00  4.8550000000E+00  2.24282E-02  1.19730E-01
  4.8550000000E+00  4.8600000000E+00  2.25248E-02  1.23380E-01
  4.8600000000E+00  4.8650000000E+00  2.26074E-02  1.12628E-01
  4.8650000000E+00  4.8700000000E+00  2.27307E-02  1.12692E-01
  4.8700000000E+00  4.8750000000E+00  2.28170E-02  1.02055E-01
  4.8750000000E+00  4.8800000000E+00  2.28812E-02  8.49406E-02
  4.8800000000E+00  4.8850000000E+00  2.29733E-02  1.06589E-01
  4.8850000000E+00  4.8900000000E+00  2.31186E-02  1.11663E-01
  4.8900000000E+00  4.8950000000E+00  2.32020E-02  9.80701E-02
  4.8950000000E+00  4.9000000000E+00  2.33446E-02  1.08769E-01
  4.9000000000E+00  4.9050000000E+00  2.34414E-02  1.17946E-01
  4.9050000000E+00  4.9100000000E+00  2.34839E-02  8.92454E-02
  4.9100000000E+00  4.9150000000E+00  2.36358E-02  1.07938E-01
  4.9150000000E+00  4.9200000000E+00  2.37405E-02  9.44182E-02
  4.9200000000E+00  4.9250000000E+00  2.38687E-02  1.03878E-01
  4.9250000000E+00  4.9300000000E+00  2.40176E-02  9.75996E-02
  4.9300000000E+00  4.9350000000E+00  2.41584E-02  1.39535E-01
  4.9350000000E+00  4.9400000000E+00  2.42494E-02  1.18364E-01
  4.9400000000E+00  4.9450000000E+00  2.44019E-02  9.69921E-02
  4.9450000000E+00  4.9500000000E+00  2.45269E-02  1.02485E-01
  4.9500000000E+00  4.9550000000E+00  2.46114E-02  8.73512E-02
  4.9550000000E+00  4.9600000000E+00  2.47407E-02  9.05682E-02
  4.9600000000E+00  4.9650000000E+00  2.49084E-02  1.09515E-01
  4.9650000000E+00  4.9700000000E+00  2.50072E-02  7.44737E-02
  4.9700000000E+00  4.9750000000E+00  2.51360E-02  9.41980E-02
  4.9750000000E+00  4.9800000000E+00  2.53000E-02  9.21884E-02
  4.9800000000E+00  4.9850000000E+00  2.54215E-02  7.24523E-02
  4.9850000000E+00  4.9900000000E+00  2.55624E-02  8.29289E-02
  4.9900000000E+00  4.9950000000E+00  2.57377E-02  9.15683E-02
  4.9950000000E+00  5.0000000000E+00  2.59120E-02  8.38888E-02
  5.0000000000E+00  5.0050000000E+00  2.60789E-02  7.91718E-02
  5.0050000000E+00  5.0100000000E+00  2.62377E-02  1.10936E-01
  5.0100000000E+00  5.0150000000E+00  2.64464E-02  9.76424E-02
  5.0150000000E+00  5.0200000000E+00  2.66450E-02  9.14538E-02
  5.0200000000E+00  5.0250000000E+00  2.68199E-02  7.20880E-02
  5.0250000000E+00  5.0300000000E+00  2.69598E-02  7.16726E-02
  5.0300000000E+00  5.0350000000E+00  2.71702E-02  8.02678E-02
  5.0350000000E+00  5.0400000000E+00  2.73570E-02  9.54253E-02
  5.0400000000E+00  5.0450000000E+00  2.75596E-02  7.39629E-02
  5.0450000000E+00  5.0500000000E+00  2.77289E-02  1.03389E-01
  5.0500000000E+00  5.0550000000E+00  2.79404E-02  7.99960E-02
  5.0550000000E+00  5.0600000000E+00  2.81095E-02  9.89771E-02
  5.0600000000E+00  5.0650000000E+00  2.84074E-02  8.18185E-02
  5.0650000000E+00  5.0700000000E+00  2.86147E-02  9.23440E-02
  5.0700000000E+00  5.0750000000E+00  2.88122E-02  6.95604E-02
  5.0750000000E+00  5.0800000000E+00  2.90533E-02  6.98925E-02
  5.0800000000E+00  5.0850000000E+00  2.93011E-02  8.71618E-02
  5.0850000000E+00  5.0900000000E+00  2.95414E-02  7.23998E-02
  5.0900000000E+00  5.0950000000E+00  2.98298E-02  8.14865E-02
  5.0950000000E+00  5.1000000000E+00  3.01002E-02  8.08708E-02
  5.1000000000E+00  5.1050000000E+00  3.03733E-02  7.52646E-02
  5.1050000000E+00  5.1100000000E+00  3.06921E-02  7.60878E-02
  5.1100000000E+00  5.1150000000E+00  3.09468E-02  7.91703E-02
  5.1150000000E+00  5.1200000000E+00  3.12822E-02  7.83471E-02
  5.1200000000E+00  5.1250000000E+00  3.15946E-02  8.70759E-02
  5.1250000000E+00  5.1300000000E+00  3.19418E-02  9.96781E-02
  5.1300000000E+00  5.1350000000E+00  3.22833E-02  7.05796E-02
  5.1350000000E+00  5.1400000000E+00  3.26571E-02  8.93738E-02
  5.1400000000E+00  5.1450000000E+00  3.30592E-02  8.36345E-02
  5.1450000000E+00  5.1500000000E+00  3.34508E-02  7.27345E-02
  5.1500000000E+00  5.1550000000E+00  3.38555E-02  7.10411E-02
  5.1550000000E+00  5.1600000000E+00  3.42624E-02  8.67289E-02
  5.1600000000E+00  5.1650000000E+00  3.47015E-02  8.59023E-02
  5.1650000000E+00  5.1700000000E+00  3.51866E-02  7.30068E-02
  5.1700000000E+00  5.1750000000E+00  3.57124E-02  6.00692E-02
  5.1750000000E+00  5.1800000000E+00  3.62365E-02  7.14632E-02
  5.1800000000E+00  5.1850000000E+00  3.68217E-02  8.67021E-02
  5.1850000000E+00  5.1900000000E+00  3.73922E-02  7.08118E-02
  5.1900000000E+00  5.1950000000E+00  3.80128E-02  7.59112E-02
  5.1950000000E+00  5.2000000000E+00  3.86734E-02  6.58685E-02
  5.2000000000E+00  5.2050000000E+00  3.93885E-02  8.16052E-02
  5.2050000000E+00  5.2100000000E+00  4.00639E-02  8.07893E-02
  5.2100000000E+00  5.2150000000E+00  4.08634E-02  9.01827E-02
  5.2150000000E+00  5.2200000000E+00  4.16601E-02  8.49221E-02
  5.2200000000E+00  5.2250000000E+00  4.24899E-02  8.87392E-02
  5.2250000000E+00  5.2300000000E+00  4.33806E-02  9.38478E-02
  5.2300000000E+00  5.2350000000E+00  4.42701E-02  7.62355E-02
  5.2350000000E+00  5.2400000000E+00  4.51922E-02  9.29898E-02
  5.2400000000E+00  5.2450000000E+00  4.61523E-02  9.48921E-02
  5.2450000000E+00  5.2500000000E+00  4.71800E-02  9.50050E-02
  5.2500000000E+00  5.2550000000E+00  4.82092E-02  8.84006E-02
  5.2550000000E+00  5.2600000000E+00  4.92001E-02  9.74859E-02
  5.2600000000E+00  5.2650000000E+00  5.01617E-02  9.25042E-02
  5.2650000000E+00  5.2700000000E+00  5.11391E-02  9.26080E-02
  5.2700000000E+00  5.2750000000E+00  5.20405E-02  9.50587E-02
  5.2750000000E+00  5.2800000000E+00  5.28344E-02  1.11118E-01
  5.2800000000E+00  5.2850000000E+00  5.36006E-02  1.19166E-01
  5.2850000000E+00  5.2900000000E+00  5.41798E-02  1.12404E-01
  5.2900000000E+00  5.2950000000E+00  5.46640E-02  1.09283E-01
  5.2950000000E+00  5.3000000000E+00  5.49601E-02  1.11627E-01
  5.3000000000E+00  5.3050000000E+00  5.52106E-02  9.81339E-02
  5.3050000000E+00  5.3100000000E+00  5.50580E-02  1.04796E-01
  5.3100000000E+00  5.3150000000E+00  5.47779E-02  1.38116E-01
  5.3150000000E+00  5.3200000000E+00  5.42716E-02  1.62614E-01
  5.3200000000E+00  5.3250000000E+00  5.34425E-02  1.46548E-01
  5.3250000000E+00  5.3300000000E+00  5.23339E-02  1.56350E-01
  5.3300000000E+00  5.3350000000E+00  5.10403E-02  1.47813E-01
  5.3350000000E+00  5.3400000000E+00  4.95318E-02  1.39536E-01
  5.3400000000E+00  5.3450000000E+00  4.77321E-02  1.25006E-01
  5.3450000000E+00  5.3500000000E+00  4.56891E-02  1.74762E-01
  5.3500000000E+00  5.3550000000E+00  4.34591E-02  1.51805E-01
  5.3550000000E+00  5.3600000000E+00  4.10915E-02  1.83596E-01
  5.3600000000E+00  5.3650000000E+00  3.85581E-02  1.91748E-01
  5.3650000000E+00  5.3700000000E+00  3.59063E-02  2.18701E-01
  5.3700000000E+00  5.3750000000E+00  3.31690E-02  2.38166E-01
  5.3750000000E+00  5.3800000000E+00  3.04039E-02  2.13634E-01
  5.3800000000E+00  5.3850000000E+00  2.76296E-02  1.97423E-01
  5.3850000000E+00  5.3900000000E+00  2.49547E-02  2.26537E-01
  5.3900000000E+00  5.3950000000E+00  2.23800E-02  2.96099E-01
  5.3950000000E+00  5.4000000000E+00  1.98487E-02  3.36111E-01
  5.4000000000E+00  5.4050000000E+00  1.75461E-02  3.33124E-01
  5.4050000000E+00  5.4100000000E+00  1.52123E-02  3.91512E-01
  5.4100000000E+00  5.4150000000E+00  1.31515E-02  3.81192E-01
  5.4150000000E+00  5.4200000000E+00  1.13167E-02  3.66648E-01
  5.4200000000E+00  5.4250000000E+00  9.59263E-03  4.12241E-01
  5.4250000000E+00  5.4300000000E+00  8.10795E-03  5.48714E-01
  5.4300000000E+00  5.4350000000E+00  6.77937E-03  5.78991E-01
  5.4350000000E+00  5.4400000000E+00  5.57374E-03  6.25183E-01
  5.4400000000E+00  5.4450000000E+00  4.52743E-03  8.25036E-01
  5.4450000000E+00  5.4500000000E+00  3.65004E-03  8.60451E-01
  5.4500000000E+00  5.4550000000E+00  2.93685E-03  9.88762E-01
  5.4550000000E+00  5.4600000000E+00  2.31934E-03  1.17107E+00
  5.4600000000E+00  5.4650000000E+00  1.82407E-03  1.32333E+00
  5.4650000000E+00  5.4700000000E+00  1.43348E-03  1.45449E+00
  5.4700000000E+00  5.4750000000E+00  1.10758E-03  1.70813E+00
  5.4750000000E+00  5.4800000000E+00  8.43073E-04  1.48204E+00
  5.4800000000E+00  5.4850000000E+00  6.38346E-04  2.12993E+00
  5.4850000000E+00  5.4900000000E+00  4.88253E-04  2.65591E+00
  5.4900000000E+00  5.4950000000E+00  3.68078E-04  2.81101E+00
  5.4950000000E+00  5.5000000000E+00  2.81298E-04  3.01971E+00
  5.5000000000E+00  5.5050000000E+00  2.18795E-04  2.67931E+00
  5.5050000000E+00  5.5100000000E+00  1.64427E-04  4.74687E+00
  5.5100000000E+00  5.5150000000E+00  1.18705E-04  5.86969E+00
  5.5150000000E+00  5.5200000000E+00  9.28339E-05  6.04429E+00
  5.5200000000E+00  5.5250000000E+00  7.08308E-05  7.78912E+00
  5.5250000000E+00  5.5300000000E+00  5.41258E-05  6.87804E+00
  5.5300000000E+00  5.5350000000E+00  4.21118E-05  6.68379E+00
  5.5350000000E+00  5.5400000000E+00  3.20617E-05  7.70139E+00
  5.5400000000E+00  5.5450000000E+00  2.71005E-05  9.11267E+00
  5.5450000000E+00  5.5500000000E+00  2.65329E-05  8.15973E+00
  5.5500000000E+00  5.5550000000E+00  2.65347E-05  1.46993E+01
  5.5550000000E+00  5.5600000000E+00  1.70676E-05  9.44310E+00
  5.5600000000E+00  5.5650000000E+00  1.59469E-05  1.04675E+01
  5.5650000000E+00  5.5700000000E+00  1.41361E-05  1.08774E+01
  5.5700000000E+00  5.5750000000E+00  1.10955E-05  1.34407E+01
  5.5750000000E+00  5.5800000000E+00  1.02020E-05  1.68604E+01
  5.5800000000E+00  5.5850000000E+00  1.00154E-05  1.68800E+01
  5.5850000000E+00  5.5900000000E+00  7.19975E-06  1.60956E+01
  5.5900000000E+00  5.5950000000E+00  7.53066E-06  1.81317E+01
  5.5950000000E+00  5.6000000000E+00  5.81329E-06  1.80228E+01
  5.6000000000E+00  5.6050000000E+00  4.66558E-06  2.17523E+01
  5.6050000000E+00  5.6100000000E+00  2.55233E-06  2.42568E+01
  5.6100000000E+00  5.6150000000E+00  2.84051E-06  2.63010E+01
  5.6150000000E+00  5.6200000000E+00  2.88618E-06  2.86027E+01
  5.6200000000E+00  5.6250000000E+00  1.65787E-06  4.03627E+01
  5.6250000000E+00  5.6300000000E+00  1.40143E-06  4.28911E+01
  5.6300000000E+00  5.6350000000E+00  1.61811E-06  4.31627E+01
  5.6350000000E+00  5.6400000000E+00  1.68610E-06  4.91443E+01
  5.6400000000E+00  5.6450000000E+00  5.85908E-07  6.50851E+01
  5.6450000000E+00  5.6500000000E+00  8.45824E-07  6.64073E+01
  5.6500000000E+00  5.6550000000E+00  5.14843E-07  6.39401E+01
  5.6550000000E+00  5.6600000000E+00  3.84330E-08  9.93537E+01
  5.6600000000E+00  5.6650000000E+00  4.03638E-08  1.00000E+02
  5.6650000000E+00  5.6700000000E+00  4.36985E-08  1.00000E+02
  5.6700000000E+00  5.6750000000E+00  4.36985E-08  1.00000E+02
  5.6750000000E+00  5.6800000000E+00  4.36985E-08  9.99999E+01
  5.6800000000E+00  5.6850000000E+00  4.36986E-08  9.99999E+01
  5.6850000000E+00  5.6900000000E+00  4.36985E-08  1.00000E+02
  5.6900000000E+00  5.6950000000E+00  4.37003E-08  9.99958E+01
  5.6950000000E+00  5.7000000000E+00  4.36985E-08  1.00000E+02
  5.7000000000E+00  5.7050000000E+00  1.48343E-07  6.45730E+01
  5.7050000000E+00  5.7100000000E+00  4.36985E-08  1.00000E+02
  5.7100000000E+00  5.7150000000E+00  4.36985E-08  1.00000E+02
  5.7150000000E+00  5.7200000000E+00  4.36985E-08  1.00000E+02
  5.7200000000E+00  5.7250000000E+00  4.36985E-08  1.00000E+02
  5.7250000000E+00  5.7300000000E+00  1.67014E-07  7.74792E+01
  5.7300000000E+00  5.7350000000E+00  2.00382E-07  7.95415E+01
  5.7350000000E+00  5.7400000000E+00  9.96562E-07  7.08785E+01
  5.7400000000E+00  5.7450000000E+00  2.33053E-07  8.27527E+01
  5.7450000000E+00  5.7500000000E+00  3.29690E-07  6.99156E+01
  5.7500000000E+00  5.7550000000E+00  5.52165E-07  5.86632E+01
  5.7550000000E+00  5.7600000000E+00  8.37212E-07  6.03457E+01
  5.7600000000E+00  5.7650000000E+00  7.39903E-07  4.65408E+01
  5.7650000000E+00  5.7700000000E+00  5.09105E-07  6.63194E+01
  5.7700000000E+00  5.7750000000E+00  6.36461E-07  6.96859E+01
  5.7750000000E+00  5.7800000000E+00  6.80127E-07  6.77830E+01
  5.7800000000E+00  5.7850000000E+00  3.04839E-07  8.62686E+01
  5.7850000000E+00  5.7900000000E+00  6.10574E-07  7.75908E+01
  5.7900000000E+00  5.7950000000E+00  1.78380E-07  7.84375E+01
  5.7950000000E+00  5.8000000000E+00  4.40508E-08  1.00000E+02
  5.8000000000E+00  5.8050000000E+00  4.40508E-08  1.00000E+02
  5.8050000000E+00  5.8100000000E+00  4.40508E-08  1.00000E+02
  5.8100000000E+00  5.8150000000E+00  4.40508E-08  1.00000E+02
  5.8150000000E+00  5.8200000000E+00  4.40508E-08  1.00000E+02
  5.8200000000E+00  5.8250000000E+00  4.40508E-08  1.00000E+02
  5.8250000000E+00  5.8300000000E+00  2.39522E-07  8.30346E+01
  5.8300000000E+00  5.8350000000E+00  5.41139E-07  9.19396E+01
  5.8350000000E+00  5.8400000000E+00  6.06078E-08  1.00000E+02
  5.8400000000E+00  5.8450000000E+00  4.41499E-08  1.00000E+02
  5.8450000000E+00  5.8500000000E+00  5.19882E-08  1.00000E+02
  5.8500000000E+00  5.8550000000E+00  5.19882E-08  1.00000E+02
  5.8550000000E+00  5.8600000000E+00  5.19882E-08  1.00000E+02
  5.8600000000E+00  5.8650000000E+00  7.54999E-08  7.45883E+01
  5.8650000000E+00  5.8700000000E+00  5.19882E-08  1.00000E+02
  5.8700000000E+00  5.8750000000E+00  5.19882E-08  1.00000E+02
  5.8750000000E+00  5.8800000000E+00  5.19882E-08  1.00000E+02
  5.8800000000E+00  5.8850000000E+00  5.19882E-08  1.00000E+02
  5.8850000000E+00  5.8900000000E+00  5.19894E-08  9.99977E+01
  5.8900000000E+00  5.8950000000E+00  5.19882E-08  1.00000E+02
  5.8950000000E+00  5.9000000000E+00  1.11915E-07  6.96679E+01
  5.9000000000E+00  5.9050000000E+00  4.29164E-07  6.66382E+01
  5.9050000000E+00  5.9100000000E+00  1.94630E-07  7.71344E+01
  5.9100000000E+00  5.9150000000E+00  2.19315E-07  7.91160E+01
  5.9150000000E+00  5.9200000000E+00  2.21946E-07  7.89160E+01
  5.9200000000E+00  5.9250000000E+00  3.13742E-06  9.83018E+01
  5.9250000000E+00  5.9300000000E+00  2.57063E-07  8.16388E+01
  5.9300000000E+00  5.9350000000E+00  2.72258E-07  8.23355E+01
  5.9350000000E+00  5.9400000000E+00  3.09815E-07  8.43415E+01
  5.9400000000E+00  5.9450000000E+00  3.92731E-07  8.71361E+01
  5.9450000000E+00  5.9500000000E+00  7.39661E-07  9.30025E+01
  5.9500000000E+00  5.9550000000E+00  1.04500E-07  6.49081E+01
  5.9550000000E+00  5.9600000000E+00  1.31876E-07  7.11415E+01
  5.9600000000E+00  5.9650000000E+00  1.31876E-07  7.11415E+01
  5.9650000000E+00  5.9700000000E+00  1.35787E-07  7.06445E+01
  5.9700000000E+00  5.9750000000E+00  1.43513E-07  6.99643E+01
  5.9750000000E+00  5.9800000000E+00  1.44341E-07  7.00081E+01
  5.9800000000E+00  5.9850000000E+00  1.44549E-07  7.00194E+01
  5.9850000000E+00  5.9900000000E+00  1.44549E-07  7.00194E+01
  5.9900000000E+00  5.9950000000E+00  1.46991E-07  6.87941E+01
  5.9950000000E+00  6.0000000000E+00  1.67393E-07  6.97266E+01
  6.0000000000E+00  6.0050000000E+00  1.18018E-06  5.67283E+01
  6.0050000000E+00  6.0100000000E+00  4.67201E-07  6.81174E+01
  6.0100000000E+00  6.0150000000E+00  1.67241E-07  7.12832E+01
  6.0150000000E+00  6.0200000000E+00  2.58148E-07  5.64384E+01
  6.0200000000E+00  6.0250000000E+00  3.57085E-07  4.81037E+01
  6.0250000000E+00  6.0300000000E+00  7.42797E-07  4.86804E+01
  6.0300000000E+00  6.0350000000E+00  7.53804E-07  6.74025E+01
  6.0350000000E+00  6.0400000000E+00  3.83687E-07  4.86133E+01
  6.0400000000E+00  6.0450000000E+00  4.18768E-07  4.93665E+01
  6.0450000000E+00  6.0500000000E+00  4.58962E-07  5.02789E+01
  6.0500000000E+00  6.0550000000E+00  7.24401E-07  4.63307E+01
  6.0550000000E+00  6.0600000000E+00  1.05949E-06  5.79775E+01
  6.0600000000E+00  6.0650000000E+00  5.06426E-07  5.11065E+01
  6.0650000000E+00  6.0700000000E+00  5.51613E-07  5.22726E+01
  6.0700000000E+00  6.0750000000E+00  6.23353E-07  5.35039E+01
  6.0750000000E+00  6.0800000000E+00  6.77761E-07  5.44425E+01
  6.0800000000E+00  6.0850000000E+00  8.78758E-07  5.60672E+01
  6.0850000000E+00  6.0900000000E+00  1.10196E-06  5.33680E+01
  6.0900000000E+00  6.0950000000E+00  6.95215E-07  5.34355E+01
  6.0950000000E+00  6.1000000000E+00  4.57806E-07  6.29636E+01
  6.1000000000E+00  6.1050000000E+00  5.66174E-07  6.78838E+01
  6.1050000000E+00  6.1100000000E+00  7.56913E-07  7.39361E+01
  6.1100000000E+00  6.1150000000E+00  2.39954E-07  6.55490E+01
  6.1150000000E+00  6.1200000000E+00  2.34627E-07  7.14901E+01
  6.1200000000E+00  6.1250000000E+00  2.46683E-07  7.21722E+01
  6.1250000000E+00  6.1300000000E+00  2.62503E-07  7.31065E+01
  6.1300000000E+00  6.1350000000E+00  2.91468E-07  7.47767E+01
  6.1350000000E+00  6.1400000000E+00  3.63913E-07  7.18812E+01
  6.1400000000E+00  6.1450000000E+00  4.62926E-07  8.13956E+01
  6.1450000000E+00  6.1500000000E+00  3.77702E-07  7.68327E+01
  6.1500000000E+00  6.1550000000E+00  1.02729E-07  1.00000E+02
  6.1550000000E+00  6.1600000000E+00  1.05759E-07  1.00000E+02
  6.1600000000E+00  6.1650000000E+00  1.07657E-07  1.00000E+02
  6.1650000000E+00  6.1700000000E+00  1.13209E-07  1.00000E+02
  6.1700000000E+00  6.1750000000E+00  1.65780E-07  7.90128E+01
  6.1750000000E+00  6.1800000000E+00  3.43898E-07  7.19284E+01
  6.1800000000E+00  6.1850000000E+00  1.29155E-07  1.00000E+02
  6.1850000000E+00  6.1900000000E+00  1.48867E-07  1.00000E+02
  6.1900000000E+00  6.1950000000E+00  3.24803E-07  6.96420E+01
  6.1950000000E+00  6.2000000000E+00  1.74439E-07  1.00000E+02
  6.2000000000E+00  6.2050000000E+00  1.89660E-07  1.00000E+02
  6.2050000000E+00  6.2100000000E+00  4.66168E-07  6.96231E+01
  6.2100000000E+00  6.2150000000E+00  4.16163E-07  7.39185E+01
  6.2150000000E+00  6.2200000000E+00  4.38827E-07  1.00000E+02
  6.2200000000E+00  6.2250000000E+00  2.65256E-07  7.33243E+01
  6.2250000000E+00  6.2300000000E+00  1.69232E-07  1.00000E+02
  6.2300000000E+00  6.2350000000E+00  1.80291E-07  1.00000E+02
  6.2350000000E+00  6.2400000000E+00  2.05402E-07  1.00000E+02
  6.2400000000E+00  6.2450000000E+00  2.33683E-07  1.00000E+02
  6.2450000000E+00  6.2500000000E+00  2.85354E-07  1.00000E+02
  6.2500000000E+00  6.2550000000E+00  6.84639E-07  7.09095E+01
  6.2550000000E+00  6.2600000000E+00  3.23051E-07  1.00000E+02
  6.2600000000E+00  6.2650000000E+00  6.06566E-15  7.69979E+01
  6.2650000000E+00  6.2700000000E+00  9.87671E-15  6.96549E+01
  6.2700000000E+00  6.2750000000E+00  1.18296E-15  1.00000E+02
  6.2750000000E+00  6.2800000000E+00  0.00000E+00  0.00000E+00
  6.2800000000E+00  6.2850000000E+00  0.00000E+00  0.00000E+00
  6.2850000000E+00  6.2900000000E+00  0.00000E+00  0.00000E+00
  6.2900000000E+00  6.2950000000E+00  1.65445E-10  1.00000E+02
  6.2950000000E+00  6.3000000000E+00  1.15211E-07  1.00000E+02
  6.3000000000E+00  6.3050000000E+00  1.74659E-14  7.01204E+01
  6.3050000000E+00  6.3100000000E+00  1.79326E-14  1.00000E+02
  6.3100000000E+00  6.3150000000E+00  9.70837E-15  6.97616E+01
  6.3150000000E+00  6.3200000000E+00  0.00000E+00  0.00000E+00
  6.3200000000E+00  6.3250000000E+00  3.02563E-15  1.00000E+02
  6.3250000000E+00  6.3300000000E+00  1.53836E-07  1.00000E+02
  6.3300000000E+00  6.3350000000E+00  3.76571E-07  9.98601E+01
  6.3350000000E+00  6.3400000000E+00  6.99789E-07  8.31159E+01
  6.3400000000E+00  6.3450000000E+00  0.00000E+00  0.00000E+00
  6.3450000000E+00  6.3500000000E+00  3.82809E-07  1.00000E+02
  6.3500000000E+00  6.3550000000E+00  7.24435E-07  9.84099E+01
  6.3550000000E+00  6.3600000000E+00  2.54341E-07  1.00000E+02
  6.3600000000E+00  6.3650000000E+00  4.23543E-14  1.00000E+02
  6.3650000000E+00  6.3700000000E+00  0.00000E+00  0.00000E+00
  6.3700000000E+00  6.3750000000E+00  1.00038E-07  8.54763E+01
  6.3750000000E+00  6.3800000000E+00  9.43624E-07  8.07331E+01
  6.3800000000E+00  6.3850000000E+00  0.00000E+00  0.00000E+00
  6.3850000000E+00  6.3900000000E+00  0.00000E+00  0.00000E+00
  6.3900000000E+00  6.3950000000E+00  0.00000E+00  0.00000E+00
  6.3950000000E+00  6.4000000000E+00  0.00000E+00  0.00000E+00
  6.4000000000E+00  6.4050000000E+00  4.43213E-15  1.00000E+02
  6.4050000000E+00  6.4100000000E+00  3.20855E-09  1.00000E+02
  6.4100000000E+00  6.4150000000E+00  2.90878E-15  1.00000E+02
  6.4150000000E+00  6.4200000000E+00  2.82398E-07  1.00000E+02
  6.4200000000E+00  6.4250000000E+00  6.16167E-15  1.00000E+02
  6.4250000000E+00  6.4300000000E+00  1.96873E-14  6.18886E+01
  6.4300000000E+00  6.4350000000E+00  1.82932E-11  9.99749E+01
  6.4350000000E+00  6.4400000000E+00  1.65106E-14  1.00000E+02
  6.4400000000E+00  6.4450000000E+00  1.07440E-11  1.00000E+02
  6.4450000000E+00  6.4500000000E+00  0.00000E+00  0.00000E+00
  6.4500000000E+00  6.4550000000E+00  0.00000E+00  0.00000E+00
  6.4550000000E+00  6.4600000000E+00  6.33545E-08  8.14751E+01
  6.4600000000E+00  6.4650000000E+00  0.00000E+00  0.00000E+00
  6.4650000000E+00  6.4700000000E+00  0.00000E+00  0.00000E+00
  6.4700000000E+00  6.4750000000E+00  4.60048E-15  1.00000E+02
  6.4750000000E+00  6.4800000000E+00  1.72581E-15  1.00000E+02
  6.4800000000E+00  6.4850000000E+00  1.73781E-07  1.00000E+02
  6.4850000000E+00  6.4900000000E+00  1.78043E-08  1.00000E+02
  6.4900000000E+00  6.4950000000E+00  0.00000E+00  0.00000E+00
  6.4950000000E+00  6.5000000000E+00  0.00000E+00  0.00000E+00
  6.5000000000E+00  6.5050000000E+00  5.27623E-15  1.00000E+02
  6.5050000000E+00  6.5100000000E+00  0.00000E+00  0.00000E+00
  6.5100000000E+00  6.5150000000E+00  0.00000E+00  0.00000E+00
  6.5150000000E+00  6.5200000000E+00  0.00000E+00  0.00000E+00
  6.5200000000E+00  6.5250000000E+00  2.90878E-15  1.00000E+02
  6.5250000000E+00  6.5300000000E+00  0.00000E+00  0.00000E+00
  6.5300000000E+00  6.5350000000E+00  0.00000E+00  0.00000E+00
  6.5350000000E+00  6.5400000000E+00  1.05693E-09  1.00000E+02
  6.5400000000E+00  6.5450000000E+00  2.06547E-15  1.00000E+02
  6.5450000000E+00  6.5500000000E+00  0.00000E+00  0.00000E+00
  6.5500000000E+00  6.5550000000E+00  4.13093E-15  1.00000E+02
  6.5550000000E+00  6.5600000000E+00  2.69196E-08  6.95280E+01
  6.5600000000E+00  6.5650000000E+00  2.06547E-15  1.00000E+02
  6.5650000000E+00  6.5700000000E+00  6.73884E-07  1.00000E+02
  6.5700000000E+00  6.5750000000E+00  0.00000E+00  0.00000E+00
  6.5750000000E+00  6.5800000000E+00  0.00000E+00  0.00000E+00
  6.5800000000E+00  6.5850000000E+00  7.93063E-15  7.04294E+01
  6.5850000000E+00  6.5900000000E+00  0.00000E+00  0.00000E+00
  6.5900000000E+00  6.5950000000E+00  0.00000E+00  0.00000E+00
  6.5950000000E+00  6.6000000000E+00  1.53235E-08  1.00000E+02
  6.6000000000E+00  6.6050000000E+00  2.95932E-08  1.00000E+02
  6.6050000000E+00  6.6100000000E+00  8.24761E-15  1.00000E+02
  6.6100000000E+00  6.6150000000E+00  2.58298E-06  9.99990E+01
  6.6150000000E+00  6.6200000000E+00  0.00000E+00  0.00000E+00
  6.6200000000E+00  6.6250000000E+00  0.00000E+00  0.00000E+00
  6.6250000000E+00  6.6300000000E+00  0.00000E+00  0.00000E+00
  6.6300000000E+00  6.6350000000E+00  1.08231E-14  1.00000E+02
  6.6350000000E+00  6.6400000000E+00  6.18750E-07  9.43988E+01
  6.6400000000E+00  6.6450000000E+00  6.44094E-08  1.00000E+02
  6.6450000000E+00  6.6500000000E+00  6.44094E-08  1.00000E+02
  6.6500000000E+00  6.6550000000E+00  6.44094E-08  1.00000E+02
  6.6550000000E+00  6.6600000000E+00  6.44094E-08  1.00000E+02
  6.6600000000E+00  6.6650000000E+00  6.44094E-08  1.00000E+02
  6.6650000000E+00  6.6700000000E+00  6.44094E-08  1.00000E+02
  6.6700000000E+00  6.6750000000E+00  6.75404E-08  1.00000E+02
  6.6750000000E+00  6.6800000000E+00  7.04217E-08  1.00000E+02
  6.6800000000E+00  6.6850000000E+00  7.04217E-08  1.00000E+02
  6.6850000000E+00  6.6900000000E+00  7.04217E-08  1.00000E+02
  6.6900000000E+00  6.6950000000E+00  9.02138E-08  8.03537E+01
  6.6950000000E+00  6.7000000000E+00  7.04217E-08  1.00000E+02
  6.7000000000E+00  6.7050000000E+00  7.46315E-08  1.00000E+02
  6.7050000000E+00  6.7100000000E+00  7.59594E-08  1.00000E+02
  6.7100000000E+00  6.7150000000E+00  7.59594E-08  1.00000E+02
  6.7150000000E+00  6.7200000000E+00  7.59594E-08  1.00000E+02
  6.7200000000E+00  6.7250000000E+00  7.59594E-08  1.00000E+02
  6.7250000000E+00  6.7300000000E+00  8.26538E-08  1.00000E+02
  6.7300000000E+00  6.7350000000E+00  8.26614E-08  1.00000E+02
  6.7350000000E+00  6.7400000000E+00  8.26614E-08  1.00000E+02
  6.7400000000E+00  6.7450000000E+00  8.28621E-08  1.00000E+02
  6.7450000000E+00  6.7500000000E+00  9.40248E-08  1.00000E+02
  6.7500000000E+00  6.7550000000E+00  9.40248E-08  1.00000E+02
  6.7550000000E+00  6.7600000000E+00  9.40248E-08  1.00000E+02
  6.7600000000E+00  6.7650000000E+00  9.76620E-08  1.00000E+02
  6.7650000000E+00  6.7700000000E+00  9.89812E-08  1.00000E+02
  6.7700000000E+00  6.7750000000E+00  9.92446E-08  1.00000E+02
  6.7750000000E+00  6.7800000000E+00  1.06638E-07  1.00000E+02
  6.7800000000E+00  6.7850000000E+00  1.06638E-07  1.00000E+02
  6.7850000000E+00  6.7900000000E+00  1.13459E-07  9.99930E+01
  6.7900000000E+00  6.7950000000E+00  1.15158E-07  1.00000E+02
  6.7950000000E+00  6.8000000000E+00  1.35876E-07  1.00000E+02
  6.8000000000E+00  6.8050000000E+00  1.36140E-07  1.00000E+02
  6.8050000000E+00  6.8100000000E+00  1.39478E-07  1.00000E+02
  6.8100000000E+00  6.8150000000E+00  1.60044E-07  9.97595E+01
  6.8150000000E+00  6.8200000000E+00  1.61619E-07  9.99834E+01
  6.8200000000E+00  6.8250000000E+00  1.84387E-07  1.00000E+02
  6.8250000000E+00  6.8300000000E+00  2.30209E-07  1.00000E+02
  6.8300000000E+00  6.8350000000E+00  2.97977E-07  1.00000E+02
  6.8350000000E+00  6.8400000000E+00  4.82386E-07  1.00000E+02
  6.8400000000E+00  6.8450000000E+00  0.00000E+00  0.00000E+00
  6.8450000000E+00  6.8500000000E+00  2.51873E-10  9.99995E+01
  6.8500000000E+00  6.8550000000E+00  0.00000E+00  0.00000E+00
  6.8550000000E+00  6.8600000000E+00  0.00000E+00  0.00000E+00
  6.8600000000E+00  6.8650000000E+00  1.63353E-15  1.00000E+02
  6.8650000000E+00  6.8700000000E+00  0.00000E+00  0.00000E+00
  6.8700000000E+00  6.8750000000E+00  1.63353E-15  1.00000E+02
  6.8750000000E+00  6.8800000000E+00  0.00000E+00  0.00000E+00
  6.8800000000E+00  6.8850000000E+00  0.00000E+00  0.00000E+00
  6.8850000000E+00  6.8900000000E+00  0.00000E+00  0.00000E+00
  6.8900000000E+00  6.8950000000E+00  1.12534E-07  1.00000E+02
  6.8950000000E+00  6.9000000000E+00  7.61648E-07  8.28276E+01
  6.9000000000E+00  6.9050000000E+00  2.51575E-12  1.00000E+02
  6.9050000000E+00  6.9100000000E+00  0.00000E+00  0.00000E+00
  6.9100000000E+00  6.9150000000E+00  0.00000E+00  0.00000E+00
  6.9150000000E+00  6.9200000000E+00  1.91433E-08  1.00000E+02
  6.9200000000E+00  6.9250000000E+00  0.00000E+00  0.00000E+00
  6.9250000000E+00  6.9300000000E+00  0.00000E+00  0.00000E+00
  6.9300000000E+00  6.9350000000E+00  7.71517E-09  1.00000E+02
  6.9350000000E+00  6.9400000000E+00  1.42215E-12  9.97349E+01
  6.9400000000E+00  6.9450000000E+00  6.22694E-15  1.00000E+02
  6.9450000000E+00  6.9500000000E+00  0.00000E+00  0.00000E+00
  6.9500000000E+00  6.9550000000E+00  5.27623E-15  1.00000E+02
  6.9550000000E+00  6.9600000000E+00  0.00000E+00  0.00000E+00
  6.9600000000E+00  6.9650000000E+00  0.00000E+00  0.00000E+00
  6.9650000000E+00  6.9700000000E+00  4.48563E-16  1.00000E+02
  6.9700000000E+00  6.9750000000E+00  1.52685E-10  9.99728E+01
  6.9750000000E+00  6.9800000000E+00  1.92118E-11  1.00000E+02
  6.9800000000E+00  6.9850000000E+00  2.51294E-15  1.00000E+02
  6.9850000000E+00  6.9900000000E+00  1.68561E-12  1.00000E+02
  6.9900000000E+00  6.9950000000E+00  0.00000E+00  0.00000E+00
  6.9950000000E+00  7.0000000000E+00  0.00000E+00  0.00000E+00
  7.0000000000E+00  7.0000000000E+00  0.00000E+00  0.00000E+00