# Detector n: 1D Projection
  3.6500000000E+01  3.6504166667E+01  2.87486E-03  1.40653E+00
  3.6504166667E+01  3.6508333333E+01  2.83104E-03  9.59755E-01
  3.6508333333E+01  3.6512500000E+01  2.83997E-03  1.02317E+00
  3.6512500000E+01  3.6516666667E+01  2.80915E-03  5.61230E-01
  3.6516666667E+01  3.6520833333E+01  2.78981E-03  5.06106E-01
  3.6520833333E+01  3.6525000000E+01  2.81789E-03  8.33505E-01
  3.6525000000E+01  3.6529166667E+01  2.82379E-03  8.74281E-01
  3.6529166667E+01  3.6533333333E+01  2.82791E-03  6.74821E-01
  3.6533333333E+01  3.6537500000E+01  2.85415E-03  1.04984E+00
  3.6537500000E+01  3.6541666667E+01  2.82593E-03  7.81007E-01
  3.6541666667E+01  3.6545833333E+01  2.84077E-03  8.80269E-01
  3.6545833333E+01  3.6550000000E+01  2.84321E-03  9.98364E-01
  3.6550000000E+01  3.6554166667E+01  2.86360E-03  1.05290E+00
  3.6554166667E+01  3.6558333333E+01  2.83500E-03  8.86041E-01
  3.6558333333E+01  3.6562500000E+01  2.83678E-03  7.94592E-01
  3.6562500000E+01  3.6566666667E+01  2.89884E-03  1.36218E+00
  3.6566666667E+01  3.6570833333E+01  2.88955E-03  1.19077E+00
  3.6570833333E+01  3.6575000000E+01  2.85607E-03  6.11394E-01
  3.6575000000E+01  3.6579166667E+01  2.86616E-03  8.29091E-01
  3.6579166667E+01  3.6583333333E+01  2.88242E-03  7.78718E-01
  3.6583333333E+01  3.6587500000E+01  2.90242E-03  1.01888E+00
  3.6587500000E+01  3.6591666667E+01  2.89443E-03  8.64082E-01
  3.6591666667E+01  3.6595833333E+01  2.87921E-03  7.64641E-01
  3.6595833333E+01  3.6600000000E+01  2.85126E-03  5.60269E-01
  3.6600000000E+01  3.6604166667E+01  2.91940E-03  1.21234E+00
  3.6604166667E+01  3.6608333333E+01  2.92389E-03  1.11556E+00
  3.6608333333E+01  3.6612500000E+01  2.87637E-03  7.59013E-01
  3.6612500000E+01  3.6616666667E+01  2.88020E-03  8.14480E-01
  3.6616666667E+01  3.6620833333E+01  2.86463E-03  6.47678E-01
  3.6620833333E+01  3.6625000000E+01  2.92582E-03  1.56015E+00
  3.6625000000E+01  3.6629166667E+01  2.89608E-03  9.15602E-01
  3.6629166667E+01  3.6633333333E+01  2.87922E-03  1.03558E+00
  3.6633333333E+01  3.6637500000E+01  2.89678E-03  9.96473E-01
  3.6637500000E+01  3.6641666667E+01  2.89275E-03  7.78883E-01
  3.6641666667E+01  3.6645833333E+01  2.87483E-03  6.71341E-01
  3.6645833333E+01  3.6650000000E+01  2.89867E-03  9.33466E-01
  3.6650000000E+01  3.6654166667E+01  2.86294E-03  5.60011E-01
  3.6654166667E+01  3.6658333333E+01  2.84369E-03  5.07166E-01
  3.6658333333E+01  3.6662500000E+01  2.89770E-03  1.17496E+00
  3.6662500000E+01  3.6666666667E+01  2.88962E-03  8.33080E-01
  3.6666666667E+01  3.6670833333E+01  2.91984E-03  1.06179E+00
  3.6670833333E+01  3.6675000000E+01  2.92287E-03  1.04319E+00
  3.6675000000E+01  3.6679166667E+01  2.89751E-03  1.03860E+00
  3.6679166667E+01  3.6683333333E+01  2.87077E-03  6.66693E-01
  3.6683333333E+01  3.6687500000E+01  2.88654E-03  7.95702E-01
  3.6687500000E+01  3.6691666667E+01  2.85445E-03  5.24374E-01
  3.6691666667E+01  3.6695833333E+01  2.86917E-03  6.61583E-01
  3.6695833333E+01  3.6700000000E+01  2.88927E-03  7.96104E-01
  3.6700000000E+01  3.6704166667E+01  2.89135E-03  8.79535E-01
  3.6704166667E+01  3.6708333333E+01  2.89153E-03  7.59409E-01
  3.6708333333E+01  3.6712500000E+01  2.88630E-03  5.27200E-01
  3.6712500000E+01  3.6716666667E+01  2.95803E-03  9.98467E-01
  3.6716666667E+01  3.6720833333E+01  2.94460E-03  9.65728E-01
  3.6720833333E+01  3.6725000000E+01  2.91796E-03  6.50585E-01
  3.6725000000E+01  3.6729166667E+01  2.91637E-03  6.36700E-01
  3.6729166667E+01  3.6733333333E+01  2.94745E-03  9.46749E-01
  3.6733333333E+01  3.6737500000E+01  2.95510E-03  1.04274E+00
  3.6737500000E+01  3.6741666667E+01  2.97841E-03  1.37722E+00
  3.6741666667E+01  3.6745833333E+01  2.96405E-03  1.16906E+00
  3.6745833333E+01  3.6750000000E+01  2.95593E-03  1.04443E+00
  3.6750000000E+01  3.6754166667E+01  2.99229E-03  1.33902E+00
  3.6754166667E+01  3.6758333333E+01  2.95388E-03  9.87238E-01
  3.6758333333E+01  3.6762500000E+01  2.93947E-03  8.72582E-01
  3.6762500000E+01  3.6766666667E+01  2.95631E-03  1.03510E+00
  3.6766666667E+01  3.6770833333E+01  2.93092E-03  7.14952E-01
  3.6770833333E+01  3.6775000000E+01  2.95743E-03  9.94270E-01
  3.6775000000E+01  3.6779166667E+01  2.93798E-03  7.72530E-01
  3.6779166667E+01  3.6783333333E+01  2.93005E-03  7.66823E-01
  3.6783333333E+01  3.6787500000E+01  2.95802E-03  1.05105E+00
  3.6787500000E+01  3.6791666667E+01  2.92448E-03  6.08559E-01
  3.6791666667E+01  3.6795833333E+01  2.94368E-03  1.01594E+00
  3.6795833333E+01  3.6800000000E+01  2.92294E-03  6.23142E-01
  3.6800000000E+01  3.6804166667E+01  2.93719E-03  6.44872E-01
  3.6804166667E+01  3.6808333333E+01  2.93237E-03  6.10577E-01
  3.6808333333E+01  3.6812500000E+01  2.92867E-03  6.33238E-01
  3.6812500000E+01  3.6816666667E+01  2.91309E-03  5.43565E-01
  3.6816666667E+01  3.6820833333E+01  2.92330E-03  6.45433E-01
  3.6820833333E+01  3.6825000000E+01  2.95411E-03  8.97481E-01
  3.6825000000E+01  3.6829166667E+01  2.98392E-03  1.07880E+00
  3.6829166667E+01  3.6833333333E+01  2.94557E-03  8.45868E-01
  3.6833333333E+01  3.6837500000E+01  2.94238E-03  7.27923E-01
  3.6837500000E+01  3.6841666667E+01  2.96862E-03  9.39632E-01
  3.6841666667E+01  3.6845833333E+01  2.94971E-03  7.81377E-01
  3.6845833333E+01  3.6850000000E+01  2.96936E-03  9.77973E-01
  3.6850000000E+01  3.6854166667E+01  2.98464E-03  8.96251E-01
  3.6854166667E+01  3.6858333333E+01  2.97543E-03  1.03583E+00
  3.6858333333E+01  3.6862500000E+01  2.99577E-03  1.18869E+00
  3.6862500000E+01  3.6866666667E+01  3.00050E-03  1.27634E+00
  3.6866666667E+01  3.6870833333E+01  2.99446E-03  1.09452E+00
  3.6870833333E+01  3.6875000000E+01  2.99874E-03  1.08127E+00
  3.6875000000E+01  3.6879166667E+01  2.96134E-03  6.34044E-01
  3.6879166667E+01  3.6883333333E+01  2.97500E-03  8.71465E-01
  3.6883333333E+01  3.6887500000E+01  2.97006E-03  7.48648E-01
  3.6887500000E+01  3.6891666667E+01  2.94006E-03  5.65027E-01
  3.6891666667E+01  3.6895833333E+01  2.98445E-03  7.99157E-01
  3.6895833333E+01  3.6900000000E+01  2.98652E-03  9.50988E-01
  3.6900000000E+01  3.6904166667E+01  3.00939E-03  1.11693E+00
  3.6904166667E+01  3.6908333333E+01  3.01199E-03  1.23766E+00
  3.6908333333E+01  3.6912500000E+01  2.96345E-03  6.03363E-01
  3.6912500000E+01  3.6916666667E+01  2.98134E-03  8.75992E-01
  3.6916666667E+01  3.6920833333E+01  2.97820E-03  7.50980E-01
  3.6920833333E+01  3.6925000000E+01  2.99938E-03  1.08268E+00
  3.6925000000E+01  3.6929166667E+01  2.98933E-03  9.34580E-01
  3.6929166667E+01  3.6933333333E+01  2.96214E-03  6.97001E-01
  3.6933333333E+01  3.6937500000E+01  2.97682E-03  8.40929E-01
  3.6937500000E+01  3.6941666667E+01  2.95909E-03  5.80604E-01
  3.6941666667E+01  3.6945833333E+01  2.96923E-03  6.51680E-01
  3.6945833333E+01  3.6950000000E+01  2.98381E-03  8.06927E-01
  3.6950000000E+01  3.6954166667E+01  2.99328E-03  1.04160E+00
  3.6954166667E+01  3.6958333333E+01  3.00215E-03  1.44712E+00
  3.6958333333E+01  3.6962500000E+01  2.99374E-03  1.04475E+00
  3.6962500000E+01  3.6966666667E+01  3.02000E-03  1.13268E+00
  3.6966666667E+01  3.6970833333E+01  3.02068E-03  8.66589E-01
  3.6970833333E+01  3.6975000000E+01  3.03597E-03  1.11868E+00
  3.6975000000E+01  3.6979166667E+01  3.01661E-03  9.05101E-01
  3.6979166667E+01  3.6983333333E+01  3.07900E-03  1.30537E+00
  3.6983333333E+01  3.6987500000E+01  3.01004E-03  6.76296E-01
  3.6987500000E+01  3.6991666667E+01  3.04896E-03  1.15422E+00
  3.6991666667E+01  3.6995833333E+01  3.02900E-03  7.17549E-01
  3.6995833333E+01  3.7000000000E+01  3.02200E-03  6.45104E-01
  3.7000000000E+01  3.7004166667E+01  3.06439E-03  1.02191E+00
  3.7004166667E+01  3.7008333333E+01  3.01831E-03  6.08511E-01
  3.7008333333E+01  3.7012500000E+01  3.07880E-03  1.31864E+00
  3.7012500000E+01  3.7016666667E+01  3.04068E-03  7.69163E-01
  3.7016666667E+01  3.7020833333E+01  3.08289E-03  1.16091E+00
  3.7020833333E+01  3.7025000000E+01  3.12276E-03  1.55909E+00
  3.7025000000E+01  3.7029166667E+01  3.08370E-03  1.15485E+00
  3.7029166667E+01  3.7033333333E+01  3.05068E-03  8.67002E-01
  3.7033333333E+01  3.7037500000E+01  3.09288E-03  1.15949E+00
  3.7037500000E+01  3.7041666667E+01  3.10829E-03  1.34795E+00
  3.7041666667E+01  3.7045833333E+01  3.10415E-03  1.15824E+00
  3.7045833333E+01  3.7050000000E+01  3.05445E-03  7.82289E-01
  3.7050000000E+01  3.7054166667E+01  3.04823E-03  9.70780E-01
  3.7054166667E+01  3.7058333333E+01  3.04895E-03  8.78517E-01
  3.7058333333E+01  3.7062500000E+01  3.05774E-03  9.47227E-01
  3.7062500000E+01  3.7066666667E+01  3.06498E-03  9.02688E-01
  3.7066666667E+01  3.7070833333E+01  3.08360E-03  9.81616E-01
  3.7070833333E+01  3.7075000000E+01  3.05468E-03  8.27780E-01
  3.7075000000E+01  3.7079166667E+01  3.09798E-03  9.91351E-01
  3.7079166667E+01  3.7083333333E+01  3.09924E-03  1.03117E+00
  3.7083333333E+01  3.7087500000E+01  3.10338E-03  1.08763E+00
  3.7087500000E+01  3.7091666667E+01  3.09429E-03  9.80449E-01
  3.7091666667E+01  3.7095833333E+01  3.11732E-03  1.31610E+00
  3.7095833333E+01  3.7100000000E+01  3.11375E-03  1.26944E+00
  3.7100000000E+01  3.7104166667E+01  3.06038E-03  7.66032E-01
  3.7104166667E+01  3.7108333333E+01  3.03749E-03  6.32722E-01
  3.7108333333E+01  3.7112500000E+01  3.02233E-03  5.56703E-01
  3.7112500000E+01  3.7116666667E+01  3.07489E-03  9.65856E-01
  3.7116666667E+01  3.7120833333E+01  3.11526E-03  1.44349E+00
  3.7120833333E+01  3.7125000000E+01  3.05912E-03  6.83496E-01
  3.7125000000E+01  3.7129166667E+01  3.06649E-03  7.88424E-01
  3.7129166667E+01  3.7133333333E+01  3.04132E-03  6.11563E-01
  3.7133333333E+01  3.7137500000E+01  3.09870E-03  9.51395E-01
  3.7137500000E+01  3.7141666667E+01  3.04707E-03  7.41900E-01
  3.7141666667E+01  3.7145833333E+01  3.06195E-03  9.66722E-01
  3.7145833333E+01  3.7150000000E+01  3.07303E-03  7.53910E-01
  3.7150000000E+01  3.7154166667E+01  3.07250E-03  7.46050E-01
  3.7154166667E+01  3.7158333333E+01  3.09820E-03  9.84739E-01
  3.7158333333E+01  3.7162500000E+01  3.05594E-03  5.90296E-01
  3.7162500000E+01  3.7166666667E+01  3.09230E-03  8.57031E-01
  3.7166666667E+01  3.7170833333E+01  3.12484E-03  1.07458E+00
  3.7170833333E+01  3.7175000000E+01  3.13243E-03  1.35399E+00
  3.7175000000E+01  3.7179166667E+01  3.14222E-03  1.30646E+00
  3.7179166667E+01  3.7183333333E+01  3.14684E-03  1.18119E+00
  3.7183333333E+01  3.7187500000E+01  3.14237E-03  1.26192E+00
  3.7187500000E+01  3.7191666667E+01  3.08354E-03  7.59591E-01
  3.7191666667E+01  3.7195833333E+01  3.05993E-03  5.70578E-01
  3.7195833333E+01  3.7200000000E+01  3.06399E-03  5.93196E-01
  3.7200000000E+01  3.7204166667E+01  3.09716E-03  9.11995E-01
  3.7204166667E+01  3.7208333333E+01  3.08899E-03  8.03046E-01
  3.7208333333E+01  3.7212500000E+01  3.07695E-03  6.92621E-01
  3.7212500000E+01  3.7216666667E+01  3.08551E-03  8.05105E-01
  3.7216666667E+01  3.7220833333E+01  3.09039E-03  7.48780E-01
  3.7220833333E+01  3.7225000000E+01  3.08980E-03  8.87979E-01
  3.7225000000E+01  3.7229166667E+01  3.09799E-03  9.87338E-01
  3.7229166667E+01  3.7233333333E+01  3.10716E-03  9.47218E-01
  3.7233333333E+01  3.7237500000E+01  3.09513E-03  7.89713E-01
  3.7237500000E+01  3.7241666667E+01  3.08843E-03  8.01812E-01
  3.7241666667E+01  3.7245833333E+01  3.08383E-03  6.51031E-01
  3.7245833333E+01  3.7250000000E+01  3.09418E-03  6.91804E-01
  3.7250000000E+01  3.7254166667E+01  3.16254E-03  1.33169E+00
  3.7254166667E+01  3.7258333333E+01  3.10396E-03  6.85591E-01
  3.7258333333E+01  3.7262500000E+01  3.15727E-03  1.14700E+00
  3.7262500000E+01  3.7266666667E+01  3.09029E-03  5.92794E-01
  3.7266666667E+01  3.7270833333E+01  3.11758E-03  7.88076E-01
  3.7270833333E+01  3.7275000000E+01  3.13410E-03  9.93289E-01
  3.7275000000E+01  3.7279166667E+01  3.13300E-03  1.05786E+00
  3.7279166667E+01  3.7283333333E+01  3.11645E-03  8.80280E-01
  3.7283333333E+01  3.7287500000E+01  3.12688E-03  8.53727E-01
  3.7287500000E+01  3.7291666667E+01  3.17129E-03  1.09023E+00
  3.7291666667E+01  3.7295833333E+01  3.14480E-03  8.47827E-01
  3.7295833333E+01  3.7300000000E+01  3.15748E-03  1.09149E+00
  3.7300000000E+01  3.7304166667E+01  3.11505E-03  7.03449E-01
  3.7304166667E+01  3.7308333333E+01  3.11063E-03  6.12829E-01
  3.7308333333E+01  3.7312500000E+01  3.14407E-03  1.07318E+00
  3.7312500000E+01  3.7316666667E+01  3.18933E-03  1.36483E+00
  3.7316666667E+01  3.7320833333E+01  3.14553E-03  6.86277E-01
  3.7320833333E+01  3.7325000000E+01  3.11396E-03  6.13125E-01
  3.7325000000E+01  3.7329166667E+01  3.16277E-03  9.76944E-01
  3.7329166667E+01  3.7333333333E+01  3.16005E-03  9.90262E-01
  3.7333333333E+01  3.7337500000E+01  3.16526E-03  9.92748E-01
  3.7337500000E+01  3.7341666667E+01  3.17317E-03  9.99005E-01
  3.7341666667E+01  3.7345833333E+01  3.13517E-03  9.61840E-01
  3.7345833333E+01  3.7350000000E+01  3.12127E-03  6.34118E-01
  3.7350000000E+01  3.7354166667E+01  3.14371E-03  6.89269E-01
  3.7354166667E+01  3.7358333333E+01  3.17447E-03  9.28245E-01
  3.7358333333E+01  3.7362500000E+01  3.17348E-03  9.29784E-01
  3.7362500000E+01  3.7366666667E+01  3.17527E-03  1.03272E+00
  3.7366666667E+01  3.7370833333E+01  3.15905E-03  8.97189E-01
  3.7370833333E+01  3.7375000000E+01  3.13899E-03  7.34992E-01
  3.7375000000E+01  3.7379166667E+01  3.19243E-03  1.20907E+00
  3.7379166667E+01  3.7383333333E+01  3.15215E-03  7.41214E-01
  3.7383333333E+01  3.7387500000E+01  3.14093E-03  7.63837E-01
  3.7387500000E+01  3.7391666667E+01  3.15541E-03  7.66091E-01
  3.7391666667E+01  3.7395833333E+01  3.22879E-03  1.41086E+00
  3.7395833333E+01  3.7400000000E+01  3.20869E-03  1.02388E+00
  3.7400000000E+01  3.7404166667E+01  3.15744E-03  7.27880E-01
  3.7404166667E+01  3.7408333333E+01  3.17854E-03  8.51629E-01
  3.7408333333E+01  3.7412500000E+01  3.20616E-03  1.08677E+00
  3.7412500000E+01  3.7416666667E+01  3.13549E-03  5.68308E-01
  3.7416666667E+01  3.7420833333E+01  3.13782E-03  5.57042E-01
  3.7420833333E+01  3.7425000000E+01  3.17323E-03  9.15710E-01
  3.7425000000E+01  3.7429166667E+01  3.16533E-03  7.15656E-01
  3.7429166667E+01  3.7433333333E+01  3.18297E-03  7.69239E-01
  3.7433333333E+01  3.7437500000E+01  3.21834E-03  9.96079E-01
  3.7437500000E+01  3.7441666667E+01  3.19246E-03  8.73817E-01
  3.7441666667E+01  3.7445833333E+01  3.16839E-03  7.98763E-01
  3.7445833333E+01  3.7450000000E+01  3.15692E-03  6.16418E-01
  3.7450000000E+01  3.7454166667E+01  3.19077E-03  1.00656E+00
  3.7454166667E+01  3.7458333333E+01  3.21563E-03  1.08981E+00
  3.7458333333E+01  3.7462500000E+01  3.20606E-03  8.39157E-01
  3.7462500000E+01  3.7466666667E+01  3.21255E-03  1.03276E+00
  3.7466666667E+01  3.7470833333E+01  3.21913E-03  1.00844E+00
  3.7470833333E+01  3.7475000000E+01  3.21515E-03  8.66377E-01
  3.7475000000E+01  3.7479166667E+01  3.21964E-03  8.51039E-01
  3.7479166667E+01  3.7483333333E+01  3.25470E-03  1.09066E+00
  3.7483333333E+01  3.7487500000E+01  3.20301E-03  6.61686E-01
  3.7487500000E+01  3.7491666667E+01  3.19268E-03  6.25090E-01
  3.7491666667E+01  3.7495833333E+01  3.24886E-03  1.19258E+00
  3.7495833333E+01  3.7500000000E+01  3.21347E-03  7.14998E-01
  3.7500000000E+01  3.7504166667E+01  3.20430E-03  7.67904E-01
  3.7504166667E+01  3.7508333333E+01  3.22508E-03  8.21240E-01
  3.7508333333E+01  3.7512500000E+01  3.20887E-03  6.01748E-01
  3.7512500000E+01  3.7516666667E+01  3.24062E-03  1.09206E+00
  3.7516666667E+01  3.7520833333E+01  3.19834E-03  5.44727E-01
  3.7520833333E+01  3.7525000000E+01  3.23442E-03  8.30434E-01
  3.7525000000E+01  3.7529166667E+01  3.22508E-03  7.39334E-01
  3.7529166667E+01  3.7533333333E+01  3.25208E-03  1.02311E+00
  3.7533333333E+01  3.7537500000E+01  3.22499E-03  6.33302E-01
  3.7537500000E+01  3.7541666667E+01  3.21828E-03  7.27729E-01
  3.7541666667E+01  3.7545833333E+01  3.22706E-03  6.89748E-01
  3.7545833333E+01  3.7550000000E+01  3.26742E-03  9.71493E-01
  3.7550000000E+01  3.7554166667E+01  3.22536E-03  6.35743E-01
  3.7554166667E+01  3.7558333333E+01  3.31147E-03  1.33598E+00
  3.7558333333E+01  3.7562500000E+01  3.25996E-03  8.40271E-01
  3.7562500000E+01  3.7566666667E+01  3.24996E-03  7.72222E-01
  3.7566666667E+01  3.7570833333E+01  3.23424E-03  7.41498E-01
  3.7570833333E+01  3.7575000000E+01  3.21982E-03  5.92985E-01
  3.7575000000E+01  3.7579166667E+01  3.22426E-03  6.83696E-01
  3.7579166667E+01  3.7583333333E+01  3.25970E-03  8.64300E-01
  3.7583333333E+01  3.7587500000E+01  3.27285E-03  1.14273E+00
  3.7587500000E+01  3.7591666667E+01  3.25703E-03  8.31113E-01
  3.7591666667E+01  3.7595833333E+01  3.23982E-03  7.10363E-01
  3.7595833333E+01  3.7600000000E+01  3.27513E-03  8.92421E-01
  3.7600000000E+01  3.7604166667E+01  3.24314E-03  5.58623E-01
  3.7604166667E+01  3.7608333333E+01  3.23364E-03  5.41625E-01
  3.7608333333E+01  3.7612500000E+01  3.25285E-03  6.55196E-01
  3.7612500000E+01  3.7616666667E+01  3.25525E-03  6.45548E-01
  3.7616666667E+01  3.7620833333E+01  3.32268E-03  1.13882E+00
  3.7620833333E+01  3.7625000000E+01  3.30983E-03  1.11764E+00
  3.7625000000E+01  3.7629166667E+01  3.26884E-03  6.24510E-01
  3.7629166667E+01  3.7633333333E+01  3.27733E-03  7.61660E-01
  3.7633333333E+01  3.7637500000E+01  3.25762E-03  5.69315E-01
  3.7637500000E+01  3.7641666667E+01  3.28940E-03  7.96115E-01
  3.7641666667E+01  3.7645833333E+01  3.27728E-03  6.31075E-01
  3.7645833333E+01  3.7650000000E+01  3.27565E-03  6.40492E-01
  3.7650000000E+01  3.7654166667E+01  3.28939E-03  8.14365E-01
  3.7654166667E+01  3.7658333333E+01  3.28116E-03  6.54481E-01
  3.7658333333E+01  3.7662500000E+01  3.31292E-03  8.29879E-01
  3.7662500000E+01  3.7666666667E+01  3.29243E-03  7.32640E-01
  3.7666666667E+01  3.7670833333E+01  3.32390E-03  9.49709E-01
  3.7670833333E+01  3.7675000000E+01  3.31331E-03  1.12137E+00
  3.7675000000E+01  3.7679166667E+01  3.28381E-03  5.61690E-01
  3.7679166667E+01  3.7683333333E+01  3.33977E-03  1.03472E+00
  3.7683333333E+01  3.7687500000E+01  3.34375E-03  1.13575E+00
  3.7687500000E+01  3.7691666667E+01  3.29615E-03  6.58248E-01
  3.7691666667E+01  3.7695833333E+01  3.34064E-03  8.77995E-01
  3.7695833333E+01  3.7700000000E+01  3.30974E-03  7.15793E-01
  3.7700000000E+01  3.7704166667E+01  3.32678E-03  9.32883E-01
  3.7704166667E+01  3.7708333333E+01  3.32169E-03  6.67554E-01
  3.7708333333E+01  3.7712500000E+01  3.33362E-03  8.55728E-01
  3.7712500000E+01  3.7716666667E+01  3.29751E-03  6.81957E-01
  3.7716666667E+01  3.7720833333E+01  3.29741E-03  7.26191E-01
  3.7720833333E+01  3.7725000000E+01  3.27845E-03  5.12680E-01
  3.7725000000E+01  3.7729166667E+01  3.29844E-03  6.27509E-01
  3.7729166667E+01  3.7733333333E+01  3.29777E-03  5.99144E-01
  3.7733333333E+01  3.7737500000E+01  3.30272E-03  5.55252E-01
  3.7737500000E+01  3.7741666667E+01  3.34797E-03  1.09204E+00
  3.7741666667E+01  3.7745833333E+01  3.30881E-03  7.01709E-01
  3.7745833333E+01  3.7750000000E+01  3.29444E-03  5.26290E-01
  3.7750000000E+01  3.7754166667E+01  3.33462E-03  9.04532E-01
  3.7754166667E+01  3.7758333333E+01  3.36071E-03  1.05840E+00
  3.7758333333E+01  3.7762500000E+01  3.31831E-03  5.96315E-01
  3.7762500000E+01  3.7766666667E+01  3.31101E-03  5.41561E-01
  3.7766666667E+01  3.7770833333E+01  3.32978E-03  6.04393E-01
  3.7770833333E+01  3.7775000000E+01  3.37793E-03  8.66804E-01
  3.7775000000E+01  3.7779166667E+01  3.39342E-03  9.09540E-01
  3.7779166667E+01  3.7783333333E+01  3.40109E-03  1.08629E+00
  3.7783333333E+01  3.7787500000E+01  3.35344E-03  7.37455E-01
  3.7787500000E+01  3.7791666667E+01  3.36869E-03  7.71158E-01
  3.7791666667E+01  3.7795833333E+01  3.40407E-03  9.80275E-01
  3.7795833333E+01  3.7800000000E+01  3.42980E-03  1.11099E+00
  3.7800000000E+01  3.7804166667E+01  3.36167E-03  6.52511E-01
  3.7804166667E+01  3.7808333333E+01  3.38271E-03  7.94072E-01
  3.7808333333E+01  3.7812500000E+01  3.38606E-03  8.66234E-01
  3.7812500000E+01  3.7816666667E+01  3.34685E-03  5.23379E-01
  3.7816666667E+01  3.7820833333E+01  3.36870E-03  7.72846E-01
  3.7820833333E+01  3.7825000000E+01  3.36546E-03  8.37563E-01
  3.7825000000E+01  3.7829166667E+01  3.36132E-03  6.70626E-01
  3.7829166667E+01  3.7833333333E+01  3.34916E-03  5.51566E-01
  3.7833333333E+01  3.7837500000E+01  3.38230E-03  8.44200E-01
  3.7837500000E+01  3.7841666667E+01  3.38323E-03  7.18682E-01
  3.7841666667E+01  3.7845833333E+01  3.42308E-03  1.02507E+00
  3.7845833333E+01  3.7850000000E+01  3.42903E-03  1.08782E+00
  3.7850000000E+01  3.7854166667E+01  3.39383E-03  7.41147E-01
  3.7854166667E+01  3.7858333333E+01  3.44090E-03  1.03746E+00
  3.7858333333E+01  3.7862500000E+01  3.42572E-03  8.97025E-01
  3.7862500000E+01  3.7866666667E+01  3.44156E-03  1.15094E+00
  3.7866666667E+01  3.7870833333E+01  3.44720E-03  1.17459E+00
  3.7870833333E+01  3.7875000000E+01  3.43178E-03  1.02069E+00
  3.7875000000E+01  3.7879166667E+01  3.41482E-03  8.33298E-01
  3.7879166667E+01  3.7883333333E+01  3.42074E-03  9.52297E-01
  3.7883333333E+01  3.7887500000E+01  3.40736E-03  6.36032E-01
  3.7887500000E+01  3.7891666667E+01  3.45094E-03  9.16558E-01
  3.7891666667E+01  3.7895833333E+01  3.44626E-03  8.55807E-01
  3.7895833333E+01  3.7900000000E+01  3.48409E-03  1.19645E+00
  3.7900000000E+01  3.7904166667E+01  3.43426E-03  7.49226E-01
  3.7904166667E+01  3.7908333333E+01  3.47637E-03  1.46120E+00
  3.7908333333E+01  3.7912500000E+01  3.41080E-03  7.27703E-01
  3.7912500000E+01  3.7916666667E+01  3.40936E-03  6.07560E-01
  3.7916666667E+01  3.7920833333E+01  3.40959E-03  5.51187E-01
  3.7920833333E+01  3.7925000000E+01  3.43662E-03  7.89131E-01
  3.7925000000E+01  3.7929166667E+01  3.46128E-03  1.07472E+00
  3.7929166667E+01  3.7933333333E+01  3.44305E-03  7.63099E-01
  3.7933333333E+01  3.7937500000E+01  3.46642E-03  1.10116E+00
  3.7937500000E+01  3.7941666667E+01  3.49741E-03  1.23849E+00
  3.7941666667E+01  3.7945833333E+01  3.44953E-03  7.97554E-01
  3.7945833333E+01  3.7950000000E+01  3.43591E-03  6.25050E-01
  3.7950000000E+01  3.7954166667E+01  3.46562E-03  8.50797E-01
  3.7954166667E+01  3.7958333333E+01  3.44143E-03  7.22641E-01
  3.7958333333E+01  3.7962500000E+01  3.44878E-03  6.37429E-01
  3.7962500000E+01  3.7966666667E+01  3.49997E-03  9.74275E-01
  3.7966666667E+01  3.7970833333E+01  3.45655E-03  7.34586E-01
  3.7970833333E+01  3.7975000000E+01  3.46269E-03  8.25869E-01
  3.7975000000E+01  3.7979166667E+01  3.44305E-03  7.67836E-01
  3.7979166667E+01  3.7983333333E+01  3.42942E-03  5.67229E-01
  3.7983333333E+01  3.7987500000E+01  3.47814E-03  8.27514E-01
  3.7987500000E+01  3.7991666667E+01  3.50350E-03  1.04653E+00
  3.7991666667E+01  3.7995833333E+01  3.43849E-03  5.73014E-01
  3.7995833333E+01  3.8000000000E+01  3.46573E-03  7.33036E-01
  3.8000000000E+01  3.8004166667E+01  3.46027E-03  6.26285E-01
  3.8004166667E+01  3.8008333333E+01  3.47651E-03  7.52588E-01
  3.8008333333E+01  3.8012500000E+01  3.48980E-03  7.15675E-01
  3.8012500000E+01  3.8016666667E+01  3.52087E-03  9.63107E-01
  3.8016666667E+01  3.8020833333E+01  3.52534E-03  9.76116E-01
  3.8020833333E+01  3.8025000000E+01  3.47493E-03  6.48304E-01
  3.8025000000E+01  3.8029166667E+01  3.48798E-03  7.67652E-01
  3.8029166667E+01  3.8033333333E+01  3.49224E-03  8.89271E-01
  3.8033333333E+01  3.8037500000E+01  3.49580E-03  7.74545E-01
  3.8037500000E+01  3.8041666667E+01  3.55226E-03  1.01997E+00
  3.8041666667E+01  3.8045833333E+01  3.52429E-03  8.73756E-01
  3.8045833333E+01  3.8050000000E+01  3.53807E-03  9.33315E-01
  3.8050000000E+01  3.8054166667E+01  3.48082E-03  5.77498E-01
  3.8054166667E+01  3.8058333333E+01  3.47599E-03  6.02536E-01
  3.8058333333E+01  3.8062500000E+01  3.48495E-03  6.90429E-01
  3.8062500000E+01  3.8066666667E+01  3.50039E-03  7.07691E-01
  3.8066666667E+01  3.8070833333E+01  3.47483E-03  5.47723E-01
  3.8070833333E+01  3.8075000000E+01  3.48766E-03  6.23684E-01
  3.8075000000E+01  3.8079166667E+01  3.55781E-03  1.13605E+00
  3.8079166667E+01  3.8083333333E+01  3.54598E-03  7.88017E-01
  3.8083333333E+01  3.8087500000E+01  3.57435E-03  1.00173E+00
  3.8087500000E+01  3.8091666667E+01  3.54173E-03  8.47294E-01
  3.8091666667E+01  3.8095833333E+01  3.50974E-03  5.56425E-01
  3.8095833333E+01  3.8100000000E+01  3.53156E-03  7.57253E-01
  3.8100000000E+01  3.8104166667E+01  3.55379E-03  8.14136E-01
  3.8104166667E+01  3.8108333333E+01  3.59823E-03  1.10009E+00
  3.8108333333E+01  3.8112500000E+01  3.55322E-03  7.99013E-01
  3.8112500000E+01  3.8116666667E+01  3.57087E-03  9.16124E-01
  3.8116666667E+01  3.8120833333E+01  3.58677E-03  8.62971E-01
  3.8120833333E+01  3.8125000000E+01  3.56217E-03  6.93273E-01
  3.8125000000E+01  3.8129166667E+01  3.54585E-03  5.92555E-01
  3.8129166667E+01  3.8133333333E+01  3.56896E-03  8.03340E-01
  3.8133333333E+01  3.8137500000E+01  3.59200E-03  8.76921E-01
  3.8137500000E+01  3.8141666667E+01  3.59239E-03  7.13160E-01
  3.8141666667E+01  3.8145833333E+01  3.57875E-03  6.65705E-01
  3.8145833333E+01  3.8150000000E+01  3.57487E-03  6.40852E-01
  3.8150000000E+01  3.8154166667E+01  3.60189E-03  8.81961E-01
  3.8154166667E+01  3.8158333333E+01  3.60264E-03  8.08514E-01
  3.8158333333E+01  3.8162500000E+01  3.59166E-03  7.78402E-01
  3.8162500000E+01  3.8166666667E+01  3.58181E-03  6.44519E-01
  3.8166666667E+01  3.8170833333E+01  3.63277E-03  9.88210E-01
  3.8170833333E+01  3.8175000000E+01  3.62061E-03  9.25019E-01
  3.8175000000E+01  3.8179166667E+01  3.57597E-03  5.67208E-01
  3.8179166667E+01  3.8183333333E+01  3.58989E-03  6.30403E-01
  3.8183333333E+01  3.8187500000E+01  3.61042E-03  7.91047E-01
  3.8187500000E+01  3.8191666667E+01  3.63418E-03  8.55733E-01
  3.8191666667E+01  3.8195833333E+01  3.64041E-03  9.06993E-01
  3.8195833333E+01  3.8200000000E+01  3.62577E-03  8.27060E-01
  3.8200000000E+01  3.8204166667E+01  3.61514E-03  6.96194E-01
  3.8204166667E+01  3.8208333333E+01  3.61792E-03  7.01626E-01
  3.8208333333E+01  3.8212500000E+01  3.65634E-03  9.78542E-01
  3.8212500000E+01  3.8216666667E+01  3.62081E-03  7.56029E-01
  3.8216666667E+01  3.8220833333E+01  3.63038E-03  8.49745E-01
  3.8220833333E+01  3.8225000000E+01  3.60143E-03  5.97550E-01
  3.8225000000E+01  3.8229166667E+01  3.63402E-03  6.45666E-01
  3.8229166667E+01  3.8233333333E+01  3.68447E-03  1.03184E+00
  3.8233333333E+01  3.8237500000E+01  3.68379E-03  1.06768E+00
  3.8237500000E+01  3.8241666667E+01  3.66460E-03  8.96980E-01
  3.8241666667E+01  3.8245833333E+01  3.61608E-03  5.32001E-01
  3.8245833333E+01  3.8250000000E+01  3.63957E-03  7.91767E-01
  3.8250000000E+01  3.8254166667E+01  3.66124E-03  8.33238E-01
  3.8254166667E+01  3.8258333333E+01  3.66805E-03  6.97220E-01
  3.8258333333E+01  3.8262500000E+01  3.66755E-03  6.68857E-01
  3.8262500000E+01  3.8266666667E+01  3.64813E-03  5.47794E-01
  3.8266666667E+01  3.8270833333E+01  3.65583E-03  5.60282E-01
  3.8270833333E+01  3.8275000000E+01  3.67553E-03  7.78580E-01
  3.8275000000E+01  3.8279166667E+01  3.66751E-03  6.72016E-01
  3.8279166667E+01  3.8283333333E+01  3.66211E-03  6.10075E-01
  3.8283333333E+01  3.8287500000E+01  3.66991E-03  6.04336E-01
  3.8287500000E+01  3.8291666667E+01  3.66456E-03  5.65814E-01
  3.8291666667E+01  3.8295833333E+01  3.70261E-03  7.64429E-01
  3.8295833333E+01  3.8300000000E+01  3.72009E-03  8.92832E-01
  3.8300000000E+01  3.8304166667E+01  3.72845E-03  1.04882E+00
  3.8304166667E+01  3.8308333333E+01  3.75528E-03  9.68287E-01
  3.8308333333E+01  3.8312500000E+01  3.71706E-03  8.51494E-01
  3.8312500000E+01  3.8316666667E+01  3.70523E-03  7.41830E-01
  3.8316666667E+01  3.8320833333E+01  3.75339E-03  1.13078E+00
  3.8320833333E+01  3.8325000000E+01  3.72548E-03  7.24338E-01
  3.8325000000E+01  3.8329166667E+01  3.81365E-03  1.20005E+00
  3.8329166667E+01  3.8333333333E+01  3.74374E-03  7.04771E-01
  3.8333333333E+01  3.8337500000E+01  3.74687E-03  8.18937E-01
  3.8337500000E+01  3.8341666667E+01  3.76000E-03  9.10307E-01
  3.8341666667E+01  3.8345833333E+01  3.74721E-03  7.60546E-01
  3.8345833333E+01  3.8350000000E+01  3.74365E-03  6.54192E-01
  3.8350000000E+01  3.8354166667E+01  3.73779E-03  6.82106E-01
  3.8354166667E+01  3.8358333333E+01  3.78277E-03  9.93111E-01
  3.8358333333E+01  3.8362500000E+01  3.75744E-03  8.29677E-01
  3.8362500000E+01  3.8366666667E+01  3.77936E-03  8.07046E-01
  3.8366666667E+01  3.8370833333E+01  3.77710E-03  8.40130E-01
  3.8370833333E+01  3.8375000000E+01  3.80547E-03  1.12473E+00
  3.8375000000E+01  3.8379166667E+01  3.78887E-03  8.22094E-01
  3.8379166667E+01  3.8383333333E+01  3.80376E-03  8.97626E-01
  3.8383333333E+01  3.8387500000E+01  3.80159E-03  9.71792E-01
  3.8387500000E+01  3.8391666667E+01  3.76572E-03  6.26005E-01
  3.8391666667E+01  3.8395833333E+01  3.77295E-03  6.69824E-01
  3.8395833333E+01  3.8400000000E+01  3.79323E-03  7.09981E-01
  3.8400000000E+01  3.8404166667E+01  3.78622E-03  6.69754E-01
  3.8404166667E+01  3.8408333333E+01  3.79885E-03  7.88945E-01
  3.8408333333E+01  3.8412500000E+01  3.84635E-03  9.78081E-01
  3.8412500000E+01  3.8416666667E+01  3.82060E-03  8.25935E-01
  3.8416666667E+01  3.8420833333E+01  3.83040E-03  8.17637E-01
  3.8420833333E+01  3.8425000000E+01  3.80497E-03  7.47742E-01
  3.8425000000E+01  3.8429166667E+01  3.83722E-03  7.62228E-01
  3.8429166667E+01  3.8433333333E+01  3.80988E-03  6.99138E-01
  3.8433333333E+01  3.8437500000E+01  3.82473E-03  7.72923E-01
  3.8437500000E+01  3.8441666667E+01  3.79619E-03  6.01132E-01
  3.8441666667E+01  3.8445833333E+01  3.80304E-03  6.39054E-01
  3.8445833333E+01  3.8450000000E+01  3.82188E-03  7.04077E-01
  3.8450000000E+01  3.8454166667E+01  3.86387E-03  1.07406E+00
  3.8454166667E+01  3.8458333333E+01  3.83412E-03  7.75821E-01
  3.8458333333E+01  3.8462500000E+01  3.84139E-03  7.55647E-01
  3.8462500000E+01  3.8466666667E+01  3.86396E-03  9.30513E-01
  3.8466666667E+01  3.8470833333E+01  3.88125E-03  9.37117E-01
  3.8470833333E+01  3.8475000000E+01  3.82477E-03  5.77785E-01
  3.8475000000E+01  3.8479166667E+01  3.84987E-03  7.34721E-01
  3.8479166667E+01  3.8483333333E+01  3.84848E-03  6.59389E-01
  3.8483333333E+01  3.8487500000E+01  3.86149E-03  8.74529E-01
  3.8487500000E+01  3.8491666667E+01  3.87023E-03  6.56239E-01
  3.8491666667E+01  3.8495833333E+01  3.91402E-03  1.13587E+00
  3.8495833333E+01  3.8500000000E+01  3.93053E-03  1.08041E+00
  3.8500000000E+01  3.8504166667E+01  3.90912E-03  8.71479E-01
  3.8504166667E+01  3.8508333333E+01  3.93903E-03  9.53912E-01
  3.8508333333E+01  3.8512500000E+01  3.89882E-03  6.52085E-01
  3.8512500000E+01  3.8516666667E+01  3.91674E-03  7.47882E-01
  3.8516666667E+01  3.8520833333E+01  3.92381E-03  7.79236E-01
  3.8520833333E+01  3.8525000000E+01  3.94763E-03  9.94699E-01
  3.8525000000E+01  3.8529166667E+01  3.94288E-03  9.18597E-01
  3.8529166667E+01  3.8533333333E+01  3.90920E-03  6.70900E-01
  3.8533333333E+01  3.8537500000E+01  3.89503E-03  5.93171E-01
  3.8537500000E+01  3.8541666667E+01  3.92546E-03  7.79367E-01
  3.8541666667E+01  3.8545833333E+01  3.93771E-03  7.46962E-01
  3.8545833333E+01  3.8550000000E+01  3.93901E-03  7.56793E-01
  3.8550000000E+01  3.8554166667E+01  3.94025E-03  7.68111E-01
  3.8554166667E+01  3.8558333333E+01  3.95415E-03  7.18438E-01
  3.8558333333E+01  3.8562500000E+01  3.95400E-03  8.28589E-01
  3.8562500000E+01  3.8566666667E+01  3.96859E-03  8.52120E-01
  3.8566666667E+01  3.8570833333E+01  3.94494E-03  5.98228E-01
  3.8570833333E+01  3.8575000000E+01  3.97636E-03  7.32321E-01
  3.8575000000E+01  3.8579166667E+01  3.94142E-03  5.40178E-01
  3.8579166667E+01  3.8583333333E+01  3.97360E-03  7.03126E-01
  3.8583333333E+01  3.8587500000E+01  4.01161E-03  8.31440E-01
  3.8587500000E+01  3.8591666667E+01  4.02477E-03  7.47677E-01
  3.8591666667E+01  3.8595833333E+01  4.00582E-03  9.21691E-01
  3.8595833333E+01  3.8600000000E+01  3.99119E-03  7.15046E-01
  3.8600000000E+01  3.8604166667E+01  4.01179E-03  8.11083E-01
  3.8604166667E+01  3.8608333333E+01  4.01802E-03  8.29023E-01
  3.8608333333E+01  3.8612500000E+01  3.99792E-03  6.63625E-01
  3.8612500000E+01  3.8616666667E+01  4.04796E-03  8.31450E-01
  3.8616666667E+01  3.8620833333E+01  4.11008E-03  1.16712E+00
  3.8620833333E+01  3.8625000000E+01  4.08309E-03  9.67019E-01
  3.8625000000E+01  3.8629166667E+01  4.04989E-03  7.36245E-01
  3.8629166667E+01  3.8633333333E+01  4.03019E-03  6.66905E-01
  3.8633333333E+01  3.8637500000E+01  4.06287E-03  8.98974E-01
  3.8637500000E+01  3.8641666667E+01  4.04121E-03  6.94863E-01
  3.8641666667E+01  3.8645833333E+01  4.09706E-03  9.47400E-01
  3.8645833333E+01  3.8650000000E+01  4.04951E-03  6.69067E-01
  3.8650000000E+01  3.8654166667E+01  4.05064E-03  6.80609E-01
  3.8654166667E+01  3.8658333333E+01  4.04339E-03  6.35345E-01
  3.8658333333E+01  3.8662500000E+01  4.06776E-03  7.79068E-01
  3.8662500000E+01  3.8666666667E+01  4.06133E-03  7.72421E-01
  3.8666666667E+01  3.8670833333E+01  4.04583E-03  6.49028E-01
  3.8670833333E+01  3.8675000000E+01  4.06805E-03  7.96398E-01
  3.8675000000E+01  3.8679166667E+01  4.06786E-03  6.48158E-01
  3.8679166667E+01  3.8683333333E+01  4.07028E-03  6.42725E-01
  3.8683333333E+01  3.8687500000E+01  4.12231E-03  9.51292E-01
  3.8687500000E+01  3.8691666667E+01  4.08705E-03  5.93444E-01
  3.8691666667E+01  3.8695833333E+01  4.10664E-03  6.89968E-01
  3.8695833333E+01  3.8700000000E+01  4.10103E-03  6.48901E-01
  3.8700000000E+01  3.8704166667E+01  4.10543E-03  6.39638E-01
  3.8704166667E+01  3.8708333333E+01  4.09072E-03  5.55375E-01
  3.8708333333E+01  3.8712500000E+01  4.12066E-03  7.63775E-01
  3.8712500000E+01  3.8716666667E+01  4.12874E-03  6.74643E-01
  3.8716666667E+01  3.8720833333E+01  4.12768E-03  6.82933E-01
  3.8720833333E+01  3.8725000000E+01  4.12568E-03  6.33499E-01
  3.8725000000E+01  3.8729166667E+01  4.13801E-03  6.71093E-01
  3.8729166667E+01  3.8733333333E+01  4.17109E-03  7.82298E-01
  3.8733333333E+01  3.8737500000E+01  4.17941E-03  8.00995E-01
  3.8737500000E+01  3.8741666667E+01  4.20312E-03  8.42309E-01
  3.8741666667E+01  3.8745833333E+01  4.22581E-03  1.01481E+00
  3.8745833333E+01  3.8750000000E+01  4.17735E-03  6.72815E-01
  3.8750000000E+01  3.8754166667E+01  4.16839E-03  6.51082E-01
  3.8754166667E+01  3.8758333333E+01  4.21540E-03  9.01429E-01
  3.8758333333E+01  3.8762500000E+01  4.16783E-03  5.59184E-01
  3.8762500000E+01  3.8766666667E+01  4.23061E-03  7.97469E-01
  3.8766666667E+01  3.8770833333E+01  4.23127E-03  7.41367E-01
  3.8770833333E+01  3.8775000000E+01  4.25654E-03  9.18245E-01
  3.8775000000E+01  3.8779166667E+01  4.22043E-03  6.58142E-01
  3.8779166667E+01  3.8783333333E+01  4.30093E-03  1.10911E+00
  3.8783333333E+01  3.8787500000E+01  4.26374E-03  6.96361E-01
  3.8787500000E+01  3.8791666667E+01  4.27980E-03  8.57891E-01
  3.8791666667E+01  3.8795833333E+01  4.23926E-03  6.34360E-01
  3.8795833333E+01  3.8800000000E+01  4.25419E-03  7.52184E-01
  3.8800000000E+01  3.8804166667E+01  4.24010E-03  6.93480E-01
  3.8804166667E+01  3.8808333333E+01  4.26022E-03  7.50717E-01
  3.8808333333E+01  3.8812500000E+01  4.25273E-03  5.86807E-01
  3.8812500000E+01  3.8816666667E+01  4.25536E-03  6.69669E-01
  3.8816666667E+01  3.8820833333E+01  4.32844E-03  8.46379E-01
  3.8820833333E+01  3.8825000000E+01  4.26770E-03  5.78670E-01
  3.8825000000E+01  3.8829166667E+01  4.27388E-03  6.52637E-01
  3.8829166667E+01  3.8833333333E+01  4.26231E-03  5.67903E-01
  3.8833333333E+01  3.8837500000E+01  4.27774E-03  6.54773E-01
  3.8837500000E+01  3.8841666667E+01  4.36603E-03  9.30778E-01
  3.8841666667E+01  3.8845833333E+01  4.32717E-03  6.93536E-01
  3.8845833333E+01  3.8850000000E+01  4.34765E-03  1.07740E+00
  3.8850000000E+01  3.8854166667E+01  4.33789E-03  8.54468E-01
  3.8854166667E+01  3.8858333333E+01  4.28766E-03  5.29836E-01
  3.8858333333E+01  3.8862500000E+01  4.30443E-03  5.87861E-01
  3.8862500000E+01  3.8866666667E+01  4.33486E-03  6.79392E-01
  3.8866666667E+01  3.8870833333E+01  4.36546E-03  8.36788E-01
  3.8870833333E+01  3.8875000000E+01  4.36390E-03  7.29938E-01
  3.8875000000E+01  3.8879166667E+01  4.34059E-03  5.69899E-01
  3.8879166667E+01  3.8883333333E+01  4.39270E-03  8.15230E-01
  3.8883333333E+01  3.8887500000E+01  4.38544E-03  7.26433E-01
  3.8887500000E+01  3.8891666667E+01  4.37936E-03  5.95986E-01
  3.8891666667E+01  3.8895833333E+01  4.36273E-03  5.47592E-01
  3.8895833333E+01  3.8900000000E+01  4.38705E-03  7.38440E-01
  3.8900000000E+01  3.8904166667E+01  4.43281E-03  7.46114E-01
  3.8904166667E+01  3.8908333333E+01  4.42366E-03  6.28765E-01
  3.8908333333E+01  3.8912500000E+01  4.42826E-03  6.70877E-01
  3.8912500000E+01  3.8916666667E+01  4.46364E-03  8.51966E-01
  3.8916666667E+01  3.8920833333E+01  4.45739E-03  7.64892E-01
  3.8920833333E+01  3.8925000000E+01  4.43830E-03  6.14549E-01
  3.8925000000E+01  3.8929166667E+01  4.47671E-03  7.52358E-01
  3.8929166667E+01  3.8933333333E+01  4.49179E-03  8.32497E-01
  3.8933333333E+01  3.8937500000E+01  4.44577E-03  5.61279E-01
  3.8937500000E+01  3.8941666667E+01  4.48635E-03  8.12878E-01
  3.8941666667E+01  3.8945833333E+01  4.46685E-03  6.49151E-01
  3.8945833333E+01  3.8950000000E+01  4.52235E-03  8.43294E-01
  3.8950000000E+01  3.8954166667E+01  4.47592E-03  5.64605E-01
  3.8954166667E+01  3.8958333333E+01  4.48859E-03  6.07492E-01
  3.8958333333E+01  3.8962500000E+01  4.53457E-03  8.62480E-01
  3.8962500000E+01  3.8966666667E+01  4.52480E-03  6.66786E-01
  3.8966666667E+01  3.8970833333E+01  4.53915E-03  6.87423E-01
  3.8970833333E+01  3.8975000000E+01  4.54261E-03  6.87796E-01
  3.8975000000E+01  3.8979166667E+01  4.57348E-03  8.59839E-01
  3.8979166667E+01  3.8983333333E+01  4.56215E-03  6.52321E-01
  3.8983333333E+01  3.8987500000E+01  4.55498E-03  6.79666E-01
  3.8987500000E+01  3.8991666667E+01  4.61078E-03  9.14456E-01
  3.8991666667E+01  3.8995833333E+01  4.56373E-03  5.81655E-01
  3.8995833333E+01  3.9000000000E+01  4.58399E-03  6.14871E-01
  3.9000000000E+01  3.9004166667E+01  4.61111E-03  6.84628E-01
  3.9004166667E+01  3.9008333333E+01  4.64223E-03  8.15856E-01
  3.9008333333E+01  3.9012500000E+01  4.59208E-03  5.56231E-01
  3.9012500000E+01  3.9016666667E+01  4.60358E-03  5.55749E-01
  3.9016666667E+01  3.9020833333E+01  4.63962E-03  6.42959E-01
  3.9020833333E+01  3.9025000000E+01  4.69198E-03  8.55509E-01
  3.9025000000E+01  3.9029166667E+01  4.69726E-03  8.90692E-01
  3.9029166667E+01  3.9033333333E+01  4.69148E-03  8.44442E-01
  3.9033333333E+01  3.9037500000E+01  4.64949E-03  5.47260E-01
  3.9037500000E+01  3.9041666667E+01  4.72451E-03  9.06900E-01
  3.9041666667E+01  3.9045833333E+01  4.68454E-03  6.21132E-01
  3.9045833333E+01  3.9050000000E+01  4.68687E-03  5.69829E-01
  3.9050000000E+01  3.9054166667E+01  4.74427E-03  7.27570E-01
  3.9054166667E+01  3.9058333333E+01  4.71996E-03  5.93015E-01
  3.9058333333E+01  3.9062500000E+01  4.72640E-03  6.63168E-01
  3.9062500000E+01  3.9066666667E+01  4.73228E-03  6.12073E-01
  3.9066666667E+01  3.9070833333E+01  4.74443E-03  6.22585E-01
  3.9070833333E+01  3.9075000000E+01  4.77996E-03  7.79490E-01
  3.9075000000E+01  3.9079166667E+01  4.79993E-03  6.31398E-01
  3.9079166667E+01  3.9083333333E+01  4.77696E-03  7.14813E-01
  3.9083333333E+01  3.9087500000E+01  4.76555E-03  6.06062E-01
  3.9087500000E+01  3.9091666667E+01  4.77590E-03  5.75334E-01
  3.9091666667E+01  3.9095833333E+01  4.80286E-03  6.26091E-01
  3.9095833333E+01  3.9100000000E+01  4.86285E-03  7.37709E-01
  3.9100000000E+01  3.9104166667E+01  4.86931E-03  7.83663E-01
  3.9104166667E+01  3.9108333333E+01  4.87577E-03  7.49651E-01
  3.9108333333E+01  3.9112500000E+01  4.86276E-03  6.21438E-01
  3.9112500000E+01  3.9116666667E+01  4.92457E-03  7.95185E-01
  3.9116666667E+01  3.9120833333E+01  4.93903E-03  8.42281E-01
  3.9120833333E+01  3.9125000000E+01  4.90498E-03  7.31625E-01
  3.9125000000E+01  3.9129166667E+01  4.93386E-03  7.17696E-01
  3.9129166667E+01  3.9133333333E+01  4.92401E-03  8.99633E-01
  3.9133333333E+01  3.9137500000E+01  4.94971E-03  7.30271E-01
  3.9137500000E+01  3.9141666667E+01  4.92266E-03  5.80681E-01
  3.9141666667E+01  3.9145833333E+01  4.96229E-03  7.39572E-01
  3.9145833333E+01  3.9150000000E+01  4.98335E-03  7.31330E-01
  3.9150000000E+01  3.9154166667E+01  4.94672E-03  5.54165E-01
  3.9154166667E+01  3.9158333333E+01  4.98742E-03  7.31395E-01
  3.9158333333E+01  3.9162500000E+01  5.02985E-03  8.10138E-01
  3.9162500000E+01  3.9166666667E+01  5.00491E-03  6.06375E-01
  3.9166666667E+01  3.9170833333E+01  5.00018E-03  5.60824E-01
  3.9170833333E+01  3.9175000000E+01  5.04444E-03  6.27396E-01
  3.9175000000E+01  3.9179166667E+01  5.10060E-03  8.51126E-01
  3.9179166667E+01  3.9183333333E+01  5.06687E-03  6.84649E-01
  3.9183333333E+01  3.9187500000E+01  5.06757E-03  7.25750E-01
  3.9187500000E+01  3.9191666667E+01  5.05978E-03  6.78060E-01
  3.9191666667E+01  3.9195833333E+01  5.10649E-03  7.84607E-01
  3.9195833333E+01  3.9200000000E+01  5.05660E-03  5.36563E-01
  3.9200000000E+01  3.9204166667E+01  5.14300E-03  8.47885E-01
  3.9204166667E+01  3.9208333333E+01  5.10675E-03  5.71874E-01
  3.9208333333E+01  3.9212500000E+01  5.13442E-03  6.13275E-01
  3.9212500000E+01  3.9216666667E+01  5.20464E-03  8.87445E-01
  3.9216666667E+01  3.9220833333E+01  5.14819E-03  6.03123E-01
  3.9220833333E+01  3.9225000000E+01  5.17397E-03  6.18796E-01
  3.9225000000E+01  3.9229166667E+01  5.18961E-03  6.53868E-01
  3.9229166667E+01  3.9233333333E+01  5.18945E-03  5.88257E-01
  3.9233333333E+01  3.9237500000E+01  5.21718E-03  6.75896E-01
  3.9237500000E+01  3.9241666667E+01  5.23483E-03  6.56276E-01
  3.9241666667E+01  3.9245833333E+01  5.25059E-03  7.24657E-01
  3.9245833333E+01  3.9250000000E+01  5.27080E-03  6.93792E-01
  3.9250000000E+01  3.9254166667E+01  5.31618E-03  7.94995E-01
  3.9254166667E+01  3.9258333333E+01  5.26861E-03  5.83939E-01
  3.9258333333E+01  3.9262500000E+01  5.36421E-03  9.01497E-01
  3.9262500000E+01  3.9266666667E+01  5.31451E-03  6.11977E-01
  3.9266666667E+01  3.9270833333E+01  5.35524E-03  7.05128E-01
  3.9270833333E+01  3.9275000000E+01  5.31924E-03  5.61729E-01
  3.9275000000E+01  3.9279166667E+01  5.33936E-03  6.13598E-01
  3.9279166667E+01  3.9283333333E+01  5.42151E-03  7.97947E-01
  3.9283333333E+01  3.9287500000E+01  5.37408E-03  5.98279E-01
  3.9287500000E+01  3.9291666667E+01  5.39353E-03  6.17819E-01
  3.9291666667E+01  3.9295833333E+01  5.39388E-03  5.38169E-01
  3.9295833333E+01  3.9300000000E+01  5.41733E-03  5.71880E-01
  3.9300000000E+01  3.9304166667E+01  5.44693E-03  6.24440E-01
  3.9304166667E+01  3.9308333333E+01  5.46333E-03  6.75166E-01
  3.9308333333E+01  3.9312500000E+01  5.45858E-03  5.26497E-01
  3.9312500000E+01  3.9316666667E+01  5.51484E-03  7.17766E-01
  3.9316666667E+01  3.9320833333E+01  5.53824E-03  7.66322E-01
  3.9320833333E+01  3.9325000000E+01  5.50828E-03  5.42356E-01
  3.9325000000E+01  3.9329166667E+01  5.55228E-03  6.11396E-01
  3.9329166667E+01  3.9333333333E+01  5.54921E-03  5.71250E-01
  3.9333333333E+01  3.9337500000E+01  5.59408E-03  6.98348E-01
  3.9337500000E+01  3.9341666667E+01  5.61509E-03  6.82793E-01
  3.9341666667E+01  3.9345833333E+01  5.64756E-03  6.97222E-01
  3.9345833333E+01  3.9350000000E+01  5.64049E-03  5.99100E-01
  3.9350000000E+01  3.9354166667E+01  5.63361E-03  5.71688E-01
  3.9354166667E+01  3.9358333333E+01  5.64704E-03  6.16224E-01
  3.9358333333E+01  3.9362500000E+01  5.70837E-03  7.10009E-01
  3.9362500000E+01  3.9366666667E+01  5.75992E-03  7.07621E-01
  3.9366666667E+01  3.9370833333E+01  5.73158E-03  6.45670E-01
  3.9370833333E+01  3.9375000000E+01  5.73697E-03  5.93324E-01
  3.9375000000E+01  3.9379166667E+01  5.74361E-03  5.79690E-01
  3.9379166667E+01  3.9383333333E+01  5.78310E-03  6.40325E-01
  3.9383333333E+01  3.9387500000E+01  5.79316E-03  5.74300E-01
  3.9387500000E+01  3.9391666667E+01  5.81994E-03  6.01026E-01
  3.9391666667E+01  3.9395833333E+01  5.84857E-03  6.37050E-01
  3.9395833333E+01  3.9400000000E+01  5.86778E-03  6.29243E-01
  3.9400000000E+01  3.9404166667E+01  5.87153E-03  6.17241E-01
  3.9404166667E+01  3.9408333333E+01  5.92412E-03  6.78358E-01
  3.9408333333E+01  3.9412500000E+01  5.89890E-03  5.55100E-01
  3.9412500000E+01  3.9416666667E+01  5.92477E-03  5.51939E-01
  3.9416666667E+01  3.9420833333E+01  6.00226E-03  6.87717E-01
  3.9420833333E+01  3.9425000000E+01  6.01341E-03  6.97433E-01
  3.9425000000E+01  3.9429166667E+01  6.01823E-03  6.06818E-01
  3.9429166667E+01  3.9433333333E+01  6.05867E-03  6.48745E-01
  3.9433333333E+01  3.9437500000E+01  6.07517E-03  6.54452E-01
  3.9437500000E+01  3.9441666667E+01  6.13780E-03  7.23003E-01
  3.9441666667E+01  3.9445833333E+01  6.12733E-03  5.77677E-01
  3.9445833333E+01  3.9450000000E+01  6.18388E-03  6.32121E-01
  3.9450000000E+01  3.9454166667E+01  6.24833E-03  7.12661E-01
  3.9454166667E+01  3.9458333333E+01  6.24221E-03  6.44764E-01
  3.9458333333E+01  3.9462500000E+01  6.27265E-03  7.91988E-01
  3.9462500000E+01  3.9466666667E+01  6.25407E-03  6.86831E-01
  3.9466666667E+01  3.9470833333E+01  6.26419E-03  5.96474E-01
  3.9470833333E+01  3.9475000000E+01  6.29282E-03  5.94160E-01
  3.9475000000E+01  3.9479166667E+01  6.32493E-03  6.28137E-01
  3.9479166667E+01  3.9483333333E+01  6.34050E-03  5.66438E-01
  3.9483333333E+01  3.9487500000E+01  6.37296E-03  6.04063E-01
  3.9487500000E+01  3.9491666667E+01  6.40835E-03  5.97541E-01
  3.9491666667E+01  3.9495833333E+01  6.42096E-03  5.68183E-01
  3.9495833333E+01  3.9500000000E+01  6.49236E-03  6.25255E-01
  3.9500000000E+01  3.9504166667E+01  6.50410E-03  6.07041E-01
  3.9504166667E+01  3.9508333333E+01  6.50045E-03  5.52676E-01
  3.9508333333E+01  3.9512500000E+01  6.56091E-03  6.19088E-01
  3.9512500000E+01  3.9516666667E+01  6.59612E-03  6.02216E-01
  3.9516666667E+01  3.9520833333E+01  6.63633E-03  5.91509E-01
  3.9520833333E+01  3.9525000000E+01  6.65127E-03  5.88152E-01
  3.9525000000E+01  3.9529166667E+01  6.70633E-03  6.20218E-01
  3.9529166667E+01  3.9533333333E+01  6.79663E-03  7.06164E-01
  3.9533333333E+01  3.9537500000E+01  6.80367E-03  6.36885E-01
  3.9537500000E+01  3.9541666667E+01  6.81980E-03  6.07800E-01
  3.9541666667E+01  3.9545833333E+01  6.84843E-03  6.05034E-01
  3.9545833333E+01  3.9550000000E+01  6.85975E-03  5.60879E-01
  3.9550000000E+01  3.9554166667E+01  6.91263E-03  6.11608E-01
  3.9554166667E+01  3.9558333333E+01  6.96562E-03  6.07442E-01
  3.9558333333E+01  3.9562500000E+01  6.98921E-03  5.63093E-01
  3.9562500000E+01  3.9566666667E+01  7.06539E-03  6.42077E-01
  3.9566666667E+01  3.9570833333E+01  7.09017E-03  5.61918E-01
  3.9570833333E+01  3.9575000000E+01  7.10947E-03  5.37578E-01
  3.9575000000E+01  3.9579166667E+01  7.15758E-03  5.47493E-01
  3.9579166667E+01  3.9583333333E+01  7.20338E-03  5.49237E-01
  3.9583333333E+01  3.9587500000E+01  7.25700E-03  5.73350E-01
  3.9587500000E+01  3.9591666667E+01  7.33676E-03  6.32286E-01
  3.9591666667E+01  3.9595833333E+01  7.39260E-03  5.88939E-01
  3.9595833333E+01  3.9600000000E+01  7.41957E-03  5.95715E-01
  3.9600000000E+01  3.9604166667E+01  7.43663E-03  5.62048E-01
  3.9604166667E+01  3.9608333333E+01  7.52639E-03  5.95314E-01
  3.9608333333E+01  3.9612500000E+01  7.56050E-03  5.32909E-01
  3.9612500000E+01  3.9616666667E+01  7.59715E-03  5.31501E-01
  3.9616666667E+01  3.9620833333E+01  7.68554E-03  5.71599E-01
  3.9620833333E+01  3.9625000000E+01  7.75059E-03  5.64938E-01
  3.9625000000E+01  3.9629166667E+01  7.80519E-03  5.64188E-01
  3.9629166667E+01  3.9633333333E+01  7.89238E-03  5.89084E-01
  3.9633333333E+01  3.9637500000E+01  7.92674E-03  5.41304E-01
  3.9637500000E+01  3.9641666667E+01  7.99856E-03  5.42693E-01
  3.9641666667E+01  3.9645833333E+01  8.07017E-03  5.72761E-01
  3.9645833333E+01  3.9650000000E+01  8.13472E-03  5.48178E-01
  3.9650000000E+01  3.9654166667E+01  8.21312E-03  5.51422E-01
  3.9654166667E+01  3.9658333333E+01  8.32099E-03  6.06401E-01
  3.9658333333E+01  3.9662500000E+01  8.38211E-03  5.78044E-01
  3.9662500000E+01  3.9666666667E+01  8.46776E-03  5.47649E-01
  3.9666666667E+01  3.9670833333E+01  8.56479E-03  5.54709E-01
  3.9670833333E+01  3.9675000000E+01  8.70360E-03  5.76505E-01
  3.9675000000E+01  3.9679166667E+01  8.77836E-03  5.59888E-01
  3.9679166667E+01  3.9683333333E+01  8.83262E-03  5.46884E-01
  3.9683333333E+01  3.9687500000E+01  8.92075E-03  5.46529E-01
  3.9687500000E+01  3.9691666667E+01  9.03689E-03  5.61161E-01
  3.9691666667E+01  3.9695833333E+01  9.16751E-03  5.66699E-01
  3.9695833333E+01  3.9700000000E+01  9.28167E-03  5.60505E-01
  3.9700000000E+01  3.9704166667E+01  9.39374E-03  5.73659E-01
  3.9704166667E+01  3.9708333333E+01  9.53135E-03  5.96247E-01
  3.9708333333E+01  3.9712500000E+01  9.65138E-03  5.82621E-01
  3.9712500000E+01  3.9716666667E+01  9.77864E-03  5.79549E-01
  3.9716666667E+01  3.9720833333E+01  9.96498E-03  6.04626E-01
  3.9720833333E+01  3.9725000000E+01  1.00198E-02  5.93783E-01
  3.9725000000E+01  3.9729166667E+01  1.01166E-02  5.90866E-01
  3.9729166667E+01  3.9733333333E+01  1.02692E-02  6.12309E-01
  3.9733333333E+01  3.9737500000E+01  1.04281E-02  6.11366E-01
  3.9737500000E+01  3.9741666667E+01  1.05969E-02  6.24808E-01
  3.9741666667E+01  3.9745833333E+01  1.07264E-02  6.24643E-01
  3.9745833333E+01  3.9750000000E+01  1.08134E-02  6.12546E-01
  3.9750000000E+01  3.9754166667E+01  1.09694E-02  6.07190E-01
  3.9754166667E+01  3.9758333333E+01  1.10647E-02  6.26608E-01
  3.9758333333E+01  3.9762500000E+01  1.12031E-02  6.02735E-01
  3.9762500000E+01  3.9766666667E+01  1.13392E-02  6.06542E-01
  3.9766666667E+01  3.9770833333E+01  1.15137E-02  6.24465E-01
  3.9770833333E+01  3.9775000000E+01  1.16559E-02  6.25009E-01
  3.9775000000E+01  3.9779166667E+01  1.17435E-02  6.24285E-01
  3.9779166667E+01  3.9783333333E+01  1.18795E-02  6.57860E-01
  3.9783333333E+01  3.9787500000E+01  1.19703E-02  6.65319E-01
  3.9787500000E+01  3.9791666667E+01  1.20330E-02  6.33257E-01
  3.9791666667E+01  3.9795833333E+01  1.21246E-02  6.27910E-01
  3.9795833333E+01  3.9800000000E+01  1.21794E-02  6.65643E-01
  3.9800000000E+01  3.9804166667E+01  1.22250E-02  6.80114E-01
  3.9804166667E+01  3.9808333333E+01  1.22720E-02  6.75468E-01
  3.9808333333E+01  3.9812500000E+01  1.23293E-02  6.89001E-01
  3.9812500000E+01  3.9816666667E+01  1.23038E-02  6.82342E-01
  3.9816666667E+01  3.9820833333E+01  1.23540E-02  7.20223E-01
  3.9820833333E+01  3.9825000000E+01  1.22961E-02  6.97414E-01
  3.9825000000E+01  3.9829166667E+01  1.22666E-02  7.30436E-01
  3.9829166667E+01  3.9833333333E+01  1.21931E-02  7.33536E-01
  3.9833333333E+01  3.9837500000E+01  1.19720E-02  7.32209E-01
  3.9837500000E+01  3.9841666667E+01  1.17762E-02  7.35767E-01
  3.9841666667E+01  3.9845833333E+01  1.16420E-02  7.46562E-01
  3.9845833333E+01  3.9850000000E+01  1.15469E-02  7.34817E-01
  3.9850000000E+01  3.9854166667E+01  1.12812E-02  7.41868E-01
  3.9854166667E+01  3.9858333333E+01  1.10842E-02  7.85481E-01
  3.9858333333E+01  3.9862500000E+01  1.09243E-02  8.00173E-01
  3.9862500000E+01  3.9866666667E+01  1.07302E-02  8.20202E-01
  3.9866666667E+01  3.9870833333E+01  1.04878E-02  8.26980E-01
  3.9870833333E+01  3.9875000000E+01  1.01764E-02  8.70838E-01
  3.9875000000E+01  3.9879166667E+01  9.82453E-03  8.75707E-01
  3.9879166667E+01  3.9883333333E+01  9.40670E-03  8.84341E-01
  3.9883333333E+01  3.9887500000E+01  9.13958E-03  9.60545E-01
  3.9887500000E+01  3.9891666667E+01  8.73658E-03  9.31927E-01
  3.9891666667E+01  3.9895833333E+01  8.38149E-03  9.47408E-01
  3.9895833333E+01  3.9900000000E+01  7.92876E-03  1.00015E+00
  3.9900000000E+01  3.9904166667E+01  7.53451E-03  1.03242E+00
  3.9904166667E+01  3.9908333333E+01  7.22195E-03  1.06821E+00
  3.9908333333E+01  3.9912500000E+01  6.82431E-03  1.08004E+00
  3.9912500000E+01  3.9916666667E+01  6.44144E-03  1.16526E+00
  3.9916666667E+01  3.9920833333E+01  6.02082E-03  1.18215E+00
  3.9920833333E+01  3.9925000000E+01  5.67590E-03  1.18952E+00
  3.9925000000E+01  3.9929166667E+01  5.30639E-03  1.25784E+00
  3.9929166667E+01  3.9933333333E+01  4.98609E-03  1.32682E+00
  3.9933333333E+01  3.9937500000E+01  4.66772E-03  1.35808E+00
  3.9937500000E+01  3.9941666667E+01  4.30793E-03  1.44744E+00
  3.9941666667E+01  3.9945833333E+01  3.95668E-03  1.51134E+00
  3.9945833333E+01  3.9950000000E+01  3.62725E-03  1.48938E+00
  3.9950000000E+01  3.9954166667E+01  3.35160E-03  1.56335E+00
  3.9954166667E+01  3.9958333333E+01  3.14069E-03  1.73967E+00
  3.9958333333E+01  3.9962500000E+01  2.79835E-03  1.83351E+00
  3.9962500000E+01  3.9966666667E+01  2.50904E-03  1.85836E+00
  3.9966666667E+01  3.9970833333E+01  2.27829E-03  1.98507E+00
  3.9970833333E+01  3.9975000000E+01  2.03534E-03  2.08707E+00
  3.9975000000E+01  3.9979166667E+01  1.86483E-03  2.28067E+00
  3.9979166667E+01  3.9983333333E+01  1.64852E-03  2.48634E+00
  3.9983333333E+01  3.9987500000E+01  1.47982E-03  2.54733E+00
  3.9987500000E+01  3.9991666667E+01  1.35217E-03  2.56749E+00
  3.9991666667E+01  3.9995833333E+01  1.23690E-03  2.74653E+00
  3.9995833333E+01  4.0000000000E+01  1.10543E-03  3.04016E+00
  4.0000000000E+01  4.0004166667E+01  9.65007E-04  3.06363E+00
  4.0004166667E+01  4.0008333333E+01  8.67359E-04  3.29207E+00
  4.0008333333E+01  4.0012500000E+01  7.59585E-04  3.54919E+00
  4.0012500000E+01  4.0016666667E+01  6.68099E-04  3.88830E+00
  4.0016666667E+01  4.0020833333E+01  5.95392E-04  4.18283E+00
  4.0020833333E+01  4.0025000000E+01  5.20260E-04  4.53782E+00
  4.0025000000E+01  4.0029166667E+01  4.29913E-04  4.99937E+00
  4.0029166667E+01  4.0033333333E+01  3.60990E-04  5.34405E+00
  4.0033333333E+01  4.0037500000E+01  3.17931E-04  5.99680E+00
  4.0037500000E+01  4.0041666667E+01  2.64065E-04  6.30574E+00
  4.0041666667E+01  4.0045833333E+01  2.52889E-04  6.77258E+00
  4.0045833333E+01  4.0050000000E+01  2.10851E-04  7.50270E+00
  4.0050000000E+01  4.0054166667E+01  1.65038E-04  7.92085E+00
  4.0054166667E+01  4.0058333333E+01  1.46009E-04  8.66625E+00
  4.0058333333E+01  4.0062500000E+01  1.23272E-04  9.39059E+00
  4.0062500000E+01  4.0066666667E+01  9.65287E-05  1.01639E+01
  4.0066666667E+01  4.0070833333E+01  8.88156E-05  1.11520E+01
  4.0070833333E+01  4.0075000000E+01  7.10708E-05  1.18803E+01
  4.0075000000E+01  4.0079166667E+01  5.85543E-05  1.35334E+01
  4.0079166667E+01  4.0083333333E+01  4.80000E-05  1.47194E+01
  4.0083333333E+01  4.0087500000E+01  3.40583E-05  1.68471E+01
  4.0087500000E+01  4.0091666667E+01  3.32599E-05  1.86776E+01
  4.0091666667E+01  4.0095833333E+01  2.67907E-05  1.95974E+01
  4.0095833333E+01  4.0100000000E+01  2.44627E-05  1.99974E+01
  4.0100000000E+01  4.0104166667E+01  2.41741E-05  2.26742E+01
  4.0104166667E+01  4.0108333333E+01  1.76617E-05  2.34570E+01
  4.0108333333E+01  4.0112500000E+01  1.55847E-05  2.70706E+01
  4.0112500000E+01  4.0116666667E+01  1.30009E-05  2.97273E+01
  4.0116666667E+01  4.0120833333E+01  1.12996E-05  2.96395E+01
  4.0120833333E+01  4.0125000000E+01  1.16558E-05  3.10942E+01
  4.0125000000E+01  4.0129166667E+01  9.69052E-06  3.53188E+01
  4.0129166667E+01  4.0133333333E+01  6.19662E-06  4.27276E+01
  4.0133333333E+01  4.0137500000E+01  5.97276E-06  5.16539E+01
  4.0137500000E+01  4.0141666667E+01  2.10214E-06  5.42065E+01
  4.0141666667E+01  4.0145833333E+01  2.22728E-06  5.78516E+01
  4.0145833333E+01  4.0150000000E+01  2.65338E-06  5.79047E+01
  4.0150000000E+01  4.0154166667E+01  3.52783E-06  5.82309E+01
  4.0154166667E+01  4.0158333333E+01  4.67301E-06  5.85538E+01
  4.0158333333E+01  4.0162500000E+01  1.21456E-06  1.00000E+02
  4.0162500000E+01  4.0166666667E+01  1.76377E-13  1.00000E+02
  4.0166666667E+01  4.0170833333E+01  0.00000E+00  0.00000E+00
  4.0170833333E+01  4.0175000000E+01  0.00000E+00  0.00000E+00
  4.0175000000E+01  4.0179166667E+01  0.00000E+00  0.00000E+00
  4.0179166667E+01  4.0183333333E+01  0.00000E+00  0.00000E+00
  4.0183333333E+01  4.0187500000E+01  0.00000E+00  0.00000E+00
  4.0187500000E+01  4.0191666667E+01  0.00000E+00  0.00000E+00
  4.0191666667E+01  4.0195833333E+01  0.00000E+00  0.00000E+00
  4.0195833333E+01  4.0200000000E+01  0.00000E+00  0.00000E+00
  4.0200000000E+01  4.0204166667E+01  0.00000E+00  0.00000E+00
  4.0204166667E+01  4.0208333333E+01  0.00000E+00  0.00000E+00
  4.0208333333E+01  4.0212500000E+01  0.00000E+00  0.00000E+00
  4.0212500000E+01  4.0216666667E+01  0.00000E+00  0.00000E+00
  4.0216666667E+01  4.0220833333E+01  0.00000E+00  0.00000E+00
  4.0220833333E+01  4.0225000000E+01  0.00000E+00  0.00000E+00
  4.0225000000E+01  4.0229166667E+01  0.00000E+00  0.00000E+00
  4.0229166667E+01  4.0233333333E+01  0.00000E+00  0.00000E+00
  4.0233333333E+01  4.0237500000E+01  0.00000E+00  0.00000E+00
  4.0237500000E+01  4.0241666667E+01  0.00000E+00  0.00000E+00
  4.0241666667E+01  4.0245833333E+01  0.00000E+00  0.00000E+00
  4.0245833333E+01  4.0250000000E+01  0.00000E+00  0.00000E+00
  4.0250000000E+01  4.0254166667E+01  0.00000E+00  0.00000E+00
  4.0254166667E+01  4.0258333333E+01  0.00000E+00  0.00000E+00
  4.0258333333E+01  4.0262500000E+01  0.00000E+00  0.00000E+00
  4.0262500000E+01  4.0266666667E+01  0.00000E+00  0.00000E+00
  4.0266666667E+01  4.0270833333E+01  0.00000E+00  0.00000E+00
  4.0270833333E+01  4.0275000000E+01  0.00000E+00  0.00000E+00
  4.0275000000E+01  4.0279166667E+01  0.00000E+00  0.00000E+00
  4.0279166667E+01  4.0283333333E+01  0.00000E+00  0.00000E+00
  4.0283333333E+01  4.0287500000E+01  0.00000E+00  0.00000E+00
  4.0287500000E+01  4.0291666667E+01  0.00000E+00  0.00000E+00
  4.0291666667E+01  4.0295833333E+01  0.00000E+00  0.00000E+00
  4.0295833333E+01  4.0300000000E+01  0.00000E+00  0.00000E+00
  4.0300000000E+01  4.0304166667E+01  0.00000E+00  0.00000E+00
  4.0304166667E+01  4.0308333333E+01  0.00000E+00  0.00000E+00
  4.0308333333E+01  4.0312500000E+01  0.00000E+00  0.00000E+00
  4.0312500000E+01  4.0316666667E+01  0.00000E+00  0.00000E+00
  4.0316666667E+01  4.0320833333E+01  0.00000E+00  0.00000E+00
  4.0320833333E+01  4.0325000000E+01  0.00000E+00  0.00000E+00
  4.0325000000E+01  4.0329166667E+01  0.00000E+00  0.00000E+00
  4.0329166667E+01  4.0333333333E+01  0.00000E+00  0.00000E+00
  4.0333333333E+01  4.0337500000E+01  0.00000E+00  0.00000E+00
  4.0337500000E+01  4.0341666667E+01  0.00000E+00  0.00000E+00
  4.0341666667E+01  4.0345833333E+01  0.00000E+00  0.00000E+00
  4.0345833333E+01  4.0350000000E+01  0.00000E+00  0.00000E+00
  4.0350000000E+01  4.0354166667E+01  0.00000E+00  0.00000E+00
  4.0354166667E+01  4.0358333333E+01  0.00000E+00  0.00000E+00
  4.0358333333E+01  4.0362500000E+01  0.00000E+00  0.00000E+00
  4.0362500000E+01  4.0366666667E+01  0.00000E+00  0.00000E+00
  4.0366666667E+01  4.0370833333E+01  0.00000E+00  0.00000E+00
  4.0370833333E+01  4.0375000000E+01  0.00000E+00  0.00000E+00
  4.0375000000E+01  4.0379166667E+01  0.00000E+00  0.00000E+00
  4.0379166667E+01  4.0383333333E+01  0.00000E+00  0.00000E+00
  4.0383333333E+01  4.0387500000E+01  0.00000E+00  0.00000E+00
  4.0387500000E+01  4.0391666667E+01  1.01937E-09  1.00000E+02
  4.0391666667E+01  4.0395833333E+01  0.00000E+00  0.00000E+00
  4.0395833333E+01  4.0400000000E+01  0.00000E+00  0.00000E+00
  4.0400000000E+01  4.0404166667E+01  0.00000E+00  0.00000E+00
  4.0404166667E+01  4.0408333333E+01  0.00000E+00  0.00000E+00
  4.0408333333E+01  4.0412500000E+01  0.00000E+00  0.00000E+00
  4.0412500000E+01  4.0416666667E+01  0.00000E+00  0.00000E+00
  4.0416666667E+01  4.0420833333E+01  0.00000E+00  0.00000E+00
  4.0420833333E+01  4.0425000000E+01  0.00000E+00  0.00000E+00
  4.0425000000E+01  4.0429166667E+01  5.63194E-11  1.00000E+02
  4.0429166667E+01  4.0433333333E+01  0.00000E+00  0.00000E+00
  4.0433333333E+01  4.0437500000E+01  2.28830E-07  9.99888E+01
  4.0437500000E+01  4.0441666667E+01  0.00000E+00  0.00000E+00
  4.0441666667E+01  4.0445833333E+01  0.00000E+00  0.00000E+00
  4.0445833333E+01  4.0450000000E+01  0.00000E+00  0.00000E+00
  4.0450000000E+01  4.0454166667E+01  0.00000E+00  0.00000E+00
  4.0454166667E+01  4.0458333333E+01  0.00000E+00  0.00000E+00
  4.0458333333E+01  4.0462500000E+01  0.00000E+00  0.00000E+00
  4.0462500000E+01  4.0466666667E+01  0.00000E+00  0.00000E+00
  4.0466666667E+01  4.0470833333E+01  0.00000E+00  0.00000E+00
  4.0470833333E+01  4.0475000000E+01  0.00000E+00  0.00000E+00
  4.0475000000E+01  4.0479166667E+01  0.00000E+00  0.00000E+00
  4.0479166667E+01  4.0483333333E+01  0.00000E+00  0.00000E+00
  4.0483333333E+01  4.0487500000E+01  0.00000E+00  0.00000E+00
  4.0487500000E+01  4.0491666667E+01  0.00000E+00  0.00000E+00
  4.0491666667E+01  4.0495833333E+01  0.00000E+00  0.00000E+00
  4.0495833333E+01  4.0500000000E+01  0.00000E+00  0.00000E+00
  4.0500000000E+01  4.0504166667E+01  2.80212E-14  1.00000E+02
  4.0504166667E+01  4.0508333333E+01  0.00000E+00  0.00000E+00
  4.0508333333E+01  4.0512500000E+01  0.00000E+00  0.00000E+00
  4.0512500000E+01  4.0516666667E+01  0.00000E+00  0.00000E+00
  4.0516666667E+01  4.0520833333E+01  0.00000E+00  0.00000E+00
  4.0520833333E+01  4.0525000000E+01  4.33124E-07  1.00000E+02
  4.0525000000E+01  4.0529166667E+01  0.00000E+00  0.00000E+00
  4.0529166667E+01  4.0533333333E+01  0.00000E+00  0.00000E+00
  4.0533333333E+01  4.0537500000E+01  0.00000E+00  0.00000E+00
  4.0537500000E+01  4.0541666667E+01  0.00000E+00  0.00000E+00
  4.0541666667E+01  4.0545833333E+01  0.00000E+00  0.00000E+00
  4.0545833333E+01  4.0550000000E+01  0.00000E+00  0.00000E+00
  4.0550000000E+01  4.0554166667E+01  8.27739E-09  1.00000E+02
  4.0554166667E+01  4.0558333333E+01  0.00000E+00  0.00000E+00
  4.0558333333E+01  4.0562500000E+01  0.00000E+00  0.00000E+00
  4.0562500000E+01  4.0566666667E+01  0.00000E+00  0.00000E+00
  4.0566666667E+01  4.0570833333E+01  0.00000E+00  0.00000E+00
  4.0570833333E+01  4.0575000000E+01  0.00000E+00  0.00000E+00
  4.0575000000E+01  4.0579166667E+01  0.00000E+00  0.00000E+00
  4.0579166667E+01  4.0583333333E+01  3.71142E-14  1.00000E+02
  4.0583333333E+01  4.0587500000E+01  0.00000E+00  0.00000E+00
  4.0587500000E+01  4.0591666667E+01  0.00000E+00  0.00000E+00
  4.0591666667E+01  4.0595833333E+01  2.51553E-06  1.00000E+02
  4.0595833333E+01  4.0600000000E+01  0.00000E+00  0.00000E+00
  4.0600000000E+01  4.0604166667E+01  0.00000E+00  0.00000E+00
  4.0604166667E+01  4.0608333333E+01  0.00000E+00  0.00000E+00
  4.0608333333E+01  4.0612500000E+01  0.00000E+00  0.00000E+00
  4.0612500000E+01  4.0616666667E+01  0.00000E+00  0.00000E+00
  4.0616666667E+01  4.0620833333E+01  0.00000E+00  0.00000E+00
  4.0620833333E+01  4.0625000000E+01  1.27558E-05  1.00000E+02
  4.0625000000E+01  4.0629166667E+01  0.00000E+00  0.00000E+00
  4.0629166667E+01  4.0633333333E+01  0.00000E+00  0.00000E+00
  4.0633333333E+01  4.0637500000E+01  0.00000E+00  0.00000E+00
  4.0637500000E+01  4.0641666667E+01  0.00000E+00  0.00000E+00
  4.0641666667E+01  4.0645833333E+01  0.00000E+00  0.00000E+00
  4.0645833333E+01  4.0650000000E+01  0.00000E+00  0.00000E+00
  4.0650000000E+01  4.0654166667E+01  0.00000E+00  0.00000E+00
  4.0654166667E+01  4.0658333333E+01  0.00000E+00  0.00000E+00
  4.0658333333E+01  4.0662500000E+01  0.00000E+00  0.00000E+00
  4.0662500000E+01  4.0666666667E+01  0.00000E+00  0.00000E+00
  4.0666666667E+01  4.0670833333E+01  0.00000E+00  0.00000E+00
  4.0670833333E+01  4.0675000000E+01  1.84951E-10  1.00000E+02
  4.0675000000E+01  4.0679166667E+01  0.00000E+00  0.00000E+00
  4.0679166667E+01  4.0683333333E+01  0.00000E+00  0.00000E+00
  4.0683333333E+01  4.0687500000E+01  0.00000E+00  0.00000E+00
  4.0687500000E+01  4.0691666667E+01  3.84428E-09  1.00000E+02
  4.0691666667E+01  4.0695833333E+01  0.00000E+00  0.00000E+00
  4.0695833333E+01  4.0700000000E+01  0.00000E+00  0.00000E+00
  4.0700000000E+01  4.0704166667E+01  0.00000E+00  0.00000E+00
  4.0704166667E+01  4.0708333333E+01  0.00000E+00  0.00000E+00
  4.0708333333E+01  4.0712500000E+01  0.00000E+00  0.00000E+00
  4.0712500000E+01  4.0716666667E+01  0.00000E+00  0.00000E+00
  4.0716666667E+01  4.0720833333E+01  0.00000E+00  0.00000E+00
  4.0720833333E+01  4.0725000000E+01  0.00000E+00  0.00000E+00
  4.0725000000E+01  4.0729166667E+01  0.00000E+00  0.00000E+00
  4.0729166667E+01  4.0733333333E+01  0.00000E+00  0.00000E+00
  4.0733333333E+01  4.0737500000E+01  0.00000E+00  0.00000E+00
  4.0737500000E+01  4.0741666667E+01  0.00000E+00  0.00000E+00
  4.0741666667E+01  4.0745833333E+01  0.00000E+00  0.00000E+00
  4.0745833333E+01  4.0750000000E+01  0.00000E+00  0.00000E+00
  4.0750000000E+01  4.0754166667E+01  0.00000E+00  0.00000E+00
  4.0754166667E+01  4.0758333333E+01  0.00000E+00  0.00000E+00
  4.0758333333E+01  4.0762500000E+01  0.00000E+00  0.00000E+00
  4.0762500000E+01  4.0766666667E+01  0.00000E+00  0.00000E+00
  4.0766666667E+01  4.0770833333E+01  0.00000E+00  0.00000E+00
  4.0770833333E+01  4.0775000000E+01  0.00000E+00  0.00000E+00
  4.0775000000E+01  4.0779166667E+01  8.00435E-07  7.20966E+01
  4.0779166667E+01  4.0783333333E+01  0.00000E+00  0.00000E+00
  4.0783333333E+01  4.0787500000E+01  2.97684E-07  1.00000E+02
  4.0787500000E+01  4.0791666667E+01  2.82792E-06  1.00000E+02
  4.0791666667E+01  4.0795833333E+01  1.08950E-06  1.00000E+02
  4.0795833333E+01  4.0800000000E+01  0.00000E+00  0.00000E+00
  4.0800000000E+01  4.0804166667E+01  0.00000E+00  0.00000E+00
  4.0804166667E+01  4.0808333333E+01  0.00000E+00  0.00000E+00
  4.0808333333E+01  4.0812500000E+01  0.00000E+00  0.00000E+00
  4.0812500000E+01  4.0816666667E+01  0.00000E+00  0.00000E+00
  4.0816666667E+01  4.0820833333E+01  0.00000E+00  0.00000E+00
  4.0820833333E+01  4.0825000000E+01  0.00000E+00  0.00000E+00
  4.0825000000E+01  4.0829166667E+01  0.00000E+00  0.00000E+00
  4.0829166667E+01  4.0833333333E+01  0.00000E+00  0.00000E+00
  4.0833333333E+01  4.0837500000E+01  0.00000E+00  0.00000E+00
  4.0837500000E+01  4.0841666667E+01  0.00000E+00  0.00000E+00
  4.0841666667E+01  4.0845833333E+01  0.00000E+00  0.00000E+00
  4.0845833333E+01  4.0850000000E+01  0.00000E+00  0.00000E+00
  4.0850000000E+01  4.0854166667E+01  0.00000E+00  0.00000E+00
  4.0854166667E+01  4.0858333333E+01  0.00000E+00  0.00000E+00
  4.0858333333E+01  4.0862500000E+01  2.82792E-08  9.77093E+01
  4.0862500000E+01  4.0866666667E+01  3.35448E-11  1.00000E+02
  4.0866666667E+01  4.0870833333E+01  0.00000E+00  0.00000E+00
  4.0870833333E+01  4.0875000000E+01  0.00000E+00  0.00000E+00
  4.0875000000E+01  4.0879166667E+01  7.66878E-10  1.00000E+02
  4.0879166667E+01  4.0883333333E+01  0.00000E+00  0.00000E+00
  4.0883333333E+01  4.0887500000E+01  0.00000E+00  0.00000E+00
  4.0887500000E+01  4.0891666667E+01  0.00000E+00  0.00000E+00
  4.0891666667E+01  4.0895833333E+01  0.00000E+00  0.00000E+00
  4.0895833333E+01  4.0900000000E+01  0.00000E+00  0.00000E+00
  4.0900000000E+01  4.0904166667E+01  0.00000E+00  0.00000E+00
  4.0904166667E+01  4.0908333333E+01  0.00000E+00  0.00000E+00
  4.0908333333E+01  4.0912500000E+01  0.00000E+00  0.00000E+00
  4.0912500000E+01  4.0916666667E+01  0.00000E+00  0.00000E+00
  4.0916666667E+01  4.0920833333E+01  0.00000E+00  0.00000E+00
  4.0920833333E+01  4.0925000000E+01  0.00000E+00  0.00000E+00
  4.0925000000E+01  4.0929166667E+01  0.00000E+00  0.00000E+00
  4.0929166667E+01  4.0933333333E+01  0.00000E+00  0.00000E+00
  4.0933333333E+01  4.0937500000E+01  0.00000E+00  0.00000E+00
  4.0937500000E+01  4.0941666667E+01  0.00000E+00  0.00000E+00
  4.0941666667E+01  4.0945833333E+01  0.00000E+00  0.00000E+00
  4.0945833333E+01  4.0950000000E+01  0.00000E+00  0.00000E+00
  4.0950000000E+01  4.0954166667E+01  0.00000E+00  0.00000E+00
  4.0954166667E+01  4.0958333333E+01  0.00000E+00  0.00000E+00
  4.0958333333E+01  4.0962500000E+01  0.00000E+00  0.00000E+00
  4.0962500000E+01  4.0966666667E+01  0.00000E+00  0.00000E+00
  4.0966666667E+01  4.0970833333E+01  0.00000E+00  0.00000E+00
  4.0970833333E+01  4.0975000000E+01  0.00000E+00  0.00000E+00
  4.0975000000E+01  4.0979166667E+01  0.00000E+00  0.00000E+00
  4.0979166667E+01  4.0983333333E+01  0.00000E+00  0.00000E+00
  4.0983333333E+01  4.0987500000E+01  0.00000E+00  0.00000E+00
  4.0987500000E+01  4.0991666667E+01  0.00000E+00  0.00000E+00
  4.0991666667E+01  4.0995833333E+01  0.00000E+00  0.00000E+00
  4.0995833333E+01  4.1000000000E+01  0.00000E+00  0.00000E+00
  4.1000000000E+01  4.1004166667E+01  0.00000E+00  0.00000E+00
  4.1004166667E+01  4.1008333333E+01  0.00000E+00  0.00000E+00
  4.1008333333E+01  4.1012500000E+01  0.00000E+00  0.00000E+00
  4.1012500000E+01  4.1016666667E+01  0.00000E+00  0.00000E+00
  4.1016666667E+01  4.1020833333E+01  0.00000E+00  0.00000E+00
  4.1020833333E+01  4.1025000000E+01  0.00000E+00  0.00000E+00
  4.1025000000E+01  4.1029166667E+01  0.00000E+00  0.00000E+00
  4.1029166667E+01  4.1033333333E+01  0.00000E+00  0.00000E+00
  4.1033333333E+01  4.1037500000E+01  0.00000E+00  0.00000E+00
  4.1037500000E+01  4.1041666667E+01  0.00000E+00  0.00000E+00
  4.1041666667E+01  4.1045833333E+01  5.78783E-14  1.00000E+02
  4.1045833333E+01  4.1050000000E+01  1.99446E-14  1.00000E+02
  4.1050000000E+01  4.1054166667E+01  0.00000E+00  0.00000E+00
  4.1054166667E+01  4.1058333333E+01  0.00000E+00  0.00000E+00
  4.1058333333E+01  4.1062500000E+01  0.00000E+00  0.00000E+00
  4.1062500000E+01  4.1066666667E+01  0.00000E+00  0.00000E+00
  4.1066666667E+01  4.1070833333E+01  0.00000E+00  0.00000E+00
  4.1070833333E+01  4.1075000000E+01  0.00000E+00  0.00000E+00
  4.1075000000E+01  4.1079166667E+01  0.00000E+00  0.00000E+00
  4.1079166667E+01  4.1083333333E+01  0.00000E+00  0.00000E+00
  4.1083333333E+01  4.1087500000E+01  0.00000E+00  0.00000E+00
  4.1087500000E+01  4.1091666667E+01  0.00000E+00  0.00000E+00
  4.1091666667E+01  4.1095833333E+01  0.00000E+00  0.00000E+00
  4.1095833333E+01  4.1100000000E+01  0.00000E+00  0.00000E+00
  4.1100000000E+01  4.1104166667E+01  0.00000E+00  0.00000E+00
  4.1104166667E+01  4.1108333333E+01  0.00000E+00  0.00000E+00
  4.1108333333E+01  4.1112500000E+01  0.00000E+00  0.00000E+00
  4.1112500000E+01  4.1116666667E+01  0.00000E+00  0.00000E+00
  4.1116666667E+01  4.1120833333E+01  0.00000E+00  0.00000E+00
  4.1120833333E+01  4.1125000000E+01  0.00000E+00  0.00000E+00
  4.1125000000E+01  4.1129166667E+01  0.00000E+00  0.00000E+00
  4.1129166667E+01  4.1133333333E+01  1.99446E-14  1.00000E+02
  4.1133333333E+01  4.1137500000E+01  0.00000E+00  0.00000E+00
  4.1137500000E+01  4.1141666667E+01  0.00000E+00  0.00000E+00
  4.1141666667E+01  4.1145833333E+01  0.00000E+00  0.00000E+00
  4.1145833333E+01  4.1150000000E+01  0.00000E+00  0.00000E+00
  4.1150000000E+01  4.1154166667E+01  2.08657E-08  1.00000E+02
  4.1154166667E+01  4.1158333333E+01  0.00000E+00  0.00000E+00
  4.1158333333E+01  4.1162500000E+01  2.80212E-14  1.00000E+02
  4.1162500000E+01  4.1166666667E+01  0.00000E+00  0.00000E+00
  4.1166666667E+01  4.1170833333E+01  0.00000E+00  0.00000E+00
  4.1170833333E+01  4.1175000000E+01  0.00000E+00  0.00000E+00
  4.1175000000E+01  4.1179166667E+01  0.00000E+00  0.00000E+00
  4.1179166667E+01  4.1183333333E+01  0.00000E+00  0.00000E+00
  4.1183333333E+01  4.1187500000E+01  0.00000E+00  0.00000E+00
  4.1187500000E+01  4.1191666667E+01  0.00000E+00  0.00000E+00
  4.1191666667E+01  4.1195833333E+01  0.00000E+00  0.00000E+00
  4.1195833333E+01  4.1200000000E+01  0.00000E+00  0.00000E+00
  4.1200000000E+01  4.1204166667E+01  0.00000E+00  0.00000E+00
  4.1204166667E+01  4.1208333333E+01  0.00000E+00  0.00000E+00
  4.1208333333E+01  4.1212500000E+01  0.00000E+00  0.00000E+00
  4.1212500000E+01  4.1216666667E+01  0.00000E+00  0.00000E+00
  4.1216666667E+01  4.1220833333E+01  0.00000E+00  0.00000E+00
  4.1220833333E+01  4.1225000000E+01  0.00000E+00  0.00000E+00
  4.1225000000E+01  4.1229166667E+01  0.00000E+00  0.00000E+00
  4.1229166667E+01  4.1233333333E+01  5.78758E-11  1.00000E+02
  4.1233333333E+01  4.1237500000E+01  0.00000E+00  0.00000E+00
  4.1237500000E+01  4.1241666667E+01  0.00000E+00  0.00000E+00
  4.1241666667E+01  4.1245833333E+01  0.00000E+00  0.00000E+00
  4.1245833333E+01  4.1250000000E+01  4.99184E-14  7.17318E+01
  4.1250000000E+01  4.1254166667E+01  0.00000E+00  0.00000E+00
  4.1254166667E+01  4.1258333333E+01  0.00000E+00  0.00000E+00
  4.1258333333E+01  4.1262500000E+01  0.00000E+00  0.00000E+00
  4.1262500000E+01  4.1266666667E+01  0.00000E+00  0.00000E+00
  4.1266666667E+01  4.1270833333E+01  0.00000E+00  0.00000E+00
  4.1270833333E+01  4.1275000000E+01  0.00000E+00  0.00000E+00
  4.1275000000E+01  4.1279166667E+01  0.00000E+00  0.00000E+00
  4.1279166667E+01  4.1283333333E+01  0.00000E+00  0.00000E+00
  4.1283333333E+01  4.1287500000E+01  0.00000E+00  0.00000E+00
  4.1287500000E+01  4.1291666667E+01  0.00000E+00  0.00000E+00
  4.1291666667E+01  4.1295833333E+01  0.00000E+00  0.00000E+00
  4.1295833333E+01  4.1300000000E+01  0.00000E+00  0.00000E+00
  4.1300000000E+01  4.1304166667E+01  0.00000E+00  0.00000E+00
  4.1304166667E+01  4.1308333333E+01  0.00000E+00  0.00000E+00
  4.1308333333E+01  4.1312500000E+01  0.00000E+00  0.00000E+00
  4.1312500000E+01  4.1316666667E+01  0.00000E+00  0.00000E+00
  4.1316666667E+01  4.1320833333E+01  0.00000E+00  0.00000E+00
  4.1320833333E+01  4.1325000000E+01  0.00000E+00  0.00000E+00
  4.1325000000E+01  4.1329166667E+01  0.00000E+00  0.00000E+00
  4.1329166667E+01  4.1333333333E+01  0.00000E+00  0.00000E+00
  4.1333333333E+01  4.1337500000E+01  0.00000E+00  0.00000E+00
  4.1337500000E+01  4.1341666667E+01  0.00000E+00  0.00000E+00
  4.1341666667E+01  4.1345833333E+01  0.00000E+00  0.00000E+00
  4.1345833333E+01  4.1350000000E+01  0.00000E+00  0.00000E+00
  4.1350000000E+01  4.1354166667E+01  0.00000E+00  0.00000E+00
  4.1354166667E+01  4.1358333333E+01  4.27980E-14  1.00000E+02
  4.1358333333E+01  4.1362500000E+01  0.00000E+00  0.00000E+00
  4.1362500000E+01  4.1366666667E+01  0.00000E+00  0.00000E+00
  4.1366666667E+01  4.1370833333E+01  0.00000E+00  0.00000E+00
  4.1370833333E+01  4.1375000000E+01  0.00000E+00  0.00000E+00
  4.1375000000E+01  4.1379166667E+01  0.00000E+00  0.00000E+00
  4.1379166667E+01  4.1383333333E+01  0.00000E+00  0.00000E+00
  4.1383333333E+01  4.1387500000E+01  0.00000E+00  0.00000E+00
  4.1387500000E+01  4.1391666667E+01  0.00000E+00  0.00000E+00
  4.1391666667E+01  4.1395833333E+01  0.00000E+00  0.00000E+00
  4.1395833333E+01  4.1400000000E+01  0.00000E+00  0.00000E+00
  4.1400000000E+01  4.1404166667E+01  0.00000E+00  0.00000E+00
  4.1404166667E+01  4.1408333333E+01  0.00000E+00  0.00000E+00
  4.1408333333E+01  4.1412500000E+01  0.00000E+00  0.00000E+00
  4.1412500000E+01  4.1416666667E+01  0.00000E+00  0.00000E+00
  4.1416666667E+01  4.1420833333E+01  0.00000E+00  0.00000E+00
  4.1420833333E+01  4.1425000000E+01  0.00000E+00  0.00000E+00
  4.1425000000E+01  4.1429166667E+01  0.00000E+00  0.00000E+00
  4.1429166667E+01  4.1433333333E+01  4.27980E-14  1.00000E+02
  4.1433333333E+01  4.1437500000E+01  0.00000E+00  0.00000E+00
  4.1437500000E+01  4.1441666667E+01  0.00000E+00  0.00000E+00
  4.1441666667E+01  4.1445833333E+01  0.00000E+00  0.00000E+00
  4.1445833333E+01  4.1450000000E+01  0.00000E+00  0.00000E+00
  4.1450000000E+01  4.1454166667E+01  0.00000E+00  0.00000E+00
  4.1454166667E+01  4.1458333333E+01  0.00000E+00  0.00000E+00
  4.1458333333E+01  4.1462500000E+01  0.00000E+00  0.00000E+00
  4.1462500000E+01  4.1466666667E+01  0.00000E+00  0.00000E+00
  4.1466666667E+01  4.1470833333E+01  0.00000E+00  0.00000E+00
  4.1470833333E+01  4.1475000000E+01  0.00000E+00  0.00000E+00
  4.1475000000E+01  4.1479166667E+01  1.08505E-07  1.00000E+02
  4.1479166667E+01  4.1483333333E+01  2.14843E-07  1.00000E+02
  4.1483333333E+01  4.1487500000E+01  2.14843E-07  1.00000E+02
  4.1487500000E+01  4.1491666667E+01  2.14843E-07  1.00000E+02
  4.1491666667E+01  4.1495833333E+01  2.14843E-07  1.00000E+02
  4.1495833333E+01  4.1500000000E+01  2.14843E-07  1.00000E+02
  4.1500000000E+01  4.1500000000E+01  2.14843E-07  1.00000E+02