# Detector n: 1D Projection
  3.6500000000E+01  3.6504166667E+01  2.95762E-03  6.51577E-01
  3.6504166667E+01  3.6508333333E+01  2.96098E-03  6.09159E-01
  3.6508333333E+01  3.6512500000E+01  2.94271E-03  5.12937E-01
  3.6512500000E+01  3.6516666667E+01  2.94695E-03  5.26618E-01
  3.6516666667E+01  3.6520833333E+01  2.97959E-03  9.33983E-01
  3.6520833333E+01  3.6525000000E+01  2.98717E-03  9.02429E-01
  3.6525000000E+01  3.6529166667E+01  3.00576E-03  9.24587E-01
  3.6529166667E+01  3.6533333333E+01  3.00305E-03  9.57349E-01
  3.6533333333E+01  3.6537500000E+01  2.98590E-03  7.97218E-01
  3.6537500000E+01  3.6541666667E+01  3.03637E-03  1.26959E+00
  3.6541666667E+01  3.6545833333E+01  3.00282E-03  9.68213E-01
  3.6545833333E+01  3.6550000000E+01  3.03003E-03  2.18958E+00
  3.6550000000E+01  3.6554166667E+01  2.96516E-03  7.65262E-01
  3.6554166667E+01  3.6558333333E+01  2.97670E-03  9.17832E-01
  3.6558333333E+01  3.6562500000E+01  2.99316E-03  9.20210E-01
  3.6562500000E+01  3.6566666667E+01  3.04778E-03  1.27616E+00
  3.6566666667E+01  3.6570833333E+01  3.04947E-03  1.33491E+00
  3.6570833333E+01  3.6575000000E+01  3.03311E-03  9.73472E-01
  3.6575000000E+01  3.6579166667E+01  3.05448E-03  8.65563E-01
  3.6579166667E+01  3.6583333333E+01  3.06708E-03  9.61694E-01
  3.6583333333E+01  3.6587500000E+01  3.02391E-03  6.48094E-01
  3.6587500000E+01  3.6591666667E+01  3.06921E-03  9.65216E-01
  3.6591666667E+01  3.6595833333E+01  3.04666E-03  8.50988E-01
  3.6595833333E+01  3.6600000000E+01  3.04160E-03  8.66227E-01
  3.6600000000E+01  3.6604166667E+01  3.02142E-03  8.28286E-01
  3.6604166667E+01  3.6608333333E+01  3.03741E-03  8.05064E-01
  3.6608333333E+01  3.6612500000E+01  3.04345E-03  7.77924E-01
  3.6612500000E+01  3.6616666667E+01  3.01794E-03  6.29283E-01
  3.6616666667E+01  3.6620833333E+01  2.99427E-03  5.19005E-01
  3.6620833333E+01  3.6625000000E+01  3.01734E-03  6.27181E-01
  3.6625000000E+01  3.6629166667E+01  3.02727E-03  7.00589E-01
  3.6629166667E+01  3.6633333333E+01  3.00593E-03  5.37341E-01
  3.6633333333E+01  3.6637500000E+01  3.02397E-03  6.73126E-01
  3.6637500000E+01  3.6641666667E+01  3.08450E-03  1.25650E+00
  3.6641666667E+01  3.6645833333E+01  3.06196E-03  1.14041E+00
  3.6645833333E+01  3.6650000000E+01  3.09576E-03  1.41667E+00
  3.6650000000E+01  3.6654166667E+01  3.06642E-03  8.50092E-01
  3.6654166667E+01  3.6658333333E+01  3.08217E-03  1.18823E+00
  3.6658333333E+01  3.6662500000E+01  3.06710E-03  9.27218E-01
  3.6662500000E+01  3.6666666667E+01  3.09430E-03  1.36506E+00
  3.6666666667E+01  3.6670833333E+01  3.02022E-03  6.58862E-01
  3.6670833333E+01  3.6675000000E+01  3.06542E-03  1.16517E+00
  3.6675000000E+01  3.6679166667E+01  3.06840E-03  1.17178E+00
  3.6679166667E+01  3.6683333333E+01  3.06992E-03  1.11850E+00
  3.6683333333E+01  3.6687500000E+01  3.04690E-03  1.04041E+00
  3.6687500000E+01  3.6691666667E+01  3.06143E-03  1.15491E+00
  3.6691666667E+01  3.6695833333E+01  3.03605E-03  7.98527E-01
  3.6695833333E+01  3.6700000000E+01  3.05819E-03  1.32631E+00
  3.6700000000E+01  3.6704166667E+01  3.04546E-03  8.66512E-01
  3.6704166667E+01  3.6708333333E+01  3.04803E-03  7.17231E-01
  3.6708333333E+01  3.6712500000E+01  3.04035E-03  7.10853E-01
  3.6712500000E+01  3.6716666667E+01  3.12507E-03  1.49052E+00
  3.6716666667E+01  3.6720833333E+01  3.12166E-03  1.15175E+00
  3.6720833333E+01  3.6725000000E+01  3.14886E-03  1.35850E+00
  3.6725000000E+01  3.6729166667E+01  3.07130E-03  5.73743E-01
  3.6729166667E+01  3.6733333333E+01  3.11171E-03  1.10295E+00
  3.6733333333E+01  3.6737500000E+01  3.10636E-03  8.23862E-01
  3.6737500000E+01  3.6741666667E+01  3.11087E-03  9.87069E-01
  3.6741666667E+01  3.6745833333E+01  3.13642E-03  1.15157E+00
  3.6745833333E+01  3.6750000000E+01  3.11791E-03  9.98424E-01
  3.6750000000E+01  3.6754166667E+01  3.09187E-03  7.26214E-01
  3.6754166667E+01  3.6758333333E+01  3.09782E-03  8.21135E-01
  3.6758333333E+01  3.6762500000E+01  3.09868E-03  7.29372E-01
  3.6762500000E+01  3.6766666667E+01  3.08333E-03  9.29527E-01
  3.6766666667E+01  3.6770833333E+01  3.10304E-03  8.36816E-01
  3.6770833333E+01  3.6775000000E+01  3.11884E-03  1.11550E+00
  3.6775000000E+01  3.6779166667E+01  3.07600E-03  6.41798E-01
  3.6779166667E+01  3.6783333333E+01  3.08313E-03  7.07345E-01
  3.6783333333E+01  3.6787500000E+01  3.06982E-03  5.26147E-01
  3.6787500000E+01  3.6791666667E+01  3.11660E-03  1.02394E+00
  3.6791666667E+01  3.6795833333E+01  3.14643E-03  1.11764E+00
  3.6795833333E+01  3.6800000000E+01  3.13481E-03  9.27403E-01
  3.6800000000E+01  3.6804166667E+01  3.11405E-03  1.05927E+00
  3.6804166667E+01  3.6808333333E+01  3.09000E-03  6.66537E-01
  3.6808333333E+01  3.6812500000E+01  3.11144E-03  8.57972E-01
  3.6812500000E+01  3.6816666667E+01  3.12450E-03  1.11934E+00
  3.6816666667E+01  3.6820833333E+01  3.08166E-03  6.05739E-01
  3.6820833333E+01  3.6825000000E+01  3.10308E-03  7.27802E-01
  3.6825000000E+01  3.6829166667E+01  3.08520E-03  5.55146E-01
  3.6829166667E+01  3.6833333333E+01  3.08991E-03  6.55717E-01
  3.6833333333E+01  3.6837500000E+01  3.10455E-03  1.14317E+00
  3.6837500000E+01  3.6841666667E+01  3.07320E-03  5.16790E-01
  3.6841666667E+01  3.6845833333E+01  3.11765E-03  8.12535E-01
  3.6845833333E+01  3.6850000000E+01  3.09934E-03  6.96424E-01
  3.6850000000E+01  3.6854166667E+01  3.11744E-03  8.59185E-01
  3.6854166667E+01  3.6858333333E+01  3.11515E-03  7.19143E-01
  3.6858333333E+01  3.6862500000E+01  3.13325E-03  8.11250E-01
  3.6862500000E+01  3.6866666667E+01  3.11537E-03  7.05950E-01
  3.6866666667E+01  3.6870833333E+01  3.13123E-03  1.05733E+00
  3.6870833333E+01  3.6875000000E+01  3.10481E-03  6.88583E-01
  3.6875000000E+01  3.6879166667E+01  3.12143E-03  8.69558E-01
  3.6879166667E+01  3.6883333333E+01  3.13564E-03  8.21775E-01
  3.6883333333E+01  3.6887500000E+01  3.13297E-03  8.19930E-01
  3.6887500000E+01  3.6891666667E+01  3.17269E-03  1.22753E+00
  3.6891666667E+01  3.6895833333E+01  3.15329E-03  9.18825E-01
  3.6895833333E+01  3.6900000000E+01  3.16628E-03  1.12686E+00
  3.6900000000E+01  3.6904166667E+01  3.15836E-03  1.15239E+00
  3.6904166667E+01  3.6908333333E+01  3.10701E-03  6.00411E-01
  3.6908333333E+01  3.6912500000E+01  3.21664E-03  1.62917E+00
  3.6912500000E+01  3.6916666667E+01  3.14755E-03  7.94360E-01
  3.6916666667E+01  3.6920833333E+01  3.13237E-03  7.57023E-01
  3.6920833333E+01  3.6925000000E+01  3.13113E-03  9.07237E-01
  3.6925000000E+01  3.6929166667E+01  3.12764E-03  7.59027E-01
  3.6929166667E+01  3.6933333333E+01  3.12678E-03  7.54338E-01
  3.6933333333E+01  3.6937500000E+01  3.15055E-03  9.68280E-01
  3.6937500000E+01  3.6941666667E+01  3.12413E-03  8.04671E-01
  3.6941666667E+01  3.6945833333E+01  3.11534E-03  6.62149E-01
  3.6945833333E+01  3.6950000000E+01  3.10635E-03  5.90677E-01
  3.6950000000E+01  3.6954166667E+01  3.15719E-03  9.81487E-01
  3.6954166667E+01  3.6958333333E+01  3.12166E-03  6.69996E-01
  3.6958333333E+01  3.6962500000E+01  3.16993E-03  1.12269E+00
  3.6962500000E+01  3.6966666667E+01  3.24975E-03  1.80233E+00
  3.6966666667E+01  3.6970833333E+01  3.13906E-03  6.16713E-01
  3.6970833333E+01  3.6975000000E+01  3.15407E-03  8.62444E-01
  3.6975000000E+01  3.6979166667E+01  3.18059E-03  9.72544E-01
  3.6979166667E+01  3.6983333333E+01  3.17055E-03  8.21890E-01
  3.6983333333E+01  3.6987500000E+01  3.16513E-03  6.05642E-01
  3.6987500000E+01  3.6991666667E+01  3.24298E-03  1.14966E+00
  3.6991666667E+01  3.6995833333E+01  3.21333E-03  9.14104E-01
  3.6995833333E+01  3.7000000000E+01  3.20324E-03  6.95972E-01
  3.7000000000E+01  3.7004166667E+01  3.20529E-03  7.85352E-01
  3.7004166667E+01  3.7008333333E+01  3.22773E-03  9.87045E-01
  3.7008333333E+01  3.7012500000E+01  3.20645E-03  9.24405E-01
  3.7012500000E+01  3.7016666667E+01  3.19632E-03  6.79801E-01
  3.7016666667E+01  3.7020833333E+01  3.19310E-03  6.40725E-01
  3.7020833333E+01  3.7025000000E+01  3.22190E-03  1.01053E+00
  3.7025000000E+01  3.7029166667E+01  3.24712E-03  1.00951E+00
  3.7029166667E+01  3.7033333333E+01  3.29109E-03  1.35491E+00
  3.7033333333E+01  3.7037500000E+01  3.29562E-03  1.35632E+00
  3.7037500000E+01  3.7041666667E+01  3.31042E-03  1.26997E+00
  3.7041666667E+01  3.7045833333E+01  3.27282E-03  1.32062E+00
  3.7045833333E+01  3.7050000000E+01  3.21842E-03  7.23381E-01
  3.7050000000E+01  3.7054166667E+01  3.24870E-03  1.15038E+00
  3.7054166667E+01  3.7058333333E+01  3.19466E-03  7.16407E-01
  3.7058333333E+01  3.7062500000E+01  3.22025E-03  9.82994E-01
  3.7062500000E+01  3.7066666667E+01  3.18213E-03  5.53300E-01
  3.7066666667E+01  3.7070833333E+01  3.21978E-03  7.88802E-01
  3.7070833333E+01  3.7075000000E+01  3.22121E-03  7.34965E-01
  3.7075000000E+01  3.7079166667E+01  3.23686E-03  9.40111E-01
  3.7079166667E+01  3.7083333333E+01  3.19928E-03  5.72650E-01
  3.7083333333E+01  3.7087500000E+01  3.21941E-03  7.64875E-01
  3.7087500000E+01  3.7091666667E+01  3.23341E-03  9.29224E-01
  3.7091666667E+01  3.7095833333E+01  3.24613E-03  9.72508E-01
  3.7095833333E+01  3.7100000000E+01  3.30757E-03  1.56551E+00
  3.7100000000E+01  3.7104166667E+01  3.23160E-03  6.36266E-01
  3.7104166667E+01  3.7108333333E+01  3.23476E-03  7.51712E-01
  3.7108333333E+01  3.7112500000E+01  3.25345E-03  8.98539E-01
  3.7112500000E+01  3.7116666667E+01  3.20540E-03  5.87298E-01
  3.7116666667E+01  3.7120833333E+01  3.22113E-03  6.59076E-01
  3.7120833333E+01  3.7125000000E+01  3.22325E-03  9.88599E-01
  3.7125000000E+01  3.7129166667E+01  3.21166E-03  6.49704E-01
  3.7129166667E+01  3.7133333333E+01  3.22564E-03  7.37394E-01
  3.7133333333E+01  3.7137500000E+01  3.24913E-03  9.75598E-01
  3.7137500000E+01  3.7141666667E+01  3.29996E-03  1.36735E+00
  3.7141666667E+01  3.7145833333E+01  3.26380E-03  1.00390E+00
  3.7145833333E+01  3.7150000000E+01  3.26113E-03  9.72074E-01
  3.7150000000E+01  3.7154166667E+01  3.28293E-03  1.04848E+00
  3.7154166667E+01  3.7158333333E+01  3.23959E-03  6.82754E-01
  3.7158333333E+01  3.7162500000E+01  3.27010E-03  9.00244E-01
  3.7162500000E+01  3.7166666667E+01  3.23688E-03  7.48122E-01
  3.7166666667E+01  3.7170833333E+01  3.26336E-03  1.17309E+00
  3.7170833333E+01  3.7175000000E+01  3.23678E-03  7.66737E-01
  3.7175000000E+01  3.7179166667E+01  3.27381E-03  1.13121E+00
  3.7179166667E+01  3.7183333333E+01  3.25917E-03  8.19727E-01
  3.7183333333E+01  3.7187500000E+01  3.24572E-03  8.05934E-01
  3.7187500000E+01  3.7191666667E+01  3.23074E-03  7.12368E-01
  3.7191666667E+01  3.7195833333E+01  3.25396E-03  8.51626E-01
  3.7195833333E+01  3.7200000000E+01  3.25054E-03  7.03757E-01
  3.7200000000E+01  3.7204166667E+01  3.24382E-03  7.53256E-01
  3.7204166667E+01  3.7208333333E+01  3.23246E-03  6.47361E-01
  3.7208333333E+01  3.7212500000E+01  3.23479E-03  6.12153E-01
  3.7212500000E+01  3.7216666667E+01  3.25224E-03  7.49347E-01
  3.7216666667E+01  3.7220833333E+01  3.26635E-03  9.15811E-01
  3.7220833333E+01  3.7225000000E+01  3.23786E-03  6.25512E-01
  3.7225000000E+01  3.7229166667E+01  3.29707E-03  1.15221E+00
  3.7229166667E+01  3.7233333333E+01  3.26008E-03  8.49469E-01
  3.7233333333E+01  3.7237500000E+01  3.26432E-03  8.38623E-01
  3.7237500000E+01  3.7241666667E+01  3.34074E-03  1.40999E+00
  3.7241666667E+01  3.7245833333E+01  3.26095E-03  8.46541E-01
  3.7245833333E+01  3.7250000000E+01  3.29816E-03  9.87833E-01
  3.7250000000E+01  3.7254166667E+01  3.29208E-03  1.04754E+00
  3.7254166667E+01  3.7258333333E+01  3.26566E-03  7.49212E-01
  3.7258333333E+01  3.7262500000E+01  3.28251E-03  7.84137E-01
  3.7262500000E+01  3.7266666667E+01  3.28081E-03  7.68746E-01
  3.7266666667E+01  3.7270833333E+01  3.28481E-03  9.18083E-01
  3.7270833333E+01  3.7275000000E+01  3.27468E-03  7.91888E-01
  3.7275000000E+01  3.7279166667E+01  3.28276E-03  7.98513E-01
  3.7279166667E+01  3.7283333333E+01  3.28870E-03  8.76738E-01
  3.7283333333E+01  3.7287500000E+01  3.27344E-03  9.07077E-01
  3.7287500000E+01  3.7291666667E+01  3.26101E-03  6.61059E-01
  3.7291666667E+01  3.7295833333E+01  3.27221E-03  7.41345E-01
  3.7295833333E+01  3.7300000000E+01  3.27030E-03  7.04941E-01
  3.7300000000E+01  3.7304166667E+01  3.25309E-03  5.77514E-01
  3.7304166667E+01  3.7308333333E+01  3.27952E-03  7.95010E-01
  3.7308333333E+01  3.7312500000E+01  3.26995E-03  6.84484E-01
  3.7312500000E+01  3.7316666667E+01  3.28468E-03  7.73589E-01
  3.7316666667E+01  3.7320833333E+01  3.30623E-03  8.67923E-01
  3.7320833333E+01  3.7325000000E+01  3.33377E-03  9.64027E-01
  3.7325000000E+01  3.7329166667E+01  3.35305E-03  1.16550E+00
  3.7329166667E+01  3.7333333333E+01  3.35695E-03  1.15745E+00
  3.7333333333E+01  3.7337500000E+01  3.30187E-03  7.32701E-01
  3.7337500000E+01  3.7341666667E+01  3.36199E-03  1.20929E+00
  3.7341666667E+01  3.7345833333E+01  3.29754E-03  7.28611E-01
  3.7345833333E+01  3.7350000000E+01  3.31838E-03  8.91818E-01
  3.7350000000E+01  3.7354166667E+01  3.30381E-03  6.27516E-01
  3.7354166667E+01  3.7358333333E+01  3.32555E-03  9.27860E-01
  3.7358333333E+01  3.7362500000E+01  3.30713E-03  7.41819E-01
  3.7362500000E+01  3.7366666667E+01  3.36278E-03  1.16893E+00
  3.7366666667E+01  3.7370833333E+01  3.32701E-03  1.09322E+00
  3.7370833333E+01  3.7375000000E+01  3.29391E-03  6.49971E-01
  3.7375000000E+01  3.7379166667E+01  3.30758E-03  6.82496E-01
  3.7379166667E+01  3.7383333333E+01  3.30646E-03  6.50118E-01
  3.7383333333E+01  3.7387500000E+01  3.32919E-03  8.67988E-01
  3.7387500000E+01  3.7391666667E+01  3.30732E-03  7.09272E-01
  3.7391666667E+01  3.7395833333E+01  3.32971E-03  1.03750E+00
  3.7395833333E+01  3.7400000000E+01  3.34865E-03  1.12769E+00
  3.7400000000E+01  3.7404166667E+01  3.29036E-03  5.23503E-01
  3.7404166667E+01  3.7408333333E+01  3.32445E-03  8.12002E-01
  3.7408333333E+01  3.7412500000E+01  3.32886E-03  7.90130E-01
  3.7412500000E+01  3.7416666667E+01  3.32118E-03  7.09472E-01
  3.7416666667E+01  3.7420833333E+01  3.31074E-03  6.34285E-01
  3.7420833333E+01  3.7425000000E+01  3.32807E-03  8.40704E-01
  3.7425000000E+01  3.7429166667E+01  3.30500E-03  5.45705E-01
  3.7429166667E+01  3.7433333333E+01  3.35111E-03  9.98830E-01
  3.7433333333E+01  3.7437500000E+01  3.32136E-03  6.27504E-01
  3.7437500000E+01  3.7441666667E+01  3.37807E-03  9.65511E-01
  3.7441666667E+01  3.7445833333E+01  3.34759E-03  7.24276E-01
  3.7445833333E+01  3.7450000000E+01  3.37175E-03  8.43002E-01
  3.7450000000E+01  3.7454166667E+01  3.35641E-03  8.68988E-01
  3.7454166667E+01  3.7458333333E+01  3.34022E-03  6.84356E-01
  3.7458333333E+01  3.7462500000E+01  3.37987E-03  9.49631E-01
  3.7462500000E+01  3.7466666667E+01  3.35951E-03  8.02457E-01
  3.7466666667E+01  3.7470833333E+01  3.37812E-03  1.03492E+00
  3.7470833333E+01  3.7475000000E+01  3.37498E-03  9.08378E-01
  3.7475000000E+01  3.7479166667E+01  3.36707E-03  8.60711E-01
  3.7479166667E+01  3.7483333333E+01  3.37441E-03  9.27006E-01
  3.7483333333E+01  3.7487500000E+01  3.40758E-03  9.44451E-01
  3.7487500000E+01  3.7491666667E+01  3.37777E-03  6.67420E-01
  3.7491666667E+01  3.7495833333E+01  3.38808E-03  7.01322E-01
  3.7495833333E+01  3.7500000000E+01  3.37939E-03  7.55217E-01
  3.7500000000E+01  3.7504166667E+01  3.39451E-03  7.72950E-01
  3.7504166667E+01  3.7508333333E+01  3.38503E-03  6.67510E-01
  3.7508333333E+01  3.7512500000E+01  3.37736E-03  6.27484E-01
  3.7512500000E+01  3.7516666667E+01  3.36845E-03  5.78073E-01
  3.7516666667E+01  3.7520833333E+01  3.39094E-03  8.48695E-01
  3.7520833333E+01  3.7525000000E+01  3.40677E-03  7.77530E-01
  3.7525000000E+01  3.7529166667E+01  3.45491E-03  1.08015E+00
  3.7529166667E+01  3.7533333333E+01  3.41348E-03  8.65755E-01
  3.7533333333E+01  3.7537500000E+01  3.41556E-03  9.79683E-01
  3.7537500000E+01  3.7541666667E+01  3.38548E-03  5.49724E-01
  3.7541666667E+01  3.7545833333E+01  3.38474E-03  5.35884E-01
  3.7545833333E+01  3.7550000000E+01  3.40151E-03  5.60289E-01
  3.7550000000E+01  3.7554166667E+01  3.42560E-03  8.44064E-01
  3.7554166667E+01  3.7558333333E+01  3.42412E-03  8.75085E-01
  3.7558333333E+01  3.7562500000E+01  3.45807E-03  1.08156E+00
  3.7562500000E+01  3.7566666667E+01  3.42266E-03  8.61791E-01
  3.7566666667E+01  3.7570833333E+01  3.47567E-03  1.07806E+00
  3.7570833333E+01  3.7575000000E+01  3.41315E-03  6.65060E-01
  3.7575000000E+01  3.7579166667E+01  3.45177E-03  8.31738E-01
  3.7579166667E+01  3.7583333333E+01  3.46161E-03  8.84499E-01
  3.7583333333E+01  3.7587500000E+01  3.47025E-03  1.15437E+00
  3.7587500000E+01  3.7591666667E+01  3.45075E-03  8.31715E-01
  3.7591666667E+01  3.7595833333E+01  3.44317E-03  8.22679E-01
  3.7595833333E+01  3.7600000000E+01  3.42768E-03  7.45012E-01
  3.7600000000E+01  3.7604166667E+01  3.42061E-03  6.93877E-01
  3.7604166667E+01  3.7608333333E+01  3.48924E-03  1.06909E+00
  3.7608333333E+01  3.7612500000E+01  3.49123E-03  1.30896E+00
  3.7612500000E+01  3.7616666667E+01  3.43561E-03  8.23081E-01
  3.7616666667E+01  3.7620833333E+01  3.40098E-03  5.23338E-01
  3.7620833333E+01  3.7625000000E+01  3.43003E-03  7.34810E-01
  3.7625000000E+01  3.7629166667E+01  3.45085E-03  7.93596E-01
  3.7629166667E+01  3.7633333333E+01  3.46081E-03  8.10474E-01
  3.7633333333E+01  3.7637500000E+01  3.44732E-03  8.01820E-01
  3.7637500000E+01  3.7641666667E+01  3.42945E-03  6.42491E-01
  3.7641666667E+01  3.7645833333E+01  3.44837E-03  7.80510E-01
  3.7645833333E+01  3.7650000000E+01  3.43623E-03  5.61656E-01
  3.7650000000E+01  3.7654166667E+01  3.45588E-03  7.02907E-01
  3.7654166667E+01  3.7658333333E+01  3.46269E-03  7.81560E-01
  3.7658333333E+01  3.7662500000E+01  3.47952E-03  8.93730E-01
  3.7662500000E+01  3.7666666667E+01  3.45383E-03  7.21734E-01
  3.7666666667E+01  3.7670833333E+01  3.46136E-03  7.02981E-01
  3.7670833333E+01  3.7675000000E+01  3.48414E-03  8.05852E-01
  3.7675000000E+01  3.7679166667E+01  3.44952E-03  6.11996E-01
  3.7679166667E+01  3.7683333333E+01  3.48575E-03  7.78885E-01
  3.7683333333E+01  3.7687500000E+01  3.46428E-03  5.95208E-01
  3.7687500000E+01  3.7691666667E+01  3.50282E-03  1.05302E+00
  3.7691666667E+01  3.7695833333E+01  3.48281E-03  9.64081E-01
  3.7695833333E+01  3.7700000000E+01  3.45304E-03  5.35471E-01
  3.7700000000E+01  3.7704166667E+01  3.48294E-03  8.34910E-01
  3.7704166667E+01  3.7708333333E+01  3.51975E-03  1.10344E+00
  3.7708333333E+01  3.7712500000E+01  3.46212E-03  5.84909E-01
  3.7712500000E+01  3.7716666667E+01  3.47814E-03  6.97542E-01
  3.7716666667E+01  3.7720833333E+01  3.50218E-03  9.33757E-01
  3.7720833333E+01  3.7725000000E+01  3.53933E-03  1.21896E+00
  3.7725000000E+01  3.7729166667E+01  3.49872E-03  6.61518E-01
  3.7729166667E+01  3.7733333333E+01  3.51923E-03  1.11327E+00
  3.7733333333E+01  3.7737500000E+01  3.50819E-03  8.72647E-01
  3.7737500000E+01  3.7741666667E+01  3.50039E-03  6.97631E-01
  3.7741666667E+01  3.7745833333E+01  3.48523E-03  5.35807E-01
  3.7745833333E+01  3.7750000000E+01  3.53264E-03  8.89528E-01
  3.7750000000E+01  3.7754166667E+01  3.50252E-03  6.28984E-01
  3.7754166667E+01  3.7758333333E+01  3.54362E-03  1.12598E+00
  3.7758333333E+01  3.7762500000E+01  3.55587E-03  1.06783E+00
  3.7762500000E+01  3.7766666667E+01  3.48387E-03  5.56492E-01
  3.7766666667E+01  3.7770833333E+01  3.49081E-03  6.12094E-01
  3.7770833333E+01  3.7775000000E+01  3.52974E-03  8.46052E-01
  3.7775000000E+01  3.7779166667E+01  3.51672E-03  9.15085E-01
  3.7779166667E+01  3.7783333333E+01  3.50599E-03  6.54071E-01
  3.7783333333E+01  3.7787500000E+01  3.52953E-03  6.33528E-01
  3.7787500000E+01  3.7791666667E+01  3.54778E-03  9.84704E-01
  3.7791666667E+01  3.7795833333E+01  3.49176E-03  5.08487E-01
  3.7795833333E+01  3.7800000000E+01  3.53916E-03  7.96937E-01
  3.7800000000E+01  3.7804166667E+01  3.51638E-03  6.41101E-01
  3.7804166667E+01  3.7808333333E+01  3.55916E-03  9.52349E-01
  3.7808333333E+01  3.7812500000E+01  3.52563E-03  7.27858E-01
  3.7812500000E+01  3.7816666667E+01  3.52498E-03  6.96286E-01
  3.7816666667E+01  3.7820833333E+01  3.50815E-03  5.59275E-01
  3.7820833333E+01  3.7825000000E+01  3.52705E-03  6.92273E-01
  3.7825000000E+01  3.7829166667E+01  3.53291E-03  6.87232E-01
  3.7829166667E+01  3.7833333333E+01  3.50637E-03  5.09494E-01
  3.7833333333E+01  3.7837500000E+01  3.56742E-03  1.11566E+00
  3.7837500000E+01  3.7841666667E+01  3.52137E-03  6.07666E-01
  3.7841666667E+01  3.7845833333E+01  3.51353E-03  5.37358E-01
  3.7845833333E+01  3.7850000000E+01  3.52287E-03  6.23561E-01
  3.7850000000E+01  3.7854166667E+01  3.53878E-03  7.20918E-01
  3.7854166667E+01  3.7858333333E+01  3.56908E-03  9.04308E-01
  3.7858333333E+01  3.7862500000E+01  3.53655E-03  5.76845E-01
  3.7862500000E+01  3.7866666667E+01  3.55706E-03  7.37156E-01
  3.7866666667E+01  3.7870833333E+01  3.55981E-03  6.99877E-01
  3.7870833333E+01  3.7875000000E+01  3.54717E-03  6.79118E-01
  3.7875000000E+01  3.7879166667E+01  3.56913E-03  7.26050E-01
  3.7879166667E+01  3.7883333333E+01  3.64616E-03  1.05423E+00
  3.7883333333E+01  3.7887500000E+01  3.63289E-03  8.83199E-01
  3.7887500000E+01  3.7891666667E+01  3.63350E-03  9.85777E-01
  3.7891666667E+01  3.7895833333E+01  3.61910E-03  8.80946E-01
  3.7895833333E+01  3.7900000000E+01  3.59801E-03  6.96698E-01
  3.7900000000E+01  3.7904166667E+01  3.61415E-03  9.75447E-01
  3.7904166667E+01  3.7908333333E+01  3.57657E-03  5.82744E-01
  3.7908333333E+01  3.7912500000E+01  3.64097E-03  9.23942E-01
  3.7912500000E+01  3.7916666667E+01  3.65613E-03  9.99996E-01
  3.7916666667E+01  3.7920833333E+01  3.64801E-03  7.81732E-01
  3.7920833333E+01  3.7925000000E+01  3.64362E-03  8.54904E-01
  3.7925000000E+01  3.7929166667E+01  3.69318E-03  1.25638E+00
  3.7929166667E+01  3.7933333333E+01  3.63302E-03  8.98786E-01
  3.7933333333E+01  3.7937500000E+01  3.60968E-03  6.14093E-01
  3.7937500000E+01  3.7941666667E+01  3.63617E-03  8.10159E-01
  3.7941666667E+01  3.7945833333E+01  3.61369E-03  6.89087E-01
  3.7945833333E+01  3.7950000000E+01  3.63166E-03  7.98841E-01
  3.7950000000E+01  3.7954166667E+01  3.64244E-03  7.99849E-01
  3.7954166667E+01  3.7958333333E+01  3.61037E-03  5.94562E-01
  3.7958333333E+01  3.7962500000E+01  3.62781E-03  7.40134E-01
  3.7962500000E+01  3.7966666667E+01  3.63857E-03  7.49083E-01
  3.7966666667E+01  3.7970833333E+01  3.61478E-03  5.58699E-01
  3.7970833333E+01  3.7975000000E+01  3.61267E-03  5.84146E-01
  3.7975000000E+01  3.7979166667E+01  3.62899E-03  6.59953E-01
  3.7979166667E+01  3.7983333333E+01  3.61646E-03  5.71891E-01
  3.7983333333E+01  3.7987500000E+01  3.64911E-03  7.55805E-01
  3.7987500000E+01  3.7991666667E+01  3.67993E-03  1.12270E+00
  3.7991666667E+01  3.7995833333E+01  3.68412E-03  1.39381E+00
  3.7995833333E+01  3.8000000000E+01  3.63184E-03  5.94626E-01
  3.8000000000E+01  3.8004166667E+01  3.65365E-03  6.30496E-01
  3.8004166667E+01  3.8008333333E+01  3.64512E-03  6.06240E-01
  3.8008333333E+01  3.8012500000E+01  3.69258E-03  1.05799E+00
  3.8012500000E+01  3.8016666667E+01  3.62822E-03  5.12464E-01
  3.8016666667E+01  3.8020833333E+01  3.68226E-03  9.48388E-01
  3.8020833333E+01  3.8025000000E+01  3.69982E-03  1.02150E+00
  3.8025000000E+01  3.8029166667E+01  3.71046E-03  9.98840E-01
  3.8029166667E+01  3.8033333333E+01  3.71543E-03  1.07866E+00
  3.8033333333E+01  3.8037500000E+01  3.71403E-03  8.80637E-01
  3.8037500000E+01  3.8041666667E+01  3.75862E-03  1.11786E+00
  3.8041666667E+01  3.8045833333E+01  3.67711E-03  6.00182E-01
  3.8045833333E+01  3.8050000000E+01  3.73605E-03  8.89976E-01
  3.8050000000E+01  3.8054166667E+01  3.68115E-03  6.14633E-01
  3.8054166667E+01  3.8058333333E+01  3.72072E-03  7.93361E-01
  3.8058333333E+01  3.8062500000E+01  3.72084E-03  9.72151E-01
  3.8062500000E+01  3.8066666667E+01  3.73340E-03  8.80470E-01
  3.8066666667E+01  3.8070833333E+01  3.76900E-03  1.11536E+00
  3.8070833333E+01  3.8075000000E+01  3.69708E-03  5.92024E-01
  3.8075000000E+01  3.8079166667E+01  3.71333E-03  7.10293E-01
  3.8079166667E+01  3.8083333333E+01  3.71760E-03  8.76710E-01
  3.8083333333E+01  3.8087500000E+01  3.72044E-03  7.42346E-01
  3.8087500000E+01  3.8091666667E+01  3.73988E-03  8.92122E-01
  3.8091666667E+01  3.8095833333E+01  3.72508E-03  6.87091E-01
  3.8095833333E+01  3.8100000000E+01  3.76505E-03  9.68229E-01
  3.8100000000E+01  3.8104166667E+01  3.71206E-03  5.75015E-01
  3.8104166667E+01  3.8108333333E+01  3.76802E-03  1.06729E+00
  3.8108333333E+01  3.8112500000E+01  3.71198E-03  5.80410E-01
  3.8112500000E+01  3.8116666667E+01  3.71374E-03  5.67742E-01
  3.8116666667E+01  3.8120833333E+01  3.71790E-03  5.74589E-01
  3.8120833333E+01  3.8125000000E+01  3.75687E-03  8.57887E-01
  3.8125000000E+01  3.8129166667E+01  3.75028E-03  8.45060E-01
  3.8129166667E+01  3.8133333333E+01  3.73355E-03  6.77789E-01
  3.8133333333E+01  3.8137500000E+01  3.76684E-03  9.05437E-01
  3.8137500000E+01  3.8141666667E+01  3.73578E-03  5.63568E-01
  3.8141666667E+01  3.8145833333E+01  3.77018E-03  7.70617E-01
  3.8145833333E+01  3.8150000000E+01  3.83738E-03  1.39118E+00
  3.8150000000E+01  3.8154166667E+01  3.80814E-03  9.01914E-01
  3.8154166667E+01  3.8158333333E+01  3.84403E-03  1.09834E+00
  3.8158333333E+01  3.8162500000E+01  3.81708E-03  8.31404E-01
  3.8162500000E+01  3.8166666667E+01  3.83672E-03  1.01730E+00
  3.8166666667E+01  3.8170833333E+01  3.83075E-03  8.68835E-01
  3.8170833333E+01  3.8175000000E+01  3.80828E-03  7.98821E-01
  3.8175000000E+01  3.8179166667E+01  3.85396E-03  9.16951E-01
  3.8179166667E+01  3.8183333333E+01  3.83979E-03  1.24825E+00
  3.8183333333E+01  3.8187500000E+01  3.81184E-03  6.96007E-01
  3.8187500000E+01  3.8191666667E+01  3.85179E-03  9.73675E-01
  3.8191666667E+01  3.8195833333E+01  3.76441E-03  5.34095E-01
  3.8195833333E+01  3.8200000000E+01  3.78106E-03  7.30678E-01
  3.8200000000E+01  3.8204166667E+01  3.81868E-03  8.12177E-01
  3.8204166667E+01  3.8208333333E+01  3.85438E-03  1.03746E+00
  3.8208333333E+01  3.8212500000E+01  3.87139E-03  1.04665E+00
  3.8212500000E+01  3.8216666667E+01  3.79108E-03  5.85563E-01
  3.8216666667E+01  3.8220833333E+01  3.81459E-03  7.03748E-01
  3.8220833333E+01  3.8225000000E+01  3.85384E-03  8.40464E-01
  3.8225000000E+01  3.8229166667E+01  3.84510E-03  8.10128E-01
  3.8229166667E+01  3.8233333333E+01  3.87207E-03  8.78755E-01
  3.8233333333E+01  3.8237500000E+01  3.82148E-03  6.62372E-01
  3.8237500000E+01  3.8241666667E+01  3.86882E-03  1.01257E+00
  3.8241666667E+01  3.8245833333E+01  3.88562E-03  1.01905E+00
  3.8245833333E+01  3.8250000000E+01  3.84438E-03  8.89951E-01
  3.8250000000E+01  3.8254166667E+01  3.85741E-03  9.53823E-01
  3.8254166667E+01  3.8258333333E+01  3.81796E-03  6.11938E-01
  3.8258333333E+01  3.8262500000E+01  3.82671E-03  7.08551E-01
  3.8262500000E+01  3.8266666667E+01  3.87359E-03  1.01116E+00
  3.8266666667E+01  3.8270833333E+01  3.83381E-03  6.20587E-01
  3.8270833333E+01  3.8275000000E+01  3.85768E-03  8.03039E-01
  3.8275000000E+01  3.8279166667E+01  3.83644E-03  6.26029E-01
  3.8279166667E+01  3.8283333333E+01  3.92298E-03  1.24246E+00
  3.8283333333E+01  3.8287500000E+01  3.89007E-03  8.58970E-01
  3.8287500000E+01  3.8291666667E+01  3.87800E-03  8.51410E-01
  3.8291666667E+01  3.8295833333E+01  3.83984E-03  5.59481E-01
  3.8295833333E+01  3.8300000000E+01  3.83159E-03  5.47488E-01
  3.8300000000E+01  3.8304166667E+01  3.83502E-03  5.36618E-01
  3.8304166667E+01  3.8308333333E+01  3.83493E-03  5.29140E-01
  3.8308333333E+01  3.8312500000E+01  3.86691E-03  7.88137E-01
  3.8312500000E+01  3.8316666667E+01  3.87600E-03  6.87241E-01
  3.8316666667E+01  3.8320833333E+01  3.88745E-03  7.71547E-01
  3.8320833333E+01  3.8325000000E+01  3.93564E-03  9.91036E-01
  3.8325000000E+01  3.8329166667E+01  3.90088E-03  8.25082E-01
  3.8329166667E+01  3.8333333333E+01  3.88550E-03  6.67175E-01
  3.8333333333E+01  3.8337500000E+01  3.89526E-03  7.37769E-01
  3.8337500000E+01  3.8341666667E+01  3.91474E-03  8.11575E-01
  3.8341666667E+01  3.8345833333E+01  3.91274E-03  7.15364E-01
  3.8345833333E+01  3.8350000000E+01  3.90944E-03  6.89582E-01
  3.8350000000E+01  3.8354166667E+01  3.91710E-03  7.88166E-01
  3.8354166667E+01  3.8358333333E+01  3.89664E-03  5.94899E-01
  3.8358333333E+01  3.8362500000E+01  3.89191E-03  5.63810E-01
  3.8362500000E+01  3.8366666667E+01  3.95024E-03  8.97620E-01
  3.8366666667E+01  3.8370833333E+01  4.00422E-03  1.07632E+00
  3.8370833333E+01  3.8375000000E+01  3.96499E-03  7.72568E-01
  3.8375000000E+01  3.8379166667E+01  3.95631E-03  8.94771E-01
  3.8379166667E+01  3.8383333333E+01  3.90659E-03  5.47780E-01
  3.8383333333E+01  3.8387500000E+01  3.92346E-03  6.12534E-01
  3.8387500000E+01  3.8391666667E+01  3.90284E-03  5.22614E-01
  3.8391666667E+01  3.8395833333E+01  3.96257E-03  1.02827E+00
  3.8395833333E+01  3.8400000000E+01  3.94456E-03  7.29624E-01
  3.8400000000E+01  3.8404166667E+01  3.97494E-03  7.81543E-01
  3.8404166667E+01  3.8408333333E+01  3.97330E-03  7.66331E-01
  3.8408333333E+01  3.8412500000E+01  3.99490E-03  8.80185E-01
  3.8412500000E+01  3.8416666667E+01  3.98142E-03  8.02163E-01
  3.8416666667E+01  3.8420833333E+01  3.99139E-03  8.40114E-01
  3.8420833333E+01  3.8425000000E+01  3.97207E-03  7.46028E-01
  3.8425000000E+01  3.8429166667E+01  3.98031E-03  7.69564E-01
  3.8429166667E+01  3.8433333333E+01  4.00052E-03  7.65177E-01
  3.8433333333E+01  3.8437500000E+01  3.95515E-03  5.66864E-01
  3.8437500000E+01  3.8441666667E+01  3.98643E-03  6.67160E-01
  3.8441666667E+01  3.8445833333E+01  4.02020E-03  8.73099E-01
  3.8445833333E+01  3.8450000000E+01  3.98298E-03  6.41580E-01
  3.8450000000E+01  3.8454166667E+01  3.99286E-03  6.55772E-01
  3.8454166667E+01  3.8458333333E+01  3.99901E-03  6.48245E-01
  3.8458333333E+01  3.8462500000E+01  4.00798E-03  6.83957E-01
  3.8462500000E+01  3.8466666667E+01  3.99207E-03  5.76652E-01
  3.8466666667E+01  3.8470833333E+01  3.99684E-03  6.43309E-01
  3.8470833333E+01  3.8475000000E+01  4.01654E-03  7.24439E-01
  3.8475000000E+01  3.8479166667E+01  3.99766E-03  6.22494E-01
  3.8479166667E+01  3.8483333333E+01  4.00317E-03  5.83688E-01
  3.8483333333E+01  3.8487500000E+01  4.01869E-03  6.26833E-01
  3.8487500000E+01  3.8491666667E+01  4.02476E-03  6.93070E-01
  3.8491666667E+01  3.8495833333E+01  4.04697E-03  7.96358E-01
  3.8495833333E+01  3.8500000000E+01  4.07371E-03  8.92344E-01
  3.8500000000E+01  3.8504166667E+01  4.05695E-03  7.91444E-01
  3.8504166667E+01  3.8508333333E+01  4.02373E-03  5.40696E-01
  3.8508333333E+01  3.8512500000E+01  4.06545E-03  6.95235E-01
  3.8512500000E+01  3.8516666667E+01  4.04100E-03  6.40589E-01
  3.8516666667E+01  3.8520833333E+01  4.06564E-03  7.30111E-01
  3.8520833333E+01  3.8525000000E+01  4.05107E-03  6.08804E-01
  3.8525000000E+01  3.8529166667E+01  4.06121E-03  6.26268E-01
  3.8529166667E+01  3.8533333333E+01  4.08983E-03  9.33509E-01
  3.8533333333E+01  3.8537500000E+01  4.06564E-03  6.84619E-01
  3.8537500000E+01  3.8541666667E+01  4.07830E-03  8.98175E-01
  3.8541666667E+01  3.8545833333E+01  4.12811E-03  9.32074E-01
  3.8545833333E+01  3.8550000000E+01  4.13319E-03  9.87386E-01
  3.8550000000E+01  3.8554166667E+01  4.10118E-03  7.09383E-01
  3.8554166667E+01  3.8558333333E+01  4.13271E-03  9.02999E-01
  3.8558333333E+01  3.8562500000E+01  4.07137E-03  5.49836E-01
  3.8562500000E+01  3.8566666667E+01  4.07874E-03  5.45241E-01
  3.8566666667E+01  3.8570833333E+01  4.15942E-03  1.07262E+00
  3.8570833333E+01  3.8575000000E+01  4.15474E-03  9.89252E-01
  3.8575000000E+01  3.8579166667E+01  4.10703E-03  6.49302E-01
  3.8579166667E+01  3.8583333333E+01  4.14098E-03  7.68575E-01
  3.8583333333E+01  3.8587500000E+01  4.14615E-03  7.07622E-01
  3.8587500000E+01  3.8591666667E+01  4.13607E-03  6.46492E-01
  3.8591666667E+01  3.8595833333E+01  4.20490E-03  1.03623E+00
  3.8595833333E+01  3.8600000000E+01  4.20489E-03  9.22594E-01
  3.8600000000E+01  3.8604166667E+01  4.19738E-03  8.61361E-01
  3.8604166667E+01  3.8608333333E+01  4.20144E-03  9.67819E-01
  3.8608333333E+01  3.8612500000E+01  4.21027E-03  1.14594E+00
  3.8612500000E+01  3.8616666667E+01  4.18005E-03  7.52304E-01
  3.8616666667E+01  3.8620833333E+01  4.16215E-03  6.81520E-01
  3.8620833333E+01  3.8625000000E+01  4.15881E-03  6.66205E-01
  3.8625000000E+01  3.8629166667E+01  4.17600E-03  7.09395E-01
  3.8629166667E+01  3.8633333333E+01  4.19738E-03  8.04550E-01
  3.8633333333E+01  3.8637500000E+01  4.17412E-03  7.21506E-01
  3.8637500000E+01  3.8641666667E+01  4.18680E-03  6.33859E-01
  3.8641666667E+01  3.8645833333E+01  4.22828E-03  8.55065E-01
  3.8645833333E+01  3.8650000000E+01  4.19455E-03  7.01102E-01
  3.8650000000E+01  3.8654166667E+01  4.27293E-03  1.06504E+00
  3.8654166667E+01  3.8658333333E+01  4.24513E-03  8.32935E-01
  3.8658333333E+01  3.8662500000E+01  4.22104E-03  7.76578E-01
  3.8662500000E+01  3.8666666667E+01  4.26964E-03  1.22913E+00
  3.8666666667E+01  3.8670833333E+01  4.18980E-03  5.50458E-01
  3.8670833333E+01  3.8675000000E+01  4.23933E-03  7.50611E-01
  3.8675000000E+01  3.8679166667E+01  4.26408E-03  8.49850E-01
  3.8679166667E+01  3.8683333333E+01  4.24790E-03  6.62673E-01
  3.8683333333E+01  3.8687500000E+01  4.25092E-03  6.21878E-01
  3.8687500000E+01  3.8691666667E+01  4.28414E-03  8.23285E-01
  3.8691666667E+01  3.8695833333E+01  4.29864E-03  9.64641E-01
  3.8695833333E+01  3.8700000000E+01  4.24903E-03  7.20610E-01
  3.8700000000E+01  3.8704166667E+01  4.27848E-03  7.58678E-01
  3.8704166667E+01  3.8708333333E+01  4.24000E-03  5.48703E-01
  3.8708333333E+01  3.8712500000E+01  4.29348E-03  7.72702E-01
  3.8712500000E+01  3.8716666667E+01  4.29295E-03  7.11700E-01
  3.8716666667E+01  3.8720833333E+01  4.27617E-03  5.68113E-01
  3.8720833333E+01  3.8725000000E+01  4.29000E-03  6.40524E-01
  3.8725000000E+01  3.8729166667E+01  4.30355E-03  7.74592E-01
  3.8729166667E+01  3.8733333333E+01  4.30403E-03  7.27443E-01
  3.8733333333E+01  3.8737500000E+01  4.29180E-03  5.81823E-01
  3.8737500000E+01  3.8741666667E+01  4.29961E-03  6.08223E-01
  3.8741666667E+01  3.8745833333E+01  4.33223E-03  8.40789E-01
  3.8745833333E+01  3.8750000000E+01  4.32739E-03  6.81253E-01
  3.8750000000E+01  3.8754166667E+01  4.35916E-03  8.29328E-01
  3.8754166667E+01  3.8758333333E+01  4.33657E-03  6.53307E-01
  3.8758333333E+01  3.8762500000E+01  4.41185E-03  9.01577E-01
  3.8762500000E+01  3.8766666667E+01  4.35419E-03  6.79462E-01
  3.8766666667E+01  3.8770833333E+01  4.33458E-03  5.37507E-01
  3.8770833333E+01  3.8775000000E+01  4.35606E-03  6.46332E-01
  3.8775000000E+01  3.8779166667E+01  4.41751E-03  8.53501E-01
  3.8779166667E+01  3.8783333333E+01  4.39737E-03  7.94416E-01
  3.8783333333E+01  3.8787500000E+01  4.43207E-03  9.03060E-01
  3.8787500000E+01  3.8791666667E+01  4.37756E-03  6.00173E-01
  3.8791666667E+01  3.8795833333E+01  4.36973E-03  5.89351E-01
  3.8795833333E+01  3.8800000000E+01  4.39832E-03  7.22943E-01
  3.8800000000E+01  3.8804166667E+01  4.36946E-03  5.23569E-01
  3.8804166667E+01  3.8808333333E+01  4.45641E-03  1.00394E+00
  3.8808333333E+01  3.8812500000E+01  4.44068E-03  7.37569E-01
  3.8812500000E+01  3.8816666667E+01  4.40403E-03  5.68944E-01
  3.8816666667E+01  3.8820833333E+01  4.46230E-03  8.05797E-01
  3.8820833333E+01  3.8825000000E+01  4.43568E-03  5.78295E-01
  3.8825000000E+01  3.8829166667E+01  4.44478E-03  7.09463E-01
  3.8829166667E+01  3.8833333333E+01  4.44940E-03  7.20672E-01
  3.8833333333E+01  3.8837500000E+01  4.44637E-03  6.58694E-01
  3.8837500000E+01  3.8841666667E+01  4.48238E-03  7.85808E-01
  3.8841666667E+01  3.8845833333E+01  4.44042E-03  5.26048E-01
  3.8845833333E+01  3.8850000000E+01  4.50360E-03  8.77279E-01
  3.8850000000E+01  3.8854166667E+01  4.47643E-03  6.49046E-01
  3.8854166667E+01  3.8858333333E+01  4.50358E-03  7.48858E-01
  3.8858333333E+01  3.8862500000E+01  4.50330E-03  6.01723E-01
  3.8862500000E+01  3.8866666667E+01  4.50901E-03  7.13551E-01
  3.8866666667E+01  3.8870833333E+01  4.50424E-03  6.25248E-01
  3.8870833333E+01  3.8875000000E+01  4.51854E-03  8.38879E-01
  3.8875000000E+01  3.8879166667E+01  4.55363E-03  8.32891E-01
  3.8879166667E+01  3.8883333333E+01  4.52215E-03  7.02982E-01
  3.8883333333E+01  3.8887500000E+01  4.52400E-03  6.92557E-01
  3.8887500000E+01  3.8891666667E+01  4.55475E-03  8.27097E-01
  3.8891666667E+01  3.8895833333E+01  4.53133E-03  6.78962E-01
  3.8895833333E+01  3.8900000000E+01  4.54204E-03  6.58920E-01
  3.8900000000E+01  3.8904166667E+01  4.51368E-03  5.02029E-01
  3.8904166667E+01  3.8908333333E+01  4.53712E-03  5.66340E-01
  3.8908333333E+01  3.8912500000E+01  4.55320E-03  6.67321E-01
  3.8912500000E+01  3.8916666667E+01  4.55796E-03  6.11581E-01
  3.8916666667E+01  3.8920833333E+01  4.61203E-03  8.90330E-01
  3.8920833333E+01  3.8925000000E+01  4.58135E-03  5.85278E-01
  3.8925000000E+01  3.8929166667E+01  4.58450E-03  6.28707E-01
  3.8929166667E+01  3.8933333333E+01  4.59464E-03  6.24089E-01
  3.8933333333E+01  3.8937500000E+01  4.60911E-03  6.02594E-01
  3.8937500000E+01  3.8941666667E+01  4.67506E-03  9.88015E-01
  3.8941666667E+01  3.8945833333E+01  4.61173E-03  6.67015E-01
  3.8945833333E+01  3.8950000000E+01  4.58426E-03  5.07097E-01
  3.8950000000E+01  3.8954166667E+01  4.59901E-03  5.23987E-01
  3.8954166667E+01  3.8958333333E+01  4.61902E-03  5.51271E-01
  3.8958333333E+01  3.8962500000E+01  4.63164E-03  6.23916E-01
  3.8962500000E+01  3.8966666667E+01  4.67310E-03  6.92871E-01
  3.8966666667E+01  3.8970833333E+01  4.67437E-03  6.84507E-01
  3.8970833333E+01  3.8975000000E+01  4.67438E-03  6.96924E-01
  3.8975000000E+01  3.8979166667E+01  4.67625E-03  6.59494E-01
  3.8979166667E+01  3.8983333333E+01  4.65488E-03  5.39809E-01
  3.8983333333E+01  3.8987500000E+01  4.67791E-03  6.05802E-01
  3.8987500000E+01  3.8991666667E+01  4.67405E-03  5.61373E-01
  3.8991666667E+01  3.8995833333E+01  4.69077E-03  5.89419E-01
  3.8995833333E+01  3.9000000000E+01  4.72926E-03  8.25388E-01
  3.9000000000E+01  3.9004166667E+01  4.74274E-03  6.86911E-01
  3.9004166667E+01  3.9008333333E+01  4.72566E-03  5.96249E-01
  3.9008333333E+01  3.9012500000E+01  4.75121E-03  8.33612E-01
  3.9012500000E+01  3.9016666667E+01  4.75599E-03  7.18764E-01
  3.9016666667E+01  3.9020833333E+01  4.75735E-03  6.53882E-01
  3.9020833333E+01  3.9025000000E+01  4.81175E-03  8.89403E-01
  3.9025000000E+01  3.9029166667E+01  4.79548E-03  7.53880E-01
  3.9029166667E+01  3.9033333333E+01  4.77169E-03  6.28515E-01
  3.9033333333E+01  3.9037500000E+01  4.79352E-03  8.19979E-01
  3.9037500000E+01  3.9041666667E+01  4.76829E-03  5.79759E-01
  3.9041666667E+01  3.9045833333E+01  4.81527E-03  7.24621E-01
  3.9045833333E+01  3.9050000000E+01  4.82384E-03  8.33922E-01
  3.9050000000E+01  3.9054166667E+01  4.82986E-03  7.75138E-01
  3.9054166667E+01  3.9058333333E+01  4.82455E-03  7.20437E-01
  3.9058333333E+01  3.9062500000E+01  4.84393E-03  7.42841E-01
  3.9062500000E+01  3.9066666667E+01  4.83377E-03  6.27370E-01
  3.9066666667E+01  3.9070833333E+01  4.84932E-03  6.72379E-01
  3.9070833333E+01  3.9075000000E+01  4.85401E-03  6.74836E-01
  3.9075000000E+01  3.9079166667E+01  4.85364E-03  6.44234E-01
  3.9079166667E+01  3.9083333333E+01  4.86201E-03  6.17698E-01
  3.9083333333E+01  3.9087500000E+01  4.90162E-03  7.13502E-01
  3.9087500000E+01  3.9091666667E+01  4.87190E-03  5.81696E-01
  3.9091666667E+01  3.9095833333E+01  4.98363E-03  9.16220E-01
  3.9095833333E+01  3.9100000000E+01  4.93151E-03  6.74872E-01
  3.9100000000E+01  3.9104166667E+01  4.92455E-03  7.42440E-01
  3.9104166667E+01  3.9108333333E+01  4.95297E-03  7.44364E-01
  3.9108333333E+01  3.9112500000E+01  4.96887E-03  7.41067E-01
  3.9112500000E+01  3.9116666667E+01  4.96810E-03  7.35558E-01
  3.9116666667E+01  3.9120833333E+01  4.97841E-03  7.23454E-01
  3.9120833333E+01  3.9125000000E+01  4.96449E-03  6.73554E-01
  3.9125000000E+01  3.9129166667E+01  4.97338E-03  6.61709E-01
  3.9129166667E+01  3.9133333333E+01  4.98521E-03  7.28313E-01
  3.9133333333E+01  3.9137500000E+01  4.97590E-03  6.94466E-01
  3.9137500000E+01  3.9141666667E+01  4.97295E-03  5.55281E-01
  3.9141666667E+01  3.9145833333E+01  4.99421E-03  6.30281E-01
  3.9145833333E+01  3.9150000000E+01  4.99155E-03  6.17494E-01
  3.9150000000E+01  3.9154166667E+01  4.98789E-03  5.38089E-01
  3.9154166667E+01  3.9158333333E+01  5.01404E-03  6.24762E-01
  3.9158333333E+01  3.9162500000E+01  5.00983E-03  5.33022E-01
  3.9162500000E+01  3.9166666667E+01  5.04994E-03  9.20674E-01
  3.9166666667E+01  3.9170833333E+01  5.02875E-03  6.41696E-01
  3.9170833333E+01  3.9175000000E+01  5.03258E-03  5.23799E-01
  3.9175000000E+01  3.9179166667E+01  5.09715E-03  7.46620E-01
  3.9179166667E+01  3.9183333333E+01  5.09148E-03  6.95628E-01
  3.9183333333E+01  3.9187500000E+01  5.10481E-03  7.17297E-01
  3.9187500000E+01  3.9191666667E+01  5.09421E-03  6.37990E-01
  3.9191666667E+01  3.9195833333E+01  5.13096E-03  7.54557E-01
  3.9195833333E+01  3.9200000000E+01  5.12873E-03  7.23327E-01
  3.9200000000E+01  3.9204166667E+01  5.14078E-03  7.16892E-01
  3.9204166667E+01  3.9208333333E+01  5.15499E-03  7.35730E-01
  3.9208333333E+01  3.9212500000E+01  5.16094E-03  6.34093E-01
  3.9212500000E+01  3.9216666667E+01  5.17635E-03  7.06885E-01
  3.9216666667E+01  3.9220833333E+01  5.20336E-03  7.51542E-01
  3.9220833333E+01  3.9225000000E+01  5.19930E-03  7.54092E-01
  3.9225000000E+01  3.9229166667E+01  5.18727E-03  6.65523E-01
  3.9229166667E+01  3.9233333333E+01  5.22060E-03  7.41279E-01
  3.9233333333E+01  3.9237500000E+01  5.21961E-03  7.24472E-01
  3.9237500000E+01  3.9241666667E+01  5.21728E-03  6.34202E-01
  3.9241666667E+01  3.9245833333E+01  5.26735E-03  7.60867E-01
  3.9245833333E+01  3.9250000000E+01  5.24032E-03  6.69293E-01
  3.9250000000E+01  3.9254166667E+01  5.21877E-03  5.95793E-01
  3.9254166667E+01  3.9258333333E+01  5.23586E-03  5.37534E-01
  3.9258333333E+01  3.9262500000E+01  5.29876E-03  6.90158E-01
  3.9262500000E+01  3.9266666667E+01  5.36627E-03  8.42744E-01
  3.9266666667E+01  3.9270833333E+01  5.32481E-03  7.30446E-01
  3.9270833333E+01  3.9275000000E+01  5.31328E-03  6.57574E-01
  3.9275000000E+01  3.9279166667E+01  5.28247E-03  5.01007E-01
  3.9279166667E+01  3.9283333333E+01  5.29901E-03  5.04861E-01
  3.9283333333E+01  3.9287500000E+01  5.36980E-03  6.94646E-01
  3.9287500000E+01  3.9291666667E+01  5.38393E-03  6.99059E-01
  3.9291666667E+01  3.9295833333E+01  5.39516E-03  6.65494E-01
  3.9295833333E+01  3.9300000000E+01  5.38327E-03  5.94738E-01
  3.9300000000E+01  3.9304166667E+01  5.39101E-03  5.25422E-01
  3.9304166667E+01  3.9308333333E+01  5.43172E-03  6.28258E-01
  3.9308333333E+01  3.9312500000E+01  5.49293E-03  7.33967E-01
  3.9312500000E+01  3.9316666667E+01  5.44589E-03  5.54920E-01
  3.9316666667E+01  3.9320833333E+01  5.46569E-03  6.08108E-01
  3.9320833333E+01  3.9325000000E+01  5.49465E-03  6.44285E-01
  3.9325000000E+01  3.9329166667E+01  5.47475E-03  5.49119E-01
  3.9329166667E+01  3.9333333333E+01  5.49232E-03  6.23033E-01
  3.9333333333E+01  3.9337500000E+01  5.53378E-03  6.80293E-01
  3.9337500000E+01  3.9341666667E+01  5.55114E-03  6.24839E-01
  3.9341666667E+01  3.9345833333E+01  5.61533E-03  7.85532E-01
  3.9345833333E+01  3.9350000000E+01  5.57279E-03  6.45182E-01
  3.9350000000E+01  3.9354166667E+01  5.58808E-03  7.34557E-01
  3.9354166667E+01  3.9358333333E+01  5.57985E-03  6.11226E-01
  3.9358333333E+01  3.9362500000E+01  5.59293E-03  5.90291E-01
  3.9362500000E+01  3.9366666667E+01  5.65182E-03  7.32746E-01
  3.9366666667E+01  3.9370833333E+01  5.62594E-03  6.24690E-01
  3.9370833333E+01  3.9375000000E+01  5.62900E-03  5.61551E-01
  3.9375000000E+01  3.9379166667E+01  5.69357E-03  7.68731E-01
  3.9379166667E+01  3.9383333333E+01  5.71929E-03  7.41001E-01
  3.9383333333E+01  3.9387500000E+01  5.72330E-03  7.05613E-01
  3.9387500000E+01  3.9391666667E+01  5.74016E-03  7.81128E-01
  3.9391666667E+01  3.9395833333E+01  5.77742E-03  7.26518E-01
  3.9395833333E+01  3.9400000000E+01  5.75895E-03  6.29542E-01
  3.9400000000E+01  3.9404166667E+01  5.80734E-03  7.10779E-01
  3.9404166667E+01  3.9408333333E+01  5.79032E-03  6.12726E-01
  3.9408333333E+01  3.9412500000E+01  5.81892E-03  5.96183E-01
  3.9412500000E+01  3.9416666667E+01  5.84953E-03  6.88381E-01
  3.9416666667E+01  3.9420833333E+01  5.87467E-03  6.83271E-01
  3.9420833333E+01  3.9425000000E+01  5.85144E-03  5.59683E-01
  3.9425000000E+01  3.9429166667E+01  5.88877E-03  7.28381E-01
  3.9429166667E+01  3.9433333333E+01  5.87460E-03  5.58164E-01
  3.9433333333E+01  3.9437500000E+01  5.89401E-03  5.95131E-01
  3.9437500000E+01  3.9441666667E+01  5.92613E-03  6.49228E-01
  3.9441666667E+01  3.9445833333E+01  5.97004E-03  6.41156E-01
  3.9445833333E+01  3.9450000000E+01  5.96982E-03  5.54233E-01
  3.9450000000E+01  3.9454166667E+01  5.97031E-03  5.32445E-01
  3.9454166667E+01  3.9458333333E+01  6.03920E-03  6.42187E-01
  3.9458333333E+01  3.9462500000E+01  6.03893E-03  6.21924E-01
  3.9462500000E+01  3.9466666667E+01  6.03342E-03  5.78821E-01
  3.9466666667E+01  3.9470833333E+01  6.08086E-03  6.33469E-01
  3.9470833333E+01  3.9475000000E+01  6.08940E-03  6.23813E-01
  3.9475000000E+01  3.9479166667E+01  6.11714E-03  6.81662E-01
  3.9479166667E+01  3.9483333333E+01  6.13879E-03  6.82465E-01
  3.9483333333E+01  3.9487500000E+01  6.16276E-03  6.34558E-01
  3.9487500000E+01  3.9491666667E+01  6.16377E-03  6.26666E-01
  3.9491666667E+01  3.9495833333E+01  6.17593E-03  5.81148E-01
  3.9495833333E+01  3.9500000000E+01  6.22227E-03  5.68826E-01
  3.9500000000E+01  3.9504166667E+01  6.24808E-03  6.28226E-01
  3.9504166667E+01  3.9508333333E+01  6.25572E-03  6.28422E-01
  3.9508333333E+01  3.9512500000E+01  6.30244E-03  6.56619E-01
  3.9512500000E+01  3.9516666667E+01  6.34622E-03  6.74241E-01
  3.9516666667E+01  3.9520833333E+01  6.34409E-03  6.06153E-01
  3.9520833333E+01  3.9525000000E+01  6.40059E-03  6.65167E-01
  3.9525000000E+01  3.9529166667E+01  6.38955E-03  6.30373E-01
  3.9529166667E+01  3.9533333333E+01  6.39377E-03  5.50778E-01
  3.9533333333E+01  3.9537500000E+01  6.43574E-03  5.86717E-01
  3.9537500000E+01  3.9541666667E+01  6.43110E-03  5.48546E-01
  3.9541666667E+01  3.9545833333E+01  6.45971E-03  5.59467E-01
  3.9545833333E+01  3.9550000000E+01  6.50042E-03  5.86760E-01
  3.9550000000E+01  3.9554166667E+01  6.52943E-03  5.47612E-01
  3.9554166667E+01  3.9558333333E+01  6.54447E-03  5.50337E-01
  3.9558333333E+01  3.9562500000E+01  6.61387E-03  6.79268E-01
  3.9562500000E+01  3.9566666667E+01  6.63496E-03  6.46605E-01
  3.9566666667E+01  3.9570833333E+01  6.66438E-03  6.19336E-01
  3.9570833333E+01  3.9575000000E+01  6.68223E-03  5.89058E-01
  3.9575000000E+01  3.9579166667E+01  6.69880E-03  5.62485E-01
  3.9579166667E+01  3.9583333333E+01  6.71476E-03  5.90731E-01
  3.9583333333E+01  3.9587500000E+01  6.76887E-03  6.32748E-01
  3.9587500000E+01  3.9591666667E+01  6.79222E-03  5.76596E-01
  3.9591666667E+01  3.9595833333E+01  6.84426E-03  6.66583E-01
  3.9595833333E+01  3.9600000000E+01  6.85962E-03  5.68880E-01
  3.9600000000E+01  3.9604166667E+01  6.90032E-03  6.35416E-01
  3.9604166667E+01  3.9608333333E+01  6.90180E-03  5.42860E-01
  3.9608333333E+01  3.9612500000E+01  6.94151E-03  5.51319E-01
  3.9612500000E+01  3.9616666667E+01  7.04344E-03  7.06123E-01
  3.9616666667E+01  3.9620833333E+01  7.04628E-03  6.01791E-01
  3.9620833333E+01  3.9625000000E+01  7.06470E-03  5.74841E-01
  3.9625000000E+01  3.9629166667E+01  7.07689E-03  5.37685E-01
  3.9629166667E+01  3.9633333333E+01  7.11394E-03  5.36340E-01
  3.9633333333E+01  3.9637500000E+01  7.15588E-03  5.51551E-01
  3.9637500000E+01  3.9641666667E+01  7.20902E-03  5.54639E-01
  3.9641666667E+01  3.9645833333E+01  7.25864E-03  5.65244E-01
  3.9645833333E+01  3.9650000000E+01  7.32754E-03  6.37841E-01
  3.9650000000E+01  3.9654166667E+01  7.36982E-03  6.18893E-01
  3.9654166667E+01  3.9658333333E+01  7.38435E-03  5.75007E-01
  3.9658333333E+01  3.9662500000E+01  7.41868E-03  5.52277E-01
  3.9662500000E+01  3.9666666667E+01  7.46534E-03  5.51872E-01
  3.9666666667E+01  3.9670833333E+01  7.56135E-03  6.31202E-01
  3.9670833333E+01  3.9675000000E+01  7.57151E-03  6.16233E-01
  3.9675000000E+01  3.9679166667E+01  7.62868E-03  6.18345E-01
  3.9679166667E+01  3.9683333333E+01  7.65119E-03  5.66924E-01
  3.9683333333E+01  3.9687500000E+01  7.70975E-03  5.92746E-01
  3.9687500000E+01  3.9691666667E+01  7.76234E-03  5.56603E-01
  3.9691666667E+01  3.9695833333E+01  7.82813E-03  5.85023E-01
  3.9695833333E+01  3.9700000000E+01  7.91488E-03  6.43226E-01
  3.9700000000E+01  3.9704166667E+01  7.95111E-03  5.90312E-01
  3.9704166667E+01  3.9708333333E+01  7.98102E-03  5.68532E-01
  3.9708333333E+01  3.9712500000E+01  8.01331E-03  5.32422E-01
  3.9712500000E+01  3.9716666667E+01  8.12932E-03  6.03047E-01
  3.9716666667E+01  3.9720833333E+01  8.16760E-03  5.59748E-01
  3.9720833333E+01  3.9725000000E+01  8.27775E-03  6.19764E-01
  3.9725000000E+01  3.9729166667E+01  8.28286E-03  5.43236E-01
  3.9729166667E+01  3.9733333333E+01  8.36990E-03  5.54616E-01
  3.9733333333E+01  3.9737500000E+01  8.43025E-03  5.70798E-01
  3.9737500000E+01  3.9741666667E+01  8.48209E-03  5.69128E-01
  3.9741666667E+01  3.9745833333E+01  8.57156E-03  5.39688E-01
  3.9745833333E+01  3.9750000000E+01  8.64615E-03  5.63323E-01
  3.9750000000E+01  3.9754166667E+01  8.75440E-03  6.24961E-01
  3.9754166667E+01  3.9758333333E+01  8.79207E-03  5.60667E-01
  3.9758333333E+01  3.9762500000E+01  8.87295E-03  5.56069E-01
  3.9762500000E+01  3.9766666667E+01  8.97219E-03  5.62089E-01
  3.9766666667E+01  3.9770833333E+01  9.05397E-03  5.54798E-01
  3.9770833333E+01  3.9775000000E+01  9.14008E-03  5.51644E-01
  3.9775000000E+01  3.9779166667E+01  9.27215E-03  6.07937E-01
  3.9779166667E+01  3.9783333333E+01  9.36841E-03  5.78522E-01
  3.9783333333E+01  3.9787500000E+01  9.47343E-03  5.65662E-01
  3.9787500000E+01  3.9791666667E+01  9.63511E-03  6.04613E-01
  3.9791666667E+01  3.9795833333E+01  9.73485E-03  6.07736E-01
  3.9795833333E+01  3.9800000000E+01  9.82858E-03  5.76107E-01
  3.9800000000E+01  3.9804166667E+01  9.96524E-03  5.67963E-01
  3.9804166667E+01  3.9808333333E+01  1.00708E-02  5.85930E-01
  3.9808333333E+01  3.9812500000E+01  1.01897E-02  5.96201E-01
  3.9812500000E+01  3.9816666667E+01  1.03029E-02  6.04104E-01
  3.9816666667E+01  3.9820833333E+01  1.04495E-02  6.10952E-01
  3.9820833333E+01  3.9825000000E+01  1.06434E-02  6.34342E-01
  3.9825000000E+01  3.9829166667E+01  1.06865E-02  5.92405E-01
  3.9829166667E+01  3.9833333333E+01  1.08486E-02  5.90541E-01
  3.9833333333E+01  3.9837500000E+01  1.10325E-02  5.93869E-01
  3.9837500000E+01  3.9841666667E+01  1.11379E-02  6.04674E-01
  3.9841666667E+01  3.9845833333E+01  1.12529E-02  5.99140E-01
  3.9845833333E+01  3.9850000000E+01  1.14198E-02  6.11683E-01
  3.9850000000E+01  3.9854166667E+01  1.15293E-02  5.92738E-01
  3.9854166667E+01  3.9858333333E+01  1.16981E-02  6.03193E-01
  3.9858333333E+01  3.9862500000E+01  1.18357E-02  6.16734E-01
  3.9862500000E+01  3.9866666667E+01  1.20238E-02  6.31918E-01
  3.9866666667E+01  3.9870833333E+01  1.21981E-02  6.38139E-01
  3.9870833333E+01  3.9875000000E+01  1.23273E-02  6.24355E-01
  3.9875000000E+01  3.9879166667E+01  1.24241E-02  6.24181E-01
  3.9879166667E+01  3.9883333333E+01  1.25449E-02  6.35377E-01
  3.9883333333E+01  3.9887500000E+01  1.26763E-02  6.42887E-01
  3.9887500000E+01  3.9891666667E+01  1.28113E-02  6.54706E-01
  3.9891666667E+01  3.9895833333E+01  1.29495E-02  6.69675E-01
  3.9895833333E+01  3.9900000000E+01  1.30080E-02  6.32350E-01
  3.9900000000E+01  3.9904166667E+01  1.31152E-02  6.54022E-01
  3.9904166667E+01  3.9908333333E+01  1.30840E-02  6.31825E-01
  3.9908333333E+01  3.9912500000E+01  1.31075E-02  6.34156E-01
  3.9912500000E+01  3.9916666667E+01  1.31998E-02  6.76625E-01
  3.9916666667E+01  3.9920833333E+01  1.31172E-02  6.55570E-01
  3.9920833333E+01  3.9925000000E+01  1.30978E-02  6.88769E-01
  3.9925000000E+01  3.9929166667E+01  1.30090E-02  6.70457E-01
  3.9929166667E+01  3.9933333333E+01  1.29206E-02  6.92240E-01
  3.9933333333E+01  3.9937500000E+01  1.28071E-02  7.23867E-01
  3.9937500000E+01  3.9941666667E+01  1.26892E-02  7.21518E-01
  3.9941666667E+01  3.9945833333E+01  1.25677E-02  7.40246E-01
  3.9945833333E+01  3.9950000000E+01  1.23736E-02  7.31915E-01
  3.9950000000E+01  3.9954166667E+01  1.22060E-02  7.70983E-01
  3.9954166667E+01  3.9958333333E+01  1.20132E-02  7.84972E-01
  3.9958333333E+01  3.9962500000E+01  1.17109E-02  7.75617E-01
  3.9962500000E+01  3.9966666667E+01  1.15102E-02  8.09869E-01
  3.9966666667E+01  3.9970833333E+01  1.12936E-02  8.57628E-01
  3.9970833333E+01  3.9975000000E+01  1.08201E-02  8.47941E-01
  3.9975000000E+01  3.9979166667E+01  1.05117E-02  8.56462E-01
  3.9979166667E+01  3.9983333333E+01  1.01760E-02  8.67231E-01
  3.9983333333E+01  3.9987500000E+01  9.94048E-03  9.12761E-01
  3.9987500000E+01  3.9991666667E+01  9.57506E-03  9.22667E-01
  3.9991666667E+01  3.9995833333E+01  9.17879E-03  9.50488E-01
  3.9995833333E+01  4.0000000000E+01  8.84975E-03  9.66318E-01
  4.0000000000E+01  4.0004166667E+01  8.46157E-03  1.00131E+00
  4.0004166667E+01  4.0008333333E+01  8.05996E-03  1.00537E+00
  4.0008333333E+01  4.0012500000E+01  7.64607E-03  1.04709E+00
  4.0012500000E+01  4.0016666667E+01  7.19319E-03  1.08640E+00
  4.0016666667E+01  4.0020833333E+01  6.84912E-03  1.11853E+00
  4.0020833333E+01  4.0025000000E+01  6.41302E-03  1.15175E+00
  4.0025000000E+01  4.0029166667E+01  5.99214E-03  1.20749E+00
  4.0029166667E+01  4.0033333333E+01  5.61617E-03  1.18169E+00
  4.0033333333E+01  4.0037500000E+01  5.27665E-03  1.24784E+00
  4.0037500000E+01  4.0041666667E+01  4.99114E-03  1.31372E+00
  4.0041666667E+01  4.0045833333E+01  4.61708E-03  1.37057E+00
  4.0045833333E+01  4.0050000000E+01  4.30517E-03  1.40408E+00
  4.0050000000E+01  4.0054166667E+01  3.91126E-03  1.50133E+00
  4.0054166667E+01  4.0058333333E+01  3.56249E-03  1.59185E+00
  4.0058333333E+01  4.0062500000E+01  3.28160E-03  1.63570E+00
  4.0062500000E+01  4.0066666667E+01  3.01642E-03  1.74103E+00
  4.0066666667E+01  4.0070833333E+01  2.75657E-03  1.89240E+00
  4.0070833333E+01  4.0075000000E+01  2.51009E-03  2.00483E+00
  4.0075000000E+01  4.0079166667E+01  2.28505E-03  2.03184E+00
  4.0079166667E+01  4.0083333333E+01  2.05814E-03  2.06940E+00
  4.0083333333E+01  4.0087500000E+01  1.81744E-03  2.21367E+00
  4.0087500000E+01  4.0091666667E+01  1.59496E-03  2.37934E+00
  4.0091666667E+01  4.0095833333E+01  1.43291E-03  2.73435E+00
  4.0095833333E+01  4.0100000000E+01  1.28015E-03  2.82883E+00
  4.0100000000E+01  4.0104166667E+01  1.15783E-03  2.98592E+00
  4.0104166667E+01  4.0108333333E+01  1.04915E-03  3.07645E+00
  4.0108333333E+01  4.0112500000E+01  8.80878E-04  3.32264E+00
  4.0112500000E+01  4.0116666667E+01  7.74821E-04  3.59823E+00
  4.0116666667E+01  4.0120833333E+01  6.88775E-04  3.66406E+00
  4.0120833333E+01  4.0125000000E+01  6.04735E-04  3.97871E+00
  4.0125000000E+01  4.0129166667E+01  5.27024E-04  4.38046E+00
  4.0129166667E+01  4.0133333333E+01  4.47763E-04  4.71635E+00
  4.0133333333E+01  4.0137500000E+01  4.13430E-04  5.08065E+00
  4.0137500000E+01  4.0141666667E+01  3.64831E-04  5.28475E+00
  4.0141666667E+01  4.0145833333E+01  2.85625E-04  6.09435E+00
  4.0145833333E+01  4.0150000000E+01  2.40123E-04  6.76503E+00
  4.0150000000E+01  4.0154166667E+01  2.10974E-04  7.23950E+00
  4.0154166667E+01  4.0158333333E+01  1.73831E-04  7.63216E+00
  4.0158333333E+01  4.0162500000E+01  1.56209E-04  8.32748E+00
  4.0162500000E+01  4.0166666667E+01  1.24807E-04  9.72596E+00
  4.0166666667E+01  4.0170833333E+01  1.12442E-04  1.00009E+01
  4.0170833333E+01  4.0175000000E+01  9.79177E-05  1.06529E+01
  4.0175000000E+01  4.0179166667E+01  7.18886E-05  1.20754E+01
  4.0179166667E+01  4.0183333333E+01  6.40828E-05  1.32289E+01
  4.0183333333E+01  4.0187500000E+01  5.34093E-05  1.44745E+01
  4.0187500000E+01  4.0191666667E+01  4.06768E-05  1.58067E+01
  4.0191666667E+01  4.0195833333E+01  3.79114E-05  1.62952E+01
  4.0195833333E+01  4.0200000000E+01  2.83342E-05  1.84725E+01
  4.0200000000E+01  4.0204166667E+01  2.48371E-05  2.12969E+01
  4.0204166667E+01  4.0208333333E+01  1.88023E-05  2.24080E+01
  4.0208333333E+01  4.0212500000E+01  1.93606E-05  2.51559E+01
  4.0212500000E+01  4.0216666667E+01  1.44672E-05  2.62895E+01
  4.0216666667E+01  4.0220833333E+01  9.58052E-06  3.14303E+01
  4.0220833333E+01  4.0225000000E+01  8.84672E-06  3.55929E+01
  4.0225000000E+01  4.0229166667E+01  8.40375E-06  3.54076E+01
  4.0229166667E+01  4.0233333333E+01  4.02317E-06  4.19768E+01
  4.0233333333E+01  4.0237500000E+01  3.30489E-06  4.34706E+01
  4.0237500000E+01  4.0241666667E+01  3.62542E-06  4.61606E+01
  4.0241666667E+01  4.0245833333E+01  4.34823E-06  4.75980E+01
  4.0245833333E+01  4.0250000000E+01  5.13078E-06  4.75471E+01
  4.0250000000E+01  4.0254166667E+01  3.96899E-06  5.70353E+01
  4.0254166667E+01  4.0258333333E+01  1.67425E-06  6.43040E+01
  4.0258333333E+01  4.0262500000E+01  2.08444E-06  6.43265E+01
  4.0262500000E+01  4.0266666667E+01  2.46261E-06  7.93030E+01
  4.0266666667E+01  4.0270833333E+01  6.30629E-07  1.00000E+02
  4.0270833333E+01  4.0275000000E+01  6.99600E-07  1.00000E+02
  4.0275000000E+01  4.0279166667E+01  7.85723E-07  1.00000E+02
  4.0279166667E+01  4.0283333333E+01  9.37346E-07  1.00000E+02
  4.0283333333E+01  4.0287500000E+01  1.33292E-06  1.00000E+02
  4.0287500000E+01  4.0291666667E+01  1.29471E-06  1.00000E+02
  4.0291666667E+01  4.0295833333E+01  0.00000E+00  0.00000E+00
  4.0295833333E+01  4.0300000000E+01  0.00000E+00  0.00000E+00
  4.0300000000E+01  4.0304166667E+01  0.00000E+00  0.00000E+00
  4.0304166667E+01  4.0308333333E+01  0.00000E+00  0.00000E+00
  4.0308333333E+01  4.0312500000E+01  0.00000E+00  0.00000E+00
  4.0312500000E+01  4.0316666667E+01  0.00000E+00  0.00000E+00
  4.0316666667E+01  4.0320833333E+01  0.00000E+00  0.00000E+00
  4.0320833333E+01  4.0325000000E+01  0.00000E+00  0.00000E+00
  4.0325000000E+01  4.0329166667E+01  0.00000E+00  0.00000E+00
  4.0329166667E+01  4.0333333333E+01  0.00000E+00  0.00000E+00
  4.0333333333E+01  4.0337500000E+01  0.00000E+00  0.00000E+00
  4.0337500000E+01  4.0341666667E+01  0.00000E+00  0.00000E+00
  4.0341666667E+01  4.0345833333E+01  0.00000E+00  0.00000E+00
  4.0345833333E+01  4.0350000000E+01  0.00000E+00  0.00000E+00
  4.0350000000E+01  4.0354166667E+01  0.00000E+00  0.00000E+00
  4.0354166667E+01  4.0358333333E+01  0.00000E+00  0.00000E+00
  4.0358333333E+01  4.0362500000E+01  0.00000E+00  0.00000E+00
  4.0362500000E+01  4.0366666667E+01  0.00000E+00  0.00000E+00
  4.0366666667E+01  4.0370833333E+01  0.00000E+00  0.00000E+00
  4.0370833333E+01  4.0375000000E+01  0.00000E+00  0.00000E+00
  4.0375000000E+01  4.0379166667E+01  0.00000E+00  0.00000E+00
  4.0379166667E+01  4.0383333333E+01  0.00000E+00  0.00000E+00
  4.0383333333E+01  4.0387500000E+01  0.00000E+00  0.00000E+00
  4.0387500000E+01  4.0391666667E+01  0.00000E+00  0.00000E+00
  4.0391666667E+01  4.0395833333E+01  0.00000E+00  0.00000E+00
  4.0395833333E+01  4.0400000000E+01  0.00000E+00  0.00000E+00
  4.0400000000E+01  4.0404166667E+01  0.00000E+00  0.00000E+00
  4.0404166667E+01  4.0408333333E+01  1.99446E-14  1.00000E+02
  4.0408333333E+01  4.0412500000E+01  0.00000E+00  0.00000E+00
  4.0412500000E+01  4.0416666667E+01  0.00000E+00  0.00000E+00
  4.0416666667E+01  4.0420833333E+01  0.00000E+00  0.00000E+00
  4.0420833333E+01  4.0425000000E+01  0.00000E+00  0.00000E+00
  4.0425000000E+01  4.0429166667E+01  0.00000E+00  0.00000E+00
  4.0429166667E+01  4.0433333333E+01  0.00000E+00  0.00000E+00
  4.0433333333E+01  4.0437500000E+01  0.00000E+00  0.00000E+00
  4.0437500000E+01  4.0441666667E+01  0.00000E+00  0.00000E+00
  4.0441666667E+01  4.0445833333E+01  0.00000E+00  0.00000E+00
  4.0445833333E+01  4.0450000000E+01  0.00000E+00  0.00000E+00
  4.0450000000E+01  4.0454166667E+01  0.00000E+00  0.00000E+00
  4.0454166667E+01  4.0458333333E+01  0.00000E+00  0.00000E+00
  4.0458333333E+01  4.0462500000E+01  0.00000E+00  0.00000E+00
  4.0462500000E+01  4.0466666667E+01  0.00000E+00  0.00000E+00
  4.0466666667E+01  4.0470833333E+01  0.00000E+00  0.00000E+00
  4.0470833333E+01  4.0475000000E+01  0.00000E+00  0.00000E+00
  4.0475000000E+01  4.0479166667E+01  0.00000E+00  0.00000E+00
  4.0479166667E+01  4.0483333333E+01  2.58013E-06  1.00000E+02
  4.0483333333E+01  4.0487500000E+01  0.00000E+00  0.00000E+00
  4.0487500000E+01  4.0491666667E+01  4.88213E-08  1.00000E+02
  4.0491666667E+01  4.0495833333E+01  0.00000E+00  0.00000E+00
  4.0495833333E+01  4.0500000000E+01  0.00000E+00  0.00000E+00
  4.0500000000E+01  4.0504166667E+01  0.00000E+00  0.00000E+00
  4.0504166667E+01  4.0508333333E+01  0.00000E+00  0.00000E+00
  4.0508333333E+01  4.0512500000E+01  0.00000E+00  0.00000E+00
  4.0512500000E+01  4.0516666667E+01  0.00000E+00  0.00000E+00
  4.0516666667E+01  4.0520833333E+01  0.00000E+00  0.00000E+00
  4.0520833333E+01  4.0525000000E+01  0.00000E+00  0.00000E+00
  4.0525000000E+01  4.0529166667E+01  0.00000E+00  0.00000E+00
  4.0529166667E+01  4.0533333333E+01  0.00000E+00  0.00000E+00
  4.0533333333E+01  4.0537500000E+01  0.00000E+00  0.00000E+00
  4.0537500000E+01  4.0541666667E+01  0.00000E+00  0.00000E+00
  4.0541666667E+01  4.0545833333E+01  0.00000E+00  0.00000E+00
  4.0545833333E+01  4.0550000000E+01  0.00000E+00  0.00000E+00
  4.0550000000E+01  4.0554166667E+01  0.00000E+00  0.00000E+00
  4.0554166667E+01  4.0558333333E+01  0.00000E+00  0.00000E+00
  4.0558333333E+01  4.0562500000E+01  0.00000E+00  0.00000E+00
  4.0562500000E+01  4.0566666667E+01  0.00000E+00  0.00000E+00
  4.0566666667E+01  4.0570833333E+01  1.71235E-07  1.00000E+02
  4.0570833333E+01  4.0575000000E+01  0.00000E+00  0.00000E+00
  4.0575000000E+01  4.0579166667E+01  0.00000E+00  0.00000E+00
  4.0579166667E+01  4.0583333333E+01  0.00000E+00  0.00000E+00
  4.0583333333E+01  4.0587500000E+01  0.00000E+00  0.00000E+00
  4.0587500000E+01  4.0591666667E+01  0.00000E+00  0.00000E+00
  4.0591666667E+01  4.0595833333E+01  2.37430E-14  1.00000E+02
  4.0595833333E+01  4.0600000000E+01  0.00000E+00  0.00000E+00
  4.0600000000E+01  4.0604166667E+01  0.00000E+00  0.00000E+00
  4.0604166667E+01  4.0608333333E+01  0.00000E+00  0.00000E+00
  4.0608333333E+01  4.0612500000E+01  0.00000E+00  0.00000E+00
  4.0612500000E+01  4.0616666667E+01  1.99446E-14  1.00000E+02
  4.0616666667E+01  4.0620833333E+01  0.00000E+00  0.00000E+00
  4.0620833333E+01  4.0625000000E+01  0.00000E+00  0.00000E+00
  4.0625000000E+01  4.0629166667E+01  0.00000E+00  0.00000E+00
  4.0629166667E+01  4.0633333333E+01  0.00000E+00  0.00000E+00
  4.0633333333E+01  4.0637500000E+01  0.00000E+00  0.00000E+00
  4.0637500000E+01  4.0641666667E+01  0.00000E+00  0.00000E+00
  4.0641666667E+01  4.0645833333E+01  0.00000E+00  0.00000E+00
  4.0645833333E+01  4.0650000000E+01  0.00000E+00  0.00000E+00
  4.0650000000E+01  4.0654166667E+01  6.26931E-14  1.00000E+02
  4.0654166667E+01  4.0658333333E+01  7.17899E-08  9.66780E+01
  4.0658333333E+01  4.0662500000E+01  2.90408E-07  1.00000E+02
  4.0662500000E+01  4.0666666667E+01  2.90414E-07  9.99981E+01
  4.0666666667E+01  4.0670833333E+01  2.90408E-07  1.00000E+02
  4.0670833333E+01  4.0675000000E+01  2.90408E-07  1.00000E+02
  4.0675000000E+01  4.0679166667E+01  2.90408E-07  7.13817E+01
  4.0679166667E+01  4.0683333333E+01  2.90408E-07  1.00000E+02
  4.0683333333E+01  4.0687500000E+01  2.90408E-07  1.00000E+02
  4.0687500000E+01  4.0691666667E+01  2.90408E-07  1.00000E+02
  4.0691666667E+01  4.0695833333E+01  3.32451E-07  9.59533E+01
  4.0695833333E+01  4.0700000000E+01  3.38839E-07  8.96054E+01
  4.0700000000E+01  4.0704166667E+01  3.38839E-07  1.00000E+02
  4.0704166667E+01  4.0708333333E+01  3.38839E-07  1.00000E+02
  4.0708333333E+01  4.0712500000E+01  3.38839E-07  1.00000E+02
  4.0712500000E+01  4.0716666667E+01  3.38839E-07  7.08175E+01
  4.0716666667E+01  4.0720833333E+01  3.41149E-07  1.00000E+02
  4.0720833333E+01  4.0725000000E+01  3.65335E-07  1.00000E+02
  4.0725000000E+01  4.0729166667E+01  3.65335E-07  1.00000E+02
  4.0729166667E+01  4.0733333333E+01  2.98881E-07  1.00000E+02
  4.0733333333E+01  4.0737500000E+01  0.00000E+00  0.00000E+00
  4.0737500000E+01  4.0741666667E+01  0.00000E+00  0.00000E+00
  4.0741666667E+01  4.0745833333E+01  0.00000E+00  0.00000E+00
  4.0745833333E+01  4.0750000000E+01  0.00000E+00  0.00000E+00
  4.0750000000E+01  4.0754166667E+01  1.29490E-06  1.00000E+02
  4.0754166667E+01  4.0758333333E+01  0.00000E+00  0.00000E+00
  4.0758333333E+01  4.0762500000E+01  7.37610E-09  1.00000E+02
  4.0762500000E+01  4.0766666667E+01  0.00000E+00  0.00000E+00
  4.0766666667E+01  4.0770833333E+01  0.00000E+00  0.00000E+00
  4.0770833333E+01  4.0775000000E+01  0.00000E+00  0.00000E+00
  4.0775000000E+01  4.0779166667E+01  0.00000E+00  0.00000E+00
  4.0779166667E+01  4.0783333333E+01  0.00000E+00  0.00000E+00
  4.0783333333E+01  4.0787500000E+01  0.00000E+00  0.00000E+00
  4.0787500000E+01  4.0791666667E+01  0.00000E+00  0.00000E+00
  4.0791666667E+01  4.0795833333E+01  0.00000E+00  0.00000E+00
  4.0795833333E+01  4.0800000000E+01  0.00000E+00  0.00000E+00
  4.0800000000E+01  4.0804166667E+01  0.00000E+00  0.00000E+00
  4.0804166667E+01  4.0808333333E+01  0.00000E+00  0.00000E+00
  4.0808333333E+01  4.0812500000E+01  0.00000E+00  0.00000E+00
  4.0812500000E+01  4.0816666667E+01  0.00000E+00  0.00000E+00
  4.0816666667E+01  4.0820833333E+01  0.00000E+00  0.00000E+00
  4.0820833333E+01  4.0825000000E+01  0.00000E+00  0.00000E+00
  4.0825000000E+01  4.0829166667E+01  0.00000E+00  0.00000E+00
  4.0829166667E+01  4.0833333333E+01  0.00000E+00  0.00000E+00
  4.0833333333E+01  4.0837500000E+01  0.00000E+00  0.00000E+00
  4.0837500000E+01  4.0841666667E+01  0.00000E+00  0.00000E+00
  4.0841666667E+01  4.0845833333E+01  0.00000E+00  0.00000E+00
  4.0845833333E+01  4.0850000000E+01  0.00000E+00  0.00000E+00
  4.0850000000E+01  4.0854166667E+01  0.00000E+00  0.00000E+00
  4.0854166667E+01  4.0858333333E+01  0.00000E+00  0.00000E+00
  4.0858333333E+01  4.0862500000E+01  0.00000E+00  0.00000E+00
  4.0862500000E+01  4.0866666667E+01  5.03853E-13  1.00000E+02
  4.0866666667E+01  4.0870833333E+01  0.00000E+00  0.00000E+00
  4.0870833333E+01  4.0875000000E+01  0.00000E+00  0.00000E+00
  4.0875000000E+01  4.0879166667E+01  0.00000E+00  0.00000E+00
  4.0879166667E+01  4.0883333333E+01  0.00000E+00  0.00000E+00
  4.0883333333E+01  4.0887500000E+01  0.00000E+00  0.00000E+00
  4.0887500000E+01  4.0891666667E+01  0.00000E+00  0.00000E+00
  4.0891666667E+01  4.0895833333E+01  0.00000E+00  0.00000E+00
  4.0895833333E+01  4.0900000000E+01  0.00000E+00  0.00000E+00
  4.0900000000E+01  4.0904166667E+01  0.00000E+00  0.00000E+00
  4.0904166667E+01  4.0908333333E+01  0.00000E+00  0.00000E+00
  4.0908333333E+01  4.0912500000E+01  0.00000E+00  0.00000E+00
  4.0912500000E+01  4.0916666667E+01  0.00000E+00  0.00000E+00
  4.0916666667E+01  4.0920833333E+01  0.00000E+00  0.00000E+00
  4.0920833333E+01  4.0925000000E+01  1.40975E-07  1.00000E+02
  4.0925000000E+01  4.0929166667E+01  1.11424E-06  1.00000E+02
  4.0929166667E+01  4.0933333333E+01  1.49977E-06  1.00000E+02
  4.0933333333E+01  4.0937500000E+01  1.99566E-06  1.00000E+02
  4.0937500000E+01  4.0941666667E+01  0.00000E+00  0.00000E+00
  4.0941666667E+01  4.0945833333E+01  0.00000E+00  0.00000E+00
  4.0945833333E+01  4.0950000000E+01  1.22673E-08  1.00000E+02
  4.0950000000E+01  4.0954166667E+01  0.00000E+00  0.00000E+00
  4.0954166667E+01  4.0958333333E+01  0.00000E+00  0.00000E+00
  4.0958333333E+01  4.0962500000E+01  0.00000E+00  0.00000E+00
  4.0962500000E+01  4.0966666667E+01  0.00000E+00  0.00000E+00
  4.0966666667E+01  4.0970833333E+01  0.00000E+00  0.00000E+00
  4.0970833333E+01  4.0975000000E+01  0.00000E+00  0.00000E+00
  4.0975000000E+01  4.0979166667E+01  0.00000E+00  0.00000E+00
  4.0979166667E+01  4.0983333333E+01  0.00000E+00  0.00000E+00
  4.0983333333E+01  4.0987500000E+01  0.00000E+00  0.00000E+00
  4.0987500000E+01  4.0991666667E+01  0.00000E+00  0.00000E+00
  4.0991666667E+01  4.0995833333E+01  4.27980E-14  1.00000E+02
  4.0995833333E+01  4.1000000000E+01  0.00000E+00  0.00000E+00
  4.1000000000E+01  4.1004166667E+01  0.00000E+00  0.00000E+00
  4.1004166667E+01  4.1008333333E+01  0.00000E+00  0.00000E+00
  4.1008333333E+01  4.1012500000E+01  0.00000E+00  0.00000E+00
  4.1012500000E+01  4.1016666667E+01  0.00000E+00  0.00000E+00
  4.1016666667E+01  4.1020833333E+01  0.00000E+00  0.00000E+00
  4.1020833333E+01  4.1025000000E+01  0.00000E+00  0.00000E+00
  4.1025000000E+01  4.1029166667E+01  0.00000E+00  0.00000E+00
  4.1029166667E+01  4.1033333333E+01  0.00000E+00  0.00000E+00
  4.1033333333E+01  4.1037500000E+01  0.00000E+00  0.00000E+00
  4.1037500000E+01  4.1041666667E+01  0.00000E+00  0.00000E+00
  4.1041666667E+01  4.1045833333E+01  0.00000E+00  0.00000E+00
  4.1045833333E+01  4.1050000000E+01  0.00000E+00  0.00000E+00
  4.1050000000E+01  4.1054166667E+01  4.42369E-12  1.00000E+02
  4.1054166667E+01  4.1058333333E+01  0.00000E+00  0.00000E+00
  4.1058333333E+01  4.1062500000E+01  2.07021E-14  1.00000E+02
  4.1062500000E+01  4.1066666667E+01  0.00000E+00  0.00000E+00
  4.1066666667E+01  4.1070833333E+01  0.00000E+00  0.00000E+00
  4.1070833333E+01  4.1075000000E+01  0.00000E+00  0.00000E+00
  4.1075000000E+01  4.1079166667E+01  4.77172E-13  1.00000E+02
  4.1079166667E+01  4.1083333333E+01  0.00000E+00  0.00000E+00
  4.1083333333E+01  4.1087500000E+01  0.00000E+00  0.00000E+00
  4.1087500000E+01  4.1091666667E+01  0.00000E+00  0.00000E+00
  4.1091666667E+01  4.1095833333E+01  0.00000E+00  0.00000E+00
  4.1095833333E+01  4.1100000000E+01  0.00000E+00  0.00000E+00
  4.1100000000E+01  4.1104166667E+01  0.00000E+00  0.00000E+00
  4.1104166667E+01  4.1108333333E+01  0.00000E+00  0.00000E+00
  4.1108333333E+01  4.1112500000E+01  0.00000E+00  0.00000E+00
  4.1112500000E+01  4.1116666667E+01  0.00000E+00  0.00000E+00
  4.1116666667E+01  4.1120833333E+01  0.00000E+00  0.00000E+00
  4.1120833333E+01  4.1125000000E+01  0.00000E+00  0.00000E+00
  4.1125000000E+01  4.1129166667E+01  0.00000E+00  0.00000E+00
  4.1129166667E+01  4.1133333333E+01  0.00000E+00  0.00000E+00
  4.1133333333E+01  4.1137500000E+01  0.00000E+00  0.00000E+00
  4.1137500000E+01  4.1141666667E+01  0.00000E+00  0.00000E+00
  4.1141666667E+01  4.1145833333E+01  0.00000E+00  0.00000E+00
  4.1145833333E+01  4.1150000000E+01  0.00000E+00  0.00000E+00
  4.1150000000E+01  4.1154166667E+01  0.00000E+00  0.00000E+00
  4.1154166667E+01  4.1158333333E+01  0.00000E+00  0.00000E+00
  4.1158333333E+01  4.1162500000E+01  0.00000E+00  0.00000E+00
  4.1162500000E+01  4.1166666667E+01  6.68692E-08  1.00000E+02
  4.1166666667E+01  4.1170833333E+01  3.98332E-07  1.00000E+02
  4.1170833333E+01  4.1175000000E+01  3.98332E-07  1.00000E+02
  4.1175000000E+01  4.1179166667E+01  4.11113E-07  1.00000E+02
  4.1179166667E+01  4.1183333333E+01  4.34093E-07  1.00000E+02
  4.1183333333E+01  4.1187500000E+01  4.36553E-07  1.00000E+02
  4.1187500000E+01  4.1191666667E+01  4.80467E-07  1.00000E+02
  4.1191666667E+01  4.1195833333E+01  4.87494E-07  1.00000E+02
  4.1195833333E+01  4.1200000000E+01  5.23433E-07  1.00000E+02
  4.1200000000E+01  4.1204166667E+01  5.73783E-07  1.00000E+02
  4.1204166667E+01  4.1208333333E+01  6.01337E-07  1.00000E+02
  4.1208333333E+01  4.1212500000E+01  6.21955E-07  1.00000E+02
  4.1212500000E+01  4.1216666667E+01  6.95534E-07  1.00000E+02
  4.1216666667E+01  4.1220833333E+01  7.73275E-07  1.00000E+02
  4.1220833333E+01  4.1225000000E+01  9.35956E-07  1.00000E+02
  4.1225000000E+01  4.1229166667E+01  1.29706E-06  1.00000E+02
  4.1229166667E+01  4.1233333333E+01  1.52478E-06  1.00000E+02
  4.1233333333E+01  4.1237500000E+01  0.00000E+00  0.00000E+00
  4.1237500000E+01  4.1241666667E+01  0.00000E+00  0.00000E+00
  4.1241666667E+01  4.1245833333E+01  0.00000E+00  0.00000E+00
  4.1245833333E+01  4.1250000000E+01  0.00000E+00  0.00000E+00
  4.1250000000E+01  4.1254166667E+01  0.00000E+00  0.00000E+00
  4.1254166667E+01  4.1258333333E+01  0.00000E+00  0.00000E+00
  4.1258333333E+01  4.1262500000E+01  0.00000E+00  0.00000E+00
  4.1262500000E+01  4.1266666667E+01  0.00000E+00  0.00000E+00
  4.1266666667E+01  4.1270833333E+01  0.00000E+00  0.00000E+00
  4.1270833333E+01  4.1275000000E+01  1.36153E-14  1.00000E+02
  4.1275000000E+01  4.1279166667E+01  0.00000E+00  0.00000E+00
  4.1279166667E+01  4.1283333333E+01  0.00000E+00  0.00000E+00
  4.1283333333E+01  4.1287500000E+01  0.00000E+00  0.00000E+00
  4.1287500000E+01  4.1291666667E+01  0.00000E+00  0.00000E+00
  4.1291666667E+01  4.1295833333E+01  0.00000E+00  0.00000E+00
  4.1295833333E+01  4.1300000000E+01  2.37430E-14  1.00000E+02
  4.1300000000E+01  4.1304166667E+01  0.00000E+00  0.00000E+00
  4.1304166667E+01  4.1308333333E+01  0.00000E+00  0.00000E+00
  4.1308333333E+01  4.1312500000E+01  0.00000E+00  0.00000E+00
  4.1312500000E+01  4.1316666667E+01  0.00000E+00  0.00000E+00
  4.1316666667E+01  4.1320833333E+01  0.00000E+00  0.00000E+00
  4.1320833333E+01  4.1325000000E+01  2.95690E-15  1.00000E+02
  4.1325000000E+01  4.1329166667E+01  0.00000E+00  0.00000E+00
  4.1329166667E+01  4.1333333333E+01  2.37430E-14  1.00000E+02
  4.1333333333E+01  4.1337500000E+01  0.00000E+00  0.00000E+00
  4.1337500000E+01  4.1341666667E+01  0.00000E+00  0.00000E+00
  4.1341666667E+01  4.1345833333E+01  0.00000E+00  0.00000E+00
  4.1345833333E+01  4.1350000000E+01  0.00000E+00  0.00000E+00
  4.1350000000E+01  4.1354166667E+01  1.13082E-14  1.00000E+02
  4.1354166667E+01  4.1358333333E+01  0.00000E+00  0.00000E+00
  4.1358333333E+01  4.1362500000E+01  0.00000E+00  0.00000E+00
  4.1362500000E+01  4.1366666667E+01  0.00000E+00  0.00000E+00
  4.1366666667E+01  4.1370833333E+01  0.00000E+00  0.00000E+00
  4.1370833333E+01  4.1375000000E+01  0.00000E+00  0.00000E+00
  4.1375000000E+01  4.1379166667E+01  0.00000E+00  0.00000E+00
  4.1379166667E+01  4.1383333333E+01  0.00000E+00  0.00000E+00
  4.1383333333E+01  4.1387500000E+01  0.00000E+00  0.00000E+00
  4.1387500000E+01  4.1391666667E+01  0.00000E+00  0.00000E+00
  4.1391666667E+01  4.1395833333E+01  0.00000E+00  0.00000E+00
  4.1395833333E+01  4.1400000000E+01  1.22466E-06  1.00000E+02
  4.1400000000E+01  4.1404166667E+01  0.00000E+00  0.00000E+00
  4.1404166667E+01  4.1408333333E+01  0.00000E+00  0.00000E+00
  4.1408333333E+01  4.1412500000E+01  0.00000E+00  0.00000E+00
  4.1412500000E+01  4.1416666667E+01  0.00000E+00  0.00000E+00
  4.1416666667E+01  4.1420833333E+01  0.00000E+00  0.00000E+00
  4.1420833333E+01  4.1425000000E+01  0.00000E+00  0.00000E+00
  4.1425000000E+01  4.1429166667E+01  0.00000E+00  0.00000E+00
  4.1429166667E+01  4.1433333333E+01  2.80212E-14  1.00000E+02
  4.1433333333E+01  4.1437500000E+01  0.00000E+00  0.00000E+00
  4.1437500000E+01  4.1441666667E+01  0.00000E+00  0.00000E+00
  4.1441666667E+01  4.1445833333E+01  0.00000E+00  0.00000E+00
  4.1445833333E+01  4.1450000000E+01  0.00000E+00  0.00000E+00
  4.1450000000E+01  4.1454166667E+01  0.00000E+00  0.00000E+00
  4.1454166667E+01  4.1458333333E+01  0.00000E+00  0.00000E+00
  4.1458333333E+01  4.1462500000E+01  0.00000E+00  0.00000E+00
  4.1462500000E+01  4.1466666667E+01  0.00000E+00  0.00000E+00
  4.1466666667E+01  4.1470833333E+01  0.00000E+00  0.00000E+00
  4.1470833333E+01  4.1475000000E+01  0.00000E+00  0.00000E+00
  4.1475000000E+01  4.1479166667E+01  0.00000E+00  0.00000E+00
  4.1479166667E+01  4.1483333333E+01  0.00000E+00  0.00000E+00
  4.1483333333E+01  4.1487500000E+01  0.00000E+00  0.00000E+00
  4.1487500000E+01  4.1491666667E+01  0.00000E+00  0.00000E+00
  4.1491666667E+01  4.1495833333E+01  0.00000E+00  0.00000E+00
  4.1495833333E+01  4.1500000000E+01  0.00000E+00  0.00000E+00
  4.1500000000E+01  4.1500000000E+01  0.00000E+00  0.00000E+00