# Detector n: 1D Projection
  3.6500000000E+01  3.6504166667E+01  3.13824E-03  9.41437E-01
  3.6504166667E+01  3.6508333333E+01  3.13736E-03  7.86169E-01
  3.6508333333E+01  3.6512500000E+01  3.13446E-03  9.86990E-01
  3.6512500000E+01  3.6516666667E+01  3.12054E-03  8.98181E-01
  3.6516666667E+01  3.6520833333E+01  3.18053E-03  1.34430E+00
  3.6520833333E+01  3.6525000000E+01  3.18517E-03  1.18597E+00
  3.6525000000E+01  3.6529166667E+01  3.14080E-03  8.73138E-01
  3.6529166667E+01  3.6533333333E+01  3.12174E-03  6.71921E-01
  3.6533333333E+01  3.6537500000E+01  3.13968E-03  1.02337E+00
  3.6537500000E+01  3.6541666667E+01  3.09631E-03  4.94948E-01
  3.6541666667E+01  3.6545833333E+01  3.12128E-03  6.54767E-01
  3.6545833333E+01  3.6550000000E+01  3.14625E-03  8.05709E-01
  3.6550000000E+01  3.6554166667E+01  3.18232E-03  1.11506E+00
  3.6554166667E+01  3.6558333333E+01  3.13413E-03  7.23208E-01
  3.6558333333E+01  3.6562500000E+01  3.12373E-03  6.17080E-01
  3.6562500000E+01  3.6566666667E+01  3.14117E-03  8.13218E-01
  3.6566666667E+01  3.6570833333E+01  3.13457E-03  8.71736E-01
  3.6570833333E+01  3.6575000000E+01  3.13892E-03  7.78716E-01
  3.6575000000E+01  3.6579166667E+01  3.13382E-03  5.12270E-01
  3.6579166667E+01  3.6583333333E+01  3.14704E-03  6.70817E-01
  3.6583333333E+01  3.6587500000E+01  3.16075E-03  8.45634E-01
  3.6587500000E+01  3.6591666667E+01  3.14756E-03  6.36725E-01
  3.6591666667E+01  3.6595833333E+01  3.18221E-03  9.12905E-01
  3.6595833333E+01  3.6600000000E+01  3.17270E-03  7.74958E-01
  3.6600000000E+01  3.6604166667E+01  3.14432E-03  6.15480E-01
  3.6604166667E+01  3.6608333333E+01  3.21029E-03  1.16261E+00
  3.6608333333E+01  3.6612500000E+01  3.16826E-03  6.69537E-01
  3.6612500000E+01  3.6616666667E+01  3.16925E-03  7.31280E-01
  3.6616666667E+01  3.6620833333E+01  3.21864E-03  1.44956E+00
  3.6620833333E+01  3.6625000000E+01  3.18072E-03  9.30380E-01
  3.6625000000E+01  3.6629166667E+01  3.19083E-03  8.45631E-01
  3.6629166667E+01  3.6633333333E+01  3.19633E-03  1.00902E+00
  3.6633333333E+01  3.6637500000E+01  3.15299E-03  6.10215E-01
  3.6637500000E+01  3.6641666667E+01  3.19037E-03  1.18909E+00
  3.6641666667E+01  3.6645833333E+01  3.16026E-03  6.36025E-01
  3.6645833333E+01  3.6650000000E+01  3.15895E-03  5.65298E-01
  3.6650000000E+01  3.6654166667E+01  3.18063E-03  7.74255E-01
  3.6654166667E+01  3.6658333333E+01  3.16674E-03  5.24864E-01
  3.6658333333E+01  3.6662500000E+01  3.27172E-03  1.53313E+00
  3.6662500000E+01  3.6666666667E+01  3.17607E-03  6.65542E-01
  3.6666666667E+01  3.6670833333E+01  3.22459E-03  1.38032E+00
  3.6670833333E+01  3.6675000000E+01  3.16215E-03  5.41480E-01
  3.6675000000E+01  3.6679166667E+01  3.17847E-03  6.50586E-01
  3.6679166667E+01  3.6683333333E+01  3.17455E-03  6.57134E-01
  3.6683333333E+01  3.6687500000E+01  3.24913E-03  1.44034E+00
  3.6687500000E+01  3.6691666667E+01  3.20808E-03  8.99434E-01
  3.6691666667E+01  3.6695833333E+01  3.21355E-03  8.89427E-01
  3.6695833333E+01  3.6700000000E+01  3.16367E-03  5.11068E-01
  3.6700000000E+01  3.6704166667E+01  3.15793E-03  5.11993E-01
  3.6704166667E+01  3.6708333333E+01  3.17312E-03  6.44975E-01
  3.6708333333E+01  3.6712500000E+01  3.16732E-03  7.36187E-01
  3.6712500000E+01  3.6716666667E+01  3.15557E-03  5.22760E-01
  3.6716666667E+01  3.6720833333E+01  3.20443E-03  8.21434E-01
  3.6720833333E+01  3.6725000000E+01  3.21051E-03  5.88585E-01
  3.6725000000E+01  3.6729166667E+01  3.25220E-03  8.27967E-01
  3.6729166667E+01  3.6733333333E+01  3.25111E-03  7.80510E-01
  3.6733333333E+01  3.6737500000E+01  3.29657E-03  1.03287E+00
  3.6737500000E+01  3.6741666667E+01  3.24802E-03  7.43331E-01
  3.6741666667E+01  3.6745833333E+01  3.21860E-03  5.09422E-01
  3.6745833333E+01  3.6750000000E+01  3.25776E-03  1.01116E+00
  3.6750000000E+01  3.6754166667E+01  3.22254E-03  5.21118E-01
  3.6754166667E+01  3.6758333333E+01  3.25530E-03  9.34204E-01
  3.6758333333E+01  3.6762500000E+01  3.22413E-03  5.96776E-01
  3.6762500000E+01  3.6766666667E+01  3.24053E-03  6.64859E-01
  3.6766666667E+01  3.6770833333E+01  3.28939E-03  1.28534E+00
  3.6770833333E+01  3.6775000000E+01  3.24246E-03  6.89290E-01
  3.6775000000E+01  3.6779166667E+01  3.22623E-03  5.70965E-01
  3.6779166667E+01  3.6783333333E+01  3.27184E-03  9.26972E-01
  3.6783333333E+01  3.6787500000E+01  3.28796E-03  1.29194E+00
  3.6787500000E+01  3.6791666667E+01  3.23444E-03  5.52518E-01
  3.6791666667E+01  3.6795833333E+01  3.22843E-03  5.96467E-01
  3.6795833333E+01  3.6800000000E+01  3.24711E-03  8.07681E-01
  3.6800000000E+01  3.6804166667E+01  3.30016E-03  9.66138E-01
  3.6804166667E+01  3.6808333333E+01  3.26720E-03  8.50467E-01
  3.6808333333E+01  3.6812500000E+01  3.25898E-03  8.01722E-01
  3.6812500000E+01  3.6816666667E+01  3.28278E-03  7.88243E-01
  3.6816666667E+01  3.6820833333E+01  3.26022E-03  6.39729E-01
  3.6820833333E+01  3.6825000000E+01  3.25866E-03  6.70739E-01
  3.6825000000E+01  3.6829166667E+01  3.29361E-03  1.01632E+00
  3.6829166667E+01  3.6833333333E+01  3.36276E-03  1.41643E+00
  3.6833333333E+01  3.6837500000E+01  3.27634E-03  8.10044E-01
  3.6837500000E+01  3.6841666667E+01  3.27061E-03  7.80915E-01
  3.6841666667E+01  3.6845833333E+01  3.28811E-03  8.67424E-01
  3.6845833333E+01  3.6850000000E+01  3.24702E-03  5.56129E-01
  3.6850000000E+01  3.6854166667E+01  3.27740E-03  1.04637E+00
  3.6854166667E+01  3.6858333333E+01  3.23945E-03  5.63639E-01
  3.6858333333E+01  3.6862500000E+01  3.29535E-03  9.82886E-01
  3.6862500000E+01  3.6866666667E+01  3.29062E-03  9.27437E-01
  3.6866666667E+01  3.6870833333E+01  3.27104E-03  9.06588E-01
  3.6870833333E+01  3.6875000000E+01  3.27851E-03  7.62338E-01
  3.6875000000E+01  3.6879166667E+01  3.32408E-03  1.22722E+00
  3.6879166667E+01  3.6883333333E+01  3.27176E-03  7.10961E-01
  3.6883333333E+01  3.6887500000E+01  3.31996E-03  1.10919E+00
  3.6887500000E+01  3.6891666667E+01  3.35614E-03  1.50243E+00
  3.6891666667E+01  3.6895833333E+01  3.28866E-03  9.58102E-01
  3.6895833333E+01  3.6900000000E+01  3.34577E-03  1.33564E+00
  3.6900000000E+01  3.6904166667E+01  3.29294E-03  7.60095E-01
  3.6904166667E+01  3.6908333333E+01  3.29516E-03  7.60208E-01
  3.6908333333E+01  3.6912500000E+01  3.30481E-03  1.01839E+00
  3.6912500000E+01  3.6916666667E+01  3.30325E-03  8.42163E-01
  3.6916666667E+01  3.6920833333E+01  3.27202E-03  7.78362E-01
  3.6920833333E+01  3.6925000000E+01  3.25135E-03  5.69615E-01
  3.6925000000E+01  3.6929166667E+01  3.25808E-03  5.94389E-01
  3.6929166667E+01  3.6933333333E+01  3.29778E-03  1.13524E+00
  3.6933333333E+01  3.6937500000E+01  3.31099E-03  1.06113E+00
  3.6937500000E+01  3.6941666667E+01  3.28298E-03  8.19525E-01
  3.6941666667E+01  3.6945833333E+01  3.26622E-03  6.36645E-01
  3.6945833333E+01  3.6950000000E+01  3.25728E-03  5.90656E-01
  3.6950000000E+01  3.6954166667E+01  3.27702E-03  8.01188E-01
  3.6954166667E+01  3.6958333333E+01  3.26524E-03  5.82455E-01
  3.6958333333E+01  3.6962500000E+01  3.28707E-03  1.03080E+00
  3.6962500000E+01  3.6966666667E+01  3.25381E-03  7.82206E-01
  3.6966666667E+01  3.6970833333E+01  3.30140E-03  1.09719E+00
  3.6970833333E+01  3.6975000000E+01  3.28787E-03  8.21438E-01
  3.6975000000E+01  3.6979166667E+01  3.28051E-03  7.67697E-01
  3.6979166667E+01  3.6983333333E+01  3.28179E-03  7.11313E-01
  3.6983333333E+01  3.6987500000E+01  3.34937E-03  1.37675E+00
  3.6987500000E+01  3.6991666667E+01  3.32155E-03  1.04023E+00
  3.6991666667E+01  3.6995833333E+01  3.32620E-03  1.12568E+00
  3.6995833333E+01  3.7000000000E+01  3.32025E-03  8.13701E-01
  3.7000000000E+01  3.7004166667E+01  3.32341E-03  7.03299E-01
  3.7004166667E+01  3.7008333333E+01  3.35131E-03  9.75100E-01
  3.7008333333E+01  3.7012500000E+01  3.34017E-03  8.83125E-01
  3.7012500000E+01  3.7016666667E+01  3.32002E-03  6.60066E-01
  3.7016666667E+01  3.7020833333E+01  3.33098E-03  6.91424E-01
  3.7020833333E+01  3.7025000000E+01  3.34605E-03  8.53002E-01
  3.7025000000E+01  3.7029166667E+01  3.34464E-03  7.14966E-01
  3.7029166667E+01  3.7033333333E+01  3.34478E-03  8.18826E-01
  3.7033333333E+01  3.7037500000E+01  3.35185E-03  7.81338E-01
  3.7037500000E+01  3.7041666667E+01  3.37405E-03  1.08761E+00
  3.7041666667E+01  3.7045833333E+01  3.34151E-03  6.01460E-01
  3.7045833333E+01  3.7050000000E+01  3.38184E-03  1.02183E+00
  3.7050000000E+01  3.7054166667E+01  3.37979E-03  8.87408E-01
  3.7054166667E+01  3.7058333333E+01  3.44799E-03  1.35736E+00
  3.7058333333E+01  3.7062500000E+01  3.40895E-03  9.64098E-01
  3.7062500000E+01  3.7066666667E+01  3.37856E-03  8.79820E-01
  3.7066666667E+01  3.7070833333E+01  3.38711E-03  9.36566E-01
  3.7070833333E+01  3.7075000000E+01  3.38915E-03  1.02343E+00
  3.7075000000E+01  3.7079166667E+01  3.35277E-03  7.05474E-01
  3.7079166667E+01  3.7083333333E+01  3.33272E-03  5.08682E-01
  3.7083333333E+01  3.7087500000E+01  3.37104E-03  9.49013E-01
  3.7087500000E+01  3.7091666667E+01  3.35724E-03  6.73713E-01
  3.7091666667E+01  3.7095833333E+01  3.36409E-03  9.34051E-01
  3.7095833333E+01  3.7100000000E+01  3.40106E-03  1.28020E+00
  3.7100000000E+01  3.7104166667E+01  3.34953E-03  5.14041E-01
  3.7104166667E+01  3.7108333333E+01  3.34485E-03  5.20656E-01
  3.7108333333E+01  3.7112500000E+01  3.35091E-03  5.95992E-01
  3.7112500000E+01  3.7116666667E+01  3.36887E-03  7.22237E-01
  3.7116666667E+01  3.7120833333E+01  3.36193E-03  5.97295E-01
  3.7120833333E+01  3.7125000000E+01  3.39087E-03  9.63150E-01
  3.7125000000E+01  3.7129166667E+01  3.34824E-03  6.51394E-01
  3.7129166667E+01  3.7133333333E+01  3.34786E-03  5.09117E-01
  3.7133333333E+01  3.7137500000E+01  3.36971E-03  6.87637E-01
  3.7137500000E+01  3.7141666667E+01  3.36148E-03  6.13989E-01
  3.7141666667E+01  3.7145833333E+01  3.37707E-03  6.56563E-01
  3.7145833333E+01  3.7150000000E+01  3.41074E-03  9.49082E-01
  3.7150000000E+01  3.7154166667E+01  3.36740E-03  6.06203E-01
  3.7154166667E+01  3.7158333333E+01  3.38255E-03  8.43486E-01
  3.7158333333E+01  3.7162500000E+01  3.42027E-03  1.01781E+00
  3.7162500000E+01  3.7166666667E+01  3.44186E-03  1.05792E+00
  3.7166666667E+01  3.7170833333E+01  3.40134E-03  8.20665E-01
  3.7170833333E+01  3.7175000000E+01  3.40653E-03  9.77198E-01
  3.7175000000E+01  3.7179166667E+01  3.39646E-03  7.61067E-01
  3.7179166667E+01  3.7183333333E+01  3.38927E-03  6.19598E-01
  3.7183333333E+01  3.7187500000E+01  3.42144E-03  1.02257E+00
  3.7187500000E+01  3.7191666667E+01  3.43259E-03  1.18312E+00
  3.7191666667E+01  3.7195833333E+01  3.41090E-03  8.76423E-01
  3.7195833333E+01  3.7200000000E+01  3.40485E-03  8.32416E-01
  3.7200000000E+01  3.7204166667E+01  3.46795E-03  1.09223E+00
  3.7204166667E+01  3.7208333333E+01  3.47984E-03  1.28037E+00
  3.7208333333E+01  3.7212500000E+01  3.47779E-03  1.34504E+00
  3.7212500000E+01  3.7216666667E+01  3.43734E-03  7.85304E-01
  3.7216666667E+01  3.7220833333E+01  3.47174E-03  1.44904E+00
  3.7220833333E+01  3.7225000000E+01  3.40837E-03  6.04770E-01
  3.7225000000E+01  3.7229166667E+01  3.44100E-03  8.73405E-01
  3.7229166667E+01  3.7233333333E+01  3.41795E-03  7.45034E-01
  3.7233333333E+01  3.7237500000E+01  3.47367E-03  1.17316E+00
  3.7237500000E+01  3.7241666667E+01  3.45923E-03  1.09331E+00
  3.7241666667E+01  3.7245833333E+01  3.39494E-03  5.56016E-01
  3.7245833333E+01  3.7250000000E+01  3.47031E-03  1.22364E+00
  3.7250000000E+01  3.7254166667E+01  3.44571E-03  9.71600E-01
  3.7254166667E+01  3.7258333333E+01  3.43959E-03  1.09550E+00
  3.7258333333E+01  3.7262500000E+01  3.42912E-03  8.32590E-01
  3.7262500000E+01  3.7266666667E+01  3.41808E-03  7.18837E-01
  3.7266666667E+01  3.7270833333E+01  3.41637E-03  6.70387E-01
  3.7270833333E+01  3.7275000000E+01  3.42903E-03  6.84363E-01
  3.7275000000E+01  3.7279166667E+01  3.46466E-03  1.01953E+00
  3.7279166667E+01  3.7283333333E+01  3.46457E-03  1.06630E+00
  3.7283333333E+01  3.7287500000E+01  3.42587E-03  9.14891E-01
  3.7287500000E+01  3.7291666667E+01  3.43403E-03  7.51473E-01
  3.7291666667E+01  3.7295833333E+01  3.45214E-03  7.40491E-01
  3.7295833333E+01  3.7300000000E+01  3.45772E-03  1.06739E+00
  3.7300000000E+01  3.7304166667E+01  3.49194E-03  9.85731E-01
  3.7304166667E+01  3.7308333333E+01  3.42822E-03  6.95145E-01
  3.7308333333E+01  3.7312500000E+01  3.45904E-03  1.08230E+00
  3.7312500000E+01  3.7316666667E+01  3.49618E-03  1.16742E+00
  3.7316666667E+01  3.7320833333E+01  3.44674E-03  7.77968E-01
  3.7320833333E+01  3.7325000000E+01  3.47521E-03  1.07765E+00
  3.7325000000E+01  3.7329166667E+01  3.42563E-03  5.62158E-01
  3.7329166667E+01  3.7333333333E+01  3.43452E-03  6.17800E-01
  3.7333333333E+01  3.7337500000E+01  3.45863E-03  8.42935E-01
  3.7337500000E+01  3.7341666667E+01  3.42910E-03  5.94648E-01
  3.7341666667E+01  3.7345833333E+01  3.41997E-03  5.45784E-01
  3.7345833333E+01  3.7350000000E+01  3.42328E-03  6.41090E-01
  3.7350000000E+01  3.7354166667E+01  3.42283E-03  5.33016E-01
  3.7354166667E+01  3.7358333333E+01  3.51620E-03  1.29971E+00
  3.7358333333E+01  3.7362500000E+01  3.46735E-03  9.30599E-01
  3.7362500000E+01  3.7366666667E+01  3.44228E-03  7.73604E-01
  3.7366666667E+01  3.7370833333E+01  3.43966E-03  8.64777E-01
  3.7370833333E+01  3.7375000000E+01  3.44677E-03  7.54337E-01
  3.7375000000E+01  3.7379166667E+01  3.46468E-03  7.29806E-01
  3.7379166667E+01  3.7383333333E+01  3.42493E-03  4.99324E-01
  3.7383333333E+01  3.7387500000E+01  3.43186E-03  5.69148E-01
  3.7387500000E+01  3.7391666667E+01  3.44635E-03  6.38170E-01
  3.7391666667E+01  3.7395833333E+01  3.43693E-03  6.00806E-01
  3.7395833333E+01  3.7400000000E+01  3.45078E-03  6.23512E-01
  3.7400000000E+01  3.7404166667E+01  3.46158E-03  6.44083E-01
  3.7404166667E+01  3.7408333333E+01  3.44177E-03  5.83387E-01
  3.7408333333E+01  3.7412500000E+01  3.45528E-03  6.56817E-01
  3.7412500000E+01  3.7416666667E+01  3.49917E-03  9.55058E-01
  3.7416666667E+01  3.7420833333E+01  3.53280E-03  1.09305E+00
  3.7420833333E+01  3.7425000000E+01  3.44184E-03  5.18562E-01
  3.7425000000E+01  3.7429166667E+01  3.48202E-03  9.20029E-01
  3.7429166667E+01  3.7433333333E+01  3.46178E-03  5.57600E-01
  3.7433333333E+01  3.7437500000E+01  3.50553E-03  9.46130E-01
  3.7437500000E+01  3.7441666667E+01  3.50108E-03  1.10554E+00
  3.7441666667E+01  3.7445833333E+01  3.50886E-03  8.17183E-01
  3.7445833333E+01  3.7450000000E+01  3.53329E-03  1.03604E+00
  3.7450000000E+01  3.7454166667E+01  3.47725E-03  7.05276E-01
  3.7454166667E+01  3.7458333333E+01  3.45683E-03  5.63365E-01
  3.7458333333E+01  3.7462500000E+01  3.48856E-03  8.84014E-01
  3.7462500000E+01  3.7466666667E+01  3.51838E-03  1.30470E+00
  3.7466666667E+01  3.7470833333E+01  3.50642E-03  9.02045E-01
  3.7470833333E+01  3.7475000000E+01  3.50966E-03  7.95301E-01
  3.7475000000E+01  3.7479166667E+01  3.48874E-03  7.38202E-01
  3.7479166667E+01  3.7483333333E+01  3.48917E-03  7.24812E-01
  3.7483333333E+01  3.7487500000E+01  3.47473E-03  5.28725E-01
  3.7487500000E+01  3.7491666667E+01  3.49054E-03  6.30526E-01
  3.7491666667E+01  3.7495833333E+01  3.47990E-03  5.75910E-01
  3.7495833333E+01  3.7500000000E+01  3.49169E-03  6.00649E-01
  3.7500000000E+01  3.7504166667E+01  3.47922E-03  5.34696E-01
  3.7504166667E+01  3.7508333333E+01  3.52927E-03  9.78753E-01
  3.7508333333E+01  3.7512500000E+01  3.50864E-03  8.13302E-01
  3.7512500000E+01  3.7516666667E+01  3.61109E-03  1.55153E+00
  3.7516666667E+01  3.7520833333E+01  3.51560E-03  6.79559E-01
  3.7520833333E+01  3.7525000000E+01  3.53205E-03  8.35882E-01
  3.7525000000E+01  3.7529166667E+01  3.55814E-03  9.95503E-01
  3.7529166667E+01  3.7533333333E+01  3.55520E-03  9.39529E-01
  3.7533333333E+01  3.7537500000E+01  3.55309E-03  8.59603E-01
  3.7537500000E+01  3.7541666667E+01  3.52465E-03  6.68130E-01
  3.7541666667E+01  3.7545833333E+01  3.51209E-03  4.84179E-01
  3.7545833333E+01  3.7550000000E+01  3.51912E-03  5.63927E-01
  3.7550000000E+01  3.7554166667E+01  3.54289E-03  6.08724E-01
  3.7554166667E+01  3.7558333333E+01  3.55939E-03  7.90806E-01
  3.7558333333E+01  3.7562500000E+01  3.57432E-03  8.36887E-01
  3.7562500000E+01  3.7566666667E+01  3.62460E-03  1.10551E+00
  3.7566666667E+01  3.7570833333E+01  3.59405E-03  9.30327E-01
  3.7570833333E+01  3.7575000000E+01  3.60581E-03  1.13110E+00
  3.7575000000E+01  3.7579166667E+01  3.54602E-03  5.51577E-01
  3.7579166667E+01  3.7583333333E+01  3.59657E-03  9.69410E-01
  3.7583333333E+01  3.7587500000E+01  3.57922E-03  9.43365E-01
  3.7587500000E+01  3.7591666667E+01  3.56730E-03  6.70974E-01
  3.7591666667E+01  3.7595833333E+01  3.59106E-03  8.84357E-01
  3.7595833333E+01  3.7600000000E+01  3.61431E-03  9.25818E-01
  3.7600000000E+01  3.7604166667E+01  3.60098E-03  9.03279E-01
  3.7604166667E+01  3.7608333333E+01  3.61833E-03  9.24802E-01
  3.7608333333E+01  3.7612500000E+01  3.61584E-03  7.82296E-01
  3.7612500000E+01  3.7616666667E+01  3.61596E-03  9.75493E-01
  3.7616666667E+01  3.7620833333E+01  3.58012E-03  6.82768E-01
  3.7620833333E+01  3.7625000000E+01  3.62328E-03  1.05276E+00
  3.7625000000E+01  3.7629166667E+01  3.58530E-03  6.30684E-01
  3.7629166667E+01  3.7633333333E+01  3.59210E-03  6.33927E-01
  3.7633333333E+01  3.7637500000E+01  3.56844E-03  5.39143E-01
  3.7637500000E+01  3.7641666667E+01  3.59325E-03  8.55608E-01
  3.7641666667E+01  3.7645833333E+01  3.63442E-03  9.33171E-01
  3.7645833333E+01  3.7650000000E+01  3.60527E-03  8.35804E-01
  3.7650000000E+01  3.7654166667E+01  3.59755E-03  6.62727E-01
  3.7654166667E+01  3.7658333333E+01  3.62416E-03  9.74642E-01
  3.7658333333E+01  3.7662500000E+01  3.61956E-03  6.80800E-01
  3.7662500000E+01  3.7666666667E+01  3.62960E-03  1.01593E+00
  3.7666666667E+01  3.7670833333E+01  3.63815E-03  7.12463E-01
  3.7670833333E+01  3.7675000000E+01  3.62935E-03  6.54615E-01
  3.7675000000E+01  3.7679166667E+01  3.68825E-03  1.21665E+00
  3.7679166667E+01  3.7683333333E+01  3.63200E-03  7.67461E-01
  3.7683333333E+01  3.7687500000E+01  3.64643E-03  8.75362E-01
  3.7687500000E+01  3.7691666667E+01  3.66249E-03  1.03175E+00
  3.7691666667E+01  3.7695833333E+01  3.63491E-03  7.30291E-01
  3.7695833333E+01  3.7700000000E+01  3.63990E-03  7.99207E-01
  3.7700000000E+01  3.7704166667E+01  3.61536E-03  5.81607E-01
  3.7704166667E+01  3.7708333333E+01  3.62635E-03  6.94474E-01
  3.7708333333E+01  3.7712500000E+01  3.61370E-03  5.99519E-01
  3.7712500000E+01  3.7716666667E+01  3.63259E-03  7.00609E-01
  3.7716666667E+01  3.7720833333E+01  3.63644E-03  6.53512E-01
  3.7720833333E+01  3.7725000000E+01  3.63143E-03  6.90621E-01
  3.7725000000E+01  3.7729166667E+01  3.61147E-03  5.00392E-01
  3.7729166667E+01  3.7733333333E+01  3.66947E-03  8.48147E-01
  3.7733333333E+01  3.7737500000E+01  3.65801E-03  9.58180E-01
  3.7737500000E+01  3.7741666667E+01  3.66650E-03  1.02442E+00
  3.7741666667E+01  3.7745833333E+01  3.63317E-03  6.76363E-01
  3.7745833333E+01  3.7750000000E+01  3.66258E-03  8.63919E-01
  3.7750000000E+01  3.7754166667E+01  3.62407E-03  5.43508E-01
  3.7754166667E+01  3.7758333333E+01  3.65258E-03  8.29643E-01
  3.7758333333E+01  3.7762500000E+01  3.67574E-03  9.72821E-01
  3.7762500000E+01  3.7766666667E+01  3.65683E-03  7.56844E-01
  3.7766666667E+01  3.7770833333E+01  3.66662E-03  7.83615E-01
  3.7770833333E+01  3.7775000000E+01  3.67111E-03  7.53838E-01
  3.7775000000E+01  3.7779166667E+01  3.64427E-03  5.65818E-01
  3.7779166667E+01  3.7783333333E+01  3.67273E-03  8.36939E-01
  3.7783333333E+01  3.7787500000E+01  3.71824E-03  1.16025E+00
  3.7787500000E+01  3.7791666667E+01  3.65269E-03  5.78728E-01
  3.7791666667E+01  3.7795833333E+01  3.67055E-03  9.27598E-01
  3.7795833333E+01  3.7800000000E+01  3.68927E-03  8.20796E-01
  3.7800000000E+01  3.7804166667E+01  3.69381E-03  7.01360E-01
  3.7804166667E+01  3.7808333333E+01  3.67647E-03  5.90253E-01
  3.7808333333E+01  3.7812500000E+01  3.71543E-03  7.88365E-01
  3.7812500000E+01  3.7816666667E+01  3.75571E-03  1.09284E+00
  3.7816666667E+01  3.7820833333E+01  3.68668E-03  6.53140E-01
  3.7820833333E+01  3.7825000000E+01  3.72585E-03  9.99650E-01
  3.7825000000E+01  3.7829166667E+01  3.74194E-03  1.05388E+00
  3.7829166667E+01  3.7833333333E+01  3.71735E-03  8.65859E-01
  3.7833333333E+01  3.7837500000E+01  3.67471E-03  6.30711E-01
  3.7837500000E+01  3.7841666667E+01  3.67028E-03  5.36140E-01
  3.7841666667E+01  3.7845833333E+01  3.68293E-03  5.73429E-01
  3.7845833333E+01  3.7850000000E+01  3.71889E-03  8.53494E-01
  3.7850000000E+01  3.7854166667E+01  3.74230E-03  1.04798E+00
  3.7854166667E+01  3.7858333333E+01  3.67334E-03  5.74915E-01
  3.7858333333E+01  3.7862500000E+01  3.72568E-03  8.43716E-01
  3.7862500000E+01  3.7866666667E+01  3.74854E-03  1.08503E+00
  3.7866666667E+01  3.7870833333E+01  3.68374E-03  5.27403E-01
  3.7870833333E+01  3.7875000000E+01  3.69052E-03  5.45071E-01
  3.7875000000E+01  3.7879166667E+01  3.68378E-03  5.28569E-01
  3.7879166667E+01  3.7883333333E+01  3.69813E-03  5.37782E-01
  3.7883333333E+01  3.7887500000E+01  3.73172E-03  8.55979E-01
  3.7887500000E+01  3.7891666667E+01  3.72413E-03  6.52174E-01
  3.7891666667E+01  3.7895833333E+01  3.74378E-03  6.95910E-01
  3.7895833333E+01  3.7900000000E+01  3.75871E-03  8.28285E-01
  3.7900000000E+01  3.7904166667E+01  3.71944E-03  6.72938E-01
  3.7904166667E+01  3.7908333333E+01  3.71319E-03  5.32361E-01
  3.7908333333E+01  3.7912500000E+01  3.73163E-03  7.10483E-01
  3.7912500000E+01  3.7916666667E+01  3.74834E-03  7.68992E-01
  3.7916666667E+01  3.7920833333E+01  3.81111E-03  1.15520E+00
  3.7920833333E+01  3.7925000000E+01  3.74642E-03  6.52192E-01
  3.7925000000E+01  3.7929166667E+01  3.74615E-03  6.89475E-01
  3.7929166667E+01  3.7933333333E+01  3.72826E-03  5.72052E-01
  3.7933333333E+01  3.7937500000E+01  3.72675E-03  5.88086E-01
  3.7937500000E+01  3.7941666667E+01  3.75323E-03  8.82997E-01
  3.7941666667E+01  3.7945833333E+01  3.72116E-03  5.39136E-01
  3.7945833333E+01  3.7950000000E+01  3.79301E-03  9.01863E-01
  3.7950000000E+01  3.7954166667E+01  3.77652E-03  9.67648E-01
  3.7954166667E+01  3.7958333333E+01  3.75533E-03  7.74070E-01
  3.7958333333E+01  3.7962500000E+01  3.76238E-03  7.36458E-01
  3.7962500000E+01  3.7966666667E+01  3.75808E-03  6.35637E-01
  3.7966666667E+01  3.7970833333E+01  3.77980E-03  1.00066E+00
  3.7970833333E+01  3.7975000000E+01  3.76230E-03  6.78118E-01
  3.7975000000E+01  3.7979166667E+01  3.77689E-03  7.72116E-01
  3.7979166667E+01  3.7983333333E+01  3.77406E-03  6.74216E-01
  3.7983333333E+01  3.7987500000E+01  3.80328E-03  8.21019E-01
  3.7987500000E+01  3.7991666667E+01  3.78494E-03  7.28612E-01
  3.7991666667E+01  3.7995833333E+01  3.76148E-03  5.72418E-01
  3.7995833333E+01  3.8000000000E+01  3.80469E-03  1.12397E+00
  3.8000000000E+01  3.8004166667E+01  3.78049E-03  6.40325E-01
  3.8004166667E+01  3.8008333333E+01  3.75811E-03  5.27317E-01
  3.8008333333E+01  3.8012500000E+01  3.75633E-03  5.13642E-01
  3.8012500000E+01  3.8016666667E+01  3.80948E-03  9.60952E-01
  3.8016666667E+01  3.8020833333E+01  3.76988E-03  5.60354E-01
  3.8020833333E+01  3.8025000000E+01  3.77898E-03  5.78421E-01
  3.8025000000E+01  3.8029166667E+01  3.83638E-03  8.30241E-01
  3.8029166667E+01  3.8033333333E+01  3.82082E-03  7.70796E-01
  3.8033333333E+01  3.8037500000E+01  3.80820E-03  6.27480E-01
  3.8037500000E+01  3.8041666667E+01  3.82485E-03  9.67601E-01
  3.8041666667E+01  3.8045833333E+01  3.79980E-03  6.12094E-01
  3.8045833333E+01  3.8050000000E+01  3.84839E-03  9.04470E-01
  3.8050000000E+01  3.8054166667E+01  3.83109E-03  6.90218E-01
  3.8054166667E+01  3.8058333333E+01  3.84472E-03  7.71038E-01
  3.8058333333E+01  3.8062500000E+01  3.83532E-03  7.25947E-01
  3.8062500000E+01  3.8066666667E+01  3.86418E-03  8.19608E-01
  3.8066666667E+01  3.8070833333E+01  3.85458E-03  7.87279E-01
  3.8070833333E+01  3.8075000000E+01  3.87456E-03  8.18621E-01
  3.8075000000E+01  3.8079166667E+01  3.88561E-03  9.90986E-01
  3.8079166667E+01  3.8083333333E+01  3.82666E-03  5.41445E-01
  3.8083333333E+01  3.8087500000E+01  3.81762E-03  5.18632E-01
  3.8087500000E+01  3.8091666667E+01  3.84377E-03  6.38648E-01
  3.8091666667E+01  3.8095833333E+01  3.85730E-03  6.91276E-01
  3.8095833333E+01  3.8100000000E+01  3.85047E-03  6.01103E-01
  3.8100000000E+01  3.8104166667E+01  3.87512E-03  8.85507E-01
  3.8104166667E+01  3.8108333333E+01  3.93273E-03  1.20624E+00
  3.8108333333E+01  3.8112500000E+01  3.86023E-03  7.15168E-01
  3.8112500000E+01  3.8116666667E+01  3.97530E-03  1.52279E+00
  3.8116666667E+01  3.8120833333E+01  3.92611E-03  1.15540E+00
  3.8120833333E+01  3.8125000000E+01  3.90475E-03  8.48312E-01
  3.8125000000E+01  3.8129166667E+01  3.85300E-03  5.94795E-01
  3.8129166667E+01  3.8133333333E+01  3.86297E-03  5.33198E-01
  3.8133333333E+01  3.8137500000E+01  3.89067E-03  7.60994E-01
  3.8137500000E+01  3.8141666667E+01  3.94341E-03  8.76845E-01
  3.8141666667E+01  3.8145833333E+01  3.89959E-03  7.26839E-01
  3.8145833333E+01  3.8150000000E+01  3.94695E-03  1.05141E+00
  3.8150000000E+01  3.8154166667E+01  3.94102E-03  9.07014E-01
  3.8154166667E+01  3.8158333333E+01  3.92344E-03  7.54153E-01
  3.8158333333E+01  3.8162500000E+01  3.89134E-03  5.52837E-01
  3.8162500000E+01  3.8166666667E+01  3.90342E-03  6.46914E-01
  3.8166666667E+01  3.8170833333E+01  3.92476E-03  8.66026E-01
  3.8170833333E+01  3.8175000000E+01  3.89716E-03  6.10085E-01
  3.8175000000E+01  3.8179166667E+01  3.90707E-03  8.26662E-01
  3.8179166667E+01  3.8183333333E+01  3.90571E-03  6.67331E-01
  3.8183333333E+01  3.8187500000E+01  3.95208E-03  8.41558E-01
  3.8187500000E+01  3.8191666667E+01  3.93547E-03  8.05089E-01
  3.8191666667E+01  3.8195833333E+01  3.95123E-03  9.14043E-01
  3.8195833333E+01  3.8200000000E+01  3.92763E-03  8.07734E-01
  3.8200000000E+01  3.8204166667E+01  3.90671E-03  7.11763E-01
  3.8204166667E+01  3.8208333333E+01  3.92758E-03  7.73763E-01
  3.8208333333E+01  3.8212500000E+01  3.90954E-03  6.57398E-01
  3.8212500000E+01  3.8216666667E+01  3.99262E-03  1.01675E+00
  3.8216666667E+01  3.8220833333E+01  3.96864E-03  8.30900E-01
  3.8220833333E+01  3.8225000000E+01  3.91052E-03  5.12832E-01
  3.8225000000E+01  3.8229166667E+01  3.97206E-03  8.39117E-01
  3.8229166667E+01  3.8233333333E+01  3.97257E-03  8.07258E-01
  3.8233333333E+01  3.8237500000E+01  3.99801E-03  9.59553E-01
  3.8237500000E+01  3.8241666667E+01  3.95102E-03  6.81918E-01
  3.8241666667E+01  3.8245833333E+01  3.95714E-03  6.93275E-01
  3.8245833333E+01  3.8250000000E+01  3.98547E-03  9.00853E-01
  3.8250000000E+01  3.8254166667E+01  3.98436E-03  9.43908E-01
  3.8254166667E+01  3.8258333333E+01  3.95439E-03  6.75508E-01
  3.8258333333E+01  3.8262500000E+01  4.01973E-03  1.03553E+00
  3.8262500000E+01  3.8266666667E+01  3.99462E-03  7.29757E-01
  3.8266666667E+01  3.8270833333E+01  3.99943E-03  8.50971E-01
  3.8270833333E+01  3.8275000000E+01  3.98284E-03  7.63246E-01
  3.8275000000E+01  3.8279166667E+01  3.97763E-03  6.71158E-01
  3.8279166667E+01  3.8283333333E+01  3.97512E-03  6.95909E-01
  3.8283333333E+01  3.8287500000E+01  3.97323E-03  6.28904E-01
  3.8287500000E+01  3.8291666667E+01  3.97758E-03  6.48915E-01
  3.8291666667E+01  3.8295833333E+01  4.01048E-03  6.91107E-01
  3.8295833333E+01  3.8300000000E+01  4.00628E-03  7.12291E-01
  3.8300000000E+01  3.8304166667E+01  3.98638E-03  6.34390E-01
  3.8304166667E+01  3.8308333333E+01  3.99574E-03  8.10294E-01
  3.8308333333E+01  3.8312500000E+01  4.06072E-03  1.24779E+00
  3.8312500000E+01  3.8316666667E+01  4.04781E-03  1.25562E+00
  3.8316666667E+01  3.8320833333E+01  3.99027E-03  5.64239E-01
  3.8320833333E+01  3.8325000000E+01  4.02044E-03  7.26769E-01
  3.8325000000E+01  3.8329166667E+01  4.03758E-03  6.81328E-01
  3.8329166667E+01  3.8333333333E+01  3.99900E-03  5.82217E-01
  3.8333333333E+01  3.8337500000E+01  4.03433E-03  8.32242E-01
  3.8337500000E+01  3.8341666667E+01  3.99661E-03  5.40868E-01
  3.8341666667E+01  3.8345833333E+01  4.03721E-03  7.39869E-01
  3.8345833333E+01  3.8350000000E+01  4.03331E-03  6.94143E-01
  3.8350000000E+01  3.8354166667E+01  4.03823E-03  6.22101E-01
  3.8354166667E+01  3.8358333333E+01  4.10104E-03  1.03319E+00
  3.8358333333E+01  3.8362500000E+01  4.07019E-03  8.04662E-01
  3.8362500000E+01  3.8366666667E+01  4.05510E-03  6.81428E-01
  3.8366666667E+01  3.8370833333E+01  4.15609E-03  1.15883E+00
  3.8370833333E+01  3.8375000000E+01  4.08654E-03  7.76922E-01
  3.8375000000E+01  3.8379166667E+01  4.07851E-03  8.02373E-01
  3.8379166667E+01  3.8383333333E+01  4.10632E-03  9.19745E-01
  3.8383333333E+01  3.8387500000E+01  4.06947E-03  7.81511E-01
  3.8387500000E+01  3.8391666667E+01  4.08864E-03  7.77625E-01
  3.8391666667E+01  3.8395833333E+01  4.06262E-03  6.58170E-01
  3.8395833333E+01  3.8400000000E+01  4.07657E-03  6.64718E-01
  3.8400000000E+01  3.8404166667E+01  4.06132E-03  5.56958E-01
  3.8404166667E+01  3.8408333333E+01  4.12600E-03  1.00909E+00
  3.8408333333E+01  3.8412500000E+01  4.10677E-03  7.88736E-01
  3.8412500000E+01  3.8416666667E+01  4.08619E-03  6.08409E-01
  3.8416666667E+01  3.8420833333E+01  4.09534E-03  6.63707E-01
  3.8420833333E+01  3.8425000000E+01  4.09899E-03  6.72274E-01
  3.8425000000E+01  3.8429166667E+01  4.14419E-03  9.83638E-01
  3.8429166667E+01  3.8433333333E+01  4.07447E-03  5.34090E-01
  3.8433333333E+01  3.8437500000E+01  4.12727E-03  7.98552E-01
  3.8437500000E+01  3.8441666667E+01  4.12559E-03  7.20087E-01
  3.8441666667E+01  3.8445833333E+01  4.10694E-03  6.68285E-01
  3.8445833333E+01  3.8450000000E+01  4.10536E-03  6.43426E-01
  3.8450000000E+01  3.8454166667E+01  4.09952E-03  6.94749E-01
  3.8454166667E+01  3.8458333333E+01  4.11046E-03  6.91010E-01
  3.8458333333E+01  3.8462500000E+01  4.11816E-03  6.36136E-01
  3.8462500000E+01  3.8466666667E+01  4.16468E-03  8.54704E-01
  3.8466666667E+01  3.8470833333E+01  4.12151E-03  5.39943E-01
  3.8470833333E+01  3.8475000000E+01  4.13318E-03  6.32609E-01
  3.8475000000E+01  3.8479166667E+01  4.15478E-03  7.38973E-01
  3.8479166667E+01  3.8483333333E+01  4.15880E-03  6.25526E-01
  3.8483333333E+01  3.8487500000E+01  4.16018E-03  7.05548E-01
  3.8487500000E+01  3.8491666667E+01  4.24418E-03  1.01982E+00
  3.8491666667E+01  3.8495833333E+01  4.16066E-03  5.85591E-01
  3.8495833333E+01  3.8500000000E+01  4.16317E-03  6.15979E-01
  3.8500000000E+01  3.8504166667E+01  4.19300E-03  7.87779E-01
  3.8504166667E+01  3.8508333333E+01  4.18955E-03  8.69879E-01
  3.8508333333E+01  3.8512500000E+01  4.19393E-03  6.65085E-01
  3.8512500000E+01  3.8516666667E+01  4.21610E-03  8.22005E-01
  3.8516666667E+01  3.8520833333E+01  4.19869E-03  6.99059E-01
  3.8520833333E+01  3.8525000000E+01  4.22494E-03  1.05270E+00
  3.8525000000E+01  3.8529166667E+01  4.19724E-03  7.33359E-01
  3.8529166667E+01  3.8533333333E+01  4.22337E-03  8.26000E-01
  3.8533333333E+01  3.8537500000E+01  4.28552E-03  1.31347E+00
  3.8537500000E+01  3.8541666667E+01  4.23242E-03  7.52378E-01
  3.8541666667E+01  3.8545833333E+01  4.21862E-03  6.67301E-01
  3.8545833333E+01  3.8550000000E+01  4.21518E-03  6.94007E-01
  3.8550000000E+01  3.8554166667E+01  4.20293E-03  6.47252E-01
  3.8554166667E+01  3.8558333333E+01  4.21924E-03  7.72278E-01
  3.8558333333E+01  3.8562500000E+01  4.27132E-03  9.06756E-01
  3.8562500000E+01  3.8566666667E+01  4.20190E-03  5.58688E-01
  3.8566666667E+01  3.8570833333E+01  4.26341E-03  8.98415E-01
  3.8570833333E+01  3.8575000000E+01  4.24112E-03  7.20979E-01
  3.8575000000E+01  3.8579166667E+01  4.23507E-03  6.57022E-01
  3.8579166667E+01  3.8583333333E+01  4.26865E-03  7.50110E-01
  3.8583333333E+01  3.8587500000E+01  4.24467E-03  6.24526E-01
  3.8587500000E+01  3.8591666667E+01  4.31606E-03  9.39773E-01
  3.8591666667E+01  3.8595833333E+01  4.27688E-03  7.27573E-01
  3.8595833333E+01  3.8600000000E+01  4.27216E-03  6.70224E-01
  3.8600000000E+01  3.8604166667E+01  4.25853E-03  5.79772E-01
  3.8604166667E+01  3.8608333333E+01  4.29906E-03  9.30141E-01
  3.8608333333E+01  3.8612500000E+01  4.27980E-03  6.50160E-01
  3.8612500000E+01  3.8616666667E+01  4.28257E-03  6.93589E-01
  3.8616666667E+01  3.8620833333E+01  4.32128E-03  8.93215E-01
  3.8620833333E+01  3.8625000000E+01  4.29750E-03  6.33793E-01
  3.8625000000E+01  3.8629166667E+01  4.36004E-03  1.00497E+00
  3.8629166667E+01  3.8633333333E+01  4.31737E-03  6.98645E-01
  3.8633333333E+01  3.8637500000E+01  4.33073E-03  7.41543E-01
  3.8637500000E+01  3.8641666667E+01  4.31460E-03  6.57455E-01
  3.8641666667E+01  3.8645833333E+01  4.31380E-03  6.50899E-01
  3.8645833333E+01  3.8650000000E+01  4.30502E-03  6.18429E-01
  3.8650000000E+01  3.8654166667E+01  4.34698E-03  9.04235E-01
  3.8654166667E+01  3.8658333333E+01  4.34075E-03  6.32110E-01
  3.8658333333E+01  3.8662500000E+01  4.33644E-03  6.66246E-01
  3.8662500000E+01  3.8666666667E+01  4.30420E-03  5.25186E-01
  3.8666666667E+01  3.8670833333E+01  4.35979E-03  7.46875E-01
  3.8670833333E+01  3.8675000000E+01  4.36176E-03  8.88460E-01
  3.8675000000E+01  3.8679166667E+01  4.36445E-03  7.61097E-01
  3.8679166667E+01  3.8683333333E+01  4.36072E-03  7.73702E-01
  3.8683333333E+01  3.8687500000E+01  4.36776E-03  7.12614E-01
  3.8687500000E+01  3.8691666667E+01  4.34951E-03  5.74594E-01
  3.8691666667E+01  3.8695833333E+01  4.36035E-03  5.76006E-01
  3.8695833333E+01  3.8700000000E+01  4.41074E-03  8.06084E-01
  3.8700000000E+01  3.8704166667E+01  4.38602E-03  6.74257E-01
  3.8704166667E+01  3.8708333333E+01  4.40713E-03  7.60304E-01
  3.8708333333E+01  3.8712500000E+01  4.38469E-03  7.18391E-01
  3.8712500000E+01  3.8716666667E+01  4.39076E-03  6.81342E-01
  3.8716666667E+01  3.8720833333E+01  4.38407E-03  5.90249E-01
  3.8720833333E+01  3.8725000000E+01  4.44843E-03  8.10705E-01
  3.8725000000E+01  3.8729166667E+01  4.46728E-03  8.91497E-01
  3.8729166667E+01  3.8733333333E+01  4.41705E-03  7.47580E-01
  3.8733333333E+01  3.8737500000E+01  4.40820E-03  7.02459E-01
  3.8737500000E+01  3.8741666667E+01  4.40917E-03  6.10141E-01
  3.8741666667E+01  3.8745833333E+01  4.40628E-03  6.51138E-01
  3.8745833333E+01  3.8750000000E+01  4.39927E-03  6.46500E-01
  3.8750000000E+01  3.8754166667E+01  4.40713E-03  6.31185E-01
  3.8754166667E+01  3.8758333333E+01  4.41662E-03  6.14527E-01
  3.8758333333E+01  3.8762500000E+01  4.42753E-03  5.90802E-01
  3.8762500000E+01  3.8766666667E+01  4.47330E-03  8.24951E-01
  3.8766666667E+01  3.8770833333E+01  4.43395E-03  5.41845E-01
  3.8770833333E+01  3.8775000000E+01  4.45092E-03  7.15739E-01
  3.8775000000E+01  3.8779166667E+01  4.43730E-03  5.33575E-01
  3.8779166667E+01  3.8783333333E+01  4.45914E-03  6.25245E-01
  3.8783333333E+01  3.8787500000E+01  4.48944E-03  7.38700E-01
  3.8787500000E+01  3.8791666667E+01  4.44577E-03  5.21755E-01
  3.8791666667E+01  3.8795833333E+01  4.50540E-03  7.78150E-01
  3.8795833333E+01  3.8800000000E+01  4.52629E-03  9.70429E-01
  3.8800000000E+01  3.8804166667E+01  4.50004E-03  6.34023E-01
  3.8804166667E+01  3.8808333333E+01  4.53816E-03  8.18096E-01
  3.8808333333E+01  3.8812500000E+01  4.51992E-03  7.42609E-01
  3.8812500000E+01  3.8816666667E+01  4.50836E-03  6.63069E-01
  3.8816666667E+01  3.8820833333E+01  4.53837E-03  7.36796E-01
  3.8820833333E+01  3.8825000000E+01  4.54955E-03  8.41759E-01
  3.8825000000E+01  3.8829166667E+01  4.52341E-03  6.56841E-01
  3.8829166667E+01  3.8833333333E+01  4.52944E-03  5.62975E-01
  3.8833333333E+01  3.8837500000E+01  4.50482E-03  5.10682E-01
  3.8837500000E+01  3.8841666667E+01  4.57047E-03  7.98468E-01
  3.8841666667E+01  3.8845833333E+01  4.58838E-03  7.95816E-01
  3.8845833333E+01  3.8850000000E+01  4.56075E-03  6.76807E-01
  3.8850000000E+01  3.8854166667E+01  4.54381E-03  6.11012E-01
  3.8854166667E+01  3.8858333333E+01  4.55726E-03  6.80940E-01
  3.8858333333E+01  3.8862500000E+01  4.59345E-03  1.08049E+00
  3.8862500000E+01  3.8866666667E+01  4.55283E-03  5.81449E-01
  3.8866666667E+01  3.8870833333E+01  4.57328E-03  6.99314E-01
  3.8870833333E+01  3.8875000000E+01  4.62483E-03  8.33188E-01
  3.8875000000E+01  3.8879166667E+01  4.59306E-03  8.10717E-01
  3.8879166667E+01  3.8883333333E+01  4.59734E-03  7.00360E-01
  3.8883333333E+01  3.8887500000E+01  4.57329E-03  6.03015E-01
  3.8887500000E+01  3.8891666667E+01  4.59430E-03  6.39457E-01
  3.8891666667E+01  3.8895833333E+01  4.64796E-03  9.35950E-01
  3.8895833333E+01  3.8900000000E+01  4.63454E-03  7.32141E-01
  3.8900000000E+01  3.8904166667E+01  4.65069E-03  7.95271E-01
  3.8904166667E+01  3.8908333333E+01  4.61737E-03  6.90279E-01
  3.8908333333E+01  3.8912500000E+01  4.62195E-03  6.51537E-01
  3.8912500000E+01  3.8916666667E+01  4.68553E-03  9.84037E-01
  3.8916666667E+01  3.8920833333E+01  4.63238E-03  5.25127E-01
  3.8920833333E+01  3.8925000000E+01  4.66029E-03  6.66749E-01
  3.8925000000E+01  3.8929166667E+01  4.66102E-03  7.42633E-01
  3.8929166667E+01  3.8933333333E+01  4.63958E-03  5.25263E-01
  3.8933333333E+01  3.8937500000E+01  4.68086E-03  8.02737E-01
  3.8937500000E+01  3.8941666667E+01  4.66504E-03  5.81023E-01
  3.8941666667E+01  3.8945833333E+01  4.67389E-03  5.80000E-01
  3.8945833333E+01  3.8950000000E+01  4.68474E-03  5.95132E-01
  3.8950000000E+01  3.8954166667E+01  4.69621E-03  6.29123E-01
  3.8954166667E+01  3.8958333333E+01  4.69623E-03  6.26599E-01
  3.8958333333E+01  3.8962500000E+01  4.73173E-03  6.98757E-01
  3.8962500000E+01  3.8966666667E+01  4.71341E-03  6.11064E-01
  3.8966666667E+01  3.8970833333E+01  4.70935E-03  6.21435E-01
  3.8970833333E+01  3.8975000000E+01  4.78017E-03  8.51805E-01
  3.8975000000E+01  3.8979166667E+01  4.74677E-03  6.60310E-01
  3.8979166667E+01  3.8983333333E+01  4.78981E-03  8.89724E-01
  3.8983333333E+01  3.8987500000E+01  4.73269E-03  5.30528E-01
  3.8987500000E+01  3.8991666667E+01  4.77505E-03  6.73344E-01
  3.8991666667E+01  3.8995833333E+01  4.82040E-03  1.05186E+00
  3.8995833333E+01  3.9000000000E+01  4.77376E-03  5.69071E-01
  3.9000000000E+01  3.9004166667E+01  4.82604E-03  8.21999E-01
  3.9004166667E+01  3.9008333333E+01  4.80718E-03  7.98982E-01
  3.9008333333E+01  3.9012500000E+01  4.81211E-03  7.17612E-01
  3.9012500000E+01  3.9016666667E+01  4.83322E-03  7.54808E-01
  3.9016666667E+01  3.9020833333E+01  4.83035E-03  8.91114E-01
  3.9020833333E+01  3.9025000000E+01  4.86467E-03  8.77123E-01
  3.9025000000E+01  3.9029166667E+01  4.84328E-03  7.95862E-01
  3.9029166667E+01  3.9033333333E+01  4.88181E-03  8.49598E-01
  3.9033333333E+01  3.9037500000E+01  4.83859E-03  7.08868E-01
  3.9037500000E+01  3.9041666667E+01  4.83364E-03  6.87754E-01
  3.9041666667E+01  3.9045833333E+01  4.87188E-03  7.88517E-01
  3.9045833333E+01  3.9050000000E+01  4.86542E-03  6.88845E-01
  3.9050000000E+01  3.9054166667E+01  4.88711E-03  8.37679E-01
  3.9054166667E+01  3.9058333333E+01  4.87341E-03  6.92108E-01
  3.9058333333E+01  3.9062500000E+01  4.88352E-03  7.34789E-01
  3.9062500000E+01  3.9066666667E+01  4.90900E-03  7.70572E-01
  3.9066666667E+01  3.9070833333E+01  4.90154E-03  6.32137E-01
  3.9070833333E+01  3.9075000000E+01  4.93892E-03  7.61112E-01
  3.9075000000E+01  3.9079166667E+01  4.93529E-03  6.35115E-01
  3.9079166667E+01  3.9083333333E+01  4.95089E-03  6.85897E-01
  3.9083333333E+01  3.9087500000E+01  4.96399E-03  7.48869E-01
  3.9087500000E+01  3.9091666667E+01  4.98952E-03  8.45689E-01
  3.9091666667E+01  3.9095833333E+01  4.96241E-03  6.89728E-01
  3.9095833333E+01  3.9100000000E+01  5.04180E-03  9.41396E-01
  3.9100000000E+01  3.9104166667E+01  5.00985E-03  8.18177E-01
  3.9104166667E+01  3.9108333333E+01  4.98343E-03  6.40104E-01
  3.9108333333E+01  3.9112500000E+01  5.00075E-03  6.89667E-01
  3.9112500000E+01  3.9116666667E+01  5.03800E-03  7.26175E-01
  3.9116666667E+01  3.9120833333E+01  5.02270E-03  7.31631E-01
  3.9120833333E+01  3.9125000000E+01  5.04550E-03  7.75969E-01
  3.9125000000E+01  3.9129166667E+01  5.04504E-03  6.48384E-01
  3.9129166667E+01  3.9133333333E+01  5.03351E-03  6.67640E-01
  3.9133333333E+01  3.9137500000E+01  5.00257E-03  5.37049E-01
  3.9137500000E+01  3.9141666667E+01  5.02975E-03  6.32288E-01
  3.9141666667E+01  3.9145833333E+01  5.05432E-03  6.91580E-01
  3.9145833333E+01  3.9150000000E+01  5.04627E-03  6.37347E-01
  3.9150000000E+01  3.9154166667E+01  5.05136E-03  5.88916E-01
  3.9154166667E+01  3.9158333333E+01  5.14593E-03  8.78453E-01
  3.9158333333E+01  3.9162500000E+01  5.10736E-03  6.67511E-01
  3.9162500000E+01  3.9166666667E+01  5.09492E-03  7.51329E-01
  3.9166666667E+01  3.9170833333E+01  5.09946E-03  6.52551E-01
  3.9170833333E+01  3.9175000000E+01  5.16733E-03  8.13751E-01
  3.9175000000E+01  3.9179166667E+01  5.16279E-03  8.62554E-01
  3.9179166667E+01  3.9183333333E+01  5.18441E-03  8.34620E-01
  3.9183333333E+01  3.9187500000E+01  5.13309E-03  6.75155E-01
  3.9187500000E+01  3.9191666667E+01  5.15779E-03  7.00963E-01
  3.9191666667E+01  3.9195833333E+01  5.16244E-03  7.02872E-01
  3.9195833333E+01  3.9200000000E+01  5.22945E-03  9.24185E-01
  3.9200000000E+01  3.9204166667E+01  5.21783E-03  7.09997E-01
  3.9204166667E+01  3.9208333333E+01  5.17208E-03  5.36491E-01
  3.9208333333E+01  3.9212500000E+01  5.19784E-03  6.39353E-01
  3.9212500000E+01  3.9216666667E+01  5.21462E-03  6.54655E-01
  3.9216666667E+01  3.9220833333E+01  5.22395E-03  6.86885E-01
  3.9220833333E+01  3.9225000000E+01  5.25462E-03  6.72009E-01
  3.9225000000E+01  3.9229166667E+01  5.25439E-03  7.31874E-01
  3.9229166667E+01  3.9233333333E+01  5.23211E-03  5.55553E-01
  3.9233333333E+01  3.9237500000E+01  5.25966E-03  7.66454E-01
  3.9237500000E+01  3.9241666667E+01  5.27539E-03  6.87588E-01
  3.9241666667E+01  3.9245833333E+01  5.26268E-03  5.52744E-01
  3.9245833333E+01  3.9250000000E+01  5.28439E-03  6.19615E-01
  3.9250000000E+01  3.9254166667E+01  5.30239E-03  6.44474E-01
  3.9254166667E+01  3.9258333333E+01  5.32248E-03  7.52959E-01
  3.9258333333E+01  3.9262500000E+01  5.30852E-03  6.09871E-01
  3.9262500000E+01  3.9266666667E+01  5.32120E-03  6.41938E-01
  3.9266666667E+01  3.9270833333E+01  5.36817E-03  7.45542E-01
  3.9270833333E+01  3.9275000000E+01  5.32815E-03  5.55968E-01
  3.9275000000E+01  3.9279166667E+01  5.35705E-03  6.85019E-01
  3.9279166667E+01  3.9283333333E+01  5.34352E-03  5.75614E-01
  3.9283333333E+01  3.9287500000E+01  5.35511E-03  5.37917E-01
  3.9287500000E+01  3.9291666667E+01  5.35952E-03  5.72490E-01
  3.9291666667E+01  3.9295833333E+01  5.39051E-03  6.46030E-01
  3.9295833333E+01  3.9300000000E+01  5.40990E-03  6.96967E-01
  3.9300000000E+01  3.9304166667E+01  5.41075E-03  6.22618E-01
  3.9304166667E+01  3.9308333333E+01  5.38330E-03  5.16720E-01
  3.9308333333E+01  3.9312500000E+01  5.39985E-03  5.33090E-01
  3.9312500000E+01  3.9316666667E+01  5.40532E-03  5.39629E-01
  3.9316666667E+01  3.9320833333E+01  5.41018E-03  5.10992E-01
  3.9320833333E+01  3.9325000000E+01  5.43761E-03  5.80650E-01
  3.9325000000E+01  3.9329166667E+01  5.51230E-03  7.92978E-01
  3.9329166667E+01  3.9333333333E+01  5.48900E-03  6.55447E-01
  3.9333333333E+01  3.9337500000E+01  5.51869E-03  7.03522E-01
  3.9337500000E+01  3.9341666667E+01  5.51138E-03  6.49614E-01
  3.9341666667E+01  3.9345833333E+01  5.49879E-03  5.11596E-01
  3.9345833333E+01  3.9350000000E+01  5.53865E-03  6.53999E-01
  3.9350000000E+01  3.9354166667E+01  5.52197E-03  5.26259E-01
  3.9354166667E+01  3.9358333333E+01  5.54632E-03  5.48692E-01
  3.9358333333E+01  3.9362500000E+01  5.55292E-03  5.09124E-01
  3.9362500000E+01  3.9366666667E+01  5.57086E-03  5.56515E-01
  3.9366666667E+01  3.9370833333E+01  5.59216E-03  5.75734E-01
  3.9370833333E+01  3.9375000000E+01  5.65424E-03  7.00034E-01
  3.9375000000E+01  3.9379166667E+01  5.62046E-03  5.34483E-01
  3.9379166667E+01  3.9383333333E+01  5.66864E-03  7.29963E-01
  3.9383333333E+01  3.9387500000E+01  5.68610E-03  7.00688E-01
  3.9387500000E+01  3.9391666667E+01  5.66442E-03  5.88129E-01
  3.9391666667E+01  3.9395833333E+01  5.69097E-03  5.79977E-01
  3.9395833333E+01  3.9400000000E+01  5.72804E-03  6.43747E-01
  3.9400000000E+01  3.9404166667E+01  5.70711E-03  5.62490E-01
  3.9404166667E+01  3.9408333333E+01  5.72469E-03  5.95263E-01
  3.9408333333E+01  3.9412500000E+01  5.72516E-03  5.58440E-01
  3.9412500000E+01  3.9416666667E+01  5.76952E-03  5.82070E-01
  3.9416666667E+01  3.9420833333E+01  5.82789E-03  6.12935E-01
  3.9420833333E+01  3.9425000000E+01  5.81085E-03  6.02557E-01
  3.9425000000E+01  3.9429166667E+01  5.81576E-03  5.90596E-01
  3.9429166667E+01  3.9433333333E+01  5.84103E-03  6.66016E-01
  3.9433333333E+01  3.9437500000E+01  5.87014E-03  7.02966E-01
  3.9437500000E+01  3.9441666667E+01  5.87536E-03  5.92745E-01
  3.9441666667E+01  3.9445833333E+01  5.91165E-03  6.64970E-01
  3.9445833333E+01  3.9450000000E+01  5.92759E-03  6.29486E-01
  3.9450000000E+01  3.9454166667E+01  5.96230E-03  6.98381E-01
  3.9454166667E+01  3.9458333333E+01  5.92745E-03  5.30094E-01
  3.9458333333E+01  3.9462500000E+01  5.97273E-03  6.51472E-01
  3.9462500000E+01  3.9466666667E+01  5.95923E-03  5.34437E-01
  3.9466666667E+01  3.9470833333E+01  6.00728E-03  6.54604E-01
  3.9470833333E+01  3.9475000000E+01  6.03926E-03  6.76529E-01
  3.9475000000E+01  3.9479166667E+01  6.02886E-03  5.11807E-01
  3.9479166667E+01  3.9483333333E+01  6.03975E-03  5.85171E-01
  3.9483333333E+01  3.9487500000E+01  6.07117E-03  6.27298E-01
  3.9487500000E+01  3.9491666667E+01  6.07526E-03  5.60559E-01
  3.9491666667E+01  3.9495833333E+01  6.13890E-03  6.87477E-01
  3.9495833333E+01  3.9500000000E+01  6.13796E-03  6.33877E-01
  3.9500000000E+01  3.9504166667E+01  6.11012E-03  5.19643E-01
  3.9504166667E+01  3.9508333333E+01  6.11027E-03  4.94367E-01
  3.9508333333E+01  3.9512500000E+01  6.14088E-03  5.45332E-01
  3.9512500000E+01  3.9516666667E+01  6.17323E-03  5.91318E-01
  3.9516666667E+01  3.9520833333E+01  6.24140E-03  6.70277E-01
  3.9520833333E+01  3.9525000000E+01  6.24669E-03  6.62288E-01
  3.9525000000E+01  3.9529166667E+01  6.24573E-03  5.89020E-01
  3.9529166667E+01  3.9533333333E+01  6.26693E-03  6.10788E-01
  3.9533333333E+01  3.9537500000E+01  6.26290E-03  5.52377E-01
  3.9537500000E+01  3.9541666667E+01  6.32060E-03  6.42039E-01
  3.9541666667E+01  3.9545833333E+01  6.30474E-03  5.51101E-01
  3.9545833333E+01  3.9550000000E+01  6.33387E-03  5.49591E-01
  3.9550000000E+01  3.9554166667E+01  6.40081E-03  6.48617E-01
  3.9554166667E+01  3.9558333333E+01  6.34744E-03  5.16007E-01
  3.9558333333E+01  3.9562500000E+01  6.36069E-03  5.34091E-01
  3.9562500000E+01  3.9566666667E+01  6.43678E-03  6.65279E-01
  3.9566666667E+01  3.9570833333E+01  6.42190E-03  5.66766E-01
  3.9570833333E+01  3.9575000000E+01  6.41755E-03  5.02913E-01
  3.9575000000E+01  3.9579166667E+01  6.50966E-03  6.82742E-01
  3.9579166667E+01  3.9583333333E+01  6.47542E-03  5.50557E-01
  3.9583333333E+01  3.9587500000E+01  6.48119E-03  5.06531E-01
  3.9587500000E+01  3.9591666667E+01  6.58800E-03  7.18176E-01
  3.9591666667E+01  3.9595833333E+01  6.54138E-03  5.36414E-01
  3.9595833333E+01  3.9600000000E+01  6.55159E-03  5.07080E-01
  3.9600000000E+01  3.9604166667E+01  6.61001E-03  6.13796E-01
  3.9604166667E+01  3.9608333333E+01  6.60923E-03  5.33817E-01
  3.9608333333E+01  3.9612500000E+01  6.65278E-03  5.39438E-01
  3.9612500000E+01  3.9616666667E+01  6.66978E-03  5.52839E-01
  3.9616666667E+01  3.9620833333E+01  6.73322E-03  6.83309E-01
  3.9620833333E+01  3.9625000000E+01  6.73372E-03  5.98993E-01
  3.9625000000E+01  3.9629166667E+01  6.73814E-03  5.83592E-01
  3.9629166667E+01  3.9633333333E+01  6.78340E-03  5.63277E-01
  3.9633333333E+01  3.9637500000E+01  6.81315E-03  6.20337E-01
  3.9637500000E+01  3.9641666667E+01  6.81078E-03  5.69776E-01
  3.9641666667E+01  3.9645833333E+01  6.84779E-03  5.86201E-01
  3.9645833333E+01  3.9650000000E+01  6.85355E-03  5.35932E-01
  3.9650000000E+01  3.9654166667E+01  6.88625E-03  5.22830E-01
  3.9654166667E+01  3.9658333333E+01  6.95383E-03  5.99992E-01
  3.9658333333E+01  3.9662500000E+01  6.97812E-03  6.07407E-01
  3.9662500000E+01  3.9666666667E+01  6.96211E-03  5.20765E-01
  3.9666666667E+01  3.9670833333E+01  6.98103E-03  5.20185E-01
  3.9670833333E+01  3.9675000000E+01  7.03200E-03  5.46941E-01
  3.9675000000E+01  3.9679166667E+01  7.08844E-03  5.81499E-01
  3.9679166667E+01  3.9683333333E+01  7.08433E-03  4.98252E-01
  3.9683333333E+01  3.9687500000E+01  7.12044E-03  5.41004E-01
  3.9687500000E+01  3.9691666667E+01  7.18385E-03  6.09570E-01
  3.9691666667E+01  3.9695833333E+01  7.21963E-03  6.09646E-01
  3.9695833333E+01  3.9700000000E+01  7.25011E-03  6.04017E-01
  3.9700000000E+01  3.9704166667E+01  7.33392E-03  6.47571E-01
  3.9704166667E+01  3.9708333333E+01  7.32871E-03  6.21323E-01
  3.9708333333E+01  3.9712500000E+01  7.34390E-03  5.78129E-01
  3.9712500000E+01  3.9716666667E+01  7.37036E-03  5.77068E-01
  3.9716666667E+01  3.9720833333E+01  7.40737E-03  5.58325E-01
  3.9720833333E+01  3.9725000000E+01  7.43528E-03  5.71223E-01
  3.9725000000E+01  3.9729166667E+01  7.51282E-03  6.42531E-01
  3.9729166667E+01  3.9733333333E+01  7.49022E-03  5.16599E-01
  3.9733333333E+01  3.9737500000E+01  7.53242E-03  5.25047E-01
  3.9737500000E+01  3.9741666667E+01  7.58642E-03  5.47961E-01
  3.9741666667E+01  3.9745833333E+01  7.68516E-03  6.27268E-01
  3.9745833333E+01  3.9750000000E+01  7.71660E-03  6.01044E-01
  3.9750000000E+01  3.9754166667E+01  7.71828E-03  5.24659E-01
  3.9754166667E+01  3.9758333333E+01  7.76777E-03  5.25189E-01
  3.9758333333E+01  3.9762500000E+01  7.76808E-03  4.87217E-01
  3.9762500000E+01  3.9766666667E+01  7.86214E-03  5.93485E-01
  3.9766666667E+01  3.9770833333E+01  7.87759E-03  5.24587E-01
  3.9770833333E+01  3.9775000000E+01  7.93097E-03  5.23847E-01
  3.9775000000E+01  3.9779166667E+01  7.95212E-03  4.87722E-01
  3.9779166667E+01  3.9783333333E+01  8.03254E-03  5.37765E-01
  3.9783333333E+01  3.9787500000E+01  8.09282E-03  5.48327E-01
  3.9787500000E+01  3.9791666667E+01  8.10281E-03  5.16878E-01
  3.9791666667E+01  3.9795833333E+01  8.13315E-03  5.20320E-01
  3.9795833333E+01  3.9800000000E+01  8.17211E-03  4.89100E-01
  3.9800000000E+01  3.9804166667E+01  8.30434E-03  5.80820E-01
  3.9804166667E+01  3.9808333333E+01  8.33624E-03  5.52988E-01
  3.9808333333E+01  3.9812500000E+01  8.38349E-03  5.29183E-01
  3.9812500000E+01  3.9816666667E+01  8.43860E-03  5.66952E-01
  3.9816666667E+01  3.9820833333E+01  8.49976E-03  5.45710E-01
  3.9820833333E+01  3.9825000000E+01  8.54330E-03  5.12634E-01
  3.9825000000E+01  3.9829166667E+01  8.64294E-03  5.45771E-01
  3.9829166667E+01  3.9833333333E+01  8.68426E-03  5.21667E-01
  3.9833333333E+01  3.9837500000E+01  8.76167E-03  5.34288E-01
  3.9837500000E+01  3.9841666667E+01  8.80354E-03  5.18441E-01
  3.9841666667E+01  3.9845833333E+01  8.88851E-03  5.67980E-01
  3.9845833333E+01  3.9850000000E+01  8.93553E-03  5.15605E-01
  3.9850000000E+01  3.9854166667E+01  9.02700E-03  5.34654E-01
  3.9854166667E+01  3.9858333333E+01  9.14102E-03  5.94481E-01
  3.9858333333E+01  3.9862500000E+01  9.21541E-03  5.63760E-01
  3.9862500000E+01  3.9866666667E+01  9.26380E-03  5.24646E-01
  3.9866666667E+01  3.9870833333E+01  9.34462E-03  5.36269E-01
  3.9870833333E+01  3.9875000000E+01  9.42930E-03  5.30564E-01
  3.9875000000E+01  3.9879166667E+01  9.54990E-03  5.44518E-01
  3.9879166667E+01  3.9883333333E+01  9.61005E-03  5.14313E-01
  3.9883333333E+01  3.9887500000E+01  9.80770E-03  6.06810E-01
  3.9887500000E+01  3.9891666667E+01  9.84807E-03  5.37630E-01
  3.9891666667E+01  3.9895833333E+01  9.91951E-03  5.19486E-01
  3.9895833333E+01  3.9900000000E+01  1.00411E-02  5.21192E-01
  3.9900000000E+01  3.9904166667E+01  1.01974E-02  5.95381E-01
  3.9904166667E+01  3.9908333333E+01  1.02823E-02  5.44075E-01
  3.9908333333E+01  3.9912500000E+01  1.03994E-02  5.51003E-01
  3.9912500000E+01  3.9916666667E+01  1.05419E-02  5.45231E-01
  3.9916666667E+01  3.9920833333E+01  1.07101E-02  5.81432E-01
  3.9920833333E+01  3.9925000000E+01  1.07786E-02  5.31648E-01
  3.9925000000E+01  3.9929166667E+01  1.09006E-02  5.35879E-01
  3.9929166667E+01  3.9933333333E+01  1.10641E-02  5.46731E-01
  3.9933333333E+01  3.9937500000E+01  1.12422E-02  5.74718E-01
  3.9937500000E+01  3.9941666667E+01  1.14460E-02  6.03362E-01
  3.9941666667E+01  3.9945833333E+01  1.14923E-02  5.45759E-01
  3.9945833333E+01  3.9950000000E+01  1.16679E-02  5.59469E-01
  3.9950000000E+01  3.9954166667E+01  1.18522E-02  5.59505E-01
  3.9954166667E+01  3.9958333333E+01  1.19841E-02  5.52461E-01
  3.9958333333E+01  3.9962500000E+01  1.21965E-02  5.95076E-01
  3.9962500000E+01  3.9966666667E+01  1.23372E-02  5.92623E-01
  3.9966666667E+01  3.9970833333E+01  1.25192E-02  6.03671E-01
  3.9970833333E+01  3.9975000000E+01  1.26127E-02  5.92320E-01
  3.9975000000E+01  3.9979166667E+01  1.27672E-02  5.87406E-01
  3.9979166667E+01  3.9983333333E+01  1.29290E-02  5.85525E-01
  3.9983333333E+01  3.9987500000E+01  1.30657E-02  6.02143E-01
  3.9987500000E+01  3.9991666667E+01  1.32062E-02  5.96520E-01
  3.9991666667E+01  3.9995833333E+01  1.33466E-02  5.94343E-01
  3.9995833333E+01  4.0000000000E+01  1.34261E-02  6.01559E-01
  4.0000000000E+01  4.0004166667E+01  1.36077E-02  6.12055E-01
  4.0004166667E+01  4.0008333333E+01  1.37379E-02  6.14491E-01
  4.0008333333E+01  4.0012500000E+01  1.38144E-02  5.91951E-01
  4.0012500000E+01  4.0016666667E+01  1.39025E-02  6.26931E-01
  4.0016666667E+01  4.0020833333E+01  1.39725E-02  6.26709E-01
  4.0020833333E+01  4.0025000000E+01  1.40780E-02  6.42014E-01
  4.0025000000E+01  4.0029166667E+01  1.41174E-02  6.52485E-01
  4.0029166667E+01  4.0033333333E+01  1.41852E-02  6.50968E-01
  4.0033333333E+01  4.0037500000E+01  1.41852E-02  6.71286E-01
  4.0037500000E+01  4.0041666667E+01  1.41200E-02  6.75975E-01
  4.0041666667E+01  4.0045833333E+01  1.40111E-02  6.82265E-01
  4.0045833333E+01  4.0050000000E+01  1.39171E-02  6.79097E-01
  4.0050000000E+01  4.0054166667E+01  1.37761E-02  6.87388E-01
  4.0054166667E+01  4.0058333333E+01  1.36781E-02  7.11185E-01
  4.0058333333E+01  4.0062500000E+01  1.35210E-02  7.19353E-01
  4.0062500000E+01  4.0066666667E+01  1.33471E-02  7.18302E-01
  4.0066666667E+01  4.0070833333E+01  1.31688E-02  7.30761E-01
  4.0070833333E+01  4.0075000000E+01  1.29310E-02  7.37333E-01
  4.0075000000E+01  4.0079166667E+01  1.27269E-02  7.73200E-01
  4.0079166667E+01  4.0083333333E+01  1.23367E-02  7.85404E-01
  4.0083333333E+01  4.0087500000E+01  1.20255E-02  7.87772E-01
  4.0087500000E+01  4.0091666667E+01  1.17366E-02  8.10461E-01
  4.0091666667E+01  4.0095833333E+01  1.12967E-02  8.39672E-01
  4.0095833333E+01  4.0100000000E+01  1.08501E-02  8.51873E-01
  4.0100000000E+01  4.0104166667E+01  1.04959E-02  8.58378E-01
  4.0104166667E+01  4.0108333333E+01  1.01700E-02  8.55647E-01
  4.0108333333E+01  4.0112500000E+01  9.72208E-03  9.02612E-01
  4.0112500000E+01  4.0116666667E+01  9.26546E-03  9.38110E-01
  4.0116666667E+01  4.0120833333E+01  8.82774E-03  9.81813E-01
  4.0120833333E+01  4.0125000000E+01  8.35511E-03  1.01435E+00
  4.0125000000E+01  4.0129166667E+01  7.98731E-03  1.03844E+00
  4.0129166667E+01  4.0133333333E+01  7.59797E-03  1.06575E+00
  4.0133333333E+01  4.0137500000E+01  7.25775E-03  1.12011E+00
  4.0137500000E+01  4.0141666667E+01  6.75651E-03  1.11834E+00
  4.0141666667E+01  4.0145833333E+01  6.35464E-03  1.18163E+00
  4.0145833333E+01  4.0150000000E+01  5.92975E-03  1.20418E+00
  4.0150000000E+01  4.0154166667E+01  5.56598E-03  1.23129E+00
  4.0154166667E+01  4.0158333333E+01  5.19079E-03  1.28784E+00
  4.0158333333E+01  4.0162500000E+01  4.81279E-03  1.32621E+00
  4.0162500000E+01  4.0166666667E+01  4.47991E-03  1.38578E+00
  4.0166666667E+01  4.0170833333E+01  4.11564E-03  1.40262E+00
  4.0170833333E+01  4.0175000000E+01  3.74828E-03  1.50244E+00
  4.0175000000E+01  4.0179166667E+01  3.41331E-03  1.58157E+00
  4.0179166667E+01  4.0183333333E+01  3.22573E-03  1.63908E+00
  4.0183333333E+01  4.0187500000E+01  2.91845E-03  1.74252E+00
  4.0187500000E+01  4.0191666667E+01  2.65096E-03  1.87278E+00
  4.0191666667E+01  4.0195833333E+01  2.41255E-03  1.96171E+00
  4.0195833333E+01  4.0200000000E+01  2.17274E-03  2.06933E+00
  4.0200000000E+01  4.0204166667E+01  1.96295E-03  2.23217E+00
  4.0204166667E+01  4.0208333333E+01  1.74673E-03  2.28104E+00
  4.0208333333E+01  4.0212500000E+01  1.59132E-03  2.39449E+00
  4.0212500000E+01  4.0216666667E+01  1.44111E-03  2.56606E+00
  4.0216666667E+01  4.0220833333E+01  1.24964E-03  2.73745E+00
  4.0220833333E+01  4.0225000000E+01  1.11286E-03  2.94063E+00
  4.0225000000E+01  4.0229166667E+01  1.00776E-03  3.09225E+00
  4.0229166667E+01  4.0233333333E+01  9.13158E-04  3.30319E+00
  4.0233333333E+01  4.0237500000E+01  7.89957E-04  3.51378E+00
  4.0237500000E+01  4.0241666667E+01  7.13259E-04  3.89871E+00
  4.0241666667E+01  4.0245833333E+01  6.00447E-04  4.17015E+00
  4.0245833333E+01  4.0250000000E+01  5.27932E-04  4.53676E+00
  4.0250000000E+01  4.0254166667E+01  4.57790E-04  4.80310E+00
  4.0254166667E+01  4.0258333333E+01  3.88464E-04  5.21193E+00
  4.0258333333E+01  4.0262500000E+01  3.03844E-04  5.77599E+00
  4.0262500000E+01  4.0266666667E+01  2.61744E-04  6.29544E+00
  4.0266666667E+01  4.0270833333E+01  2.31635E-04  6.25236E+00
  4.0270833333E+01  4.0275000000E+01  1.92282E-04  7.12671E+00
  4.0275000000E+01  4.0279166667E+01  1.54632E-04  7.95663E+00
  4.0279166667E+01  4.0283333333E+01  1.33954E-04  8.68694E+00
  4.0283333333E+01  4.0287500000E+01  1.12340E-04  9.21072E+00
  4.0287500000E+01  4.0291666667E+01  9.26251E-05  1.01685E+01
  4.0291666667E+01  4.0295833333E+01  8.77093E-05  1.08934E+01
  4.0295833333E+01  4.0300000000E+01  7.44682E-05  1.19197E+01
  4.0300000000E+01  4.0304166667E+01  6.03195E-05  1.39244E+01
  4.0304166667E+01  4.0308333333E+01  4.65526E-05  1.57868E+01
  4.0308333333E+01  4.0312500000E+01  3.74401E-05  1.75694E+01
  4.0312500000E+01  4.0316666667E+01  3.00603E-05  1.96070E+01
  4.0316666667E+01  4.0320833333E+01  2.29748E-05  2.43303E+01
  4.0320833333E+01  4.0325000000E+01  1.35778E-05  2.88098E+01
  4.0325000000E+01  4.0329166667E+01  8.80183E-06  3.63694E+01
  4.0329166667E+01  4.0333333333E+01  4.97251E-06  5.26130E+01
  4.0333333333E+01  4.0337500000E+01  4.08433E-06  5.69813E+01
  4.0337500000E+01  4.0341666667E+01  2.38849E-06  6.35753E+01
  4.0341666667E+01  4.0345833333E+01  3.00711E-06  6.49756E+01
  4.0345833333E+01  4.0350000000E+01  1.95907E-06  8.38643E+01
  4.0350000000E+01  4.0354166667E+01  1.07854E-06  7.47292E+01
  4.0354166667E+01  4.0358333333E+01  3.53011E-07  1.00000E+02
  4.0358333333E+01  4.0362500000E+01  3.45378E-07  1.00000E+02
  4.0362500000E+01  4.0366666667E+01  3.45378E-07  1.00000E+02
  4.0366666667E+01  4.0370833333E+01  3.45378E-07  1.00000E+02
  4.0370833333E+01  4.0375000000E+01  3.91536E-07  1.00000E+02
  4.0375000000E+01  4.0379166667E+01  3.92644E-07  1.00000E+02
  4.0379166667E+01  4.0383333333E+01  3.95812E-07  1.00000E+02
  4.0383333333E+01  4.0387500000E+01  4.03508E-07  1.00000E+02
  4.0387500000E+01  4.0391666667E+01  4.11057E-07  1.00000E+02
  4.0391666667E+01  4.0395833333E+01  5.01739E-07  1.00000E+02
  4.0395833333E+01  4.0400000000E+01  5.09356E-07  1.00000E+02
  4.0400000000E+01  4.0404166667E+01  5.35243E-07  1.00000E+02
  4.0404166667E+01  4.0408333333E+01  5.45649E-07  1.00000E+02
  4.0408333333E+01  4.0412500000E+01  5.86494E-07  1.00000E+02
  4.0412500000E+01  4.0416666667E+01  6.40174E-07  1.00000E+02
  4.0416666667E+01  4.0420833333E+01  6.54458E-07  1.00000E+02
  4.0420833333E+01  4.0425000000E+01  7.70665E-07  1.00000E+02
  4.0425000000E+01  4.0429166667E+01  9.36491E-07  1.00000E+02
  4.0429166667E+01  4.0433333333E+01  1.31158E-06  9.99999E+01
  4.0433333333E+01  4.0437500000E+01  1.37442E-06  1.00000E+02
  4.0437500000E+01  4.0441666667E+01  0.00000E+00  0.00000E+00
  4.0441666667E+01  4.0445833333E+01  5.04311E-08  1.00000E+02
  4.0445833333E+01  4.0450000000E+01  4.08170E-14  1.00000E+02
  4.0450000000E+01  4.0454166667E+01  0.00000E+00  0.00000E+00
  4.0454166667E+01  4.0458333333E+01  0.00000E+00  0.00000E+00
  4.0458333333E+01  4.0462500000E+01  0.00000E+00  0.00000E+00
  4.0462500000E+01  4.0466666667E+01  0.00000E+00  0.00000E+00
  4.0466666667E+01  4.0470833333E+01  0.00000E+00  0.00000E+00
  4.0470833333E+01  4.0475000000E+01  0.00000E+00  0.00000E+00
  4.0475000000E+01  4.0479166667E+01  0.00000E+00  0.00000E+00
  4.0479166667E+01  4.0483333333E+01  0.00000E+00  0.00000E+00
  4.0483333333E+01  4.0487500000E+01  0.00000E+00  0.00000E+00
  4.0487500000E+01  4.0491666667E+01  1.32481E-07  1.00000E+02
  4.0491666667E+01  4.0495833333E+01  0.00000E+00  0.00000E+00
  4.0495833333E+01  4.0500000000E+01  0.00000E+00  0.00000E+00
  4.0500000000E+01  4.0504166667E+01  2.92163E-14  1.00000E+02
  4.0504166667E+01  4.0508333333E+01  0.00000E+00  0.00000E+00
  4.0508333333E+01  4.0512500000E+01  0.00000E+00  0.00000E+00
  4.0512500000E+01  4.0516666667E+01  0.00000E+00  0.00000E+00
  4.0516666667E+01  4.0520833333E+01  0.00000E+00  0.00000E+00
  4.0520833333E+01  4.0525000000E+01  0.00000E+00  0.00000E+00
  4.0525000000E+01  4.0529166667E+01  0.00000E+00  0.00000E+00
  4.0529166667E+01  4.0533333333E+01  0.00000E+00  0.00000E+00
  4.0533333333E+01  4.0537500000E+01  0.00000E+00  0.00000E+00
  4.0537500000E+01  4.0541666667E+01  2.39080E-08  1.00000E+02
  4.0541666667E+01  4.0545833333E+01  0.00000E+00  0.00000E+00
  4.0545833333E+01  4.0550000000E+01  0.00000E+00  0.00000E+00
  4.0550000000E+01  4.0554166667E+01  0.00000E+00  0.00000E+00
  4.0554166667E+01  4.0558333333E+01  0.00000E+00  0.00000E+00
  4.0558333333E+01  4.0562500000E+01  0.00000E+00  0.00000E+00
  4.0562500000E+01  4.0566666667E+01  0.00000E+00  0.00000E+00
  4.0566666667E+01  4.0570833333E+01  0.00000E+00  0.00000E+00
  4.0570833333E+01  4.0575000000E+01  0.00000E+00  0.00000E+00
  4.0575000000E+01  4.0579166667E+01  0.00000E+00  0.00000E+00
  4.0579166667E+01  4.0583333333E+01  0.00000E+00  0.00000E+00
  4.0583333333E+01  4.0587500000E+01  0.00000E+00  0.00000E+00
  4.0587500000E+01  4.0591666667E+01  7.76616E-15  1.00000E+02
  4.0591666667E+01  4.0595833333E+01  0.00000E+00  0.00000E+00
  4.0595833333E+01  4.0600000000E+01  0.00000E+00  0.00000E+00
  4.0600000000E+01  4.0604166667E+01  0.00000E+00  0.00000E+00
  4.0604166667E+01  4.0608333333E+01  0.00000E+00  0.00000E+00
  4.0608333333E+01  4.0612500000E+01  0.00000E+00  0.00000E+00
  4.0612500000E+01  4.0616666667E+01  0.00000E+00  0.00000E+00
  4.0616666667E+01  4.0620833333E+01  0.00000E+00  0.00000E+00
  4.0620833333E+01  4.0625000000E+01  0.00000E+00  0.00000E+00
  4.0625000000E+01  4.0629166667E+01  0.00000E+00  0.00000E+00
  4.0629166667E+01  4.0633333333E+01  0.00000E+00  0.00000E+00
  4.0633333333E+01  4.0637500000E+01  0.00000E+00  0.00000E+00
  4.0637500000E+01  4.0641666667E+01  0.00000E+00  0.00000E+00
  4.0641666667E+01  4.0645833333E+01  1.42076E-13  1.00000E+02
  4.0645833333E+01  4.0650000000E+01  0.00000E+00  0.00000E+00
  4.0650000000E+01  4.0654166667E+01  0.00000E+00  0.00000E+00
  4.0654166667E+01  4.0658333333E+01  6.34396E-09  1.00000E+02
  4.0658333333E+01  4.0662500000E+01  0.00000E+00  0.00000E+00
  4.0662500000E+01  4.0666666667E+01  0.00000E+00  0.00000E+00
  4.0666666667E+01  4.0670833333E+01  0.00000E+00  0.00000E+00
  4.0670833333E+01  4.0675000000E+01  0.00000E+00  0.00000E+00
  4.0675000000E+01  4.0679166667E+01  0.00000E+00  0.00000E+00
  4.0679166667E+01  4.0683333333E+01  0.00000E+00  0.00000E+00
  4.0683333333E+01  4.0687500000E+01  0.00000E+00  0.00000E+00
  4.0687500000E+01  4.0691666667E+01  0.00000E+00  0.00000E+00
  4.0691666667E+01  4.0695833333E+01  0.00000E+00  0.00000E+00
  4.0695833333E+01  4.0700000000E+01  0.00000E+00  0.00000E+00
  4.0700000000E+01  4.0704166667E+01  0.00000E+00  0.00000E+00
  4.0704166667E+01  4.0708333333E+01  0.00000E+00  0.00000E+00
  4.0708333333E+01  4.0712500000E+01  0.00000E+00  0.00000E+00
  4.0712500000E+01  4.0716666667E+01  0.00000E+00  0.00000E+00
  4.0716666667E+01  4.0720833333E+01  0.00000E+00  0.00000E+00
  4.0720833333E+01  4.0725000000E+01  0.00000E+00  0.00000E+00
  4.0725000000E+01  4.0729166667E+01  0.00000E+00  0.00000E+00
  4.0729166667E+01  4.0733333333E+01  0.00000E+00  0.00000E+00
  4.0733333333E+01  4.0737500000E+01  0.00000E+00  0.00000E+00
  4.0737500000E+01  4.0741666667E+01  0.00000E+00  0.00000E+00
  4.0741666667E+01  4.0745833333E+01  0.00000E+00  0.00000E+00
  4.0745833333E+01  4.0750000000E+01  0.00000E+00  0.00000E+00
  4.0750000000E+01  4.0754166667E+01  0.00000E+00  0.00000E+00
  4.0754166667E+01  4.0758333333E+01  0.00000E+00  0.00000E+00
  4.0758333333E+01  4.0762500000E+01  0.00000E+00  0.00000E+00
  4.0762500000E+01  4.0766666667E+01  0.00000E+00  0.00000E+00
  4.0766666667E+01  4.0770833333E+01  0.00000E+00  0.00000E+00
  4.0770833333E+01  4.0775000000E+01  0.00000E+00  0.00000E+00
  4.0775000000E+01  4.0779166667E+01  0.00000E+00  0.00000E+00
  4.0779166667E+01  4.0783333333E+01  0.00000E+00  0.00000E+00
  4.0783333333E+01  4.0787500000E+01  0.00000E+00  0.00000E+00
  4.0787500000E+01  4.0791666667E+01  1.55881E-06  9.92201E+01
  4.0791666667E+01  4.0795833333E+01  5.88003E-07  1.00000E+02
  4.0795833333E+01  4.0800000000E+01  0.00000E+00  0.00000E+00
  4.0800000000E+01  4.0804166667E+01  0.00000E+00  0.00000E+00
  4.0804166667E+01  4.0808333333E+01  0.00000E+00  0.00000E+00
  4.0808333333E+01  4.0812500000E+01  0.00000E+00  0.00000E+00
  4.0812500000E+01  4.0816666667E+01  0.00000E+00  0.00000E+00
  4.0816666667E+01  4.0820833333E+01  0.00000E+00  0.00000E+00
  4.0820833333E+01  4.0825000000E+01  0.00000E+00  0.00000E+00
  4.0825000000E+01  4.0829166667E+01  0.00000E+00  0.00000E+00
  4.0829166667E+01  4.0833333333E+01  5.99228E-08  1.00000E+02
  4.0833333333E+01  4.0837500000E+01  1.99164E-07  1.00000E+02
  4.0837500000E+01  4.0841666667E+01  0.00000E+00  0.00000E+00
  4.0841666667E+01  4.0845833333E+01  0.00000E+00  0.00000E+00
  4.0845833333E+01  4.0850000000E+01  0.00000E+00  0.00000E+00
  4.0850000000E+01  4.0854166667E+01  0.00000E+00  0.00000E+00
  4.0854166667E+01  4.0858333333E+01  0.00000E+00  0.00000E+00
  4.0858333333E+01  4.0862500000E+01  0.00000E+00  0.00000E+00
  4.0862500000E+01  4.0866666667E+01  2.77275E-14  1.00000E+02
  4.0866666667E+01  4.0870833333E+01  0.00000E+00  0.00000E+00
  4.0870833333E+01  4.0875000000E+01  0.00000E+00  0.00000E+00
  4.0875000000E+01  4.0879166667E+01  0.00000E+00  0.00000E+00
  4.0879166667E+01  4.0883333333E+01  0.00000E+00  0.00000E+00
  4.0883333333E+01  4.0887500000E+01  0.00000E+00  0.00000E+00
  4.0887500000E+01  4.0891666667E+01  0.00000E+00  0.00000E+00
  4.0891666667E+01  4.0895833333E+01  0.00000E+00  0.00000E+00
  4.0895833333E+01  4.0900000000E+01  0.00000E+00  0.00000E+00
  4.0900000000E+01  4.0904166667E+01  0.00000E+00  0.00000E+00
  4.0904166667E+01  4.0908333333E+01  2.80212E-14  1.00000E+02
  4.0908333333E+01  4.0912500000E+01  0.00000E+00  0.00000E+00
  4.0912500000E+01  4.0916666667E+01  0.00000E+00  0.00000E+00
  4.0916666667E+01  4.0920833333E+01  0.00000E+00  0.00000E+00
  4.0920833333E+01  4.0925000000E+01  0.00000E+00  0.00000E+00
  4.0925000000E+01  4.0929166667E+01  0.00000E+00  0.00000E+00
  4.0929166667E+01  4.0933333333E+01  0.00000E+00  0.00000E+00
  4.0933333333E+01  4.0937500000E+01  1.06582E-13  1.00000E+02
  4.0937500000E+01  4.0941666667E+01  0.00000E+00  0.00000E+00
  4.0941666667E+01  4.0945833333E+01  0.00000E+00  0.00000E+00
  4.0945833333E+01  4.0950000000E+01  0.00000E+00  0.00000E+00
  4.0950000000E+01  4.0954166667E+01  0.00000E+00  0.00000E+00
  4.0954166667E+01  4.0958333333E+01  0.00000E+00  0.00000E+00
  4.0958333333E+01  4.0962500000E+01  0.00000E+00  0.00000E+00
  4.0962500000E+01  4.0966666667E+01  0.00000E+00  0.00000E+00
  4.0966666667E+01  4.0970833333E+01  0.00000E+00  0.00000E+00
  4.0970833333E+01  4.0975000000E+01  0.00000E+00  0.00000E+00
  4.0975000000E+01  4.0979166667E+01  0.00000E+00  0.00000E+00
  4.0979166667E+01  4.0983333333E+01  0.00000E+00  0.00000E+00
  4.0983333333E+01  4.0987500000E+01  4.27980E-14  1.00000E+02
  4.0987500000E+01  4.0991666667E+01  0.00000E+00  0.00000E+00
  4.0991666667E+01  4.0995833333E+01  0.00000E+00  0.00000E+00
  4.0995833333E+01  4.1000000000E+01  0.00000E+00  0.00000E+00
  4.1000000000E+01  4.1004166667E+01  0.00000E+00  0.00000E+00
  4.1004166667E+01  4.1008333333E+01  0.00000E+00  0.00000E+00
  4.1008333333E+01  4.1012500000E+01  5.78758E-11  1.00000E+02
  4.1012500000E+01  4.1016666667E+01  0.00000E+00  0.00000E+00
  4.1016666667E+01  4.1020833333E+01  0.00000E+00  0.00000E+00
  4.1020833333E+01  4.1025000000E+01  0.00000E+00  0.00000E+00
  4.1025000000E+01  4.1029166667E+01  0.00000E+00  0.00000E+00
  4.1029166667E+01  4.1033333333E+01  0.00000E+00  0.00000E+00
  4.1033333333E+01  4.1037500000E+01  7.42285E-14  7.07107E+01
  4.1037500000E+01  4.1041666667E+01  0.00000E+00  0.00000E+00
  4.1041666667E+01  4.1045833333E+01  0.00000E+00  0.00000E+00
  4.1045833333E+01  4.1050000000E+01  0.00000E+00  0.00000E+00
  4.1050000000E+01  4.1054166667E+01  0.00000E+00  0.00000E+00
  4.1054166667E+01  4.1058333333E+01  0.00000E+00  0.00000E+00
  4.1058333333E+01  4.1062500000E+01  0.00000E+00  0.00000E+00
  4.1062500000E+01  4.1066666667E+01  0.00000E+00  0.00000E+00
  4.1066666667E+01  4.1070833333E+01  0.00000E+00  0.00000E+00
  4.1070833333E+01  4.1075000000E+01  0.00000E+00  0.00000E+00
  4.1075000000E+01  4.1079166667E+01  0.00000E+00  0.00000E+00
  4.1079166667E+01  4.1083333333E+01  0.00000E+00  0.00000E+00
  4.1083333333E+01  4.1087500000E+01  0.00000E+00  0.00000E+00
  4.1087500000E+01  4.1091666667E+01  0.00000E+00  0.00000E+00
  4.1091666667E+01  4.1095833333E+01  0.00000E+00  0.00000E+00
  4.1095833333E+01  4.1100000000E+01  0.00000E+00  0.00000E+00
  4.1100000000E+01  4.1104166667E+01  0.00000E+00  0.00000E+00
  4.1104166667E+01  4.1108333333E+01  0.00000E+00  0.00000E+00
  4.1108333333E+01  4.1112500000E+01  0.00000E+00  0.00000E+00
  4.1112500000E+01  4.1116666667E+01  0.00000E+00  0.00000E+00
  4.1116666667E+01  4.1120833333E+01  0.00000E+00  0.00000E+00
  4.1120833333E+01  4.1125000000E+01  0.00000E+00  0.00000E+00
  4.1125000000E+01  4.1129166667E+01  0.00000E+00  0.00000E+00
  4.1129166667E+01  4.1133333333E+01  0.00000E+00  0.00000E+00
  4.1133333333E+01  4.1137500000E+01  0.00000E+00  0.00000E+00
  4.1137500000E+01  4.1141666667E+01  0.00000E+00  0.00000E+00
  4.1141666667E+01  4.1145833333E+01  0.00000E+00  0.00000E+00
  4.1145833333E+01  4.1150000000E+01  0.00000E+00  0.00000E+00
  4.1150000000E+01  4.1154166667E+01  0.00000E+00  0.00000E+00
  4.1154166667E+01  4.1158333333E+01  0.00000E+00  0.00000E+00
  4.1158333333E+01  4.1162500000E+01  0.00000E+00  0.00000E+00
  4.1162500000E+01  4.1166666667E+01  0.00000E+00  0.00000E+00
  4.1166666667E+01  4.1170833333E+01  0.00000E+00  0.00000E+00
  4.1170833333E+01  4.1175000000E+01  0.00000E+00  0.00000E+00
  4.1175000000E+01  4.1179166667E+01  0.00000E+00  0.00000E+00
  4.1179166667E+01  4.1183333333E+01  1.87252E-08  1.00000E+02
  4.1183333333E+01  4.1187500000E+01  0.00000E+00  0.00000E+00
  4.1187500000E+01  4.1191666667E+01  0.00000E+00  0.00000E+00
  4.1191666667E+01  4.1195833333E+01  0.00000E+00  0.00000E+00
  4.1195833333E+01  4.1200000000E+01  0.00000E+00  0.00000E+00
  4.1200000000E+01  4.1204166667E+01  0.00000E+00  0.00000E+00
  4.1204166667E+01  4.1208333333E+01  0.00000E+00  0.00000E+00
  4.1208333333E+01  4.1212500000E+01  0.00000E+00  0.00000E+00
  4.1212500000E+01  4.1216666667E+01  0.00000E+00  0.00000E+00
  4.1216666667E+01  4.1220833333E+01  0.00000E+00  0.00000E+00
  4.1220833333E+01  4.1225000000E+01  0.00000E+00  0.00000E+00
  4.1225000000E+01  4.1229166667E+01  0.00000E+00  0.00000E+00
  4.1229166667E+01  4.1233333333E+01  0.00000E+00  0.00000E+00
  4.1233333333E+01  4.1237500000E+01  9.23525E-07  1.00000E+02
  4.1237500000E+01  4.1241666667E+01  0.00000E+00  0.00000E+00
  4.1241666667E+01  4.1245833333E+01  0.00000E+00  0.00000E+00
  4.1245833333E+01  4.1250000000E+01  0.00000E+00  0.00000E+00
  4.1250000000E+01  4.1254166667E+01  0.00000E+00  0.00000E+00
  4.1254166667E+01  4.1258333333E+01  0.00000E+00  0.00000E+00
  4.1258333333E+01  4.1262500000E+01  0.00000E+00  0.00000E+00
  4.1262500000E+01  4.1266666667E+01  0.00000E+00  0.00000E+00
  4.1266666667E+01  4.1270833333E+01  0.00000E+00  0.00000E+00
  4.1270833333E+01  4.1275000000E+01  0.00000E+00  0.00000E+00
  4.1275000000E+01  4.1279166667E+01  0.00000E+00  0.00000E+00
  4.1279166667E+01  4.1283333333E+01  0.00000E+00  0.00000E+00
  4.1283333333E+01  4.1287500000E+01  0.00000E+00  0.00000E+00
  4.1287500000E+01  4.1291666667E+01  0.00000E+00  0.00000E+00
  4.1291666667E+01  4.1295833333E+01  0.00000E+00  0.00000E+00
  4.1295833333E+01  4.1300000000E+01  0.00000E+00  0.00000E+00
  4.1300000000E+01  4.1304166667E+01  0.00000E+00  0.00000E+00
  4.1304166667E+01  4.1308333333E+01  0.00000E+00  0.00000E+00
  4.1308333333E+01  4.1312500000E+01  0.00000E+00  0.00000E+00
  4.1312500000E+01  4.1316666667E+01  0.00000E+00  0.00000E+00
  4.1316666667E+01  4.1320833333E+01  0.00000E+00  0.00000E+00
  4.1320833333E+01  4.1325000000E+01  0.00000E+00  0.00000E+00
  4.1325000000E+01  4.1329166667E+01  0.00000E+00  0.00000E+00
  4.1329166667E+01  4.1333333333E+01  0.00000E+00  0.00000E+00
  4.1333333333E+01  4.1337500000E+01  0.00000E+00  0.00000E+00
  4.1337500000E+01  4.1341666667E+01  0.00000E+00  0.00000E+00
  4.1341666667E+01  4.1345833333E+01  0.00000E+00  0.00000E+00
  4.1345833333E+01  4.1350000000E+01  0.00000E+00  0.00000E+00
  4.1350000000E+01  4.1354166667E+01  0.00000E+00  0.00000E+00
  4.1354166667E+01  4.1358333333E+01  0.00000E+00  0.00000E+00
  4.1358333333E+01  4.1362500000E+01  0.00000E+00  0.00000E+00
  4.1362500000E+01  4.1366666667E+01  0.00000E+00  0.00000E+00
  4.1366666667E+01  4.1370833333E+01  0.00000E+00  0.00000E+00
  4.1370833333E+01  4.1375000000E+01  3.65456E-09  1.00000E+02
  4.1375000000E+01  4.1379166667E+01  0.00000E+00  0.00000E+00
  4.1379166667E+01  4.1383333333E+01  0.00000E+00  0.00000E+00
  4.1383333333E+01  4.1387500000E+01  0.00000E+00  0.00000E+00
  4.1387500000E+01  4.1391666667E+01  0.00000E+00  0.00000E+00
  4.1391666667E+01  4.1395833333E+01  0.00000E+00  0.00000E+00
  4.1395833333E+01  4.1400000000E+01  0.00000E+00  0.00000E+00
  4.1400000000E+01  4.1404166667E+01  0.00000E+00  0.00000E+00
  4.1404166667E+01  4.1408333333E+01  0.00000E+00  0.00000E+00
  4.1408333333E+01  4.1412500000E+01  3.54937E-14  1.00000E+02
  4.1412500000E+01  4.1416666667E+01  0.00000E+00  0.00000E+00
  4.1416666667E+01  4.1420833333E+01  0.00000E+00  0.00000E+00
  4.1420833333E+01  4.1425000000E+01  0.00000E+00  0.00000E+00
  4.1425000000E+01  4.1429166667E+01  0.00000E+00  0.00000E+00
  4.1429166667E+01  4.1433333333E+01  0.00000E+00  0.00000E+00
  4.1433333333E+01  4.1437500000E+01  0.00000E+00  0.00000E+00
  4.1437500000E+01  4.1441666667E+01  0.00000E+00  0.00000E+00
  4.1441666667E+01  4.1445833333E+01  0.00000E+00  0.00000E+00
  4.1445833333E+01  4.1450000000E+01  0.00000E+00  0.00000E+00
  4.1450000000E+01  4.1454166667E+01  0.00000E+00  0.00000E+00
  4.1454166667E+01  4.1458333333E+01  2.07021E-14  1.00000E+02
  4.1458333333E+01  4.1462500000E+01  0.00000E+00  0.00000E+00
  4.1462500000E+01  4.1466666667E+01  0.00000E+00  0.00000E+00
  4.1466666667E+01  4.1470833333E+01  0.00000E+00  0.00000E+00
  4.1470833333E+01  4.1475000000E+01  0.00000E+00  0.00000E+00
  4.1475000000E+01  4.1479166667E+01  0.00000E+00  0.00000E+00
  4.1479166667E+01  4.1483333333E+01  0.00000E+00  0.00000E+00
  4.1483333333E+01  4.1487500000E+01  0.00000E+00  0.00000E+00
  4.1487500000E+01  4.1491666667E+01  0.00000E+00  0.00000E+00
  4.1491666667E+01  4.1495833333E+01  0.00000E+00  0.00000E+00
  4.1495833333E+01  4.1500000000E+01  0.00000E+00  0.00000E+00
  4.1500000000E+01  4.1500000000E+01  0.00000E+00  0.00000E+00