# Detector n: 1D Projection
  5.0099998474E+01  5.0104165141E+01  2.20121E-03  2.95261E-01
  5.0104165141E+01  5.0108331807E+01  2.21726E-03  2.61475E-01
  5.0108331807E+01  5.0112498474E+01  2.24138E-03  3.57598E-01
  5.0112498474E+01  5.0116665141E+01  2.22835E-03  2.33596E-01
  5.0116665141E+01  5.0120831807E+01  2.23766E-03  3.06759E-01
  5.0120831807E+01  5.0124998474E+01  2.23777E-03  2.63810E-01
  5.0124998474E+01  5.0129165141E+01  2.25201E-03  3.75735E-01
  5.0129165141E+01  5.0133331807E+01  2.24970E-03  3.34499E-01
  5.0133331807E+01  5.0137498474E+01  2.25063E-03  3.61280E-01
  5.0137498474E+01  5.0141665141E+01  2.24604E-03  3.02334E-01
  5.0141665141E+01  5.0145831807E+01  2.25725E-03  3.50097E-01
  5.0145831807E+01  5.0149998474E+01  2.24693E-03  2.78671E-01
  5.0149998474E+01  5.0154165141E+01  2.25005E-03  2.88528E-01
  5.0154165141E+01  5.0158331807E+01  2.25898E-03  3.62732E-01
  5.0158331807E+01  5.0162498474E+01  2.25691E-03  3.30987E-01
  5.0162498474E+01  5.0166665141E+01  2.25247E-03  3.18362E-01
  5.0166665141E+01  5.0170831807E+01  2.24577E-03  2.75370E-01
  5.0170831807E+01  5.0174998474E+01  2.24905E-03  3.03830E-01
  5.0174998474E+01  5.0179165141E+01  2.26074E-03  3.39889E-01
  5.0179165141E+01  5.0183331807E+01  2.26973E-03  3.12907E-01
  5.0183331807E+01  5.0187498474E+01  2.28009E-03  3.12077E-01
  5.0187498474E+01  5.0191665141E+01  2.28581E-03  3.73234E-01
  5.0191665141E+01  5.0195831807E+01  2.27559E-03  3.10876E-01
  5.0195831807E+01  5.0199998474E+01  2.27557E-03  2.94086E-01
  5.0199998474E+01  5.0204165141E+01  2.28216E-03  2.92257E-01
  5.0204165141E+01  5.0208331807E+01  2.28296E-03  3.22614E-01
  5.0208331807E+01  5.0212498474E+01  2.29082E-03  3.33277E-01
  5.0212498474E+01  5.0216665141E+01  2.28396E-03  3.22382E-01
  5.0216665141E+01  5.0220831807E+01  2.27585E-03  2.70352E-01
  5.0220831807E+01  5.0224998474E+01  2.28471E-03  3.07118E-01
  5.0224998474E+01  5.0229165141E+01  2.29033E-03  3.40330E-01
  5.0229165141E+01  5.0233331807E+01  2.29227E-03  3.05484E-01
  5.0233331807E+01  5.0237498474E+01  2.28329E-03  2.91758E-01
  5.0237498474E+01  5.0241665141E+01  2.28442E-03  2.94977E-01
  5.0241665141E+01  5.0245831807E+01  2.28242E-03  3.00344E-01
  5.0245831807E+01  5.0249998474E+01  2.29377E-03  3.64721E-01
  5.0249998474E+01  5.0254165141E+01  2.28584E-03  2.91077E-01
  5.0254165141E+01  5.0258331807E+01  2.29041E-03  3.06148E-01
  5.0258331807E+01  5.0262498474E+01  2.28660E-03  2.80274E-01
  5.0262498474E+01  5.0266665141E+01  2.28524E-03  2.92103E-01
  5.0266665141E+01  5.0270831807E+01  2.28627E-03  3.24312E-01
  5.0270831807E+01  5.0274998474E+01  2.29533E-03  3.33267E-01
  5.0274998474E+01  5.0279165141E+01  2.28719E-03  2.93865E-01
  5.0279165141E+01  5.0283331807E+01  2.29242E-03  3.23198E-01
  5.0283331807E+01  5.0287498474E+01  2.30230E-03  3.32931E-01
  5.0287498474E+01  5.0291665141E+01  2.30922E-03  3.82803E-01
  5.0291665141E+01  5.0295831807E+01  2.30380E-03  3.34810E-01
  5.0295831807E+01  5.0299998474E+01  2.31720E-03  4.30972E-01
  5.0299998474E+01  5.0304165141E+01  2.30297E-03  3.18434E-01
  5.0304165141E+01  5.0308331807E+01  2.29473E-03  3.12093E-01
  5.0308331807E+01  5.0312498474E+01  2.28634E-03  2.56784E-01
  5.0312498474E+01  5.0316665141E+01  2.30270E-03  3.34026E-01
  5.0316665141E+01  5.0320831807E+01  2.31900E-03  3.99414E-01
  5.0320831807E+01  5.0324998474E+01  2.31933E-03  3.78185E-01
  5.0324998474E+01  5.0329165141E+01  2.31382E-03  3.88294E-01
  5.0329165141E+01  5.0333331807E+01  2.30494E-03  3.31831E-01
  5.0333331807E+01  5.0337498474E+01  2.31244E-03  3.40392E-01
  5.0337498474E+01  5.0341665141E+01  2.32378E-03  3.30842E-01
  5.0341665141E+01  5.0345831807E+01  2.32910E-03  3.03078E-01
  5.0345831807E+01  5.0349998474E+01  2.33558E-03  3.26731E-01
  5.0349998474E+01  5.0354165141E+01  2.33392E-03  3.32782E-01
  5.0354165141E+01  5.0358331807E+01  2.32940E-03  2.94148E-01
  5.0358331807E+01  5.0362498474E+01  2.32878E-03  2.70748E-01
  5.0362498474E+01  5.0366665141E+01  2.32491E-03  2.59174E-01
  5.0366665141E+01  5.0370831807E+01  2.31544E-03  2.53628E-01
  5.0370831807E+01  5.0374998474E+01  2.33010E-03  3.35322E-01
  5.0374998474E+01  5.0379165141E+01  2.33482E-03  3.63788E-01
  5.0379165141E+01  5.0383331807E+01  2.32860E-03  2.82162E-01
  5.0383331807E+01  5.0387498474E+01  2.32985E-03  3.09185E-01
  5.0387498474E+01  5.0391665141E+01  2.32480E-03  2.84932E-01
  5.0391665141E+01  5.0395831807E+01  2.33066E-03  3.20484E-01
  5.0395831807E+01  5.0399998474E+01  2.32754E-03  3.00130E-01
  5.0399998474E+01  5.0404165141E+01  2.33314E-03  3.05061E-01
  5.0404165141E+01  5.0408331807E+01  2.34512E-03  3.69193E-01
  5.0408331807E+01  5.0412498474E+01  2.34597E-03  3.54856E-01
  5.0412498474E+01  5.0416665141E+01  2.35078E-03  3.50127E-01
  5.0416665141E+01  5.0420831807E+01  2.33365E-03  2.67229E-01
  5.0420831807E+01  5.0424998474E+01  2.33521E-03  2.89604E-01
  5.0424998474E+01  5.0429165141E+01  2.33450E-03  2.78282E-01
  5.0429165141E+01  5.0433331807E+01  2.34544E-03  3.26910E-01
  5.0433331807E+01  5.0437498474E+01  2.33763E-03  2.92587E-01
  5.0437498474E+01  5.0441665141E+01  2.34575E-03  3.37010E-01
  5.0441665141E+01  5.0445831807E+01  2.33753E-03  3.03518E-01
  5.0445831807E+01  5.0449998474E+01  2.34109E-03  3.08349E-01
  5.0449998474E+01  5.0454165141E+01  2.33762E-03  2.77310E-01
  5.0454165141E+01  5.0458331807E+01  2.33973E-03  3.18534E-01
  5.0458331807E+01  5.0462498474E+01  2.33941E-03  2.82589E-01
  5.0462498474E+01  5.0466665141E+01  2.34556E-03  3.35735E-01
  5.0466665141E+01  5.0470831807E+01  2.34647E-03  3.25580E-01
  5.0470831807E+01  5.0474998474E+01  2.34087E-03  3.08028E-01
  5.0474998474E+01  5.0479165141E+01  2.33250E-03  2.61357E-01
  5.0479165141E+01  5.0483331807E+01  2.33958E-03  2.90281E-01
  5.0483331807E+01  5.0487498474E+01  2.35151E-03  3.36071E-01
  5.0487498474E+01  5.0491665141E+01  2.33467E-03  2.57399E-01
  5.0491665141E+01  5.0495831807E+01  2.33974E-03  3.11857E-01
  5.0495831807E+01  5.0499998474E+01  2.34406E-03  3.36434E-01
  5.0499998474E+01  5.0504165141E+01  2.33582E-03  2.56743E-01
  5.0504165141E+01  5.0508331807E+01  2.33950E-03  2.74412E-01
  5.0508331807E+01  5.0512498474E+01  2.34420E-03  2.91540E-01
  5.0512498474E+01  5.0516665141E+01  2.34853E-03  3.09803E-01
  5.0516665141E+01  5.0520831807E+01  2.34537E-03  3.00884E-01
  5.0520831807E+01  5.0524998474E+01  2.34059E-03  2.69490E-01
  5.0524998474E+01  5.0529165141E+01  2.33884E-03  2.55001E-01
  5.0529165141E+01  5.0533331807E+01  2.34961E-03  3.16893E-01
  5.0533331807E+01  5.0537498474E+01  2.35804E-03  3.71191E-01
  5.0537498474E+01  5.0541665141E+01  2.35075E-03  2.86421E-01
  5.0541665141E+01  5.0545831807E+01  2.36491E-03  3.98732E-01
  5.0545831807E+01  5.0549998474E+01  2.35765E-03  3.06338E-01
  5.0549998474E+01  5.0554165141E+01  2.35345E-03  3.19478E-01
  5.0554165141E+01  5.0558331807E+01  2.34780E-03  2.58197E-01
  5.0558331807E+01  5.0562498474E+01  2.35170E-03  3.02841E-01
  5.0562498474E+01  5.0566665141E+01  2.35386E-03  3.00979E-01
  5.0566665141E+01  5.0570831807E+01  2.34756E-03  2.62850E-01
  5.0570831807E+01  5.0574998474E+01  2.36172E-03  3.42263E-01
  5.0574998474E+01  5.0579165141E+01  2.35703E-03  3.13646E-01
  5.0579165141E+01  5.0583331807E+01  2.37142E-03  3.98497E-01
  5.0583331807E+01  5.0587498474E+01  2.36618E-03  3.60165E-01
  5.0587498474E+01  5.0591665141E+01  2.36136E-03  3.31304E-01
  5.0591665141E+01  5.0595831807E+01  2.35653E-03  3.02265E-01
  5.0595831807E+01  5.0599998474E+01  2.36295E-03  3.20735E-01
  5.0599998474E+01  5.0604165141E+01  2.35935E-03  3.00882E-01
  5.0604165141E+01  5.0608331807E+01  2.36394E-03  3.36470E-01
  5.0608331807E+01  5.0612498474E+01  2.36890E-03  3.31697E-01
  5.0612498474E+01  5.0616665141E+01  2.35166E-03  2.84146E-01
  5.0616665141E+01  5.0620831807E+01  2.35131E-03  2.78521E-01
  5.0620831807E+01  5.0624998474E+01  2.35093E-03  2.93327E-01
  5.0624998474E+01  5.0629165141E+01  2.35320E-03  3.09281E-01
  5.0629165141E+01  5.0633331807E+01  2.35303E-03  2.77055E-01
  5.0633331807E+01  5.0637498474E+01  2.37134E-03  3.43421E-01
  5.0637498474E+01  5.0641665141E+01  2.37413E-03  2.95480E-01
  5.0641665141E+01  5.0645831807E+01  2.37989E-03  3.06601E-01
  5.0645831807E+01  5.0649998474E+01  2.38290E-03  2.99802E-01
  5.0649998474E+01  5.0654165141E+01  2.38632E-03  2.94856E-01
  5.0654165141E+01  5.0658331807E+01  2.39509E-03  3.20017E-01
  5.0658331807E+01  5.0662498474E+01  2.39556E-03  2.99280E-01
  5.0662498474E+01  5.0666665141E+01  2.39180E-03  2.81336E-01
  5.0666665141E+01  5.0670831807E+01  2.39530E-03  2.99151E-01
  5.0670831807E+01  5.0674998474E+01  2.39304E-03  2.73904E-01
  5.0674998474E+01  5.0679165141E+01  2.39187E-03  2.71099E-01
  5.0679165141E+01  5.0683331807E+01  2.38856E-03  2.58931E-01
  5.0683331807E+01  5.0687498474E+01  2.38826E-03  2.66447E-01
  5.0687498474E+01  5.0691665141E+01  2.39174E-03  3.01065E-01
  5.0691665141E+01  5.0695831807E+01  2.38532E-03  2.40615E-01
  5.0695831807E+01  5.0699998474E+01  2.38912E-03  2.61688E-01
  5.0699998474E+01  5.0704165141E+01  2.39639E-03  2.71406E-01
  5.0704165141E+01  5.0708331807E+01  2.39700E-03  3.76209E-01
  5.0708331807E+01  5.0712498474E+01  2.38666E-03  2.40112E-01
  5.0712498474E+01  5.0716665141E+01  2.39464E-03  2.68033E-01
  5.0716665141E+01  5.0720831807E+01  2.40012E-03  2.96342E-01
  5.0720831807E+01  5.0724998474E+01  2.40661E-03  3.24168E-01
  5.0724998474E+01  5.0729165141E+01  2.40159E-03  3.00019E-01
  5.0729165141E+01  5.0733331807E+01  2.39212E-03  2.60971E-01
  5.0733331807E+01  5.0737498474E+01  2.39338E-03  2.58139E-01
  5.0737498474E+01  5.0741665141E+01  2.40238E-03  2.96463E-01
  5.0741665141E+01  5.0745831807E+01  2.41159E-03  3.01259E-01
  5.0745831807E+01  5.0749998474E+01  2.41536E-03  3.22060E-01
  5.0749998474E+01  5.0754165141E+01  2.41154E-03  3.25401E-01
  5.0754165141E+01  5.0758331807E+01  2.40054E-03  2.63738E-01
  5.0758331807E+01  5.0762498474E+01  2.41906E-03  3.34131E-01
  5.0762498474E+01  5.0766665141E+01  2.40337E-03  2.58903E-01
  5.0766665141E+01  5.0770831807E+01  2.40946E-03  3.20820E-01
  5.0770831807E+01  5.0774998474E+01  2.41381E-03  3.46624E-01
  5.0774998474E+01  5.0779165141E+01  2.41987E-03  3.52199E-01
  5.0779165141E+01  5.0783331807E+01  2.41497E-03  3.25926E-01
  5.0783331807E+01  5.0787498474E+01  2.40501E-03  2.58976E-01
  5.0787498474E+01  5.0791665141E+01  2.40981E-03  2.73757E-01
  5.0791665141E+01  5.0795831807E+01  2.42577E-03  3.74504E-01
  5.0795831807E+01  5.0799998474E+01  2.41873E-03  3.16376E-01
  5.0799998474E+01  5.0804165141E+01  2.40844E-03  2.95625E-01
  5.0804165141E+01  5.0808331807E+01  2.40955E-03  2.77184E-01
  5.0808331807E+01  5.0812498474E+01  2.41936E-03  2.94739E-01
  5.0812498474E+01  5.0816665141E+01  2.42219E-03  3.17783E-01
  5.0816665141E+01  5.0820831807E+01  2.40807E-03  2.41439E-01
  5.0820831807E+01  5.0824998474E+01  2.43206E-03  3.41682E-01
  5.0824998474E+01  5.0829165141E+01  2.43082E-03  3.41643E-01
  5.0829165141E+01  5.0833331807E+01  2.42830E-03  3.11434E-01
  5.0833331807E+01  5.0837498474E+01  2.41934E-03  2.78599E-01
  5.0837498474E+01  5.0841665141E+01  2.42682E-03  3.44050E-01
  5.0841665141E+01  5.0845831807E+01  2.41925E-03  2.58074E-01
  5.0845831807E+01  5.0849998474E+01  2.42325E-03  2.79459E-01
  5.0849998474E+01  5.0854165141E+01  2.41928E-03  2.62120E-01
  5.0854165141E+01  5.0858331807E+01  2.42751E-03  3.16211E-01
  5.0858331807E+01  5.0862498474E+01  2.42943E-03  2.97083E-01
  5.0862498474E+01  5.0866665141E+01  2.43375E-03  3.03434E-01
  5.0866665141E+01  5.0870831807E+01  2.43787E-03  3.40000E-01
  5.0870831807E+01  5.0874998474E+01  2.43281E-03  3.39020E-01
  5.0874998474E+01  5.0879165141E+01  2.42952E-03  2.78908E-01
  5.0879165141E+01  5.0883331807E+01  2.43198E-03  3.15744E-01
  5.0883331807E+01  5.0887498474E+01  2.43278E-03  2.92921E-01
  5.0887498474E+01  5.0891665141E+01  2.44617E-03  3.37569E-01
  5.0891665141E+01  5.0895831807E+01  2.44176E-03  3.04640E-01
  5.0895831807E+01  5.0899998474E+01  2.43806E-03  2.86705E-01
  5.0899998474E+01  5.0904165141E+01  2.43603E-03  2.84711E-01
  5.0904165141E+01  5.0908331807E+01  2.43955E-03  2.86393E-01
  5.0908331807E+01  5.0912498474E+01  2.44321E-03  3.16584E-01
  5.0912498474E+01  5.0916665141E+01  2.43556E-03  2.82948E-01
  5.0916665141E+01  5.0920831807E+01  2.44125E-03  3.01515E-01
  5.0920831807E+01  5.0924998474E+01  2.44594E-03  2.99432E-01
  5.0924998474E+01  5.0929165141E+01  2.44141E-03  2.87780E-01
  5.0929165141E+01  5.0933331807E+01  2.45614E-03  3.56275E-01
  5.0933331807E+01  5.0937498474E+01  2.45892E-03  3.67838E-01
  5.0937498474E+01  5.0941665141E+01  2.44575E-03  2.83057E-01
  5.0941665141E+01  5.0945831807E+01  2.44942E-03  3.29573E-01
  5.0945831807E+01  5.0949998474E+01  2.45057E-03  3.11707E-01
  5.0949998474E+01  5.0954165141E+01  2.45701E-03  3.20074E-01
  5.0954165141E+01  5.0958331807E+01  2.45547E-03  3.42818E-01
  5.0958331807E+01  5.0962498474E+01  2.45240E-03  2.99164E-01
  5.0962498474E+01  5.0966665141E+01  2.44624E-03  2.94758E-01
  5.0966665141E+01  5.0970831807E+01  2.44656E-03  2.69926E-01
  5.0970831807E+01  5.0974998474E+01  2.45220E-03  3.11698E-01
  5.0974998474E+01  5.0979165141E+01  2.47032E-03  3.81713E-01
  5.0979165141E+01  5.0983331807E+01  2.45510E-03  2.72668E-01
  5.0983331807E+01  5.0987498474E+01  2.45893E-03  2.91329E-01
  5.0987498474E+01  5.0991665141E+01  2.45637E-03  2.81355E-01
  5.0991665141E+01  5.0995831807E+01  2.45727E-03  2.67399E-01
  5.0995831807E+01  5.0999998474E+01  2.46056E-03  2.94441E-01
  5.0999998474E+01  5.1004165141E+01  2.46270E-03  2.82265E-01
  5.1004165141E+01  5.1008331807E+01  2.45817E-03  2.93661E-01
  5.1008331807E+01  5.1012498474E+01  2.46380E-03  3.06313E-01
  5.1012498474E+01  5.1016665141E+01  2.45664E-03  3.22300E-01
  5.1016665141E+01  5.1020831807E+01  2.45301E-03  2.45133E-01
  5.1020831807E+01  5.1024998474E+01  2.46832E-03  3.22431E-01
  5.1024998474E+01  5.1029165141E+01  2.46407E-03  2.84559E-01
  5.1029165141E+01  5.1033331807E+01  2.46725E-03  2.89333E-01
  5.1033331807E+01  5.1037498474E+01  2.47353E-03  3.09912E-01
  5.1037498474E+01  5.1041665141E+01  2.48110E-03  3.39739E-01
  5.1041665141E+01  5.1045831807E+01  2.47369E-03  2.84692E-01
  5.1045831807E+01  5.1049998474E+01  2.48436E-03  3.24769E-01
  5.1049998474E+01  5.1054165141E+01  2.47721E-03  2.76171E-01
  5.1054165141E+01  5.1058331807E+01  2.48199E-03  2.79829E-01
  5.1058331807E+01  5.1062498474E+01  2.48715E-03  3.26268E-01
  5.1062498474E+01  5.1066665141E+01  2.47796E-03  2.74818E-01
  5.1066665141E+01  5.1070831807E+01  2.47907E-03  3.23361E-01
  5.1070831807E+01  5.1074998474E+01  2.48557E-03  3.37943E-01
  5.1074998474E+01  5.1079165141E+01  2.49291E-03  3.47134E-01
  5.1079165141E+01  5.1083331807E+01  2.48597E-03  3.28343E-01
  5.1083331807E+01  5.1087498474E+01  2.48470E-03  2.75067E-01
  5.1087498474E+01  5.1091665141E+01  2.49705E-03  3.34115E-01
  5.1091665141E+01  5.1095831807E+01  2.49135E-03  3.13264E-01
  5.1095831807E+01  5.1099998474E+01  2.48535E-03  2.86919E-01
  5.1099998474E+01  5.1104165141E+01  2.48299E-03  2.83915E-01
  5.1104165141E+01  5.1108331807E+01  2.48789E-03  2.93191E-01
  5.1108331807E+01  5.1112498474E+01  2.48501E-03  2.66854E-01
  5.1112498474E+01  5.1116665141E+01  2.49435E-03  3.35563E-01
  5.1116665141E+01  5.1120831807E+01  2.48284E-03  2.55754E-01
  5.1120831807E+01  5.1124998474E+01  2.49497E-03  2.98466E-01
  5.1124998474E+01  5.1129165141E+01  2.49731E-03  3.11333E-01
  5.1129165141E+01  5.1133331807E+01  2.49516E-03  3.04480E-01
  5.1133331807E+01  5.1137498474E+01  2.49174E-03  3.00555E-01
  5.1137498474E+01  5.1141665141E+01  2.49460E-03  3.33230E-01
  5.1141665141E+01  5.1145831807E+01  2.48648E-03  2.64979E-01
  5.1145831807E+01  5.1149998474E+01  2.50241E-03  3.34621E-01
  5.1149998474E+01  5.1154165141E+01  2.49819E-03  2.96923E-01
  5.1154165141E+01  5.1158331807E+01  2.50014E-03  2.88844E-01
  5.1158331807E+01  5.1162498474E+01  2.50959E-03  3.24930E-01
  5.1162498474E+01  5.1166665141E+01  2.50734E-03  3.15502E-01
  5.1166665141E+01  5.1170831807E+01  2.51064E-03  3.40811E-01
  5.1170831807E+01  5.1174998474E+01  2.50328E-03  2.84004E-01
  5.1174998474E+01  5.1179165141E+01  2.51215E-03  3.31856E-01
  5.1179165141E+01  5.1183331807E+01  2.50315E-03  2.61520E-01
  5.1183331807E+01  5.1187498474E+01  2.51250E-03  3.04026E-01
  5.1187498474E+01  5.1191665141E+01  2.52557E-03  3.64752E-01
  5.1191665141E+01  5.1195831807E+01  2.51756E-03  3.29923E-01
  5.1195831807E+01  5.1199998474E+01  2.52524E-03  3.21020E-01
  5.1199998474E+01  5.1204165141E+01  2.52187E-03  3.15360E-01
  5.1204165141E+01  5.1208331807E+01  2.52886E-03  3.03177E-01
  5.1208331807E+01  5.1212498474E+01  2.52700E-03  3.02373E-01
  5.1212498474E+01  5.1216665141E+01  2.53334E-03  3.54466E-01
  5.1216665141E+01  5.1220831807E+01  2.54087E-03  3.35240E-01
  5.1220831807E+01  5.1224998474E+01  2.54233E-03  3.34716E-01
  5.1224998474E+01  5.1229165141E+01  2.54504E-03  3.42321E-01
  5.1229165141E+01  5.1233331807E+01  2.53337E-03  2.97223E-01
  5.1233331807E+01  5.1237498474E+01  2.52418E-03  2.38401E-01
  5.1237498474E+01  5.1241665141E+01  2.52735E-03  2.63867E-01
  5.1241665141E+01  5.1245831807E+01  2.53583E-03  3.06709E-01
  5.1245831807E+01  5.1249998474E+01  2.54194E-03  3.06544E-01
  5.1249998474E+01  5.1254165141E+01  2.54733E-03  3.19436E-01
  5.1254165141E+01  5.1258331807E+01  2.53459E-03  2.54340E-01
  5.1258331807E+01  5.1262498474E+01  2.54010E-03  2.72112E-01
  5.1262498474E+01  5.1266665141E+01  2.53828E-03  2.78125E-01
  5.1266665141E+01  5.1270831807E+01  2.55082E-03  3.33927E-01
  5.1270831807E+01  5.1274998474E+01  2.54479E-03  2.94499E-01
  5.1274998474E+01  5.1279165141E+01  2.53791E-03  2.75899E-01
  5.1279165141E+01  5.1283331807E+01  2.52884E-03  2.26630E-01
  5.1283331807E+01  5.1287498474E+01  2.53769E-03  2.44275E-01
  5.1287498474E+01  5.1291665141E+01  2.54534E-03  2.73384E-01
  5.1291665141E+01  5.1295831807E+01  2.55613E-03  3.02541E-01
  5.1295831807E+01  5.1299998474E+01  2.55150E-03  2.75866E-01
  5.1299998474E+01  5.1304165141E+01  2.55211E-03  2.90859E-01
  5.1304165141E+01  5.1308331807E+01  2.55490E-03  2.83221E-01
  5.1308331807E+01  5.1312498474E+01  2.55565E-03  2.79208E-01
  5.1312498474E+01  5.1316665141E+01  2.55155E-03  2.68030E-01
  5.1316665141E+01  5.1320831807E+01  2.56133E-03  2.94223E-01
  5.1320831807E+01  5.1324998474E+01  2.55577E-03  2.59937E-01
  5.1324998474E+01  5.1329165141E+01  2.56532E-03  3.01397E-01
  5.1329165141E+01  5.1333331807E+01  2.56967E-03  3.33621E-01
  5.1333331807E+01  5.1337498474E+01  2.56018E-03  2.95962E-01
  5.1337498474E+01  5.1341665141E+01  2.56397E-03  3.10920E-01
  5.1341665141E+01  5.1345831807E+01  2.56007E-03  2.80640E-01
  5.1345831807E+01  5.1349998474E+01  2.55648E-03  2.62323E-01
  5.1349998474E+01  5.1354165141E+01  2.56605E-03  3.07030E-01
  5.1354165141E+01  5.1358331807E+01  2.56577E-03  2.81491E-01
  5.1358331807E+01  5.1362498474E+01  2.57064E-03  2.93828E-01
  5.1362498474E+01  5.1366665141E+01  2.56854E-03  2.96313E-01
  5.1366665141E+01  5.1370831807E+01  2.57205E-03  2.97593E-01
  5.1370831807E+01  5.1374998474E+01  2.57301E-03  2.94947E-01
  5.1374998474E+01  5.1379165141E+01  2.57355E-03  2.81621E-01
  5.1379165141E+01  5.1383331807E+01  2.57105E-03  2.73642E-01
  5.1383331807E+01  5.1387498474E+01  2.57791E-03  2.84807E-01
  5.1387498474E+01  5.1391665141E+01  2.58221E-03  3.47573E-01
  5.1391665141E+01  5.1395831807E+01  2.57483E-03  2.74008E-01
  5.1395831807E+01  5.1399998474E+01  2.57510E-03  2.69691E-01
  5.1399998474E+01  5.1404165141E+01  2.58249E-03  2.80173E-01
  5.1404165141E+01  5.1408331807E+01  2.59349E-03  3.27564E-01
  5.1408331807E+01  5.1412498474E+01  2.58427E-03  2.74665E-01
  5.1412498474E+01  5.1416665141E+01  2.58038E-03  2.49506E-01
  5.1416665141E+01  5.1420831807E+01  2.58568E-03  2.81391E-01
  5.1420831807E+01  5.1424998474E+01  2.58687E-03  2.93637E-01
  5.1424998474E+01  5.1429165141E+01  2.59368E-03  3.15463E-01
  5.1429165141E+01  5.1433331807E+01  2.59220E-03  3.14025E-01
  5.1433331807E+01  5.1437498474E+01  2.58917E-03  2.93110E-01
  5.1437498474E+01  5.1441665141E+01  2.59643E-03  3.20644E-01
  5.1441665141E+01  5.1445831807E+01  2.59306E-03  2.94032E-01
  5.1445831807E+01  5.1449998474E+01  2.59472E-03  3.07326E-01
  5.1449998474E+01  5.1454165141E+01  2.59308E-03  2.77675E-01
  5.1454165141E+01  5.1458331807E+01  2.59623E-03  2.89621E-01
  5.1458331807E+01  5.1462498474E+01  2.59815E-03  2.80963E-01
  5.1462498474E+01  5.1466665141E+01  2.60121E-03  2.90965E-01
  5.1466665141E+01  5.1470831807E+01  2.59795E-03  2.69814E-01
  5.1470831807E+01  5.1474998474E+01  2.59942E-03  2.97767E-01
  5.1474998474E+01  5.1479165141E+01  2.59948E-03  2.55861E-01
  5.1479165141E+01  5.1483331807E+01  2.61171E-03  3.27931E-01
  5.1483331807E+01  5.1487498474E+01  2.61321E-03  3.05396E-01
  5.1487498474E+01  5.1491665141E+01  2.59640E-03  2.38494E-01
  5.1491665141E+01  5.1495831807E+01  2.61221E-03  3.02483E-01
  5.1495831807E+01  5.1499998474E+01  2.61930E-03  2.98080E-01
  5.1499998474E+01  5.1504165141E+01  2.61176E-03  2.80379E-01
  5.1504165141E+01  5.1508331807E+01  2.61189E-03  2.88945E-01
  5.1508331807E+01  5.1512498474E+01  2.60418E-03  2.58237E-01
  5.1512498474E+01  5.1516665141E+01  2.61056E-03  2.61167E-01
  5.1516665141E+01  5.1520831807E+01  2.60910E-03  2.58347E-01
  5.1520831807E+01  5.1524998474E+01  2.62275E-03  3.12712E-01
  5.1524998474E+01  5.1529165141E+01  2.61281E-03  2.57773E-01
  5.1529165141E+01  5.1533331807E+01  2.61579E-03  2.84681E-01
  5.1533331807E+01  5.1537498474E+01  2.62527E-03  2.92569E-01
  5.1537498474E+01  5.1541665141E+01  2.62934E-03  3.21080E-01
  5.1541665141E+01  5.1545831807E+01  2.61377E-03  2.36091E-01
  5.1545831807E+01  5.1549998474E+01  2.61069E-03  2.29758E-01
  5.1549998474E+01  5.1554165141E+01  2.61062E-03  2.49922E-01
  5.1554165141E+01  5.1558331807E+01  2.61471E-03  2.40957E-01
  5.1558331807E+01  5.1562498474E+01  2.62179E-03  2.77896E-01
  5.1562498474E+01  5.1566665141E+01  2.63564E-03  3.30424E-01
  5.1566665141E+01  5.1570831807E+01  2.62878E-03  2.81786E-01
  5.1570831807E+01  5.1574998474E+01  2.62037E-03  2.45679E-01
  5.1574998474E+01  5.1579165141E+01  2.63157E-03  2.90463E-01
  5.1579165141E+01  5.1583331807E+01  2.63221E-03  2.69104E-01
  5.1583331807E+01  5.1587498474E+01  2.63635E-03  2.87861E-01
  5.1587498474E+01  5.1591665141E+01  2.63825E-03  2.74665E-01
  5.1591665141E+01  5.1595831807E+01  2.63706E-03  2.71941E-01
  5.1595831807E+01  5.1599998474E+01  2.64971E-03  3.00640E-01
  5.1599998474E+01  5.1604165141E+01  2.64272E-03  2.87009E-01
  5.1604165141E+01  5.1608331807E+01  2.64571E-03  2.91762E-01
  5.1608331807E+01  5.1612498474E+01  2.65052E-03  3.37484E-01
  5.1612498474E+01  5.1616665141E+01  2.65987E-03  3.27986E-01
  5.1616665141E+01  5.1620831807E+01  2.65004E-03  2.85887E-01
  5.1620831807E+01  5.1624998474E+01  2.65909E-03  3.22910E-01
  5.1624998474E+01  5.1629165141E+01  2.65328E-03  2.94466E-01
  5.1629165141E+01  5.1633331807E+01  2.65946E-03  3.23126E-01
  5.1633331807E+01  5.1637498474E+01  2.64668E-03  2.53560E-01
  5.1637498474E+01  5.1641665141E+01  2.65579E-03  2.82456E-01
  5.1641665141E+01  5.1645831807E+01  2.65229E-03  2.68429E-01
  5.1645831807E+01  5.1649998474E+01  2.65525E-03  2.96171E-01
  5.1649998474E+01  5.1654165141E+01  2.66123E-03  2.71762E-01
  5.1654165141E+01  5.1658331807E+01  2.64761E-03  2.28423E-01
  5.1658331807E+01  5.1662498474E+01  2.65612E-03  2.88552E-01
  5.1662498474E+01  5.1666665141E+01  2.65838E-03  3.09805E-01
  5.1666665141E+01  5.1670831807E+01  2.65885E-03  2.56201E-01
  5.1670831807E+01  5.1674998474E+01  2.65863E-03  2.51507E-01
  5.1674998474E+01  5.1679165141E+01  2.66568E-03  2.68870E-01
  5.1679165141E+01  5.1683331807E+01  2.66582E-03  2.65232E-01
  5.1683331807E+01  5.1687498474E+01  2.67298E-03  2.83957E-01
  5.1687498474E+01  5.1691665141E+01  2.67284E-03  2.70785E-01
  5.1691665141E+01  5.1695831807E+01  2.66989E-03  2.66279E-01
  5.1695831807E+01  5.1699998474E+01  2.67558E-03  2.76106E-01
  5.1699998474E+01  5.1704165141E+01  2.68280E-03  2.93308E-01
  5.1704165141E+01  5.1708331807E+01  2.68340E-03  3.31205E-01
  5.1708331807E+01  5.1712498474E+01  2.67408E-03  2.45130E-01
  5.1712498474E+01  5.1716665141E+01  2.67817E-03  2.56621E-01
  5.1716665141E+01  5.1720831807E+01  2.68563E-03  2.61267E-01
  5.1720831807E+01  5.1724998474E+01  2.68409E-03  2.67729E-01
  5.1724998474E+01  5.1729165141E+01  2.70025E-03  3.02959E-01
  5.1729165141E+01  5.1733331807E+01  2.69364E-03  2.77290E-01
  5.1733331807E+01  5.1737498474E+01  2.69588E-03  2.87778E-01
  5.1737498474E+01  5.1741665141E+01  2.69510E-03  2.67843E-01
  5.1741665141E+01  5.1745831807E+01  2.70070E-03  3.28101E-01
  5.1745831807E+01  5.1749998474E+01  2.69500E-03  2.91831E-01
  5.1749998474E+01  5.1754165141E+01  2.70413E-03  2.93128E-01
  5.1754165141E+01  5.1758331807E+01  2.69473E-03  2.55280E-01
  5.1758331807E+01  5.1762498474E+01  2.69951E-03  2.56578E-01
  5.1762498474E+01  5.1766665141E+01  2.69898E-03  2.58438E-01
  5.1766665141E+01  5.1770831807E+01  2.71465E-03  3.34087E-01
  5.1770831807E+01  5.1774998474E+01  2.72174E-03  3.23398E-01
  5.1774998474E+01  5.1779165141E+01  2.70660E-03  2.53879E-01
  5.1779165141E+01  5.1783331807E+01  2.71577E-03  2.80743E-01
  5.1783331807E+01  5.1787498474E+01  2.72864E-03  3.28480E-01
  5.1787498474E+01  5.1791665141E+01  2.72216E-03  3.20220E-01
  5.1791665141E+01  5.1795831807E+01  2.70449E-03  2.41386E-01
  5.1795831807E+01  5.1799998474E+01  2.71012E-03  2.80364E-01
  5.1799998474E+01  5.1804165141E+01  2.71819E-03  3.08371E-01
  5.1804165141E+01  5.1808331807E+01  2.72519E-03  3.22074E-01
  5.1808331807E+01  5.1812498474E+01  2.72704E-03  2.79839E-01
  5.1812498474E+01  5.1816665141E+01  2.73727E-03  3.23491E-01
  5.1816665141E+01  5.1820831807E+01  2.72208E-03  2.70110E-01
  5.1820831807E+01  5.1824998474E+01  2.72610E-03  2.79660E-01
  5.1824998474E+01  5.1829165141E+01  2.71895E-03  2.48359E-01
  5.1829165141E+01  5.1833331807E+01  2.72892E-03  2.83654E-01
  5.1833331807E+01  5.1837498474E+01  2.73451E-03  2.83671E-01
  5.1837498474E+01  5.1841665141E+01  2.74224E-03  3.20478E-01
  5.1841665141E+01  5.1845831807E+01  2.73020E-03  2.58296E-01
  5.1845831807E+01  5.1849998474E+01  2.74243E-03  2.91393E-01
  5.1849998474E+01  5.1854165141E+01  2.75543E-03  3.40855E-01
  5.1854165141E+01  5.1858331807E+01  2.73850E-03  2.68688E-01
  5.1858331807E+01  5.1862498474E+01  2.73796E-03  2.52318E-01
  5.1862498474E+01  5.1866665141E+01  2.74631E-03  2.73410E-01
  5.1866665141E+01  5.1870831807E+01  2.74928E-03  2.99681E-01
  5.1870831807E+01  5.1874998474E+01  2.74048E-03  2.68581E-01
  5.1874998474E+01  5.1879165141E+01  2.73664E-03  2.35316E-01
  5.1879165141E+01  5.1883331807E+01  2.74311E-03  2.45309E-01
  5.1883331807E+01  5.1887498474E+01  2.75755E-03  3.10197E-01
  5.1887498474E+01  5.1891665141E+01  2.74976E-03  2.62979E-01
  5.1891665141E+01  5.1895831807E+01  2.75131E-03  2.62895E-01
  5.1895831807E+01  5.1899998474E+01  2.74702E-03  2.50973E-01
  5.1899998474E+01  5.1904165141E+01  2.75679E-03  2.88864E-01
  5.1904165141E+01  5.1908331807E+01  2.76129E-03  2.90450E-01
  5.1908331807E+01  5.1912498474E+01  2.75336E-03  2.53608E-01
  5.1912498474E+01  5.1916665141E+01  2.75670E-03  2.55045E-01
  5.1916665141E+01  5.1920831807E+01  2.76721E-03  3.06066E-01
  5.1920831807E+01  5.1924998474E+01  2.76366E-03  2.74016E-01
  5.1924998474E+01  5.1929165141E+01  2.75699E-03  2.58184E-01
  5.1929165141E+01  5.1933331807E+01  2.77179E-03  2.99546E-01
  5.1933331807E+01  5.1937498474E+01  2.76659E-03  2.90144E-01
  5.1937498474E+01  5.1941665141E+01  2.77648E-03  2.87566E-01
  5.1941665141E+01  5.1945831807E+01  2.77250E-03  2.96711E-01
  5.1945831807E+01  5.1949998474E+01  2.76591E-03  2.51669E-01
  5.1949998474E+01  5.1954165141E+01  2.77873E-03  2.82568E-01
  5.1954165141E+01  5.1958331807E+01  2.78047E-03  2.76815E-01
  5.1958331807E+01  5.1962498474E+01  2.78213E-03  2.95240E-01
  5.1962498474E+01  5.1966665141E+01  2.77918E-03  2.60416E-01
  5.1966665141E+01  5.1970831807E+01  2.78523E-03  2.90007E-01
  5.1970831807E+01  5.1974998474E+01  2.78816E-03  2.92233E-01
  5.1974998474E+01  5.1979165141E+01  2.78489E-03  2.82519E-01
  5.1979165141E+01  5.1983331807E+01  2.77926E-03  2.56283E-01
  5.1983331807E+01  5.1987498474E+01  2.78188E-03  2.60839E-01
  5.1987498474E+01  5.1991665141E+01  2.78448E-03  2.59760E-01
  5.1991665141E+01  5.1995831807E+01  2.79189E-03  2.80855E-01
  5.1995831807E+01  5.1999998474E+01  2.79574E-03  2.68822E-01
  5.1999998474E+01  5.2004165141E+01  2.79394E-03  2.69733E-01
  5.2004165141E+01  5.2008331807E+01  2.79470E-03  2.79321E-01
  5.2008331807E+01  5.2012498474E+01  2.79109E-03  2.53445E-01
  5.2012498474E+01  5.2016665141E+01  2.80324E-03  3.10522E-01
  5.2016665141E+01  5.2020831807E+01  2.79322E-03  2.51351E-01
  5.2020831807E+01  5.2024998474E+01  2.81010E-03  3.03690E-01
  5.2024998474E+01  5.2029165141E+01  2.80766E-03  2.66091E-01
  5.2029165141E+01  5.2033331807E+01  2.80221E-03  2.60601E-01
  5.2033331807E+01  5.2037498474E+01  2.81117E-03  2.77409E-01
  5.2037498474E+01  5.2041665141E+01  2.80721E-03  2.62067E-01
  5.2041665141E+01  5.2045831807E+01  2.81183E-03  2.62816E-01
  5.2045831807E+01  5.2049998474E+01  2.80841E-03  2.54517E-01
  5.2049998474E+01  5.2054165141E+01  2.82171E-03  2.99991E-01
  5.2054165141E+01  5.2058331807E+01  2.82588E-03  3.06717E-01
  5.2058331807E+01  5.2062498474E+01  2.81796E-03  2.64369E-01
  5.2062498474E+01  5.2066665141E+01  2.82997E-03  2.81527E-01
  5.2066665141E+01  5.2070831807E+01  2.83213E-03  3.07478E-01
  5.2070831807E+01  5.2074998474E+01  2.81940E-03  2.49974E-01
  5.2074998474E+01  5.2079165141E+01  2.82258E-03  2.62111E-01
  5.2079165141E+01  5.2083331807E+01  2.82460E-03  2.56413E-01
  5.2083331807E+01  5.2087498474E+01  2.82243E-03  2.55029E-01
  5.2087498474E+01  5.2091665141E+01  2.82490E-03  2.44118E-01
  5.2091665141E+01  5.2095831807E+01  2.83475E-03  2.64720E-01
  5.2095831807E+01  5.2099998474E+01  2.83768E-03  2.68798E-01
  5.2099998474E+01  5.2104165141E+01  2.84080E-03  2.68173E-01
  5.2104165141E+01  5.2108331807E+01  2.83060E-03  2.55145E-01
  5.2108331807E+01  5.2112498474E+01  2.84285E-03  2.78932E-01
  5.2112498474E+01  5.2116665141E+01  2.84154E-03  2.50323E-01
  5.2116665141E+01  5.2120831807E+01  2.84440E-03  2.76014E-01
  5.2120831807E+01  5.2124998474E+01  2.84293E-03  2.55037E-01
  5.2124998474E+01  5.2129165141E+01  2.84689E-03  2.58775E-01
  5.2129165141E+01  5.2133331807E+01  2.84595E-03  2.53284E-01
  5.2133331807E+01  5.2137498474E+01  2.84697E-03  2.54854E-01
  5.2137498474E+01  5.2141665141E+01  2.85594E-03  2.83827E-01
  5.2141665141E+01  5.2145831807E+01  2.84827E-03  2.44227E-01
  5.2145831807E+01  5.2149998474E+01  2.85502E-03  2.54300E-01
  5.2149998474E+01  5.2154165141E+01  2.86814E-03  2.92070E-01
  5.2154165141E+01  5.2158331807E+01  2.86069E-03  2.60714E-01
  5.2158331807E+01  5.2162498474E+01  2.86771E-03  2.84194E-01
  5.2162498474E+01  5.2166665141E+01  2.86075E-03  2.60143E-01
  5.2166665141E+01  5.2170831807E+01  2.86544E-03  2.54355E-01
  5.2170831807E+01  5.2174998474E+01  2.86359E-03  2.56554E-01
  5.2174998474E+01  5.2179165141E+01  2.85860E-03  2.27771E-01
  5.2179165141E+01  5.2183331807E+01  2.86791E-03  2.49318E-01
  5.2183331807E+01  5.2187498474E+01  2.87724E-03  2.63800E-01
  5.2187498474E+01  5.2191665141E+01  2.87915E-03  2.74787E-01
  5.2191665141E+01  5.2195831807E+01  2.87514E-03  2.44098E-01
  5.2195831807E+01  5.2199998474E+01  2.87688E-03  2.46028E-01
  5.2199998474E+01  5.2204165141E+01  2.88041E-03  2.39737E-01
  5.2204165141E+01  5.2208331807E+01  2.89078E-03  2.53896E-01
  5.2208331807E+01  5.2212498474E+01  2.89951E-03  2.75619E-01
  5.2212498474E+01  5.2216665141E+01  2.90302E-03  2.66319E-01
  5.2216665141E+01  5.2220831807E+01  2.90235E-03  2.65542E-01
  5.2220831807E+01  5.2224998474E+01  2.90421E-03  2.71257E-01
  5.2224998474E+01  5.2229165141E+01  2.90282E-03  2.63993E-01
  5.2229165141E+01  5.2233331807E+01  2.90387E-03  2.58168E-01
  5.2233331807E+01  5.2237498474E+01  2.90750E-03  2.63274E-01
  5.2237498474E+01  5.2241665141E+01  2.90959E-03  2.52758E-01
  5.2241665141E+01  5.2245831807E+01  2.91714E-03  2.81830E-01
  5.2245831807E+01  5.2249998474E+01  2.91675E-03  2.57269E-01
  5.2249998474E+01  5.2254165141E+01  2.92340E-03  2.74319E-01
  5.2254165141E+01  5.2258331807E+01  2.91900E-03  2.60214E-01
  5.2258331807E+01  5.2262498474E+01  2.92350E-03  2.54307E-01
  5.2262498474E+01  5.2266665141E+01  2.91642E-03  2.28121E-01
  5.2266665141E+01  5.2270831807E+01  2.92522E-03  2.55305E-01
  5.2270831807E+01  5.2274998474E+01  2.93335E-03  2.60069E-01
  5.2274998474E+01  5.2279165141E+01  2.93863E-03  2.80365E-01
  5.2279165141E+01  5.2283331807E+01  2.94093E-03  2.75931E-01
  5.2283331807E+01  5.2287498474E+01  2.94175E-03  2.68689E-01
  5.2287498474E+01  5.2291665141E+01  2.94586E-03  2.61504E-01
  5.2291665141E+01  5.2295831807E+01  2.95539E-03  3.01955E-01
  5.2295831807E+01  5.2299998474E+01  2.94501E-03  2.56678E-01
  5.2299998474E+01  5.2304165141E+01  2.95448E-03  2.66519E-01
  5.2304165141E+01  5.2308331807E+01  2.95752E-03  2.77772E-01
  5.2308331807E+01  5.2312498474E+01  2.95008E-03  2.51434E-01
  5.2312498474E+01  5.2316665141E+01  2.95692E-03  2.66045E-01
  5.2316665141E+01  5.2320831807E+01  2.95819E-03  2.60068E-01
  5.2320831807E+01  5.2324998474E+01  2.97146E-03  2.80874E-01
  5.2324998474E+01  5.2329165141E+01  2.96307E-03  2.66946E-01
  5.2329165141E+01  5.2333331807E+01  2.96825E-03  2.83819E-01
  5.2333331807E+01  5.2337498474E+01  2.97080E-03  2.66005E-01
  5.2337498474E+01  5.2341665141E+01  2.97228E-03  2.54542E-01
  5.2341665141E+01  5.2345831807E+01  2.96373E-03  2.37519E-01
  5.2345831807E+01  5.2349998474E+01  2.96868E-03  2.64751E-01
  5.2349998474E+01  5.2354165141E+01  2.96665E-03  2.25088E-01
  5.2354165141E+01  5.2358331807E+01  2.97241E-03  2.52914E-01
  5.2358331807E+01  5.2362498474E+01  2.98134E-03  2.82363E-01
  5.2362498474E+01  5.2366665141E+01  2.98370E-03  2.53038E-01
  5.2366665141E+01  5.2370831807E+01  2.98866E-03  2.58936E-01
  5.2370831807E+01  5.2374998474E+01  2.99439E-03  2.63794E-01
  5.2374998474E+01  5.2379165141E+01  3.00555E-03  3.05847E-01
  5.2379165141E+01  5.2383331807E+01  3.00398E-03  2.82290E-01
  5.2383331807E+01  5.2387498474E+01  3.00307E-03  2.78651E-01
  5.2387498474E+01  5.2391665141E+01  2.99719E-03  2.58686E-01
  5.2391665141E+01  5.2395831807E+01  2.99491E-03  2.32839E-01
  5.2395831807E+01  5.2399998474E+01  3.01406E-03  3.04151E-01
  5.2399998474E+01  5.2404165141E+01  3.00315E-03  2.54896E-01
  5.2404165141E+01  5.2408331807E+01  3.00652E-03  2.68795E-01
  5.2408331807E+01  5.2412498474E+01  3.00269E-03  2.50463E-01
  5.2412498474E+01  5.2416665141E+01  3.00553E-03  2.47433E-01
  5.2416665141E+01  5.2420831807E+01  3.02341E-03  2.86857E-01
  5.2420831807E+01  5.2424998474E+01  3.01718E-03  2.55986E-01
  5.2424998474E+01  5.2429165141E+01  3.02416E-03  2.60793E-01
  5.2429165141E+01  5.2433331807E+01  3.02764E-03  2.61983E-01
  5.2433331807E+01  5.2437498474E+01  3.03411E-03  2.78577E-01
  5.2437498474E+01  5.2441665141E+01  3.03152E-03  2.77637E-01
  5.2441665141E+01  5.2445831807E+01  3.04054E-03  2.68354E-01
  5.2445831807E+01  5.2449998474E+01  3.03664E-03  2.58256E-01
  5.2449998474E+01  5.2454165141E+01  3.03783E-03  2.53653E-01
  5.2454165141E+01  5.2458331807E+01  3.04002E-03  2.78166E-01
  5.2458331807E+01  5.2462498474E+01  3.03472E-03  2.61893E-01
  5.2462498474E+01  5.2466665141E+01  3.03459E-03  2.25368E-01
  5.2466665141E+01  5.2470831807E+01  3.04822E-03  2.52347E-01
  5.2470831807E+01  5.2474998474E+01  3.04009E-03  2.25147E-01
  5.2474998474E+01  5.2479165141E+01  3.05268E-03  2.62100E-01
  5.2479165141E+01  5.2483331807E+01  3.06395E-03  2.63068E-01
  5.2483331807E+01  5.2487498474E+01  3.05667E-03  2.37482E-01
  5.2487498474E+01  5.2491665141E+01  3.06812E-03  2.87178E-01
  5.2491665141E+01  5.2495831807E+01  3.06123E-03  2.39677E-01
  5.2495831807E+01  5.2499998474E+01  3.05806E-03  2.23375E-01
  5.2499998474E+01  5.2504165141E+01  3.06375E-03  2.43032E-01
  5.2504165141E+01  5.2508331807E+01  3.06714E-03  2.38773E-01
  5.2508331807E+01  5.2512498474E+01  3.07721E-03  2.58721E-01
  5.2512498474E+01  5.2516665141E+01  3.09072E-03  2.80722E-01
  5.2516665141E+01  5.2520831807E+01  3.08871E-03  2.61412E-01
  5.2520831807E+01  5.2524998474E+01  3.08779E-03  2.52620E-01
  5.2524998474E+01  5.2529165141E+01  3.09777E-03  2.78910E-01
  5.2529165141E+01  5.2533331807E+01  3.09577E-03  2.66240E-01
  5.2533331807E+01  5.2537498474E+01  3.09183E-03  2.56425E-01
  5.2537498474E+01  5.2541665141E+01  3.08662E-03  2.53099E-01
  5.2541665141E+01  5.2545831807E+01  3.09297E-03  2.47440E-01
  5.2545831807E+01  5.2549998474E+01  3.10268E-03  2.49118E-01
  5.2549998474E+01  5.2554165141E+01  3.10763E-03  2.59074E-01
  5.2554165141E+01  5.2558331807E+01  3.10890E-03  2.43111E-01
  5.2558331807E+01  5.2562498474E+01  3.11141E-03  2.44931E-01
  5.2562498474E+01  5.2566665141E+01  3.12074E-03  2.65927E-01
  5.2566665141E+01  5.2570831807E+01  3.11260E-03  2.38433E-01
  5.2570831807E+01  5.2574998474E+01  3.13054E-03  3.04764E-01
  5.2574998474E+01  5.2579165141E+01  3.12788E-03  2.83601E-01
  5.2579165141E+01  5.2583331807E+01  3.12754E-03  2.59067E-01
  5.2583331807E+01  5.2587498474E+01  3.12669E-03  2.51132E-01
  5.2587498474E+01  5.2591665141E+01  3.13184E-03  2.58492E-01
  5.2591665141E+01  5.2595831807E+01  3.13080E-03  2.43090E-01
  5.2595831807E+01  5.2599998474E+01  3.13542E-03  2.34474E-01
  5.2599998474E+01  5.2604165141E+01  3.14750E-03  2.72679E-01
  5.2604165141E+01  5.2608331807E+01  3.15283E-03  2.75950E-01
  5.2608331807E+01  5.2612498474E+01  3.15378E-03  2.72974E-01
  5.2612498474E+01  5.2616665141E+01  3.14738E-03  2.48812E-01
  5.2616665141E+01  5.2620831807E+01  3.15311E-03  2.46800E-01
  5.2620831807E+01  5.2624998474E+01  3.14993E-03  2.26449E-01
  5.2624998474E+01  5.2629165141E+01  3.16337E-03  2.58531E-01
  5.2629165141E+01  5.2633331807E+01  3.16739E-03  2.58698E-01
  5.2633331807E+01  5.2637498474E+01  3.17794E-03  2.77480E-01
  5.2637498474E+01  5.2641665141E+01  3.16902E-03  2.41449E-01
  5.2641665141E+01  5.2645831807E+01  3.16784E-03  2.34134E-01
  5.2645831807E+01  5.2649998474E+01  3.17584E-03  2.47365E-01
  5.2649998474E+01  5.2654165141E+01  3.18846E-03  2.75954E-01
  5.2654165141E+01  5.2658331807E+01  3.19542E-03  2.72430E-01
  5.2658331807E+01  5.2662498474E+01  3.18504E-03  2.40752E-01
  5.2662498474E+01  5.2666665141E+01  3.18585E-03  2.42132E-01
  5.2666665141E+01  5.2670831807E+01  3.19328E-03  2.61090E-01
  5.2670831807E+01  5.2674998474E+01  3.20040E-03  2.79042E-01
  5.2674998474E+01  5.2679165141E+01  3.19655E-03  2.51893E-01
  5.2679165141E+01  5.2683331807E+01  3.20283E-03  2.63584E-01
  5.2683331807E+01  5.2687498474E+01  3.21452E-03  2.73555E-01
  5.2687498474E+01  5.2691665141E+01  3.21308E-03  2.49729E-01
  5.2691665141E+01  5.2695831807E+01  3.21524E-03  2.58027E-01
  5.2695831807E+01  5.2699998474E+01  3.21366E-03  2.44153E-01
  5.2699998474E+01  5.2704165141E+01  3.22015E-03  2.37081E-01
  5.2704165141E+01  5.2708331807E+01  3.22742E-03  2.61781E-01
  5.2708331807E+01  5.2712498474E+01  3.23805E-03  2.82528E-01
  5.2712498474E+01  5.2716665141E+01  3.22653E-03  2.37264E-01
  5.2716665141E+01  5.2720831807E+01  3.24225E-03  2.71029E-01
  5.2720831807E+01  5.2724998474E+01  3.23869E-03  2.48945E-01
  5.2724998474E+01  5.2729165141E+01  3.24906E-03  2.53347E-01
  5.2729165141E+01  5.2733331807E+01  3.24943E-03  2.56838E-01
  5.2733331807E+01  5.2737498474E+01  3.24672E-03  2.35173E-01
  5.2737498474E+01  5.2741665141E+01  3.24726E-03  2.22814E-01
  5.2741665141E+01  5.2745831807E+01  3.26480E-03  2.53446E-01
  5.2745831807E+01  5.2749998474E+01  3.26878E-03  2.64256E-01
  5.2749998474E+01  5.2754165141E+01  3.26963E-03  2.65781E-01
  5.2754165141E+01  5.2758331807E+01  3.26360E-03  2.22610E-01
  5.2758331807E+01  5.2762498474E+01  3.27841E-03  2.63585E-01
  5.2762498474E+01  5.2766665141E+01  3.28452E-03  2.65640E-01
  5.2766665141E+01  5.2770831807E+01  3.28831E-03  2.57781E-01
  5.2770831807E+01  5.2774998474E+01  3.28093E-03  2.40785E-01
  5.2774998474E+01  5.2779165141E+01  3.28974E-03  2.50464E-01
  5.2779165141E+01  5.2783331807E+01  3.29186E-03  2.44231E-01
  5.2783331807E+01  5.2787498474E+01  3.29187E-03  2.29149E-01
  5.2787498474E+01  5.2791665141E+01  3.30170E-03  2.55780E-01
  5.2791665141E+01  5.2795831807E+01  3.30581E-03  2.39028E-01
  5.2795831807E+01  5.2799998474E+01  3.31783E-03  2.71314E-01
  5.2799998474E+01  5.2804165141E+01  3.31843E-03  2.58243E-01
  5.2804165141E+01  5.2808331807E+01  3.32365E-03  2.58236E-01
  5.2808331807E+01  5.2812498474E+01  3.32681E-03  2.52668E-01
  5.2812498474E+01  5.2816665141E+01  3.33843E-03  2.66639E-01
  5.2816665141E+01  5.2820831807E+01  3.35228E-03  2.86862E-01
  5.2820831807E+01  5.2824998474E+01  3.34525E-03  2.62322E-01
  5.2824998474E+01  5.2829165141E+01  3.33816E-03  2.35068E-01
  5.2829165141E+01  5.2833331807E+01  3.34485E-03  2.45571E-01
  5.2833331807E+01  5.2837498474E+01  3.34908E-03  2.41299E-01
  5.2837498474E+01  5.2841665141E+01  3.35953E-03  2.58570E-01
  5.2841665141E+01  5.2845831807E+01  3.35461E-03  2.49333E-01
  5.2845831807E+01  5.2849998474E+01  3.35729E-03  2.42736E-01
  5.2849998474E+01  5.2854165141E+01  3.36066E-03  2.56767E-01
  5.2854165141E+01  5.2858331807E+01  3.37706E-03  2.63490E-01
  5.2858331807E+01  5.2862498474E+01  3.37575E-03  2.56520E-01
  5.2862498474E+01  5.2866665141E+01  3.37441E-03  2.45311E-01
  5.2866665141E+01  5.2870831807E+01  3.39001E-03  2.86725E-01
  5.2870831807E+01  5.2874998474E+01  3.38911E-03  2.54343E-01
  5.2874998474E+01  5.2879165141E+01  3.38645E-03  2.38050E-01
  5.2879165141E+01  5.2883331807E+01  3.39859E-03  2.52711E-01
  5.2883331807E+01  5.2887498474E+01  3.38923E-03  2.28767E-01
  5.2887498474E+01  5.2891665141E+01  3.39291E-03  2.43696E-01
  5.2891665141E+01  5.2895831807E+01  3.39582E-03  2.38769E-01
  5.2895831807E+01  5.2899998474E+01  3.41209E-03  2.78509E-01
  5.2899998474E+01  5.2904165141E+01  3.40810E-03  2.34721E-01
  5.2904165141E+01  5.2908331807E+01  3.41800E-03  2.54941E-01
  5.2908331807E+01  5.2912498474E+01  3.42269E-03  2.45720E-01
  5.2912498474E+01  5.2916665141E+01  3.43091E-03  2.49221E-01
  5.2916665141E+01  5.2920831807E+01  3.43109E-03  2.50901E-01
  5.2920831807E+01  5.2924998474E+01  3.43466E-03  2.52601E-01
  5.2924998474E+01  5.2929165141E+01  3.43590E-03  2.32180E-01
  5.2929165141E+01  5.2933331807E+01  3.44761E-03  2.65187E-01
  5.2933331807E+01  5.2937498474E+01  3.44598E-03  2.37827E-01
  5.2937498474E+01  5.2941665141E+01  3.44501E-03  2.29485E-01
  5.2941665141E+01  5.2945831807E+01  3.45592E-03  2.45280E-01
  5.2945831807E+01  5.2949998474E+01  3.46474E-03  2.46957E-01
  5.2949998474E+01  5.2954165141E+01  3.46898E-03  2.49318E-01
  5.2954165141E+01  5.2958331807E+01  3.47997E-03  2.58107E-01
  5.2958331807E+01  5.2962498474E+01  3.48756E-03  2.65218E-01
  5.2962498474E+01  5.2966665141E+01  3.48432E-03  2.38543E-01
  5.2966665141E+01  5.2970831807E+01  3.48991E-03  2.42187E-01
  5.2970831807E+01  5.2974998474E+01  3.49643E-03  2.57455E-01
  5.2974998474E+01  5.2979165141E+01  3.49764E-03  2.39542E-01
  5.2979165141E+01  5.2983331807E+01  3.50105E-03  2.43313E-01
  5.2983331807E+01  5.2987498474E+01  3.50117E-03  2.20554E-01
  5.2987498474E+01  5.2991665141E+01  3.50780E-03  2.25507E-01
  5.2991665141E+01  5.2995831807E+01  3.51238E-03  2.32519E-01
  5.2995831807E+01  5.2999998474E+01  3.52371E-03  2.52328E-01
  5.2999998474E+01  5.3004165141E+01  3.52449E-03  2.43331E-01
  5.3004165141E+01  5.3008331807E+01  3.52388E-03  2.24769E-01
  5.3008331807E+01  5.3012498474E+01  3.53579E-03  2.40669E-01
  5.3012498474E+01  5.3016665141E+01  3.54614E-03  2.53048E-01
  5.3016665141E+01  5.3020831807E+01  3.55502E-03  2.67194E-01
  5.3020831807E+01  5.3024998474E+01  3.56447E-03  2.60671E-01
  5.3024998474E+01  5.3029165141E+01  3.56962E-03  2.55190E-01
  5.3029165141E+01  5.3033331807E+01  3.57210E-03  2.42932E-01
  5.3033331807E+01  5.3037498474E+01  3.57095E-03  2.30675E-01
  5.3037498474E+01  5.3041665141E+01  3.57339E-03  2.29766E-01
  5.3041665141E+01  5.3045831807E+01  3.58852E-03  2.57681E-01
  5.3045831807E+01  5.3049998474E+01  3.59299E-03  2.62327E-01
  5.3049998474E+01  5.3054165141E+01  3.60207E-03  2.47003E-01
  5.3054165141E+01  5.3058331807E+01  3.60189E-03  2.38361E-01
  5.3058331807E+01  5.3062498474E+01  3.60538E-03  2.33083E-01
  5.3062498474E+01  5.3066665141E+01  3.61603E-03  2.53020E-01
  5.3066665141E+01  5.3070831807E+01  3.62422E-03  2.44022E-01
  5.3070831807E+01  5.3074998474E+01  3.63083E-03  2.48775E-01
  5.3074998474E+01  5.3079165141E+01  3.63455E-03  2.45063E-01
  5.3079165141E+01  5.3083331807E+01  3.63098E-03  2.27180E-01
  5.3083331807E+01  5.3087498474E+01  3.64606E-03  2.48417E-01
  5.3087498474E+01  5.3091665141E+01  3.66178E-03  2.54686E-01
  5.3091665141E+01  5.3095831807E+01  3.65531E-03  2.35951E-01
  5.3095831807E+01  5.3099998474E+01  3.65958E-03  2.24828E-01
  5.3099998474E+01  5.3104165141E+01  3.66849E-03  2.33083E-01
  5.3104165141E+01  5.3108331807E+01  3.67891E-03  2.35331E-01
  5.3108331807E+01  5.3112498474E+01  3.68446E-03  2.34985E-01
  5.3112498474E+01  5.3116665141E+01  3.69127E-03  2.35309E-01
  5.3116665141E+01  5.3120831807E+01  3.70147E-03  2.50178E-01
  5.3120831807E+01  5.3124998474E+01  3.70567E-03  2.41122E-01
  5.3124998474E+01  5.3129165141E+01  3.72319E-03  2.55336E-01
  5.3129165141E+01  5.3133331807E+01  3.72829E-03  2.67137E-01
  5.3133331807E+01  5.3137498474E+01  3.72686E-03  2.51227E-01
  5.3137498474E+01  5.3141665141E+01  3.73262E-03  2.43492E-01
  5.3141665141E+01  5.3145831807E+01  3.74127E-03  2.41809E-01
  5.3145831807E+01  5.3149998474E+01  3.75022E-03  2.48988E-01
  5.3149998474E+01  5.3154165141E+01  3.75337E-03  2.48091E-01
  5.3154165141E+01  5.3158331807E+01  3.74978E-03  2.33534E-01
  5.3158331807E+01  5.3162498474E+01  3.75850E-03  2.37790E-01
  5.3162498474E+01  5.3166665141E+01  3.77412E-03  2.55187E-01
  5.3166665141E+01  5.3170831807E+01  3.77279E-03  2.43246E-01
  5.3170831807E+01  5.3174998474E+01  3.77234E-03  2.26531E-01
  5.3174998474E+01  5.3179165141E+01  3.78341E-03  2.36839E-01
  5.3179165141E+01  5.3183331807E+01  3.79066E-03  2.37519E-01
  5.3183331807E+01  5.3187498474E+01  3.80169E-03  2.38265E-01
  5.3187498474E+01  5.3191665141E+01  3.81199E-03  2.40740E-01
  5.3191665141E+01  5.3195831807E+01  3.81590E-03  2.38111E-01
  5.3195831807E+01  5.3199998474E+01  3.82210E-03  2.23423E-01
  5.3199998474E+01  5.3204165141E+01  3.83683E-03  2.34203E-01
  5.3204165141E+01  5.3208331807E+01  3.84594E-03  2.36702E-01
  5.3208331807E+01  5.3212498474E+01  3.84247E-03  2.25077E-01
  5.3212498474E+01  5.3216665141E+01  3.85278E-03  2.24688E-01
  5.3216665141E+01  5.3220831807E+01  3.86704E-03  2.42505E-01
  5.3220831807E+01  5.3224998474E+01  3.87623E-03  2.42059E-01
  5.3224998474E+01  5.3229165141E+01  3.87732E-03  2.27798E-01
  5.3229165141E+01  5.3233331807E+01  3.88237E-03  2.29439E-01
  5.3233331807E+01  5.3237498474E+01  3.88632E-03  2.25479E-01
  5.3237498474E+01  5.3241665141E+01  3.90753E-03  2.39410E-01
  5.3241665141E+01  5.3245831807E+01  3.90875E-03  2.34954E-01
  5.3245831807E+01  5.3249998474E+01  3.91547E-03  2.23614E-01
  5.3249998474E+01  5.3254165141E+01  3.92398E-03  2.29632E-01
  5.3254165141E+01  5.3258331807E+01  3.93970E-03  2.35787E-01
  5.3258331807E+01  5.3262498474E+01  3.94625E-03  2.24265E-01
  5.3262498474E+01  5.3266665141E+01  3.95457E-03  2.21192E-01
  5.3266665141E+01  5.3270831807E+01  3.95878E-03  2.26813E-01
  5.3270831807E+01  5.3274998474E+01  3.96351E-03  2.24585E-01
  5.3274998474E+01  5.3279165141E+01  3.96978E-03  2.17530E-01
  5.3279165141E+01  5.3283331807E+01  3.98515E-03  2.29855E-01
  5.3283331807E+01  5.3287498474E+01  3.98962E-03  2.27811E-01
  5.3287498474E+01  5.3291665141E+01  3.99318E-03  2.15220E-01
  5.3291665141E+01  5.3295831807E+01  4.00512E-03  2.18614E-01
  5.3295831807E+01  5.3299998474E+01  4.01848E-03  2.28774E-01
  5.3299998474E+01  5.3304165141E+01  4.03037E-03  2.38781E-01
  5.3304165141E+01  5.3308331807E+01  4.04255E-03  2.28172E-01
  5.3308331807E+01  5.3312498474E+01  4.05904E-03  2.42343E-01
  5.3312498474E+01  5.3316665141E+01  4.05869E-03  2.33617E-01
  5.3316665141E+01  5.3320831807E+01  4.06558E-03  2.34548E-01
  5.3320831807E+01  5.3324998474E+01  4.07940E-03  2.34287E-01
  5.3324998474E+01  5.3329165141E+01  4.08934E-03  2.30798E-01
  5.3329165141E+01  5.3333331807E+01  4.09912E-03  2.33906E-01
  5.3333331807E+01  5.3337498474E+01  4.10677E-03  2.22034E-01
  5.3337498474E+01  5.3341665141E+01  4.11116E-03  2.24175E-01
  5.3341665141E+01  5.3345831807E+01  4.12134E-03  2.22569E-01
  5.3345831807E+01  5.3349998474E+01  4.12920E-03  2.19853E-01
  5.3349998474E+01  5.3354165141E+01  4.13956E-03  2.18206E-01
  5.3354165141E+01  5.3358331807E+01  4.15610E-03  2.30698E-01
  5.3358331807E+01  5.3362498474E+01  4.16597E-03  2.26191E-01
  5.3362498474E+01  5.3366665141E+01  4.17370E-03  2.22099E-01
  5.3366665141E+01  5.3370831807E+01  4.18960E-03  2.31060E-01
  5.3370831807E+01  5.3374998474E+01  4.20025E-03  2.30260E-01
  5.3374998474E+01  5.3379165141E+01  4.21024E-03  2.28216E-01
  5.3379165141E+01  5.3383331807E+01  4.21557E-03  2.23974E-01
  5.3383331807E+01  5.3387498474E+01  4.23001E-03  2.33316E-01
  5.3387498474E+01  5.3391665141E+01  4.22818E-03  2.12844E-01
  5.3391665141E+01  5.3395831807E+01  4.24138E-03  2.17258E-01
  5.3395831807E+01  5.3399998474E+01  4.25580E-03  2.25112E-01
  5.3399998474E+01  5.3404165141E+01  4.27667E-03  2.34018E-01
  5.3404165141E+01  5.3408331807E+01  4.29009E-03  2.32608E-01
  5.3408331807E+01  5.3412498474E+01  4.28928E-03  2.15849E-01
  5.3412498474E+01  5.3416665141E+01  4.31357E-03  2.37153E-01
  5.3416665141E+01  5.3420831807E+01  4.32894E-03  2.33093E-01
  5.3420831807E+01  5.3424998474E+01  4.33304E-03  2.19345E-01
  5.3424998474E+01  5.3429165141E+01  4.34618E-03  2.17988E-01
  5.3429165141E+01  5.3433331807E+01  4.36439E-03  2.27548E-01
  5.3433331807E+01  5.3437498474E+01  4.37689E-03  2.25133E-01
  5.3437498474E+01  5.3441665141E+01  4.38655E-03  2.20798E-01
  5.3441665141E+01  5.3445831807E+01  4.39987E-03  2.21452E-01
  5.3445831807E+01  5.3449998474E+01  4.41688E-03  2.20097E-01
  5.3449998474E+01  5.3454165141E+01  4.42030E-03  2.15753E-01
  5.3454165141E+01  5.3458331807E+01  4.43685E-03  2.22712E-01
  5.3458331807E+01  5.3462498474E+01  4.45232E-03  2.29131E-01
  5.3462498474E+01  5.3466665141E+01  4.46292E-03  2.23642E-01
  5.3466665141E+01  5.3470831807E+01  4.47597E-03  2.23958E-01
  5.3470831807E+01  5.3474998474E+01  4.48698E-03  2.15241E-01
  5.3474998474E+01  5.3479165141E+01  4.50649E-03  2.20876E-01
  5.3479165141E+01  5.3483331807E+01  4.52434E-03  2.23852E-01
  5.3483331807E+01  5.3487498474E+01  4.53493E-03  2.18770E-01
  5.3487498474E+01  5.3491665141E+01  4.55302E-03  2.21459E-01
  5.3491665141E+01  5.3495831807E+01  4.56473E-03  2.21958E-01
  5.3495831807E+01  5.3499998474E+01  4.57327E-03  2.12634E-01
  5.3499998474E+01  5.3504165141E+01  4.59125E-03  2.15010E-01
  5.3504165141E+01  5.3508331807E+01  4.60865E-03  2.16851E-01
  5.3508331807E+01  5.3512498474E+01  4.63567E-03  2.28490E-01
  5.3512498474E+01  5.3516665141E+01  4.65063E-03  2.30229E-01
  5.3516665141E+01  5.3520831807E+01  4.65917E-03  2.11879E-01
  5.3520831807E+01  5.3524998474E+01  4.68016E-03  2.23151E-01
  5.3524998474E+01  5.3529165141E+01  4.68854E-03  2.16422E-01
  5.3529165141E+01  5.3533331807E+01  4.69863E-03  2.06707E-01
  5.3533331807E+01  5.3537498474E+01  4.73231E-03  2.20419E-01
  5.3537498474E+01  5.3541665141E+01  4.74761E-03  2.17900E-01
  5.3541665141E+01  5.3545831807E+01  4.76698E-03  2.23429E-01
  5.3545831807E+01  5.3549998474E+01  4.77512E-03  2.09147E-01
  5.3549998474E+01  5.3554165141E+01  4.79571E-03  2.06741E-01
  5.3554165141E+01  5.3558331807E+01  4.81401E-03  2.06430E-01
  5.3558331807E+01  5.3562498474E+01  4.83393E-03  2.14497E-01
  5.3562498474E+01  5.3566665141E+01  4.85500E-03  2.13140E-01
  5.3566665141E+01  5.3570831807E+01  4.87044E-03  2.13813E-01
  5.3570831807E+01  5.3574998474E+01  4.88779E-03  2.08393E-01
  5.3574998474E+01  5.3579165141E+01  4.90610E-03  2.09073E-01
  5.3579165141E+01  5.3583331807E+01  4.93267E-03  2.16486E-01
  5.3583331807E+01  5.3587498474E+01  4.95627E-03  2.18792E-01
  5.3587498474E+01  5.3591665141E+01  4.97290E-03  2.15483E-01
  5.3591665141E+01  5.3595831807E+01  4.99134E-03  2.09866E-01
  5.3595831807E+01  5.3599998474E+01  5.01261E-03  2.09451E-01
  5.3599998474E+01  5.3604165141E+01  5.03451E-03  2.12971E-01
  5.3604165141E+01  5.3608331807E+01  5.05537E-03  2.13120E-01
  5.3608331807E+01  5.3612498474E+01  5.06938E-03  2.07808E-01
  5.3612498474E+01  5.3616665141E+01  5.09392E-03  2.09780E-01
  5.3616665141E+01  5.3620831807E+01  5.13450E-03  2.23559E-01
  5.3620831807E+01  5.3624998474E+01  5.14860E-03  2.15185E-01
  5.3624998474E+01  5.3629165141E+01  5.17443E-03  2.10982E-01
  5.3629165141E+01  5.3633331807E+01  5.19476E-03  2.11389E-01
  5.3633331807E+01  5.3637498474E+01  5.22235E-03  2.11949E-01
  5.3637498474E+01  5.3641665141E+01  5.23875E-03  2.08373E-01
  5.3641665141E+01  5.3645831807E+01  5.27452E-03  2.14118E-01
  5.3645831807E+01  5.3649998474E+01  5.29345E-03  2.09331E-01
  5.3649998474E+01  5.3654165141E+01  5.31847E-03  2.09887E-01
  5.3654165141E+01  5.3658331807E+01  5.35354E-03  2.17714E-01
  5.3658331807E+01  5.3662498474E+01  5.37454E-03  2.11261E-01
  5.3662498474E+01  5.3666665141E+01  5.40614E-03  2.08826E-01
  5.3666665141E+01  5.3670831807E+01  5.44120E-03  2.16429E-01
  5.3670831807E+01  5.3674998474E+01  5.46593E-03  2.13662E-01
  5.3674998474E+01  5.3679165141E+01  5.50440E-03  2.16182E-01
  5.3679165141E+01  5.3683331807E+01  5.53458E-03  2.16716E-01
  5.3683331807E+01  5.3687498474E+01  5.56070E-03  2.07858E-01
  5.3687498474E+01  5.3691665141E+01  5.60502E-03  2.16769E-01
  5.3691665141E+01  5.3695831807E+01  5.63275E-03  2.10233E-01
  5.3695831807E+01  5.3699998474E+01  5.66626E-03  2.09470E-01
  5.3699998474E+01  5.3704165141E+01  5.70115E-03  2.07644E-01
  5.3704165141E+01  5.3708331807E+01  5.73377E-03  2.10075E-01
  5.3708331807E+01  5.3712498474E+01  5.77639E-03  2.10427E-01
  5.3712498474E+01  5.3716665141E+01  5.81331E-03  2.11103E-01
  5.3716665141E+01  5.3720831807E+01  5.85449E-03  2.13329E-01
  5.3720831807E+01  5.3724998474E+01  5.89507E-03  2.11256E-01
  5.3724998474E+01  5.3729165141E+01  5.92900E-03  2.12801E-01
  5.3729165141E+01  5.3733331807E+01  5.96524E-03  2.09712E-01
  5.3733331807E+01  5.3737498474E+01  6.00862E-03  2.09134E-01
  5.3737498474E+01  5.3741665141E+01  6.05282E-03  2.11589E-01
  5.3741665141E+01  5.3745831807E+01  6.10075E-03  2.12965E-01
  5.3745831807E+01  5.3749998474E+01  6.14976E-03  2.12176E-01
  5.3749998474E+01  5.3754165141E+01  6.19541E-03  2.12453E-01
  5.3754165141E+01  5.3758331807E+01  6.24377E-03  2.12279E-01
  5.3758331807E+01  5.3762498474E+01  6.29264E-03  2.09745E-01
  5.3762498474E+01  5.3766665141E+01  6.35019E-03  2.15585E-01
  5.3766665141E+01  5.3770831807E+01  6.40359E-03  2.17149E-01
  5.3770831807E+01  5.3774998474E+01  6.45068E-03  2.11952E-01
  5.3774998474E+01  5.3779165141E+01  6.50800E-03  2.13230E-01
  5.3779165141E+01  5.3783331807E+01  6.57473E-03  2.15181E-01
  5.3783331807E+01  5.3787498474E+01  6.63100E-03  2.11539E-01
  5.3787498474E+01  5.3791665141E+01  6.70536E-03  2.15994E-01
  5.3791665141E+01  5.3795831807E+01  6.77615E-03  2.16803E-01
  5.3795831807E+01  5.3799998474E+01  6.82954E-03  2.13007E-01
  5.3799998474E+01  5.3804165141E+01  6.90217E-03  2.15595E-01
  5.3804165141E+01  5.3808331807E+01  6.97060E-03  2.15098E-01
  5.3808331807E+01  5.3812498474E+01  7.04905E-03  2.16539E-01
  5.3812498474E+01  5.3816665141E+01  7.12025E-03  2.13956E-01
  5.3816665141E+01  5.3820831807E+01  7.19907E-03  2.13133E-01
  5.3820831807E+01  5.3824998474E+01  7.28073E-03  2.14027E-01
  5.3824998474E+01  5.3829165141E+01  7.36643E-03  2.16227E-01
  5.3829165141E+01  5.3833331807E+01  7.44985E-03  2.13752E-01
  5.3833331807E+01  5.3837498474E+01  7.54396E-03  2.15764E-01
  5.3837498474E+01  5.3841665141E+01  7.63472E-03  2.16747E-01
  5.3841665141E+01  5.3845831807E+01  7.73789E-03  2.18876E-01
  5.3845831807E+01  5.3849998474E+01  7.84192E-03  2.17004E-01
  5.3849998474E+01  5.3854165141E+01  7.94616E-03  2.20030E-01
  5.3854165141E+01  5.3858331807E+01  8.04412E-03  2.20715E-01
  5.3858331807E+01  5.3862498474E+01  8.15125E-03  2.19486E-01
  5.3862498474E+01  5.3866665141E+01  8.26607E-03  2.22473E-01
  5.3866665141E+01  5.3870831807E+01  8.36467E-03  2.19040E-01
  5.3870831807E+01  5.3874998474E+01  8.47928E-03  2.21873E-01
  5.3874998474E+01  5.3879165141E+01  8.59375E-03  2.24631E-01
  5.3879165141E+01  5.3883331807E+01  8.70913E-03  2.25405E-01
  5.3883331807E+01  5.3887498474E+01  8.83601E-03  2.27793E-01
  5.3887498474E+01  5.3891665141E+01  8.93082E-03  2.30181E-01
  5.3891665141E+01  5.3895831807E+01  9.04690E-03  2.29984E-01
  5.3895831807E+01  5.3899998474E+01  9.14793E-03  2.31867E-01
  5.3899998474E+01  5.3904165141E+01  9.25205E-03  2.35808E-01
  5.3904165141E+01  5.3908331807E+01  9.33192E-03  2.39489E-01
  5.3908331807E+01  5.3912498474E+01  9.40675E-03  2.41291E-01
  5.3912498474E+01  5.3916665141E+01  9.49639E-03  2.43465E-01
  5.3916665141E+01  5.3920831807E+01  9.57984E-03  2.43913E-01
  5.3920831807E+01  5.3924998474E+01  9.65974E-03  2.43704E-01
  5.3924998474E+01  5.3929165141E+01  9.72965E-03  2.43951E-01
  5.3929165141E+01  5.3933331807E+01  9.76114E-03  2.48395E-01
  5.3933331807E+01  5.3937498474E+01  9.79267E-03  2.51487E-01
  5.3937498474E+01  5.3941665141E+01  9.81062E-03  2.53748E-01
  5.3941665141E+01  5.3945831807E+01  9.82396E-03  2.56039E-01
  5.3945831807E+01  5.3949998474E+01  9.85176E-03  2.59821E-01
  5.3949998474E+01  5.3954165141E+01  9.81506E-03  2.63454E-01
  5.3954165141E+01  5.3958331807E+01  9.77691E-03  2.68643E-01
  5.3958331807E+01  5.3962498474E+01  9.73166E-03  2.71582E-01
  5.3962498474E+01  5.3966665141E+01  9.64753E-03  2.74146E-01
  5.3966665141E+01  5.3970831807E+01  9.53421E-03  2.78153E-01
  5.3970831807E+01  5.3974998474E+01  9.42158E-03  2.81853E-01
  5.3974998474E+01  5.3979165141E+01  9.29946E-03  2.85743E-01
  5.3979165141E+01  5.3983331807E+01  9.15962E-03  2.91814E-01
  5.3983331807E+01  5.3987498474E+01  9.02119E-03  2.95785E-01
  5.3987498474E+01  5.3991665141E+01  8.81749E-03  2.99276E-01
  5.3991665141E+01  5.3995831807E+01  8.63804E-03  3.05832E-01
  5.3995831807E+01  5.3999998474E+01  8.43344E-03  3.09795E-01
  5.3999998474E+01  5.4004165141E+01  8.21357E-03  3.17683E-01
  5.4004165141E+01  5.4008331807E+01  7.97198E-03  3.27472E-01
  5.4008331807E+01  5.4012498474E+01  7.69435E-03  3.33105E-01
  5.4012498474E+01  5.4016665141E+01  7.44930E-03  3.36213E-01
  5.4016665141E+01  5.4020831807E+01  7.19000E-03  3.41450E-01
  5.4020831807E+01  5.4024998474E+01  6.91432E-03  3.55339E-01
  5.4024998474E+01  5.4029165141E+01  6.64493E-03  3.68846E-01
  5.4029165141E+01  5.4033331807E+01  6.34015E-03  3.80744E-01
  5.4033331807E+01  5.4037498474E+01  6.01900E-03  3.87499E-01
  5.4037498474E+01  5.4041665141E+01  5.72541E-03  3.96026E-01
  5.4041665141E+01  5.4045831807E+01  5.41551E-03  4.08678E-01
  5.4045831807E+01  5.4049998474E+01  5.11855E-03  4.17390E-01
  5.4049998474E+01  5.4054165141E+01  4.85524E-03  4.33851E-01
  5.4054165141E+01  5.4058331807E+01  4.54949E-03  4.65213E-01
  5.4058331807E+01  5.4062498474E+01  4.25142E-03  4.78604E-01
  5.4062498474E+01  5.4066665141E+01  3.96971E-03  5.02276E-01
  5.4066665141E+01  5.4070831807E+01  3.69663E-03  5.10151E-01
  5.4070831807E+01  5.4074998474E+01  3.43030E-03  5.35461E-01
  5.4074998474E+01  5.4079165141E+01  3.17134E-03  5.57685E-01
  5.4079165141E+01  5.4083331807E+01  2.92442E-03  5.82193E-01
  5.4083331807E+01  5.4087498474E+01  2.70619E-03  6.11293E-01
  5.4087498474E+01  5.4091665141E+01  2.46604E-03  6.35571E-01
  5.4091665141E+01  5.4095831807E+01  2.24599E-03  6.71292E-01
  5.4095831807E+01  5.4099998474E+01  2.03581E-03  7.20443E-01
  5.4099998474E+01  5.4104165141E+01  1.84901E-03  7.63277E-01
  5.4104165141E+01  5.4108331807E+01  1.66993E-03  8.00262E-01
  5.4108331807E+01  5.4112498474E+01  1.50120E-03  8.27498E-01
  5.4112498474E+01  5.4116665141E+01  1.37136E-03  8.80158E-01
  5.4116665141E+01  5.4120831807E+01  1.23370E-03  9.27447E-01
  5.4120831807E+01  5.4124998474E+01  1.09536E-03  9.94429E-01
  5.4124998474E+01  5.4129165141E+01  9.64889E-04  1.06887E+00
  5.4129165141E+01  5.4133331807E+01  8.50652E-04  1.14143E+00
  5.4133331807E+01  5.4137498474E+01  7.54612E-04  1.20751E+00
  5.4137498474E+01  5.4141665141E+01  6.68120E-04  1.28461E+00
  5.4141665141E+01  5.4145831807E+01  5.81188E-04  1.35647E+00
  5.4145831807E+01  5.4149998474E+01  5.06249E-04  1.46933E+00
  5.4149998474E+01  5.4154165141E+01  4.43302E-04  1.60387E+00
  5.4154165141E+01  5.4158331807E+01  3.86643E-04  1.70954E+00
  5.4158331807E+01  5.4162498474E+01  3.40049E-04  1.85417E+00
  5.4162498474E+01  5.4166665141E+01  2.94278E-04  1.98803E+00
  5.4166665141E+01  5.4170831807E+01  2.51747E-04  2.13535E+00
  5.4170831807E+01  5.4174998474E+01  2.15534E-04  2.34006E+00
  5.4174998474E+01  5.4179165141E+01  1.88902E-04  2.48031E+00
  5.4179165141E+01  5.4183331807E+01  1.64206E-04  2.68898E+00
  5.4183331807E+01  5.4187498474E+01  1.40179E-04  2.92424E+00
  5.4187498474E+01  5.4191665141E+01  1.16970E-04  3.24135E+00
  5.4191665141E+01  5.4195831807E+01  9.57119E-05  3.46816E+00
  5.4195831807E+01  5.4199998474E+01  8.20217E-05  3.78060E+00
  5.4199998474E+01  5.4204165141E+01  6.84912E-05  4.01513E+00
  5.4204165141E+01  5.4208331807E+01  6.27537E-05  4.39729E+00
  5.4208331807E+01  5.4212498474E+01  5.35492E-05  4.86411E+00
  5.4212498474E+01  5.4216665141E+01  4.14816E-05  5.25689E+00
  5.4216665141E+01  5.4220831807E+01  3.53222E-05  5.72354E+00
  5.4220831807E+01  5.4224998474E+01  3.15848E-05  6.25944E+00
  5.4224998474E+01  5.4229165141E+01  2.46431E-05  7.15540E+00
  5.4229165141E+01  5.4233331807E+01  1.98323E-05  8.10501E+00
  5.4233331807E+01  5.4237498474E+01  1.50452E-05  9.01876E+00
  5.4237498474E+01  5.4241665141E+01  1.30133E-05  1.04394E+01
  5.4241665141E+01  5.4245831807E+01  1.01351E-05  1.13303E+01
  5.4245831807E+01  5.4249998474E+01  8.75312E-06  1.22103E+01
  5.4249998474E+01  5.4254165141E+01  5.57857E-06  1.46945E+01
  5.4254165141E+01  5.4258331807E+01  6.10487E-06  1.59114E+01
  5.4258331807E+01  5.4262498474E+01  3.81561E-06  1.87832E+01
  5.4262498474E+01  5.4266665141E+01  2.77120E-06  2.50260E+01
  5.4266665141E+01  5.4270831807E+01  1.95020E-06  2.59917E+01
  5.4270831807E+01  5.4274998474E+01  1.39272E-06  2.92438E+01
  5.4274998474E+01  5.4279165141E+01  1.04151E-06  3.52418E+01
  5.4279165141E+01  5.4283331807E+01  8.37212E-07  3.58638E+01
  5.4283331807E+01  5.4287498474E+01  4.62254E-07  5.18146E+01
  5.4287498474E+01  5.4291665141E+01  4.22797E-07  5.05255E+01
  5.4291665141E+01  5.4295831807E+01  3.11072E-07  5.38997E+01
  5.4295831807E+01  5.4299998474E+01  5.07885E-07  4.90480E+01
  5.4299998474E+01  5.4304165141E+01  1.79688E-07  6.43483E+01
  5.4304165141E+01  5.4308331807E+01  1.21695E-07  8.71901E+01
  5.4308331807E+01  5.4312498474E+01  1.62733E-07  8.77996E+01
  5.4312498474E+01  5.4316665141E+01  3.32167E-07  6.46352E+01
  5.4316665141E+01  5.4320831807E+01  7.14564E-08  7.51435E+01
  5.4320831807E+01  5.4324998474E+01  1.95203E-08  3.18225E+01
  5.4324998474E+01  5.4329165141E+01  3.78602E-08  5.73012E+01
  5.4329165141E+01  5.4333331807E+01  1.85981E-08  3.04092E+01
  5.4333331807E+01  5.4337498474E+01  1.86472E-08  3.01180E+01
  5.4337498474E+01  5.4341665141E+01  1.89463E-08  3.07498E+01
  5.4341665141E+01  5.4345831807E+01  1.92244E-08  2.74146E+01
  5.4345831807E+01  5.4349998474E+01  3.44008E-08  5.50418E+01
  5.4349998474E+01  5.4354165141E+01  1.67569E-08  2.81767E+01
  5.4354165141E+01  5.4358331807E+01  1.69931E-08  2.81322E+01
  5.4358331807E+01  5.4362498474E+01  3.32119E-08  5.07013E+01
  5.4362498474E+01  5.4366665141E+01  5.78204E-08  4.73787E+01
  5.4366665141E+01  5.4370831807E+01  2.09233E-08  2.99169E+01
  5.4370831807E+01  5.4374998474E+01  1.22748E-07  8.48505E+01
  5.4374998474E+01  5.4379165141E+01  2.02625E-07  9.07943E+01
  5.4379165141E+01  5.4383331807E+01  2.68255E-08  3.60966E+01
  5.4383331807E+01  5.4387498474E+01  3.71688E-08  5.49698E+01
  5.4387498474E+01  5.4391665141E+01  1.30623E-07  7.96527E+01
  5.4391665141E+01  5.4395831807E+01  3.48914E-07  9.45796E+01
  5.4395831807E+01  5.4399998474E+01  3.30751E-07  9.42387E+01
  5.4399998474E+01  5.4404165141E+01  1.90968E-08  2.61960E+01
  5.4404165141E+01  5.4408331807E+01  1.90968E-08  2.73443E+01
  5.4408331807E+01  5.4412498474E+01  2.50839E-08  3.18726E+01
  5.4412498474E+01  5.4416665141E+01  4.13904E-08  5.60973E+01
  5.4416665141E+01  5.4420831807E+01  1.56502E-07  8.53383E+01
  5.4420831807E+01  5.4424998474E+01  1.79147E-07  8.75872E+01
  5.4424998474E+01  5.4429165141E+01  2.20654E-08  2.51155E+01
  5.4429165141E+01  5.4433331807E+01  1.93729E-07  7.00938E+01
  5.4433331807E+01  5.4437498474E+01  6.72894E-08  6.37260E+01
  5.4437498474E+01  5.4441665141E+01  2.57013E-08  2.56294E+01
  5.4441665141E+01  5.4445831807E+01  2.62587E-08  2.54664E+01
  5.4445831807E+01  5.4449998474E+01  2.77613E-08  2.54629E+01
  5.4449998474E+01  5.4454165141E+01  3.03044E-08  2.43819E+01
  5.4454165141E+01  5.4458331807E+01  4.05460E-08  2.94194E+01
  5.4458331807E+01  5.4462498474E+01  4.17945E-08  2.77487E+01
  5.4462498474E+01  5.4466665141E+01  1.61222E-07  7.71279E+01
  5.4466665141E+01  5.4470831807E+01  4.33053E-08  3.34637E+01
  5.4470831807E+01  5.4474998474E+01  4.40421E-08  3.43849E+01
  5.4474998474E+01  5.4479165141E+01  5.95724E-08  3.69528E+01
  5.4479165141E+01  5.4483331807E+01  3.39769E-08  3.25833E+01
  5.4483331807E+01  5.4487498474E+01  2.06716E-08  2.55654E+01
  5.4487498474E+01  5.4491665141E+01  2.11969E-08  2.76925E+01
  5.4491665141E+01  5.4495831807E+01  2.41201E-08  2.63163E+01
  5.4495831807E+01  5.4499998474E+01  2.76179E-08  2.54667E+01
  5.4499998474E+01  5.4504165141E+01  5.57376E-08  3.90007E+01
  5.4504165141E+01  5.4508331807E+01  6.04626E-08  4.45614E+01
  5.4508331807E+01  5.4512498474E+01  4.22628E-08  3.52869E+01
  5.4512498474E+01  5.4516665141E+01  3.37239E-08  3.21263E+01
  5.4516665141E+01  5.4520831807E+01  2.66536E-08  2.74154E+01
  5.4520831807E+01  5.4524998474E+01  4.28223E-08  4.25563E+01
  5.4524998474E+01  5.4529165141E+01  2.63559E-08  2.85038E+01
  5.4529165141E+01  5.4533331807E+01  3.06065E-08  2.86902E+01
  5.4533331807E+01  5.4537498474E+01  2.98753E-07  8.88725E+01
  5.4537498474E+01  5.4541665141E+01  2.36000E-08  2.59346E+01
  5.4541665141E+01  5.4545831807E+01  3.97571E-08  5.01576E+01
  5.4545831807E+01  5.4549998474E+01  2.34757E-07  8.11717E+01
  5.4549998474E+01  5.4554165141E+01  5.04208E-08  3.82342E+01
  5.4554165141E+01  5.4558331807E+01  2.96070E-07  8.73852E+01
  5.4558331807E+01  5.4562498474E+01  2.79007E-07  8.10117E+01
  5.4562498474E+01  5.4566665141E+01  6.10397E-08  3.65469E+01
  5.4566665141E+01  5.4570831807E+01  5.00557E-08  2.58438E+01
  5.4570831807E+01  5.4574998474E+01  3.90436E-08  3.08661E+01
  5.4574998474E+01  5.4579165141E+01  3.74748E-08  5.14192E+01
  5.4579165141E+01  5.4583331807E+01  2.73316E-08  3.69617E+01
  5.4583331807E+01  5.4587498474E+01  4.30464E-08  3.91616E+01
  5.4587498474E+01  5.4591665141E+01  8.98445E-08  6.10852E+01
  5.4591665141E+01  5.4595831807E+01  2.70163E-08  3.85631E+01
  5.4595831807E+01  5.4599998474E+01  2.80554E-08  4.90772E+01
  5.4599998474E+01  5.4604165141E+01  2.22132E-08  3.33667E+01
  5.4604165141E+01  5.4608331807E+01  2.60070E-08  3.81970E+01
  5.4608331807E+01  5.4612498474E+01  2.34761E-08  4.41015E+01
  5.4612498474E+01  5.4616665141E+01  1.65035E-08  3.15640E+01
  5.4616665141E+01  5.4620831807E+01  1.65035E-08  3.19064E+01
  5.4620831807E+01  5.4624998474E+01  1.53861E-08  3.09587E+01
  5.4624998474E+01  5.4629165141E+01  6.84431E-07  9.78083E+01
  5.4629165141E+01  5.4633331807E+01  3.17337E-08  5.77437E+01
  5.4633331807E+01  5.4637498474E+01  2.51728E-08  3.41417E+01
  5.4637498474E+01  5.4641665141E+01  2.30807E-08  3.55310E+01
  5.4641665141E+01  5.4645831807E+01  1.52140E-08  3.36978E+01
  5.4645831807E+01  5.4649998474E+01  1.59359E-08  3.28141E+01
  5.4649998474E+01  5.4654165141E+01  1.85729E-08  4.18224E+01
  5.4654165141E+01  5.4658331807E+01  2.76572E-08  4.42424E+01
  5.4658331807E+01  5.4662498474E+01  7.07143E-08  6.67267E+01
  5.4662498474E+01  5.4666665141E+01  5.55644E-08  5.87594E+01
  5.4666665141E+01  5.4670831807E+01  5.55644E-08  8.03792E+01
  5.4670831807E+01  5.4674998474E+01  5.55644E-08  6.48167E+01
  5.4674998474E+01  5.4679165141E+01  5.55644E-08  8.04239E+01
  5.4679165141E+01  5.4683331807E+01  5.59290E-08  8.02253E+01
  5.4683331807E+01  5.4687498474E+01  5.85421E-08  7.68560E+01
  5.4687498474E+01  5.4691665141E+01  1.31022E-07  5.73773E+01
  5.4691665141E+01  5.4695831807E+01  2.71887E-07  5.42943E+01
  5.4695831807E+01  5.4699998474E+01  6.74247E-07  5.58179E+01
  5.4699998474E+01  5.4704165141E+01  2.70587E-07  5.58596E+01
  5.4704165141E+01  5.4708331807E+01  1.84198E-07  7.20880E+01
  5.4708331807E+01  5.4712498474E+01  8.55950E-07  7.20227E+01
  5.4712498474E+01  5.4716665141E+01  1.03153E-07  6.44931E+01
  5.4716665141E+01  5.4720831807E+01  6.91019E-08  5.38411E+01
  5.4720831807E+01  5.4724998474E+01  6.89137E-08  8.26707E+01
  5.4724998474E+01  5.4729165141E+01  6.62832E-08  8.20139E+01
  5.4729165141E+01  5.4733331807E+01  6.99899E-08  7.77654E+01
  5.4733331807E+01  5.4737498474E+01  7.91673E-08  7.64384E+01
  5.4737498474E+01  5.4741665141E+01  8.98850E-08  7.69103E+01
  5.4741665141E+01  5.4745831807E+01  1.11635E-07  7.35061E+01
  5.4745831807E+01  5.4749998474E+01  1.05811E-07  5.98728E+01
  5.4749998474E+01  5.4754165141E+01  1.24044E-07  6.03801E+01
  5.4754165141E+01  5.4758331807E+01  3.94322E-08  4.82295E+01
  5.4758331807E+01  5.4762498474E+01  2.65726E-08  2.99704E+01
  5.4762498474E+01  5.4766665141E+01  2.51621E-08  3.11338E+01
  5.4766665141E+01  5.4770831807E+01  1.71634E-08  3.01435E+01
  5.4770831807E+01  5.4774998474E+01  1.65687E-08  3.34735E+01
  5.4774998474E+01  5.4779165141E+01  1.65687E-08  3.24289E+01
  5.4779165141E+01  5.4783331807E+01  1.62613E-08  3.28017E+01
  5.4783331807E+01  5.4787498474E+01  1.58651E-08  3.18000E+01
  5.4787498474E+01  5.4791665141E+01  1.57181E-08  3.26147E+01
  5.4791665141E+01  5.4795831807E+01  1.60323E-08  3.32083E+01
  5.4795831807E+01  5.4799998474E+01  1.67661E-08  3.22166E+01
  5.4799998474E+01  5.4804165141E+01  4.16623E-08  5.88944E+01
  5.4804165141E+01  5.4808331807E+01  1.92042E-08  3.24405E+01
  5.4808331807E+01  5.4812498474E+01  1.80750E-08  3.21884E+01
  5.4812498474E+01  5.4816665141E+01  3.87649E-08  5.65202E+01
  5.4816665141E+01  5.4820831807E+01  1.83352E-08  3.37305E+01
  5.4820831807E+01  5.4824998474E+01  1.80694E-08  3.09072E+01
  5.4824998474E+01  5.4829165141E+01  1.59958E-08  3.93830E+01
  5.4829165141E+01  5.4833331807E+01  1.58463E-08  3.81118E+01
  5.4833331807E+01  5.4837498474E+01  1.56796E-08  3.98889E+01
  5.4837498474E+01  5.4841665141E+01  2.10780E-08  3.83707E+01
  5.4841665141E+01  5.4845831807E+01  1.39787E-07  8.43745E+01
  5.4845831807E+01  5.4849998474E+01  2.22512E-08  3.47491E+01
  5.4849998474E+01  5.4854165141E+01  2.23034E-08  3.84142E+01
  5.4854165141E+01  5.4858331807E+01  3.01142E-08  3.19817E+01
  5.4858331807E+01  5.4862498474E+01  2.01870E-08  3.82954E+01
  5.4862498474E+01  5.4866665141E+01  1.39023E-08  3.51105E+01
  5.4866665141E+01  5.4870831807E+01  1.39868E-08  3.32507E+01
  5.4870831807E+01  5.4874998474E+01  1.32125E-07  8.94923E+01
  5.4874998474E+01  5.4879165141E+01  1.39868E-08  3.20364E+01
  5.4879165141E+01  5.4883331807E+01  5.18722E-08  5.38806E+01
  5.4883331807E+01  5.4887498474E+01  3.41743E-08  4.33103E+01
  5.4887498474E+01  5.4891665141E+01  2.23280E-08  3.14315E+01
  5.4891665141E+01  5.4895831807E+01  3.39891E-07  6.02243E+01
  5.4895831807E+01  5.4899998474E+01  2.19347E-08  3.89002E+01
  5.4899998474E+01  5.4904165141E+01  1.96081E-08  3.77893E+01
  5.4904165141E+01  5.4908331807E+01  1.26343E-08  4.69788E+01
  5.4908331807E+01  5.4912498474E+01  1.30905E-08  3.35978E+01
  5.4912498474E+01  5.4916665141E+01  1.37738E-08  4.47350E+01
  5.4916665141E+01  5.4920831807E+01  1.48810E-07  9.13004E+01
  5.4920831807E+01  5.4924998474E+01  1.18635E-08  4.16017E+01
  5.4924998474E+01  5.4929165141E+01  1.18689E-08  4.15829E+01
  5.4929165141E+01  5.4933331807E+01  1.15378E-08  4.08948E+01
  5.4933331807E+01  5.4937498474E+01  1.11298E-08  3.62111E+01
  5.4937498474E+01  5.4941665141E+01  1.44761E-08  3.86175E+01
  5.4941665141E+01  5.4945831807E+01  1.51483E-08  3.46467E+01
  5.4945831807E+01  5.4949998474E+01  1.62329E-07  9.06014E+01
  5.4949998474E+01  5.4954165141E+01  3.25287E-07  6.86645E+01
  5.4954165141E+01  5.4958331807E+01  1.36808E-08  3.66394E+01
  5.4958331807E+01  5.4962498474E+01  2.99116E-07  9.54343E+01
  5.4962498474E+01  5.4966665141E+01  2.06353E-08  3.95308E+01
  5.4966665141E+01  5.4970831807E+01  1.43006E-08  3.65592E+01
  5.4970831807E+01  5.4974998474E+01  1.39772E-08  3.58209E+01
  5.4974998474E+01  5.4979165141E+01  2.37526E-07  8.64939E+01
  5.4979165141E+01  5.4983331807E+01  4.05097E-07  6.81447E+01
  5.4983331807E+01  5.4987498474E+01  1.83612E-08  3.58025E+01
  5.4987498474E+01  5.4991665141E+01  1.70488E-08  3.87421E+01
  5.4991665141E+01  5.4995831807E+01  3.28525E-08  5.48200E+01
  5.4995831807E+01  5.4999998474E+01  3.95994E-08  4.82031E+01
  5.4999998474E+01  5.5004165141E+01  6.76778E-08  6.19091E+01
  5.5004165141E+01  5.5008331807E+01  8.96523E-08  5.87327E+01
  5.5008331807E+01  5.5012498474E+01  9.61469E-08  5.55768E+01
  5.5012498474E+01  5.5016665141E+01  9.51140E-08  5.70137E+01
  5.5016665141E+01  5.5020831807E+01  9.55507E-08  5.70810E+01
  5.5020831807E+01  5.5024998474E+01  9.90422E-08  5.56145E+01
  5.5024998474E+01  5.5029165141E+01  9.45025E-08  5.99001E+01
  5.5029165141E+01  5.5033331807E+01  1.00696E-07  5.75430E+01
  5.5033331807E+01  5.5037498474E+01  1.02525E-07  6.35849E+01
  5.5037498474E+01  5.5041665141E+01  1.07234E-07  6.41064E+01
  5.5041665141E+01  5.5045831807E+01  1.07556E-07  6.41446E+01
  5.5045831807E+01  5.5049998474E+01  1.11215E-07  6.53403E+01
  5.5049998474E+01  5.5054165141E+01  1.18510E-07  6.52019E+01
  5.5054165141E+01  5.5058331807E+01  8.83234E-08  6.33656E+01
  5.5058331807E+01  5.5062498474E+01  5.68992E-08  8.13969E+01
  5.5062498474E+01  5.5066665141E+01  5.62063E-08  6.33674E+01
  5.5066665141E+01  5.5070831807E+01  1.18960E-06  9.53143E+01
  5.5070831807E+01  5.5074998474E+01  7.38757E-07  9.25766E+01
  5.5074998474E+01  5.5079165141E+01  5.65895E-08  8.64200E+01
  5.5079165141E+01  5.5083331807E+01  6.38827E-08  7.81905E+01
  5.5083331807E+01  5.5087498474E+01  6.26722E-08  8.02370E+01
  5.5087498474E+01  5.5091665141E+01  6.26722E-08  8.06288E+01
  5.5091665141E+01  5.5095831807E+01  6.18043E-08  8.44274E+01
  5.5095831807E+01  5.5099998474E+01  1.14659E-07  6.58686E+01
  5.5099998474E+01  5.5099998474E+01  1.14659E-07  6.58686E+01
