# Detector n: 1D Projection
  5.0099998474E+01  5.0104165141E+01  1.05862E-03  4.68653E-01
  5.0104165141E+01  5.0108331807E+01  1.05369E-03  3.88194E-01
  5.0108331807E+01  5.0112498474E+01  1.06628E-03  5.55354E-01
  5.0112498474E+01  5.0116665141E+01  1.06636E-03  5.09043E-01
  5.0116665141E+01  5.0120831807E+01  1.06083E-03  4.63413E-01
  5.0120831807E+01  5.0124998474E+01  1.06520E-03  5.01509E-01
  5.0124998474E+01  5.0129165141E+01  1.06627E-03  5.06469E-01
  5.0129165141E+01  5.0133331807E+01  1.05880E-03  3.74779E-01
  5.0133331807E+01  5.0137498474E+01  1.06268E-03  4.46628E-01
  5.0137498474E+01  5.0141665141E+01  1.06044E-03  4.19112E-01
  5.0141665141E+01  5.0145831807E+01  1.05613E-03  3.80750E-01
  5.0145831807E+01  5.0149998474E+01  1.06226E-03  3.69066E-01
  5.0149998474E+01  5.0154165141E+01  1.07219E-03  4.43691E-01
  5.0154165141E+01  5.0158331807E+01  1.07093E-03  3.74339E-01
  5.0158331807E+01  5.0162498474E+01  1.07762E-03  4.43043E-01
  5.0162498474E+01  5.0166665141E+01  1.07199E-03  4.01293E-01
  5.0166665141E+01  5.0170831807E+01  1.07365E-03  3.88350E-01
  5.0170831807E+01  5.0174998474E+01  1.07626E-03  4.45540E-01
  5.0174998474E+01  5.0179165141E+01  1.07418E-03  4.05232E-01
  5.0179165141E+01  5.0183331807E+01  1.07801E-03  4.78941E-01
  5.0183331807E+01  5.0187498474E+01  1.07349E-03  3.59706E-01
  5.0187498474E+01  5.0191665141E+01  1.06962E-03  3.44671E-01
  5.0191665141E+01  5.0195831807E+01  1.07111E-03  3.42698E-01
  5.0195831807E+01  5.0199998474E+01  1.07129E-03  3.42314E-01
  5.0199998474E+01  5.0204165141E+01  1.07641E-03  4.13512E-01
  5.0204165141E+01  5.0208331807E+01  1.08550E-03  6.41551E-01
  5.0208331807E+01  5.0212498474E+01  1.07702E-03  4.00349E-01
  5.0212498474E+01  5.0216665141E+01  1.08057E-03  4.47190E-01
  5.0216665141E+01  5.0220831807E+01  1.07575E-03  3.89910E-01
  5.0220831807E+01  5.0224998474E+01  1.07707E-03  4.05530E-01
  5.0224998474E+01  5.0229165141E+01  1.07892E-03  4.65096E-01
  5.0229165141E+01  5.0233331807E+01  1.07643E-03  4.30070E-01
  5.0233331807E+01  5.0237498474E+01  1.07697E-03  3.87810E-01
  5.0237498474E+01  5.0241665141E+01  1.08602E-03  4.86059E-01
  5.0241665141E+01  5.0245831807E+01  1.08884E-03  3.95157E-01
  5.0245831807E+01  5.0249998474E+01  1.09793E-03  4.07458E-01
  5.0249998474E+01  5.0254165141E+01  1.10568E-03  4.58675E-01
  5.0254165141E+01  5.0258331807E+01  1.11067E-03  5.29528E-01
  5.0258331807E+01  5.0262498474E+01  1.10290E-03  3.87657E-01
  5.0262498474E+01  5.0266665141E+01  1.10723E-03  4.29564E-01
  5.0266665141E+01  5.0270831807E+01  1.10177E-03  3.78894E-01
  5.0270831807E+01  5.0274998474E+01  1.10311E-03  4.05997E-01
  5.0274998474E+01  5.0279165141E+01  1.10449E-03  3.94318E-01
  5.0279165141E+01  5.0283331807E+01  1.10548E-03  4.00628E-01
  5.0283331807E+01  5.0287498474E+01  1.10980E-03  4.55521E-01
  5.0287498474E+01  5.0291665141E+01  1.11112E-03  4.71673E-01
  5.0291665141E+01  5.0295831807E+01  1.11264E-03  5.13633E-01
  5.0295831807E+01  5.0299998474E+01  1.10773E-03  4.29883E-01
  5.0299998474E+01  5.0304165141E+01  1.11442E-03  4.71165E-01
  5.0304165141E+01  5.0308331807E+01  1.11018E-03  4.36348E-01
  5.0308331807E+01  5.0312498474E+01  1.11614E-03  5.18050E-01
  5.0312498474E+01  5.0316665141E+01  1.11240E-03  4.50106E-01
  5.0316665141E+01  5.0320831807E+01  1.10672E-03  3.85062E-01
  5.0320831807E+01  5.0324998474E+01  1.10354E-03  3.54267E-01
  5.0324998474E+01  5.0329165141E+01  1.10449E-03  3.70888E-01
  5.0329165141E+01  5.0333331807E+01  1.10939E-03  4.56852E-01
  5.0333331807E+01  5.0337498474E+01  1.11319E-03  4.76376E-01
  5.0337498474E+01  5.0341665141E+01  1.10917E-03  4.16903E-01
  5.0341665141E+01  5.0345831807E+01  1.11118E-03  4.56210E-01
  5.0345831807E+01  5.0349998474E+01  1.10584E-03  3.56531E-01
  5.0349998474E+01  5.0354165141E+01  1.10797E-03  4.09197E-01
  5.0354165141E+01  5.0358331807E+01  1.10606E-03  3.95252E-01
  5.0358331807E+01  5.0362498474E+01  1.10937E-03  4.38855E-01
  5.0362498474E+01  5.0366665141E+01  1.11029E-03  4.65614E-01
  5.0366665141E+01  5.0370831807E+01  1.10925E-03  4.75533E-01
  5.0370831807E+01  5.0374998474E+01  1.10636E-03  4.09984E-01
  5.0374998474E+01  5.0379165141E+01  1.11182E-03  5.07376E-01
  5.0379165141E+01  5.0383331807E+01  1.11063E-03  4.26597E-01
  5.0383331807E+01  5.0387498474E+01  1.11446E-03  4.53957E-01
  5.0387498474E+01  5.0391665141E+01  1.11346E-03  5.19358E-01
  5.0391665141E+01  5.0395831807E+01  1.11203E-03  4.35553E-01
  5.0395831807E+01  5.0399998474E+01  1.11719E-03  5.63157E-01
  5.0399998474E+01  5.0404165141E+01  1.11283E-03  4.26956E-01
  5.0404165141E+01  5.0408331807E+01  1.11197E-03  3.98897E-01
  5.0408331807E+01  5.0412498474E+01  1.11763E-03  4.43795E-01
  5.0412498474E+01  5.0416665141E+01  1.11877E-03  5.12739E-01
  5.0416665141E+01  5.0420831807E+01  1.12322E-03  4.09615E-01
  5.0420831807E+01  5.0424998474E+01  1.12545E-03  4.19925E-01
  5.0424998474E+01  5.0429165141E+01  1.13481E-03  4.30056E-01
  5.0429165141E+01  5.0433331807E+01  1.14129E-03  4.11853E-01
  5.0433331807E+01  5.0437498474E+01  1.14782E-03  3.84042E-01
  5.0437498474E+01  5.0441665141E+01  1.15249E-03  4.32358E-01
  5.0441665141E+01  5.0445831807E+01  1.15776E-03  4.64233E-01
  5.0445831807E+01  5.0449998474E+01  1.15100E-03  3.94503E-01
  5.0449998474E+01  5.0454165141E+01  1.15503E-03  4.19262E-01
  5.0454165141E+01  5.0458331807E+01  1.15150E-03  3.97700E-01
  5.0458331807E+01  5.0462498474E+01  1.15342E-03  3.85161E-01
  5.0462498474E+01  5.0466665141E+01  1.15365E-03  3.95559E-01
  5.0466665141E+01  5.0470831807E+01  1.15299E-03  4.01650E-01
  5.0470831807E+01  5.0474998474E+01  1.15428E-03  4.72459E-01
  5.0474998474E+01  5.0479165141E+01  1.15416E-03  4.34344E-01
  5.0479165141E+01  5.0483331807E+01  1.15085E-03  3.80605E-01
  5.0483331807E+01  5.0487498474E+01  1.16172E-03  4.96789E-01
  5.0487498474E+01  5.0491665141E+01  1.16116E-03  4.78595E-01
  5.0491665141E+01  5.0495831807E+01  1.15258E-03  4.12131E-01
  5.0495831807E+01  5.0499998474E+01  1.15804E-03  4.85755E-01
  5.0499998474E+01  5.0504165141E+01  1.15321E-03  4.07456E-01
  5.0504165141E+01  5.0508331807E+01  1.15641E-03  4.99277E-01
  5.0508331807E+01  5.0512498474E+01  1.15165E-03  3.94572E-01
  5.0512498474E+01  5.0516665141E+01  1.15149E-03  4.12639E-01
  5.0516665141E+01  5.0520831807E+01  1.15382E-03  4.34126E-01
  5.0520831807E+01  5.0524998474E+01  1.15398E-03  4.24800E-01
  5.0524998474E+01  5.0529165141E+01  1.15872E-03  4.89086E-01
  5.0529165141E+01  5.0533331807E+01  1.15658E-03  4.38332E-01
  5.0533331807E+01  5.0537498474E+01  1.15588E-03  4.07394E-01
  5.0537498474E+01  5.0541665141E+01  1.15714E-03  4.50415E-01
  5.0541665141E+01  5.0545831807E+01  1.15414E-03  4.32329E-01
  5.0545831807E+01  5.0549998474E+01  1.15980E-03  4.65058E-01
  5.0549998474E+01  5.0554165141E+01  1.15610E-03  4.46996E-01
  5.0554165141E+01  5.0558331807E+01  1.15350E-03  3.65049E-01
  5.0558331807E+01  5.0562498474E+01  1.15798E-03  4.84109E-01
  5.0562498474E+01  5.0566665141E+01  1.15730E-03  4.57641E-01
  5.0566665141E+01  5.0570831807E+01  1.15700E-03  4.20602E-01
  5.0570831807E+01  5.0574998474E+01  1.15515E-03  4.03582E-01
  5.0574998474E+01  5.0579165141E+01  1.15204E-03  3.50404E-01
  5.0579165141E+01  5.0583331807E+01  1.15737E-03  4.24425E-01
  5.0583331807E+01  5.0587498474E+01  1.15893E-03  4.17441E-01
  5.0587498474E+01  5.0591665141E+01  1.16070E-03  4.03034E-01
  5.0591665141E+01  5.0595831807E+01  1.16185E-03  4.75976E-01
  5.0595831807E+01  5.0599998474E+01  1.16066E-03  4.16063E-01
  5.0599998474E+01  5.0604165141E+01  1.16070E-03  3.84311E-01
  5.0604165141E+01  5.0608331807E+01  1.16586E-03  4.57506E-01
  5.0608331807E+01  5.0612498474E+01  1.16847E-03  4.41853E-01
  5.0612498474E+01  5.0616665141E+01  1.16673E-03  4.50336E-01
  5.0616665141E+01  5.0620831807E+01  1.16287E-03  4.08882E-01
  5.0620831807E+01  5.0624998474E+01  1.16368E-03  4.01472E-01
  5.0624998474E+01  5.0629165141E+01  1.16613E-03  4.56767E-01
  5.0629165141E+01  5.0633331807E+01  1.16633E-03  4.00594E-01
  5.0633331807E+01  5.0637498474E+01  1.17413E-03  4.84626E-01
  5.0637498474E+01  5.0641665141E+01  1.16590E-03  3.96282E-01
  5.0641665141E+01  5.0645831807E+01  1.16462E-03  3.55131E-01
  5.0645831807E+01  5.0649998474E+01  1.17572E-03  5.25743E-01
  5.0649998474E+01  5.0654165141E+01  1.17231E-03  5.00541E-01
  5.0654165141E+01  5.0658331807E+01  1.17317E-03  4.79144E-01
  5.0658331807E+01  5.0662498474E+01  1.16661E-03  3.86120E-01
  5.0662498474E+01  5.0666665141E+01  1.17249E-03  4.53810E-01
  5.0666665141E+01  5.0670831807E+01  1.17018E-03  3.83701E-01
  5.0670831807E+01  5.0674998474E+01  1.17500E-03  4.02155E-01
  5.0674998474E+01  5.0679165141E+01  1.17936E-03  4.70586E-01
  5.0679165141E+01  5.0683331807E+01  1.17531E-03  4.08077E-01
  5.0683331807E+01  5.0687498474E+01  1.17986E-03  5.19523E-01
  5.0687498474E+01  5.0691665141E+01  1.17165E-03  4.33304E-01
  5.0691665141E+01  5.0695831807E+01  1.17311E-03  4.14803E-01
  5.0695831807E+01  5.0699998474E+01  1.18086E-03  5.44366E-01
  5.0699998474E+01  5.0704165141E+01  1.18120E-03  5.23626E-01
  5.0704165141E+01  5.0708331807E+01  1.17685E-03  4.18578E-01
  5.0708331807E+01  5.0712498474E+01  1.17996E-03  4.67178E-01
  5.0712498474E+01  5.0716665141E+01  1.18302E-03  4.68224E-01
  5.0716665141E+01  5.0720831807E+01  1.18155E-03  4.34784E-01
  5.0720831807E+01  5.0724998474E+01  1.18002E-03  4.96995E-01
  5.0724998474E+01  5.0729165141E+01  1.18247E-03  4.71856E-01
  5.0729165141E+01  5.0733331807E+01  1.18274E-03  4.59441E-01
  5.0733331807E+01  5.0737498474E+01  1.17603E-03  3.43701E-01
  5.0737498474E+01  5.0741665141E+01  1.18533E-03  4.34375E-01
  5.0741665141E+01  5.0745831807E+01  1.18704E-03  4.08720E-01
  5.0745831807E+01  5.0749998474E+01  1.19733E-03  5.10632E-01
  5.0749998474E+01  5.0754165141E+01  1.19870E-03  4.64376E-01
  5.0754165141E+01  5.0758331807E+01  1.20049E-03  4.31568E-01
  5.0758331807E+01  5.0762498474E+01  1.20123E-03  3.93791E-01
  5.0762498474E+01  5.0766665141E+01  1.20411E-03  4.11749E-01
  5.0766665141E+01  5.0770831807E+01  1.20704E-03  4.14805E-01
  5.0770831807E+01  5.0774998474E+01  1.20610E-03  3.63005E-01
  5.0774998474E+01  5.0779165141E+01  1.21138E-03  4.02644E-01
  5.0779165141E+01  5.0783331807E+01  1.21508E-03  4.24332E-01
  5.0783331807E+01  5.0787498474E+01  1.21833E-03  4.58823E-01
  5.0787498474E+01  5.0791665141E+01  1.21946E-03  3.92329E-01
  5.0791665141E+01  5.0795831807E+01  1.23004E-03  4.78964E-01
  5.0795831807E+01  5.0799998474E+01  1.22363E-03  3.75596E-01
  5.0799998474E+01  5.0804165141E+01  1.22230E-03  4.15671E-01
  5.0804165141E+01  5.0808331807E+01  1.22658E-03  4.13585E-01
  5.0808331807E+01  5.0812498474E+01  1.23160E-03  5.01271E-01
  5.0812498474E+01  5.0816665141E+01  1.23224E-03  4.55034E-01
  5.0816665141E+01  5.0820831807E+01  1.23019E-03  4.02731E-01
  5.0820831807E+01  5.0824998474E+01  1.22749E-03  4.05289E-01
  5.0824998474E+01  5.0829165141E+01  1.22697E-03  4.15931E-01
  5.0829165141E+01  5.0833331807E+01  1.22181E-03  3.49001E-01
  5.0833331807E+01  5.0837498474E+01  1.22691E-03  3.77075E-01
  5.0837498474E+01  5.0841665141E+01  1.22428E-03  3.64062E-01
  5.0841665141E+01  5.0845831807E+01  1.22252E-03  3.51995E-01
  5.0845831807E+01  5.0849998474E+01  1.22771E-03  4.32645E-01
  5.0849998474E+01  5.0854165141E+01  1.22869E-03  4.10054E-01
  5.0854165141E+01  5.0858331807E+01  1.22927E-03  4.43738E-01
  5.0858331807E+01  5.0862498474E+01  1.22834E-03  3.88370E-01
  5.0862498474E+01  5.0866665141E+01  1.23105E-03  3.76565E-01
  5.0866665141E+01  5.0870831807E+01  1.22975E-03  3.87632E-01
  5.0870831807E+01  5.0874998474E+01  1.22840E-03  3.62003E-01
  5.0874998474E+01  5.0879165141E+01  1.22964E-03  4.01431E-01
  5.0879165141E+01  5.0883331807E+01  1.23597E-03  4.66411E-01
  5.0883331807E+01  5.0887498474E+01  1.23232E-03  3.76361E-01
  5.0887498474E+01  5.0891665141E+01  1.23796E-03  4.28315E-01
  5.0891665141E+01  5.0895831807E+01  1.24071E-03  4.45675E-01
  5.0895831807E+01  5.0899998474E+01  1.23531E-03  4.07833E-01
  5.0899998474E+01  5.0904165141E+01  1.23088E-03  3.47642E-01
  5.0904165141E+01  5.0908331807E+01  1.23242E-03  3.56862E-01
  5.0908331807E+01  5.0912498474E+01  1.23680E-03  3.62133E-01
  5.0912498474E+01  5.0916665141E+01  1.24112E-03  4.00186E-01
  5.0916665141E+01  5.0920831807E+01  1.24476E-03  4.54886E-01
  5.0920831807E+01  5.0924998474E+01  1.24115E-03  3.84045E-01
  5.0924998474E+01  5.0929165141E+01  1.24220E-03  4.34299E-01
  5.0929165141E+01  5.0933331807E+01  1.24577E-03  4.46932E-01
  5.0933331807E+01  5.0937498474E+01  1.24895E-03  4.81740E-01
  5.0937498474E+01  5.0941665141E+01  1.24800E-03  4.64425E-01
  5.0941665141E+01  5.0945831807E+01  1.24527E-03  4.32447E-01
  5.0945831807E+01  5.0949998474E+01  1.24692E-03  4.42068E-01
  5.0949998474E+01  5.0954165141E+01  1.25045E-03  4.35750E-01
  5.0954165141E+01  5.0958331807E+01  1.24866E-03  4.56816E-01
  5.0958331807E+01  5.0962498474E+01  1.24646E-03  4.23520E-01
  5.0962498474E+01  5.0966665141E+01  1.25474E-03  4.62010E-01
  5.0966665141E+01  5.0970831807E+01  1.25298E-03  4.43005E-01
  5.0970831807E+01  5.0974998474E+01  1.25626E-03  4.57222E-01
  5.0974998474E+01  5.0979165141E+01  1.24568E-03  3.57513E-01
  5.0979165141E+01  5.0983331807E+01  1.24943E-03  3.88724E-01
  5.0983331807E+01  5.0987498474E+01  1.25037E-03  3.65483E-01
  5.0987498474E+01  5.0991665141E+01  1.25698E-03  4.05883E-01
  5.0991665141E+01  5.0995831807E+01  1.25301E-03  3.60584E-01
  5.0995831807E+01  5.0999998474E+01  1.25909E-03  4.25145E-01
  5.0999998474E+01  5.1004165141E+01  1.26114E-03  4.29718E-01
  5.1004165141E+01  5.1008331807E+01  1.26181E-03  4.17024E-01
  5.1008331807E+01  5.1012498474E+01  1.26561E-03  4.62995E-01
  5.1012498474E+01  5.1016665141E+01  1.25879E-03  3.81449E-01
  5.1016665141E+01  5.1020831807E+01  1.26037E-03  3.51262E-01
  5.1020831807E+01  5.1024998474E+01  1.26280E-03  3.53129E-01
  5.1024998474E+01  5.1029165141E+01  1.26719E-03  3.81158E-01
  5.1029165141E+01  5.1033331807E+01  1.26809E-03  3.64659E-01
  5.1033331807E+01  5.1037498474E+01  1.27071E-03  3.55337E-01
  5.1037498474E+01  5.1041665141E+01  1.27798E-03  4.04010E-01
  5.1041665141E+01  5.1045831807E+01  1.28288E-03  4.27998E-01
  5.1045831807E+01  5.1049998474E+01  1.27968E-03  4.00425E-01
  5.1049998474E+01  5.1054165141E+01  1.28152E-03  3.94126E-01
  5.1054165141E+01  5.1058331807E+01  1.28570E-03  3.92851E-01
  5.1058331807E+01  5.1062498474E+01  1.28924E-03  4.16852E-01
  5.1062498474E+01  5.1066665141E+01  1.28846E-03  4.27386E-01
  5.1066665141E+01  5.1070831807E+01  1.29288E-03  4.15628E-01
  5.1070831807E+01  5.1074998474E+01  1.29186E-03  3.69277E-01
  5.1074998474E+01  5.1079165141E+01  1.29529E-03  3.85793E-01
  5.1079165141E+01  5.1083331807E+01  1.29437E-03  4.04244E-01
  5.1083331807E+01  5.1087498474E+01  1.29934E-03  4.14737E-01
  5.1087498474E+01  5.1091665141E+01  1.29912E-03  4.02597E-01
  5.1091665141E+01  5.1095831807E+01  1.30192E-03  4.55999E-01
  5.1095831807E+01  5.1099998474E+01  1.31355E-03  5.08449E-01
  5.1099998474E+01  5.1104165141E+01  1.30506E-03  4.36437E-01
  5.1104165141E+01  5.1108331807E+01  1.30461E-03  3.77294E-01
  5.1108331807E+01  5.1112498474E+01  1.30950E-03  3.97760E-01
  5.1112498474E+01  5.1116665141E+01  1.30431E-03  3.69325E-01
  5.1116665141E+01  5.1120831807E+01  1.30478E-03  3.70092E-01
  5.1120831807E+01  5.1124998474E+01  1.31205E-03  4.37144E-01
  5.1124998474E+01  5.1129165141E+01  1.31060E-03  4.09233E-01
  5.1129165141E+01  5.1133331807E+01  1.31133E-03  3.87771E-01
  5.1133331807E+01  5.1137498474E+01  1.31068E-03  4.02201E-01
  5.1137498474E+01  5.1141665141E+01  1.31361E-03  4.15451E-01
  5.1141665141E+01  5.1145831807E+01  1.31740E-03  5.00904E-01
  5.1145831807E+01  5.1149998474E+01  1.31536E-03  4.24936E-01
  5.1149998474E+01  5.1154165141E+01  1.31596E-03  4.12142E-01
  5.1154165141E+01  5.1158331807E+01  1.31123E-03  3.82360E-01
  5.1158331807E+01  5.1162498474E+01  1.31204E-03  3.83241E-01
  5.1162498474E+01  5.1166665141E+01  1.32002E-03  4.81486E-01
  5.1166665141E+01  5.1170831807E+01  1.31061E-03  3.53221E-01
  5.1170831807E+01  5.1174998474E+01  1.31473E-03  4.14843E-01
  5.1174998474E+01  5.1179165141E+01  1.31799E-03  4.09455E-01
  5.1179165141E+01  5.1183331807E+01  1.31744E-03  3.78999E-01
  5.1183331807E+01  5.1187498474E+01  1.31904E-03  3.78219E-01
  5.1187498474E+01  5.1191665141E+01  1.32472E-03  4.01494E-01
  5.1191665141E+01  5.1195831807E+01  1.32187E-03  3.69150E-01
  5.1195831807E+01  5.1199998474E+01  1.32771E-03  4.03956E-01
  5.1199998474E+01  5.1204165141E+01  1.32484E-03  3.76475E-01
  5.1204165141E+01  5.1208331807E+01  1.32464E-03  3.71195E-01
  5.1208331807E+01  5.1212498474E+01  1.32926E-03  3.97528E-01
  5.1212498474E+01  5.1216665141E+01  1.33114E-03  4.04524E-01
  5.1216665141E+01  5.1220831807E+01  1.33319E-03  4.41891E-01
  5.1220831807E+01  5.1224998474E+01  1.33152E-03  3.96531E-01
  5.1224998474E+01  5.1229165141E+01  1.33113E-03  3.78228E-01
  5.1229165141E+01  5.1233331807E+01  1.33940E-03  4.26049E-01
  5.1233331807E+01  5.1237498474E+01  1.34290E-03  4.17367E-01
  5.1237498474E+01  5.1241665141E+01  1.34098E-03  3.88574E-01
  5.1241665141E+01  5.1245831807E+01  1.34328E-03  4.33008E-01
  5.1245831807E+01  5.1249998474E+01  1.34102E-03  3.75816E-01
  5.1249998474E+01  5.1254165141E+01  1.34423E-03  3.56225E-01
  5.1254165141E+01  5.1258331807E+01  1.35048E-03  3.86959E-01
  5.1258331807E+01  5.1262498474E+01  1.35129E-03  3.78585E-01
  5.1262498474E+01  5.1266665141E+01  1.35713E-03  3.98496E-01
  5.1266665141E+01  5.1270831807E+01  1.36606E-03  4.51275E-01
  5.1270831807E+01  5.1274998474E+01  1.35830E-03  3.59482E-01
  5.1274998474E+01  5.1279165141E+01  1.36945E-03  4.16872E-01
  5.1279165141E+01  5.1283331807E+01  1.37225E-03  4.33899E-01
  5.1283331807E+01  5.1287498474E+01  1.37501E-03  4.31613E-01
  5.1287498474E+01  5.1291665141E+01  1.37385E-03  3.75125E-01
  5.1291665141E+01  5.1295831807E+01  1.37802E-03  4.02983E-01
  5.1295831807E+01  5.1299998474E+01  1.37192E-03  3.46186E-01
  5.1299998474E+01  5.1304165141E+01  1.38330E-03  4.36644E-01
  5.1304165141E+01  5.1308331807E+01  1.38725E-03  4.37387E-01
  5.1308331807E+01  5.1312498474E+01  1.39166E-03  4.89589E-01
  5.1312498474E+01  5.1316665141E+01  1.38619E-03  4.30429E-01
  5.1316665141E+01  5.1320831807E+01  1.38591E-03  3.76083E-01
  5.1320831807E+01  5.1324998474E+01  1.39300E-03  3.96633E-01
  5.1324998474E+01  5.1329165141E+01  1.39009E-03  3.95405E-01
  5.1329165141E+01  5.1333331807E+01  1.39268E-03  3.91681E-01
  5.1333331807E+01  5.1337498474E+01  1.39086E-03  3.79934E-01
  5.1337498474E+01  5.1341665141E+01  1.39456E-03  4.04399E-01
  5.1341665141E+01  5.1345831807E+01  1.39967E-03  4.15380E-01
  5.1345831807E+01  5.1349998474E+01  1.39519E-03  3.60328E-01
  5.1349998474E+01  5.1354165141E+01  1.40048E-03  3.95035E-01
  5.1354165141E+01  5.1358331807E+01  1.40067E-03  4.01454E-01
  5.1358331807E+01  5.1362498474E+01  1.39574E-03  3.50633E-01
  5.1362498474E+01  5.1366665141E+01  1.40142E-03  3.98442E-01
  5.1366665141E+01  5.1370831807E+01  1.40408E-03  4.42381E-01
  5.1370831807E+01  5.1374998474E+01  1.40324E-03  3.79259E-01
  5.1374998474E+01  5.1379165141E+01  1.40348E-03  3.58567E-01
  5.1379165141E+01  5.1383331807E+01  1.40686E-03  3.73840E-01
  5.1383331807E+01  5.1387498474E+01  1.40900E-03  3.99532E-01
  5.1387498474E+01  5.1391665141E+01  1.40915E-03  3.93712E-01
  5.1391665141E+01  5.1395831807E+01  1.40791E-03  3.85000E-01
  5.1395831807E+01  5.1399998474E+01  1.40903E-03  3.85612E-01
  5.1399998474E+01  5.1404165141E+01  1.41142E-03  3.75480E-01
  5.1404165141E+01  5.1408331807E+01  1.41522E-03  3.92469E-01
  5.1408331807E+01  5.1412498474E+01  1.41694E-03  4.17758E-01
  5.1412498474E+01  5.1416665141E+01  1.41780E-03  3.81462E-01
  5.1416665141E+01  5.1420831807E+01  1.41863E-03  3.69038E-01
  5.1420831807E+01  5.1424998474E+01  1.42931E-03  4.32885E-01
  5.1424998474E+01  5.1429165141E+01  1.42769E-03  4.06347E-01
  5.1429165141E+01  5.1433331807E+01  1.42624E-03  3.62507E-01
  5.1433331807E+01  5.1437498474E+01  1.43012E-03  3.72115E-01
  5.1437498474E+01  5.1441665141E+01  1.42970E-03  3.52108E-01
  5.1441665141E+01  5.1445831807E+01  1.43549E-03  3.78145E-01
  5.1445831807E+01  5.1449998474E+01  1.43689E-03  3.62422E-01
  5.1449998474E+01  5.1454165141E+01  1.44016E-03  3.60928E-01
  5.1454165141E+01  5.1458331807E+01  1.44811E-03  4.10035E-01
  5.1458331807E+01  5.1462498474E+01  1.45300E-03  4.22701E-01
  5.1462498474E+01  5.1466665141E+01  1.45075E-03  3.92477E-01
  5.1466665141E+01  5.1470831807E+01  1.45389E-03  3.87799E-01
  5.1470831807E+01  5.1474998474E+01  1.45444E-03  3.89348E-01
  5.1474998474E+01  5.1479165141E+01  1.45443E-03  3.55504E-01
  5.1479165141E+01  5.1483331807E+01  1.46607E-03  4.32791E-01
  5.1483331807E+01  5.1487498474E+01  1.46370E-03  3.91193E-01
  5.1487498474E+01  5.1491665141E+01  1.46903E-03  4.12199E-01
  5.1491665141E+01  5.1495831807E+01  1.47233E-03  4.42241E-01
  5.1495831807E+01  5.1499998474E+01  1.47194E-03  4.09140E-01
  5.1499998474E+01  5.1504165141E+01  1.46960E-03  3.72391E-01
  5.1504165141E+01  5.1508331807E+01  1.48173E-03  4.12804E-01
  5.1508331807E+01  5.1512498474E+01  1.47473E-03  3.79646E-01
  5.1512498474E+01  5.1516665141E+01  1.48330E-03  4.05954E-01
  5.1516665141E+01  5.1520831807E+01  1.48299E-03  3.75687E-01
  5.1520831807E+01  5.1524998474E+01  1.48583E-03  3.92230E-01
  5.1524998474E+01  5.1529165141E+01  1.48493E-03  3.65680E-01
  5.1529165141E+01  5.1533331807E+01  1.48969E-03  3.73968E-01
  5.1533331807E+01  5.1537498474E+01  1.49123E-03  3.82241E-01
  5.1537498474E+01  5.1541665141E+01  1.49400E-03  3.76021E-01
  5.1541665141E+01  5.1545831807E+01  1.49380E-03  3.76804E-01
  5.1545831807E+01  5.1549998474E+01  1.50108E-03  4.00928E-01
  5.1549998474E+01  5.1554165141E+01  1.50172E-03  4.27688E-01
  5.1554165141E+01  5.1558331807E+01  1.49823E-03  3.67622E-01
  5.1558331807E+01  5.1562498474E+01  1.49995E-03  3.75421E-01
  5.1562498474E+01  5.1566665141E+01  1.51099E-03  4.41986E-01
  5.1566665141E+01  5.1570831807E+01  1.50361E-03  3.82874E-01
  5.1570831807E+01  5.1574998474E+01  1.50486E-03  3.66788E-01
  5.1574998474E+01  5.1579165141E+01  1.50656E-03  3.53508E-01
  5.1579165141E+01  5.1583331807E+01  1.50907E-03  3.65096E-01
  5.1583331807E+01  5.1587498474E+01  1.50994E-03  3.71008E-01
  5.1587498474E+01  5.1591665141E+01  1.51818E-03  3.89559E-01
  5.1591665141E+01  5.1595831807E+01  1.51790E-03  3.86057E-01
  5.1595831807E+01  5.1599998474E+01  1.52224E-03  3.73109E-01
  5.1599998474E+01  5.1604165141E+01  1.52672E-03  3.79849E-01
  5.1604165141E+01  5.1608331807E+01  1.52929E-03  3.66203E-01
  5.1608331807E+01  5.1612498474E+01  1.53428E-03  3.80507E-01
  5.1612498474E+01  5.1616665141E+01  1.53576E-03  3.88655E-01
  5.1616665141E+01  5.1620831807E+01  1.54065E-03  4.08450E-01
  5.1620831807E+01  5.1624998474E+01  1.54349E-03  3.80699E-01
  5.1624998474E+01  5.1629165141E+01  1.54791E-03  3.85087E-01
  5.1629165141E+01  5.1633331807E+01  1.55047E-03  3.85947E-01
  5.1633331807E+01  5.1637498474E+01  1.55344E-03  4.15217E-01
  5.1637498474E+01  5.1641665141E+01  1.55169E-03  3.63621E-01
  5.1641665141E+01  5.1645831807E+01  1.55951E-03  3.85376E-01
  5.1645831807E+01  5.1649998474E+01  1.56078E-03  3.78343E-01
  5.1649998474E+01  5.1654165141E+01  1.55898E-03  3.53820E-01
  5.1654165141E+01  5.1658331807E+01  1.56068E-03  3.49931E-01
  5.1658331807E+01  5.1662498474E+01  1.56877E-03  3.88561E-01
  5.1662498474E+01  5.1666665141E+01  1.56824E-03  3.55958E-01
  5.1666665141E+01  5.1670831807E+01  1.57343E-03  3.78534E-01
  5.1670831807E+01  5.1674998474E+01  1.58084E-03  3.91337E-01
  5.1674998474E+01  5.1679165141E+01  1.57957E-03  3.65914E-01
  5.1679165141E+01  5.1683331807E+01  1.57775E-03  3.56887E-01
  5.1683331807E+01  5.1687498474E+01  1.58293E-03  3.56210E-01
  5.1687498474E+01  5.1691665141E+01  1.58522E-03  3.51804E-01
  5.1691665141E+01  5.1695831807E+01  1.59648E-03  4.04704E-01
  5.1695831807E+01  5.1699998474E+01  1.59645E-03  4.08414E-01
  5.1699998474E+01  5.1704165141E+01  1.59719E-03  3.56103E-01
  5.1704165141E+01  5.1708331807E+01  1.60090E-03  3.78103E-01
  5.1708331807E+01  5.1712498474E+01  1.60519E-03  3.62792E-01
  5.1712498474E+01  5.1716665141E+01  1.61169E-03  3.89981E-01
  5.1716665141E+01  5.1720831807E+01  1.61988E-03  4.04431E-01
  5.1720831807E+01  5.1724998474E+01  1.61616E-03  3.56312E-01
  5.1724998474E+01  5.1729165141E+01  1.61914E-03  3.57200E-01
  5.1729165141E+01  5.1733331807E+01  1.62469E-03  3.70360E-01
  5.1733331807E+01  5.1737498474E+01  1.63001E-03  3.93258E-01
  5.1737498474E+01  5.1741665141E+01  1.62787E-03  3.48753E-01
  5.1741665141E+01  5.1745831807E+01  1.63488E-03  3.56942E-01
  5.1745831807E+01  5.1749998474E+01  1.64360E-03  3.77929E-01
  5.1749998474E+01  5.1754165141E+01  1.64648E-03  3.80065E-01
  5.1754165141E+01  5.1758331807E+01  1.65508E-03  3.98501E-01
  5.1758331807E+01  5.1762498474E+01  1.65516E-03  3.86326E-01
  5.1762498474E+01  5.1766665141E+01  1.65915E-03  3.94202E-01
  5.1766665141E+01  5.1770831807E+01  1.65536E-03  3.46539E-01
  5.1770831807E+01  5.1774998474E+01  1.66285E-03  3.65132E-01
  5.1774998474E+01  5.1779165141E+01  1.66791E-03  3.63920E-01
  5.1779165141E+01  5.1783331807E+01  1.67435E-03  3.84408E-01
  5.1783331807E+01  5.1787498474E+01  1.67605E-03  3.56050E-01
  5.1787498474E+01  5.1791665141E+01  1.68123E-03  3.51914E-01
  5.1791665141E+01  5.1795831807E+01  1.69329E-03  3.72103E-01
  5.1795831807E+01  5.1799998474E+01  1.69602E-03  3.70500E-01
  5.1799998474E+01  5.1804165141E+01  1.70286E-03  3.91828E-01
  5.1804165141E+01  5.1808331807E+01  1.69748E-03  3.54593E-01
  5.1808331807E+01  5.1812498474E+01  1.70286E-03  3.45731E-01
  5.1812498474E+01  5.1816665141E+01  1.70767E-03  3.42702E-01
  5.1816665141E+01  5.1820831807E+01  1.71570E-03  3.65295E-01
  5.1820831807E+01  5.1824998474E+01  1.71982E-03  3.68825E-01
  5.1824998474E+01  5.1829165141E+01  1.72404E-03  3.75561E-01
  5.1829165141E+01  5.1833331807E+01  1.72611E-03  3.45528E-01
  5.1833331807E+01  5.1837498474E+01  1.73476E-03  3.61274E-01
  5.1837498474E+01  5.1841665141E+01  1.73713E-03  3.46195E-01
  5.1841665141E+01  5.1845831807E+01  1.74633E-03  3.74846E-01
  5.1845831807E+01  5.1849998474E+01  1.74956E-03  3.59400E-01
  5.1849998474E+01  5.1854165141E+01  1.75518E-03  3.59259E-01
  5.1854165141E+01  5.1858331807E+01  1.75997E-03  3.50579E-01
  5.1858331807E+01  5.1862498474E+01  1.76897E-03  3.63279E-01
  5.1862498474E+01  5.1866665141E+01  1.76943E-03  3.59065E-01
  5.1866665141E+01  5.1870831807E+01  1.77594E-03  3.80348E-01
  5.1870831807E+01  5.1874998474E+01  1.78503E-03  3.85564E-01
  5.1874998474E+01  5.1879165141E+01  1.79312E-03  3.85063E-01
  5.1879165141E+01  5.1883331807E+01  1.78637E-03  3.37968E-01
  5.1883331807E+01  5.1887498474E+01  1.79883E-03  3.68732E-01
  5.1887498474E+01  5.1891665141E+01  1.80499E-03  3.59133E-01
  5.1891665141E+01  5.1895831807E+01  1.80930E-03  3.57166E-01
  5.1895831807E+01  5.1899998474E+01  1.81634E-03  3.57807E-01
  5.1899998474E+01  5.1904165141E+01  1.81838E-03  3.43280E-01
  5.1904165141E+01  5.1908331807E+01  1.82561E-03  3.41940E-01
  5.1908331807E+01  5.1912498474E+01  1.83252E-03  3.42872E-01
  5.1912498474E+01  5.1916665141E+01  1.84294E-03  3.47843E-01
  5.1916665141E+01  5.1920831807E+01  1.84908E-03  3.52814E-01
  5.1920831807E+01  5.1924998474E+01  1.85838E-03  3.57793E-01
  5.1924998474E+01  5.1929165141E+01  1.86454E-03  3.60585E-01
  5.1929165141E+01  5.1933331807E+01  1.86607E-03  3.42960E-01
  5.1933331807E+01  5.1937498474E+01  1.87668E-03  3.52325E-01
  5.1937498474E+01  5.1941665141E+01  1.89309E-03  3.66978E-01
  5.1941665141E+01  5.1945831807E+01  1.89755E-03  3.66527E-01
  5.1945831807E+01  5.1949998474E+01  1.90083E-03  3.53997E-01
  5.1949998474E+01  5.1954165141E+01  1.90947E-03  3.54585E-01
  5.1954165141E+01  5.1958331807E+01  1.91646E-03  3.50449E-01
  5.1958331807E+01  5.1962498474E+01  1.92298E-03  3.38697E-01
  5.1962498474E+01  5.1966665141E+01  1.92759E-03  3.40090E-01
  5.1966665141E+01  5.1970831807E+01  1.93475E-03  3.42415E-01
  5.1970831807E+01  5.1974998474E+01  1.94295E-03  3.36594E-01
  5.1974998474E+01  5.1979165141E+01  1.95344E-03  3.48346E-01
  5.1979165141E+01  5.1983331807E+01  1.96471E-03  3.45058E-01
  5.1983331807E+01  5.1987498474E+01  1.97707E-03  3.59093E-01
  5.1987498474E+01  5.1991665141E+01  1.97829E-03  3.37257E-01
  5.1991665141E+01  5.1995831807E+01  1.99550E-03  3.61188E-01
  5.1995831807E+01  5.1999998474E+01  2.00244E-03  3.48811E-01
  5.1999998474E+01  5.2004165141E+01  2.01121E-03  3.39003E-01
  5.2004165141E+01  5.2008331807E+01  2.02065E-03  3.46852E-01
  5.2008331807E+01  5.2012498474E+01  2.03301E-03  3.60139E-01
  5.2012498474E+01  5.2016665141E+01  2.04009E-03  3.49771E-01
  5.2016665141E+01  5.2020831807E+01  2.05472E-03  3.62942E-01
  5.2020831807E+01  5.2024998474E+01  2.05687E-03  3.42652E-01
  5.2024998474E+01  5.2029165141E+01  2.06887E-03  3.41853E-01
  5.2029165141E+01  5.2033331807E+01  2.08253E-03  3.49586E-01
  5.2033331807E+01  5.2037498474E+01  2.09379E-03  3.49438E-01
  5.2037498474E+01  5.2041665141E+01  2.10291E-03  3.46320E-01
  5.2041665141E+01  5.2045831807E+01  2.11450E-03  3.45770E-01
  5.2045831807E+01  5.2049998474E+01  2.12494E-03  3.40846E-01
  5.2049998474E+01  5.2054165141E+01  2.13952E-03  3.48762E-01
  5.2054165141E+01  5.2058331807E+01  2.15144E-03  3.44995E-01
  5.2058331807E+01  5.2062498474E+01  2.16625E-03  3.51295E-01
  5.2062498474E+01  5.2066665141E+01  2.17682E-03  3.42804E-01
  5.2066665141E+01  5.2070831807E+01  2.19554E-03  3.58423E-01
  5.2070831807E+01  5.2074998474E+01  2.20604E-03  3.53662E-01
  5.2074998474E+01  5.2079165141E+01  2.21454E-03  3.43873E-01
  5.2079165141E+01  5.2083331807E+01  2.23010E-03  3.43633E-01
  5.2083331807E+01  5.2087498474E+01  2.24701E-03  3.39617E-01
  5.2087498474E+01  5.2091665141E+01  2.26567E-03  3.47473E-01
  5.2091665141E+01  5.2095831807E+01  2.28283E-03  3.45783E-01
  5.2095831807E+01  5.2099998474E+01  2.29565E-03  3.49945E-01
  5.2099998474E+01  5.2104165141E+01  2.31189E-03  3.43173E-01
  5.2104165141E+01  5.2108331807E+01  2.33026E-03  3.50739E-01
  5.2108331807E+01  5.2112498474E+01  2.34512E-03  3.40600E-01
  5.2112498474E+01  5.2116665141E+01  2.36220E-03  3.36413E-01
  5.2116665141E+01  5.2120831807E+01  2.38252E-03  3.39262E-01
  5.2120831807E+01  5.2124998474E+01  2.40005E-03  3.37989E-01
  5.2124998474E+01  5.2129165141E+01  2.42298E-03  3.40893E-01
  5.2129165141E+01  5.2133331807E+01  2.44591E-03  3.45149E-01
  5.2133331807E+01  5.2137498474E+01  2.46675E-03  3.36015E-01
  5.2137498474E+01  5.2141665141E+01  2.49209E-03  3.36978E-01
  5.2141665141E+01  5.2145831807E+01  2.51600E-03  3.42120E-01
  5.2145831807E+01  5.2149998474E+01  2.53943E-03  3.39387E-01
  5.2149998474E+01  5.2154165141E+01  2.56558E-03  3.42291E-01
  5.2154165141E+01  5.2158331807E+01  2.58590E-03  3.35801E-01
  5.2158331807E+01  5.2162498474E+01  2.61687E-03  3.40445E-01
  5.2162498474E+01  5.2166665141E+01  2.64306E-03  3.39825E-01
  5.2166665141E+01  5.2170831807E+01  2.67254E-03  3.41147E-01
  5.2170831807E+01  5.2174998474E+01  2.69904E-03  3.35295E-01
  5.2174998474E+01  5.2179165141E+01  2.73209E-03  3.38426E-01
  5.2179165141E+01  5.2183331807E+01  2.76252E-03  3.39116E-01
  5.2183331807E+01  5.2187498474E+01  2.79655E-03  3.41445E-01
  5.2187498474E+01  5.2191665141E+01  2.83347E-03  3.46104E-01
  5.2191665141E+01  5.2195831807E+01  2.86965E-03  3.48237E-01
  5.2195831807E+01  5.2199998474E+01  2.90577E-03  3.47676E-01
  5.2199998474E+01  5.2204165141E+01  2.94104E-03  3.53785E-01
  5.2204165141E+01  5.2208331807E+01  2.98277E-03  3.55972E-01
  5.2208331807E+01  5.2212498474E+01  3.01556E-03  3.51747E-01
  5.2212498474E+01  5.2216665141E+01  3.04984E-03  3.48437E-01
  5.2216665141E+01  5.2220831807E+01  3.08673E-03  3.50427E-01
  5.2220831807E+01  5.2224998474E+01  3.13036E-03  3.55640E-01
  5.2224998474E+01  5.2229165141E+01  3.17877E-03  3.56070E-01
  5.2229165141E+01  5.2233331807E+01  3.22127E-03  3.57328E-01
  5.2233331807E+01  5.2237498474E+01  3.27113E-03  3.60958E-01
  5.2237498474E+01  5.2241665141E+01  3.31200E-03  3.62339E-01
  5.2241665141E+01  5.2245831807E+01  3.35250E-03  3.64658E-01
  5.2245831807E+01  5.2249998474E+01  3.39538E-03  3.69542E-01
  5.2249998474E+01  5.2254165141E+01  3.43861E-03  3.72930E-01
  5.2254165141E+01  5.2258331807E+01  3.48188E-03  3.75277E-01
  5.2258331807E+01  5.2262498474E+01  3.50763E-03  3.74492E-01
  5.2262498474E+01  5.2266665141E+01  3.54753E-03  3.81732E-01
  5.2266665141E+01  5.2270831807E+01  3.57162E-03  3.86677E-01
  5.2270831807E+01  5.2274998474E+01  3.61107E-03  3.87411E-01
  5.2274998474E+01  5.2279165141E+01  3.64700E-03  3.87996E-01
  5.2279165141E+01  5.2283331807E+01  3.66626E-03  3.95336E-01
  5.2283331807E+01  5.2287498474E+01  3.69024E-03  3.91848E-01
  5.2287498474E+01  5.2291665141E+01  3.70811E-03  3.95587E-01
  5.2291665141E+01  5.2295831807E+01  3.72224E-03  4.04340E-01
  5.2295831807E+01  5.2299998474E+01  3.73253E-03  4.08872E-01
  5.2299998474E+01  5.2304165141E+01  3.73631E-03  4.14611E-01
  5.2304165141E+01  5.2308331807E+01  3.74063E-03  4.24918E-01
  5.2308331807E+01  5.2312498474E+01  3.72549E-03  4.30548E-01
  5.2312498474E+01  5.2316665141E+01  3.71265E-03  4.30623E-01
  5.2316665141E+01  5.2320831807E+01  3.69999E-03  4.30264E-01
  5.2320831807E+01  5.2324998474E+01  3.67649E-03  4.36913E-01
  5.2324998474E+01  5.2329165141E+01  3.63023E-03  4.42126E-01
  5.2329165141E+01  5.2333331807E+01  3.59056E-03  4.48164E-01
  5.2333331807E+01  5.2337498474E+01  3.53989E-03  4.53578E-01
  5.2337498474E+01  5.2341665141E+01  3.48299E-03  4.71312E-01
  5.2341665141E+01  5.2345831807E+01  3.42325E-03  4.79439E-01
  5.2345831807E+01  5.2349998474E+01  3.36424E-03  4.92248E-01
  5.2349998474E+01  5.2354165141E+01  3.28170E-03  4.89059E-01
  5.2354165141E+01  5.2358331807E+01  3.20627E-03  5.04647E-01
  5.2358331807E+01  5.2362498474E+01  3.13095E-03  5.16563E-01
  5.2362498474E+01  5.2366665141E+01  3.04180E-03  5.27399E-01
  5.2366665141E+01  5.2370831807E+01  2.94322E-03  5.34455E-01
  5.2370831807E+01  5.2374998474E+01  2.85628E-03  5.50131E-01
  5.2374998474E+01  5.2379165141E+01  2.74016E-03  5.66655E-01
  5.2379165141E+01  5.2383331807E+01  2.63529E-03  5.75463E-01
  5.2383331807E+01  5.2387498474E+01  2.53266E-03  5.90225E-01
  5.2387498474E+01  5.2391665141E+01  2.39581E-03  6.13100E-01
  5.2391665141E+01  5.2395831807E+01  2.29448E-03  6.28771E-01
  5.2395831807E+01  5.2399998474E+01  2.19579E-03  6.41903E-01
  5.2399998474E+01  5.2404165141E+01  2.07889E-03  6.56699E-01
  5.2404165141E+01  5.2408331807E+01  1.96448E-03  6.92854E-01
  5.2408331807E+01  5.2412498474E+01  1.84629E-03  7.15035E-01
  5.2412498474E+01  5.2416665141E+01  1.73451E-03  7.49118E-01
  5.2416665141E+01  5.2420831807E+01  1.62503E-03  7.62974E-01
  5.2420831807E+01  5.2424998474E+01  1.50520E-03  8.14823E-01
  5.2424998474E+01  5.2429165141E+01  1.39873E-03  8.50751E-01
  5.2429165141E+01  5.2433331807E+01  1.29854E-03  8.82501E-01
  5.2433331807E+01  5.2437498474E+01  1.19913E-03  9.25338E-01
  5.2437498474E+01  5.2441665141E+01  1.11034E-03  9.68295E-01
  5.2441665141E+01  5.2445831807E+01  1.01484E-03  1.01104E+00
  5.2445831807E+01  5.2449998474E+01  9.37540E-04  1.06849E+00
  5.2449998474E+01  5.2454165141E+01  8.51195E-04  1.11418E+00
  5.2454165141E+01  5.2458331807E+01  7.72452E-04  1.16504E+00
  5.2458331807E+01  5.2462498474E+01  6.95724E-04  1.22489E+00
  5.2462498474E+01  5.2466665141E+01  6.33353E-04  1.29867E+00
  5.2466665141E+01  5.2470831807E+01  5.73436E-04  1.37630E+00
  5.2470831807E+01  5.2474998474E+01  5.10849E-04  1.46705E+00
  5.2474998474E+01  5.2479165141E+01  4.55525E-04  1.54134E+00
  5.2479165141E+01  5.2483331807E+01  4.11115E-04  1.66615E+00
  5.2483331807E+01  5.2487498474E+01  3.65953E-04  1.73759E+00
  5.2487498474E+01  5.2491665141E+01  3.28264E-04  1.87313E+00
  5.2491665141E+01  5.2495831807E+01  2.83484E-04  2.00150E+00
  5.2495831807E+01  5.2499998474E+01  2.46456E-04  2.12700E+00
  5.2499998474E+01  5.2504165141E+01  2.13453E-04  2.28596E+00
  5.2504165141E+01  5.2508331807E+01  1.91941E-04  2.43867E+00
  5.2508331807E+01  5.2512498474E+01  1.67856E-04  2.64413E+00
  5.2512498474E+01  5.2516665141E+01  1.46786E-04  2.78198E+00
  5.2516665141E+01  5.2520831807E+01  1.28312E-04  2.99720E+00
  5.2520831807E+01  5.2524998474E+01  1.09053E-04  3.30375E+00
  5.2524998474E+01  5.2529165141E+01  9.30984E-05  3.52964E+00
  5.2529165141E+01  5.2533331807E+01  7.69368E-05  3.82906E+00
  5.2533331807E+01  5.2537498474E+01  6.63084E-05  4.25118E+00
  5.2537498474E+01  5.2541665141E+01  5.28019E-05  4.57807E+00
  5.2541665141E+01  5.2545831807E+01  4.73969E-05  4.93163E+00
  5.2545831807E+01  5.2549998474E+01  4.12969E-05  5.32260E+00
  5.2549998474E+01  5.2554165141E+01  3.52359E-05  5.87460E+00
  5.2554165141E+01  5.2558331807E+01  2.92309E-05  6.40506E+00
  5.2558331807E+01  5.2562498474E+01  2.38847E-05  6.89785E+00
  5.2562498474E+01  5.2566665141E+01  1.92752E-05  7.40316E+00
  5.2566665141E+01  5.2570831807E+01  1.73203E-05  8.06366E+00
  5.2570831807E+01  5.2574998474E+01  1.57166E-05  8.57360E+00
  5.2574998474E+01  5.2579165141E+01  1.34353E-05  9.41364E+00
  5.2579165141E+01  5.2583331807E+01  1.14289E-05  1.04063E+01
  5.2583331807E+01  5.2587498474E+01  9.45665E-06  1.12087E+01
  5.2587498474E+01  5.2591665141E+01  7.38373E-06  1.28158E+01
  5.2591665141E+01  5.2595831807E+01  6.11365E-06  1.45251E+01
  5.2595831807E+01  5.2599998474E+01  4.91590E-06  1.55898E+01
  5.2599998474E+01  5.2604165141E+01  3.70993E-06  1.79378E+01
  5.2604165141E+01  5.2608331807E+01  3.31649E-06  2.00132E+01
  5.2608331807E+01  5.2612498474E+01  2.47637E-06  2.19496E+01
  5.2612498474E+01  5.2616665141E+01  2.13799E-06  2.56963E+01
  5.2616665141E+01  5.2620831807E+01  1.51894E-06  2.77502E+01
  5.2620831807E+01  5.2624998474E+01  1.07100E-06  3.14519E+01
  5.2624998474E+01  5.2629165141E+01  9.32745E-07  3.43356E+01
  5.2629165141E+01  5.2633331807E+01  8.26063E-07  3.87288E+01
  5.2633331807E+01  5.2637498474E+01  6.18251E-07  4.31534E+01
  5.2637498474E+01  5.2641665141E+01  7.16261E-07  4.47927E+01
  5.2641665141E+01  5.2645831807E+01  4.40364E-07  5.86933E+01
  5.2645831807E+01  5.2649998474E+01  2.22416E-07  6.01676E+01
  5.2649998474E+01  5.2654165141E+01  3.20697E-07  6.31066E+01
  5.2654165141E+01  5.2658331807E+01  1.80769E-07  9.55113E+01
  5.2658331807E+01  5.2662498474E+01  1.00215E-07  9.19304E+01
  5.2662498474E+01  5.2666665141E+01  8.14736E-09  4.15105E+01
  5.2666665141E+01  5.2670831807E+01  8.14736E-09  3.93504E+01
  5.2670831807E+01  5.2674998474E+01  9.38703E-09  3.49767E+01
  5.2674998474E+01  5.2679165141E+01  8.27909E-09  4.17340E+01
  5.2679165141E+01  5.2683331807E+01  8.27909E-09  4.17340E+01
  5.2683331807E+01  5.2687498474E+01  8.27909E-09  4.10650E+01
  5.2687498474E+01  5.2691665141E+01  8.27909E-09  4.08412E+01
  5.2691665141E+01  5.2695831807E+01  2.44190E-08  6.75932E+01
  5.2695831807E+01  5.2699998474E+01  7.50328E-08  8.90851E+01
  5.2699998474E+01  5.2704165141E+01  7.50328E-08  6.74366E+01
  5.2704165141E+01  5.2708331807E+01  9.91061E-08  7.57364E+01
  5.2708331807E+01  5.2712498474E+01  9.21675E-08  8.18047E+01
  5.2712498474E+01  5.2716665141E+01  9.29267E-08  8.34106E+01
  5.2716665141E+01  5.2720831807E+01  1.11712E-07  7.42593E+01
  5.2720831807E+01  5.2724998474E+01  6.84995E-08  8.31661E+01
  5.2724998474E+01  5.2729165141E+01  1.16991E-08  3.59238E+01
  5.2729165141E+01  5.2733331807E+01  1.16991E-08  3.97099E+01
  5.2733331807E+01  5.2737498474E+01  1.34019E-08  3.38121E+01
  5.2737498474E+01  5.2741665141E+01  1.58701E-08  3.65846E+01
  5.2741665141E+01  5.2745831807E+01  1.87615E-08  3.66308E+01
  5.2745831807E+01  5.2749998474E+01  1.87615E-08  3.62385E+01
  5.2749998474E+01  5.2754165141E+01  1.87615E-08  3.20851E+01
  5.2754165141E+01  5.2758331807E+01  2.36742E-08  3.30606E+01
  5.2758331807E+01  5.2762498474E+01  3.29704E-08  3.62789E+01
  5.2762498474E+01  5.2766665141E+01  1.01975E-07  7.40948E+01
  5.2766665141E+01  5.2770831807E+01  1.18698E-07  7.77191E+01
  5.2770831807E+01  5.2774998474E+01  1.29282E-07  8.50337E+01
  5.2774998474E+01  5.2779165141E+01  1.74565E-07  8.89060E+01
  5.2779165141E+01  5.2783331807E+01  4.03718E-07  7.02027E+01
  5.2783331807E+01  5.2787498474E+01  1.00573E-08  3.67235E+01
  5.2787498474E+01  5.2791665141E+01  1.00573E-08  3.80988E+01
  5.2791665141E+01  5.2795831807E+01  1.00573E-08  3.84672E+01
  5.2795831807E+01  5.2799998474E+01  1.00573E-08  3.64097E+01
  5.2799998474E+01  5.2804165141E+01  2.75665E-08  7.01592E+01
  5.2804165141E+01  5.2808331807E+01  1.02036E-08  3.85881E+01
  5.2808331807E+01  5.2812498474E+01  1.02036E-08  3.65226E+01
  5.2812498474E+01  5.2816665141E+01  1.02338E-08  3.66929E+01
  5.2816665141E+01  5.2820831807E+01  1.16547E-08  3.60066E+01
  5.2820831807E+01  5.2824998474E+01  1.05027E-08  3.55203E+01
  5.2824998474E+01  5.2829165141E+01  1.05027E-08  3.72430E+01
  5.2829165141E+01  5.2833331807E+01  1.10619E-08  3.80246E+01
  5.2833331807E+01  5.2837498474E+01  2.82004E-07  9.49933E+01
  5.2837498474E+01  5.2841665141E+01  1.42372E-08  3.92300E+01
  5.2841665141E+01  5.2845831807E+01  2.49566E-08  6.07111E+01
  5.2845831807E+01  5.2849998474E+01  1.03440E-08  3.74155E+01
  5.2849998474E+01  5.2854165141E+01  1.05119E-08  3.60984E+01
  5.2854165141E+01  5.2858331807E+01  2.34814E-08  4.93729E+01
  5.2858331807E+01  5.2862498474E+01  2.18248E-08  4.10850E+01
  5.2862498474E+01  5.2866665141E+01  2.53813E-08  3.98652E+01
  5.2866665141E+01  5.2870831807E+01  4.58386E-08  4.18561E+01
  5.2870831807E+01  5.2874998474E+01  5.92805E-08  3.00122E+01
  5.2874998474E+01  5.2879165141E+01  5.86590E-08  3.24944E+01
  5.2879165141E+01  5.2883331807E+01  4.28203E-08  4.40490E+01
  5.2883331807E+01  5.2887498474E+01  2.73674E-08  3.81802E+01
  5.2887498474E+01  5.2891665141E+01  3.34907E-08  3.38246E+01
  5.2891665141E+01  5.2895831807E+01  1.74186E-08  3.36591E+01
  5.2895831807E+01  5.2899998474E+01  2.03046E-08  3.24367E+01
  5.2899998474E+01  5.2904165141E+01  4.51246E-08  6.34585E+01
  5.2904165141E+01  5.2908331807E+01  2.62847E-08  3.55826E+01
  5.2908331807E+01  5.2912498474E+01  5.17608E-08  4.29350E+01
  5.2912498474E+01  5.2916665141E+01  1.95516E-08  3.68758E+01
  5.2916665141E+01  5.2920831807E+01  1.79784E-08  3.32007E+01
  5.2920831807E+01  5.2924998474E+01  1.66252E-08  3.43375E+01
  5.2924998474E+01  5.2929165141E+01  1.69364E-08  3.36334E+01
  5.2929165141E+01  5.2933331807E+01  3.03907E-08  4.90504E+01
  5.2933331807E+01  5.2937498474E+01  1.72099E-08  4.16385E+01
  5.2937498474E+01  5.2941665141E+01  2.22539E-08  3.60659E+01
  5.2941665141E+01  5.2945831807E+01  2.31465E-08  3.99005E+01
  5.2945831807E+01  5.2949998474E+01  2.47636E-08  4.58439E+01
  5.2949998474E+01  5.2954165141E+01  1.18103E-08  3.99023E+01
  5.2954165141E+01  5.2958331807E+01  1.18103E-08  4.39260E+01
  5.2958331807E+01  5.2962498474E+01  1.18103E-08  4.41683E+01
  5.2962498474E+01  5.2966665141E+01  1.09700E-08  4.36445E+01
  5.2966665141E+01  5.2970831807E+01  1.03392E-08  4.31136E+01
  5.2970831807E+01  5.2974998474E+01  1.03906E-08  4.38984E+01
  5.2974998474E+01  5.2979165141E+01  1.04619E-08  3.76999E+01
  5.2979165141E+01  5.2983331807E+01  1.18891E-08  3.56677E+01
  5.2983331807E+01  5.2987498474E+01  1.22479E-08  3.59061E+01
  5.2987498474E+01  5.2991665141E+01  1.28952E-08  3.70024E+01
  5.2991665141E+01  5.2995831807E+01  1.39583E-08  3.83148E+01
  5.2995831807E+01  5.2999998474E+01  1.39237E-08  3.83936E+01
  5.2999998474E+01  5.3004165141E+01  1.36834E-08  3.77105E+01
  5.3004165141E+01  5.3008331807E+01  4.20689E-08  6.03614E+01
  5.3008331807E+01  5.3012498474E+01  1.45084E-07  9.27519E+01
  5.3012498474E+01  5.3016665141E+01  2.08412E-07  9.47116E+01
  5.3016665141E+01  5.3020831807E+01  1.41218E-07  9.23289E+01
  5.3020831807E+01  5.3024998474E+01  1.19477E-08  4.12909E+01
  5.3024998474E+01  5.3029165141E+01  2.51705E-08  6.72448E+01
  5.3029165141E+01  5.3033331807E+01  3.62641E-08  7.70931E+01
  5.3033331807E+01  5.3037498474E+01  8.53449E-09  4.17068E+01
  5.3037498474E+01  5.3041665141E+01  8.53449E-09  4.17068E+01
  5.3041665141E+01  5.3045831807E+01  8.56839E-09  4.12893E+01
  5.3045831807E+01  5.3049998474E+01  8.62893E-09  4.16772E+01
  5.3049998474E+01  5.3054165141E+01  7.85662E-09  3.74643E+01
  5.3054165141E+01  5.3058331807E+01  7.26043E-09  4.01930E+01
  5.3058331807E+01  5.3062498474E+01  2.17476E-08  6.83477E+01
  5.3062498474E+01  5.3066665141E+01  6.26800E-09  4.75138E+01
  5.3066665141E+01  5.3070831807E+01  5.34590E-08  8.41287E+01
  5.3070831807E+01  5.3074998474E+01  1.85156E-07  9.68716E+01
  5.3074998474E+01  5.3079165141E+01  2.26985E-07  6.48108E+01
  5.3079165141E+01  5.3083331807E+01  3.37744E-07  9.84362E+01
  5.3083331807E+01  5.3087498474E+01  3.26990E-07  9.20017E+01
  5.3087498474E+01  5.3091665141E+01  5.28984E-09  5.02594E+01
  5.3091665141E+01  5.3095831807E+01  5.28984E-09  5.02594E+01
  5.3095831807E+01  5.3099998474E+01  5.28984E-09  5.02594E+01
  5.3099998474E+01  5.3104165141E+01  5.28984E-09  5.02594E+01
  5.3104165141E+01  5.3108331807E+01  5.28984E-09  5.02594E+01
  5.3108331807E+01  5.3112498474E+01  5.28984E-09  4.67812E+01
  5.3112498474E+01  5.3116665141E+01  5.28984E-09  5.02594E+01
  5.3116665141E+01  5.3120831807E+01  5.28984E-09  5.02594E+01
  5.3120831807E+01  5.3124998474E+01  5.28984E-09  5.02594E+01
  5.3124998474E+01  5.3129165141E+01  6.99319E-09  4.32490E+01
  5.3129165141E+01  5.3133331807E+01  6.25946E-09  4.38211E+01
  5.3133331807E+01  5.3137498474E+01  6.59561E-09  4.49086E+01
  5.3137498474E+01  5.3141665141E+01  6.52681E-09  4.49273E+01
  5.3141665141E+01  5.3145831807E+01  5.28984E-09  4.76246E+01
  5.3145831807E+01  5.3149998474E+01  5.28984E-09  4.74635E+01
  5.3149998474E+01  5.3154165141E+01  5.28984E-09  4.72939E+01
  5.3154165141E+01  5.3158331807E+01  5.28984E-09  5.02594E+01
  5.3158331807E+01  5.3162498474E+01  5.28984E-09  4.74761E+01
  5.3162498474E+01  5.3166665141E+01  5.28984E-09  5.02594E+01
  5.3166665141E+01  5.3170831807E+01  5.29521E-09  5.02086E+01
  5.3170831807E+01  5.3174998474E+01  5.28984E-09  5.02594E+01
  5.3174998474E+01  5.3179165141E+01  5.28984E-09  4.71474E+01
  5.3179165141E+01  5.3183331807E+01  5.28984E-09  5.02594E+01
  5.3183331807E+01  5.3187498474E+01  5.29433E-09  5.02169E+01
  5.3187498474E+01  5.3191665141E+01  5.28984E-09  5.02594E+01
  5.3191665141E+01  5.3195831807E+01  5.28984E-09  4.78217E+01
  5.3195831807E+01  5.3199998474E+01  5.28984E-09  5.02594E+01
  5.3199998474E+01  5.3204165141E+01  5.28984E-09  4.83363E+01
  5.3204165141E+01  5.3208331807E+01  5.28984E-09  5.02594E+01
  5.3208331807E+01  5.3212498474E+01  5.28984E-09  4.67405E+01
  5.3212498474E+01  5.3216665141E+01  5.28984E-09  4.67509E+01
  5.3216665141E+01  5.3220831807E+01  5.28984E-09  5.02594E+01
  5.3220831807E+01  5.3224998474E+01  5.28984E-09  4.77513E+01
  5.3224998474E+01  5.3229165141E+01  5.28984E-09  5.02594E+01
  5.3229165141E+01  5.3233331807E+01  5.28984E-09  4.75760E+01
  5.3233331807E+01  5.3237498474E+01  5.28984E-09  5.02594E+01
  5.3237498474E+01  5.3241665141E+01  2.31052E-08  7.79593E+01
  5.3241665141E+01  5.3245831807E+01  7.05270E-09  4.28516E+01
  5.3245831807E+01  5.3249998474E+01  5.28984E-09  5.02594E+01
  5.3249998474E+01  5.3254165141E+01  8.24815E-09  4.82221E+01
  5.3254165141E+01  5.3258331807E+01  4.70186E-08  5.78219E+01
  5.3258331807E+01  5.3262498474E+01  1.26261E-08  4.66572E+01
  5.3262498474E+01  5.3266665141E+01  1.19185E-08  4.47602E+01
  5.3266665141E+01  5.3270831807E+01  1.04186E-08  3.84378E+01
  5.3270831807E+01  5.3274998474E+01  1.04128E-08  3.82592E+01
  5.3274998474E+01  5.3279165141E+01  9.04511E-09  4.51854E+01
  5.3279165141E+01  5.3283331807E+01  1.41818E-08  4.87616E+01
  5.3283331807E+01  5.3287498474E+01  2.73269E-08  3.48895E+01
  5.3287498474E+01  5.3291665141E+01  2.31234E-08  4.16590E+01
  5.3291665141E+01  5.3295831807E+01  2.43974E-08  4.38305E+01
  5.3295831807E+01  5.3299998474E+01  2.87565E-08  3.80811E+01
  5.3299998474E+01  5.3304165141E+01  1.23855E-08  5.50067E+01
  5.3304165141E+01  5.3308331807E+01  1.23565E-08  5.42486E+01
  5.3308331807E+01  5.3312498474E+01  1.23565E-08  5.50942E+01
  5.3312498474E+01  5.3316665141E+01  1.09154E-08  5.19071E+01
  5.3316665141E+01  5.3320831807E+01  7.50441E-09  4.17007E+01
  5.3320831807E+01  5.3324998474E+01  7.59543E-09  4.17104E+01
  5.3324998474E+01  5.3329165141E+01  8.38868E-09  4.38206E+01
  5.3329165141E+01  5.3333331807E+01  8.85536E-09  3.77267E+01
  5.3333331807E+01  5.3337498474E+01  8.85536E-09  3.85205E+01
  5.3337498474E+01  5.3341665141E+01  8.85536E-09  3.85205E+01
  5.3341665141E+01  5.3345831807E+01  1.02172E-08  3.92384E+01
  5.3345831807E+01  5.3349998474E+01  2.78939E-08  7.46076E+01
  5.3349998474E+01  5.3354165141E+01  8.94731E-09  4.19230E+01
  5.3354165141E+01  5.3358331807E+01  8.94157E-09  4.26281E+01
  5.3358331807E+01  5.3362498474E+01  8.94157E-09  4.22307E+01
  5.3362498474E+01  5.3366665141E+01  8.94157E-09  4.26281E+01
  5.3366665141E+01  5.3370831807E+01  8.02494E-09  4.05120E+01
  5.3370831807E+01  5.3374998474E+01  7.01298E-09  4.32582E+01
  5.3374998474E+01  5.3379165141E+01  7.01298E-09  4.51113E+01
  5.3379165141E+01  5.3383331807E+01  7.01298E-09  4.51113E+01
  5.3383331807E+01  5.3387498474E+01  7.01298E-09  4.51113E+01
  5.3387498474E+01  5.3391665141E+01  7.21940E-09  4.20708E+01
  5.3391665141E+01  5.3395831807E+01  7.56428E-09  4.61981E+01
  5.3395831807E+01  5.3399998474E+01  7.56428E-09  4.61981E+01
  5.3399998474E+01  5.3404165141E+01  7.56428E-09  4.61981E+01
  5.3404165141E+01  5.3408331807E+01  7.62597E-09  4.48009E+01
  5.3408331807E+01  5.3412498474E+01  7.98078E-09  4.73491E+01
  5.3412498474E+01  5.3416665141E+01  2.11895E-08  6.71686E+01
  5.3416665141E+01  5.3420831807E+01  1.31719E-08  5.02442E+01
  5.3420831807E+01  5.3424998474E+01  1.20509E-08  4.55602E+01
  5.3424998474E+01  5.3429165141E+01  1.65983E-08  5.53732E+01
  5.3429165141E+01  5.3433331807E+01  5.29040E-09  5.01580E+01
  5.3433331807E+01  5.3437498474E+01  5.29040E-09  5.01580E+01
  5.3437498474E+01  5.3441665141E+01  5.29577E-09  4.94061E+01
  5.3441665141E+01  5.3445831807E+01  5.29040E-09  5.01580E+01
  5.3445831807E+01  5.3449998474E+01  5.29040E-09  5.01580E+01
  5.3449998474E+01  5.3454165141E+01  5.29955E-09  5.00718E+01
  5.3454165141E+01  5.3458331807E+01  5.29040E-09  4.67009E+01
  5.3458331807E+01  5.3462498474E+01  5.29040E-09  5.01580E+01
  5.3462498474E+01  5.3466665141E+01  1.01823E-07  9.48364E+01
  5.3466665141E+01  5.3470831807E+01  6.30321E-08  9.13205E+01
  5.3470831807E+01  5.3474998474E+01  1.30292E-07  9.57297E+01
  5.3474998474E+01  5.3479165141E+01  5.59331E-09  4.71198E+01
  5.3479165141E+01  5.3483331807E+01  5.59331E-09  4.62223E+01
  5.3483331807E+01  5.3487498474E+01  5.59331E-09  5.02396E+01
  5.3487498474E+01  5.3491665141E+01  5.59331E-09  5.02396E+01
  5.3491665141E+01  5.3495831807E+01  2.53012E-08  8.45752E+01
  5.3495831807E+01  5.3499998474E+01  8.49144E-08  9.13516E+01
  5.3499998474E+01  5.3504165141E+01  5.58035E-09  4.68391E+01
  5.3504165141E+01  5.3508331807E+01  5.58035E-09  5.02275E+01
  5.3508331807E+01  5.3512498474E+01  5.58035E-09  4.73384E+01
  5.3512498474E+01  5.3516665141E+01  5.58035E-09  5.02275E+01
  5.3516665141E+01  5.3520831807E+01  5.58037E-09  5.02273E+01
  5.3520831807E+01  5.3524998474E+01  5.58035E-09  5.02275E+01
  5.3524998474E+01  5.3529165141E+01  5.58035E-09  4.71387E+01
  5.3529165141E+01  5.3533331807E+01  5.58035E-09  5.02275E+01
  5.3533331807E+01  5.3537498474E+01  5.61048E-09  4.70944E+01
  5.3537498474E+01  5.3541665141E+01  5.85566E-09  5.00350E+01
  5.3541665141E+01  5.3545831807E+01  5.85567E-09  5.00350E+01
  5.3545831807E+01  5.3549998474E+01  5.85566E-09  5.00350E+01
  5.3549998474E+01  5.3554165141E+01  5.85566E-09  5.00350E+01
  5.3554165141E+01  5.3558331807E+01  5.85566E-09  5.00350E+01
  5.3558331807E+01  5.3562498474E+01  5.85566E-09  4.69140E+01
  5.3562498474E+01  5.3566665141E+01  5.85566E-09  5.00350E+01
  5.3566665141E+01  5.3570831807E+01  7.09768E-09  4.25531E+01
  5.3570831807E+01  5.3574998474E+01  7.38089E-09  4.47515E+01
  5.3574998474E+01  5.3579165141E+01  7.38089E-09  4.27512E+01
  5.3579165141E+01  5.3583331807E+01  7.38089E-09  4.25798E+01
  5.3583331807E+01  5.3587498474E+01  7.38089E-09  4.47515E+01
  5.3587498474E+01  5.3591665141E+01  7.38089E-09  4.47515E+01
  5.3591665141E+01  5.3595831807E+01  7.38089E-09  4.32607E+01
  5.3595831807E+01  5.3599998474E+01  7.38089E-09  4.47515E+01
  5.3599998474E+01  5.3604165141E+01  7.38089E-09  4.47515E+01
  5.3604165141E+01  5.3608331807E+01  7.38089E-09  4.47515E+01
  5.3608331807E+01  5.3612498474E+01  7.38089E-09  4.36045E+01
  5.3612498474E+01  5.3616665141E+01  7.38089E-09  4.39397E+01
  5.3616665141E+01  5.3620831807E+01  7.38089E-09  4.47515E+01
  5.3620831807E+01  5.3624998474E+01  7.38089E-09  4.47515E+01
  5.3624998474E+01  5.3629165141E+01  1.92544E-07  9.61819E+01
  5.3629165141E+01  5.3633331807E+01  7.38089E-09  4.31755E+01
  5.3633331807E+01  5.3637498474E+01  2.24066E-08  6.87497E+01
  5.3637498474E+01  5.3641665141E+01  7.24507E-09  4.47477E+01
  5.3641665141E+01  5.3645831807E+01  1.09175E-07  9.34071E+01
  5.3645831807E+01  5.3649998474E+01  7.24507E-09  4.47477E+01
  5.3649998474E+01  5.3654165141E+01  7.24507E-09  4.42045E+01
  5.3654165141E+01  5.3658331807E+01  7.40385E-09  4.47868E+01
  5.3658331807E+01  5.3662498474E+01  7.41132E-09  4.06063E+01
  5.3662498474E+01  5.3666665141E+01  1.05179E-08  4.26742E+01
  5.3666665141E+01  5.3670831807E+01  1.86036E-08  4.48979E+01
  5.3670831807E+01  5.3674998474E+01  4.27230E-08  5.31176E+01
  5.3674998474E+01  5.3679165141E+01  2.73138E-08  6.38630E+01
  5.3679165141E+01  5.3683331807E+01  1.03122E-08  4.27501E+01
  5.3683331807E+01  5.3687498474E+01  8.70743E-09  3.83263E+01
  5.3687498474E+01  5.3691665141E+01  4.81050E-08  8.22669E+01
  5.3691665141E+01  5.3695831807E+01  2.85001E-07  9.69635E+01
  5.3695831807E+01  5.3699998474E+01  1.48053E-07  9.29797E+01
  5.3699998474E+01  5.3704165141E+01  1.83828E-07  9.42896E+01
  5.3704165141E+01  5.3708331807E+01  4.38153E-07  9.75799E+01
  5.3708331807E+01  5.3712498474E+01  7.71577E-08  8.59231E+01
  5.3712498474E+01  5.3716665141E+01  1.24458E-07  9.10280E+01
  5.3716665141E+01  5.3720831807E+01  1.87289E-07  9.37768E+01
  5.3720831807E+01  5.3724998474E+01  1.10765E-07  8.89333E+01
  5.3724998474E+01  5.3729165141E+01  1.23588E-08  3.86278E+01
  5.3729165141E+01  5.3733331807E+01  1.39630E-08  3.61541E+01
  5.3733331807E+01  5.3737498474E+01  1.44760E-08  3.71253E+01
  5.3737498474E+01  5.3741665141E+01  1.98814E-08  3.46899E+01
  5.3741665141E+01  5.3745831807E+01  3.38690E-08  5.41655E+01
  5.3745831807E+01  5.3749998474E+01  1.45553E-08  3.57863E+01
  5.3749998474E+01  5.3754165141E+01  1.44274E-08  3.64006E+01
  5.3754165141E+01  5.3758331807E+01  1.42635E-08  3.93715E+01
  5.3758331807E+01  5.3762498474E+01  1.42635E-08  3.93715E+01
  5.3762498474E+01  5.3766665141E+01  2.77630E-08  4.27718E+01
  5.3766665141E+01  5.3770831807E+01  2.53733E-08  4.80595E+01
  5.3770831807E+01  5.3774998474E+01  1.08085E-08  4.72004E+01
  5.3774998474E+01  5.3779165141E+01  1.32450E-08  5.29256E+01
  5.3779165141E+01  5.3783331807E+01  1.36667E-08  4.47642E+01
  5.3783331807E+01  5.3787498474E+01  1.74474E-08  4.60057E+01
  5.3787498474E+01  5.3791665141E+01  4.09680E-08  4.29610E+01
  5.3791665141E+01  5.3795831807E+01  3.36951E-08  5.32604E+01
  5.3795831807E+01  5.3799998474E+01  6.48794E-08  7.82786E+01
  5.3799998474E+01  5.3804165141E+01  2.16128E-08  4.66985E+01
  5.3804165141E+01  5.3808331807E+01  3.24144E-08  5.62988E+01
  5.3808331807E+01  5.3812498474E+01  1.49425E-08  4.88694E+01
  5.3812498474E+01  5.3816665141E+01  2.76946E-08  4.13332E+01
  5.3816665141E+01  5.3820831807E+01  2.87693E-08  7.02801E+01
  5.3820831807E+01  5.3824998474E+01  3.74259E-09  7.07561E+01
  5.3824998474E+01  5.3829165141E+01  3.74260E-09  6.84984E+01
  5.3829165141E+01  5.3833331807E+01  3.74260E-09  6.53566E+01
  5.3833331807E+01  5.3837498474E+01  3.85717E-09  7.08576E+01
  5.3837498474E+01  5.3841665141E+01  4.03843E-09  7.11104E+01
  5.3841665141E+01  5.3845831807E+01  4.03843E-09  7.11104E+01
  5.3845831807E+01  5.3849998474E+01  4.03843E-09  7.11104E+01
  5.3849998474E+01  5.3854165141E+01  4.03843E-09  6.51518E+01
  5.3854165141E+01  5.3858331807E+01  4.03843E-09  7.11104E+01
  5.3858331807E+01  5.3862498474E+01  4.03843E-09  7.11104E+01
  5.3862498474E+01  5.3866665141E+01  4.03843E-09  7.11104E+01
  5.3866665141E+01  5.3870831807E+01  3.42880E-09  7.08076E+01
  5.3870831807E+01  5.3874998474E+01  3.06657E-09  6.58628E+01
  5.3874998474E+01  5.3879165141E+01  3.06657E-09  5.85278E+01
  5.3879165141E+01  5.3883331807E+01  3.06657E-09  7.18059E+01
  5.3883331807E+01  5.3887498474E+01  3.06657E-09  7.18059E+01
  5.3887498474E+01  5.3891665141E+01  3.06657E-09  7.18059E+01
  5.3891665141E+01  5.3895831807E+01  3.30061E-08  9.09541E+01
  5.3895831807E+01  5.3899998474E+01  3.06657E-09  7.18059E+01
  5.3899998474E+01  5.3904165141E+01  3.06657E-09  6.09949E+01
  5.3904165141E+01  5.3908331807E+01  4.04944E-09  5.04301E+01
  5.3908331807E+01  5.3912498474E+01  3.02617E-09  7.20075E+01
  5.3912498474E+01  5.3916665141E+01  3.02617E-09  7.20075E+01
  5.3916665141E+01  5.3920831807E+01  3.02617E-09  7.20075E+01
  5.3920831807E+01  5.3924998474E+01  2.01657E-08  8.55832E+01
  5.3924998474E+01  5.3929165141E+01  6.89581E-09  6.21086E+01
  5.3929165141E+01  5.3933331807E+01  6.43036E-09  6.04065E+01
  5.3933331807E+01  5.3937498474E+01  5.83079E-09  5.98268E+01
  5.3937498474E+01  5.3941665141E+01  6.37579E-09  6.03326E+01
  5.3941665141E+01  5.3945831807E+01  2.77838E-07  9.77162E+01
  5.3945831807E+01  5.3949998474E+01  3.36478E-09  7.01556E+01
  5.3949998474E+01  5.3954165141E+01  3.22735E-09  7.27641E+01
  5.3954165141E+01  5.3958331807E+01  3.33801E-09  7.21324E+01
  5.3958331807E+01  5.3962498474E+01  3.37111E-09  7.19723E+01
  5.3962498474E+01  5.3966665141E+01  3.37111E-09  7.19723E+01
  5.3966665141E+01  5.3970831807E+01  3.37111E-09  5.85283E+01
  5.3970831807E+01  5.3974998474E+01  3.37111E-09  7.19723E+01
  5.3974998474E+01  5.3979165141E+01  3.90223E-09  5.23010E+01
  5.3979165141E+01  5.3983331807E+01  1.78202E-07  9.55770E+01
  5.3983331807E+01  5.3987498474E+01  4.45270E-09  5.96588E+01
  5.3987498474E+01  5.3991665141E+01  5.40331E-08  8.63198E+01
  5.3991665141E+01  5.3995831807E+01  7.70988E-08  8.86220E+01
  5.3995831807E+01  5.3999998474E+01  8.14176E-08  7.99997E+01
  5.3999998474E+01  5.4004165141E+01  9.24729E-08  9.23589E+01
  5.4004165141E+01  5.4008331807E+01  1.17995E-07  7.90640E+01
  5.4008331807E+01  5.4012498474E+01  1.14283E-07  9.23506E+01
  5.4012498474E+01  5.4016665141E+01  1.53601E-07  9.17314E+01
  5.4016665141E+01  5.4020831807E+01  2.35129E-07  8.76638E+01
  5.4020831807E+01  5.4024998474E+01  8.59165E-09  4.80101E+01
  5.4024998474E+01  5.4029165141E+01  8.59165E-09  4.87640E+01
  5.4029165141E+01  5.4033331807E+01  8.59165E-09  5.65268E+01
  5.4033331807E+01  5.4037498474E+01  8.59165E-09  4.91533E+01
  5.4037498474E+01  5.4041665141E+01  8.59165E-09  5.06138E+01
  5.4041665141E+01  5.4045831807E+01  8.59165E-09  5.65268E+01
  5.4045831807E+01  5.4049998474E+01  8.59165E-09  5.65268E+01
  5.4049998474E+01  5.4054165141E+01  6.57098E-09  5.19321E+01
  5.4054165141E+01  5.4058331807E+01  4.70119E-09  6.18359E+01
  5.4058331807E+01  5.4062498474E+01  2.54725E-09  6.44006E+01
  5.4062498474E+01  5.4066665141E+01  2.28720E-09  7.08159E+01
  5.4066665141E+01  5.4070831807E+01  2.28720E-09  7.08159E+01
  5.4070831807E+01  5.4074998474E+01  2.28720E-09  7.08159E+01
  5.4074998474E+01  5.4079165141E+01  2.28720E-09  7.08159E+01
  5.4079165141E+01  5.4083331807E+01  2.28720E-09  7.08159E+01
  5.4083331807E+01  5.4087498474E+01  2.28720E-09  7.08159E+01
  5.4087498474E+01  5.4091665141E+01  2.28720E-09  7.08159E+01
  5.4091665141E+01  5.4095831807E+01  2.28760E-09  7.08036E+01
  5.4095831807E+01  5.4099998474E+01  2.28721E-09  7.08156E+01
  5.4099998474E+01  5.4104165141E+01  2.28721E-09  7.08157E+01
  5.4104165141E+01  5.4108331807E+01  2.28720E-09  6.67396E+01
  5.4108331807E+01  5.4112498474E+01  2.28720E-09  7.08159E+01
  5.4112498474E+01  5.4116665141E+01  2.28720E-09  7.08159E+01
  5.4116665141E+01  5.4120831807E+01  2.28720E-09  7.08159E+01
  5.4120831807E+01  5.4124998474E+01  2.28720E-09  7.08158E+01
  5.4124998474E+01  5.4129165141E+01  2.28720E-09  7.08158E+01
  5.4129165141E+01  5.4133331807E+01  2.28720E-09  6.24664E+01
  5.4133331807E+01  5.4137498474E+01  2.28720E-09  7.08159E+01
  5.4137498474E+01  5.4141665141E+01  2.28720E-09  7.08159E+01
  5.4141665141E+01  5.4145831807E+01  2.28720E-09  7.08159E+01
  5.4145831807E+01  5.4149998474E+01  2.28720E-09  7.08159E+01
  5.4149998474E+01  5.4154165141E+01  2.28720E-09  6.09719E+01
  5.4154165141E+01  5.4158331807E+01  2.28720E-09  7.08159E+01
  5.4158331807E+01  5.4162498474E+01  2.28720E-09  7.08159E+01
  5.4162498474E+01  5.4166665141E+01  2.30005E-09  7.04225E+01
  5.4166665141E+01  5.4170831807E+01  2.28720E-09  7.08159E+01
  5.4170831807E+01  5.4174998474E+01  3.01061E-09  5.89219E+01
  5.4174998474E+01  5.4179165141E+01  2.28720E-09  7.08159E+01
  5.4179165141E+01  5.4183331807E+01  2.28720E-09  7.08157E+01
  5.4183331807E+01  5.4187498474E+01  2.89568E-09  7.16903E+01
  5.4187498474E+01  5.4191665141E+01  3.24848E-09  6.82574E+01
  5.4191665141E+01  5.4195831807E+01  3.24848E-09  7.30173E+01
  5.4195831807E+01  5.4199998474E+01  3.24848E-09  7.30173E+01
  5.4199998474E+01  5.4204165141E+01  3.24848E-09  7.30173E+01
  5.4204165141E+01  5.4208331807E+01  3.24848E-09  7.30173E+01
  5.4208331807E+01  5.4212498474E+01  3.34783E-08  9.00181E+01
  5.4212498474E+01  5.4216665141E+01  3.30077E-09  5.73857E+01
  5.4216665141E+01  5.4220831807E+01  3.24848E-09  7.30173E+01
  5.4220831807E+01  5.4224998474E+01  3.24848E-09  7.30173E+01
  5.4224998474E+01  5.4229165141E+01  3.24848E-09  7.30173E+01
  5.4229165141E+01  5.4233331807E+01  3.24848E-09  7.18291E+01
  5.4233331807E+01  5.4237498474E+01  3.24848E-09  7.30173E+01
  5.4237498474E+01  5.4241665141E+01  3.24848E-09  7.30173E+01
  5.4241665141E+01  5.4245831807E+01  3.48488E-09  6.84012E+01
  5.4245831807E+01  5.4249998474E+01  3.24848E-09  5.83602E+01
  5.4249998474E+01  5.4254165141E+01  3.24848E-09  7.30173E+01
  5.4254165141E+01  5.4258331807E+01  3.24848E-09  7.30173E+01
  5.4258331807E+01  5.4262498474E+01  3.24848E-09  7.30173E+01
  5.4262498474E+01  5.4266665141E+01  3.24848E-09  7.30173E+01
  5.4266665141E+01  5.4270831807E+01  3.30399E-09  5.99832E+01
  5.4270831807E+01  5.4274998474E+01  3.38801E-09  7.05773E+01
  5.4274998474E+01  5.4279165141E+01  3.38801E-09  7.35863E+01
  5.4279165141E+01  5.4283331807E+01  3.38801E-09  7.35863E+01
  5.4283331807E+01  5.4287498474E+01  3.38801E-09  7.35863E+01
  5.4287498474E+01  5.4291665141E+01  6.06817E-09  5.93508E+01
  5.4291665141E+01  5.4295831807E+01  3.42785E-09  7.27402E+01
  5.4295831807E+01  5.4299998474E+01  3.38801E-09  7.35863E+01
  5.4299998474E+01  5.4304165141E+01  3.38801E-09  6.26744E+01
  5.4304165141E+01  5.4308331807E+01  8.48533E-09  6.68098E+01
  5.4308331807E+01  5.4312498474E+01  3.38801E-09  7.35863E+01
  5.4312498474E+01  5.4316665141E+01  3.38801E-09  7.12925E+01
  5.4316665141E+01  5.4320831807E+01  3.38801E-09  7.35863E+01
  5.4320831807E+01  5.4324998474E+01  3.38801E-09  7.35863E+01
  5.4324998474E+01  5.4329165141E+01  3.38801E-09  7.35863E+01
  5.4329165141E+01  5.4333331807E+01  3.38801E-09  7.35863E+01
  5.4333331807E+01  5.4337498474E+01  3.38801E-09  5.59499E+01
  5.4337498474E+01  5.4341665141E+01  2.86568E-09  7.15914E+01
  5.4341665141E+01  5.4345831807E+01  2.84235E-09  7.15166E+01
  5.4345831807E+01  5.4349998474E+01  1.25552E-08  7.90372E+01
  5.4349998474E+01  5.4354165141E+01  2.84235E-09  7.15166E+01
  5.4354165141E+01  5.4358331807E+01  2.84267E-09  7.15087E+01
  5.4358331807E+01  5.4362498474E+01  1.64944E-07  9.82845E+01
  5.4362498474E+01  5.4366665141E+01  2.84235E-09  7.08987E+01
  5.4366665141E+01  5.4370831807E+01  2.84235E-09  7.15166E+01
  5.4370831807E+01  5.4374998474E+01  2.84235E-09  7.15166E+01
  5.4374998474E+01  5.4379165141E+01  2.84235E-09  7.15166E+01
  5.4379165141E+01  5.4383331807E+01  2.84235E-09  7.15166E+01
  5.4383331807E+01  5.4387498474E+01  2.84235E-09  7.15166E+01
  5.4387498474E+01  5.4391665141E+01  2.84235E-09  6.75198E+01
  5.4391665141E+01  5.4395831807E+01  2.91476E-09  6.15104E+01
  5.4395831807E+01  5.4399998474E+01  3.07280E-09  6.02598E+01
  5.4399998474E+01  5.4404165141E+01  3.07280E-09  7.08602E+01
  5.4404165141E+01  5.4408331807E+01  3.09163E-09  7.08874E+01
  5.4408331807E+01  5.4412498474E+01  3.19116E-09  7.10615E+01
  5.4412498474E+01  5.4416665141E+01  3.19116E-09  7.10614E+01
  5.4416665141E+01  5.4420831807E+01  3.19116E-09  7.10615E+01
  5.4420831807E+01  5.4424998474E+01  3.19116E-09  6.77127E+01
  5.4424998474E+01  5.4429165141E+01  3.19116E-09  6.29210E+01
  5.4429165141E+01  5.4433331807E+01  3.19116E-09  7.10614E+01
  5.4433331807E+01  5.4437498474E+01  3.19117E-09  7.10613E+01
  5.4437498474E+01  5.4441665141E+01  1.95043E-07  9.83707E+01
  5.4441665141E+01  5.4445831807E+01  3.19116E-09  7.10615E+01
  5.4445831807E+01  5.4449998474E+01  3.19116E-09  7.10615E+01
  5.4449998474E+01  5.4454165141E+01  3.19116E-09  5.94859E+01
  5.4454165141E+01  5.4458331807E+01  3.19116E-09  7.10615E+01
  5.4458331807E+01  5.4462498474E+01  3.19116E-09  6.47231E+01
  5.4462498474E+01  5.4466665141E+01  3.50039E-09  7.18379E+01
  5.4466665141E+01  5.4470831807E+01  4.37200E-09  7.47520E+01
  5.4470831807E+01  5.4474998474E+01  4.37200E-09  7.47520E+01
  5.4474998474E+01  5.4479165141E+01  4.37200E-09  7.06826E+01
  5.4479165141E+01  5.4483331807E+01  4.37200E-09  7.47520E+01
  5.4483331807E+01  5.4487498474E+01  4.37200E-09  5.88003E+01
  5.4487498474E+01  5.4491665141E+01  4.23109E-09  7.42645E+01
  5.4491665141E+01  5.4495831807E+01  2.85813E-09  6.97517E+01
  5.4495831807E+01  5.4499998474E+01  1.43645E-09  1.00000E+02
  5.4499998474E+01  5.4504165141E+01  1.43645E-09  8.80162E+01
  5.4504165141E+01  5.4508331807E+01  1.43645E-09  1.00000E+02
  5.4508331807E+01  5.4512498474E+01  1.43645E-09  1.00000E+02
  5.4512498474E+01  5.4516665141E+01  1.43645E-09  1.00000E+02
  5.4516665141E+01  5.4520831807E+01  1.43645E-09  1.00000E+02
  5.4520831807E+01  5.4524998474E+01  1.43645E-09  1.00000E+02
  5.4524998474E+01  5.4529165141E+01  1.43645E-09  1.00000E+02
  5.4529165141E+01  5.4533331807E+01  1.43645E-09  1.00000E+02
  5.4533331807E+01  5.4537498474E+01  1.43645E-09  9.99995E+01
  5.4537498474E+01  5.4541665141E+01  1.43645E-09  1.00000E+02
  5.4541665141E+01  5.4545831807E+01  1.43645E-09  1.00000E+02
  5.4545831807E+01  5.4549998474E+01  1.43645E-09  1.00000E+02
  5.4549998474E+01  5.4554165141E+01  1.43645E-09  1.00000E+02
  5.4554165141E+01  5.4558331807E+01  1.43645E-09  1.00000E+02
  5.4558331807E+01  5.4562498474E+01  1.43645E-09  8.34212E+01
  5.4562498474E+01  5.4566665141E+01  1.43645E-09  1.00000E+02
  5.4566665141E+01  5.4570831807E+01  1.43645E-09  1.00000E+02
  5.4570831807E+01  5.4574998474E+01  1.46727E-09  9.79218E+01
  5.4574998474E+01  5.4579165141E+01  2.47584E-09  7.16142E+01
  5.4579165141E+01  5.4583331807E+01  2.47584E-09  7.16142E+01
  5.4583331807E+01  5.4587498474E+01  3.63036E-09  5.82809E+01
  5.4587498474E+01  5.4591665141E+01  5.74549E-09  6.47369E+01
  5.4591665141E+01  5.4595831807E+01  2.47584E-09  6.94254E+01
  5.4595831807E+01  5.4599998474E+01  2.47584E-09  7.16142E+01
  5.4599998474E+01  5.4604165141E+01  2.47584E-09  7.16142E+01
  5.4604165141E+01  5.4608331807E+01  2.47584E-09  6.52253E+01
  5.4608331807E+01  5.4612498474E+01  2.47584E-09  7.16142E+01
  5.4612498474E+01  5.4616665141E+01  4.89488E-09  5.98096E+01
  5.4616665141E+01  5.4620831807E+01  2.47584E-09  7.16142E+01
  5.4620831807E+01  5.4624998474E+01  2.47584E-09  7.16142E+01
  5.4624998474E+01  5.4629165141E+01  2.51112E-09  5.92061E+01
  5.4629165141E+01  5.4633331807E+01  2.47584E-09  7.16142E+01
  5.4633331807E+01  5.4637498474E+01  2.47584E-09  7.16142E+01
  5.4637498474E+01  5.4641665141E+01  2.47584E-09  7.16142E+01
  5.4641665141E+01  5.4645831807E+01  2.47584E-09  7.16142E+01
  5.4645831807E+01  5.4649998474E+01  2.31009E-08  8.96118E+01
  5.4649998474E+01  5.4654165141E+01  5.52836E-09  6.27414E+01
  5.4654165141E+01  5.4658331807E+01  4.94158E-09  6.14588E+01
  5.4658331807E+01  5.4662498474E+01  4.75639E-09  6.07332E+01
  5.4662498474E+01  5.4666665141E+01  4.80662E-09  6.09269E+01
  5.4666665141E+01  5.4670831807E+01  6.87814E-09  5.21850E+01
  5.4670831807E+01  5.4674998474E+01  7.44258E-09  4.67773E+01
  5.4674998474E+01  5.4679165141E+01  9.60590E-09  5.45814E+01
  5.4679165141E+01  5.4683331807E+01  1.02430E-08  4.39819E+01
  5.4683331807E+01  5.4687498474E+01  1.20222E-08  6.23786E+01
  5.4687498474E+01  5.4691665141E+01  1.17814E-08  6.15299E+01
  5.4691665141E+01  5.4695831807E+01  1.35437E-08  5.12092E+01
  5.4695831807E+01  5.4699998474E+01  1.16514E-08  6.14853E+01
  5.4699998474E+01  5.4704165141E+01  1.16249E-08  5.40056E+01
  5.4704165141E+01  5.4708331807E+01  1.02081E-08  5.64472E+01
  5.4708331807E+01  5.4712498474E+01  1.02081E-08  4.71153E+01
  5.4712498474E+01  5.4716665141E+01  1.02081E-08  5.71414E+01
  5.4716665141E+01  5.4720831807E+01  1.15271E-08  5.45378E+01
  5.4720831807E+01  5.4724998474E+01  1.20288E-08  5.50840E+01
  5.4724998474E+01  5.4729165141E+01  1.20288E-08  5.57338E+01
  5.4729165141E+01  5.4733331807E+01  1.15478E-07  8.32002E+01
  5.4733331807E+01  5.4737498474E+01  4.16614E-08  8.93777E+01
  5.4737498474E+01  5.4741665141E+01  4.05768E-08  9.17277E+01
  5.4741665141E+01  5.4745831807E+01  4.05768E-08  9.17277E+01
  5.4745831807E+01  5.4749998474E+01  4.05768E-08  9.17277E+01
  5.4749998474E+01  5.4754165141E+01  4.14181E-08  9.18930E+01
  5.4754165141E+01  5.4758331807E+01  4.25868E-08  9.21118E+01
  5.4758331807E+01  5.4762498474E+01  4.25868E-08  9.21118E+01
  5.4762498474E+01  5.4766665141E+01  4.25868E-08  9.21118E+01
  5.4766665141E+01  5.4770831807E+01  4.40217E-08  9.23541E+01
  5.4770831807E+01  5.4774998474E+01  4.61269E-08  9.26948E+01
  5.4774998474E+01  5.4779165141E+01  4.61269E-08  9.27030E+01
  5.4779165141E+01  5.4783331807E+01  4.65937E-08  9.27803E+01
  5.4783331807E+01  5.4787498474E+01  7.44161E-08  6.98037E+01
  5.4787498474E+01  5.4791665141E+01  5.52031E-08  8.57123E+01
  5.4791665141E+01  5.4795831807E+01  5.46998E-08  8.82321E+01
  5.4795831807E+01  5.4799998474E+01  5.63136E-08  8.85610E+01
  5.4799998474E+01  5.4804165141E+01  5.62175E-08  7.37646E+01
  5.4804165141E+01  5.4808331807E+01  6.14251E-08  9.18259E+01
  5.4808331807E+01  5.4812498474E+01  6.31638E-08  9.35730E+01
  5.4812498474E+01  5.4816665141E+01  6.80158E-08  9.50321E+01
  5.4816665141E+01  5.4820831807E+01  7.23198E-08  9.53252E+01
  5.4820831807E+01  5.4824998474E+01  7.59351E-08  9.19808E+01
  5.4824998474E+01  5.4829165141E+01  9.87005E-08  7.72515E+01
  5.4829165141E+01  5.4833331807E+01  1.09531E-07  7.89185E+01
  5.4833331807E+01  5.4837498474E+01  1.17481E-07  8.84186E+01
  5.4837498474E+01  5.4841665141E+01  1.47722E-07  8.58173E+01
  5.4841665141E+01  5.4845831807E+01  2.47303E-07  9.01118E+01
  5.4845831807E+01  5.4849998474E+01  7.39445E-08  4.99520E+01
  5.4849998474E+01  5.4854165141E+01  5.36433E-08  5.10353E+01
  5.4854165141E+01  5.4858331807E+01  8.19383E-08  3.11854E+01
  5.4858331807E+01  5.4862498474E+01  9.99906E-09  4.83085E+01
  5.4862498474E+01  5.4866665141E+01  2.67174E-08  5.13045E+01
  5.4866665141E+01  5.4870831807E+01  1.98104E-08  5.76039E+01
  5.4870831807E+01  5.4874998474E+01  4.74964E-09  5.01457E+01
  5.4874998474E+01  5.4879165141E+01  5.48661E-09  6.45544E+01
  5.4879165141E+01  5.4883331807E+01  5.02885E-09  6.16859E+01
  5.4883331807E+01  5.4887498474E+01  2.14342E-08  8.92196E+01
  5.4887498474E+01  5.4891665141E+01  2.38769E-09  7.04613E+01
  5.4891665141E+01  5.4895831807E+01  2.36979E-09  7.09893E+01
  5.4895831807E+01  5.4899998474E+01  2.41987E-09  5.94371E+01
  5.4899998474E+01  5.4904165141E+01  2.55812E-09  6.87641E+01
  5.4904165141E+01  5.4908331807E+01  2.46530E-09  7.12536E+01
  5.4908331807E+01  5.4912498474E+01  2.46530E-09  7.12536E+01
  5.4912498474E+01  5.4916665141E+01  2.46530E-09  7.12536E+01
  5.4916665141E+01  5.4920831807E+01  2.50448E-09  7.01489E+01
  5.4920831807E+01  5.4924998474E+01  2.46530E-09  7.12536E+01
  5.4924998474E+01  5.4929165141E+01  6.38526E-09  6.72730E+01
  5.4929165141E+01  5.4933331807E+01  2.46530E-09  6.17947E+01
  5.4933331807E+01  5.4937498474E+01  2.46530E-09  7.12536E+01
  5.4937498474E+01  5.4941665141E+01  2.46530E-09  7.12536E+01
  5.4941665141E+01  5.4945831807E+01  2.46530E-09  7.12536E+01
  5.4945831807E+01  5.4949998474E+01  2.46530E-09  7.12536E+01
  5.4949998474E+01  5.4954165141E+01  2.56083E-09  6.86968E+01
  5.4954165141E+01  5.4958331807E+01  2.46530E-09  7.12536E+01
  5.4958331807E+01  5.4962498474E+01  2.46530E-09  7.12536E+01
  5.4962498474E+01  5.4966665141E+01  5.61515E-09  6.39582E+01
  5.4966665141E+01  5.4970831807E+01  2.46530E-09  6.67563E+01
  5.4970831807E+01  5.4974998474E+01  2.46530E-09  7.12536E+01
  5.4974998474E+01  5.4979165141E+01  3.37588E-09  5.86099E+01
  5.4979165141E+01  5.4983331807E+01  3.96142E-09  5.22336E+01
  5.4983331807E+01  5.4987498474E+01  3.94297E-09  5.83018E+01
  5.4987498474E+01  5.4991665141E+01  3.86755E-09  5.85641E+01
  5.4991665141E+01  5.4995831807E+01  3.86755E-09  5.85641E+01
  5.4995831807E+01  5.4999998474E+01  3.86755E-09  5.85641E+01
  5.4999998474E+01  5.5004165141E+01  3.86755E-09  5.47289E+01
  5.5004165141E+01  5.5008331807E+01  3.86755E-09  5.85641E+01
  5.5008331807E+01  5.5012498474E+01  3.86755E-09  5.85641E+01
  5.5012498474E+01  5.5016665141E+01  4.01564E-09  5.65247E+01
  5.5016665141E+01  5.5020831807E+01  3.86755E-09  5.85641E+01
  5.5020831807E+01  5.5024998474E+01  3.86755E-09  5.46820E+01
  5.5024998474E+01  5.5029165141E+01  3.86755E-09  5.57276E+01
  5.5029165141E+01  5.5033331807E+01  3.86755E-09  5.85641E+01
  5.5033331807E+01  5.5037498474E+01  3.86755E-09  5.28375E+01
  5.5037498474E+01  5.5041665141E+01  3.86755E-09  5.85641E+01
  5.5041665141E+01  5.5045831807E+01  4.85561E-09  5.15531E+01
  5.5045831807E+01  5.5049998474E+01  4.85658E-09  6.12528E+01
  5.5049998474E+01  5.5054165141E+01  4.85658E-09  6.12528E+01
  5.5054165141E+01  5.5058331807E+01  4.85658E-09  5.07045E+01
  5.5058331807E+01  5.5062498474E+01  4.85658E-09  6.12528E+01
  5.5062498474E+01  5.5066665141E+01  4.85658E-09  6.12528E+01
  5.5066665141E+01  5.5070831807E+01  4.85658E-09  6.12528E+01
  5.5070831807E+01  5.5074998474E+01  4.85658E-09  4.85223E+01
  5.5074998474E+01  5.5079165141E+01  4.85658E-09  6.12528E+01
  5.5079165141E+01  5.5083331807E+01  4.85658E-09  5.25765E+01
  5.5083331807E+01  5.5087498474E+01  4.85658E-09  6.12528E+01
  5.5087498474E+01  5.5091665141E+01  4.85658E-09  5.81290E+01
  5.5091665141E+01  5.5095831807E+01  4.85658E-09  6.12528E+01
  5.5095831807E+01  5.5099998474E+01  4.85658E-09  6.12528E+01
  5.5099998474E+01  5.5099998474E+01  4.85658E-09  6.12528E+01
