# Detector n: 1D Projection
  5.0099998474E+01  5.0104165141E+01  1.62334E-03  3.53095E-01
  5.0104165141E+01  5.0108331807E+01  1.63847E-03  4.88340E-01
  5.0108331807E+01  5.0112498474E+01  1.65820E-03  5.25237E-01
  5.0112498474E+01  5.0116665141E+01  1.64505E-03  3.46343E-01
  5.0116665141E+01  5.0120831807E+01  1.65546E-03  4.31402E-01
  5.0120831807E+01  5.0124998474E+01  1.64682E-03  3.61886E-01
  5.0124998474E+01  5.0129165141E+01  1.65141E-03  4.15493E-01
  5.0129165141E+01  5.0133331807E+01  1.64738E-03  3.24947E-01
  5.0133331807E+01  5.0137498474E+01  1.65416E-03  3.94720E-01
  5.0137498474E+01  5.0141665141E+01  1.65397E-03  3.59272E-01
  5.0141665141E+01  5.0145831807E+01  1.65128E-03  3.56376E-01
  5.0145831807E+01  5.0149998474E+01  1.65535E-03  3.82301E-01
  5.0149998474E+01  5.0154165141E+01  1.65187E-03  3.41299E-01
  5.0154165141E+01  5.0158331807E+01  1.65711E-03  3.89845E-01
  5.0158331807E+01  5.0162498474E+01  1.65567E-03  4.75057E-01
  5.0162498474E+01  5.0166665141E+01  1.65733E-03  3.83969E-01
  5.0166665141E+01  5.0170831807E+01  1.65124E-03  3.06662E-01
  5.0170831807E+01  5.0174998474E+01  1.67185E-03  3.41446E-01
  5.0174998474E+01  5.0179165141E+01  1.67824E-03  4.08240E-01
  5.0179165141E+01  5.0183331807E+01  1.66805E-03  3.40688E-01
  5.0183331807E+01  5.0187498474E+01  1.67341E-03  3.59712E-01
  5.0187498474E+01  5.0191665141E+01  1.67158E-03  3.83929E-01
  5.0191665141E+01  5.0195831807E+01  1.66404E-03  2.89652E-01
  5.0195831807E+01  5.0199998474E+01  1.67266E-03  3.62357E-01
  5.0199998474E+01  5.0204165141E+01  1.67608E-03  4.16203E-01
  5.0204165141E+01  5.0208331807E+01  1.66989E-03  3.11103E-01
  5.0208331807E+01  5.0212498474E+01  1.67955E-03  3.96711E-01
  5.0212498474E+01  5.0216665141E+01  1.67703E-03  3.82601E-01
  5.0216665141E+01  5.0220831807E+01  1.67145E-03  3.48987E-01
  5.0220831807E+01  5.0224998474E+01  1.67614E-03  3.39242E-01
  5.0224998474E+01  5.0229165141E+01  1.67272E-03  3.27973E-01
  5.0229165141E+01  5.0233331807E+01  1.67486E-03  4.09387E-01
  5.0233331807E+01  5.0237498474E+01  1.67518E-03  3.59061E-01
  5.0237498474E+01  5.0241665141E+01  1.67926E-03  3.55172E-01
  5.0241665141E+01  5.0245831807E+01  1.68318E-03  4.15516E-01
  5.0245831807E+01  5.0249998474E+01  1.67548E-03  3.30855E-01
  5.0249998474E+01  5.0254165141E+01  1.67836E-03  3.55076E-01
  5.0254165141E+01  5.0258331807E+01  1.67714E-03  3.31296E-01
  5.0258331807E+01  5.0262498474E+01  1.67841E-03  3.43694E-01
  5.0262498474E+01  5.0266665141E+01  1.70104E-03  5.07047E-01
  5.0266665141E+01  5.0270831807E+01  1.67623E-03  3.15076E-01
  5.0270831807E+01  5.0274998474E+01  1.68371E-03  3.63410E-01
  5.0274998474E+01  5.0279165141E+01  1.68084E-03  3.53746E-01
  5.0279165141E+01  5.0283331807E+01  1.68431E-03  3.63852E-01
  5.0283331807E+01  5.0287498474E+01  1.68454E-03  3.71543E-01
  5.0287498474E+01  5.0291665141E+01  1.68328E-03  4.10579E-01
  5.0291665141E+01  5.0295831807E+01  1.68431E-03  3.57998E-01
  5.0295831807E+01  5.0299998474E+01  1.68973E-03  3.58744E-01
  5.0299998474E+01  5.0304165141E+01  1.69125E-03  4.03544E-01
  5.0304165141E+01  5.0308331807E+01  1.69888E-03  3.96116E-01
  5.0308331807E+01  5.0312498474E+01  1.71101E-03  3.90666E-01
  5.0312498474E+01  5.0316665141E+01  1.72216E-03  4.38337E-01
  5.0316665141E+01  5.0320831807E+01  1.71330E-03  3.67363E-01
  5.0320831807E+01  5.0324998474E+01  1.72133E-03  4.27551E-01
  5.0324998474E+01  5.0329165141E+01  1.71293E-03  3.41608E-01
  5.0329165141E+01  5.0333331807E+01  1.70230E-03  2.93259E-01
  5.0333331807E+01  5.0337498474E+01  1.70744E-03  3.16212E-01
  5.0337498474E+01  5.0341665141E+01  1.70244E-03  2.71126E-01
  5.0341665141E+01  5.0345831807E+01  1.71303E-03  3.61911E-01
  5.0345831807E+01  5.0349998474E+01  1.71771E-03  3.49981E-01
  5.0349998474E+01  5.0354165141E+01  1.71912E-03  3.98651E-01
  5.0354165141E+01  5.0358331807E+01  1.71800E-03  3.83034E-01
  5.0358331807E+01  5.0362498474E+01  1.71390E-03  3.42271E-01
  5.0362498474E+01  5.0366665141E+01  1.71135E-03  3.59897E-01
  5.0366665141E+01  5.0370831807E+01  1.70735E-03  3.15791E-01
  5.0370831807E+01  5.0374998474E+01  1.70928E-03  3.32908E-01
  5.0374998474E+01  5.0379165141E+01  1.71700E-03  3.89250E-01
  5.0379165141E+01  5.0383331807E+01  1.72058E-03  4.27287E-01
  5.0383331807E+01  5.0387498474E+01  1.72433E-03  3.79595E-01
  5.0387498474E+01  5.0391665141E+01  1.71844E-03  3.77897E-01
  5.0391665141E+01  5.0395831807E+01  1.71736E-03  3.54216E-01
  5.0395831807E+01  5.0399998474E+01  1.71510E-03  3.70747E-01
  5.0399998474E+01  5.0404165141E+01  1.71633E-03  3.53764E-01
  5.0404165141E+01  5.0408331807E+01  1.72579E-03  4.35708E-01
  5.0408331807E+01  5.0412498474E+01  1.71501E-03  3.16309E-01
  5.0412498474E+01  5.0416665141E+01  1.71903E-03  3.66157E-01
  5.0416665141E+01  5.0420831807E+01  1.71462E-03  3.10980E-01
  5.0420831807E+01  5.0424998474E+01  1.71901E-03  3.78424E-01
  5.0424998474E+01  5.0429165141E+01  1.71227E-03  2.76006E-01
  5.0429165141E+01  5.0433331807E+01  1.72219E-03  3.78242E-01
  5.0433331807E+01  5.0437498474E+01  1.72494E-03  3.78271E-01
  5.0437498474E+01  5.0441665141E+01  1.72203E-03  3.60526E-01
  5.0441665141E+01  5.0445831807E+01  1.72447E-03  4.09145E-01
  5.0445831807E+01  5.0449998474E+01  1.72140E-03  3.19482E-01
  5.0449998474E+01  5.0454165141E+01  1.72376E-03  3.73123E-01
  5.0454165141E+01  5.0458331807E+01  1.71502E-03  2.92264E-01
  5.0458331807E+01  5.0462498474E+01  1.72190E-03  3.60089E-01
  5.0462498474E+01  5.0466665141E+01  1.71980E-03  4.20294E-01
  5.0466665141E+01  5.0470831807E+01  1.72177E-03  3.45010E-01
  5.0470831807E+01  5.0474998474E+01  1.71562E-03  2.82552E-01
  5.0474998474E+01  5.0479165141E+01  1.72245E-03  3.57665E-01
  5.0479165141E+01  5.0483331807E+01  1.72785E-03  3.45748E-01
  5.0483331807E+01  5.0487498474E+01  1.72991E-03  3.90034E-01
  5.0487498474E+01  5.0491665141E+01  1.72262E-03  3.20672E-01
  5.0491665141E+01  5.0495831807E+01  1.72354E-03  3.27813E-01
  5.0495831807E+01  5.0499998474E+01  1.72880E-03  3.70274E-01
  5.0499998474E+01  5.0504165141E+01  1.72194E-03  3.14951E-01
  5.0504165141E+01  5.0508331807E+01  1.72302E-03  3.33740E-01
  5.0508331807E+01  5.0512498474E+01  1.72658E-03  3.65471E-01
  5.0512498474E+01  5.0516665141E+01  1.72445E-03  3.15475E-01
  5.0516665141E+01  5.0520831807E+01  1.73194E-03  3.90393E-01
  5.0520831807E+01  5.0524998474E+01  1.73048E-03  3.48508E-01
  5.0524998474E+01  5.0529165141E+01  1.73195E-03  3.73702E-01
  5.0529165141E+01  5.0533331807E+01  1.73130E-03  3.61116E-01
  5.0533331807E+01  5.0537498474E+01  1.73590E-03  3.67279E-01
  5.0537498474E+01  5.0541665141E+01  1.73487E-03  3.71053E-01
  5.0541665141E+01  5.0545831807E+01  1.73676E-03  3.76995E-01
  5.0545831807E+01  5.0549998474E+01  1.73215E-03  3.40301E-01
  5.0549998474E+01  5.0554165141E+01  1.73772E-03  3.76260E-01
  5.0554165141E+01  5.0558331807E+01  1.73564E-03  3.70906E-01
  5.0558331807E+01  5.0562498474E+01  1.73628E-03  3.34821E-01
  5.0562498474E+01  5.0566665141E+01  1.74004E-03  3.91052E-01
  5.0566665141E+01  5.0570831807E+01  1.74022E-03  3.45297E-01
  5.0570831807E+01  5.0574998474E+01  1.75016E-03  3.68208E-01
  5.0574998474E+01  5.0579165141E+01  1.75407E-03  3.48267E-01
  5.0579165141E+01  5.0583331807E+01  1.76124E-03  3.34724E-01
  5.0583331807E+01  5.0587498474E+01  1.76086E-03  3.33993E-01
  5.0587498474E+01  5.0591665141E+01  1.76073E-03  3.23486E-01
  5.0591665141E+01  5.0595831807E+01  1.75883E-03  3.20253E-01
  5.0595831807E+01  5.0599998474E+01  1.76547E-03  3.56227E-01
  5.0599998474E+01  5.0604165141E+01  1.76739E-03  3.78658E-01
  5.0604165141E+01  5.0608331807E+01  1.76646E-03  3.59548E-01
  5.0608331807E+01  5.0612498474E+01  1.76074E-03  3.48353E-01
  5.0612498474E+01  5.0616665141E+01  1.75765E-03  2.97822E-01
  5.0616665141E+01  5.0620831807E+01  1.76066E-03  3.19388E-01
  5.0620831807E+01  5.0624998474E+01  1.76314E-03  3.21216E-01
  5.0624998474E+01  5.0629165141E+01  1.75251E-03  2.89681E-01
  5.0629165141E+01  5.0633331807E+01  1.75204E-03  2.86602E-01
  5.0633331807E+01  5.0637498474E+01  1.75344E-03  2.93392E-01
  5.0637498474E+01  5.0641665141E+01  1.76190E-03  3.41407E-01
  5.0641665141E+01  5.0645831807E+01  1.76926E-03  4.01900E-01
  5.0645831807E+01  5.0649998474E+01  1.76528E-03  3.64658E-01
  5.0649998474E+01  5.0654165141E+01  1.77112E-03  3.98742E-01
  5.0654165141E+01  5.0658331807E+01  1.76826E-03  3.63220E-01
  5.0658331807E+01  5.0662498474E+01  1.76128E-03  3.28609E-01
  5.0662498474E+01  5.0666665141E+01  1.76994E-03  3.92260E-01
  5.0666665141E+01  5.0670831807E+01  1.76195E-03  2.92782E-01
  5.0670831807E+01  5.0674998474E+01  1.77543E-03  4.11360E-01
  5.0674998474E+01  5.0679165141E+01  1.76797E-03  3.58002E-01
  5.0679165141E+01  5.0683331807E+01  1.76612E-03  3.06997E-01
  5.0683331807E+01  5.0687498474E+01  1.77211E-03  3.30097E-01
  5.0687498474E+01  5.0691665141E+01  1.76882E-03  3.47296E-01
  5.0691665141E+01  5.0695831807E+01  1.77108E-03  3.59346E-01
  5.0695831807E+01  5.0699998474E+01  1.76969E-03  3.24559E-01
  5.0699998474E+01  5.0704165141E+01  1.77543E-03  3.55612E-01
  5.0704165141E+01  5.0708331807E+01  1.76679E-03  2.84909E-01
  5.0708331807E+01  5.0712498474E+01  1.77486E-03  3.60594E-01
  5.0712498474E+01  5.0716665141E+01  1.77450E-03  3.21723E-01
  5.0716665141E+01  5.0720831807E+01  1.77293E-03  3.02588E-01
  5.0720831807E+01  5.0724998474E+01  1.77857E-03  3.69886E-01
  5.0724998474E+01  5.0729165141E+01  1.77632E-03  3.29422E-01
  5.0729165141E+01  5.0733331807E+01  1.77605E-03  3.39009E-01
  5.0733331807E+01  5.0737498474E+01  1.78251E-03  3.84754E-01
  5.0737498474E+01  5.0741665141E+01  1.78056E-03  3.18329E-01
  5.0741665141E+01  5.0745831807E+01  1.77978E-03  3.76586E-01
  5.0745831807E+01  5.0749998474E+01  1.78887E-03  3.97571E-01
  5.0749998474E+01  5.0754165141E+01  1.77727E-03  3.44405E-01
  5.0754165141E+01  5.0758331807E+01  1.77303E-03  2.86822E-01
  5.0758331807E+01  5.0762498474E+01  1.78786E-03  4.30240E-01
  5.0762498474E+01  5.0766665141E+01  1.77916E-03  3.19783E-01
  5.0766665141E+01  5.0770831807E+01  1.78215E-03  3.59815E-01
  5.0770831807E+01  5.0774998474E+01  1.78097E-03  3.31837E-01
  5.0774998474E+01  5.0779165141E+01  1.77963E-03  3.16908E-01
  5.0779165141E+01  5.0783331807E+01  1.78425E-03  3.52707E-01
  5.0783331807E+01  5.0787498474E+01  1.78858E-03  3.67090E-01
  5.0787498474E+01  5.0791665141E+01  1.78505E-03  3.51486E-01
  5.0791665141E+01  5.0795831807E+01  1.78272E-03  3.37016E-01
  5.0795831807E+01  5.0799998474E+01  1.77794E-03  2.76099E-01
  5.0799998474E+01  5.0804165141E+01  1.78263E-03  2.85097E-01
  5.0804165141E+01  5.0808331807E+01  1.79189E-03  3.65387E-01
  5.0808331807E+01  5.0812498474E+01  1.78306E-03  3.12455E-01
  5.0812498474E+01  5.0816665141E+01  1.79156E-03  3.51796E-01
  5.0816665141E+01  5.0820831807E+01  1.79399E-03  3.70303E-01
  5.0820831807E+01  5.0824998474E+01  1.79778E-03  3.54189E-01
  5.0824998474E+01  5.0829165141E+01  1.80104E-03  3.66562E-01
  5.0829165141E+01  5.0833331807E+01  1.79276E-03  3.28958E-01
  5.0833331807E+01  5.0837498474E+01  1.79131E-03  3.58807E-01
  5.0837498474E+01  5.0841665141E+01  1.79080E-03  3.35938E-01
  5.0841665141E+01  5.0845831807E+01  1.79466E-03  3.61904E-01
  5.0845831807E+01  5.0849998474E+01  1.80079E-03  3.89932E-01
  5.0849998474E+01  5.0854165141E+01  1.80043E-03  3.48477E-01
  5.0854165141E+01  5.0858331807E+01  1.79590E-03  3.26884E-01
  5.0858331807E+01  5.0862498474E+01  1.80446E-03  3.74216E-01
  5.0862498474E+01  5.0866665141E+01  1.80599E-03  4.09943E-01
  5.0866665141E+01  5.0870831807E+01  1.79699E-03  3.24274E-01
  5.0870831807E+01  5.0874998474E+01  1.80540E-03  3.78685E-01
  5.0874998474E+01  5.0879165141E+01  1.80187E-03  3.30513E-01
  5.0879165141E+01  5.0883331807E+01  1.80484E-03  3.73124E-01
  5.0883331807E+01  5.0887498474E+01  1.79778E-03  2.97749E-01
  5.0887498474E+01  5.0891665141E+01  1.79372E-03  2.67267E-01
  5.0891665141E+01  5.0895831807E+01  1.80364E-03  3.43860E-01
  5.0895831807E+01  5.0899998474E+01  1.80569E-03  3.36168E-01
  5.0899998474E+01  5.0904165141E+01  1.80537E-03  3.19563E-01
  5.0904165141E+01  5.0908331807E+01  1.81342E-03  3.73094E-01
  5.0908331807E+01  5.0912498474E+01  1.80674E-03  3.28199E-01
  5.0912498474E+01  5.0916665141E+01  1.80016E-03  2.82979E-01
  5.0916665141E+01  5.0920831807E+01  1.80388E-03  3.29283E-01
  5.0920831807E+01  5.0924998474E+01  1.80812E-03  3.47251E-01
  5.0924998474E+01  5.0929165141E+01  1.81338E-03  3.83292E-01
  5.0929165141E+01  5.0933331807E+01  1.80783E-03  2.92747E-01
  5.0933331807E+01  5.0937498474E+01  1.81004E-03  3.07667E-01
  5.0937498474E+01  5.0941665141E+01  1.81781E-03  3.55156E-01
  5.0941665141E+01  5.0945831807E+01  1.81688E-03  3.42872E-01
  5.0945831807E+01  5.0949998474E+01  1.81943E-03  3.38561E-01
  5.0949998474E+01  5.0954165141E+01  1.81527E-03  3.16407E-01
  5.0954165141E+01  5.0958331807E+01  1.81283E-03  3.32529E-01
  5.0958331807E+01  5.0962498474E+01  1.81786E-03  3.51141E-01
  5.0962498474E+01  5.0966665141E+01  1.83258E-03  4.26101E-01
  5.0966665141E+01  5.0970831807E+01  1.82585E-03  3.85744E-01
  5.0970831807E+01  5.0974998474E+01  1.81977E-03  3.54135E-01
  5.0974998474E+01  5.0979165141E+01  1.82183E-03  3.76238E-01
  5.0979165141E+01  5.0983331807E+01  1.81643E-03  3.08141E-01
  5.0983331807E+01  5.0987498474E+01  1.82473E-03  3.70440E-01
  5.0987498474E+01  5.0991665141E+01  1.82974E-03  3.84557E-01
  5.0991665141E+01  5.0995831807E+01  1.82677E-03  3.31123E-01
  5.0995831807E+01  5.0999998474E+01  1.82568E-03  3.77628E-01
  5.0999998474E+01  5.1004165141E+01  1.82021E-03  3.03228E-01
  5.1004165141E+01  5.1008331807E+01  1.82266E-03  3.15063E-01
  5.1008331807E+01  5.1012498474E+01  1.83038E-03  3.53577E-01
  5.1012498474E+01  5.1016665141E+01  1.82867E-03  3.38165E-01
  5.1016665141E+01  5.1020831807E+01  1.82828E-03  3.21198E-01
  5.1020831807E+01  5.1024998474E+01  1.82660E-03  3.13762E-01
  5.1024998474E+01  5.1029165141E+01  1.83533E-03  3.77430E-01
  5.1029165141E+01  5.1033331807E+01  1.82888E-03  3.05008E-01
  5.1033331807E+01  5.1037498474E+01  1.83712E-03  3.28450E-01
  5.1037498474E+01  5.1041665141E+01  1.83501E-03  3.02670E-01
  5.1041665141E+01  5.1045831807E+01  1.84500E-03  4.34232E-01
  5.1045831807E+01  5.1049998474E+01  1.83528E-03  2.85762E-01
  5.1049998474E+01  5.1054165141E+01  1.84219E-03  3.12651E-01
  5.1054165141E+01  5.1058331807E+01  1.84855E-03  3.52751E-01
  5.1058331807E+01  5.1062498474E+01  1.84840E-03  3.39673E-01
  5.1062498474E+01  5.1066665141E+01  1.84807E-03  3.33467E-01
  5.1066665141E+01  5.1070831807E+01  1.85190E-03  3.41123E-01
  5.1070831807E+01  5.1074998474E+01  1.85953E-03  3.53659E-01
  5.1074998474E+01  5.1079165141E+01  1.86462E-03  3.52428E-01
  5.1079165141E+01  5.1083331807E+01  1.86220E-03  3.56842E-01
  5.1083331807E+01  5.1087498474E+01  1.85963E-03  3.21587E-01
  5.1087498474E+01  5.1091665141E+01  1.85874E-03  3.04044E-01
  5.1091665141E+01  5.1095831807E+01  1.86813E-03  4.04655E-01
  5.1095831807E+01  5.1099998474E+01  1.86313E-03  3.09862E-01
  5.1099998474E+01  5.1104165141E+01  1.87182E-03  3.52938E-01
  5.1104165141E+01  5.1108331807E+01  1.87429E-03  3.93157E-01
  5.1108331807E+01  5.1112498474E+01  1.86235E-03  3.09340E-01
  5.1112498474E+01  5.1116665141E+01  1.85836E-03  2.98177E-01
  5.1116665141E+01  5.1120831807E+01  1.85833E-03  2.83684E-01
  5.1120831807E+01  5.1124998474E+01  1.86263E-03  3.02686E-01
  5.1124998474E+01  5.1129165141E+01  1.86631E-03  3.55490E-01
  5.1129165141E+01  5.1133331807E+01  1.86334E-03  2.92566E-01
  5.1133331807E+01  5.1137498474E+01  1.87201E-03  3.32311E-01
  5.1137498474E+01  5.1141665141E+01  1.87641E-03  3.73759E-01
  5.1141665141E+01  5.1145831807E+01  1.87708E-03  3.75879E-01
  5.1145831807E+01  5.1149998474E+01  1.87977E-03  3.85203E-01
  5.1149998474E+01  5.1154165141E+01  1.88658E-03  3.89430E-01
  5.1154165141E+01  5.1158331807E+01  1.88405E-03  3.52935E-01
  5.1158331807E+01  5.1162498474E+01  1.88028E-03  3.59286E-01
  5.1162498474E+01  5.1166665141E+01  1.87150E-03  2.71137E-01
  5.1166665141E+01  5.1170831807E+01  1.88083E-03  3.25412E-01
  5.1170831807E+01  5.1174998474E+01  1.87855E-03  3.36219E-01
  5.1174998474E+01  5.1179165141E+01  1.87944E-03  3.66468E-01
  5.1179165141E+01  5.1183331807E+01  1.87337E-03  2.80332E-01
  5.1183331807E+01  5.1187498474E+01  1.88509E-03  3.38313E-01
  5.1187498474E+01  5.1191665141E+01  1.88711E-03  3.28676E-01
  5.1191665141E+01  5.1195831807E+01  1.87825E-03  2.78692E-01
  5.1195831807E+01  5.1199998474E+01  1.89325E-03  4.05586E-01
  5.1199998474E+01  5.1204165141E+01  1.88264E-03  3.05497E-01
  5.1204165141E+01  5.1208331807E+01  1.88481E-03  3.28345E-01
  5.1208331807E+01  5.1212498474E+01  1.89051E-03  3.16292E-01
  5.1212498474E+01  5.1216665141E+01  1.89275E-03  3.47255E-01
  5.1216665141E+01  5.1220831807E+01  1.88509E-03  2.89034E-01
  5.1220831807E+01  5.1224998474E+01  1.89765E-03  3.55068E-01
  5.1224998474E+01  5.1229165141E+01  1.89898E-03  3.79834E-01
  5.1229165141E+01  5.1233331807E+01  1.89203E-03  3.11189E-01
  5.1233331807E+01  5.1237498474E+01  1.89827E-03  3.39338E-01
  5.1237498474E+01  5.1241665141E+01  1.89696E-03  3.29080E-01
  5.1241665141E+01  5.1245831807E+01  1.89715E-03  3.46933E-01
  5.1245831807E+01  5.1249998474E+01  1.89547E-03  3.19344E-01
  5.1249998474E+01  5.1254165141E+01  1.89522E-03  2.99412E-01
  5.1254165141E+01  5.1258331807E+01  1.89429E-03  3.14074E-01
  5.1258331807E+01  5.1262498474E+01  1.89299E-03  2.81725E-01
  5.1262498474E+01  5.1266665141E+01  1.89799E-03  3.33088E-01
  5.1266665141E+01  5.1270831807E+01  1.89642E-03  3.13251E-01
  5.1270831807E+01  5.1274998474E+01  1.91003E-03  3.93168E-01
  5.1274998474E+01  5.1279165141E+01  1.90655E-03  3.43236E-01
  5.1279165141E+01  5.1283331807E+01  1.90103E-03  2.96688E-01
  5.1283331807E+01  5.1287498474E+01  1.91016E-03  3.21773E-01
  5.1287498474E+01  5.1291665141E+01  1.91071E-03  3.28015E-01
  5.1291665141E+01  5.1295831807E+01  1.90863E-03  3.00378E-01
  5.1295831807E+01  5.1299998474E+01  1.90810E-03  2.92824E-01
  5.1299998474E+01  5.1304165141E+01  1.92233E-03  3.82426E-01
  5.1304165141E+01  5.1308331807E+01  1.91775E-03  3.51961E-01
  5.1308331807E+01  5.1312498474E+01  1.91296E-03  3.23694E-01
  5.1312498474E+01  5.1316665141E+01  1.91083E-03  2.93405E-01
  5.1316665141E+01  5.1320831807E+01  1.92120E-03  3.63420E-01
  5.1320831807E+01  5.1324998474E+01  1.91879E-03  3.15236E-01
  5.1324998474E+01  5.1329165141E+01  1.92472E-03  3.38794E-01
  5.1329165141E+01  5.1333331807E+01  1.92635E-03  3.48255E-01
  5.1333331807E+01  5.1337498474E+01  1.92514E-03  3.18416E-01
  5.1337498474E+01  5.1341665141E+01  1.93018E-03  3.53791E-01
  5.1341665141E+01  5.1345831807E+01  1.93238E-03  3.98773E-01
  5.1345831807E+01  5.1349998474E+01  1.92635E-03  3.27764E-01
  5.1349998474E+01  5.1354165141E+01  1.92106E-03  3.10684E-01
  5.1354165141E+01  5.1358331807E+01  1.92316E-03  2.96090E-01
  5.1358331807E+01  5.1362498474E+01  1.93337E-03  3.57196E-01
  5.1362498474E+01  5.1366665141E+01  1.93365E-03  3.75823E-01
  5.1366665141E+01  5.1370831807E+01  1.93619E-03  3.83378E-01
  5.1370831807E+01  5.1374998474E+01  1.93153E-03  3.17245E-01
  5.1374998474E+01  5.1379165141E+01  1.93788E-03  3.51014E-01
  5.1379165141E+01  5.1383331807E+01  1.93609E-03  3.28029E-01
  5.1383331807E+01  5.1387498474E+01  1.93610E-03  3.10903E-01
  5.1387498474E+01  5.1391665141E+01  1.93241E-03  2.91705E-01
  5.1391665141E+01  5.1395831807E+01  1.93851E-03  3.47548E-01
  5.1395831807E+01  5.1399998474E+01  1.94477E-03  3.75500E-01
  5.1399998474E+01  5.1404165141E+01  1.94374E-03  3.45083E-01
  5.1404165141E+01  5.1408331807E+01  1.94547E-03  3.46866E-01
  5.1408331807E+01  5.1412498474E+01  1.94316E-03  3.19002E-01
  5.1412498474E+01  5.1416665141E+01  1.93624E-03  2.90657E-01
  5.1416665141E+01  5.1420831807E+01  1.94101E-03  3.25114E-01
  5.1420831807E+01  5.1424998474E+01  1.94557E-03  3.44541E-01
  5.1424998474E+01  5.1429165141E+01  1.94470E-03  3.23320E-01
  5.1429165141E+01  5.1433331807E+01  1.94882E-03  3.36111E-01
  5.1433331807E+01  5.1437498474E+01  1.94395E-03  3.30389E-01
  5.1437498474E+01  5.1441665141E+01  1.94367E-03  3.05221E-01
  5.1441665141E+01  5.1445831807E+01  1.94743E-03  3.15349E-01
  5.1445831807E+01  5.1449998474E+01  1.94341E-03  2.82780E-01
  5.1449998474E+01  5.1454165141E+01  1.94105E-03  2.85195E-01
  5.1454165141E+01  5.1458331807E+01  1.94967E-03  3.33623E-01
  5.1458331807E+01  5.1462498474E+01  1.95631E-03  3.56808E-01
  5.1462498474E+01  5.1466665141E+01  1.94729E-03  2.80447E-01
  5.1466665141E+01  5.1470831807E+01  1.95325E-03  3.07769E-01
  5.1470831807E+01  5.1474998474E+01  1.95948E-03  3.49515E-01
  5.1474998474E+01  5.1479165141E+01  1.95537E-03  3.12618E-01
  5.1479165141E+01  5.1483331807E+01  1.95899E-03  3.06468E-01
  5.1483331807E+01  5.1487498474E+01  1.95904E-03  3.13300E-01
  5.1487498474E+01  5.1491665141E+01  1.96093E-03  3.35803E-01
  5.1491665141E+01  5.1495831807E+01  1.96264E-03  3.45561E-01
  5.1495831807E+01  5.1499998474E+01  1.96416E-03  3.14292E-01
  5.1499998474E+01  5.1504165141E+01  1.96823E-03  3.42155E-01
  5.1504165141E+01  5.1508331807E+01  1.96637E-03  3.10812E-01
  5.1508331807E+01  5.1512498474E+01  1.96922E-03  3.21821E-01
  5.1512498474E+01  5.1516665141E+01  1.96730E-03  3.09273E-01
  5.1516665141E+01  5.1520831807E+01  1.96888E-03  3.22694E-01
  5.1520831807E+01  5.1524998474E+01  1.97286E-03  3.37418E-01
  5.1524998474E+01  5.1529165141E+01  1.97121E-03  3.30149E-01
  5.1529165141E+01  5.1533331807E+01  1.97184E-03  3.29903E-01
  5.1533331807E+01  5.1537498474E+01  1.97409E-03  3.28800E-01
  5.1537498474E+01  5.1541665141E+01  1.97511E-03  3.22847E-01
  5.1541665141E+01  5.1545831807E+01  1.98031E-03  3.25901E-01
  5.1545831807E+01  5.1549998474E+01  1.97968E-03  3.00952E-01
  5.1549998474E+01  5.1554165141E+01  1.98216E-03  3.29296E-01
  5.1554165141E+01  5.1558331807E+01  1.98020E-03  3.11872E-01
  5.1558331807E+01  5.1562498474E+01  1.98334E-03  3.44480E-01
  5.1562498474E+01  5.1566665141E+01  1.99220E-03  3.58122E-01
  5.1566665141E+01  5.1570831807E+01  1.97991E-03  2.83408E-01
  5.1570831807E+01  5.1574998474E+01  1.98517E-03  2.99880E-01
  5.1574998474E+01  5.1579165141E+01  1.98563E-03  3.00016E-01
  5.1579165141E+01  5.1583331807E+01  1.98667E-03  3.12041E-01
  5.1583331807E+01  5.1587498474E+01  1.98879E-03  3.18536E-01
  5.1587498474E+01  5.1591665141E+01  2.00409E-03  4.04375E-01
  5.1591665141E+01  5.1595831807E+01  1.99370E-03  3.04597E-01
  5.1595831807E+01  5.1599998474E+01  1.99908E-03  3.51463E-01
  5.1599998474E+01  5.1604165141E+01  1.99741E-03  3.18002E-01
  5.1604165141E+01  5.1608331807E+01  1.99199E-03  2.74111E-01
  5.1608331807E+01  5.1612498474E+01  1.99766E-03  3.39667E-01
  5.1612498474E+01  5.1616665141E+01  2.00369E-03  3.30060E-01
  5.1616665141E+01  5.1620831807E+01  1.99938E-03  3.01928E-01
  5.1620831807E+01  5.1624998474E+01  2.00166E-03  3.01847E-01
  5.1624998474E+01  5.1629165141E+01  2.00517E-03  3.16483E-01
  5.1629165141E+01  5.1633331807E+01  2.00564E-03  3.27715E-01
  5.1633331807E+01  5.1637498474E+01  2.00462E-03  3.05890E-01
  5.1637498474E+01  5.1641665141E+01  2.00640E-03  3.01473E-01
  5.1641665141E+01  5.1645831807E+01  2.00985E-03  3.41499E-01
  5.1645831807E+01  5.1649998474E+01  2.00661E-03  3.02698E-01
  5.1649998474E+01  5.1654165141E+01  2.01055E-03  3.21497E-01
  5.1654165141E+01  5.1658331807E+01  2.00786E-03  2.90202E-01
  5.1658331807E+01  5.1662498474E+01  2.01519E-03  3.09990E-01
  5.1662498474E+01  5.1666665141E+01  2.02659E-03  3.91492E-01
  5.1666665141E+01  5.1670831807E+01  2.02556E-03  3.53719E-01
  5.1670831807E+01  5.1674998474E+01  2.02503E-03  3.33223E-01
  5.1674998474E+01  5.1679165141E+01  2.03601E-03  3.75901E-01
  5.1679165141E+01  5.1683331807E+01  2.02983E-03  3.53347E-01
  5.1683331807E+01  5.1687498474E+01  2.03222E-03  3.22642E-01
  5.1687498474E+01  5.1691665141E+01  2.03229E-03  3.38427E-01
  5.1691665141E+01  5.1695831807E+01  2.03617E-03  3.36937E-01
  5.1695831807E+01  5.1699998474E+01  2.04393E-03  3.53072E-01
  5.1699998474E+01  5.1704165141E+01  2.04083E-03  3.21613E-01
  5.1704165141E+01  5.1708331807E+01  2.03606E-03  3.08013E-01
  5.1708331807E+01  5.1712498474E+01  2.04579E-03  3.25516E-01
  5.1712498474E+01  5.1716665141E+01  2.03825E-03  3.11158E-01
  5.1716665141E+01  5.1720831807E+01  2.03800E-03  3.06861E-01
  5.1720831807E+01  5.1724998474E+01  2.03506E-03  2.87436E-01
  5.1724998474E+01  5.1729165141E+01  2.04361E-03  3.10526E-01
  5.1729165141E+01  5.1733331807E+01  2.04045E-03  2.84815E-01
  5.1733331807E+01  5.1737498474E+01  2.04354E-03  2.97828E-01
  5.1737498474E+01  5.1741665141E+01  2.05095E-03  3.13773E-01
  5.1741665141E+01  5.1745831807E+01  2.05221E-03  3.21267E-01
  5.1745831807E+01  5.1749998474E+01  2.05182E-03  3.39341E-01
  5.1749998474E+01  5.1754165141E+01  2.05552E-03  3.33271E-01
  5.1754165141E+01  5.1758331807E+01  2.05162E-03  2.98355E-01
  5.1758331807E+01  5.1762498474E+01  2.05450E-03  3.11294E-01
  5.1762498474E+01  5.1766665141E+01  2.05667E-03  3.21126E-01
  5.1766665141E+01  5.1770831807E+01  2.05683E-03  2.86813E-01
  5.1770831807E+01  5.1774998474E+01  2.06137E-03  3.16844E-01
  5.1774998474E+01  5.1779165141E+01  2.06028E-03  2.92880E-01
  5.1779165141E+01  5.1783331807E+01  2.07452E-03  3.53452E-01
  5.1783331807E+01  5.1787498474E+01  2.06919E-03  3.17991E-01
  5.1787498474E+01  5.1791665141E+01  2.07150E-03  3.61647E-01
  5.1791665141E+01  5.1795831807E+01  2.07589E-03  3.70410E-01
  5.1795831807E+01  5.1799998474E+01  2.06665E-03  3.01281E-01
  5.1799998474E+01  5.1804165141E+01  2.07429E-03  3.29083E-01
  5.1804165141E+01  5.1808331807E+01  2.07788E-03  3.23606E-01
  5.1808331807E+01  5.1812498474E+01  2.07883E-03  2.93955E-01
  5.1812498474E+01  5.1816665141E+01  2.08271E-03  3.34891E-01
  5.1816665141E+01  5.1820831807E+01  2.07186E-03  2.59350E-01
  5.1820831807E+01  5.1824998474E+01  2.08377E-03  3.00987E-01
  5.1824998474E+01  5.1829165141E+01  2.08917E-03  3.29167E-01
  5.1829165141E+01  5.1833331807E+01  2.08567E-03  3.11393E-01
  5.1833331807E+01  5.1837498474E+01  2.09534E-03  3.53397E-01
  5.1837498474E+01  5.1841665141E+01  2.09813E-03  3.47144E-01
  5.1841665141E+01  5.1845831807E+01  2.08484E-03  2.84009E-01
  5.1845831807E+01  5.1849998474E+01  2.09476E-03  3.30240E-01
  5.1849998474E+01  5.1854165141E+01  2.09695E-03  3.27176E-01
  5.1854165141E+01  5.1858331807E+01  2.09417E-03  3.04161E-01
  5.1858331807E+01  5.1862498474E+01  2.09199E-03  3.02024E-01
  5.1862498474E+01  5.1866665141E+01  2.09343E-03  2.66057E-01
  5.1866665141E+01  5.1870831807E+01  2.10372E-03  3.39847E-01
  5.1870831807E+01  5.1874998474E+01  2.11015E-03  3.45389E-01
  5.1874998474E+01  5.1879165141E+01  2.11030E-03  3.06511E-01
  5.1879165141E+01  5.1883331807E+01  2.11217E-03  3.09192E-01
  5.1883331807E+01  5.1887498474E+01  2.10699E-03  2.95307E-01
  5.1887498474E+01  5.1891665141E+01  2.10897E-03  2.97452E-01
  5.1891665141E+01  5.1895831807E+01  2.12040E-03  3.44859E-01
  5.1895831807E+01  5.1899998474E+01  2.12661E-03  3.94362E-01
  5.1899998474E+01  5.1904165141E+01  2.12296E-03  3.21871E-01
  5.1904165141E+01  5.1908331807E+01  2.12415E-03  3.53288E-01
  5.1908331807E+01  5.1912498474E+01  2.12144E-03  3.22163E-01
  5.1912498474E+01  5.1916665141E+01  2.12218E-03  3.14634E-01
  5.1916665141E+01  5.1920831807E+01  2.12905E-03  3.17340E-01
  5.1920831807E+01  5.1924998474E+01  2.13339E-03  3.55783E-01
  5.1924998474E+01  5.1929165141E+01  2.13237E-03  3.25420E-01
  5.1929165141E+01  5.1933331807E+01  2.13735E-03  3.56969E-01
  5.1933331807E+01  5.1937498474E+01  2.12631E-03  2.82828E-01
  5.1937498474E+01  5.1941665141E+01  2.13165E-03  2.96401E-01
  5.1941665141E+01  5.1945831807E+01  2.13581E-03  3.21363E-01
  5.1945831807E+01  5.1949998474E+01  2.13733E-03  3.21084E-01
  5.1949998474E+01  5.1954165141E+01  2.14453E-03  3.37907E-01
  5.1954165141E+01  5.1958331807E+01  2.13469E-03  2.86354E-01
  5.1958331807E+01  5.1962498474E+01  2.14637E-03  3.38436E-01
  5.1962498474E+01  5.1966665141E+01  2.14150E-03  3.13290E-01
  5.1966665141E+01  5.1970831807E+01  2.14323E-03  3.20374E-01
  5.1970831807E+01  5.1974998474E+01  2.14584E-03  2.94029E-01
  5.1974998474E+01  5.1979165141E+01  2.15218E-03  3.34192E-01
  5.1979165141E+01  5.1983331807E+01  2.15142E-03  3.48848E-01
  5.1983331807E+01  5.1987498474E+01  2.15066E-03  2.98921E-01
  5.1987498474E+01  5.1991665141E+01  2.15800E-03  3.09633E-01
  5.1991665141E+01  5.1995831807E+01  2.16148E-03  3.57394E-01
  5.1995831807E+01  5.1999998474E+01  2.16121E-03  3.27174E-01
  5.1999998474E+01  5.2004165141E+01  2.15095E-03  2.84458E-01
  5.2004165141E+01  5.2008331807E+01  2.15598E-03  2.97019E-01
  5.2008331807E+01  5.2012498474E+01  2.16177E-03  3.22002E-01
  5.2012498474E+01  5.2016665141E+01  2.16593E-03  3.32996E-01
  5.2016665141E+01  5.2020831807E+01  2.16791E-03  3.19732E-01
  5.2020831807E+01  5.2024998474E+01  2.17788E-03  3.48495E-01
  5.2024998474E+01  5.2029165141E+01  2.18171E-03  3.51286E-01
  5.2029165141E+01  5.2033331807E+01  2.16941E-03  2.74850E-01
  5.2033331807E+01  5.2037498474E+01  2.17463E-03  2.87275E-01
  5.2037498474E+01  5.2041665141E+01  2.17996E-03  3.16217E-01
  5.2041665141E+01  5.2045831807E+01  2.18233E-03  3.10680E-01
  5.2045831807E+01  5.2049998474E+01  2.18865E-03  3.24932E-01
  5.2049998474E+01  5.2054165141E+01  2.18532E-03  3.23410E-01
  5.2054165141E+01  5.2058331807E+01  2.18941E-03  3.08779E-01
  5.2058331807E+01  5.2062498474E+01  2.19398E-03  3.28830E-01
  5.2062498474E+01  5.2066665141E+01  2.18846E-03  2.93189E-01
  5.2066665141E+01  5.2070831807E+01  2.18300E-03  2.76433E-01
  5.2070831807E+01  5.2074998474E+01  2.19213E-03  3.04141E-01
  5.2074998474E+01  5.2079165141E+01  2.19049E-03  2.71226E-01
  5.2079165141E+01  5.2083331807E+01  2.19224E-03  2.78155E-01
  5.2083331807E+01  5.2087498474E+01  2.19643E-03  3.16763E-01
  5.2087498474E+01  5.2091665141E+01  2.19892E-03  3.09804E-01
  5.2091665141E+01  5.2095831807E+01  2.20070E-03  3.04030E-01
  5.2095831807E+01  5.2099998474E+01  2.20941E-03  3.22497E-01
  5.2099998474E+01  5.2104165141E+01  2.20533E-03  2.75580E-01
  5.2104165141E+01  5.2108331807E+01  2.21951E-03  3.61587E-01
  5.2108331807E+01  5.2112498474E+01  2.21364E-03  2.84917E-01
  5.2112498474E+01  5.2116665141E+01  2.21651E-03  2.99991E-01
  5.2116665141E+01  5.2120831807E+01  2.22784E-03  3.24001E-01
  5.2120831807E+01  5.2124998474E+01  2.23026E-03  3.29168E-01
  5.2124998474E+01  5.2129165141E+01  2.22897E-03  3.20530E-01
  5.2129165141E+01  5.2133331807E+01  2.23259E-03  3.35179E-01
  5.2133331807E+01  5.2137498474E+01  2.22587E-03  3.02406E-01
  5.2137498474E+01  5.2141665141E+01  2.23320E-03  3.34623E-01
  5.2141665141E+01  5.2145831807E+01  2.22796E-03  2.83582E-01
  5.2145831807E+01  5.2149998474E+01  2.22847E-03  2.85425E-01
  5.2149998474E+01  5.2154165141E+01  2.23461E-03  2.99082E-01
  5.2154165141E+01  5.2158331807E+01  2.23796E-03  2.99458E-01
  5.2158331807E+01  5.2162498474E+01  2.24225E-03  2.99371E-01
  5.2162498474E+01  5.2166665141E+01  2.24858E-03  3.01170E-01
  5.2166665141E+01  5.2170831807E+01  2.25338E-03  3.32476E-01
  5.2170831807E+01  5.2174998474E+01  2.25935E-03  3.22725E-01
  5.2174998474E+01  5.2179165141E+01  2.25350E-03  2.96468E-01
  5.2179165141E+01  5.2183331807E+01  2.25517E-03  2.98333E-01
  5.2183331807E+01  5.2187498474E+01  2.26122E-03  3.16996E-01
  5.2187498474E+01  5.2191665141E+01  2.26553E-03  3.27726E-01
  5.2191665141E+01  5.2195831807E+01  2.26614E-03  3.14866E-01
  5.2195831807E+01  5.2199998474E+01  2.26011E-03  2.67700E-01
  5.2199998474E+01  5.2204165141E+01  2.27313E-03  3.40359E-01
  5.2204165141E+01  5.2208331807E+01  2.26919E-03  2.95941E-01
  5.2208331807E+01  5.2212498474E+01  2.27804E-03  3.42952E-01
  5.2212498474E+01  5.2216665141E+01  2.27753E-03  2.95117E-01
  5.2216665141E+01  5.2220831807E+01  2.27765E-03  3.19299E-01
  5.2220831807E+01  5.2224998474E+01  2.28208E-03  3.34311E-01
  5.2224998474E+01  5.2229165141E+01  2.27954E-03  3.04229E-01
  5.2229165141E+01  5.2233331807E+01  2.29178E-03  3.65220E-01
  5.2233331807E+01  5.2237498474E+01  2.28872E-03  3.10087E-01
  5.2237498474E+01  5.2241665141E+01  2.28921E-03  2.82986E-01
  5.2241665141E+01  5.2245831807E+01  2.28904E-03  3.05302E-01
  5.2245831807E+01  5.2249998474E+01  2.29018E-03  2.87338E-01
  5.2249998474E+01  5.2254165141E+01  2.30006E-03  3.08504E-01
  5.2254165141E+01  5.2258331807E+01  2.30571E-03  3.36222E-01
  5.2258331807E+01  5.2262498474E+01  2.30444E-03  3.13160E-01
  5.2262498474E+01  5.2266665141E+01  2.29990E-03  2.89762E-01
  5.2266665141E+01  5.2270831807E+01  2.30879E-03  3.00720E-01
  5.2270831807E+01  5.2274998474E+01  2.31396E-03  3.07504E-01
  5.2274998474E+01  5.2279165141E+01  2.31417E-03  2.81490E-01
  5.2279165141E+01  5.2283331807E+01  2.32052E-03  3.04771E-01
  5.2283331807E+01  5.2287498474E+01  2.32300E-03  2.96222E-01
  5.2287498474E+01  5.2291665141E+01  2.32429E-03  3.03759E-01
  5.2291665141E+01  5.2295831807E+01  2.32535E-03  2.86840E-01
  5.2295831807E+01  5.2299998474E+01  2.33831E-03  3.63259E-01
  5.2299998474E+01  5.2304165141E+01  2.33812E-03  3.28602E-01
  5.2304165141E+01  5.2308331807E+01  2.34359E-03  3.18301E-01
  5.2308331807E+01  5.2312498474E+01  2.33752E-03  2.88775E-01
  5.2312498474E+01  5.2316665141E+01  2.34043E-03  2.98704E-01
  5.2316665141E+01  5.2320831807E+01  2.34101E-03  2.88203E-01
  5.2320831807E+01  5.2324998474E+01  2.34141E-03  2.75645E-01
  5.2324998474E+01  5.2329165141E+01  2.35786E-03  3.47790E-01
  5.2329165141E+01  5.2333331807E+01  2.35209E-03  3.04434E-01
  5.2333331807E+01  5.2337498474E+01  2.35554E-03  3.02455E-01
  5.2337498474E+01  5.2341665141E+01  2.35557E-03  2.96268E-01
  5.2341665141E+01  5.2345831807E+01  2.36301E-03  3.05920E-01
  5.2345831807E+01  5.2349998474E+01  2.36583E-03  2.96807E-01
  5.2349998474E+01  5.2354165141E+01  2.37202E-03  3.20548E-01
  5.2354165141E+01  5.2358331807E+01  2.36515E-03  2.88181E-01
  5.2358331807E+01  5.2362498474E+01  2.36744E-03  2.84800E-01
  5.2362498474E+01  5.2366665141E+01  2.37515E-03  2.84823E-01
  5.2366665141E+01  5.2370831807E+01  2.37177E-03  2.85527E-01
  5.2370831807E+01  5.2374998474E+01  2.38456E-03  3.06881E-01
  5.2374998474E+01  5.2379165141E+01  2.39211E-03  3.08918E-01
  5.2379165141E+01  5.2383331807E+01  2.39059E-03  3.04445E-01
  5.2383331807E+01  5.2387498474E+01  2.39583E-03  3.04647E-01
  5.2387498474E+01  5.2391665141E+01  2.39404E-03  2.88414E-01
  5.2391665141E+01  5.2395831807E+01  2.39855E-03  3.13109E-01
  5.2395831807E+01  5.2399998474E+01  2.39117E-03  2.72621E-01
  5.2399998474E+01  5.2404165141E+01  2.40160E-03  3.13184E-01
  5.2404165141E+01  5.2408331807E+01  2.40857E-03  3.15557E-01
  5.2408331807E+01  5.2412498474E+01  2.40385E-03  2.82529E-01
  5.2412498474E+01  5.2416665141E+01  2.40756E-03  2.81406E-01
  5.2416665141E+01  5.2420831807E+01  2.42640E-03  3.09690E-01
  5.2420831807E+01  5.2424998474E+01  2.41997E-03  2.77921E-01
  5.2424998474E+01  5.2429165141E+01  2.42744E-03  3.18404E-01
  5.2429165141E+01  5.2433331807E+01  2.42971E-03  3.23710E-01
  5.2433331807E+01  5.2437498474E+01  2.42525E-03  2.71140E-01
  5.2437498474E+01  5.2441665141E+01  2.43580E-03  2.88589E-01
  5.2441665141E+01  5.2445831807E+01  2.43491E-03  2.93513E-01
  5.2445831807E+01  5.2449998474E+01  2.44549E-03  3.31049E-01
  5.2449998474E+01  5.2454165141E+01  2.44051E-03  2.78475E-01
  5.2454165141E+01  5.2458331807E+01  2.45045E-03  3.10883E-01
  5.2458331807E+01  5.2462498474E+01  2.46000E-03  3.23309E-01
  5.2462498474E+01  5.2466665141E+01  2.45464E-03  2.90009E-01
  5.2466665141E+01  5.2470831807E+01  2.45512E-03  2.75889E-01
  5.2470831807E+01  5.2474998474E+01  2.46206E-03  2.91949E-01
  5.2474998474E+01  5.2479165141E+01  2.46411E-03  2.72093E-01
  5.2479165141E+01  5.2483331807E+01  2.48250E-03  3.26735E-01
  5.2483331807E+01  5.2487498474E+01  2.47974E-03  3.11689E-01
  5.2487498474E+01  5.2491665141E+01  2.47407E-03  2.66678E-01
  5.2491665141E+01  5.2495831807E+01  2.48239E-03  2.87026E-01
  5.2495831807E+01  5.2499998474E+01  2.48900E-03  2.87170E-01
  5.2499998474E+01  5.2504165141E+01  2.48436E-03  2.62701E-01
  5.2504165141E+01  5.2508331807E+01  2.48925E-03  2.72488E-01
  5.2508331807E+01  5.2512498474E+01  2.50121E-03  3.15662E-01
  5.2512498474E+01  5.2516665141E+01  2.49362E-03  2.65285E-01
  5.2516665141E+01  5.2520831807E+01  2.50011E-03  2.82314E-01
  5.2520831807E+01  5.2524998474E+01  2.51171E-03  2.87779E-01
  5.2524998474E+01  5.2529165141E+01  2.51773E-03  3.04441E-01
  5.2529165141E+01  5.2533331807E+01  2.51669E-03  2.89293E-01
  5.2533331807E+01  5.2537498474E+01  2.52099E-03  2.95305E-01
  5.2537498474E+01  5.2541665141E+01  2.51503E-03  2.64914E-01
  5.2541665141E+01  5.2545831807E+01  2.52427E-03  2.91990E-01
  5.2545831807E+01  5.2549998474E+01  2.52068E-03  2.56939E-01
  5.2549998474E+01  5.2554165141E+01  2.52983E-03  2.76756E-01
  5.2554165141E+01  5.2558331807E+01  2.53627E-03  2.76838E-01
  5.2558331807E+01  5.2562498474E+01  2.54148E-03  2.77374E-01
  5.2562498474E+01  5.2566665141E+01  2.54272E-03  2.72301E-01
  5.2566665141E+01  5.2570831807E+01  2.55022E-03  2.85098E-01
  5.2570831807E+01  5.2574998474E+01  2.55193E-03  2.72032E-01
  5.2574998474E+01  5.2579165141E+01  2.56573E-03  2.99193E-01
  5.2579165141E+01  5.2583331807E+01  2.56984E-03  2.99751E-01
  5.2583331807E+01  5.2587498474E+01  2.57918E-03  3.21220E-01
  5.2587498474E+01  5.2591665141E+01  2.56930E-03  2.66770E-01
  5.2591665141E+01  5.2595831807E+01  2.57499E-03  2.80853E-01
  5.2595831807E+01  5.2599998474E+01  2.57933E-03  2.75802E-01
  5.2599998474E+01  5.2604165141E+01  2.58543E-03  2.85930E-01
  5.2604165141E+01  5.2608331807E+01  2.58894E-03  2.80049E-01
  5.2608331807E+01  5.2612498474E+01  2.60193E-03  3.13516E-01
  5.2612498474E+01  5.2616665141E+01  2.60366E-03  3.18860E-01
  5.2616665141E+01  5.2620831807E+01  2.60266E-03  2.96578E-01
  5.2620831807E+01  5.2624998474E+01  2.60735E-03  2.83120E-01
  5.2624998474E+01  5.2629165141E+01  2.60690E-03  2.74615E-01
  5.2629165141E+01  5.2633331807E+01  2.62198E-03  3.07916E-01
  5.2633331807E+01  5.2637498474E+01  2.62635E-03  2.78113E-01
  5.2637498474E+01  5.2641665141E+01  2.62423E-03  2.79903E-01
  5.2641665141E+01  5.2645831807E+01  2.63233E-03  3.03135E-01
  5.2645831807E+01  5.2649998474E+01  2.63033E-03  2.71303E-01
  5.2649998474E+01  5.2654165141E+01  2.63184E-03  2.54613E-01
  5.2654165141E+01  5.2658331807E+01  2.65142E-03  3.18746E-01
  5.2658331807E+01  5.2662498474E+01  2.65229E-03  2.87451E-01
  5.2662498474E+01  5.2666665141E+01  2.65041E-03  2.63888E-01
  5.2666665141E+01  5.2670831807E+01  2.65280E-03  2.62026E-01
  5.2670831807E+01  5.2674998474E+01  2.65924E-03  2.66387E-01
  5.2674998474E+01  5.2679165141E+01  2.66874E-03  2.77515E-01
  5.2679165141E+01  5.2683331807E+01  2.67862E-03  2.79868E-01
  5.2683331807E+01  5.2687498474E+01  2.67454E-03  2.61503E-01
  5.2687498474E+01  5.2691665141E+01  2.68829E-03  2.87447E-01
  5.2691665141E+01  5.2695831807E+01  2.68465E-03  2.63497E-01
  5.2695831807E+01  5.2699998474E+01  2.69717E-03  2.87420E-01
  5.2699998474E+01  5.2704165141E+01  2.70517E-03  2.80856E-01
  5.2704165141E+01  5.2708331807E+01  2.71432E-03  3.04564E-01
  5.2708331807E+01  5.2712498474E+01  2.70959E-03  2.66120E-01
  5.2712498474E+01  5.2716665141E+01  2.71975E-03  2.90496E-01
  5.2716665141E+01  5.2720831807E+01  2.72006E-03  2.66420E-01
  5.2720831807E+01  5.2724998474E+01  2.72908E-03  2.82055E-01
  5.2724998474E+01  5.2729165141E+01  2.73702E-03  2.91672E-01
  5.2729165141E+01  5.2733331807E+01  2.74305E-03  2.81788E-01
  5.2733331807E+01  5.2737498474E+01  2.75730E-03  3.07572E-01
  5.2737498474E+01  5.2741665141E+01  2.76076E-03  3.02755E-01
  5.2741665141E+01  5.2745831807E+01  2.75536E-03  2.70227E-01
  5.2745831807E+01  5.2749998474E+01  2.76204E-03  2.61526E-01
  5.2749998474E+01  5.2754165141E+01  2.77462E-03  2.75975E-01
  5.2754165141E+01  5.2758331807E+01  2.78770E-03  3.00215E-01
  5.2758331807E+01  5.2762498474E+01  2.79572E-03  2.84379E-01
  5.2762498474E+01  5.2766665141E+01  2.80123E-03  2.98856E-01
  5.2766665141E+01  5.2770831807E+01  2.80967E-03  3.13849E-01
  5.2770831807E+01  5.2774998474E+01  2.81158E-03  2.92217E-01
  5.2774998474E+01  5.2779165141E+01  2.81656E-03  3.00578E-01
  5.2779165141E+01  5.2783331807E+01  2.81938E-03  2.85335E-01
  5.2783331807E+01  5.2787498474E+01  2.82804E-03  2.77268E-01
  5.2787498474E+01  5.2791665141E+01  2.83743E-03  2.99038E-01
  5.2791665141E+01  5.2795831807E+01  2.83285E-03  2.69861E-01
  5.2795831807E+01  5.2799998474E+01  2.83648E-03  2.63709E-01
  5.2799998474E+01  5.2804165141E+01  2.84806E-03  2.82919E-01
  5.2804165141E+01  5.2808331807E+01  2.85314E-03  2.80032E-01
  5.2808331807E+01  5.2812498474E+01  2.86429E-03  3.24891E-01
  5.2812498474E+01  5.2816665141E+01  2.86085E-03  2.55603E-01
  5.2816665141E+01  5.2820831807E+01  2.87872E-03  2.79838E-01
  5.2820831807E+01  5.2824998474E+01  2.89410E-03  2.98212E-01
  5.2824998474E+01  5.2829165141E+01  2.89591E-03  2.84186E-01
  5.2829165141E+01  5.2833331807E+01  2.89896E-03  2.79096E-01
  5.2833331807E+01  5.2837498474E+01  2.90278E-03  2.71459E-01
  5.2837498474E+01  5.2841665141E+01  2.91342E-03  2.86574E-01
  5.2841665141E+01  5.2845831807E+01  2.91732E-03  2.83459E-01
  5.2845831807E+01  5.2849998474E+01  2.92354E-03  2.67173E-01
  5.2849998474E+01  5.2854165141E+01  2.93940E-03  2.84291E-01
  5.2854165141E+01  5.2858331807E+01  2.94681E-03  2.85465E-01
  5.2858331807E+01  5.2862498474E+01  2.95813E-03  2.92938E-01
  5.2862498474E+01  5.2866665141E+01  2.96022E-03  2.75010E-01
  5.2866665141E+01  5.2870831807E+01  2.96308E-03  2.68425E-01
  5.2870831807E+01  5.2874998474E+01  2.97420E-03  2.70137E-01
  5.2874998474E+01  5.2879165141E+01  2.98790E-03  2.87132E-01
  5.2879165141E+01  5.2883331807E+01  2.99598E-03  2.85636E-01
  5.2883331807E+01  5.2887498474E+01  3.00119E-03  2.76273E-01
  5.2887498474E+01  5.2891665141E+01  3.01297E-03  2.87096E-01
  5.2891665141E+01  5.2895831807E+01  3.01848E-03  2.80984E-01
  5.2895831807E+01  5.2899998474E+01  3.02211E-03  2.72120E-01
  5.2899998474E+01  5.2904165141E+01  3.03064E-03  2.69218E-01
  5.2904165141E+01  5.2908331807E+01  3.05052E-03  2.89562E-01
  5.2908331807E+01  5.2912498474E+01  3.05360E-03  2.73847E-01
  5.2912498474E+01  5.2916665141E+01  3.06606E-03  2.82470E-01
  5.2916665141E+01  5.2920831807E+01  3.06535E-03  2.71963E-01
  5.2920831807E+01  5.2924998474E+01  3.07480E-03  2.65139E-01
  5.2924998474E+01  5.2929165141E+01  3.08958E-03  2.76798E-01
  5.2929165141E+01  5.2933331807E+01  3.09473E-03  2.72258E-01
  5.2933331807E+01  5.2937498474E+01  3.10648E-03  2.72134E-01
  5.2937498474E+01  5.2941665141E+01  3.11941E-03  2.77913E-01
  5.2941665141E+01  5.2945831807E+01  3.12662E-03  2.76067E-01
  5.2945831807E+01  5.2949998474E+01  3.14032E-03  2.81002E-01
  5.2949998474E+01  5.2954165141E+01  3.15214E-03  2.86098E-01
  5.2954165141E+01  5.2958331807E+01  3.15087E-03  2.68673E-01
  5.2958331807E+01  5.2962498474E+01  3.17080E-03  2.82242E-01
  5.2962498474E+01  5.2966665141E+01  3.17532E-03  2.72562E-01
  5.2966665141E+01  5.2970831807E+01  3.18473E-03  2.76305E-01
  5.2970831807E+01  5.2974998474E+01  3.19438E-03  2.69772E-01
  5.2974998474E+01  5.2979165141E+01  3.20815E-03  2.62145E-01
  5.2979165141E+01  5.2983331807E+01  3.22076E-03  2.72868E-01
  5.2983331807E+01  5.2987498474E+01  3.23221E-03  2.74070E-01
  5.2987498474E+01  5.2991665141E+01  3.23939E-03  2.69013E-01
  5.2991665141E+01  5.2995831807E+01  3.24745E-03  2.60241E-01
  5.2995831807E+01  5.2999998474E+01  3.25771E-03  2.55824E-01
  5.2999998474E+01  5.3004165141E+01  3.26572E-03  2.52406E-01
  5.3004165141E+01  5.3008331807E+01  3.28532E-03  2.61352E-01
  5.3008331807E+01  5.3012498474E+01  3.29421E-03  2.54335E-01
  5.3012498474E+01  5.3016665141E+01  3.30810E-03  2.59189E-01
  5.3016665141E+01  5.3020831807E+01  3.32670E-03  2.62258E-01
  5.3020831807E+01  5.3024998474E+01  3.33562E-03  2.55591E-01
  5.3024998474E+01  5.3029165141E+01  3.34610E-03  2.52259E-01
  5.3029165141E+01  5.3033331807E+01  3.36222E-03  2.57462E-01
  5.3033331807E+01  5.3037498474E+01  3.37381E-03  2.57153E-01
  5.3037498474E+01  5.3041665141E+01  3.38985E-03  2.62719E-01
  5.3041665141E+01  5.3045831807E+01  3.40052E-03  2.57366E-01
  5.3045831807E+01  5.3049998474E+01  3.41640E-03  2.55196E-01
  5.3049998474E+01  5.3054165141E+01  3.43275E-03  2.62230E-01
  5.3054165141E+01  5.3058331807E+01  3.44806E-03  2.55930E-01
  5.3058331807E+01  5.3062498474E+01  3.46188E-03  2.57614E-01
  5.3062498474E+01  5.3066665141E+01  3.47334E-03  2.49706E-01
  5.3066665141E+01  5.3070831807E+01  3.49454E-03  2.56234E-01
  5.3070831807E+01  5.3074998474E+01  3.51790E-03  2.62162E-01
  5.3074998474E+01  5.3079165141E+01  3.53174E-03  2.53305E-01
  5.3079165141E+01  5.3083331807E+01  3.55368E-03  2.64617E-01
  5.3083331807E+01  5.3087498474E+01  3.56871E-03  2.63906E-01
  5.3087498474E+01  5.3091665141E+01  3.58156E-03  2.67276E-01
  5.3091665141E+01  5.3095831807E+01  3.59689E-03  2.56629E-01
  5.3095831807E+01  5.3099998474E+01  3.62024E-03  2.58991E-01
  5.3099998474E+01  5.3104165141E+01  3.63818E-03  2.70819E-01
  5.3104165141E+01  5.3108331807E+01  3.65455E-03  2.61019E-01
  5.3108331807E+01  5.3112498474E+01  3.66407E-03  2.53574E-01
  5.3112498474E+01  5.3116665141E+01  3.68492E-03  2.54539E-01
  5.3116665141E+01  5.3120831807E+01  3.70842E-03  2.66774E-01
  5.3120831807E+01  5.3124998474E+01  3.72721E-03  2.58803E-01
  5.3124998474E+01  5.3129165141E+01  3.74696E-03  2.61810E-01
  5.3129165141E+01  5.3133331807E+01  3.76034E-03  2.54801E-01
  5.3133331807E+01  5.3137498474E+01  3.77773E-03  2.49508E-01
  5.3137498474E+01  5.3141665141E+01  3.80181E-03  2.53666E-01
  5.3141665141E+01  5.3145831807E+01  3.83142E-03  2.58894E-01
  5.3145831807E+01  5.3149998474E+01  3.85177E-03  2.53318E-01
  5.3149998474E+01  5.3154165141E+01  3.87759E-03  2.62590E-01
  5.3154165141E+01  5.3158331807E+01  3.89928E-03  2.59542E-01
  5.3158331807E+01  5.3162498474E+01  3.92304E-03  2.56690E-01
  5.3162498474E+01  5.3166665141E+01  3.95001E-03  2.55811E-01
  5.3166665141E+01  5.3170831807E+01  3.98103E-03  2.61329E-01
  5.3170831807E+01  5.3174998474E+01  4.00024E-03  2.53574E-01
  5.3174998474E+01  5.3179165141E+01  4.03103E-03  2.58940E-01
  5.3179165141E+01  5.3183331807E+01  4.05561E-03  2.54997E-01
  5.3183331807E+01  5.3187498474E+01  4.08198E-03  2.55598E-01
  5.3187498474E+01  5.3191665141E+01  4.11165E-03  2.55397E-01
  5.3191665141E+01  5.3195831807E+01  4.14599E-03  2.60041E-01
  5.3195831807E+01  5.3199998474E+01  4.17237E-03  2.56978E-01
  5.3199998474E+01  5.3204165141E+01  4.20124E-03  2.57974E-01
  5.3204165141E+01  5.3208331807E+01  4.23697E-03  2.61517E-01
  5.3208331807E+01  5.3212498474E+01  4.26597E-03  2.52963E-01
  5.3212498474E+01  5.3216665141E+01  4.30270E-03  2.53734E-01
  5.3216665141E+01  5.3220831807E+01  4.33026E-03  2.53059E-01
  5.3220831807E+01  5.3224998474E+01  4.36159E-03  2.50325E-01
  5.3224998474E+01  5.3229165141E+01  4.40364E-03  2.51256E-01
  5.3229165141E+01  5.3233331807E+01  4.44304E-03  2.50871E-01
  5.3233331807E+01  5.3237498474E+01  4.48364E-03  2.50061E-01
  5.3237498474E+01  5.3241665141E+01  4.52295E-03  2.50436E-01
  5.3241665141E+01  5.3245831807E+01  4.55998E-03  2.46980E-01
  5.3245831807E+01  5.3249998474E+01  4.60217E-03  2.47380E-01
  5.3249998474E+01  5.3254165141E+01  4.65333E-03  2.49036E-01
  5.3254165141E+01  5.3258331807E+01  4.70938E-03  2.56914E-01
  5.3258331807E+01  5.3262498474E+01  4.74879E-03  2.52740E-01
  5.3262498474E+01  5.3266665141E+01  4.80260E-03  2.52741E-01
  5.3266665141E+01  5.3270831807E+01  4.85173E-03  2.51440E-01
  5.3270831807E+01  5.3274998474E+01  4.90471E-03  2.54052E-01
  5.3274998474E+01  5.3279165141E+01  4.95307E-03  2.51104E-01
  5.3279165141E+01  5.3283331807E+01  5.01139E-03  2.55312E-01
  5.3283331807E+01  5.3287498474E+01  5.07188E-03  2.53503E-01
  5.3287498474E+01  5.3291665141E+01  5.13880E-03  2.56854E-01
  5.3291665141E+01  5.3295831807E+01  5.19670E-03  2.59250E-01
  5.3295831807E+01  5.3299998474E+01  5.26406E-03  2.60026E-01
  5.3299998474E+01  5.3304165141E+01  5.32809E-03  2.60027E-01
  5.3304165141E+01  5.3308331807E+01  5.39261E-03  2.60936E-01
  5.3308331807E+01  5.3312498474E+01  5.46972E-03  2.64131E-01
  5.3312498474E+01  5.3316665141E+01  5.53819E-03  2.62906E-01
  5.3316665141E+01  5.3320831807E+01  5.61149E-03  2.63752E-01
  5.3320831807E+01  5.3324998474E+01  5.69388E-03  2.68149E-01
  5.3324998474E+01  5.3329165141E+01  5.76493E-03  2.69799E-01
  5.3329165141E+01  5.3333331807E+01  5.84216E-03  2.73025E-01
  5.3333331807E+01  5.3337498474E+01  5.91919E-03  2.74362E-01
  5.3337498474E+01  5.3341665141E+01  6.00377E-03  2.74548E-01
  5.3341665141E+01  5.3345831807E+01  6.06867E-03  2.75300E-01
  5.3345831807E+01  5.3349998474E+01  6.14088E-03  2.76989E-01
  5.3349998474E+01  5.3354165141E+01  6.22873E-03  2.80083E-01
  5.3354165141E+01  5.3358331807E+01  6.28981E-03  2.77773E-01
  5.3358331807E+01  5.3362498474E+01  6.35220E-03  2.78807E-01
  5.3362498474E+01  5.3366665141E+01  6.41224E-03  2.82871E-01
  5.3366665141E+01  5.3370831807E+01  6.48849E-03  2.86351E-01
  5.3370831807E+01  5.3374998474E+01  6.54563E-03  2.88224E-01
  5.3374998474E+01  5.3379165141E+01  6.59021E-03  2.89343E-01
  5.3379165141E+01  5.3383331807E+01  6.63979E-03  2.96310E-01
  5.3383331807E+01  5.3387498474E+01  6.67344E-03  2.95493E-01
  5.3387498474E+01  5.3391665141E+01  6.69276E-03  2.99592E-01
  5.3391665141E+01  5.3395831807E+01  6.71670E-03  3.02436E-01
  5.3395831807E+01  5.3399998474E+01  6.71707E-03  3.03917E-01
  5.3399998474E+01  5.3404165141E+01  6.73327E-03  3.07554E-01
  5.3404165141E+01  5.3408331807E+01  6.73168E-03  3.13770E-01
  5.3408331807E+01  5.3412498474E+01  6.70356E-03  3.11780E-01
  5.3412498474E+01  5.3416665141E+01  6.67943E-03  3.19995E-01
  5.3416665141E+01  5.3420831807E+01  6.63336E-03  3.22733E-01
  5.3420831807E+01  5.3424998474E+01  6.55882E-03  3.30667E-01
  5.3424998474E+01  5.3429165141E+01  6.50673E-03  3.35895E-01
  5.3429165141E+01  5.3433331807E+01  6.43441E-03  3.38482E-01
  5.3433331807E+01  5.3437498474E+01  6.35240E-03  3.39900E-01
  5.3437498474E+01  5.3441665141E+01  6.23285E-03  3.48135E-01
  5.3441665141E+01  5.3445831807E+01  6.12548E-03  3.58544E-01
  5.3445831807E+01  5.3449998474E+01  5.98492E-03  3.64490E-01
  5.3449998474E+01  5.3454165141E+01  5.86703E-03  3.70052E-01
  5.3454165141E+01  5.3458331807E+01  5.72086E-03  3.79774E-01
  5.3458331807E+01  5.3462498474E+01  5.53894E-03  3.82956E-01
  5.3462498474E+01  5.3466665141E+01  5.37638E-03  3.96698E-01
  5.3466665141E+01  5.3470831807E+01  5.20334E-03  4.04688E-01
  5.3470831807E+01  5.3474998474E+01  5.04019E-03  4.16504E-01
  5.3474998474E+01  5.3479165141E+01  4.85963E-03  4.20192E-01
  5.3479165141E+01  5.3483331807E+01  4.65541E-03  4.29484E-01
  5.3483331807E+01  5.3487498474E+01  4.45434E-03  4.44624E-01
  5.3487498474E+01  5.3491665141E+01  4.25759E-03  4.50095E-01
  5.3491665141E+01  5.3495831807E+01  4.07446E-03  4.75744E-01
  5.3495831807E+01  5.3499998474E+01  3.86146E-03  4.85721E-01
  5.3499998474E+01  5.3504165141E+01  3.64306E-03  5.13678E-01
  5.3504165141E+01  5.3508331807E+01  3.43992E-03  5.30751E-01
  5.3508331807E+01  5.3512498474E+01  3.23922E-03  5.50991E-01
  5.3512498474E+01  5.3516665141E+01  3.03975E-03  5.61249E-01
  5.3516665141E+01  5.3520831807E+01  2.84519E-03  5.85755E-01
  5.3520831807E+01  5.3524998474E+01  2.66428E-03  6.03483E-01
  5.3524998474E+01  5.3529165141E+01  2.47363E-03  6.31818E-01
  5.3529165141E+01  5.3533331807E+01  2.29044E-03  6.67680E-01
  5.3533331807E+01  5.3537498474E+01  2.11625E-03  6.99734E-01
  5.3537498474E+01  5.3541665141E+01  1.93893E-03  7.18977E-01
  5.3541665141E+01  5.3545831807E+01  1.78702E-03  7.41399E-01
  5.3545831807E+01  5.3549998474E+01  1.63453E-03  7.86972E-01
  5.3549998474E+01  5.3554165141E+01  1.48787E-03  8.35199E-01
  5.3554165141E+01  5.3558331807E+01  1.36009E-03  8.78757E-01
  5.3558331807E+01  5.3562498474E+01  1.22707E-03  9.18301E-01
  5.3562498474E+01  5.3566665141E+01  1.11282E-03  9.68450E-01
  5.3566665141E+01  5.3570831807E+01  1.00663E-03  1.02583E+00
  5.3570831807E+01  5.3574998474E+01  8.94521E-04  1.09417E+00
  5.3574998474E+01  5.3579165141E+01  8.14048E-04  1.14550E+00
  5.3579165141E+01  5.3583331807E+01  7.30359E-04  1.24354E+00
  5.3583331807E+01  5.3587498474E+01  6.48764E-04  1.33477E+00
  5.3587498474E+01  5.3591665141E+01  5.66117E-04  1.44922E+00
  5.3591665141E+01  5.3595831807E+01  4.95538E-04  1.53117E+00
  5.3595831807E+01  5.3599998474E+01  4.36282E-04  1.61096E+00
  5.3599998474E+01  5.3604165141E+01  3.80126E-04  1.71997E+00
  5.3604165141E+01  5.3608331807E+01  3.37191E-04  1.86691E+00
  5.3608331807E+01  5.3612498474E+01  2.97682E-04  1.99283E+00
  5.3612498474E+01  5.3616665141E+01  2.55897E-04  2.09177E+00
  5.3616665141E+01  5.3620831807E+01  2.19958E-04  2.27393E+00
  5.3620831807E+01  5.3624998474E+01  1.93873E-04  2.49642E+00
  5.3624998474E+01  5.3629165141E+01  1.63839E-04  2.67667E+00
  5.3629165141E+01  5.3633331807E+01  1.44037E-04  2.83704E+00
  5.3633331807E+01  5.3637498474E+01  1.21077E-04  3.13838E+00
  5.3637498474E+01  5.3641665141E+01  1.06710E-04  3.49380E+00
  5.3641665141E+01  5.3645831807E+01  9.00483E-05  3.69426E+00
  5.3645831807E+01  5.3649998474E+01  7.61257E-05  4.00094E+00
  5.3649998474E+01  5.3654165141E+01  6.15210E-05  4.40782E+00
  5.3654165141E+01  5.3658331807E+01  5.03519E-05  4.88519E+00
  5.3658331807E+01  5.3662498474E+01  4.30365E-05  5.27952E+00
  5.3662498474E+01  5.3666665141E+01  3.46035E-05  5.81322E+00
  5.3666665141E+01  5.3670831807E+01  2.97567E-05  6.17730E+00
  5.3670831807E+01  5.3674998474E+01  2.64392E-05  6.75367E+00
  5.3674998474E+01  5.3679165141E+01  2.40960E-05  7.35710E+00
  5.3679165141E+01  5.3683331807E+01  1.92913E-05  8.20820E+00
  5.3683331807E+01  5.3687498474E+01  1.47097E-05  1.02441E+01
  5.3687498474E+01  5.3691665141E+01  1.15272E-05  1.01894E+01
  5.3691665141E+01  5.3695831807E+01  9.42708E-06  1.12781E+01
  5.3695831807E+01  5.3699998474E+01  7.52606E-06  1.25666E+01
  5.3699998474E+01  5.3704165141E+01  6.87325E-06  1.28330E+01
  5.3704165141E+01  5.3708331807E+01  6.28633E-06  1.42357E+01
  5.3708331807E+01  5.3712498474E+01  4.76476E-06  1.69426E+01
  5.3712498474E+01  5.3716665141E+01  2.77990E-06  2.09545E+01
  5.3716665141E+01  5.3720831807E+01  2.28488E-06  2.36167E+01
  5.3720831807E+01  5.3724998474E+01  1.80868E-06  2.65594E+01
  5.3724998474E+01  5.3729165141E+01  1.36679E-06  3.03143E+01
  5.3729165141E+01  5.3733331807E+01  1.09795E-06  2.97120E+01
  5.3733331807E+01  5.3737498474E+01  1.26515E-06  3.02124E+01
  5.3737498474E+01  5.3741665141E+01  1.16789E-06  3.40851E+01
  5.3741665141E+01  5.3745831807E+01  6.48480E-07  3.81115E+01
  5.3745831807E+01  5.3749998474E+01  4.32334E-07  4.03113E+01
  5.3749998474E+01  5.3754165141E+01  4.78531E-07  4.22864E+01
  5.3754165141E+01  5.3758331807E+01  7.08482E-07  4.77511E+01
  5.3758331807E+01  5.3762498474E+01  4.22937E-07  3.96194E+01
  5.3762498474E+01  5.3766665141E+01  6.81260E-07  4.41036E+01
  5.3766665141E+01  5.3770831807E+01  6.51388E-07  5.01308E+01
  5.3770831807E+01  5.3774998474E+01  4.28628E-07  5.56817E+01
  5.3774998474E+01  5.3779165141E+01  1.13571E-07  6.93054E+01
  5.3779165141E+01  5.3783331807E+01  3.20471E-07  6.56560E+01
  5.3783331807E+01  5.3787498474E+01  2.22586E-07  5.86018E+01
  5.3787498474E+01  5.3791665141E+01  2.40289E-07  8.35707E+01
  5.3791665141E+01  5.3795831807E+01  8.40051E-08  5.09667E+01
  5.3795831807E+01  5.3799998474E+01  4.81255E-08  2.62868E+01
  5.3799998474E+01  5.3804165141E+01  5.62177E-08  3.27258E+01
  5.3804165141E+01  5.3808331807E+01  1.43294E-07  7.32107E+01
  5.3808331807E+01  5.3812498474E+01  2.14401E-07  8.16512E+01
  5.3812498474E+01  5.3816665141E+01  2.68878E-07  9.08650E+01
  5.3816665141E+01  5.3820831807E+01  2.65155E-07  9.07284E+01
  5.3820831807E+01  5.3824998474E+01  4.55979E-08  4.54899E+01
  5.3824998474E+01  5.3829165141E+01  2.93559E-08  2.31318E+01
  5.3829165141E+01  5.3833331807E+01  3.12288E-08  2.30724E+01
  5.3833331807E+01  5.3837498474E+01  3.63446E-08  2.87831E+01
  5.3837498474E+01  5.3841665141E+01  4.49059E-08  3.89326E+01
  5.3841665141E+01  5.3845831807E+01  4.91882E-08  4.00886E+01
  5.3845831807E+01  5.3849998474E+01  5.04315E-08  2.65108E+01
  5.3849998474E+01  5.3854165141E+01  5.27899E-08  2.73235E+01
  5.3854165141E+01  5.3858331807E+01  4.74971E-08  2.20478E+01
  5.3858331807E+01  5.3862498474E+01  4.59754E-08  3.16398E+01
  5.3862498474E+01  5.3866665141E+01  3.25706E-08  2.45472E+01
  5.3866665141E+01  5.3870831807E+01  1.60590E-07  5.21811E+01
  5.3870831807E+01  5.3874998474E+01  9.81748E-08  5.01355E+01
  5.3874998474E+01  5.3879165141E+01  1.08737E-07  7.33514E+01
  5.3879165141E+01  5.3883331807E+01  1.10907E-07  6.25508E+01
  5.3883331807E+01  5.3887498474E+01  1.04896E-07  7.51495E+01
  5.3887498474E+01  5.3891665141E+01  1.15382E-07  7.66723E+01
  5.3891665141E+01  5.3895831807E+01  1.22622E-07  5.86093E+01
  5.3895831807E+01  5.3899998474E+01  1.28788E-07  7.79623E+01
  5.3899998474E+01  5.3904165141E+01  1.50174E-07  8.19950E+01
  5.3904165141E+01  5.3908331807E+01  1.66497E-07  8.35975E+01
  5.3908331807E+01  5.3912498474E+01  2.17741E-07  8.71180E+01
  5.3912498474E+01  5.3916665141E+01  2.92804E-07  8.44178E+01
  5.3916665141E+01  5.3920831807E+01  4.22168E-08  3.11141E+01
  5.3920831807E+01  5.3924998474E+01  6.13370E-08  4.30645E+01
  5.3924998474E+01  5.3929165141E+01  1.41950E-07  4.96803E+01
  5.3929165141E+01  5.3933331807E+01  3.43846E-07  8.59878E+01
  5.3933331807E+01  5.3937498474E+01  1.30714E-07  6.43557E+01
  5.3937498474E+01  5.3941665141E+01  5.23819E-08  4.53504E+01
  5.3941665141E+01  5.3945831807E+01  5.12454E-08  4.62566E+01
  5.3945831807E+01  5.3949998474E+01  1.40643E-07  6.39452E+01
  5.3949998474E+01  5.3954165141E+01  1.35218E-07  6.37586E+01
  5.3954165141E+01  5.3958331807E+01  7.06528E-08  4.37035E+01
  5.3958331807E+01  5.3962498474E+01  1.19417E-07  5.96296E+01
  5.3962498474E+01  5.3966665141E+01  1.30564E-07  6.22505E+01
  5.3966665141E+01  5.3970831807E+01  1.35039E-07  5.89296E+01
  5.3970831807E+01  5.3974998474E+01  2.11583E-07  5.02981E+01
  5.3974998474E+01  5.3979165141E+01  4.76521E-07  5.84593E+01
  5.3979165141E+01  5.3983331807E+01  1.88159E-07  7.38365E+01
  5.3983331807E+01  5.3987498474E+01  3.10268E-07  7.94048E+01
  5.3987498474E+01  5.3991665141E+01  1.09802E-07  5.55140E+01
  5.3991665141E+01  5.3995831807E+01  1.12198E-07  5.29667E+01
  5.3995831807E+01  5.3999998474E+01  1.55695E-07  4.33729E+01
  5.3999998474E+01  5.4004165141E+01  1.51484E-07  4.71181E+01
  5.4004165141E+01  5.4008331807E+01  1.57506E-07  4.65557E+01
  5.4008331807E+01  5.4012498474E+01  1.59107E-07  3.70846E+01
  5.4012498474E+01  5.4016665141E+01  1.72508E-07  4.71158E+01
  5.4016665141E+01  5.4020831807E+01  1.76451E-07  4.90318E+01
  5.4020831807E+01  5.4024998474E+01  1.86028E-07  4.95792E+01
  5.4024998474E+01  5.4029165141E+01  1.72352E-07  5.20905E+01
  5.4029165141E+01  5.4033331807E+01  1.99863E-07  5.16734E+01
  5.4033331807E+01  5.4037498474E+01  1.95923E-07  5.84667E+01
  5.4037498474E+01  5.4041665141E+01  2.26063E-07  6.17465E+01
  5.4041665141E+01  5.4045831807E+01  2.74958E-07  6.90694E+01
  5.4045831807E+01  5.4049998474E+01  2.26508E-07  6.34187E+01
  5.4049998474E+01  5.4054165141E+01  9.59754E-08  5.45539E+01
  5.4054165141E+01  5.4058331807E+01  1.18059E-07  4.95787E+01
  5.4058331807E+01  5.4062498474E+01  1.98922E-07  4.42385E+01
  5.4062498474E+01  5.4066665141E+01  2.87850E-07  5.16189E+01
  5.4066665141E+01  5.4070831807E+01  2.97837E-07  4.98686E+01
  5.4070831807E+01  5.4074998474E+01  3.14840E-07  5.35629E+01
  5.4074998474E+01  5.4079165141E+01  3.14454E-07  5.59009E+01
  5.4079165141E+01  5.4083331807E+01  3.21865E-07  6.12227E+01
  5.4083331807E+01  5.4087498474E+01  3.30723E-07  6.28260E+01
  5.4087498474E+01  5.4091665141E+01  3.79296E-07  7.15845E+01
  5.4091665141E+01  5.4095831807E+01  6.12145E-07  7.33376E+01
  5.4095831807E+01  5.4099998474E+01  1.28891E-07  5.88315E+01
  5.4099998474E+01  5.4104165141E+01  1.31103E-07  6.06166E+01
  5.4104165141E+01  5.4108331807E+01  1.47297E-07  6.16231E+01
  5.4108331807E+01  5.4112498474E+01  1.86488E-07  5.74669E+01
  5.4112498474E+01  5.4116665141E+01  1.85138E-07  6.61723E+01
  5.4116665141E+01  5.4120831807E+01  2.27051E-07  6.96977E+01
  5.4120831807E+01  5.4124998474E+01  2.64103E-07  6.80154E+01
  5.4124998474E+01  5.4129165141E+01  7.31016E-08  7.05742E+01
  5.4129165141E+01  5.4133331807E+01  7.33488E-08  7.04605E+01
  5.4133331807E+01  5.4137498474E+01  7.61120E-08  6.82890E+01
  5.4137498474E+01  5.4141665141E+01  7.89827E-08  6.91988E+01
  5.4141665141E+01  5.4145831807E+01  4.41365E-07  7.98336E+01
  5.4145831807E+01  5.4149998474E+01  7.60727E-08  7.52672E+01
  5.4149998474E+01  5.4154165141E+01  8.30160E-08  7.56401E+01
  5.4154165141E+01  5.4158331807E+01  8.57108E-08  8.08897E+01
  5.4158331807E+01  5.4162498474E+01  2.05962E-07  6.70114E+01
  5.4162498474E+01  5.4166665141E+01  4.28396E-07  7.92316E+01
  5.4166665141E+01  5.4170831807E+01  2.10420E-07  6.54930E+01
  5.4170831807E+01  5.4174998474E+01  1.43007E-07  6.40973E+01
  5.4174998474E+01  5.4179165141E+01  3.60536E-07  7.29661E+01
  5.4179165141E+01  5.4183331807E+01  5.17409E-08  6.49248E+01
  5.4183331807E+01  5.4187498474E+01  5.57672E-08  6.75201E+01
  5.4187498474E+01  5.4191665141E+01  5.56782E-08  5.79195E+01
  5.4191665141E+01  5.4195831807E+01  5.58235E-08  6.74360E+01
  5.4195831807E+01  5.4199998474E+01  5.76057E-08  6.54802E+01
  5.4199998474E+01  5.4204165141E+01  6.82252E-08  4.82126E+01
  5.4204165141E+01  5.4208331807E+01  6.84608E-08  6.34451E+01
  5.4208331807E+01  5.4212498474E+01  8.48660E-08  5.47679E+01
  5.4212498474E+01  5.4216665141E+01  6.26467E-08  6.83972E+01
  5.4216665141E+01  5.4220831807E+01  6.38465E-08  6.89963E+01
  5.4220831807E+01  5.4224998474E+01  6.40387E-08  6.91110E+01
  5.4224998474E+01  5.4229165141E+01  6.51232E-08  6.80151E+01
  5.4229165141E+01  5.4233331807E+01  3.83308E-07  8.30486E+01
  5.4233331807E+01  5.4237498474E+01  7.07935E-08  6.77997E+01
  5.4237498474E+01  5.4241665141E+01  7.09046E-08  6.77752E+01
  5.4241665141E+01  5.4245831807E+01  7.63837E-08  7.03164E+01
  5.4245831807E+01  5.4249998474E+01  8.03712E-08  4.90768E+01
  5.4249998474E+01  5.4254165141E+01  7.69264E-08  7.55702E+01
  5.4254165141E+01  5.4258331807E+01  8.32659E-08  7.33459E+01
  5.4258331807E+01  5.4262498474E+01  1.23546E-07  6.06801E+01
  5.4262498474E+01  5.4266665141E+01  5.06068E-07  6.39455E+01
  5.4266665141E+01  5.4270831807E+01  2.36627E-07  6.25909E+01
  5.4270831807E+01  5.4274998474E+01  3.32253E-07  6.60985E+01
  5.4274998474E+01  5.4279165141E+01  2.23775E-07  5.18785E+01
  5.4279165141E+01  5.4283331807E+01  1.40916E-07  6.81070E+01
  5.4283331807E+01  5.4287498474E+01  1.62247E-07  7.40999E+01
  5.4287498474E+01  5.4291665141E+01  3.17543E-07  5.47662E+01
  5.4291665141E+01  5.4295831807E+01  1.90466E-07  8.75193E+01
  5.4295831807E+01  5.4299998474E+01  2.21204E-08  2.73555E+01
  5.4299998474E+01  5.4304165141E+01  2.20166E-08  3.02270E+01
  5.4304165141E+01  5.4308331807E+01  2.25067E-08  2.75839E+01
  5.4308331807E+01  5.4312498474E+01  2.24816E-08  3.01677E+01
  5.4312498474E+01  5.4316665141E+01  2.24902E-08  2.74752E+01
  5.4316665141E+01  5.4320831807E+01  2.42079E-08  2.79647E+01
  5.4320831807E+01  5.4324998474E+01  2.86442E-08  2.73624E+01
  5.4324998474E+01  5.4329165141E+01  2.31827E-08  2.96771E+01
  5.4329165141E+01  5.4333331807E+01  2.25497E-08  2.80204E+01
  5.4333331807E+01  5.4337498474E+01  1.31600E-07  8.62449E+01
  5.4337498474E+01  5.4341665141E+01  1.91226E-08  2.81029E+01
  5.4341665141E+01  5.4345831807E+01  4.24449E-08  3.64800E+01
  5.4345831807E+01  5.4349998474E+01  3.53548E-08  3.26748E+01
  5.4349998474E+01  5.4354165141E+01  4.59899E-08  4.07829E+01
  5.4354165141E+01  5.4358331807E+01  3.13285E-08  3.33693E+01
  5.4358331807E+01  5.4362498474E+01  3.14713E-08  3.19528E+01
  5.4362498474E+01  5.4366665141E+01  2.85389E-07  8.90439E+01
  5.4366665141E+01  5.4370831807E+01  2.16482E-07  8.55127E+01
  5.4370831807E+01  5.4374998474E+01  3.64757E-08  2.91423E+01
  5.4374998474E+01  5.4379165141E+01  3.13704E-08  3.47060E+01
  5.4379165141E+01  5.4383331807E+01  3.14683E-08  3.60031E+01
  5.4383331807E+01  5.4387498474E+01  1.71879E-08  2.90606E+01
  5.4387498474E+01  5.4391665141E+01  1.86563E-08  3.07716E+01
  5.4391665141E+01  5.4395831807E+01  4.71287E-08  5.72144E+01
  5.4395831807E+01  5.4399998474E+01  6.07034E-08  4.88701E+01
  5.4399998474E+01  5.4404165141E+01  4.27980E-08  4.96191E+01
  5.4404165141E+01  5.4408331807E+01  2.21705E-08  3.06637E+01
  5.4408331807E+01  5.4412498474E+01  8.46473E-08  5.52093E+01
  5.4412498474E+01  5.4416665141E+01  9.41196E-08  7.15729E+01
  5.4416665141E+01  5.4420831807E+01  9.31141E-08  7.83499E+01
  5.4420831807E+01  5.4424998474E+01  1.00827E-07  7.38743E+01
  5.4424998474E+01  5.4429165141E+01  9.72238E-08  7.96698E+01
  5.4429165141E+01  5.4433331807E+01  1.04309E-07  8.22396E+01
  5.4433331807E+01  5.4437498474E+01  1.29370E-07  7.25838E+01
  5.4437498474E+01  5.4441665141E+01  1.19752E-07  8.41286E+01
  5.4441665141E+01  5.4445831807E+01  1.43482E-07  7.69951E+01
  5.4445831807E+01  5.4449998474E+01  1.88884E-07  8.78254E+01
  5.4449998474E+01  5.4454165141E+01  2.95865E-07  9.22585E+01
  5.4454165141E+01  5.4458331807E+01  3.36136E-08  5.16056E+01
  5.4458331807E+01  5.4462498474E+01  2.57218E-08  3.52172E+01
  5.4462498474E+01  5.4466665141E+01  1.87970E-08  2.76260E+01
  5.4466665141E+01  5.4470831807E+01  2.34942E-08  2.83710E+01
  5.4470831807E+01  5.4474998474E+01  4.32411E-08  4.66772E+01
  5.4474998474E+01  5.4479165141E+01  2.12951E-08  2.85844E+01
  5.4479165141E+01  5.4483331807E+01  2.15416E-08  2.85602E+01
  5.4483331807E+01  5.4487498474E+01  2.68277E-08  2.76741E+01
  5.4487498474E+01  5.4491665141E+01  3.16063E-08  2.95223E+01
  5.4491665141E+01  5.4495831807E+01  4.84609E-08  4.02299E+01
  5.4495831807E+01  5.4499998474E+01  5.64443E-08  4.00489E+01
  5.4499998474E+01  5.4504165141E+01  2.44499E-08  4.00892E+01
  5.4504165141E+01  5.4508331807E+01  3.13277E-08  3.26769E+01
  5.4508331807E+01  5.4512498474E+01  5.52747E-08  5.48339E+01
  5.4512498474E+01  5.4516665141E+01  2.41661E-08  4.01042E+01
  5.4516665141E+01  5.4520831807E+01  1.50975E-08  3.41310E+01
  5.4520831807E+01  5.4524998474E+01  3.39118E-08  5.75677E+01
  5.4524998474E+01  5.4529165141E+01  1.46612E-08  3.36658E+01
  5.4529165141E+01  5.4533331807E+01  1.39665E-08  3.12605E+01
  5.4533331807E+01  5.4537498474E+01  1.16735E-08  3.67264E+01
  5.4537498474E+01  5.4541665141E+01  1.87144E-08  4.29578E+01
  5.4541665141E+01  5.4545831807E+01  1.24770E-08  3.40071E+01
  5.4545831807E+01  5.4549998474E+01  1.27810E-08  3.42395E+01
  5.4549998474E+01  5.4554165141E+01  1.09280E-08  3.67860E+01
  5.4554165141E+01  5.4558331807E+01  1.01117E-08  4.06674E+01
  5.4558331807E+01  5.4562498474E+01  1.08697E-08  5.20035E+01
  5.4562498474E+01  5.4566665141E+01  1.16570E-08  5.12514E+01
  5.4566665141E+01  5.4570831807E+01  1.21979E-08  5.25231E+01
  5.4570831807E+01  5.4574998474E+01  4.73676E-08  4.94018E+01
  5.4574998474E+01  5.4579165141E+01  3.56138E-08  7.88391E+01
  5.4579165141E+01  5.4583331807E+01  3.56138E-08  7.88391E+01
  5.4583331807E+01  5.4587498474E+01  3.56138E-08  6.76535E+01
  5.4587498474E+01  5.4591665141E+01  3.56138E-08  7.88391E+01
  5.4591665141E+01  5.4595831807E+01  3.56138E-08  7.88391E+01
  5.4595831807E+01  5.4599998474E+01  3.56138E-08  6.63198E+01
  5.4599998474E+01  5.4604165141E+01  3.61738E-08  7.76401E+01
  5.4604165141E+01  5.4608331807E+01  3.58234E-08  7.83628E+01
  5.4608331807E+01  5.4612498474E+01  3.63264E-08  7.86918E+01
  5.4612498474E+01  5.4616665141E+01  3.82722E-08  7.97444E+01
  5.4616665141E+01  5.4620831807E+01  3.88259E-08  7.85847E+01
  5.4620831807E+01  5.4624998474E+01  3.92020E-08  7.78533E+01
  5.4624998474E+01  5.4629165141E+01  3.92965E-08  7.77094E+01
  5.4629165141E+01  5.4633331807E+01  3.92965E-08  7.77094E+01
  5.4633331807E+01  5.4637498474E+01  3.92965E-08  7.76905E+01
  5.4637498474E+01  5.4641665141E+01  3.92965E-08  7.76875E+01
  5.4641665141E+01  5.4645831807E+01  4.10610E-08  7.86420E+01
  5.4645831807E+01  5.4649998474E+01  4.28999E-08  5.59702E+01
  5.4649998474E+01  5.4654165141E+01  3.15372E-07  8.55649E+01
  5.4654165141E+01  5.4658331807E+01  4.25827E-08  7.84774E+01
  5.4658331807E+01  5.4662498474E+01  4.25827E-08  7.85252E+01
  5.4662498474E+01  5.4666665141E+01  4.25827E-08  7.85531E+01
  5.4666665141E+01  5.4670831807E+01  4.38364E-08  7.91500E+01
  5.4670831807E+01  5.4674998474E+01  4.61248E-08  8.00287E+01
  5.4674998474E+01  5.4679165141E+01  5.88547E-08  6.58943E+01
  5.4679165141E+01  5.4683331807E+01  6.59009E-08  6.29293E+01
  5.4683331807E+01  5.4687498474E+01  4.78247E-08  7.72544E+01
  5.4687498474E+01  5.4691665141E+01  5.05291E-08  7.49660E+01
  5.4691665141E+01  5.4695831807E+01  5.18874E-08  7.40145E+01
  5.4695831807E+01  5.4699998474E+01  5.18829E-08  7.93522E+01
  5.4699998474E+01  5.4704165141E+01  5.18834E-08  7.93514E+01
  5.4704165141E+01  5.4708331807E+01  5.32639E-08  7.73813E+01
  5.4708331807E+01  5.4712498474E+01  5.79028E-08  7.27746E+01
  5.4712498474E+01  5.4716665141E+01  5.50879E-08  7.16089E+01
  5.4716665141E+01  5.4720831807E+01  5.51504E-08  7.60062E+01
  5.4720831807E+01  5.4724998474E+01  5.79215E-08  7.56830E+01
  5.4724998474E+01  5.4729165141E+01  6.00282E-08  7.61207E+01
  5.4729165141E+01  5.4733331807E+01  7.35701E-08  6.63054E+01
  5.4733331807E+01  5.4737498474E+01  6.16601E-08  8.02189E+01
  5.4737498474E+01  5.4741665141E+01  6.37635E-08  8.08983E+01
  5.4741665141E+01  5.4745831807E+01  6.60074E-08  5.79058E+01
  5.4745831807E+01  5.4749998474E+01  7.00546E-08  8.33850E+01
  5.4749998474E+01  5.4754165141E+01  7.19665E-08  8.45133E+01
  5.4754165141E+01  5.4758331807E+01  7.92609E-08  8.38426E+01
  5.4758331807E+01  5.4762498474E+01  8.21872E-08  8.64129E+01
  5.4762498474E+01  5.4766665141E+01  8.54236E-08  8.43523E+01
  5.4766665141E+01  5.4770831807E+01  8.99645E-08  8.14335E+01
  5.4770831807E+01  5.4774998474E+01  1.01433E-07  8.35252E+01
  5.4774998474E+01  5.4779165141E+01  1.07753E-07  8.44790E+01
  5.4779165141E+01  5.4783331807E+01  1.21763E-07  8.62451E+01
  5.4783331807E+01  5.4787498474E+01  1.88059E-07  7.66243E+01
  5.4787498474E+01  5.4791665141E+01  2.90108E-07  8.15938E+01
  5.4791665141E+01  5.4795831807E+01  5.71345E-08  5.40623E+01
  5.4795831807E+01  5.4799998474E+01  5.67078E-08  7.38953E+01
  5.4799998474E+01  5.4804165141E+01  1.36785E-07  6.66110E+01
  5.4804165141E+01  5.4808331807E+01  2.49458E-07  7.93060E+01
  5.4808331807E+01  5.4812498474E+01  1.52505E-07  6.88556E+01
  5.4812498474E+01  5.4816665141E+01  5.65440E-08  7.64463E+01
  5.4816665141E+01  5.4820831807E+01  1.08169E-07  5.45280E+01
  5.4820831807E+01  5.4824998474E+01  2.45538E-07  7.79057E+01
  5.4824998474E+01  5.4829165141E+01  3.26020E-07  5.98360E+01
  5.4829165141E+01  5.4833331807E+01  5.83055E-08  8.26871E+01
  5.4833331807E+01  5.4837498474E+01  6.53216E-08  8.45276E+01
  5.4837498474E+01  5.4841665141E+01  8.63097E-08  6.76479E+01
  5.4841665141E+01  5.4845831807E+01  3.49307E-07  8.36347E+01
  5.4845831807E+01  5.4849998474E+01  6.36616E-08  8.99592E+01
  5.4849998474E+01  5.4854165141E+01  6.82802E-08  9.06302E+01
  5.4854165141E+01  5.4858331807E+01  7.40255E-08  9.13494E+01
  5.4858331807E+01  5.4862498474E+01  7.52019E-08  6.50623E+01
  5.4862498474E+01  5.4866665141E+01  7.69822E-08  9.16782E+01
  5.4866665141E+01  5.4870831807E+01  8.07250E-08  9.20598E+01
  5.4870831807E+01  5.4874998474E+01  3.04767E-07  7.61448E+01
  5.4874998474E+01  5.4879165141E+01  9.81875E-08  9.34606E+01
  5.4879165141E+01  5.4883331807E+01  1.08225E-07  9.40573E+01
  5.4883331807E+01  5.4887498474E+01  1.24739E-07  9.48444E+01
  5.4887498474E+01  5.4891665141E+01  1.55088E-07  9.56404E+01
  5.4891665141E+01  5.4895831807E+01  2.25619E-07  9.64803E+01
  5.4895831807E+01  5.4899998474E+01  7.96603E-09  4.13470E+01
  5.4899998474E+01  5.4904165141E+01  7.96603E-09  4.13470E+01
  5.4904165141E+01  5.4908331807E+01  7.96603E-09  4.13470E+01
  5.4908331807E+01  5.4912498474E+01  1.60191E-08  5.43140E+01
  5.4912498474E+01  5.4916665141E+01  7.96603E-09  4.11848E+01
  5.4916665141E+01  5.4920831807E+01  7.96603E-09  3.77857E+01
  5.4920831807E+01  5.4924998474E+01  7.96603E-09  4.13470E+01
  5.4924998474E+01  5.4929165141E+01  7.96603E-09  3.96966E+01
  5.4929165141E+01  5.4933331807E+01  7.96603E-09  4.13470E+01
  5.4933331807E+01  5.4937498474E+01  9.20264E-09  3.82304E+01
  5.4937498474E+01  5.4941665141E+01  9.74004E-09  3.76417E+01
  5.4941665141E+01  5.4945831807E+01  9.97017E-09  3.86707E+01
  5.4945831807E+01  5.4949998474E+01  1.30964E-08  4.65521E+01
  5.4949998474E+01  5.4954165141E+01  1.28591E-08  3.69391E+01
  5.4954165141E+01  5.4958331807E+01  1.27820E-08  4.63783E+01
  5.4958331807E+01  5.4962498474E+01  1.27820E-08  4.23069E+01
  5.4962498474E+01  5.4966665141E+01  1.27820E-08  4.71793E+01
  5.4966665141E+01  5.4970831807E+01  1.27820E-08  4.71793E+01
  5.4970831807E+01  5.4974998474E+01  1.27677E-08  4.28688E+01
  5.4974998474E+01  5.4979165141E+01  1.02748E-08  4.02716E+01
  5.4979165141E+01  5.4983331807E+01  9.87874E-09  3.93949E+01
  5.4983331807E+01  5.4987498474E+01  9.87874E-09  3.30339E+01
  5.4987498474E+01  5.4991665141E+01  9.87874E-09  3.93949E+01
  5.4991665141E+01  5.4995831807E+01  9.87874E-09  3.46872E+01
  5.4995831807E+01  5.4999998474E+01  9.92602E-09  3.85082E+01
  5.4999998474E+01  5.5004165141E+01  9.87874E-09  3.62621E+01
  5.5004165141E+01  5.5008331807E+01  9.87874E-09  3.93949E+01
  5.5008331807E+01  5.5012498474E+01  1.04288E-08  3.64593E+01
  5.5012498474E+01  5.5016665141E+01  1.07485E-08  3.61375E+01
  5.5016665141E+01  5.5020831807E+01  1.07485E-08  3.49777E+01
  5.5020831807E+01  5.5024998474E+01  1.07485E-08  3.49769E+01
  5.5024998474E+01  5.5029165141E+01  1.07485E-08  3.61375E+01
  5.5029165141E+01  5.5033331807E+01  1.07485E-08  3.48937E+01
  5.5033331807E+01  5.5037498474E+01  1.07485E-08  3.54987E+01
  5.5037498474E+01  5.5041665141E+01  1.07485E-08  3.61375E+01
  5.5041665141E+01  5.5045831807E+01  1.07485E-08  3.47358E+01
  5.5045831807E+01  5.5049998474E+01  1.23479E-08  3.22302E+01
  5.5049998474E+01  5.5054165141E+01  1.25383E-08  3.37121E+01
  5.5054165141E+01  5.5058331807E+01  1.28038E-08  3.36777E+01
  5.5058331807E+01  5.5062498474E+01  1.28555E-08  3.44975E+01
  5.5062498474E+01  5.5066665141E+01  1.33464E-08  3.39807E+01
  5.5066665141E+01  5.5070831807E+01  1.33464E-08  3.39949E+01
  5.5070831807E+01  5.5074998474E+01  1.33464E-08  3.06833E+01
  5.5074998474E+01  5.5079165141E+01  1.45817E-08  3.45412E+01
  5.5079165141E+01  5.5083331807E+01  1.87431E-08  3.72874E+01
  5.5083331807E+01  5.5087498474E+01  2.11953E-08  3.53047E+01
  5.5087498474E+01  5.5091665141E+01  3.19151E-08  5.35754E+01
  5.5091665141E+01  5.5095831807E+01  2.40090E-08  5.23965E+01
  5.5095831807E+01  5.5099998474E+01  1.79463E-08  4.00656E+01
  5.5099998474E+01  5.5099998474E+01  1.79463E-08  4.00656E+01
