# Detector n: 1D Projection
  1.5000000000E+01  1.5004166667E+01  2.09928E-02  4.47892E-01
  1.5004166667E+01  1.5008333333E+01  2.09768E-02  4.37707E-01
  1.5008333333E+01  1.5012500000E+01  2.09929E-02  4.29532E-01
  1.5012500000E+01  1.5016666667E+01  2.11993E-02  5.42399E-01
  1.5016666667E+01  1.5020833333E+01  2.13214E-02  5.83686E-01
  1.5020833333E+01  1.5025000000E+01  2.10666E-02  5.38848E-01
  1.5025000000E+01  1.5029166667E+01  2.11146E-02  4.64005E-01
  1.5029166667E+01  1.5033333333E+01  2.10518E-02  4.26806E-01
  1.5033333333E+01  1.5037500000E+01  2.11840E-02  4.46747E-01
  1.5037500000E+01  1.5041666667E+01  2.11608E-02  5.11304E-01
  1.5041666667E+01  1.5045833333E+01  2.11934E-02  4.17878E-01
  1.5045833333E+01  1.5050000000E+01  2.12677E-02  4.97122E-01
  1.5050000000E+01  1.5054166667E+01  2.10983E-02  4.46344E-01
  1.5054166667E+01  1.5058333333E+01  2.10998E-02  4.07188E-01
  1.5058333333E+01  1.5062500000E+01  2.11896E-02  6.11953E-01
  1.5062500000E+01  1.5066666667E+01  2.11293E-02  4.67258E-01
  1.5066666667E+01  1.5070833333E+01  2.11229E-02  4.99556E-01
  1.5070833333E+01  1.5075000000E+01  2.12366E-02  4.09699E-01
  1.5075000000E+01  1.5079166667E+01  2.12195E-02  3.27421E-01
  1.5079166667E+01  1.5083333333E+01  2.14564E-02  5.33839E-01
  1.5083333333E+01  1.5087500000E+01  2.14002E-02  4.72790E-01
  1.5087500000E+01  1.5091666667E+01  2.13607E-02  3.99819E-01
  1.5091666667E+01  1.5095833333E+01  2.14870E-02  5.42908E-01
  1.5095833333E+01  1.5100000000E+01  2.14342E-02  4.33417E-01
  1.5100000000E+01  1.5104166667E+01  2.14761E-02  4.88202E-01
  1.5104166667E+01  1.5108333333E+01  2.13067E-02  4.51547E-01
  1.5108333333E+01  1.5112500000E+01  2.14098E-02  5.22823E-01
  1.5112500000E+01  1.5116666667E+01  2.13713E-02  5.20465E-01
  1.5116666667E+01  1.5120833333E+01  2.13811E-02  5.49516E-01
  1.5120833333E+01  1.5125000000E+01  2.13529E-02  5.45587E-01
  1.5125000000E+01  1.5129166667E+01  2.13238E-02  4.15356E-01
  1.5129166667E+01  1.5133333333E+01  2.14128E-02  5.06437E-01
  1.5133333333E+01  1.5137500000E+01  2.14752E-02  5.48867E-01
  1.5137500000E+01  1.5141666667E+01  2.15123E-02  5.47050E-01
  1.5141666667E+01  1.5145833333E+01  2.13616E-02  4.19453E-01
  1.5145833333E+01  1.5150000000E+01  2.14236E-02  5.40037E-01
  1.5150000000E+01  1.5154166667E+01  2.13254E-02  4.63997E-01
  1.5154166667E+01  1.5158333333E+01  2.13443E-02  5.23916E-01
  1.5158333333E+01  1.5162500000E+01  2.12744E-02  4.20325E-01
  1.5162500000E+01  1.5166666667E+01  2.14563E-02  5.06619E-01
  1.5166666667E+01  1.5170833333E+01  2.13578E-02  4.83666E-01
  1.5170833333E+01  1.5175000000E+01  2.13129E-02  4.59085E-01
  1.5175000000E+01  1.5179166667E+01  2.13641E-02  4.40391E-01
  1.5179166667E+01  1.5183333333E+01  2.13441E-02  4.50207E-01
  1.5183333333E+01  1.5187500000E+01  2.13030E-02  4.02182E-01
  1.5187500000E+01  1.5191666667E+01  2.14621E-02  4.99189E-01
  1.5191666667E+01  1.5195833333E+01  2.14428E-02  4.29828E-01
  1.5195833333E+01  1.5200000000E+01  2.14532E-02  4.12705E-01
  1.5200000000E+01  1.5204166667E+01  2.14953E-02  4.63127E-01
  1.5204166667E+01  1.5208333333E+01  2.14412E-02  4.07598E-01
  1.5208333333E+01  1.5212500000E+01  2.14192E-02  4.77241E-01
  1.5212500000E+01  1.5216666667E+01  2.14326E-02  4.50792E-01
  1.5216666667E+01  1.5220833333E+01  2.17257E-02  5.03269E-01
  1.5220833333E+01  1.5225000000E+01  2.17212E-02  5.22676E-01
  1.5225000000E+01  1.5229166667E+01  2.16199E-02  3.76490E-01
  1.5229166667E+01  1.5233333333E+01  2.15543E-02  3.36033E-01
  1.5233333333E+01  1.5237500000E+01  2.16745E-02  4.77958E-01
  1.5237500000E+01  1.5241666667E+01  2.16567E-02  4.32109E-01
  1.5241666667E+01  1.5245833333E+01  2.16231E-02  4.44341E-01
  1.5245833333E+01  1.5250000000E+01  2.15786E-02  4.56314E-01
  1.5250000000E+01  1.5254166667E+01  2.15480E-02  3.88148E-01
  1.5254166667E+01  1.5258333333E+01  2.15582E-02  3.96262E-01
  1.5258333333E+01  1.5262500000E+01  2.15776E-02  4.17886E-01
  1.5262500000E+01  1.5266666667E+01  2.16699E-02  4.99141E-01
  1.5266666667E+01  1.5270833333E+01  2.16838E-02  5.38867E-01
  1.5270833333E+01  1.5275000000E+01  2.16870E-02  5.07442E-01
  1.5275000000E+01  1.5279166667E+01  2.17096E-02  5.08534E-01
  1.5279166667E+01  1.5283333333E+01  2.17544E-02  4.57243E-01
  1.5283333333E+01  1.5287500000E+01  2.17920E-02  5.63708E-01
  1.5287500000E+01  1.5291666667E+01  2.16890E-02  5.19303E-01
  1.5291666667E+01  1.5295833333E+01  2.17381E-02  5.09053E-01
  1.5295833333E+01  1.5300000000E+01  2.16535E-02  4.75597E-01
  1.5300000000E+01  1.5304166667E+01  2.17333E-02  4.68526E-01
  1.5304166667E+01  1.5308333333E+01  2.15849E-02  3.61363E-01
  1.5308333333E+01  1.5312500000E+01  2.16030E-02  4.21019E-01
  1.5312500000E+01  1.5316666667E+01  2.15966E-02  3.50327E-01
  1.5316666667E+01  1.5320833333E+01  2.16790E-02  5.09324E-01
  1.5320833333E+01  1.5325000000E+01  2.16217E-02  4.13205E-01
  1.5325000000E+01  1.5329166667E+01  2.16640E-02  5.51463E-01
  1.5329166667E+01  1.5333333333E+01  2.17127E-02  5.43180E-01
  1.5333333333E+01  1.5337500000E+01  2.15222E-02  4.27676E-01
  1.5337500000E+01  1.5341666667E+01  2.17141E-02  5.62420E-01
  1.5341666667E+01  1.5345833333E+01  2.16019E-02  4.50480E-01
  1.5345833333E+01  1.5350000000E+01  2.18048E-02  6.28729E-01
  1.5350000000E+01  1.5354166667E+01  2.15952E-02  4.26767E-01
  1.5354166667E+01  1.5358333333E+01  2.17076E-02  4.89171E-01
  1.5358333333E+01  1.5362500000E+01  2.16625E-02  4.33102E-01
  1.5362500000E+01  1.5366666667E+01  2.17045E-02  5.46910E-01
  1.5366666667E+01  1.5370833333E+01  2.18211E-02  6.13447E-01
  1.5370833333E+01  1.5375000000E+01  2.17410E-02  6.23362E-01
  1.5375000000E+01  1.5379166667E+01  2.17473E-02  5.53957E-01
  1.5379166667E+01  1.5383333333E+01  2.18371E-02  6.04608E-01
  1.5383333333E+01  1.5387500000E+01  2.17205E-02  5.61675E-01
  1.5387500000E+01  1.5391666667E+01  2.17426E-02  5.02425E-01
  1.5391666667E+01  1.5395833333E+01  2.18074E-02  4.80368E-01
  1.5395833333E+01  1.5400000000E+01  2.16291E-02  4.08253E-01
  1.5400000000E+01  1.5404166667E+01  2.17590E-02  5.63062E-01
  1.5404166667E+01  1.5408333333E+01  2.16130E-02  4.67665E-01
  1.5408333333E+01  1.5412500000E+01  2.16711E-02  4.74135E-01
  1.5412500000E+01  1.5416666667E+01  2.17081E-02  5.01240E-01
  1.5416666667E+01  1.5420833333E+01  2.17206E-02  5.19387E-01
  1.5420833333E+01  1.5425000000E+01  2.16286E-02  5.62962E-01
  1.5425000000E+01  1.5429166667E+01  2.14600E-02  3.20758E-01
  1.5429166667E+01  1.5433333333E+01  2.15011E-02  4.21723E-01
  1.5433333333E+01  1.5437500000E+01  2.15719E-02  4.72953E-01
  1.5437500000E+01  1.5441666667E+01  2.16533E-02  5.17300E-01
  1.5441666667E+01  1.5445833333E+01  2.16338E-02  4.26126E-01
  1.5445833333E+01  1.5450000000E+01  2.17024E-02  5.14634E-01
  1.5450000000E+01  1.5454166667E+01  2.16550E-02  4.86814E-01
  1.5454166667E+01  1.5458333333E+01  2.16750E-02  5.03835E-01
  1.5458333333E+01  1.5462500000E+01  2.15730E-02  3.96361E-01
  1.5462500000E+01  1.5466666667E+01  2.17598E-02  6.19451E-01
  1.5466666667E+01  1.5470833333E+01  2.17233E-02  5.27445E-01
  1.5470833333E+01  1.5475000000E+01  2.19023E-02  6.79341E-01
  1.5475000000E+01  1.5479166667E+01  2.16657E-02  4.77043E-01
  1.5479166667E+01  1.5483333333E+01  2.16568E-02  4.69874E-01
  1.5483333333E+01  1.5487500000E+01  2.16243E-02  4.27133E-01
  1.5487500000E+01  1.5491666667E+01  2.16878E-02  3.88975E-01
  1.5491666667E+01  1.5495833333E+01  2.18263E-02  3.88236E-01
  1.5495833333E+01  1.5500000000E+01  2.19038E-02  4.03451E-01
  1.5500000000E+01  1.5504166667E+01  2.19837E-02  4.91002E-01
  1.5504166667E+01  1.5508333333E+01  2.19058E-02  4.72076E-01
  1.5508333333E+01  1.5512500000E+01  2.19411E-02  3.96571E-01
  1.5512500000E+01  1.5516666667E+01  2.21320E-02  6.60582E-01
  1.5516666667E+01  1.5520833333E+01  2.20634E-02  5.33242E-01
  1.5520833333E+01  1.5525000000E+01  2.20390E-02  5.48976E-01
  1.5525000000E+01  1.5529166667E+01  2.20883E-02  5.67684E-01
  1.5529166667E+01  1.5533333333E+01  2.20905E-02  5.38794E-01
  1.5533333333E+01  1.5537500000E+01  2.19362E-02  4.37849E-01
  1.5537500000E+01  1.5541666667E+01  2.18901E-02  3.99279E-01
  1.5541666667E+01  1.5545833333E+01  2.19210E-02  4.47834E-01
  1.5545833333E+01  1.5550000000E+01  2.20049E-02  5.39880E-01
  1.5550000000E+01  1.5554166667E+01  2.19929E-02  5.71024E-01
  1.5554166667E+01  1.5558333333E+01  2.19719E-02  5.30590E-01
  1.5558333333E+01  1.5562500000E+01  2.20227E-02  5.49572E-01
  1.5562500000E+01  1.5566666667E+01  2.20394E-02  6.97749E-01
  1.5566666667E+01  1.5570833333E+01  2.19362E-02  5.71536E-01
  1.5570833333E+01  1.5575000000E+01  2.19919E-02  5.23786E-01
  1.5575000000E+01  1.5579166667E+01  2.19594E-02  4.45747E-01
  1.5579166667E+01  1.5583333333E+01  2.19099E-02  3.64678E-01
  1.5583333333E+01  1.5587500000E+01  2.19236E-02  4.49662E-01
  1.5587500000E+01  1.5591666667E+01  2.19065E-02  3.69453E-01
  1.5591666667E+01  1.5595833333E+01  2.18799E-02  3.65621E-01
  1.5595833333E+01  1.5600000000E+01  2.19885E-02  4.60405E-01
  1.5600000000E+01  1.5604166667E+01  2.21234E-02  5.18906E-01
  1.5604166667E+01  1.5608333333E+01  2.18848E-02  4.04651E-01
  1.5608333333E+01  1.5612500000E+01  2.19771E-02  4.00643E-01
  1.5612500000E+01  1.5616666667E+01  2.19195E-02  5.04745E-01
  1.5616666667E+01  1.5620833333E+01  2.19739E-02  4.78964E-01
  1.5620833333E+01  1.5625000000E+01  2.19700E-02  4.98104E-01
  1.5625000000E+01  1.5629166667E+01  2.19422E-02  4.56446E-01
  1.5629166667E+01  1.5633333333E+01  2.20567E-02  5.48738E-01
  1.5633333333E+01  1.5637500000E+01  2.21559E-02  7.42998E-01
  1.5637500000E+01  1.5641666667E+01  2.20600E-02  4.72976E-01
  1.5641666667E+01  1.5645833333E+01  2.19676E-02  4.67391E-01
  1.5645833333E+01  1.5650000000E+01  2.19389E-02  4.35635E-01
  1.5650000000E+01  1.5654166667E+01  2.20113E-02  4.51908E-01
  1.5654166667E+01  1.5658333333E+01  2.19529E-02  4.48896E-01
  1.5658333333E+01  1.5662500000E+01  2.19412E-02  4.01637E-01
  1.5662500000E+01  1.5666666667E+01  2.20459E-02  5.47832E-01
  1.5666666667E+01  1.5670833333E+01  2.20028E-02  4.33842E-01
  1.5670833333E+01  1.5675000000E+01  2.20484E-02  5.50397E-01
  1.5675000000E+01  1.5679166667E+01  2.21123E-02  4.87158E-01
  1.5679166667E+01  1.5683333333E+01  2.20412E-02  4.86283E-01
  1.5683333333E+01  1.5687500000E+01  2.20546E-02  4.36683E-01
  1.5687500000E+01  1.5691666667E+01  2.19823E-02  4.27687E-01
  1.5691666667E+01  1.5695833333E+01  2.21248E-02  5.44814E-01
  1.5695833333E+01  1.5700000000E+01  2.21540E-02  5.58561E-01
  1.5700000000E+01  1.5704166667E+01  2.20546E-02  4.80566E-01
  1.5704166667E+01  1.5708333333E+01  2.20130E-02  4.75079E-01
  1.5708333333E+01  1.5712500000E+01  2.21130E-02  5.25700E-01
  1.5712500000E+01  1.5716666667E+01  2.20570E-02  4.63576E-01
  1.5716666667E+01  1.5720833333E+01  2.20891E-02  4.76158E-01
  1.5720833333E+01  1.5725000000E+01  2.20772E-02  5.28696E-01
  1.5725000000E+01  1.5729166667E+01  2.20664E-02  4.75439E-01
  1.5729166667E+01  1.5733333333E+01  2.19317E-02  3.32799E-01
  1.5733333333E+01  1.5737500000E+01  2.19471E-02  4.13569E-01
  1.5737500000E+01  1.5741666667E+01  2.21193E-02  5.37311E-01
  1.5741666667E+01  1.5745833333E+01  2.22122E-02  5.58446E-01
  1.5745833333E+01  1.5750000000E+01  2.21066E-02  5.38472E-01
  1.5750000000E+01  1.5754166667E+01  2.20677E-02  4.63779E-01
  1.5754166667E+01  1.5758333333E+01  2.19242E-02  3.18654E-01
  1.5758333333E+01  1.5762500000E+01  2.20399E-02  4.33550E-01
  1.5762500000E+01  1.5766666667E+01  2.19713E-02  3.83979E-01
  1.5766666667E+01  1.5770833333E+01  2.20671E-02  4.25921E-01
  1.5770833333E+01  1.5775000000E+01  2.18928E-02  2.86519E-01
  1.5775000000E+01  1.5779166667E+01  2.20584E-02  4.56886E-01
  1.5779166667E+01  1.5783333333E+01  2.21952E-02  5.53153E-01
  1.5783333333E+01  1.5787500000E+01  2.21836E-02  4.91187E-01
  1.5787500000E+01  1.5791666667E+01  2.21840E-02  4.39061E-01
  1.5791666667E+01  1.5795833333E+01  2.22158E-02  6.34148E-01
  1.5795833333E+01  1.5800000000E+01  2.21088E-02  3.76215E-01
  1.5800000000E+01  1.5804166667E+01  2.21957E-02  4.97211E-01
  1.5804166667E+01  1.5808333333E+01  2.22577E-02  5.96362E-01
  1.5808333333E+01  1.5812500000E+01  2.20085E-02  3.60785E-01
  1.5812500000E+01  1.5816666667E+01  2.20575E-02  4.40017E-01
  1.5816666667E+01  1.5820833333E+01  2.20977E-02  5.02812E-01
  1.5820833333E+01  1.5825000000E+01  2.21652E-02  5.37557E-01
  1.5825000000E+01  1.5829166667E+01  2.23604E-02  6.08287E-01
  1.5829166667E+01  1.5833333333E+01  2.21176E-02  4.26075E-01
  1.5833333333E+01  1.5837500000E+01  2.22066E-02  5.16233E-01
  1.5837500000E+01  1.5841666667E+01  2.22064E-02  4.26016E-01
  1.5841666667E+01  1.5845833333E+01  2.21393E-02  4.18847E-01
  1.5845833333E+01  1.5850000000E+01  2.23045E-02  5.51619E-01
  1.5850000000E+01  1.5854166667E+01  2.22033E-02  5.23016E-01
  1.5854166667E+01  1.5858333333E+01  2.20807E-02  4.17558E-01
  1.5858333333E+01  1.5862500000E+01  2.20750E-02  3.58424E-01
  1.5862500000E+01  1.5866666667E+01  2.23734E-02  5.86569E-01
  1.5866666667E+01  1.5870833333E+01  2.20931E-02  3.84500E-01
  1.5870833333E+01  1.5875000000E+01  2.21484E-02  3.92921E-01
  1.5875000000E+01  1.5879166667E+01  2.22172E-02  4.49165E-01
  1.5879166667E+01  1.5883333333E+01  2.22394E-02  5.35922E-01
  1.5883333333E+01  1.5887500000E+01  2.20804E-02  3.47233E-01
  1.5887500000E+01  1.5891666667E+01  2.21836E-02  4.58297E-01
  1.5891666667E+01  1.5895833333E+01  2.22759E-02  4.74781E-01
  1.5895833333E+01  1.5900000000E+01  2.23119E-02  6.04299E-01
  1.5900000000E+01  1.5904166667E+01  2.22513E-02  4.34654E-01
  1.5904166667E+01  1.5908333333E+01  2.22539E-02  5.08189E-01
  1.5908333333E+01  1.5912500000E+01  2.21492E-02  4.20456E-01
  1.5912500000E+01  1.5916666667E+01  2.22963E-02  5.25522E-01
  1.5916666667E+01  1.5920833333E+01  2.22874E-02  4.43333E-01
  1.5920833333E+01  1.5925000000E+01  2.23347E-02  6.51353E-01
  1.5925000000E+01  1.5929166667E+01  2.24133E-02  5.38251E-01
  1.5929166667E+01  1.5933333333E+01  2.21870E-02  4.40100E-01
  1.5933333333E+01  1.5937500000E+01  2.22587E-02  4.18448E-01
  1.5937500000E+01  1.5941666667E+01  2.22538E-02  4.07330E-01
  1.5941666667E+01  1.5945833333E+01  2.21679E-02  3.71839E-01
  1.5945833333E+01  1.5950000000E+01  2.24002E-02  5.63462E-01
  1.5950000000E+01  1.5954166667E+01  2.22343E-02  5.08685E-01
  1.5954166667E+01  1.5958333333E+01  2.21936E-02  4.44621E-01
  1.5958333333E+01  1.5962500000E+01  2.22905E-02  4.67194E-01
  1.5962500000E+01  1.5966666667E+01  2.23441E-02  5.09912E-01
  1.5966666667E+01  1.5970833333E+01  2.24364E-02  6.11822E-01
  1.5970833333E+01  1.5975000000E+01  2.24481E-02  5.78966E-01
  1.5975000000E+01  1.5979166667E+01  2.23544E-02  4.31370E-01
  1.5979166667E+01  1.5983333333E+01  2.23587E-02  5.36707E-01
  1.5983333333E+01  1.5987500000E+01  2.22710E-02  3.52378E-01
  1.5987500000E+01  1.5991666667E+01  2.23217E-02  4.32696E-01
  1.5991666667E+01  1.5995833333E+01  2.24173E-02  4.90101E-01
  1.5995833333E+01  1.6000000000E+01  2.23110E-02  3.52522E-01
  1.6000000000E+01  1.6004166667E+01  2.24072E-02  3.92054E-01
  1.6004166667E+01  1.6008333333E+01  2.24287E-02  3.51231E-01
  1.6008333333E+01  1.6012500000E+01  2.26302E-02  4.34866E-01
  1.6012500000E+01  1.6016666667E+01  2.26488E-02  4.27712E-01
  1.6016666667E+01  1.6020833333E+01  2.25379E-02  4.20032E-01
  1.6020833333E+01  1.6025000000E+01  2.25150E-02  3.66313E-01
  1.6025000000E+01  1.6029166667E+01  2.25597E-02  4.85204E-01
  1.6029166667E+01  1.6033333333E+01  2.26892E-02  5.11564E-01
  1.6033333333E+01  1.6037500000E+01  2.26413E-02  5.51253E-01
  1.6037500000E+01  1.6041666667E+01  2.26567E-02  5.09146E-01
  1.6041666667E+01  1.6045833333E+01  2.26017E-02  4.22164E-01
  1.6045833333E+01  1.6050000000E+01  2.25625E-02  4.05067E-01
  1.6050000000E+01  1.6054166667E+01  2.25940E-02  4.30816E-01
  1.6054166667E+01  1.6058333333E+01  2.26366E-02  4.80254E-01
  1.6058333333E+01  1.6062500000E+01  2.26451E-02  4.60048E-01
  1.6062500000E+01  1.6066666667E+01  2.26909E-02  6.82005E-01
  1.6066666667E+01  1.6070833333E+01  2.26256E-02  5.01489E-01
  1.6070833333E+01  1.6075000000E+01  2.26083E-02  4.27089E-01
  1.6075000000E+01  1.6079166667E+01  2.25522E-02  3.84839E-01
  1.6079166667E+01  1.6083333333E+01  2.25998E-02  4.60211E-01
  1.6083333333E+01  1.6087500000E+01  2.25990E-02  4.20986E-01
  1.6087500000E+01  1.6091666667E+01  2.26496E-02  4.91183E-01
  1.6091666667E+01  1.6095833333E+01  2.26451E-02  5.36383E-01
  1.6095833333E+01  1.6100000000E+01  2.26516E-02  4.60130E-01
  1.6100000000E+01  1.6104166667E+01  2.27253E-02  5.82354E-01
  1.6104166667E+01  1.6108333333E+01  2.26234E-02  3.84875E-01
  1.6108333333E+01  1.6112500000E+01  2.27601E-02  5.05018E-01
  1.6112500000E+01  1.6116666667E+01  2.27216E-02  5.01719E-01
  1.6116666667E+01  1.6120833333E+01  2.26186E-02  3.67393E-01
  1.6120833333E+01  1.6125000000E+01  2.25838E-02  3.70051E-01
  1.6125000000E+01  1.6129166667E+01  2.26441E-02  4.62033E-01
  1.6129166667E+01  1.6133333333E+01  2.27554E-02  5.22582E-01
  1.6133333333E+01  1.6137500000E+01  2.27665E-02  5.21443E-01
  1.6137500000E+01  1.6141666667E+01  2.26868E-02  4.30046E-01
  1.6141666667E+01  1.6145833333E+01  2.28290E-02  5.29921E-01
  1.6145833333E+01  1.6150000000E+01  2.27538E-02  4.34430E-01
  1.6150000000E+01  1.6154166667E+01  2.27987E-02  5.29024E-01
  1.6154166667E+01  1.6158333333E+01  2.26563E-02  4.27746E-01
  1.6158333333E+01  1.6162500000E+01  2.27577E-02  4.70097E-01
  1.6162500000E+01  1.6166666667E+01  2.27935E-02  4.41366E-01
  1.6166666667E+01  1.6170833333E+01  2.27779E-02  4.59306E-01
  1.6170833333E+01  1.6175000000E+01  2.27559E-02  4.43127E-01
  1.6175000000E+01  1.6179166667E+01  2.27301E-02  4.57298E-01
  1.6179166667E+01  1.6183333333E+01  2.27918E-02  4.36177E-01
  1.6183333333E+01  1.6187500000E+01  2.26665E-02  3.88357E-01
  1.6187500000E+01  1.6191666667E+01  2.26675E-02  3.85117E-01
  1.6191666667E+01  1.6195833333E+01  2.27528E-02  4.36986E-01
  1.6195833333E+01  1.6200000000E+01  2.27056E-02  3.92348E-01
  1.6200000000E+01  1.6204166667E+01  2.28007E-02  4.52083E-01
  1.6204166667E+01  1.6208333333E+01  2.29075E-02  5.25123E-01
  1.6208333333E+01  1.6212500000E+01  2.27063E-02  4.23876E-01
  1.6212500000E+01  1.6216666667E+01  2.28067E-02  4.38776E-01
  1.6216666667E+01  1.6220833333E+01  2.27724E-02  3.96262E-01
  1.6220833333E+01  1.6225000000E+01  2.28059E-02  4.07605E-01
  1.6225000000E+01  1.6229166667E+01  2.27597E-02  3.66144E-01
  1.6229166667E+01  1.6233333333E+01  2.27929E-02  3.73814E-01
  1.6233333333E+01  1.6237500000E+01  2.28618E-02  5.94028E-01
  1.6237500000E+01  1.6241666667E+01  2.28575E-02  4.18665E-01
  1.6241666667E+01  1.6245833333E+01  2.28370E-02  4.04167E-01
  1.6245833333E+01  1.6250000000E+01  2.29142E-02  3.83374E-01
  1.6250000000E+01  1.6254166667E+01  2.30603E-02  5.33855E-01
  1.6254166667E+01  1.6258333333E+01  2.28554E-02  3.43517E-01
  1.6258333333E+01  1.6262500000E+01  2.28500E-02  3.75417E-01
  1.6262500000E+01  1.6266666667E+01  2.29657E-02  4.00693E-01
  1.6266666667E+01  1.6270833333E+01  2.29363E-02  3.99792E-01
  1.6270833333E+01  1.6275000000E+01  2.28788E-02  3.63920E-01
  1.6275000000E+01  1.6279166667E+01  2.29435E-02  4.33613E-01
  1.6279166667E+01  1.6283333333E+01  2.30134E-02  4.77724E-01
  1.6283333333E+01  1.6287500000E+01  2.30430E-02  3.79986E-01
  1.6287500000E+01  1.6291666667E+01  2.30476E-02  4.32360E-01
  1.6291666667E+01  1.6295833333E+01  2.30365E-02  5.21873E-01
  1.6295833333E+01  1.6300000000E+01  2.30539E-02  5.08281E-01
  1.6300000000E+01  1.6304166667E+01  2.29456E-02  3.57296E-01
  1.6304166667E+01  1.6308333333E+01  2.30288E-02  4.54801E-01
  1.6308333333E+01  1.6312500000E+01  2.29321E-02  3.88987E-01
  1.6312500000E+01  1.6316666667E+01  2.31055E-02  5.26667E-01
  1.6316666667E+01  1.6320833333E+01  2.30912E-02  4.78467E-01
  1.6320833333E+01  1.6325000000E+01  2.30927E-02  4.76097E-01
  1.6325000000E+01  1.6329166667E+01  2.32138E-02  5.09299E-01
  1.6329166667E+01  1.6333333333E+01  2.30066E-02  3.67615E-01
  1.6333333333E+01  1.6337500000E+01  2.28905E-02  3.34035E-01
  1.6337500000E+01  1.6341666667E+01  2.31574E-02  5.55288E-01
  1.6341666667E+01  1.6345833333E+01  2.30957E-02  4.45272E-01
  1.6345833333E+01  1.6350000000E+01  2.30688E-02  4.33227E-01
  1.6350000000E+01  1.6354166667E+01  2.31843E-02  5.45083E-01
  1.6354166667E+01  1.6358333333E+01  2.31977E-02  4.69208E-01
  1.6358333333E+01  1.6362500000E+01  2.31025E-02  4.59126E-01
  1.6362500000E+01  1.6366666667E+01  2.31016E-02  3.86816E-01
  1.6366666667E+01  1.6370833333E+01  2.31174E-02  4.38133E-01
  1.6370833333E+01  1.6375000000E+01  2.30240E-02  4.10186E-01
  1.6375000000E+01  1.6379166667E+01  2.31457E-02  4.32146E-01
  1.6379166667E+01  1.6383333333E+01  2.30183E-02  4.19335E-01
  1.6383333333E+01  1.6387500000E+01  2.32402E-02  4.59999E-01
  1.6387500000E+01  1.6391666667E+01  2.32106E-02  4.82596E-01
  1.6391666667E+01  1.6395833333E+01  2.30218E-02  3.56559E-01
  1.6395833333E+01  1.6400000000E+01  2.30004E-02  3.40177E-01
  1.6400000000E+01  1.6404166667E+01  2.31089E-02  3.31433E-01
  1.6404166667E+01  1.6408333333E+01  2.32136E-02  4.60560E-01
  1.6408333333E+01  1.6412500000E+01  2.30237E-02  3.46564E-01
  1.6412500000E+01  1.6416666667E+01  2.30406E-02  3.89183E-01
  1.6416666667E+01  1.6420833333E+01  2.31953E-02  3.38134E-01
  1.6420833333E+01  1.6425000000E+01  2.33144E-02  5.34525E-01
  1.6425000000E+01  1.6429166667E+01  2.33581E-02  4.92988E-01
  1.6429166667E+01  1.6433333333E+01  2.34365E-02  4.78121E-01
  1.6433333333E+01  1.6437500000E+01  2.34287E-02  4.78485E-01
  1.6437500000E+01  1.6441666667E+01  2.33691E-02  3.90240E-01
  1.6441666667E+01  1.6445833333E+01  2.32733E-02  3.08595E-01
  1.6445833333E+01  1.6450000000E+01  2.33685E-02  4.42564E-01
  1.6450000000E+01  1.6454166667E+01  2.34409E-02  4.60233E-01
  1.6454166667E+01  1.6458333333E+01  2.33737E-02  4.79768E-01
  1.6458333333E+01  1.6462500000E+01  2.32964E-02  3.81009E-01
  1.6462500000E+01  1.6466666667E+01  2.31972E-02  3.24473E-01
  1.6466666667E+01  1.6470833333E+01  2.33532E-02  3.80112E-01
  1.6470833333E+01  1.6475000000E+01  2.33520E-02  4.04976E-01
  1.6475000000E+01  1.6479166667E+01  2.34531E-02  4.17305E-01
  1.6479166667E+01  1.6483333333E+01  2.34339E-02  4.12629E-01
  1.6483333333E+01  1.6487500000E+01  2.33963E-02  4.69035E-01
  1.6487500000E+01  1.6491666667E+01  2.35090E-02  4.75901E-01
  1.6491666667E+01  1.6495833333E+01  2.34667E-02  4.14958E-01
  1.6495833333E+01  1.6500000000E+01  2.33923E-02  3.61590E-01
  1.6500000000E+01  1.6504166667E+01  2.34796E-02  4.06826E-01
  1.6504166667E+01  1.6508333333E+01  2.35836E-02  4.02022E-01
  1.6508333333E+01  1.6512500000E+01  2.35695E-02  4.35024E-01
  1.6512500000E+01  1.6516666667E+01  2.37215E-02  6.12290E-01
  1.6516666667E+01  1.6520833333E+01  2.36484E-02  4.53209E-01
  1.6520833333E+01  1.6525000000E+01  2.36585E-02  4.20588E-01
  1.6525000000E+01  1.6529166667E+01  2.36441E-02  4.34423E-01
  1.6529166667E+01  1.6533333333E+01  2.34923E-02  4.35071E-01
  1.6533333333E+01  1.6537500000E+01  2.35038E-02  4.09603E-01
  1.6537500000E+01  1.6541666667E+01  2.35375E-02  4.82452E-01
  1.6541666667E+01  1.6545833333E+01  2.35877E-02  4.72194E-01
  1.6545833333E+01  1.6550000000E+01  2.35422E-02  4.27668E-01
  1.6550000000E+01  1.6554166667E+01  2.35788E-02  4.86396E-01
  1.6554166667E+01  1.6558333333E+01  2.34378E-02  3.13351E-01
  1.6558333333E+01  1.6562500000E+01  2.34744E-02  3.02633E-01
  1.6562500000E+01  1.6566666667E+01  2.36007E-02  4.85909E-01
  1.6566666667E+01  1.6570833333E+01  2.36667E-02  4.69089E-01
  1.6570833333E+01  1.6575000000E+01  2.36554E-02  4.24265E-01
  1.6575000000E+01  1.6579166667E+01  2.37753E-02  5.15250E-01
  1.6579166667E+01  1.6583333333E+01  2.36944E-02  4.92202E-01
  1.6583333333E+01  1.6587500000E+01  2.35864E-02  4.16358E-01
  1.6587500000E+01  1.6591666667E+01  2.36058E-02  3.83902E-01
  1.6591666667E+01  1.6595833333E+01  2.35165E-02  3.44626E-01
  1.6595833333E+01  1.6600000000E+01  2.36435E-02  4.52168E-01
  1.6600000000E+01  1.6604166667E+01  2.36062E-02  3.67259E-01
  1.6604166667E+01  1.6608333333E+01  2.37851E-02  4.44041E-01
  1.6608333333E+01  1.6612500000E+01  2.36116E-02  4.33827E-01
  1.6612500000E+01  1.6616666667E+01  2.35868E-02  4.15320E-01
  1.6616666667E+01  1.6620833333E+01  2.35945E-02  3.87088E-01
  1.6620833333E+01  1.6625000000E+01  2.37671E-02  5.10912E-01
  1.6625000000E+01  1.6629166667E+01  2.36879E-02  4.11149E-01
  1.6629166667E+01  1.6633333333E+01  2.38475E-02  5.00210E-01
  1.6633333333E+01  1.6637500000E+01  2.36620E-02  4.09462E-01
  1.6637500000E+01  1.6641666667E+01  2.37058E-02  4.08936E-01
  1.6641666667E+01  1.6645833333E+01  2.37352E-02  4.04857E-01
  1.6645833333E+01  1.6650000000E+01  2.36739E-02  3.62404E-01
  1.6650000000E+01  1.6654166667E+01  2.36928E-02  3.82701E-01
  1.6654166667E+01  1.6658333333E+01  2.36998E-02  3.26666E-01
  1.6658333333E+01  1.6662500000E+01  2.36445E-02  2.88651E-01
  1.6662500000E+01  1.6666666667E+01  2.38178E-02  4.04330E-01
  1.6666666667E+01  1.6670833333E+01  2.38808E-02  4.47342E-01
  1.6670833333E+01  1.6675000000E+01  2.37503E-02  3.15733E-01
  1.6675000000E+01  1.6679166667E+01  2.38495E-02  3.66060E-01
  1.6679166667E+01  1.6683333333E+01  2.39934E-02  5.24410E-01
  1.6683333333E+01  1.6687500000E+01  2.38898E-02  3.59923E-01
  1.6687500000E+01  1.6691666667E+01  2.39987E-02  4.40904E-01
  1.6691666667E+01  1.6695833333E+01  2.39179E-02  4.16342E-01
  1.6695833333E+01  1.6700000000E+01  2.39963E-02  4.66387E-01
  1.6700000000E+01  1.6704166667E+01  2.40213E-02  4.78484E-01
  1.6704166667E+01  1.6708333333E+01  2.38367E-02  3.61407E-01
  1.6708333333E+01  1.6712500000E+01  2.41370E-02  5.41956E-01
  1.6712500000E+01  1.6716666667E+01  2.40929E-02  5.51390E-01
  1.6716666667E+01  1.6720833333E+01  2.40571E-02  4.86670E-01
  1.6720833333E+01  1.6725000000E+01  2.40319E-02  4.58226E-01
  1.6725000000E+01  1.6729166667E+01  2.41135E-02  4.13836E-01
  1.6729166667E+01  1.6733333333E+01  2.39713E-02  3.88669E-01
  1.6733333333E+01  1.6737500000E+01  2.40447E-02  5.00636E-01
  1.6737500000E+01  1.6741666667E+01  2.39980E-02  4.15845E-01
  1.6741666667E+01  1.6745833333E+01  2.40921E-02  4.45158E-01
  1.6745833333E+01  1.6750000000E+01  2.39394E-02  3.38675E-01
  1.6750000000E+01  1.6754166667E+01  2.40053E-02  4.23631E-01
  1.6754166667E+01  1.6758333333E+01  2.40841E-02  4.33949E-01
  1.6758333333E+01  1.6762500000E+01  2.41031E-02  4.56015E-01
  1.6762500000E+01  1.6766666667E+01  2.40949E-02  4.11773E-01
  1.6766666667E+01  1.6770833333E+01  2.42784E-02  4.09009E-01
  1.6770833333E+01  1.6775000000E+01  2.41323E-02  3.73004E-01
  1.6775000000E+01  1.6779166667E+01  2.40763E-02  3.75753E-01
  1.6779166667E+01  1.6783333333E+01  2.40699E-02  3.08626E-01
  1.6783333333E+01  1.6787500000E+01  2.42379E-02  4.53195E-01
  1.6787500000E+01  1.6791666667E+01  2.41505E-02  3.12254E-01
  1.6791666667E+01  1.6795833333E+01  2.43365E-02  4.57119E-01
  1.6795833333E+01  1.6800000000E+01  2.43362E-02  4.93121E-01
  1.6800000000E+01  1.6804166667E+01  2.42879E-02  3.93781E-01
  1.6804166667E+01  1.6808333333E+01  2.44761E-02  5.51919E-01
  1.6808333333E+01  1.6812500000E+01  2.44696E-02  5.74597E-01
  1.6812500000E+01  1.6816666667E+01  2.44420E-02  4.70849E-01
  1.6816666667E+01  1.6820833333E+01  2.43488E-02  4.12060E-01
  1.6820833333E+01  1.6825000000E+01  2.43245E-02  3.42654E-01
  1.6825000000E+01  1.6829166667E+01  2.42598E-02  3.46400E-01
  1.6829166667E+01  1.6833333333E+01  2.43435E-02  4.07725E-01
  1.6833333333E+01  1.6837500000E+01  2.44651E-02  4.12859E-01
  1.6837500000E+01  1.6841666667E+01  2.43458E-02  3.49994E-01
  1.6841666667E+01  1.6845833333E+01  2.44828E-02  5.26653E-01
  1.6845833333E+01  1.6850000000E+01  2.43793E-02  3.64530E-01
  1.6850000000E+01  1.6854166667E+01  2.44574E-02  4.09496E-01
  1.6854166667E+01  1.6858333333E+01  2.44378E-02  3.60355E-01
  1.6858333333E+01  1.6862500000E+01  2.44355E-02  4.87918E-01
  1.6862500000E+01  1.6866666667E+01  2.44957E-02  4.23991E-01
  1.6866666667E+01  1.6870833333E+01  2.46285E-02  4.55478E-01
  1.6870833333E+01  1.6875000000E+01  2.46149E-02  4.99868E-01
  1.6875000000E+01  1.6879166667E+01  2.45418E-02  4.52359E-01
  1.6879166667E+01  1.6883333333E+01  2.44616E-02  4.02266E-01
  1.6883333333E+01  1.6887500000E+01  2.44597E-02  3.72894E-01
  1.6887500000E+01  1.6891666667E+01  2.45384E-02  4.25465E-01
  1.6891666667E+01  1.6895833333E+01  2.47566E-02  5.21022E-01
  1.6895833333E+01  1.6900000000E+01  2.45958E-02  4.77172E-01
  1.6900000000E+01  1.6904166667E+01  2.46420E-02  4.37620E-01
  1.6904166667E+01  1.6908333333E+01  2.45427E-02  4.01583E-01
  1.6908333333E+01  1.6912500000E+01  2.44722E-02  3.48949E-01
  1.6912500000E+01  1.6916666667E+01  2.45588E-02  3.93464E-01
  1.6916666667E+01  1.6920833333E+01  2.45034E-02  3.92772E-01
  1.6920833333E+01  1.6925000000E+01  2.45570E-02  4.18278E-01
  1.6925000000E+01  1.6929166667E+01  2.44830E-02  3.68742E-01
  1.6929166667E+01  1.6933333333E+01  2.45370E-02  3.53046E-01
  1.6933333333E+01  1.6937500000E+01  2.46100E-02  3.95546E-01
  1.6937500000E+01  1.6941666667E+01  2.47933E-02  5.24644E-01
  1.6941666667E+01  1.6945833333E+01  2.47534E-02  4.92608E-01
  1.6945833333E+01  1.6950000000E+01  2.46595E-02  3.48702E-01
  1.6950000000E+01  1.6954166667E+01  2.47618E-02  3.79241E-01
  1.6954166667E+01  1.6958333333E+01  2.47397E-02  3.63829E-01
  1.6958333333E+01  1.6962500000E+01  2.46905E-02  3.62651E-01
  1.6962500000E+01  1.6966666667E+01  2.46973E-02  3.81087E-01
  1.6966666667E+01  1.6970833333E+01  2.46954E-02  4.09325E-01
  1.6970833333E+01  1.6975000000E+01  2.47505E-02  3.55406E-01
  1.6975000000E+01  1.6979166667E+01  2.49500E-02  4.82654E-01
  1.6979166667E+01  1.6983333333E+01  2.49147E-02  4.56363E-01
  1.6983333333E+01  1.6987500000E+01  2.48443E-02  4.02977E-01
  1.6987500000E+01  1.6991666667E+01  2.48901E-02  4.24203E-01
  1.6991666667E+01  1.6995833333E+01  2.48531E-02  3.51570E-01
  1.6995833333E+01  1.7000000000E+01  2.49534E-02  4.56700E-01
  1.7000000000E+01  1.7004166667E+01  2.48128E-02  4.26320E-01
  1.7004166667E+01  1.7008333333E+01  2.48078E-02  3.71999E-01
  1.7008333333E+01  1.7012500000E+01  2.50264E-02  5.27396E-01
  1.7012500000E+01  1.7016666667E+01  2.49816E-02  4.36080E-01
  1.7016666667E+01  1.7020833333E+01  2.50702E-02  4.75362E-01
  1.7020833333E+01  1.7025000000E+01  2.51132E-02  5.12996E-01
  1.7025000000E+01  1.7029166667E+01  2.51428E-02  4.82152E-01
  1.7029166667E+01  1.7033333333E+01  2.50241E-02  4.20301E-01
  1.7033333333E+01  1.7037500000E+01  2.50582E-02  4.67524E-01
  1.7037500000E+01  1.7041666667E+01  2.50120E-02  4.48825E-01
  1.7041666667E+01  1.7045833333E+01  2.50604E-02  3.71338E-01
  1.7045833333E+01  1.7050000000E+01  2.49910E-02  4.12090E-01
  1.7050000000E+01  1.7054166667E+01  2.50932E-02  4.26283E-01
  1.7054166667E+01  1.7058333333E+01  2.51972E-02  4.48798E-01
  1.7058333333E+01  1.7062500000E+01  2.52815E-02  4.80228E-01
  1.7062500000E+01  1.7066666667E+01  2.53419E-02  4.70330E-01
  1.7066666667E+01  1.7070833333E+01  2.51789E-02  3.56809E-01
  1.7070833333E+01  1.7075000000E+01  2.52792E-02  3.67143E-01
  1.7075000000E+01  1.7079166667E+01  2.52421E-02  3.88157E-01
  1.7079166667E+01  1.7083333333E+01  2.53020E-02  4.55924E-01
  1.7083333333E+01  1.7087500000E+01  2.53092E-02  3.80647E-01
  1.7087500000E+01  1.7091666667E+01  2.53007E-02  4.20035E-01
  1.7091666667E+01  1.7095833333E+01  2.52490E-02  3.58087E-01
  1.7095833333E+01  1.7100000000E+01  2.53421E-02  3.78118E-01
  1.7100000000E+01  1.7104166667E+01  2.53284E-02  4.08629E-01
  1.7104166667E+01  1.7108333333E+01  2.54332E-02  4.02874E-01
  1.7108333333E+01  1.7112500000E+01  2.53029E-02  3.56253E-01
  1.7112500000E+01  1.7116666667E+01  2.56241E-02  4.87648E-01
  1.7116666667E+01  1.7120833333E+01  2.55609E-02  4.69873E-01
  1.7120833333E+01  1.7125000000E+01  2.54774E-02  4.41232E-01
  1.7125000000E+01  1.7129166667E+01  2.55154E-02  4.26852E-01
  1.7129166667E+01  1.7133333333E+01  2.55098E-02  4.48489E-01
  1.7133333333E+01  1.7137500000E+01  2.56222E-02  4.65661E-01
  1.7137500000E+01  1.7141666667E+01  2.56794E-02  4.30340E-01
  1.7141666667E+01  1.7145833333E+01  2.56569E-02  4.70576E-01
  1.7145833333E+01  1.7150000000E+01  2.57394E-02  4.11970E-01
  1.7150000000E+01  1.7154166667E+01  2.55924E-02  3.70370E-01
  1.7154166667E+01  1.7158333333E+01  2.56986E-02  4.66756E-01
  1.7158333333E+01  1.7162500000E+01  2.56496E-02  3.53037E-01
  1.7162500000E+01  1.7166666667E+01  2.55446E-02  3.12667E-01
  1.7166666667E+01  1.7170833333E+01  2.57391E-02  4.75283E-01
  1.7170833333E+01  1.7175000000E+01  2.56889E-02  3.60108E-01
  1.7175000000E+01  1.7179166667E+01  2.57564E-02  3.71481E-01
  1.7179166667E+01  1.7183333333E+01  2.58190E-02  4.35135E-01
  1.7183333333E+01  1.7187500000E+01  2.57417E-02  4.15898E-01
  1.7187500000E+01  1.7191666667E+01  2.57672E-02  3.61834E-01
  1.7191666667E+01  1.7195833333E+01  2.57910E-02  4.13200E-01
  1.7195833333E+01  1.7200000000E+01  2.57149E-02  3.35496E-01
  1.7200000000E+01  1.7204166667E+01  2.58405E-02  4.03500E-01
  1.7204166667E+01  1.7208333333E+01  2.57715E-02  3.76106E-01
  1.7208333333E+01  1.7212500000E+01  2.57094E-02  3.43112E-01
  1.7212500000E+01  1.7216666667E+01  2.58152E-02  4.25672E-01
  1.7216666667E+01  1.7220833333E+01  2.58091E-02  3.70208E-01
  1.7220833333E+01  1.7225000000E+01  2.58864E-02  4.20876E-01
  1.7225000000E+01  1.7229166667E+01  2.58409E-02  3.83710E-01
  1.7229166667E+01  1.7233333333E+01  2.60537E-02  4.85548E-01
  1.7233333333E+01  1.7237500000E+01  2.58635E-02  3.46508E-01
  1.7237500000E+01  1.7241666667E+01  2.59767E-02  4.62277E-01
  1.7241666667E+01  1.7245833333E+01  2.59628E-02  4.09342E-01
  1.7245833333E+01  1.7250000000E+01  2.59272E-02  3.71513E-01
  1.7250000000E+01  1.7254166667E+01  2.60261E-02  4.47822E-01
  1.7254166667E+01  1.7258333333E+01  2.60656E-02  4.03784E-01
  1.7258333333E+01  1.7262500000E+01  2.61452E-02  3.75790E-01
  1.7262500000E+01  1.7266666667E+01  2.59668E-02  3.30385E-01
  1.7266666667E+01  1.7270833333E+01  2.61678E-02  4.52093E-01
  1.7270833333E+01  1.7275000000E+01  2.62220E-02  5.10824E-01
  1.7275000000E+01  1.7279166667E+01  2.61415E-02  4.02904E-01
  1.7279166667E+01  1.7283333333E+01  2.60945E-02  4.19586E-01
  1.7283333333E+01  1.7287500000E+01  2.61286E-02  3.69057E-01
  1.7287500000E+01  1.7291666667E+01  2.60784E-02  3.44009E-01
  1.7291666667E+01  1.7295833333E+01  2.62470E-02  4.30424E-01
  1.7295833333E+01  1.7300000000E+01  2.61293E-02  3.14806E-01
  1.7300000000E+01  1.7304166667E+01  2.62869E-02  4.45617E-01
  1.7304166667E+01  1.7308333333E+01  2.63271E-02  4.18326E-01
  1.7308333333E+01  1.7312500000E+01  2.62835E-02  3.84491E-01
  1.7312500000E+01  1.7316666667E+01  2.64373E-02  4.04145E-01
  1.7316666667E+01  1.7320833333E+01  2.63305E-02  3.39114E-01
  1.7320833333E+01  1.7325000000E+01  2.64154E-02  3.65468E-01
  1.7325000000E+01  1.7329166667E+01  2.65866E-02  4.72704E-01
  1.7329166667E+01  1.7333333333E+01  2.65037E-02  4.18215E-01
  1.7333333333E+01  1.7337500000E+01  2.65770E-02  4.14456E-01
  1.7337500000E+01  1.7341666667E+01  2.65864E-02  4.50383E-01
  1.7341666667E+01  1.7345833333E+01  2.66796E-02  4.44592E-01
  1.7345833333E+01  1.7350000000E+01  2.67097E-02  4.29773E-01
  1.7350000000E+01  1.7354166667E+01  2.66593E-02  4.15401E-01
  1.7354166667E+01  1.7358333333E+01  2.66837E-02  3.94993E-01
  1.7358333333E+01  1.7362500000E+01  2.68665E-02  4.69193E-01
  1.7362500000E+01  1.7366666667E+01  2.67686E-02  4.22597E-01
  1.7366666667E+01  1.7370833333E+01  2.68119E-02  4.34535E-01
  1.7370833333E+01  1.7375000000E+01  2.68324E-02  4.38941E-01
  1.7375000000E+01  1.7379166667E+01  2.68131E-02  3.54356E-01
  1.7379166667E+01  1.7383333333E+01  2.69079E-02  5.32842E-01
  1.7383333333E+01  1.7387500000E+01  2.67949E-02  3.55127E-01
  1.7387500000E+01  1.7391666667E+01  2.70176E-02  5.21378E-01
  1.7391666667E+01  1.7395833333E+01  2.69829E-02  4.79276E-01
  1.7395833333E+01  1.7400000000E+01  2.70224E-02  3.71623E-01
  1.7400000000E+01  1.7404166667E+01  2.70227E-02  3.91980E-01
  1.7404166667E+01  1.7408333333E+01  2.70819E-02  3.86811E-01
  1.7408333333E+01  1.7412500000E+01  2.70792E-02  3.95991E-01
  1.7412500000E+01  1.7416666667E+01  2.70902E-02  3.56442E-01
  1.7416666667E+01  1.7420833333E+01  2.70809E-02  4.35794E-01
  1.7420833333E+01  1.7425000000E+01  2.72285E-02  4.47892E-01
  1.7425000000E+01  1.7429166667E+01  2.72190E-02  4.56962E-01
  1.7429166667E+01  1.7433333333E+01  2.72464E-02  4.17179E-01
  1.7433333333E+01  1.7437500000E+01  2.71629E-02  3.33385E-01
  1.7437500000E+01  1.7441666667E+01  2.72518E-02  3.70017E-01
  1.7441666667E+01  1.7445833333E+01  2.72195E-02  3.31368E-01
  1.7445833333E+01  1.7450000000E+01  2.72553E-02  3.35424E-01
  1.7450000000E+01  1.7454166667E+01  2.72432E-02  3.46859E-01
  1.7454166667E+01  1.7458333333E+01  2.74223E-02  4.04018E-01
  1.7458333333E+01  1.7462500000E+01  2.75104E-02  4.84379E-01
  1.7462500000E+01  1.7466666667E+01  2.74835E-02  4.37432E-01
  1.7466666667E+01  1.7470833333E+01  2.75473E-02  3.91904E-01
  1.7470833333E+01  1.7475000000E+01  2.76498E-02  4.90952E-01
  1.7475000000E+01  1.7479166667E+01  2.73991E-02  2.82881E-01
  1.7479166667E+01  1.7483333333E+01  2.75939E-02  3.59029E-01
  1.7483333333E+01  1.7487500000E+01  2.74928E-02  3.21452E-01
  1.7487500000E+01  1.7491666667E+01  2.77356E-02  4.19403E-01
  1.7491666667E+01  1.7495833333E+01  2.77068E-02  4.05139E-01
  1.7495833333E+01  1.7500000000E+01  2.77473E-02  4.20842E-01
  1.7500000000E+01  1.7504166667E+01  2.78171E-02  3.51549E-01
  1.7504166667E+01  1.7508333333E+01  2.77609E-02  2.98567E-01
  1.7508333333E+01  1.7512500000E+01  2.78866E-02  4.08876E-01
  1.7512500000E+01  1.7516666667E+01  2.78616E-02  3.52334E-01
  1.7516666667E+01  1.7520833333E+01  2.79461E-02  4.11843E-01
  1.7520833333E+01  1.7525000000E+01  2.77924E-02  3.65123E-01
  1.7525000000E+01  1.7529166667E+01  2.79082E-02  3.66975E-01
  1.7529166667E+01  1.7533333333E+01  2.80091E-02  3.75782E-01
  1.7533333333E+01  1.7537500000E+01  2.81174E-02  4.11227E-01
  1.7537500000E+01  1.7541666667E+01  2.79689E-02  3.71620E-01
  1.7541666667E+01  1.7545833333E+01  2.80063E-02  3.17908E-01
  1.7545833333E+01  1.7550000000E+01  2.82420E-02  4.77594E-01
  1.7550000000E+01  1.7554166667E+01  2.82653E-02  3.73873E-01
  1.7554166667E+01  1.7558333333E+01  2.82789E-02  3.44609E-01
  1.7558333333E+01  1.7562500000E+01  2.81395E-02  2.87310E-01
  1.7562500000E+01  1.7566666667E+01  2.81956E-02  3.09228E-01
  1.7566666667E+01  1.7570833333E+01  2.84319E-02  4.57943E-01
  1.7570833333E+01  1.7575000000E+01  2.83811E-02  3.30698E-01
  1.7575000000E+01  1.7579166667E+01  2.84356E-02  2.88455E-01
  1.7579166667E+01  1.7583333333E+01  2.84112E-02  3.17437E-01
  1.7583333333E+01  1.7587500000E+01  2.84555E-02  3.71958E-01
  1.7587500000E+01  1.7591666667E+01  2.84725E-02  3.58175E-01
  1.7591666667E+01  1.7595833333E+01  2.86192E-02  3.43681E-01
  1.7595833333E+01  1.7600000000E+01  2.85854E-02  3.27964E-01
  1.7600000000E+01  1.7604166667E+01  2.86032E-02  3.45837E-01
  1.7604166667E+01  1.7608333333E+01  2.86208E-02  3.86501E-01
  1.7608333333E+01  1.7612500000E+01  2.87009E-02  4.26038E-01
  1.7612500000E+01  1.7616666667E+01  2.87254E-02  3.62832E-01
  1.7616666667E+01  1.7620833333E+01  2.88024E-02  3.37994E-01
  1.7620833333E+01  1.7625000000E+01  2.87844E-02  3.41366E-01
  1.7625000000E+01  1.7629166667E+01  2.87650E-02  3.57727E-01
  1.7629166667E+01  1.7633333333E+01  2.88826E-02  3.80424E-01
  1.7633333333E+01  1.7637500000E+01  2.88686E-02  3.38584E-01
  1.7637500000E+01  1.7641666667E+01  2.89880E-02  3.93991E-01
  1.7641666667E+01  1.7645833333E+01  2.90517E-02  3.71560E-01
  1.7645833333E+01  1.7650000000E+01  2.91183E-02  4.27933E-01
  1.7650000000E+01  1.7654166667E+01  2.90781E-02  3.61292E-01
  1.7654166667E+01  1.7658333333E+01  2.92678E-02  3.78258E-01
  1.7658333333E+01  1.7662500000E+01  2.92843E-02  3.61981E-01
  1.7662500000E+01  1.7666666667E+01  2.92376E-02  3.33316E-01
  1.7666666667E+01  1.7670833333E+01  2.93852E-02  4.36890E-01
  1.7670833333E+01  1.7675000000E+01  2.94686E-02  4.24949E-01
  1.7675000000E+01  1.7679166667E+01  2.94674E-02  3.80987E-01
  1.7679166667E+01  1.7683333333E+01  2.93905E-02  3.48660E-01
  1.7683333333E+01  1.7687500000E+01  2.94616E-02  4.04370E-01
  1.7687500000E+01  1.7691666667E+01  2.96597E-02  3.78219E-01
  1.7691666667E+01  1.7695833333E+01  2.95384E-02  3.33264E-01
  1.7695833333E+01  1.7700000000E+01  2.96952E-02  3.37223E-01
  1.7700000000E+01  1.7704166667E+01  2.97043E-02  2.96100E-01
  1.7704166667E+01  1.7708333333E+01  2.97195E-02  3.28394E-01
  1.7708333333E+01  1.7712500000E+01  2.97165E-02  3.14072E-01
  1.7712500000E+01  1.7716666667E+01  2.97543E-02  2.83830E-01
  1.7716666667E+01  1.7720833333E+01  2.99041E-02  3.39120E-01
  1.7720833333E+01  1.7725000000E+01  2.99560E-02  3.32763E-01
  1.7725000000E+01  1.7729166667E+01  3.00048E-02  3.31808E-01
  1.7729166667E+01  1.7733333333E+01  3.00899E-02  3.33997E-01
  1.7733333333E+01  1.7737500000E+01  3.02012E-02  4.20407E-01
  1.7737500000E+01  1.7741666667E+01  3.01913E-02  3.25039E-01
  1.7741666667E+01  1.7745833333E+01  3.03215E-02  3.60185E-01
  1.7745833333E+01  1.7750000000E+01  3.04635E-02  4.04724E-01
  1.7750000000E+01  1.7754166667E+01  3.02716E-02  2.52231E-01
  1.7754166667E+01  1.7758333333E+01  3.02956E-02  2.76078E-01
  1.7758333333E+01  1.7762500000E+01  3.04495E-02  3.36159E-01
  1.7762500000E+01  1.7766666667E+01  3.06012E-02  3.94289E-01
  1.7766666667E+01  1.7770833333E+01  3.05236E-02  3.54039E-01
  1.7770833333E+01  1.7775000000E+01  3.06747E-02  3.95440E-01
  1.7775000000E+01  1.7779166667E+01  3.07505E-02  3.69606E-01
  1.7779166667E+01  1.7783333333E+01  3.06679E-02  3.29289E-01
  1.7783333333E+01  1.7787500000E+01  3.08671E-02  3.82679E-01
  1.7787500000E+01  1.7791666667E+01  3.10235E-02  4.35658E-01
  1.7791666667E+01  1.7795833333E+01  3.09932E-02  4.01178E-01
  1.7795833333E+01  1.7800000000E+01  3.10445E-02  3.57218E-01
  1.7800000000E+01  1.7804166667E+01  3.09771E-02  3.20845E-01
  1.7804166667E+01  1.7808333333E+01  3.10896E-02  3.15927E-01
  1.7808333333E+01  1.7812500000E+01  3.12631E-02  3.65739E-01
  1.7812500000E+01  1.7816666667E+01  3.14140E-02  3.77195E-01
  1.7816666667E+01  1.7820833333E+01  3.13378E-02  3.36881E-01
  1.7820833333E+01  1.7825000000E+01  3.13921E-02  2.80413E-01
  1.7825000000E+01  1.7829166667E+01  3.13857E-02  2.75382E-01
  1.7829166667E+01  1.7833333333E+01  3.14959E-02  3.08094E-01
  1.7833333333E+01  1.7837500000E+01  3.16095E-02  3.15344E-01
  1.7837500000E+01  1.7841666667E+01  3.18201E-02  3.98598E-01
  1.7841666667E+01  1.7845833333E+01  3.16699E-02  2.84559E-01
  1.7845833333E+01  1.7850000000E+01  3.17715E-02  3.37885E-01
  1.7850000000E+01  1.7854166667E+01  3.18890E-02  3.85083E-01
  1.7854166667E+01  1.7858333333E+01  3.19505E-02  3.34050E-01
  1.7858333333E+01  1.7862500000E+01  3.20170E-02  3.43800E-01
  1.7862500000E+01  1.7866666667E+01  3.20337E-02  3.18762E-01
  1.7866666667E+01  1.7870833333E+01  3.20680E-02  2.83001E-01
  1.7870833333E+01  1.7875000000E+01  3.22438E-02  3.35346E-01
  1.7875000000E+01  1.7879166667E+01  3.23299E-02  3.52003E-01
  1.7879166667E+01  1.7883333333E+01  3.23933E-02  2.88435E-01
  1.7883333333E+01  1.7887500000E+01  3.24600E-02  3.34841E-01
  1.7887500000E+01  1.7891666667E+01  3.24440E-02  3.38462E-01
  1.7891666667E+01  1.7895833333E+01  3.26256E-02  3.46683E-01
  1.7895833333E+01  1.7900000000E+01  3.27093E-02  3.04901E-01
  1.7900000000E+01  1.7904166667E+01  3.28263E-02  3.37122E-01
  1.7904166667E+01  1.7908333333E+01  3.29320E-02  2.77615E-01
  1.7908333333E+01  1.7912500000E+01  3.28186E-02  2.62663E-01
  1.7912500000E+01  1.7916666667E+01  3.30133E-02  3.96947E-01
  1.7916666667E+01  1.7920833333E+01  3.30789E-02  3.47626E-01
  1.7920833333E+01  1.7925000000E+01  3.30795E-02  3.15099E-01
  1.7925000000E+01  1.7929166667E+01  3.31724E-02  3.46305E-01
  1.7929166667E+01  1.7933333333E+01  3.32931E-02  3.40580E-01
  1.7933333333E+01  1.7937500000E+01  3.34159E-02  3.80439E-01
  1.7937500000E+01  1.7941666667E+01  3.35023E-02  3.33573E-01
  1.7941666667E+01  1.7945833333E+01  3.34396E-02  3.08700E-01
  1.7945833333E+01  1.7950000000E+01  3.35997E-02  3.16939E-01
  1.7950000000E+01  1.7954166667E+01  3.37338E-02  3.20406E-01
  1.7954166667E+01  1.7958333333E+01  3.38157E-02  3.43936E-01
  1.7958333333E+01  1.7962500000E+01  3.39278E-02  3.51459E-01
  1.7962500000E+01  1.7966666667E+01  3.39603E-02  2.85520E-01
  1.7966666667E+01  1.7970833333E+01  3.39701E-02  2.81206E-01
  1.7970833333E+01  1.7975000000E+01  3.41635E-02  3.25107E-01
  1.7975000000E+01  1.7979166667E+01  3.42334E-02  3.12974E-01
  1.7979166667E+01  1.7983333333E+01  3.42820E-02  3.14796E-01
  1.7983333333E+01  1.7987500000E+01  3.45376E-02  3.50462E-01
  1.7987500000E+01  1.7991666667E+01  3.45433E-02  3.36730E-01
  1.7991666667E+01  1.7995833333E+01  3.45919E-02  2.67640E-01
  1.7995833333E+01  1.8000000000E+01  3.47987E-02  3.78061E-01
  1.8000000000E+01  1.8004166667E+01  3.49466E-02  3.24672E-01
  1.8004166667E+01  1.8008333333E+01  3.49674E-02  3.24130E-01
  1.8008333333E+01  1.8012500000E+01  3.50887E-02  2.81831E-01
  1.8012500000E+01  1.8016666667E+01  3.51143E-02  3.00821E-01
  1.8016666667E+01  1.8020833333E+01  3.52847E-02  2.94332E-01
  1.8020833333E+01  1.8025000000E+01  3.55809E-02  3.86496E-01
  1.8025000000E+01  1.8029166667E+01  3.54695E-02  2.46141E-01
  1.8029166667E+01  1.8033333333E+01  3.56778E-02  3.15721E-01
  1.8033333333E+01  1.8037500000E+01  3.58214E-02  3.47097E-01
  1.8037500000E+01  1.8041666667E+01  3.58182E-02  2.91193E-01
  1.8041666667E+01  1.8045833333E+01  3.60783E-02  2.86521E-01
  1.8045833333E+01  1.8050000000E+01  3.61331E-02  3.03641E-01
  1.8050000000E+01  1.8054166667E+01  3.63264E-02  2.89349E-01
  1.8054166667E+01  1.8058333333E+01  3.65333E-02  3.06137E-01
  1.8058333333E+01  1.8062500000E+01  3.66779E-02  3.08576E-01
  1.8062500000E+01  1.8066666667E+01  3.67124E-02  3.15021E-01
  1.8066666667E+01  1.8070833333E+01  3.70032E-02  3.62412E-01
  1.8070833333E+01  1.8075000000E+01  3.69257E-02  2.84060E-01
  1.8075000000E+01  1.8079166667E+01  3.70831E-02  2.96547E-01
  1.8079166667E+01  1.8083333333E+01  3.72706E-02  3.27882E-01
  1.8083333333E+01  1.8087500000E+01  3.73861E-02  2.98121E-01
  1.8087500000E+01  1.8091666667E+01  3.74652E-02  3.02138E-01
  1.8091666667E+01  1.8095833333E+01  3.75502E-02  2.61501E-01
  1.8095833333E+01  1.8100000000E+01  3.77991E-02  2.92358E-01
  1.8100000000E+01  1.8104166667E+01  3.79701E-02  2.70546E-01
  1.8104166667E+01  1.8108333333E+01  3.81280E-02  3.01918E-01
  1.8108333333E+01  1.8112500000E+01  3.81946E-02  3.01721E-01
  1.8112500000E+01  1.8116666667E+01  3.84745E-02  2.89259E-01
  1.8116666667E+01  1.8120833333E+01  3.85145E-02  3.06746E-01
  1.8120833333E+01  1.8125000000E+01  3.87553E-02  2.88783E-01
  1.8125000000E+01  1.8129166667E+01  3.89146E-02  2.99012E-01
  1.8129166667E+01  1.8133333333E+01  3.89961E-02  2.74713E-01
  1.8133333333E+01  1.8137500000E+01  3.92678E-02  3.14105E-01
  1.8137500000E+01  1.8141666667E+01  3.94040E-02  2.70403E-01
  1.8141666667E+01  1.8145833333E+01  3.96230E-02  3.42442E-01
  1.8145833333E+01  1.8150000000E+01  3.98666E-02  2.84372E-01
  1.8150000000E+01  1.8154166667E+01  3.99143E-02  2.58623E-01
  1.8154166667E+01  1.8158333333E+01  4.02617E-02  3.04112E-01
  1.8158333333E+01  1.8162500000E+01  4.03962E-02  2.62493E-01
  1.8162500000E+01  1.8166666667E+01  4.04812E-02  2.64295E-01
  1.8166666667E+01  1.8170833333E+01  4.08056E-02  3.45163E-01
  1.8170833333E+01  1.8175000000E+01  4.09609E-02  2.95580E-01
  1.8175000000E+01  1.8179166667E+01  4.11160E-02  2.67048E-01
  1.8179166667E+01  1.8183333333E+01  4.15542E-02  2.92673E-01
  1.8183333333E+01  1.8187500000E+01  4.17294E-02  2.81925E-01
  1.8187500000E+01  1.8191666667E+01  4.19956E-02  2.98802E-01
  1.8191666667E+01  1.8195833333E+01  4.20829E-02  2.62293E-01
  1.8195833333E+01  1.8200000000E+01  4.23138E-02  2.71588E-01
  1.8200000000E+01  1.8204166667E+01  4.25473E-02  2.65936E-01
  1.8204166667E+01  1.8208333333E+01  4.28090E-02  2.69884E-01
  1.8208333333E+01  1.8212500000E+01  4.30453E-02  2.75041E-01
  1.8212500000E+01  1.8216666667E+01  4.33302E-02  2.85322E-01
  1.8216666667E+01  1.8220833333E+01  4.35380E-02  2.68987E-01
  1.8220833333E+01  1.8225000000E+01  4.37706E-02  2.61170E-01
  1.8225000000E+01  1.8229166667E+01  4.40934E-02  2.76187E-01
  1.8229166667E+01  1.8233333333E+01  4.43596E-02  2.79391E-01
  1.8233333333E+01  1.8237500000E+01  4.46059E-02  2.59446E-01
  1.8237500000E+01  1.8241666667E+01  4.48794E-02  2.76043E-01
  1.8241666667E+01  1.8245833333E+01  4.52465E-02  2.68679E-01
  1.8245833333E+01  1.8250000000E+01  4.55666E-02  2.73837E-01
  1.8250000000E+01  1.8254166667E+01  4.59188E-02  2.79951E-01
  1.8254166667E+01  1.8258333333E+01  4.62826E-02  2.69341E-01
  1.8258333333E+01  1.8262500000E+01  4.65891E-02  2.68159E-01
  1.8262500000E+01  1.8266666667E+01  4.69208E-02  2.70516E-01
  1.8266666667E+01  1.8270833333E+01  4.73938E-02  2.91234E-01
  1.8270833333E+01  1.8275000000E+01  4.76535E-02  2.50069E-01
  1.8275000000E+01  1.8279166667E+01  4.81291E-02  2.59943E-01
  1.8279166667E+01  1.8283333333E+01  4.84855E-02  2.11081E-01
  1.8283333333E+01  1.8287500000E+01  4.89821E-02  2.78493E-01
  1.8287500000E+01  1.8291666667E+01  4.93768E-02  2.72969E-01
  1.8291666667E+01  1.8295833333E+01  4.98025E-02  2.58585E-01
  1.8295833333E+01  1.8300000000E+01  5.02895E-02  2.90967E-01
  1.8300000000E+01  1.8304166667E+01  5.07823E-02  2.59439E-01
  1.8304166667E+01  1.8308333333E+01  5.12031E-02  2.31348E-01
  1.8308333333E+01  1.8312500000E+01  5.17856E-02  2.40541E-01
  1.8312500000E+01  1.8316666667E+01  5.23205E-02  2.38094E-01
  1.8316666667E+01  1.8320833333E+01  5.30168E-02  2.81696E-01
  1.8320833333E+01  1.8325000000E+01  5.34527E-02  2.27347E-01
  1.8325000000E+01  1.8329166667E+01  5.41675E-02  2.61303E-01
  1.8329166667E+01  1.8333333333E+01  5.48656E-02  2.65658E-01
  1.8333333333E+01  1.8337500000E+01  5.54493E-02  2.54690E-01
  1.8337500000E+01  1.8341666667E+01  5.61995E-02  2.65318E-01
  1.8341666667E+01  1.8345833333E+01  5.70509E-02  3.02255E-01
  1.8345833333E+01  1.8350000000E+01  5.77736E-02  2.68377E-01
  1.8350000000E+01  1.8354166667E+01  5.86476E-02  2.85588E-01
  1.8354166667E+01  1.8358333333E+01  5.94414E-02  2.78540E-01
  1.8358333333E+01  1.8362500000E+01  6.03194E-02  2.88418E-01
  1.8362500000E+01  1.8366666667E+01  6.12416E-02  2.88140E-01
  1.8366666667E+01  1.8370833333E+01  6.22697E-02  2.89590E-01
  1.8370833333E+01  1.8375000000E+01  6.31881E-02  2.65270E-01
  1.8375000000E+01  1.8379166667E+01  6.43365E-02  2.95535E-01
  1.8379166667E+01  1.8383333333E+01  6.54656E-02  2.82082E-01
  1.8383333333E+01  1.8387500000E+01  6.64967E-02  2.81921E-01
  1.8387500000E+01  1.8391666667E+01  6.76686E-02  2.93886E-01
  1.8391666667E+01  1.8395833333E+01  6.88809E-02  3.03052E-01
  1.8395833333E+01  1.8400000000E+01  7.01345E-02  2.96940E-01
  1.8400000000E+01  1.8404166667E+01  7.12486E-02  2.91824E-01
  1.8404166667E+01  1.8408333333E+01  7.25664E-02  2.67681E-01
  1.8408333333E+01  1.8412500000E+01  7.36320E-02  2.54878E-01
  1.8412500000E+01  1.8416666667E+01  7.50706E-02  2.69895E-01
  1.8416666667E+01  1.8420833333E+01  7.62054E-02  2.86732E-01
  1.8420833333E+01  1.8425000000E+01  7.73751E-02  3.03229E-01
  1.8425000000E+01  1.8429166667E+01  7.84147E-02  2.68434E-01
  1.8429166667E+01  1.8433333333E+01  7.95534E-02  2.63086E-01
  1.8433333333E+01  1.8437500000E+01  8.03983E-02  2.51586E-01
  1.8437500000E+01  1.8441666667E+01  8.08886E-02  2.49960E-01
  1.8441666667E+01  1.8445833333E+01  8.17819E-02  2.65471E-01
  1.8445833333E+01  1.8450000000E+01  8.22228E-02  3.07044E-01
  1.8450000000E+01  1.8454166667E+01  8.24379E-02  3.06779E-01
  1.8454166667E+01  1.8458333333E+01  8.24165E-02  3.25701E-01
  1.8458333333E+01  1.8462500000E+01  8.19952E-02  3.24930E-01
  1.8462500000E+01  1.8466666667E+01  8.18559E-02  3.48791E-01
  1.8466666667E+01  1.8470833333E+01  8.13765E-02  3.69416E-01
  1.8470833333E+01  1.8475000000E+01  8.03728E-02  4.06858E-01
  1.8475000000E+01  1.8479166667E+01  7.90388E-02  3.84750E-01
  1.8479166667E+01  1.8483333333E+01  7.75895E-02  3.44796E-01
  1.8483333333E+01  1.8487500000E+01  7.62396E-02  3.77951E-01
  1.8487500000E+01  1.8491666667E+01  7.43522E-02  3.94500E-01
  1.8491666667E+01  1.8495833333E+01  7.22312E-02  3.84120E-01
  1.8495833333E+01  1.8500000000E+01  6.94244E-02  3.93851E-01
  1.8500000000E+01  1.8504166667E+01  6.67082E-02  4.52899E-01
  1.8504166667E+01  1.8508333333E+01  6.38326E-02  4.83240E-01
  1.8508333333E+01  1.8512500000E+01  6.06169E-02  4.58692E-01
  1.8512500000E+01  1.8516666667E+01  5.76479E-02  4.78996E-01
  1.8516666667E+01  1.8520833333E+01  5.44213E-02  5.51011E-01
  1.8520833333E+01  1.8525000000E+01  5.07145E-02  6.06528E-01
  1.8525000000E+01  1.8529166667E+01  4.74137E-02  6.21197E-01
  1.8529166667E+01  1.8533333333E+01  4.38819E-02  7.01226E-01
  1.8533333333E+01  1.8537500000E+01  4.04613E-02  6.22616E-01
  1.8537500000E+01  1.8541666667E+01  3.70702E-02  6.48814E-01
  1.8541666667E+01  1.8545833333E+01  3.35829E-02  7.05227E-01
  1.8545833333E+01  1.8550000000E+01  3.03565E-02  7.73762E-01
  1.8550000000E+01  1.8554166667E+01  2.74183E-02  8.95470E-01
  1.8554166667E+01  1.8558333333E+01  2.46813E-02  8.39499E-01
  1.8558333333E+01  1.8562500000E+01  2.20084E-02  8.79625E-01
  1.8562500000E+01  1.8566666667E+01  1.93292E-02  9.56012E-01
  1.8566666667E+01  1.8570833333E+01  1.68917E-02  1.09827E+00
  1.8570833333E+01  1.8575000000E+01  1.47324E-02  1.10588E+00
  1.8575000000E+01  1.8579166667E+01  1.27823E-02  1.08407E+00
  1.8579166667E+01  1.8583333333E+01  1.11976E-02  1.22267E+00
  1.8583333333E+01  1.8587500000E+01  9.56402E-03  1.27429E+00
  1.8587500000E+01  1.8591666667E+01  8.13747E-03  1.42013E+00
  1.8591666667E+01  1.8595833333E+01  6.77419E-03  1.57280E+00
  1.8595833333E+01  1.8600000000E+01  5.81259E-03  1.50930E+00
  1.8600000000E+01  1.8604166667E+01  4.82476E-03  1.60248E+00
  1.8604166667E+01  1.8608333333E+01  3.90130E-03  1.63797E+00
  1.8608333333E+01  1.8612500000E+01  3.23687E-03  1.86727E+00
  1.8612500000E+01  1.8616666667E+01  2.67047E-03  2.21795E+00
  1.8616666667E+01  1.8620833333E+01  2.12548E-03  2.43877E+00
  1.8620833333E+01  1.8625000000E+01  1.72947E-03  3.08719E+00
  1.8625000000E+01  1.8629166667E+01  1.41285E-03  3.72369E+00
  1.8629166667E+01  1.8633333333E+01  1.10831E-03  3.96879E+00
  1.8633333333E+01  1.8637500000E+01  8.73503E-04  4.15606E+00
  1.8637500000E+01  1.8641666667E+01  6.70176E-04  4.60104E+00
  1.8641666667E+01  1.8645833333E+01  5.04230E-04  5.67168E+00
  1.8645833333E+01  1.8650000000E+01  3.99457E-04  7.07662E+00
  1.8650000000E+01  1.8654166667E+01  3.00821E-04  8.09592E+00
  1.8654166667E+01  1.8658333333E+01  2.17614E-04  9.15684E+00
  1.8658333333E+01  1.8662500000E+01  1.55267E-04  1.25569E+01
  1.8662500000E+01  1.8666666667E+01  1.09403E-04  1.48943E+01
  1.8666666667E+01  1.8670833333E+01  8.98977E-05  1.50567E+01
  1.8670833333E+01  1.8675000000E+01  7.30183E-05  1.76184E+01
  1.8675000000E+01  1.8679166667E+01  4.21460E-05  2.23436E+01
  1.8679166667E+01  1.8683333333E+01  3.45662E-05  2.35249E+01
  1.8683333333E+01  1.8687500000E+01  2.83086E-05  3.17807E+01
  1.8687500000E+01  1.8691666667E+01  2.34491E-05  2.97722E+01
  1.8691666667E+01  1.8695833333E+01  1.68413E-05  3.21252E+01
  1.8695833333E+01  1.8700000000E+01  1.48300E-05  3.47324E+01
  1.8700000000E+01  1.8704166667E+01  1.28280E-05  4.22594E+01
  1.8704166667E+01  1.8708333333E+01  3.77479E-06  6.47394E+01
  1.8708333333E+01  1.8712500000E+01  4.40736E-06  7.27851E+01
  1.8712500000E+01  1.8716666667E+01  2.23817E-06  1.00000E+02
  1.8716666667E+01  1.8720833333E+01  2.19885E-06  1.00000E+02
  1.8720833333E+01  1.8725000000E+01  1.98307E-05  1.00000E+02
  1.8725000000E+01  1.8729166667E+01  0.00000E+00  0.00000E+00
  1.8729166667E+01  1.8733333333E+01  0.00000E+00  0.00000E+00
  1.8733333333E+01  1.8737500000E+01  0.00000E+00  0.00000E+00
  1.8737500000E+01  1.8741666667E+01  0.00000E+00  0.00000E+00
  1.8741666667E+01  1.8745833333E+01  0.00000E+00  0.00000E+00
  1.8745833333E+01  1.8750000000E+01  0.00000E+00  0.00000E+00
  1.8750000000E+01  1.8754166667E+01  0.00000E+00  0.00000E+00
  1.8754166667E+01  1.8758333333E+01  0.00000E+00  0.00000E+00
  1.8758333333E+01  1.8762500000E+01  0.00000E+00  0.00000E+00
  1.8762500000E+01  1.8766666667E+01  0.00000E+00  0.00000E+00
  1.8766666667E+01  1.8770833333E+01  0.00000E+00  0.00000E+00
  1.8770833333E+01  1.8775000000E+01  0.00000E+00  0.00000E+00
  1.8775000000E+01  1.8779166667E+01  0.00000E+00  0.00000E+00
  1.8779166667E+01  1.8783333333E+01  0.00000E+00  0.00000E+00
  1.8783333333E+01  1.8787500000E+01  0.00000E+00  0.00000E+00
  1.8787500000E+01  1.8791666667E+01  0.00000E+00  0.00000E+00
  1.8791666667E+01  1.8795833333E+01  0.00000E+00  0.00000E+00
  1.8795833333E+01  1.8800000000E+01  0.00000E+00  0.00000E+00
  1.8800000000E+01  1.8804166667E+01  0.00000E+00  0.00000E+00
  1.8804166667E+01  1.8808333333E+01  0.00000E+00  0.00000E+00
  1.8808333333E+01  1.8812500000E+01  0.00000E+00  0.00000E+00
  1.8812500000E+01  1.8816666667E+01  0.00000E+00  0.00000E+00
  1.8816666667E+01  1.8820833333E+01  0.00000E+00  0.00000E+00
  1.8820833333E+01  1.8825000000E+01  2.49761E-14  1.00000E+02
  1.8825000000E+01  1.8829166667E+01  4.67020E-14  1.00000E+02
  1.8829166667E+01  1.8833333333E+01  0.00000E+00  0.00000E+00
  1.8833333333E+01  1.8837500000E+01  0.00000E+00  0.00000E+00
  1.8837500000E+01  1.8841666667E+01  0.00000E+00  0.00000E+00
  1.8841666667E+01  1.8845833333E+01  2.49761E-14  1.00000E+02
  1.8845833333E+01  1.8850000000E+01  0.00000E+00  0.00000E+00
  1.8850000000E+01  1.8854166667E+01  0.00000E+00  0.00000E+00
  1.8854166667E+01  1.8858333333E+01  0.00000E+00  0.00000E+00
  1.8858333333E+01  1.8862500000E+01  0.00000E+00  0.00000E+00
  1.8862500000E+01  1.8866666667E+01  0.00000E+00  0.00000E+00
  1.8866666667E+01  1.8870833333E+01  0.00000E+00  0.00000E+00
  1.8870833333E+01  1.8875000000E+01  0.00000E+00  0.00000E+00
  1.8875000000E+01  1.8879166667E+01  0.00000E+00  0.00000E+00
  1.8879166667E+01  1.8883333333E+01  0.00000E+00  0.00000E+00
  1.8883333333E+01  1.8887500000E+01  0.00000E+00  0.00000E+00
  1.8887500000E+01  1.8891666667E+01  0.00000E+00  0.00000E+00
  1.8891666667E+01  1.8895833333E+01  0.00000E+00  0.00000E+00
  1.8895833333E+01  1.8900000000E+01  0.00000E+00  0.00000E+00
  1.8900000000E+01  1.8904166667E+01  0.00000E+00  0.00000E+00
  1.8904166667E+01  1.8908333333E+01  0.00000E+00  0.00000E+00
  1.8908333333E+01  1.8912500000E+01  0.00000E+00  0.00000E+00
  1.8912500000E+01  1.8916666667E+01  0.00000E+00  0.00000E+00
  1.8916666667E+01  1.8920833333E+01  0.00000E+00  0.00000E+00
  1.8920833333E+01  1.8925000000E+01  0.00000E+00  0.00000E+00
  1.8925000000E+01  1.8929166667E+01  5.68921E-14  1.00000E+02
  1.8929166667E+01  1.8933333333E+01  0.00000E+00  0.00000E+00
  1.8933333333E+01  1.8937500000E+01  0.00000E+00  0.00000E+00
  1.8937500000E+01  1.8941666667E+01  0.00000E+00  0.00000E+00
  1.8941666667E+01  1.8945833333E+01  0.00000E+00  0.00000E+00
  1.8945833333E+01  1.8950000000E+01  0.00000E+00  0.00000E+00
  1.8950000000E+01  1.8954166667E+01  0.00000E+00  0.00000E+00
  1.8954166667E+01  1.8958333333E+01  0.00000E+00  0.00000E+00
  1.8958333333E+01  1.8962500000E+01  0.00000E+00  0.00000E+00
  1.8962500000E+01  1.8966666667E+01  0.00000E+00  0.00000E+00
  1.8966666667E+01  1.8970833333E+01  0.00000E+00  0.00000E+00
  1.8970833333E+01  1.8975000000E+01  0.00000E+00  0.00000E+00
  1.8975000000E+01  1.8979166667E+01  0.00000E+00  0.00000E+00
  1.8979166667E+01  1.8983333333E+01  0.00000E+00  0.00000E+00
  1.8983333333E+01  1.8987500000E+01  6.19879E-07  1.00000E+02
  1.8987500000E+01  1.8991666667E+01  1.33279E-06  1.00000E+02
  1.8991666667E+01  1.8995833333E+01  1.59769E-06  1.00000E+02
  1.8995833333E+01  1.9000000000E+01  2.01417E-06  1.00000E+02
  1.9000000000E+01  1.9004166667E+01  4.24565E-06  7.38191E+01
  1.9004166667E+01  1.9008333333E+01  4.82402E-06  7.16992E+01
  1.9008333333E+01  1.9012500000E+01  0.00000E+00  0.00000E+00
  1.9012500000E+01  1.9016666667E+01  0.00000E+00  0.00000E+00
  1.9016666667E+01  1.9020833333E+01  0.00000E+00  0.00000E+00
  1.9020833333E+01  1.9025000000E+01  0.00000E+00  0.00000E+00
  1.9025000000E+01  1.9029166667E+01  0.00000E+00  0.00000E+00
  1.9029166667E+01  1.9033333333E+01  1.10903E-06  1.00000E+02
  1.9033333333E+01  1.9037500000E+01  0.00000E+00  0.00000E+00
  1.9037500000E+01  1.9041666667E+01  0.00000E+00  0.00000E+00
  1.9041666667E+01  1.9045833333E+01  0.00000E+00  0.00000E+00
  1.9045833333E+01  1.9050000000E+01  0.00000E+00  0.00000E+00
  1.9050000000E+01  1.9054166667E+01  2.05002E-13  1.00000E+02
  1.9054166667E+01  1.9058333333E+01  0.00000E+00  0.00000E+00
  1.9058333333E+01  1.9062500000E+01  0.00000E+00  0.00000E+00
  1.9062500000E+01  1.9066666667E+01  3.13849E-07  1.00000E+02
  1.9066666667E+01  1.9070833333E+01  5.84407E-07  1.00000E+02
  1.9070833333E+01  1.9075000000E+01  5.84407E-07  1.00000E+02
  1.9075000000E+01  1.9079166667E+01  5.84407E-07  1.00000E+02
  1.9079166667E+01  1.9083333333E+01  5.84407E-07  1.00000E+02
  1.9083333333E+01  1.9087500000E+01  6.05058E-07  1.00000E+02
  1.9087500000E+01  1.9091666667E+01  6.91328E-07  1.00000E+02
  1.9091666667E+01  1.9095833333E+01  6.91328E-07  1.00000E+02
  1.9095833333E+01  1.9100000000E+01  6.91328E-07  1.00000E+02
  1.9100000000E+01  1.9104166667E+01  6.91328E-07  1.00000E+02
  1.9104166667E+01  1.9108333333E+01  7.23207E-07  1.00000E+02
  1.9108333333E+01  1.9112500000E+01  7.36438E-07  1.00000E+02
  1.9112500000E+01  1.9116666667E+01  7.26168E-07  9.99799E+01
  1.9116666667E+01  1.9120833333E+01  0.00000E+00  0.00000E+00
  1.9120833333E+01  1.9125000000E+01  0.00000E+00  0.00000E+00
  1.9125000000E+01  1.9129166667E+01  0.00000E+00  0.00000E+00
  1.9129166667E+01  1.9133333333E+01  0.00000E+00  0.00000E+00
  1.9133333333E+01  1.9137500000E+01  0.00000E+00  0.00000E+00
  1.9137500000E+01  1.9141666667E+01  0.00000E+00  0.00000E+00
  1.9141666667E+01  1.9145833333E+01  0.00000E+00  0.00000E+00
  1.9145833333E+01  1.9150000000E+01  0.00000E+00  0.00000E+00
  1.9150000000E+01  1.9154166667E+01  0.00000E+00  0.00000E+00
  1.9154166667E+01  1.9158333333E+01  0.00000E+00  0.00000E+00
  1.9158333333E+01  1.9162500000E+01  0.00000E+00  0.00000E+00
  1.9162500000E+01  1.9166666667E+01  0.00000E+00  0.00000E+00
  1.9166666667E+01  1.9170833333E+01  0.00000E+00  0.00000E+00
  1.9170833333E+01  1.9175000000E+01  0.00000E+00  0.00000E+00
  1.9175000000E+01  1.9179166667E+01  0.00000E+00  0.00000E+00
  1.9179166667E+01  1.9183333333E+01  0.00000E+00  0.00000E+00
  1.9183333333E+01  1.9187500000E+01  0.00000E+00  0.00000E+00
  1.9187500000E+01  1.9191666667E+01  0.00000E+00  0.00000E+00
  1.9191666667E+01  1.9195833333E+01  0.00000E+00  0.00000E+00
  1.9195833333E+01  1.9200000000E+01  0.00000E+00  0.00000E+00
  1.9200000000E+01  1.9204166667E+01  0.00000E+00  0.00000E+00
  1.9204166667E+01  1.9208333333E+01  0.00000E+00  0.00000E+00
  1.9208333333E+01  1.9212500000E+01  0.00000E+00  0.00000E+00
  1.9212500000E+01  1.9216666667E+01  0.00000E+00  0.00000E+00
  1.9216666667E+01  1.9220833333E+01  0.00000E+00  0.00000E+00
  1.9220833333E+01  1.9225000000E+01  0.00000E+00  0.00000E+00
  1.9225000000E+01  1.9229166667E+01  0.00000E+00  0.00000E+00
  1.9229166667E+01  1.9233333333E+01  0.00000E+00  0.00000E+00
  1.9233333333E+01  1.9237500000E+01  0.00000E+00  0.00000E+00
  1.9237500000E+01  1.9241666667E+01  0.00000E+00  0.00000E+00
  1.9241666667E+01  1.9245833333E+01  2.26922E-14  1.00000E+02
  1.9245833333E+01  1.9250000000E+01  0.00000E+00  0.00000E+00
  1.9250000000E+01  1.9254166667E+01  0.00000E+00  0.00000E+00
  1.9254166667E+01  1.9258333333E+01  2.93953E-06  1.00000E+02
  1.9258333333E+01  1.9262500000E+01  0.00000E+00  0.00000E+00
  1.9262500000E+01  1.9266666667E+01  0.00000E+00  0.00000E+00
  1.9266666667E+01  1.9270833333E+01  0.00000E+00  0.00000E+00
  1.9270833333E+01  1.9275000000E+01  0.00000E+00  0.00000E+00
  1.9275000000E+01  1.9279166667E+01  6.23846E-06  1.00000E+02
  1.9279166667E+01  1.9283333333E+01  6.33304E-06  1.00000E+02
  1.9283333333E+01  1.9287500000E+01  8.41342E-06  1.00000E+02
  1.9287500000E+01  1.9291666667E+01  1.11289E-05  1.00000E+02
  1.9291666667E+01  1.9295833333E+01  0.00000E+00  0.00000E+00
  1.9295833333E+01  1.9300000000E+01  0.00000E+00  0.00000E+00
  1.9300000000E+01  1.9304166667E+01  0.00000E+00  0.00000E+00
  1.9304166667E+01  1.9308333333E+01  0.00000E+00  0.00000E+00
  1.9308333333E+01  1.9312500000E+01  0.00000E+00  0.00000E+00
  1.9312500000E+01  1.9316666667E+01  0.00000E+00  0.00000E+00
  1.9316666667E+01  1.9320833333E+01  0.00000E+00  0.00000E+00
  1.9320833333E+01  1.9325000000E+01  0.00000E+00  0.00000E+00
  1.9325000000E+01  1.9329166667E+01  0.00000E+00  0.00000E+00
  1.9329166667E+01  1.9333333333E+01  0.00000E+00  0.00000E+00
  1.9333333333E+01  1.9337500000E+01  0.00000E+00  0.00000E+00
  1.9337500000E+01  1.9341666667E+01  0.00000E+00  0.00000E+00
  1.9341666667E+01  1.9345833333E+01  0.00000E+00  0.00000E+00
  1.9345833333E+01  1.9350000000E+01  0.00000E+00  0.00000E+00
  1.9350000000E+01  1.9354166667E+01  0.00000E+00  0.00000E+00
  1.9354166667E+01  1.9358333333E+01  0.00000E+00  0.00000E+00
  1.9358333333E+01  1.9362500000E+01  0.00000E+00  0.00000E+00
  1.9362500000E+01  1.9366666667E+01  0.00000E+00  0.00000E+00
  1.9366666667E+01  1.9370833333E+01  0.00000E+00  0.00000E+00
  1.9370833333E+01  1.9375000000E+01  0.00000E+00  0.00000E+00
  1.9375000000E+01  1.9379166667E+01  0.00000E+00  0.00000E+00
  1.9379166667E+01  1.9383333333E+01  0.00000E+00  0.00000E+00
  1.9383333333E+01  1.9387500000E+01  0.00000E+00  0.00000E+00
  1.9387500000E+01  1.9391666667E+01  0.00000E+00  0.00000E+00
  1.9391666667E+01  1.9395833333E+01  0.00000E+00  0.00000E+00
  1.9395833333E+01  1.9400000000E+01  0.00000E+00  0.00000E+00
  1.9400000000E+01  1.9404166667E+01  0.00000E+00  0.00000E+00
  1.9404166667E+01  1.9408333333E+01  0.00000E+00  0.00000E+00
  1.9408333333E+01  1.9412500000E+01  0.00000E+00  0.00000E+00
  1.9412500000E+01  1.9416666667E+01  0.00000E+00  0.00000E+00
  1.9416666667E+01  1.9420833333E+01  0.00000E+00  0.00000E+00
  1.9420833333E+01  1.9425000000E+01  0.00000E+00  0.00000E+00
  1.9425000000E+01  1.9429166667E+01  0.00000E+00  0.00000E+00
  1.9429166667E+01  1.9433333333E+01  0.00000E+00  0.00000E+00
  1.9433333333E+01  1.9437500000E+01  0.00000E+00  0.00000E+00
  1.9437500000E+01  1.9441666667E+01  0.00000E+00  0.00000E+00
  1.9441666667E+01  1.9445833333E+01  0.00000E+00  0.00000E+00
  1.9445833333E+01  1.9450000000E+01  0.00000E+00  0.00000E+00
  1.9450000000E+01  1.9454166667E+01  0.00000E+00  0.00000E+00
  1.9454166667E+01  1.9458333333E+01  0.00000E+00  0.00000E+00
  1.9458333333E+01  1.9462500000E+01  0.00000E+00  0.00000E+00
  1.9462500000E+01  1.9466666667E+01  1.22514E-14  1.00000E+02
  1.9466666667E+01  1.9470833333E+01  0.00000E+00  0.00000E+00
  1.9470833333E+01  1.9475000000E+01  1.42676E-13  1.00000E+02
  1.9475000000E+01  1.9479166667E+01  0.00000E+00  0.00000E+00
  1.9479166667E+01  1.9483333333E+01  0.00000E+00  0.00000E+00
  1.9483333333E+01  1.9487500000E+01  0.00000E+00  0.00000E+00
  1.9487500000E+01  1.9491666667E+01  1.02995E-09  1.00000E+02
  1.9491666667E+01  1.9495833333E+01  0.00000E+00  0.00000E+00
  1.9495833333E+01  1.9500000000E+01  0.00000E+00  0.00000E+00
  1.9500000000E+01  1.9504166667E+01  0.00000E+00  0.00000E+00
  1.9504166667E+01  1.9508333333E+01  0.00000E+00  0.00000E+00
  1.9508333333E+01  1.9512500000E+01  9.50698E-07  1.00000E+02
  1.9512500000E+01  1.9516666667E+01  0.00000E+00  0.00000E+00
  1.9516666667E+01  1.9520833333E+01  0.00000E+00  0.00000E+00
  1.9520833333E+01  1.9525000000E+01  0.00000E+00  0.00000E+00
  1.9525000000E+01  1.9529166667E+01  0.00000E+00  0.00000E+00
  1.9529166667E+01  1.9533333333E+01  8.11731E-14  1.00000E+02
  1.9533333333E+01  1.9537500000E+01  4.62126E-14  1.00000E+02
  1.9537500000E+01  1.9541666667E+01  0.00000E+00  0.00000E+00
  1.9541666667E+01  1.9545833333E+01  0.00000E+00  0.00000E+00
  1.9545833333E+01  1.9550000000E+01  0.00000E+00  0.00000E+00
  1.9550000000E+01  1.9554166667E+01  0.00000E+00  0.00000E+00
  1.9554166667E+01  1.9558333333E+01  0.00000E+00  0.00000E+00
  1.9558333333E+01  1.9562500000E+01  0.00000E+00  0.00000E+00
  1.9562500000E+01  1.9566666667E+01  0.00000E+00  0.00000E+00
  1.9566666667E+01  1.9570833333E+01  0.00000E+00  0.00000E+00
  1.9570833333E+01  1.9575000000E+01  0.00000E+00  0.00000E+00
  1.9575000000E+01  1.9579166667E+01  0.00000E+00  0.00000E+00
  1.9579166667E+01  1.9583333333E+01  0.00000E+00  0.00000E+00
  1.9583333333E+01  1.9587500000E+01  0.00000E+00  0.00000E+00
  1.9587500000E+01  1.9591666667E+01  0.00000E+00  0.00000E+00
  1.9591666667E+01  1.9595833333E+01  0.00000E+00  0.00000E+00
  1.9595833333E+01  1.9600000000E+01  0.00000E+00  0.00000E+00
  1.9600000000E+01  1.9604166667E+01  0.00000E+00  0.00000E+00
  1.9604166667E+01  1.9608333333E+01  0.00000E+00  0.00000E+00
  1.9608333333E+01  1.9612500000E+01  0.00000E+00  0.00000E+00
  1.9612500000E+01  1.9616666667E+01  0.00000E+00  0.00000E+00
  1.9616666667E+01  1.9620833333E+01  0.00000E+00  0.00000E+00
  1.9620833333E+01  1.9625000000E+01  0.00000E+00  0.00000E+00
  1.9625000000E+01  1.9629166667E+01  0.00000E+00  0.00000E+00
  1.9629166667E+01  1.9633333333E+01  0.00000E+00  0.00000E+00
  1.9633333333E+01  1.9637500000E+01  0.00000E+00  0.00000E+00
  1.9637500000E+01  1.9641666667E+01  0.00000E+00  0.00000E+00
  1.9641666667E+01  1.9645833333E+01  0.00000E+00  0.00000E+00
  1.9645833333E+01  1.9650000000E+01  0.00000E+00  0.00000E+00
  1.9650000000E+01  1.9654166667E+01  0.00000E+00  0.00000E+00
  1.9654166667E+01  1.9658333333E+01  0.00000E+00  0.00000E+00
  1.9658333333E+01  1.9662500000E+01  0.00000E+00  0.00000E+00
  1.9662500000E+01  1.9666666667E+01  0.00000E+00  0.00000E+00
  1.9666666667E+01  1.9670833333E+01  0.00000E+00  0.00000E+00
  1.9670833333E+01  1.9675000000E+01  0.00000E+00  0.00000E+00
  1.9675000000E+01  1.9679166667E+01  0.00000E+00  0.00000E+00
  1.9679166667E+01  1.9683333333E+01  0.00000E+00  0.00000E+00
  1.9683333333E+01  1.9687500000E+01  0.00000E+00  0.00000E+00
  1.9687500000E+01  1.9691666667E+01  0.00000E+00  0.00000E+00
  1.9691666667E+01  1.9695833333E+01  0.00000E+00  0.00000E+00
  1.9695833333E+01  1.9700000000E+01  0.00000E+00  0.00000E+00
  1.9700000000E+01  1.9704166667E+01  0.00000E+00  0.00000E+00
  1.9704166667E+01  1.9708333333E+01  0.00000E+00  0.00000E+00
  1.9708333333E+01  1.9712500000E+01  0.00000E+00  0.00000E+00
  1.9712500000E+01  1.9716666667E+01  0.00000E+00  0.00000E+00
  1.9716666667E+01  1.9720833333E+01  0.00000E+00  0.00000E+00
  1.9720833333E+01  1.9725000000E+01  0.00000E+00  0.00000E+00
  1.9725000000E+01  1.9729166667E+01  0.00000E+00  0.00000E+00
  1.9729166667E+01  1.9733333333E+01  0.00000E+00  0.00000E+00
  1.9733333333E+01  1.9737500000E+01  0.00000E+00  0.00000E+00
  1.9737500000E+01  1.9741666667E+01  0.00000E+00  0.00000E+00
  1.9741666667E+01  1.9745833333E+01  0.00000E+00  0.00000E+00
  1.9745833333E+01  1.9750000000E+01  9.64597E-11  1.00000E+02
  1.9750000000E+01  1.9754166667E+01  0.00000E+00  0.00000E+00
  1.9754166667E+01  1.9758333333E+01  0.00000E+00  0.00000E+00
  1.9758333333E+01  1.9762500000E+01  0.00000E+00  0.00000E+00
  1.9762500000E+01  1.9766666667E+01  0.00000E+00  0.00000E+00
  1.9766666667E+01  1.9770833333E+01  0.00000E+00  0.00000E+00
  1.9770833333E+01  1.9775000000E+01  1.29701E-09  1.00000E+02
  1.9775000000E+01  1.9779166667E+01  0.00000E+00  0.00000E+00
  1.9779166667E+01  1.9783333333E+01  0.00000E+00  0.00000E+00
  1.9783333333E+01  1.9787500000E+01  0.00000E+00  0.00000E+00
  1.9787500000E+01  1.9791666667E+01  0.00000E+00  0.00000E+00
  1.9791666667E+01  1.9795833333E+01  0.00000E+00  0.00000E+00
  1.9795833333E+01  1.9800000000E+01  2.26922E-14  1.00000E+02
  1.9800000000E+01  1.9804166667E+01  0.00000E+00  0.00000E+00
  1.9804166667E+01  1.9808333333E+01  0.00000E+00  0.00000E+00
  1.9808333333E+01  1.9812500000E+01  0.00000E+00  0.00000E+00
  1.9812500000E+01  1.9816666667E+01  0.00000E+00  0.00000E+00
  1.9816666667E+01  1.9820833333E+01  0.00000E+00  0.00000E+00
  1.9820833333E+01  1.9825000000E+01  0.00000E+00  0.00000E+00
  1.9825000000E+01  1.9829166667E+01  0.00000E+00  0.00000E+00
  1.9829166667E+01  1.9833333333E+01  7.03419E-07  1.00000E+02
  1.9833333333E+01  1.9837500000E+01  5.42156E-06  1.00000E+02
  1.9837500000E+01  1.9841666667E+01  0.00000E+00  0.00000E+00
  1.9841666667E+01  1.9845833333E+01  0.00000E+00  0.00000E+00
  1.9845833333E+01  1.9850000000E+01  1.34133E-06  1.00000E+02
  1.9850000000E+01  1.9854166667E+01  0.00000E+00  0.00000E+00
  1.9854166667E+01  1.9858333333E+01  0.00000E+00  0.00000E+00
  1.9858333333E+01  1.9862500000E+01  0.00000E+00  0.00000E+00
  1.9862500000E+01  1.9866666667E+01  0.00000E+00  0.00000E+00
  1.9866666667E+01  1.9870833333E+01  0.00000E+00  0.00000E+00
  1.9870833333E+01  1.9875000000E+01  0.00000E+00  0.00000E+00
  1.9875000000E+01  1.9879166667E+01  9.64597E-11  1.00000E+02
  1.9879166667E+01  1.9883333333E+01  0.00000E+00  0.00000E+00
  1.9883333333E+01  1.9887500000E+01  0.00000E+00  0.00000E+00
  1.9887500000E+01  1.9891666667E+01  0.00000E+00  0.00000E+00
  1.9891666667E+01  1.9895833333E+01  0.00000E+00  0.00000E+00
  1.9895833333E+01  1.9900000000E+01  0.00000E+00  0.00000E+00
  1.9900000000E+01  1.9904166667E+01  0.00000E+00  0.00000E+00
  1.9904166667E+01  1.9908333333E+01  0.00000E+00  0.00000E+00
  1.9908333333E+01  1.9912500000E+01  0.00000E+00  0.00000E+00
  1.9912500000E+01  1.9916666667E+01  0.00000E+00  0.00000E+00
  1.9916666667E+01  1.9920833333E+01  0.00000E+00  0.00000E+00
  1.9920833333E+01  1.9925000000E+01  0.00000E+00  0.00000E+00
  1.9925000000E+01  1.9929166667E+01  0.00000E+00  0.00000E+00
  1.9929166667E+01  1.9933333333E+01  0.00000E+00  0.00000E+00
  1.9933333333E+01  1.9937500000E+01  0.00000E+00  0.00000E+00
  1.9937500000E+01  1.9941666667E+01  0.00000E+00  0.00000E+00
  1.9941666667E+01  1.9945833333E+01  0.00000E+00  0.00000E+00
  1.9945833333E+01  1.9950000000E+01  0.00000E+00  0.00000E+00
  1.9950000000E+01  1.9954166667E+01  0.00000E+00  0.00000E+00
  1.9954166667E+01  1.9958333333E+01  0.00000E+00  0.00000E+00
  1.9958333333E+01  1.9962500000E+01  0.00000E+00  0.00000E+00
  1.9962500000E+01  1.9966666667E+01  0.00000E+00  0.00000E+00
  1.9966666667E+01  1.9970833333E+01  0.00000E+00  0.00000E+00
  1.9970833333E+01  1.9975000000E+01  0.00000E+00  0.00000E+00
  1.9975000000E+01  1.9979166667E+01  0.00000E+00  0.00000E+00
  1.9979166667E+01  1.9983333333E+01  0.00000E+00  0.00000E+00
  1.9983333333E+01  1.9987500000E+01  0.00000E+00  0.00000E+00
  1.9987500000E+01  1.9991666667E+01  0.00000E+00  0.00000E+00
  1.9991666667E+01  1.9995833333E+01  4.42732E-08  1.00000E+02
  1.9995833333E+01  2.0000000000E+01  0.00000E+00  0.00000E+00
  2.0000000000E+01  2.0000000000E+01  0.00000E+00  0.00000E+00