# Detector n: 1D Projection
  1.5000000000E+01  1.5004166667E+01  3.68945E-02  3.10002E-01
  1.5004166667E+01  1.5008333333E+01  3.70433E-02  4.11573E-01
  1.5008333333E+01  1.5012500000E+01  3.72577E-02  4.78567E-01
  1.5012500000E+01  1.5016666667E+01  3.72566E-02  4.25510E-01
  1.5016666667E+01  1.5020833333E+01  3.72761E-02  4.01475E-01
  1.5020833333E+01  1.5025000000E+01  3.70939E-02  3.30144E-01
  1.5025000000E+01  1.5029166667E+01  3.72257E-02  4.05885E-01
  1.5029166667E+01  1.5033333333E+01  3.70022E-02  3.11402E-01
  1.5033333333E+01  1.5037500000E+01  3.71616E-02  3.15128E-01
  1.5037500000E+01  1.5041666667E+01  3.71218E-02  2.82937E-01
  1.5041666667E+01  1.5045833333E+01  3.73926E-02  3.61600E-01
  1.5045833333E+01  1.5050000000E+01  3.72428E-02  3.26884E-01
  1.5050000000E+01  1.5054166667E+01  3.71971E-02  3.00172E-01
  1.5054166667E+01  1.5058333333E+01  3.73332E-02  4.11359E-01
  1.5058333333E+01  1.5062500000E+01  3.75332E-02  3.47305E-01
  1.5062500000E+01  1.5066666667E+01  3.74902E-02  4.20834E-01
  1.5066666667E+01  1.5070833333E+01  3.74890E-02  3.60678E-01
  1.5070833333E+01  1.5075000000E+01  3.72505E-02  3.08737E-01
  1.5075000000E+01  1.5079166667E+01  3.74227E-02  4.01787E-01
  1.5079166667E+01  1.5083333333E+01  3.74623E-02  3.99055E-01
  1.5083333333E+01  1.5087500000E+01  3.74896E-02  3.46970E-01
  1.5087500000E+01  1.5091666667E+01  3.75387E-02  3.50814E-01
  1.5091666667E+01  1.5095833333E+01  3.78647E-02  3.58148E-01
  1.5095833333E+01  1.5100000000E+01  3.77279E-02  3.55531E-01
  1.5100000000E+01  1.5104166667E+01  3.79746E-02  4.62848E-01
  1.5104166667E+01  1.5108333333E+01  3.77061E-02  2.81719E-01
  1.5108333333E+01  1.5112500000E+01  3.77991E-02  3.34155E-01
  1.5112500000E+01  1.5116666667E+01  3.79419E-02  4.05757E-01
  1.5116666667E+01  1.5120833333E+01  3.78368E-02  3.20062E-01
  1.5120833333E+01  1.5125000000E+01  3.77458E-02  3.28259E-01
  1.5125000000E+01  1.5129166667E+01  3.78203E-02  3.17222E-01
  1.5129166667E+01  1.5133333333E+01  3.79552E-02  3.52813E-01
  1.5133333333E+01  1.5137500000E+01  3.78667E-02  2.84188E-01
  1.5137500000E+01  1.5141666667E+01  3.78665E-02  3.31306E-01
  1.5141666667E+01  1.5145833333E+01  3.81460E-02  4.10155E-01
  1.5145833333E+01  1.5150000000E+01  3.80193E-02  3.32820E-01
  1.5150000000E+01  1.5154166667E+01  3.78680E-02  3.05810E-01
  1.5154166667E+01  1.5158333333E+01  3.78086E-02  3.03071E-01
  1.5158333333E+01  1.5162500000E+01  3.78296E-02  2.55189E-01
  1.5162500000E+01  1.5166666667E+01  3.79873E-02  3.80473E-01
  1.5166666667E+01  1.5170833333E+01  3.78933E-02  3.21577E-01
  1.5170833333E+01  1.5175000000E+01  3.79796E-02  3.16342E-01
  1.5175000000E+01  1.5179166667E+01  3.80508E-02  3.21713E-01
  1.5179166667E+01  1.5183333333E+01  3.79057E-02  2.92274E-01
  1.5183333333E+01  1.5187500000E+01  3.78523E-02  2.54424E-01
  1.5187500000E+01  1.5191666667E+01  3.79703E-02  3.45234E-01
  1.5191666667E+01  1.5195833333E+01  3.77937E-02  2.35890E-01
  1.5195833333E+01  1.5200000000E+01  3.80019E-02  3.48752E-01
  1.5200000000E+01  1.5204166667E+01  3.79803E-02  3.16177E-01
  1.5204166667E+01  1.5208333333E+01  3.80083E-02  3.27411E-01
  1.5208333333E+01  1.5212500000E+01  3.80612E-02  3.32461E-01
  1.5212500000E+01  1.5216666667E+01  3.83628E-02  5.52198E-01
  1.5216666667E+01  1.5220833333E+01  3.80807E-02  3.28216E-01
  1.5220833333E+01  1.5225000000E+01  3.79511E-02  3.26737E-01
  1.5225000000E+01  1.5229166667E+01  3.80164E-02  2.83463E-01
  1.5229166667E+01  1.5233333333E+01  3.79080E-02  3.18301E-01
  1.5233333333E+01  1.5237500000E+01  3.78987E-02  2.85316E-01
  1.5237500000E+01  1.5241666667E+01  3.80535E-02  3.25283E-01
  1.5241666667E+01  1.5245833333E+01  3.81821E-02  3.58275E-01
  1.5245833333E+01  1.5250000000E+01  3.79932E-02  2.86560E-01
  1.5250000000E+01  1.5254166667E+01  3.83310E-02  4.58136E-01
  1.5254166667E+01  1.5258333333E+01  3.81272E-02  3.27632E-01
  1.5258333333E+01  1.5262500000E+01  3.82450E-02  3.29384E-01
  1.5262500000E+01  1.5266666667E+01  3.84824E-02  3.94368E-01
  1.5266666667E+01  1.5270833333E+01  3.87294E-02  3.69600E-01
  1.5270833333E+01  1.5275000000E+01  3.86163E-02  3.02265E-01
  1.5275000000E+01  1.5279166667E+01  3.86191E-02  3.75886E-01
  1.5279166667E+01  1.5283333333E+01  3.86545E-02  4.17341E-01
  1.5283333333E+01  1.5287500000E+01  3.85774E-02  3.08313E-01
  1.5287500000E+01  1.5291666667E+01  3.86680E-02  3.78786E-01
  1.5291666667E+01  1.5295833333E+01  3.86083E-02  3.46044E-01
  1.5295833333E+01  1.5300000000E+01  3.85660E-02  3.24382E-01
  1.5300000000E+01  1.5304166667E+01  3.85290E-02  2.76465E-01
  1.5304166667E+01  1.5308333333E+01  3.87794E-02  3.86852E-01
  1.5308333333E+01  1.5312500000E+01  3.87222E-02  3.54167E-01
  1.5312500000E+01  1.5316666667E+01  3.87056E-02  2.76837E-01
  1.5316666667E+01  1.5320833333E+01  3.87226E-02  3.87971E-01
  1.5320833333E+01  1.5325000000E+01  3.87112E-02  3.81337E-01
  1.5325000000E+01  1.5329166667E+01  3.87857E-02  3.23556E-01
  1.5329166667E+01  1.5333333333E+01  3.86340E-02  3.01723E-01
  1.5333333333E+01  1.5337500000E+01  3.90252E-02  4.91654E-01
  1.5337500000E+01  1.5341666667E+01  3.87776E-02  3.42108E-01
  1.5341666667E+01  1.5345833333E+01  3.90180E-02  3.72747E-01
  1.5345833333E+01  1.5350000000E+01  3.88326E-02  2.77429E-01
  1.5350000000E+01  1.5354166667E+01  3.88689E-02  3.39823E-01
  1.5354166667E+01  1.5358333333E+01  3.88105E-02  3.62530E-01
  1.5358333333E+01  1.5362500000E+01  3.89032E-02  3.45361E-01
  1.5362500000E+01  1.5366666667E+01  3.88204E-02  3.70521E-01
  1.5366666667E+01  1.5370833333E+01  3.87621E-02  2.74886E-01
  1.5370833333E+01  1.5375000000E+01  3.87852E-02  3.04134E-01
  1.5375000000E+01  1.5379166667E+01  3.89451E-02  3.23690E-01
  1.5379166667E+01  1.5383333333E+01  3.87574E-02  2.58631E-01
  1.5383333333E+01  1.5387500000E+01  3.90986E-02  3.73778E-01
  1.5387500000E+01  1.5391666667E+01  3.89716E-02  3.69616E-01
  1.5391666667E+01  1.5395833333E+01  3.89114E-02  3.62675E-01
  1.5395833333E+01  1.5400000000E+01  3.90105E-02  3.86707E-01
  1.5400000000E+01  1.5404166667E+01  3.91274E-02  3.72806E-01
  1.5404166667E+01  1.5408333333E+01  3.89939E-02  3.30398E-01
  1.5408333333E+01  1.5412500000E+01  3.90594E-02  3.59783E-01
  1.5412500000E+01  1.5416666667E+01  3.88254E-02  3.33797E-01
  1.5416666667E+01  1.5420833333E+01  3.90847E-02  3.62363E-01
  1.5420833333E+01  1.5425000000E+01  3.89342E-02  4.01571E-01
  1.5425000000E+01  1.5429166667E+01  3.90816E-02  3.11048E-01
  1.5429166667E+01  1.5433333333E+01  3.90646E-02  3.60305E-01
  1.5433333333E+01  1.5437500000E+01  3.88244E-02  2.71453E-01
  1.5437500000E+01  1.5441666667E+01  3.89935E-02  3.96631E-01
  1.5441666667E+01  1.5445833333E+01  3.87910E-02  2.66293E-01
  1.5445833333E+01  1.5450000000E+01  3.89507E-02  2.78469E-01
  1.5450000000E+01  1.5454166667E+01  3.88240E-02  3.49657E-01
  1.5454166667E+01  1.5458333333E+01  3.90264E-02  4.35709E-01
  1.5458333333E+01  1.5462500000E+01  3.91724E-02  4.53533E-01
  1.5462500000E+01  1.5466666667E+01  3.90497E-02  3.46376E-01
  1.5466666667E+01  1.5470833333E+01  3.90743E-02  3.31451E-01
  1.5470833333E+01  1.5475000000E+01  3.92835E-02  3.72710E-01
  1.5475000000E+01  1.5479166667E+01  3.90136E-02  2.61441E-01
  1.5479166667E+01  1.5483333333E+01  3.90248E-02  3.03231E-01
  1.5483333333E+01  1.5487500000E+01  3.88743E-02  2.80022E-01
  1.5487500000E+01  1.5491666667E+01  3.88062E-02  2.35627E-01
  1.5491666667E+01  1.5495833333E+01  3.89052E-02  2.31739E-01
  1.5495833333E+01  1.5500000000E+01  3.89952E-02  3.17647E-01
  1.5500000000E+01  1.5504166667E+01  3.91476E-02  3.80731E-01
  1.5504166667E+01  1.5508333333E+01  3.91410E-02  3.37281E-01
  1.5508333333E+01  1.5512500000E+01  3.91706E-02  4.50391E-01
  1.5512500000E+01  1.5516666667E+01  3.90726E-02  3.21870E-01
  1.5516666667E+01  1.5520833333E+01  3.91303E-02  2.95887E-01
  1.5520833333E+01  1.5525000000E+01  3.89801E-02  2.38785E-01
  1.5525000000E+01  1.5529166667E+01  3.92424E-02  3.49013E-01
  1.5529166667E+01  1.5533333333E+01  3.92962E-02  3.51861E-01
  1.5533333333E+01  1.5537500000E+01  3.93002E-02  3.35195E-01
  1.5537500000E+01  1.5541666667E+01  3.92463E-02  3.06858E-01
  1.5541666667E+01  1.5545833333E+01  3.91648E-02  3.18279E-01
  1.5545833333E+01  1.5550000000E+01  3.93555E-02  3.24572E-01
  1.5550000000E+01  1.5554166667E+01  3.94525E-02  3.84506E-01
  1.5554166667E+01  1.5558333333E+01  3.94245E-02  3.42491E-01
  1.5558333333E+01  1.5562500000E+01  3.93516E-02  3.07441E-01
  1.5562500000E+01  1.5566666667E+01  3.91741E-02  2.96438E-01
  1.5566666667E+01  1.5570833333E+01  3.93144E-02  3.51422E-01
  1.5570833333E+01  1.5575000000E+01  3.92365E-02  2.96635E-01
  1.5575000000E+01  1.5579166667E+01  3.92409E-02  3.22608E-01
  1.5579166667E+01  1.5583333333E+01  3.93891E-02  3.61208E-01
  1.5583333333E+01  1.5587500000E+01  3.94424E-02  3.21433E-01
  1.5587500000E+01  1.5591666667E+01  3.92001E-02  2.65919E-01
  1.5591666667E+01  1.5595833333E+01  3.94437E-02  3.19578E-01
  1.5595833333E+01  1.5600000000E+01  3.95128E-02  3.38410E-01
  1.5600000000E+01  1.5604166667E+01  3.96562E-02  4.24487E-01
  1.5604166667E+01  1.5608333333E+01  3.96512E-02  3.23263E-01
  1.5608333333E+01  1.5612500000E+01  3.97067E-02  3.01502E-01
  1.5612500000E+01  1.5616666667E+01  3.95825E-02  2.48797E-01
  1.5616666667E+01  1.5620833333E+01  3.96594E-02  3.16423E-01
  1.5620833333E+01  1.5625000000E+01  3.99401E-02  3.90373E-01
  1.5625000000E+01  1.5629166667E+01  3.97689E-02  3.13950E-01
  1.5629166667E+01  1.5633333333E+01  3.96444E-02  2.65312E-01
  1.5633333333E+01  1.5637500000E+01  3.97885E-02  3.04860E-01
  1.5637500000E+01  1.5641666667E+01  3.97395E-02  3.22989E-01
  1.5641666667E+01  1.5645833333E+01  3.96384E-02  2.91007E-01
  1.5645833333E+01  1.5650000000E+01  3.98802E-02  3.35474E-01
  1.5650000000E+01  1.5654166667E+01  3.98196E-02  3.35004E-01
  1.5654166667E+01  1.5658333333E+01  3.97455E-02  2.99725E-01
  1.5658333333E+01  1.5662500000E+01  3.99057E-02  3.46062E-01
  1.5662500000E+01  1.5666666667E+01  3.98655E-02  3.71785E-01
  1.5666666667E+01  1.5670833333E+01  3.97608E-02  2.95092E-01
  1.5670833333E+01  1.5675000000E+01  4.01146E-02  4.26225E-01
  1.5675000000E+01  1.5679166667E+01  4.00550E-02  4.20478E-01
  1.5679166667E+01  1.5683333333E+01  3.99120E-02  3.77140E-01
  1.5683333333E+01  1.5687500000E+01  4.00395E-02  4.60448E-01
  1.5687500000E+01  1.5691666667E+01  3.98512E-02  3.42868E-01
  1.5691666667E+01  1.5695833333E+01  3.99111E-02  3.04068E-01
  1.5695833333E+01  1.5700000000E+01  4.00823E-02  3.91481E-01
  1.5700000000E+01  1.5704166667E+01  4.01165E-02  4.19104E-01
  1.5704166667E+01  1.5708333333E+01  3.98925E-02  2.96460E-01
  1.5708333333E+01  1.5712500000E+01  3.99013E-02  2.47443E-01
  1.5712500000E+01  1.5716666667E+01  3.99749E-02  3.55719E-01
  1.5716666667E+01  1.5720833333E+01  3.99529E-02  3.10204E-01
  1.5720833333E+01  1.5725000000E+01  4.00043E-02  3.71109E-01
  1.5725000000E+01  1.5729166667E+01  4.02243E-02  3.74442E-01
  1.5729166667E+01  1.5733333333E+01  3.98816E-02  2.51966E-01
  1.5733333333E+01  1.5737500000E+01  4.01557E-02  3.05827E-01
  1.5737500000E+01  1.5741666667E+01  4.02688E-02  3.53565E-01
  1.5741666667E+01  1.5745833333E+01  3.99982E-02  3.22933E-01
  1.5745833333E+01  1.5750000000E+01  3.99886E-02  3.46640E-01
  1.5750000000E+01  1.5754166667E+01  4.00598E-02  2.94758E-01
  1.5754166667E+01  1.5758333333E+01  4.00712E-02  3.18757E-01
  1.5758333333E+01  1.5762500000E+01  4.01662E-02  3.68378E-01
  1.5762500000E+01  1.5766666667E+01  4.00029E-02  3.66395E-01
  1.5766666667E+01  1.5770833333E+01  4.02358E-02  4.17048E-01
  1.5770833333E+01  1.5775000000E+01  4.00544E-02  3.07300E-01
  1.5775000000E+01  1.5779166667E+01  4.01116E-02  3.01887E-01
  1.5779166667E+01  1.5783333333E+01  4.00979E-02  2.97446E-01
  1.5783333333E+01  1.5787500000E+01  4.02631E-02  3.90904E-01
  1.5787500000E+01  1.5791666667E+01  4.01578E-02  3.60362E-01
  1.5791666667E+01  1.5795833333E+01  4.00842E-02  3.70380E-01
  1.5795833333E+01  1.5800000000E+01  4.03871E-02  3.75754E-01
  1.5800000000E+01  1.5804166667E+01  4.03402E-02  3.80557E-01
  1.5804166667E+01  1.5808333333E+01  4.02762E-02  3.26839E-01
  1.5808333333E+01  1.5812500000E+01  4.05142E-02  3.50072E-01
  1.5812500000E+01  1.5816666667E+01  4.03750E-02  3.90585E-01
  1.5816666667E+01  1.5820833333E+01  4.04109E-02  4.24753E-01
  1.5820833333E+01  1.5825000000E+01  4.04482E-02  3.61924E-01
  1.5825000000E+01  1.5829166667E+01  4.04918E-02  3.82843E-01
  1.5829166667E+01  1.5833333333E+01  4.03431E-02  2.54891E-01
  1.5833333333E+01  1.5837500000E+01  4.02812E-02  2.93020E-01
  1.5837500000E+01  1.5841666667E+01  4.03032E-02  3.54026E-01
  1.5841666667E+01  1.5845833333E+01  4.02239E-02  2.97330E-01
  1.5845833333E+01  1.5850000000E+01  4.04946E-02  3.18725E-01
  1.5850000000E+01  1.5854166667E+01  4.03065E-02  3.02284E-01
  1.5854166667E+01  1.5858333333E+01  4.03211E-02  2.55462E-01
  1.5858333333E+01  1.5862500000E+01  4.03623E-02  2.58005E-01
  1.5862500000E+01  1.5866666667E+01  4.05438E-02  3.61317E-01
  1.5866666667E+01  1.5870833333E+01  4.05456E-02  3.17537E-01
  1.5870833333E+01  1.5875000000E+01  4.07003E-02  3.53678E-01
  1.5875000000E+01  1.5879166667E+01  4.07955E-02  3.78544E-01
  1.5879166667E+01  1.5883333333E+01  4.06974E-02  3.54686E-01
  1.5883333333E+01  1.5887500000E+01  4.04412E-02  2.50263E-01
  1.5887500000E+01  1.5891666667E+01  4.05069E-02  3.45097E-01
  1.5891666667E+01  1.5895833333E+01  4.04147E-02  2.78283E-01
  1.5895833333E+01  1.5900000000E+01  4.05977E-02  3.81551E-01
  1.5900000000E+01  1.5904166667E+01  4.05161E-02  2.96809E-01
  1.5904166667E+01  1.5908333333E+01  4.05749E-02  2.92295E-01
  1.5908333333E+01  1.5912500000E+01  4.08692E-02  3.30155E-01
  1.5912500000E+01  1.5916666667E+01  4.06749E-02  2.71992E-01
  1.5916666667E+01  1.5920833333E+01  4.04344E-02  2.03883E-01
  1.5920833333E+01  1.5925000000E+01  4.06279E-02  2.73569E-01
  1.5925000000E+01  1.5929166667E+01  4.07346E-02  2.72725E-01
  1.5929166667E+01  1.5933333333E+01  4.09061E-02  4.00727E-01
  1.5933333333E+01  1.5937500000E+01  4.06694E-02  3.50032E-01
  1.5937500000E+01  1.5941666667E+01  4.06133E-02  2.76742E-01
  1.5941666667E+01  1.5945833333E+01  4.09902E-02  4.01712E-01
  1.5945833333E+01  1.5950000000E+01  4.09120E-02  4.04404E-01
  1.5950000000E+01  1.5954166667E+01  4.08676E-02  3.62378E-01
  1.5954166667E+01  1.5958333333E+01  4.08325E-02  3.45937E-01
  1.5958333333E+01  1.5962500000E+01  4.07812E-02  3.76904E-01
  1.5962500000E+01  1.5966666667E+01  4.08859E-02  3.17048E-01
  1.5966666667E+01  1.5970833333E+01  4.10084E-02  3.51864E-01
  1.5970833333E+01  1.5975000000E+01  4.09274E-02  2.89744E-01
  1.5975000000E+01  1.5979166667E+01  4.08281E-02  2.77432E-01
  1.5979166667E+01  1.5983333333E+01  4.09069E-02  3.44301E-01
  1.5983333333E+01  1.5987500000E+01  4.08700E-02  2.85182E-01
  1.5987500000E+01  1.5991666667E+01  4.07641E-02  2.31213E-01
  1.5991666667E+01  1.5995833333E+01  4.10049E-02  3.35739E-01
  1.5995833333E+01  1.6000000000E+01  4.09262E-02  2.80458E-01
  1.6000000000E+01  1.6004166667E+01  4.09026E-02  3.26331E-01
  1.6004166667E+01  1.6008333333E+01  4.07478E-02  2.38270E-01
  1.6008333333E+01  1.6012500000E+01  4.10374E-02  3.08228E-01
  1.6012500000E+01  1.6016666667E+01  4.10430E-02  3.02185E-01
  1.6016666667E+01  1.6020833333E+01  4.11502E-02  3.18003E-01
  1.6020833333E+01  1.6025000000E+01  4.09300E-02  3.00554E-01
  1.6025000000E+01  1.6029166667E+01  4.08394E-02  2.55555E-01
  1.6029166667E+01  1.6033333333E+01  4.10495E-02  2.85784E-01
  1.6033333333E+01  1.6037500000E+01  4.11063E-02  3.20404E-01
  1.6037500000E+01  1.6041666667E+01  4.10789E-02  3.00598E-01
  1.6041666667E+01  1.6045833333E+01  4.12581E-02  3.64262E-01
  1.6045833333E+01  1.6050000000E+01  4.12155E-02  2.72551E-01
  1.6050000000E+01  1.6054166667E+01  4.12923E-02  3.48292E-01
  1.6054166667E+01  1.6058333333E+01  4.13057E-02  3.39039E-01
  1.6058333333E+01  1.6062500000E+01  4.11802E-02  2.75457E-01
  1.6062500000E+01  1.6066666667E+01  4.11472E-02  3.03420E-01
  1.6066666667E+01  1.6070833333E+01  4.13732E-02  3.89798E-01
  1.6070833333E+01  1.6075000000E+01  4.12367E-02  3.19228E-01
  1.6075000000E+01  1.6079166667E+01  4.13750E-02  3.51234E-01
  1.6079166667E+01  1.6083333333E+01  4.13919E-02  3.38381E-01
  1.6083333333E+01  1.6087500000E+01  4.12727E-02  2.58597E-01
  1.6087500000E+01  1.6091666667E+01  4.14469E-02  3.54745E-01
  1.6091666667E+01  1.6095833333E+01  4.13049E-02  3.34892E-01
  1.6095833333E+01  1.6100000000E+01  4.11867E-02  2.50569E-01
  1.6100000000E+01  1.6104166667E+01  4.12618E-02  2.94884E-01
  1.6104166667E+01  1.6108333333E+01  4.11829E-02  3.15920E-01
  1.6108333333E+01  1.6112500000E+01  4.12815E-02  3.08404E-01
  1.6112500000E+01  1.6116666667E+01  4.13061E-02  2.87783E-01
  1.6116666667E+01  1.6120833333E+01  4.14806E-02  3.27712E-01
  1.6120833333E+01  1.6125000000E+01  4.15924E-02  3.63625E-01
  1.6125000000E+01  1.6129166667E+01  4.16635E-02  3.82337E-01
  1.6129166667E+01  1.6133333333E+01  4.14536E-02  2.99672E-01
  1.6133333333E+01  1.6137500000E+01  4.12267E-02  2.45131E-01
  1.6137500000E+01  1.6141666667E+01  4.16161E-02  3.91751E-01
  1.6141666667E+01  1.6145833333E+01  4.15466E-02  3.19224E-01
  1.6145833333E+01  1.6150000000E+01  4.15463E-02  2.89089E-01
  1.6150000000E+01  1.6154166667E+01  4.14800E-02  2.75901E-01
  1.6154166667E+01  1.6158333333E+01  4.15765E-02  2.89773E-01
  1.6158333333E+01  1.6162500000E+01  4.16879E-02  3.43170E-01
  1.6162500000E+01  1.6166666667E+01  4.18079E-02  3.39047E-01
  1.6166666667E+01  1.6170833333E+01  4.18295E-02  4.31410E-01
  1.6170833333E+01  1.6175000000E+01  4.16539E-02  2.90845E-01
  1.6175000000E+01  1.6179166667E+01  4.19163E-02  4.35428E-01
  1.6179166667E+01  1.6183333333E+01  4.19274E-02  4.10116E-01
  1.6183333333E+01  1.6187500000E+01  4.21923E-02  4.80347E-01
  1.6187500000E+01  1.6191666667E+01  4.17101E-02  3.11360E-01
  1.6191666667E+01  1.6195833333E+01  4.17055E-02  3.55828E-01
  1.6195833333E+01  1.6200000000E+01  4.17731E-02  3.69865E-01
  1.6200000000E+01  1.6204166667E+01  4.17261E-02  3.11676E-01
  1.6204166667E+01  1.6208333333E+01  4.18615E-02  3.30711E-01
  1.6208333333E+01  1.6212500000E+01  4.17366E-02  3.05034E-01
  1.6212500000E+01  1.6216666667E+01  4.17876E-02  3.09686E-01
  1.6216666667E+01  1.6220833333E+01  4.19090E-02  3.39340E-01
  1.6220833333E+01  1.6225000000E+01  4.18140E-02  2.75803E-01
  1.6225000000E+01  1.6229166667E+01  4.19939E-02  3.34388E-01
  1.6229166667E+01  1.6233333333E+01  4.18833E-02  3.06537E-01
  1.6233333333E+01  1.6237500000E+01  4.18861E-02  3.30297E-01
  1.6237500000E+01  1.6241666667E+01  4.19830E-02  3.02793E-01
  1.6241666667E+01  1.6245833333E+01  4.20616E-02  2.76808E-01
  1.6245833333E+01  1.6250000000E+01  4.21887E-02  4.09499E-01
  1.6250000000E+01  1.6254166667E+01  4.20485E-02  2.62358E-01
  1.6254166667E+01  1.6258333333E+01  4.20372E-02  2.54340E-01
  1.6258333333E+01  1.6262500000E+01  4.22645E-02  3.60044E-01
  1.6262500000E+01  1.6266666667E+01  4.21183E-02  2.92133E-01
  1.6266666667E+01  1.6270833333E+01  4.22029E-02  4.13230E-01
  1.6270833333E+01  1.6275000000E+01  4.24021E-02  3.66443E-01
  1.6275000000E+01  1.6279166667E+01  4.23096E-02  3.61000E-01
  1.6279166667E+01  1.6283333333E+01  4.21505E-02  2.97746E-01
  1.6283333333E+01  1.6287500000E+01  4.22070E-02  2.71543E-01
  1.6287500000E+01  1.6291666667E+01  4.21456E-02  2.91644E-01
  1.6291666667E+01  1.6295833333E+01  4.21159E-02  3.24248E-01
  1.6295833333E+01  1.6300000000E+01  4.21168E-02  3.01175E-01
  1.6300000000E+01  1.6304166667E+01  4.21713E-02  2.78481E-01
  1.6304166667E+01  1.6308333333E+01  4.22259E-02  2.92175E-01
  1.6308333333E+01  1.6312500000E+01  4.22839E-02  2.83793E-01
  1.6312500000E+01  1.6316666667E+01  4.22316E-02  3.25284E-01
  1.6316666667E+01  1.6320833333E+01  4.22681E-02  3.00809E-01
  1.6320833333E+01  1.6325000000E+01  4.24596E-02  3.07861E-01
  1.6325000000E+01  1.6329166667E+01  4.24370E-02  3.42221E-01
  1.6329166667E+01  1.6333333333E+01  4.22052E-02  2.69666E-01
  1.6333333333E+01  1.6337500000E+01  4.25055E-02  3.51449E-01
  1.6337500000E+01  1.6341666667E+01  4.24752E-02  3.46874E-01
  1.6341666667E+01  1.6345833333E+01  4.26340E-02  3.87275E-01
  1.6345833333E+01  1.6350000000E+01  4.25251E-02  2.88510E-01
  1.6350000000E+01  1.6354166667E+01  4.24412E-02  2.71847E-01
  1.6354166667E+01  1.6358333333E+01  4.24329E-02  2.82363E-01
  1.6358333333E+01  1.6362500000E+01  4.25823E-02  3.07580E-01
  1.6362500000E+01  1.6366666667E+01  4.27356E-02  3.21586E-01
  1.6366666667E+01  1.6370833333E+01  4.28777E-02  3.94768E-01
  1.6370833333E+01  1.6375000000E+01  4.26728E-02  2.90732E-01
  1.6375000000E+01  1.6379166667E+01  4.25106E-02  3.20818E-01
  1.6379166667E+01  1.6383333333E+01  4.27092E-02  3.40634E-01
  1.6383333333E+01  1.6387500000E+01  4.26406E-02  3.34528E-01
  1.6387500000E+01  1.6391666667E+01  4.26303E-02  2.65663E-01
  1.6391666667E+01  1.6395833333E+01  4.27859E-02  3.62283E-01
  1.6395833333E+01  1.6400000000E+01  4.26313E-02  3.15765E-01
  1.6400000000E+01  1.6404166667E+01  4.24779E-02  2.65230E-01
  1.6404166667E+01  1.6408333333E+01  4.25503E-02  2.87247E-01
  1.6408333333E+01  1.6412500000E+01  4.26110E-02  2.87580E-01
  1.6412500000E+01  1.6416666667E+01  4.25425E-02  2.78488E-01
  1.6416666667E+01  1.6420833333E+01  4.29970E-02  3.22052E-01
  1.6420833333E+01  1.6425000000E+01  4.32025E-02  3.77645E-01
  1.6425000000E+01  1.6429166667E+01  4.29469E-02  3.22441E-01
  1.6429166667E+01  1.6433333333E+01  4.29555E-02  3.27856E-01
  1.6433333333E+01  1.6437500000E+01  4.28389E-02  2.72934E-01
  1.6437500000E+01  1.6441666667E+01  4.28680E-02  2.90458E-01
  1.6441666667E+01  1.6445833333E+01  4.30157E-02  3.46689E-01
  1.6445833333E+01  1.6450000000E+01  4.29158E-02  2.65857E-01
  1.6450000000E+01  1.6454166667E+01  4.31208E-02  3.42357E-01
  1.6454166667E+01  1.6458333333E+01  4.31331E-02  3.36206E-01
  1.6458333333E+01  1.6462500000E+01  4.28884E-02  2.59075E-01
  1.6462500000E+01  1.6466666667E+01  4.29610E-02  3.11766E-01
  1.6466666667E+01  1.6470833333E+01  4.31905E-02  3.59736E-01
  1.6470833333E+01  1.6475000000E+01  4.30505E-02  3.25991E-01
  1.6475000000E+01  1.6479166667E+01  4.29506E-02  2.82242E-01
  1.6479166667E+01  1.6483333333E+01  4.33083E-02  3.85235E-01
  1.6483333333E+01  1.6487500000E+01  4.31695E-02  3.57394E-01
  1.6487500000E+01  1.6491666667E+01  4.29657E-02  2.97137E-01
  1.6491666667E+01  1.6495833333E+01  4.32562E-02  3.44157E-01
  1.6495833333E+01  1.6500000000E+01  4.32248E-02  3.24853E-01
  1.6500000000E+01  1.6504166667E+01  4.30646E-02  3.15107E-01
  1.6504166667E+01  1.6508333333E+01  4.31676E-02  3.37917E-01
  1.6508333333E+01  1.6512500000E+01  4.32185E-02  3.46627E-01
  1.6512500000E+01  1.6516666667E+01  4.32421E-02  3.31801E-01
  1.6516666667E+01  1.6520833333E+01  4.32977E-02  3.01462E-01
  1.6520833333E+01  1.6525000000E+01  4.33878E-02  3.02686E-01
  1.6525000000E+01  1.6529166667E+01  4.33520E-02  3.04861E-01
  1.6529166667E+01  1.6533333333E+01  4.34386E-02  3.28688E-01
  1.6533333333E+01  1.6537500000E+01  4.35085E-02  3.58084E-01
  1.6537500000E+01  1.6541666667E+01  4.34626E-02  3.49867E-01
  1.6541666667E+01  1.6545833333E+01  4.31766E-02  2.45613E-01
  1.6545833333E+01  1.6550000000E+01  4.32479E-02  2.73619E-01
  1.6550000000E+01  1.6554166667E+01  4.33610E-02  2.92391E-01
  1.6554166667E+01  1.6558333333E+01  4.34421E-02  3.38822E-01
  1.6558333333E+01  1.6562500000E+01  4.32516E-02  2.37063E-01
  1.6562500000E+01  1.6566666667E+01  4.36031E-02  3.26928E-01
  1.6566666667E+01  1.6570833333E+01  4.35277E-02  2.86196E-01
  1.6570833333E+01  1.6575000000E+01  4.36450E-02  3.13047E-01
  1.6575000000E+01  1.6579166667E+01  4.37800E-02  3.81909E-01
  1.6579166667E+01  1.6583333333E+01  4.34899E-02  2.99148E-01
  1.6583333333E+01  1.6587500000E+01  4.35400E-02  2.83987E-01
  1.6587500000E+01  1.6591666667E+01  4.35201E-02  2.61231E-01
  1.6591666667E+01  1.6595833333E+01  4.37596E-02  3.58168E-01
  1.6595833333E+01  1.6600000000E+01  4.35472E-02  2.82479E-01
  1.6600000000E+01  1.6604166667E+01  4.36746E-02  3.47500E-01
  1.6604166667E+01  1.6608333333E+01  4.34292E-02  2.23008E-01
  1.6608333333E+01  1.6612500000E+01  4.35007E-02  2.66720E-01
  1.6612500000E+01  1.6616666667E+01  4.35852E-02  2.74552E-01
  1.6616666667E+01  1.6620833333E+01  4.34589E-02  2.49900E-01
  1.6620833333E+01  1.6625000000E+01  4.36659E-02  3.06394E-01
  1.6625000000E+01  1.6629166667E+01  4.37472E-02  2.82918E-01
  1.6629166667E+01  1.6633333333E+01  4.37494E-02  3.53912E-01
  1.6633333333E+01  1.6637500000E+01  4.36562E-02  2.88723E-01
  1.6637500000E+01  1.6641666667E+01  4.37863E-02  3.12198E-01
  1.6641666667E+01  1.6645833333E+01  4.39706E-02  3.41498E-01
  1.6645833333E+01  1.6650000000E+01  4.38813E-02  3.03987E-01
  1.6650000000E+01  1.6654166667E+01  4.39061E-02  3.31293E-01
  1.6654166667E+01  1.6658333333E+01  4.37288E-02  2.90142E-01
  1.6658333333E+01  1.6662500000E+01  4.37951E-02  2.87286E-01
  1.6662500000E+01  1.6666666667E+01  4.39452E-02  2.98500E-01
  1.6666666667E+01  1.6670833333E+01  4.41641E-02  4.09207E-01
  1.6670833333E+01  1.6675000000E+01  4.41315E-02  3.35256E-01
  1.6675000000E+01  1.6679166667E+01  4.40937E-02  3.60647E-01
  1.6679166667E+01  1.6683333333E+01  4.41059E-02  3.62796E-01
  1.6683333333E+01  1.6687500000E+01  4.39251E-02  3.36335E-01
  1.6687500000E+01  1.6691666667E+01  4.40220E-02  3.07521E-01
  1.6691666667E+01  1.6695833333E+01  4.39455E-02  3.49127E-01
  1.6695833333E+01  1.6700000000E+01  4.41004E-02  3.24186E-01
  1.6700000000E+01  1.6704166667E+01  4.40580E-02  3.10431E-01
  1.6704166667E+01  1.6708333333E+01  4.41143E-02  3.05061E-01
  1.6708333333E+01  1.6712500000E+01  4.40213E-02  2.89557E-01
  1.6712500000E+01  1.6716666667E+01  4.40928E-02  3.27646E-01
  1.6716666667E+01  1.6720833333E+01  4.42314E-02  3.51138E-01
  1.6720833333E+01  1.6725000000E+01  4.40603E-02  2.80435E-01
  1.6725000000E+01  1.6729166667E+01  4.42284E-02  2.89319E-01
  1.6729166667E+01  1.6733333333E+01  4.44195E-02  3.42437E-01
  1.6733333333E+01  1.6737500000E+01  4.44987E-02  3.25864E-01
  1.6737500000E+01  1.6741666667E+01  4.41865E-02  2.95569E-01
  1.6741666667E+01  1.6745833333E+01  4.44051E-02  3.36595E-01
  1.6745833333E+01  1.6750000000E+01  4.44903E-02  3.48284E-01
  1.6750000000E+01  1.6754166667E+01  4.45580E-02  3.41491E-01
  1.6754166667E+01  1.6758333333E+01  4.45148E-02  3.31288E-01
  1.6758333333E+01  1.6762500000E+01  4.47411E-02  2.87478E-01
  1.6762500000E+01  1.6766666667E+01  4.45626E-02  3.96626E-01
  1.6766666667E+01  1.6770833333E+01  4.43980E-02  2.92463E-01
  1.6770833333E+01  1.6775000000E+01  4.45608E-02  3.12407E-01
  1.6775000000E+01  1.6779166667E+01  4.46197E-02  3.48981E-01
  1.6779166667E+01  1.6783333333E+01  4.45213E-02  3.17205E-01
  1.6783333333E+01  1.6787500000E+01  4.44481E-02  2.56177E-01
  1.6787500000E+01  1.6791666667E+01  4.45476E-02  2.64832E-01
  1.6791666667E+01  1.6795833333E+01  4.45569E-02  3.26278E-01
  1.6795833333E+01  1.6800000000E+01  4.46373E-02  2.87295E-01
  1.6800000000E+01  1.6804166667E+01  4.47239E-02  2.97301E-01
  1.6804166667E+01  1.6808333333E+01  4.45243E-02  2.77358E-01
  1.6808333333E+01  1.6812500000E+01  4.46201E-02  3.15374E-01
  1.6812500000E+01  1.6816666667E+01  4.48103E-02  3.70485E-01
  1.6816666667E+01  1.6820833333E+01  4.47714E-02  3.19238E-01
  1.6820833333E+01  1.6825000000E+01  4.47667E-02  3.12304E-01
  1.6825000000E+01  1.6829166667E+01  4.48731E-02  4.35551E-01
  1.6829166667E+01  1.6833333333E+01  4.47967E-02  3.57880E-01
  1.6833333333E+01  1.6837500000E+01  4.45800E-02  2.86115E-01
  1.6837500000E+01  1.6841666667E+01  4.46298E-02  3.01738E-01
  1.6841666667E+01  1.6845833333E+01  4.48306E-02  3.47399E-01
  1.6845833333E+01  1.6850000000E+01  4.47332E-02  2.87211E-01
  1.6850000000E+01  1.6854166667E+01  4.48535E-02  3.79729E-01
  1.6854166667E+01  1.6858333333E+01  4.49614E-02  3.22257E-01
  1.6858333333E+01  1.6862500000E+01  4.50210E-02  3.00973E-01
  1.6862500000E+01  1.6866666667E+01  4.48528E-02  2.70296E-01
  1.6866666667E+01  1.6870833333E+01  4.49401E-02  3.18484E-01
  1.6870833333E+01  1.6875000000E+01  4.50229E-02  3.18282E-01
  1.6875000000E+01  1.6879166667E+01  4.49976E-02  3.43806E-01
  1.6879166667E+01  1.6883333333E+01  4.51515E-02  4.13719E-01
  1.6883333333E+01  1.6887500000E+01  4.52787E-02  3.66178E-01
  1.6887500000E+01  1.6891666667E+01  4.52312E-02  3.71906E-01
  1.6891666667E+01  1.6895833333E+01  4.50140E-02  2.89294E-01
  1.6895833333E+01  1.6900000000E+01  4.50319E-02  2.85507E-01
  1.6900000000E+01  1.6904166667E+01  4.51038E-02  2.91992E-01
  1.6904166667E+01  1.6908333333E+01  4.50506E-02  3.10577E-01
  1.6908333333E+01  1.6912500000E+01  4.50019E-02  2.78216E-01
  1.6912500000E+01  1.6916666667E+01  4.49246E-02  2.63369E-01
  1.6916666667E+01  1.6920833333E+01  4.51154E-02  2.79082E-01
  1.6920833333E+01  1.6925000000E+01  4.51862E-02  3.45551E-01
  1.6925000000E+01  1.6929166667E+01  4.50718E-02  2.87848E-01
  1.6929166667E+01  1.6933333333E+01  4.52734E-02  2.78465E-01
  1.6933333333E+01  1.6937500000E+01  4.52621E-02  2.94319E-01
  1.6937500000E+01  1.6941666667E+01  4.51629E-02  3.17249E-01
  1.6941666667E+01  1.6945833333E+01  4.53390E-02  2.48023E-01
  1.6945833333E+01  1.6950000000E+01  4.55449E-02  3.15390E-01
  1.6950000000E+01  1.6954166667E+01  4.51746E-02  2.23142E-01
  1.6954166667E+01  1.6958333333E+01  4.57481E-02  3.85823E-01
  1.6958333333E+01  1.6962500000E+01  4.55097E-02  2.72625E-01
  1.6962500000E+01  1.6966666667E+01  4.56407E-02  2.78557E-01
  1.6966666667E+01  1.6970833333E+01  4.56729E-02  3.91763E-01
  1.6970833333E+01  1.6975000000E+01  4.57207E-02  3.28091E-01
  1.6975000000E+01  1.6979166667E+01  4.56469E-02  2.95554E-01
  1.6979166667E+01  1.6983333333E+01  4.55792E-02  3.34221E-01
  1.6983333333E+01  1.6987500000E+01  4.54749E-02  2.81336E-01
  1.6987500000E+01  1.6991666667E+01  4.55697E-02  2.96982E-01
  1.6991666667E+01  1.6995833333E+01  4.58803E-02  3.29597E-01
  1.6995833333E+01  1.7000000000E+01  4.56583E-02  2.73515E-01
  1.7000000000E+01  1.7004166667E+01  4.57673E-02  3.09465E-01
  1.7004166667E+01  1.7008333333E+01  4.58327E-02  3.36343E-01
  1.7008333333E+01  1.7012500000E+01  4.56961E-02  3.30501E-01
  1.7012500000E+01  1.7016666667E+01  4.56396E-02  2.88409E-01
  1.7016666667E+01  1.7020833333E+01  4.55771E-02  2.44326E-01
  1.7020833333E+01  1.7025000000E+01  4.57097E-02  2.47709E-01
  1.7025000000E+01  1.7029166667E+01  4.58857E-02  3.37825E-01
  1.7029166667E+01  1.7033333333E+01  4.59877E-02  2.93590E-01
  1.7033333333E+01  1.7037500000E+01  4.61370E-02  3.68706E-01
  1.7037500000E+01  1.7041666667E+01  4.58347E-02  2.63782E-01
  1.7041666667E+01  1.7045833333E+01  4.60406E-02  3.34250E-01
  1.7045833333E+01  1.7050000000E+01  4.59328E-02  2.59638E-01
  1.7050000000E+01  1.7054166667E+01  4.60724E-02  2.87349E-01
  1.7054166667E+01  1.7058333333E+01  4.62033E-02  3.21281E-01
  1.7058333333E+01  1.7062500000E+01  4.61102E-02  3.03628E-01
  1.7062500000E+01  1.7066666667E+01  4.60349E-02  2.99424E-01
  1.7066666667E+01  1.7070833333E+01  4.63303E-02  3.24796E-01
  1.7070833333E+01  1.7075000000E+01  4.62853E-02  3.19903E-01
  1.7075000000E+01  1.7079166667E+01  4.62216E-02  2.93592E-01
  1.7079166667E+01  1.7083333333E+01  4.62947E-02  3.14492E-01
  1.7083333333E+01  1.7087500000E+01  4.60695E-02  2.50979E-01
  1.7087500000E+01  1.7091666667E+01  4.61560E-02  2.71472E-01
  1.7091666667E+01  1.7095833333E+01  4.62822E-02  2.69326E-01
  1.7095833333E+01  1.7100000000E+01  4.62327E-02  2.40895E-01
  1.7100000000E+01  1.7104166667E+01  4.64432E-02  3.23245E-01
  1.7104166667E+01  1.7108333333E+01  4.62032E-02  2.62900E-01
  1.7108333333E+01  1.7112500000E+01  4.62235E-02  2.22918E-01
  1.7112500000E+01  1.7116666667E+01  4.64003E-02  3.00441E-01
  1.7116666667E+01  1.7120833333E+01  4.63613E-02  2.75928E-01
  1.7120833333E+01  1.7125000000E+01  4.65493E-02  3.04418E-01
  1.7125000000E+01  1.7129166667E+01  4.64482E-02  3.11416E-01
  1.7129166667E+01  1.7133333333E+01  4.65164E-02  3.12013E-01
  1.7133333333E+01  1.7137500000E+01  4.63225E-02  2.55006E-01
  1.7137500000E+01  1.7141666667E+01  4.65463E-02  2.96455E-01
  1.7141666667E+01  1.7145833333E+01  4.64079E-02  2.77116E-01
  1.7145833333E+01  1.7150000000E+01  4.65937E-02  2.69520E-01
  1.7150000000E+01  1.7154166667E+01  4.67422E-02  3.42633E-01
  1.7154166667E+01  1.7158333333E+01  4.66265E-02  2.75624E-01
  1.7158333333E+01  1.7162500000E+01  4.67065E-02  3.13422E-01
  1.7162500000E+01  1.7166666667E+01  4.66143E-02  2.38931E-01
  1.7166666667E+01  1.7170833333E+01  4.65391E-02  2.60279E-01
  1.7170833333E+01  1.7175000000E+01  4.64780E-02  2.39564E-01
  1.7175000000E+01  1.7179166667E+01  4.66633E-02  3.11486E-01
  1.7179166667E+01  1.7183333333E+01  4.68005E-02  2.90195E-01
  1.7183333333E+01  1.7187500000E+01  4.67357E-02  3.04986E-01
  1.7187500000E+01  1.7191666667E+01  4.68505E-02  2.96244E-01
  1.7191666667E+01  1.7195833333E+01  4.68704E-02  2.89562E-01
  1.7195833333E+01  1.7200000000E+01  4.68925E-02  2.88387E-01
  1.7200000000E+01  1.7204166667E+01  4.70856E-02  3.14229E-01
  1.7204166667E+01  1.7208333333E+01  4.70215E-02  3.08124E-01
  1.7208333333E+01  1.7212500000E+01  4.70922E-02  2.96146E-01
  1.7212500000E+01  1.7216666667E+01  4.69800E-02  2.89797E-01
  1.7216666667E+01  1.7220833333E+01  4.71299E-02  2.86396E-01
  1.7220833333E+01  1.7225000000E+01  4.71483E-02  3.29313E-01
  1.7225000000E+01  1.7229166667E+01  4.70746E-02  3.25652E-01
  1.7229166667E+01  1.7233333333E+01  4.70717E-02  2.96227E-01
  1.7233333333E+01  1.7237500000E+01  4.70636E-02  2.41050E-01
  1.7237500000E+01  1.7241666667E+01  4.71776E-02  2.85446E-01
  1.7241666667E+01  1.7245833333E+01  4.73160E-02  3.81810E-01
  1.7245833333E+01  1.7250000000E+01  4.72412E-02  3.06104E-01
  1.7250000000E+01  1.7254166667E+01  4.71099E-02  2.73665E-01
  1.7254166667E+01  1.7258333333E+01  4.71016E-02  2.72410E-01
  1.7258333333E+01  1.7262500000E+01  4.72027E-02  2.88025E-01
  1.7262500000E+01  1.7266666667E+01  4.72180E-02  2.96961E-01
  1.7266666667E+01  1.7270833333E+01  4.72938E-02  3.18041E-01
  1.7270833333E+01  1.7275000000E+01  4.73374E-02  2.71453E-01
  1.7275000000E+01  1.7279166667E+01  4.73974E-02  2.56619E-01
  1.7279166667E+01  1.7283333333E+01  4.71963E-02  2.26733E-01
  1.7283333333E+01  1.7287500000E+01  4.77409E-02  3.55018E-01
  1.7287500000E+01  1.7291666667E+01  4.75784E-02  3.06400E-01
  1.7291666667E+01  1.7295833333E+01  4.73943E-02  2.67510E-01
  1.7295833333E+01  1.7300000000E+01  4.76576E-02  2.91649E-01
  1.7300000000E+01  1.7304166667E+01  4.76033E-02  3.13214E-01
  1.7304166667E+01  1.7308333333E+01  4.76394E-02  3.34962E-01
  1.7308333333E+01  1.7312500000E+01  4.74450E-02  2.36428E-01
  1.7312500000E+01  1.7316666667E+01  4.74412E-02  2.63465E-01
  1.7316666667E+01  1.7320833333E+01  4.75986E-02  2.54408E-01
  1.7320833333E+01  1.7325000000E+01  4.76308E-02  2.13615E-01
  1.7325000000E+01  1.7329166667E+01  4.76912E-02  3.55334E-01
  1.7329166667E+01  1.7333333333E+01  4.76990E-02  2.47838E-01
  1.7333333333E+01  1.7337500000E+01  4.78054E-02  2.65308E-01
  1.7337500000E+01  1.7341666667E+01  4.77165E-02  2.65459E-01
  1.7341666667E+01  1.7345833333E+01  4.77809E-02  2.52421E-01
  1.7345833333E+01  1.7350000000E+01  4.79099E-02  2.06377E-01
  1.7350000000E+01  1.7354166667E+01  4.78695E-02  2.50285E-01
  1.7354166667E+01  1.7358333333E+01  4.78969E-02  2.54871E-01
  1.7358333333E+01  1.7362500000E+01  4.78553E-02  1.90705E-01
  1.7362500000E+01  1.7366666667E+01  4.79840E-02  2.79683E-01
  1.7366666667E+01  1.7370833333E+01  4.81810E-02  3.75902E-01
  1.7370833333E+01  1.7375000000E+01  4.79985E-02  2.55009E-01
  1.7375000000E+01  1.7379166667E+01  4.81355E-02  2.68960E-01
  1.7379166667E+01  1.7383333333E+01  4.82959E-02  3.36924E-01
  1.7383333333E+01  1.7387500000E+01  4.84312E-02  3.12090E-01
  1.7387500000E+01  1.7391666667E+01  4.84772E-02  4.18002E-01
  1.7391666667E+01  1.7395833333E+01  4.80943E-02  2.21418E-01
  1.7395833333E+01  1.7400000000E+01  4.81862E-02  2.61698E-01
  1.7400000000E+01  1.7404166667E+01  4.82927E-02  2.43795E-01
  1.7404166667E+01  1.7408333333E+01  4.81997E-02  2.48518E-01
  1.7408333333E+01  1.7412500000E+01  4.82189E-02  2.49313E-01
  1.7412500000E+01  1.7416666667E+01  4.84084E-02  2.81689E-01
  1.7416666667E+01  1.7420833333E+01  4.83714E-02  2.65011E-01
  1.7420833333E+01  1.7425000000E+01  4.84846E-02  2.88322E-01
  1.7425000000E+01  1.7429166667E+01  4.86294E-02  4.02412E-01
  1.7429166667E+01  1.7433333333E+01  4.84547E-02  3.23140E-01
  1.7433333333E+01  1.7437500000E+01  4.85636E-02  2.87285E-01
  1.7437500000E+01  1.7441666667E+01  4.87941E-02  3.00603E-01
  1.7441666667E+01  1.7445833333E+01  4.87774E-02  3.06153E-01
  1.7445833333E+01  1.7450000000E+01  4.86440E-02  2.36383E-01
  1.7450000000E+01  1.7454166667E+01  4.86240E-02  2.50379E-01
  1.7454166667E+01  1.7458333333E+01  4.85705E-02  2.38828E-01
  1.7458333333E+01  1.7462500000E+01  4.86028E-02  2.77275E-01
  1.7462500000E+01  1.7466666667E+01  4.88282E-02  2.72581E-01
  1.7466666667E+01  1.7470833333E+01  4.88248E-02  2.38774E-01
  1.7470833333E+01  1.7475000000E+01  4.88419E-02  2.73831E-01
  1.7475000000E+01  1.7479166667E+01  4.88955E-02  2.59639E-01
  1.7479166667E+01  1.7483333333E+01  4.89068E-02  3.33213E-01
  1.7483333333E+01  1.7487500000E+01  4.87799E-02  2.29648E-01
  1.7487500000E+01  1.7491666667E+01  4.89419E-02  2.73833E-01
  1.7491666667E+01  1.7495833333E+01  4.89676E-02  3.05390E-01
  1.7495833333E+01  1.7500000000E+01  4.89002E-02  3.59703E-01
  1.7500000000E+01  1.7504166667E+01  4.89383E-02  2.55179E-01
  1.7504166667E+01  1.7508333333E+01  4.91762E-02  2.92704E-01
  1.7508333333E+01  1.7512500000E+01  4.91779E-02  2.61197E-01
  1.7512500000E+01  1.7516666667E+01  4.92074E-02  2.94531E-01
  1.7516666667E+01  1.7520833333E+01  4.91587E-02  2.75527E-01
  1.7520833333E+01  1.7525000000E+01  4.93444E-02  3.21025E-01
  1.7525000000E+01  1.7529166667E+01  4.94111E-02  3.01658E-01
  1.7529166667E+01  1.7533333333E+01  4.91143E-02  2.42036E-01
  1.7533333333E+01  1.7537500000E+01  4.92067E-02  2.58595E-01
  1.7537500000E+01  1.7541666667E+01  4.95469E-02  3.26444E-01
  1.7541666667E+01  1.7545833333E+01  4.92433E-02  2.81223E-01
  1.7545833333E+01  1.7550000000E+01  4.92478E-02  2.61450E-01
  1.7550000000E+01  1.7554166667E+01  4.94234E-02  2.90136E-01
  1.7554166667E+01  1.7558333333E+01  4.96053E-02  3.24873E-01
  1.7558333333E+01  1.7562500000E+01  4.93470E-02  2.28611E-01
  1.7562500000E+01  1.7566666667E+01  4.94261E-02  2.40990E-01
  1.7566666667E+01  1.7570833333E+01  4.94668E-02  2.12714E-01
  1.7570833333E+01  1.7575000000E+01  4.98067E-02  2.89285E-01
  1.7575000000E+01  1.7579166667E+01  4.95502E-02  2.56548E-01
  1.7579166667E+01  1.7583333333E+01  4.95400E-02  2.49922E-01
  1.7583333333E+01  1.7587500000E+01  4.96958E-02  2.81685E-01
  1.7587500000E+01  1.7591666667E+01  4.98306E-02  2.86319E-01
  1.7591666667E+01  1.7595833333E+01  4.98584E-02  3.14162E-01
  1.7595833333E+01  1.7600000000E+01  4.99450E-02  3.03740E-01
  1.7600000000E+01  1.7604166667E+01  4.99062E-02  2.64314E-01
  1.7604166667E+01  1.7608333333E+01  5.01858E-02  3.54788E-01
  1.7608333333E+01  1.7612500000E+01  5.00251E-02  2.78032E-01
  1.7612500000E+01  1.7616666667E+01  4.98124E-02  2.28563E-01
  1.7616666667E+01  1.7620833333E+01  4.99355E-02  2.77324E-01
  1.7620833333E+01  1.7625000000E+01  5.01279E-02  2.88771E-01
  1.7625000000E+01  1.7629166667E+01  5.01384E-02  2.78823E-01
  1.7629166667E+01  1.7633333333E+01  5.01346E-02  2.40988E-01
  1.7633333333E+01  1.7637500000E+01  5.03060E-02  2.74954E-01
  1.7637500000E+01  1.7641666667E+01  5.01645E-02  2.49880E-01
  1.7641666667E+01  1.7645833333E+01  5.02920E-02  2.36836E-01
  1.7645833333E+01  1.7650000000E+01  5.02762E-02  2.22943E-01
  1.7650000000E+01  1.7654166667E+01  5.03039E-02  2.37346E-01
  1.7654166667E+01  1.7658333333E+01  5.02861E-02  2.25006E-01
  1.7658333333E+01  1.7662500000E+01  5.05474E-02  2.73690E-01
  1.7662500000E+01  1.7666666667E+01  5.05269E-02  2.62085E-01
  1.7666666667E+01  1.7670833333E+01  5.04811E-02  2.36963E-01
  1.7670833333E+01  1.7675000000E+01  5.04302E-02  2.15831E-01
  1.7675000000E+01  1.7679166667E+01  5.04963E-02  2.16701E-01
  1.7679166667E+01  1.7683333333E+01  5.04757E-02  2.21695E-01
  1.7683333333E+01  1.7687500000E+01  5.06714E-02  2.73857E-01
  1.7687500000E+01  1.7691666667E+01  5.06291E-02  2.58592E-01
  1.7691666667E+01  1.7695833333E+01  5.06341E-02  2.27046E-01
  1.7695833333E+01  1.7700000000E+01  5.07084E-02  2.23299E-01
  1.7700000000E+01  1.7704166667E+01  5.08357E-02  2.73859E-01
  1.7704166667E+01  1.7708333333E+01  5.08205E-02  2.76419E-01
  1.7708333333E+01  1.7712500000E+01  5.09190E-02  2.81102E-01
  1.7712500000E+01  1.7716666667E+01  5.09090E-02  2.58914E-01
  1.7716666667E+01  1.7720833333E+01  5.08858E-02  2.75475E-01
  1.7720833333E+01  1.7725000000E+01  5.11227E-02  2.87480E-01
  1.7725000000E+01  1.7729166667E+01  5.11683E-02  2.62984E-01
  1.7729166667E+01  1.7733333333E+01  5.11399E-02  2.69095E-01
  1.7733333333E+01  1.7737500000E+01  5.11336E-02  2.67677E-01
  1.7737500000E+01  1.7741666667E+01  5.12247E-02  2.63458E-01
  1.7741666667E+01  1.7745833333E+01  5.12445E-02  2.77428E-01
  1.7745833333E+01  1.7750000000E+01  5.14542E-02  3.01425E-01
  1.7750000000E+01  1.7754166667E+01  5.15774E-02  3.26619E-01
  1.7754166667E+01  1.7758333333E+01  5.15470E-02  3.12307E-01
  1.7758333333E+01  1.7762500000E+01  5.13360E-02  2.47675E-01
  1.7762500000E+01  1.7766666667E+01  5.15678E-02  2.87332E-01
  1.7766666667E+01  1.7770833333E+01  5.13771E-02  2.39374E-01
  1.7770833333E+01  1.7775000000E+01  5.13890E-02  2.38005E-01
  1.7775000000E+01  1.7779166667E+01  5.14211E-02  2.19534E-01
  1.7779166667E+01  1.7783333333E+01  5.14893E-02  2.68011E-01
  1.7783333333E+01  1.7787500000E+01  5.16480E-02  2.71388E-01
  1.7787500000E+01  1.7791666667E+01  5.17199E-02  2.62601E-01
  1.7791666667E+01  1.7795833333E+01  5.17272E-02  2.65359E-01
  1.7795833333E+01  1.7800000000E+01  5.17194E-02  2.24121E-01
  1.7800000000E+01  1.7804166667E+01  5.16579E-02  2.04604E-01
  1.7804166667E+01  1.7808333333E+01  5.17603E-02  2.77982E-01
  1.7808333333E+01  1.7812500000E+01  5.17751E-02  2.55613E-01
  1.7812500000E+01  1.7816666667E+01  5.18736E-02  2.29561E-01
  1.7816666667E+01  1.7820833333E+01  5.20805E-02  2.28134E-01
  1.7820833333E+01  1.7825000000E+01  5.20128E-02  2.57725E-01
  1.7825000000E+01  1.7829166667E+01  5.20533E-02  2.90366E-01
  1.7829166667E+01  1.7833333333E+01  5.19823E-02  2.00303E-01
  1.7833333333E+01  1.7837500000E+01  5.24641E-02  3.46654E-01
  1.7837500000E+01  1.7841666667E+01  5.22064E-02  2.33405E-01
  1.7841666667E+01  1.7845833333E+01  5.21022E-02  2.09146E-01
  1.7845833333E+01  1.7850000000E+01  5.21799E-02  3.25108E-01
  1.7850000000E+01  1.7854166667E+01  5.21367E-02  2.39659E-01
  1.7854166667E+01  1.7858333333E+01  5.21176E-02  2.23201E-01
  1.7858333333E+01  1.7862500000E+01  5.22720E-02  2.25856E-01
  1.7862500000E+01  1.7866666667E+01  5.24137E-02  2.64028E-01
  1.7866666667E+01  1.7870833333E+01  5.23371E-02  2.36889E-01
  1.7870833333E+01  1.7875000000E+01  5.24274E-02  2.86610E-01
  1.7875000000E+01  1.7879166667E+01  5.25420E-02  2.70043E-01
  1.7879166667E+01  1.7883333333E+01  5.26558E-02  3.01566E-01
  1.7883333333E+01  1.7887500000E+01  5.26653E-02  2.75090E-01
  1.7887500000E+01  1.7891666667E+01  5.27955E-02  2.42605E-01
  1.7891666667E+01  1.7895833333E+01  5.27301E-02  2.39145E-01
  1.7895833333E+01  1.7900000000E+01  5.27885E-02  2.32941E-01
  1.7900000000E+01  1.7904166667E+01  5.28918E-02  2.64227E-01
  1.7904166667E+01  1.7908333333E+01  5.30973E-02  2.94941E-01
  1.7908333333E+01  1.7912500000E+01  5.30381E-02  2.45284E-01
  1.7912500000E+01  1.7916666667E+01  5.29173E-02  2.49209E-01
  1.7916666667E+01  1.7920833333E+01  5.31729E-02  2.97653E-01
  1.7920833333E+01  1.7925000000E+01  5.30339E-02  3.20255E-01
  1.7925000000E+01  1.7929166667E+01  5.31367E-02  2.42218E-01
  1.7929166667E+01  1.7933333333E+01  5.31114E-02  3.20368E-01
  1.7933333333E+01  1.7937500000E+01  5.31734E-02  2.42386E-01
  1.7937500000E+01  1.7941666667E+01  5.32372E-02  3.02468E-01
  1.7941666667E+01  1.7945833333E+01  5.32190E-02  2.10419E-01
  1.7945833333E+01  1.7950000000E+01  5.34636E-02  2.29142E-01
  1.7950000000E+01  1.7954166667E+01  5.34612E-02  2.78096E-01
  1.7954166667E+01  1.7958333333E+01  5.36131E-02  2.38365E-01
  1.7958333333E+01  1.7962500000E+01  5.35586E-02  2.54993E-01
  1.7962500000E+01  1.7966666667E+01  5.37322E-02  2.70094E-01
  1.7966666667E+01  1.7970833333E+01  5.37593E-02  3.10726E-01
  1.7970833333E+01  1.7975000000E+01  5.35800E-02  2.43202E-01
  1.7975000000E+01  1.7979166667E+01  5.36287E-02  2.35287E-01
  1.7979166667E+01  1.7983333333E+01  5.36941E-02  2.20138E-01
  1.7983333333E+01  1.7987500000E+01  5.39760E-02  2.80002E-01
  1.7987500000E+01  1.7991666667E+01  5.38970E-02  2.69406E-01
  1.7991666667E+01  1.7995833333E+01  5.39321E-02  2.72323E-01
  1.7995833333E+01  1.8000000000E+01  5.37919E-02  2.32027E-01
  1.8000000000E+01  1.8004166667E+01  5.42080E-02  2.99003E-01
  1.8004166667E+01  1.8008333333E+01  5.40351E-02  2.53158E-01
  1.8008333333E+01  1.8012500000E+01  5.41803E-02  2.37429E-01
  1.8012500000E+01  1.8016666667E+01  5.42708E-02  2.14596E-01
  1.8016666667E+01  1.8020833333E+01  5.42032E-02  2.48846E-01
  1.8020833333E+01  1.8025000000E+01  5.43056E-02  2.59749E-01
  1.8025000000E+01  1.8029166667E+01  5.43544E-02  2.41289E-01
  1.8029166667E+01  1.8033333333E+01  5.43509E-02  2.34729E-01
  1.8033333333E+01  1.8037500000E+01  5.42778E-02  2.08228E-01
  1.8037500000E+01  1.8041666667E+01  5.45532E-02  3.14375E-01
  1.8041666667E+01  1.8045833333E+01  5.44257E-02  2.63762E-01
  1.8045833333E+01  1.8050000000E+01  5.45168E-02  2.55607E-01
  1.8050000000E+01  1.8054166667E+01  5.46275E-02  2.38935E-01
  1.8054166667E+01  1.8058333333E+01  5.46269E-02  2.43812E-01
  1.8058333333E+01  1.8062500000E+01  5.47589E-02  2.77781E-01
  1.8062500000E+01  1.8066666667E+01  5.46309E-02  2.43738E-01
  1.8066666667E+01  1.8070833333E+01  5.47793E-02  2.32377E-01
  1.8070833333E+01  1.8075000000E+01  5.49678E-02  2.57060E-01
  1.8075000000E+01  1.8079166667E+01  5.49302E-02  2.78198E-01
  1.8079166667E+01  1.8083333333E+01  5.49597E-02  2.66157E-01
  1.8083333333E+01  1.8087500000E+01  5.51308E-02  2.61781E-01
  1.8087500000E+01  1.8091666667E+01  5.50666E-02  2.34157E-01
  1.8091666667E+01  1.8095833333E+01  5.53149E-02  2.70636E-01
  1.8095833333E+01  1.8100000000E+01  5.52297E-02  2.76318E-01
  1.8100000000E+01  1.8104166667E+01  5.54000E-02  2.64282E-01
  1.8104166667E+01  1.8108333333E+01  5.52132E-02  2.29934E-01
  1.8108333333E+01  1.8112500000E+01  5.53890E-02  2.79545E-01
  1.8112500000E+01  1.8116666667E+01  5.54509E-02  2.90456E-01
  1.8116666667E+01  1.8120833333E+01  5.54317E-02  2.52745E-01
  1.8120833333E+01  1.8125000000E+01  5.55406E-02  2.46470E-01
  1.8125000000E+01  1.8129166667E+01  5.54732E-02  2.56437E-01
  1.8129166667E+01  1.8133333333E+01  5.55266E-02  2.89178E-01
  1.8133333333E+01  1.8137500000E+01  5.57993E-02  3.05564E-01
  1.8137500000E+01  1.8141666667E+01  5.58310E-02  2.98485E-01
  1.8141666667E+01  1.8145833333E+01  5.58139E-02  2.63125E-01
  1.8145833333E+01  1.8150000000E+01  5.63569E-02  3.38175E-01
  1.8150000000E+01  1.8154166667E+01  5.60987E-02  2.78178E-01
  1.8154166667E+01  1.8158333333E+01  5.61014E-02  2.71398E-01
  1.8158333333E+01  1.8162500000E+01  5.60714E-02  2.83364E-01
  1.8162500000E+01  1.8166666667E+01  5.61622E-02  2.77087E-01
  1.8166666667E+01  1.8170833333E+01  5.60244E-02  2.47341E-01
  1.8170833333E+01  1.8175000000E+01  5.63068E-02  2.78436E-01
  1.8175000000E+01  1.8179166667E+01  5.62106E-02  2.39660E-01
  1.8179166667E+01  1.8183333333E+01  5.63245E-02  2.56297E-01
  1.8183333333E+01  1.8187500000E+01  5.66153E-02  2.87223E-01
  1.8187500000E+01  1.8191666667E+01  5.64535E-02  2.26616E-01
  1.8191666667E+01  1.8195833333E+01  5.64455E-02  2.24658E-01
  1.8195833333E+01  1.8200000000E+01  5.66149E-02  2.54824E-01
  1.8200000000E+01  1.8204166667E+01  5.68767E-02  2.80179E-01
  1.8204166667E+01  1.8208333333E+01  5.70095E-02  3.05595E-01
  1.8208333333E+01  1.8212500000E+01  5.67879E-02  2.76181E-01
  1.8212500000E+01  1.8216666667E+01  5.69137E-02  2.62710E-01
  1.8216666667E+01  1.8220833333E+01  5.70435E-02  2.74501E-01
  1.8220833333E+01  1.8225000000E+01  5.69122E-02  2.39027E-01
  1.8225000000E+01  1.8229166667E+01  5.70341E-02  2.33623E-01
  1.8229166667E+01  1.8233333333E+01  5.72027E-02  2.66343E-01
  1.8233333333E+01  1.8237500000E+01  5.74770E-02  3.09631E-01
  1.8237500000E+01  1.8241666667E+01  5.73536E-02  2.61206E-01
  1.8241666667E+01  1.8245833333E+01  5.73969E-02  2.53982E-01
  1.8245833333E+01  1.8250000000E+01  5.73716E-02  2.86668E-01
  1.8250000000E+01  1.8254166667E+01  5.74380E-02  2.75756E-01
  1.8254166667E+01  1.8258333333E+01  5.76592E-02  2.78892E-01
  1.8258333333E+01  1.8262500000E+01  5.76674E-02  3.25011E-01
  1.8262500000E+01  1.8266666667E+01  5.76716E-02  2.58052E-01
  1.8266666667E+01  1.8270833333E+01  5.78352E-02  3.17073E-01
  1.8270833333E+01  1.8275000000E+01  5.78206E-02  2.81161E-01
  1.8275000000E+01  1.8279166667E+01  5.78261E-02  2.33886E-01
  1.8279166667E+01  1.8283333333E+01  5.80126E-02  2.25199E-01
  1.8283333333E+01  1.8287500000E+01  5.78500E-02  2.26018E-01
  1.8287500000E+01  1.8291666667E+01  5.80457E-02  2.35323E-01
  1.8291666667E+01  1.8295833333E+01  5.80010E-02  2.39487E-01
  1.8295833333E+01  1.8300000000E+01  5.79866E-02  2.15720E-01
  1.8300000000E+01  1.8304166667E+01  5.82443E-02  2.21287E-01
  1.8304166667E+01  1.8308333333E+01  5.83891E-02  2.63761E-01
  1.8308333333E+01  1.8312500000E+01  5.83906E-02  2.43957E-01
  1.8312500000E+01  1.8316666667E+01  5.82958E-02  2.03963E-01
  1.8316666667E+01  1.8320833333E+01  5.84081E-02  2.24928E-01
  1.8320833333E+01  1.8325000000E+01  5.85860E-02  2.79642E-01
  1.8325000000E+01  1.8329166667E+01  5.86095E-02  2.37853E-01
  1.8329166667E+01  1.8333333333E+01  5.86583E-02  2.41945E-01
  1.8333333333E+01  1.8337500000E+01  5.87485E-02  2.35975E-01
  1.8337500000E+01  1.8341666667E+01  5.86642E-02  2.41470E-01
  1.8341666667E+01  1.8345833333E+01  5.88723E-02  2.52624E-01
  1.8345833333E+01  1.8350000000E+01  5.90652E-02  2.47779E-01
  1.8350000000E+01  1.8354166667E+01  5.90764E-02  2.44429E-01
  1.8354166667E+01  1.8358333333E+01  5.92731E-02  2.50156E-01
  1.8358333333E+01  1.8362500000E+01  5.92783E-02  2.40480E-01
  1.8362500000E+01  1.8366666667E+01  5.93132E-02  2.48369E-01
  1.8366666667E+01  1.8370833333E+01  5.94674E-02  2.53394E-01
  1.8370833333E+01  1.8375000000E+01  5.98214E-02  3.20220E-01
  1.8375000000E+01  1.8379166667E+01  5.96706E-02  2.32630E-01
  1.8379166667E+01  1.8383333333E+01  5.97096E-02  2.52563E-01
  1.8383333333E+01  1.8387500000E+01  5.96149E-02  2.53538E-01
  1.8387500000E+01  1.8391666667E+01  5.99556E-02  2.37578E-01
  1.8391666667E+01  1.8395833333E+01  5.97114E-02  2.40451E-01
  1.8395833333E+01  1.8400000000E+01  6.02508E-02  3.08322E-01
  1.8400000000E+01  1.8404166667E+01  6.00526E-02  2.51375E-01
  1.8404166667E+01  1.8408333333E+01  6.00664E-02  2.16115E-01
  1.8408333333E+01  1.8412500000E+01  6.04828E-02  2.53995E-01
  1.8412500000E+01  1.8416666667E+01  6.02417E-02  2.34356E-01
  1.8416666667E+01  1.8420833333E+01  6.03205E-02  2.93092E-01
  1.8420833333E+01  1.8425000000E+01  6.05754E-02  2.67004E-01
  1.8425000000E+01  1.8429166667E+01  6.05831E-02  2.40662E-01
  1.8429166667E+01  1.8433333333E+01  6.07397E-02  2.69266E-01
  1.8433333333E+01  1.8437500000E+01  6.08852E-02  2.40010E-01
  1.8437500000E+01  1.8441666667E+01  6.08315E-02  2.38240E-01
  1.8441666667E+01  1.8445833333E+01  6.11031E-02  2.63916E-01
  1.8445833333E+01  1.8450000000E+01  6.07905E-02  2.27065E-01
  1.8450000000E+01  1.8454166667E+01  6.10053E-02  2.25930E-01
  1.8454166667E+01  1.8458333333E+01  6.10066E-02  2.13454E-01
  1.8458333333E+01  1.8462500000E+01  6.14735E-02  2.66158E-01
  1.8462500000E+01  1.8466666667E+01  6.13610E-02  2.37732E-01
  1.8466666667E+01  1.8470833333E+01  6.15295E-02  2.60469E-01
  1.8470833333E+01  1.8475000000E+01  6.17595E-02  2.92743E-01
  1.8475000000E+01  1.8479166667E+01  6.17301E-02  2.24245E-01
  1.8479166667E+01  1.8483333333E+01  6.17663E-02  2.41776E-01
  1.8483333333E+01  1.8487500000E+01  6.18481E-02  2.45810E-01
  1.8487500000E+01  1.8491666667E+01  6.19946E-02  2.55495E-01
  1.8491666667E+01  1.8495833333E+01  6.20044E-02  2.35181E-01
  1.8495833333E+01  1.8500000000E+01  6.23125E-02  2.70108E-01
  1.8500000000E+01  1.8504166667E+01  6.22953E-02  2.80088E-01
  1.8504166667E+01  1.8508333333E+01  6.24070E-02  2.30583E-01
  1.8508333333E+01  1.8512500000E+01  6.25223E-02  2.58206E-01
  1.8512500000E+01  1.8516666667E+01  6.27564E-02  2.47023E-01
  1.8516666667E+01  1.8520833333E+01  6.26506E-02  2.21295E-01
  1.8520833333E+01  1.8525000000E+01  6.28443E-02  2.76166E-01
  1.8525000000E+01  1.8529166667E+01  6.28200E-02  2.35061E-01
  1.8529166667E+01  1.8533333333E+01  6.30470E-02  2.78400E-01
  1.8533333333E+01  1.8537500000E+01  6.31960E-02  2.21770E-01
  1.8537500000E+01  1.8541666667E+01  6.31771E-02  2.20604E-01
  1.8541666667E+01  1.8545833333E+01  6.32632E-02  2.36345E-01
  1.8545833333E+01  1.8550000000E+01  6.34901E-02  2.29261E-01
  1.8550000000E+01  1.8554166667E+01  6.35420E-02  2.44855E-01
  1.8554166667E+01  1.8558333333E+01  6.35246E-02  2.19697E-01
  1.8558333333E+01  1.8562500000E+01  6.37591E-02  2.10720E-01
  1.8562500000E+01  1.8566666667E+01  6.39022E-02  2.26125E-01
  1.8566666667E+01  1.8570833333E+01  6.39741E-02  2.25064E-01
  1.8570833333E+01  1.8575000000E+01  6.41305E-02  2.59043E-01
  1.8575000000E+01  1.8579166667E+01  6.43136E-02  2.36018E-01
  1.8579166667E+01  1.8583333333E+01  6.43681E-02  2.77145E-01
  1.8583333333E+01  1.8587500000E+01  6.43287E-02  2.14372E-01
  1.8587500000E+01  1.8591666667E+01  6.44839E-02  2.10426E-01
  1.8591666667E+01  1.8595833333E+01  6.47119E-02  2.38729E-01
  1.8595833333E+01  1.8600000000E+01  6.47479E-02  2.22812E-01
  1.8600000000E+01  1.8604166667E+01  6.47720E-02  2.21851E-01
  1.8604166667E+01  1.8608333333E+01  6.49232E-02  2.33896E-01
  1.8608333333E+01  1.8612500000E+01  6.50744E-02  2.34383E-01
  1.8612500000E+01  1.8616666667E+01  6.52672E-02  2.32648E-01
  1.8616666667E+01  1.8620833333E+01  6.53691E-02  2.44246E-01
  1.8620833333E+01  1.8625000000E+01  6.51900E-02  2.09886E-01
  1.8625000000E+01  1.8629166667E+01  6.56095E-02  2.34423E-01
  1.8629166667E+01  1.8633333333E+01  6.56840E-02  2.27760E-01
  1.8633333333E+01  1.8637500000E+01  6.60255E-02  2.20337E-01
  1.8637500000E+01  1.8641666667E+01  6.61967E-02  2.49076E-01
  1.8641666667E+01  1.8645833333E+01  6.61486E-02  2.11982E-01
  1.8645833333E+01  1.8650000000E+01  6.59588E-02  1.99084E-01
  1.8650000000E+01  1.8654166667E+01  6.62029E-02  2.09754E-01
  1.8654166667E+01  1.8658333333E+01  6.64028E-02  2.25111E-01
  1.8658333333E+01  1.8662500000E+01  6.66417E-02  2.32916E-01
  1.8662500000E+01  1.8666666667E+01  6.67010E-02  2.22092E-01
  1.8666666667E+01  1.8670833333E+01  6.67259E-02  2.19340E-01
  1.8670833333E+01  1.8675000000E+01  6.69513E-02  2.09071E-01
  1.8675000000E+01  1.8679166667E+01  6.74622E-02  2.50201E-01
  1.8679166667E+01  1.8683333333E+01  6.75214E-02  2.63548E-01
  1.8683333333E+01  1.8687500000E+01  6.75313E-02  2.44565E-01
  1.8687500000E+01  1.8691666667E+01  6.75358E-02  2.15111E-01
  1.8691666667E+01  1.8695833333E+01  6.77916E-02  1.99342E-01
  1.8695833333E+01  1.8700000000E+01  6.79212E-02  2.02073E-01
  1.8700000000E+01  1.8704166667E+01  6.82024E-02  2.29023E-01
  1.8704166667E+01  1.8708333333E+01  6.83217E-02  2.34417E-01
  1.8708333333E+01  1.8712500000E+01  6.84268E-02  2.26630E-01
  1.8712500000E+01  1.8716666667E+01  6.84835E-02  2.22942E-01
  1.8716666667E+01  1.8720833333E+01  6.85809E-02  2.19139E-01
  1.8720833333E+01  1.8725000000E+01  6.89654E-02  2.05941E-01
  1.8725000000E+01  1.8729166667E+01  6.90401E-02  2.34282E-01
  1.8729166667E+01  1.8733333333E+01  6.93631E-02  2.39899E-01
  1.8733333333E+01  1.8737500000E+01  6.92390E-02  1.86812E-01
  1.8737500000E+01  1.8741666667E+01  6.93970E-02  2.38515E-01
  1.8741666667E+01  1.8745833333E+01  6.97901E-02  2.59930E-01
  1.8745833333E+01  1.8750000000E+01  6.97365E-02  2.26465E-01
  1.8750000000E+01  1.8754166667E+01  6.98939E-02  2.42646E-01
  1.8754166667E+01  1.8758333333E+01  6.98876E-02  2.39916E-01
  1.8758333333E+01  1.8762500000E+01  7.01409E-02  2.40497E-01
  1.8762500000E+01  1.8766666667E+01  7.04759E-02  2.35052E-01
  1.8766666667E+01  1.8770833333E+01  7.06807E-02  2.21409E-01
  1.8770833333E+01  1.8775000000E+01  7.09235E-02  2.63203E-01
  1.8775000000E+01  1.8779166667E+01  7.09263E-02  2.24618E-01
  1.8779166667E+01  1.8783333333E+01  7.09871E-02  1.87218E-01
  1.8783333333E+01  1.8787500000E+01  7.11315E-02  2.05285E-01
  1.8787500000E+01  1.8791666667E+01  7.15004E-02  1.82086E-01
  1.8791666667E+01  1.8795833333E+01  7.16446E-02  2.12645E-01
  1.8795833333E+01  1.8800000000E+01  7.17814E-02  1.71472E-01
  1.8800000000E+01  1.8804166667E+01  7.19510E-02  2.30715E-01
  1.8804166667E+01  1.8808333333E+01  7.23135E-02  2.32240E-01
  1.8808333333E+01  1.8812500000E+01  7.21996E-02  2.06929E-01
  1.8812500000E+01  1.8816666667E+01  7.26039E-02  2.27146E-01
  1.8816666667E+01  1.8820833333E+01  7.24888E-02  1.78520E-01
  1.8820833333E+01  1.8825000000E+01  7.29174E-02  2.18945E-01
  1.8825000000E+01  1.8829166667E+01  7.32035E-02  2.62761E-01
  1.8829166667E+01  1.8833333333E+01  7.34817E-02  2.73138E-01
  1.8833333333E+01  1.8837500000E+01  7.36767E-02  1.97816E-01
  1.8837500000E+01  1.8841666667E+01  7.38268E-02  2.21194E-01
  1.8841666667E+01  1.8845833333E+01  7.40303E-02  2.27871E-01
  1.8845833333E+01  1.8850000000E+01  7.44945E-02  2.57415E-01
  1.8850000000E+01  1.8854166667E+01  7.45574E-02  2.22734E-01
  1.8854166667E+01  1.8858333333E+01  7.46222E-02  2.29937E-01
  1.8858333333E+01  1.8862500000E+01  7.49006E-02  2.46176E-01
  1.8862500000E+01  1.8866666667E+01  7.54406E-02  2.58072E-01
  1.8866666667E+01  1.8870833333E+01  7.52772E-02  2.09125E-01
  1.8870833333E+01  1.8875000000E+01  7.55807E-02  2.25519E-01
  1.8875000000E+01  1.8879166667E+01  7.58802E-02  2.15369E-01
  1.8879166667E+01  1.8883333333E+01  7.60943E-02  2.21282E-01
  1.8883333333E+01  1.8887500000E+01  7.63385E-02  2.29957E-01
  1.8887500000E+01  1.8891666667E+01  7.68058E-02  2.38997E-01
  1.8891666667E+01  1.8895833333E+01  7.67816E-02  2.08272E-01
  1.8895833333E+01  1.8900000000E+01  7.69444E-02  1.95963E-01
  1.8900000000E+01  1.8904166667E+01  7.71072E-02  2.44396E-01
  1.8904166667E+01  1.8908333333E+01  7.73986E-02  2.08262E-01
  1.8908333333E+01  1.8912500000E+01  7.77082E-02  2.13348E-01
  1.8912500000E+01  1.8916666667E+01  7.80110E-02  2.11548E-01
  1.8916666667E+01  1.8920833333E+01  7.81492E-02  2.01094E-01
  1.8920833333E+01  1.8925000000E+01  7.86264E-02  2.25303E-01
  1.8925000000E+01  1.8929166667E+01  7.88527E-02  2.29442E-01
  1.8929166667E+01  1.8933333333E+01  7.89979E-02  2.11344E-01
  1.8933333333E+01  1.8937500000E+01  7.94189E-02  2.22974E-01
  1.8937500000E+01  1.8941666667E+01  7.97782E-02  2.34224E-01
  1.8941666667E+01  1.8945833333E+01  8.00454E-02  2.14423E-01
  1.8945833333E+01  1.8950000000E+01  8.05819E-02  2.50513E-01
  1.8950000000E+01  1.8954166667E+01  8.06221E-02  2.04923E-01
  1.8954166667E+01  1.8958333333E+01  8.08948E-02  2.20383E-01
  1.8958333333E+01  1.8962500000E+01  8.10493E-02  2.08323E-01
  1.8962500000E+01  1.8966666667E+01  8.13640E-02  1.94373E-01
  1.8966666667E+01  1.8970833333E+01  8.16159E-02  1.90675E-01
  1.8970833333E+01  1.8975000000E+01  8.20541E-02  1.97945E-01
  1.8975000000E+01  1.8979166667E+01  8.24537E-02  2.30924E-01
  1.8979166667E+01  1.8983333333E+01  8.29327E-02  2.03478E-01
  1.8983333333E+01  1.8987500000E+01  8.33080E-02  2.20584E-01
  1.8987500000E+01  1.8991666667E+01  8.35474E-02  1.96691E-01
  1.8991666667E+01  1.8995833333E+01  8.39564E-02  1.94394E-01
  1.8995833333E+01  1.9000000000E+01  8.44366E-02  2.17253E-01
  1.9000000000E+01  1.9004166667E+01  8.47302E-02  1.99628E-01
  1.9004166667E+01  1.9008333333E+01  8.51905E-02  2.03476E-01
  1.9008333333E+01  1.9012500000E+01  8.55551E-02  2.03070E-01
  1.9012500000E+01  1.9016666667E+01  8.58448E-02  2.21088E-01
  1.9016666667E+01  1.9020833333E+01  8.61883E-02  2.10368E-01
  1.9020833333E+01  1.9025000000E+01  8.66624E-02  1.86846E-01
  1.9025000000E+01  1.9029166667E+01  8.71701E-02  1.94067E-01
  1.9029166667E+01  1.9033333333E+01  8.77005E-02  2.14369E-01
  1.9033333333E+01  1.9037500000E+01  8.80473E-02  2.03208E-01
  1.9037500000E+01  1.9041666667E+01  8.84297E-02  1.89190E-01
  1.9041666667E+01  1.9045833333E+01  8.89874E-02  2.03354E-01
  1.9045833333E+01  1.9050000000E+01  8.93717E-02  1.88141E-01
  1.9050000000E+01  1.9054166667E+01  9.00100E-02  2.02385E-01
  1.9054166667E+01  1.9058333333E+01  9.02798E-02  1.69901E-01
  1.9058333333E+01  1.9062500000E+01  9.08089E-02  1.91656E-01
  1.9062500000E+01  1.9066666667E+01  9.13288E-02  1.91922E-01
  1.9066666667E+01  1.9070833333E+01  9.19060E-02  2.02341E-01
  1.9070833333E+01  1.9075000000E+01  9.24241E-02  2.11511E-01
  1.9075000000E+01  1.9079166667E+01  9.28616E-02  2.08049E-01
  1.9079166667E+01  1.9083333333E+01  9.33441E-02  2.03948E-01
  1.9083333333E+01  1.9087500000E+01  9.40910E-02  1.83848E-01
  1.9087500000E+01  1.9091666667E+01  9.45000E-02  2.09078E-01
  1.9091666667E+01  1.9095833333E+01  9.50217E-02  2.02404E-01
  1.9095833333E+01  1.9100000000E+01  9.56284E-02  1.98974E-01
  1.9100000000E+01  1.9104166667E+01  9.62034E-02  1.77788E-01
  1.9104166667E+01  1.9108333333E+01  9.69403E-02  2.03048E-01
  1.9108333333E+01  1.9112500000E+01  9.74285E-02  1.97377E-01
  1.9112500000E+01  1.9116666667E+01  9.82828E-02  1.78319E-01
  1.9116666667E+01  1.9120833333E+01  9.89941E-02  2.01310E-01
  1.9120833333E+01  1.9125000000E+01  9.96541E-02  2.02899E-01
  1.9125000000E+01  1.9129166667E+01  1.00503E-01  1.76855E-01
  1.9129166667E+01  1.9133333333E+01  1.01307E-01  1.87379E-01
  1.9133333333E+01  1.9137500000E+01  1.02101E-01  1.95086E-01
  1.9137500000E+01  1.9141666667E+01  1.02893E-01  1.89020E-01
  1.9141666667E+01  1.9145833333E+01  1.03642E-01  1.91143E-01
  1.9145833333E+01  1.9150000000E+01  1.04361E-01  1.76203E-01
  1.9150000000E+01  1.9154166667E+01  1.05356E-01  2.07256E-01
  1.9154166667E+01  1.9158333333E+01  1.06248E-01  2.08973E-01
  1.9158333333E+01  1.9162500000E+01  1.07213E-01  1.83609E-01
  1.9162500000E+01  1.9166666667E+01  1.08146E-01  1.69967E-01
  1.9166666667E+01  1.9170833333E+01  1.09133E-01  1.65156E-01
  1.9170833333E+01  1.9175000000E+01  1.10354E-01  1.78729E-01
  1.9175000000E+01  1.9179166667E+01  1.11369E-01  1.61008E-01
  1.9179166667E+01  1.9183333333E+01  1.12603E-01  1.81303E-01
  1.9183333333E+01  1.9187500000E+01  1.13719E-01  1.79865E-01
  1.9187500000E+01  1.9191666667E+01  1.15047E-01  1.79751E-01
  1.9191666667E+01  1.9195833333E+01  1.16371E-01  1.78103E-01
  1.9195833333E+01  1.9200000000E+01  1.17698E-01  1.61495E-01
  1.9200000000E+01  1.9204166667E+01  1.19290E-01  1.75001E-01
  1.9204166667E+01  1.9208333333E+01  1.21035E-01  1.72975E-01
  1.9208333333E+01  1.9212500000E+01  1.22506E-01  1.72650E-01
  1.9212500000E+01  1.9216666667E+01  1.24252E-01  1.65496E-01
  1.9216666667E+01  1.9220833333E+01  1.25769E-01  1.60486E-01
  1.9220833333E+01  1.9225000000E+01  1.27634E-01  1.82027E-01
  1.9225000000E+01  1.9229166667E+01  1.29469E-01  1.68313E-01
  1.9229166667E+01  1.9233333333E+01  1.31612E-01  1.77070E-01
  1.9233333333E+01  1.9237500000E+01  1.33892E-01  1.63576E-01
  1.9237500000E+01  1.9241666667E+01  1.36124E-01  1.81491E-01
  1.9241666667E+01  1.9245833333E+01  1.38415E-01  1.86190E-01
  1.9245833333E+01  1.9250000000E+01  1.40711E-01  1.78429E-01
  1.9250000000E+01  1.9254166667E+01  1.43268E-01  1.85223E-01
  1.9254166667E+01  1.9258333333E+01  1.45855E-01  1.99824E-01
  1.9258333333E+01  1.9262500000E+01  1.48494E-01  1.93832E-01
  1.9262500000E+01  1.9266666667E+01  1.51165E-01  1.95825E-01
  1.9266666667E+01  1.9270833333E+01  1.54028E-01  1.90870E-01
  1.9270833333E+01  1.9275000000E+01  1.56580E-01  2.03892E-01
  1.9275000000E+01  1.9279166667E+01  1.59214E-01  1.98324E-01
  1.9279166667E+01  1.9283333333E+01  1.61770E-01  1.92608E-01
  1.9283333333E+01  1.9287500000E+01  1.64614E-01  1.92948E-01
  1.9287500000E+01  1.9291666667E+01  1.67108E-01  2.01678E-01
  1.9291666667E+01  1.9295833333E+01  1.69535E-01  1.95995E-01
  1.9295833333E+01  1.9300000000E+01  1.71959E-01  1.95516E-01
  1.9300000000E+01  1.9304166667E+01  1.74096E-01  1.99120E-01
  1.9304166667E+01  1.9308333333E+01  1.75855E-01  2.12047E-01
  1.9308333333E+01  1.9312500000E+01  1.77249E-01  2.38376E-01
  1.9312500000E+01  1.9316666667E+01  1.78546E-01  2.17150E-01
  1.9316666667E+01  1.9320833333E+01  1.79273E-01  2.19096E-01
  1.9320833333E+01  1.9325000000E+01  1.79541E-01  2.12643E-01
  1.9325000000E+01  1.9329166667E+01  1.79393E-01  2.38349E-01
  1.9329166667E+01  1.9333333333E+01  1.78584E-01  2.33557E-01
  1.9333333333E+01  1.9337500000E+01  1.77227E-01  2.13487E-01
  1.9337500000E+01  1.9341666667E+01  1.75202E-01  2.31975E-01
  1.9341666667E+01  1.9345833333E+01  1.72669E-01  2.33702E-01
  1.9345833333E+01  1.9350000000E+01  1.69763E-01  2.53416E-01
  1.9350000000E+01  1.9354166667E+01  1.65929E-01  2.62654E-01
  1.9354166667E+01  1.9358333333E+01  1.61430E-01  2.54690E-01
  1.9358333333E+01  1.9362500000E+01  1.56808E-01  2.56524E-01
  1.9362500000E+01  1.9366666667E+01  1.52040E-01  2.36849E-01
  1.9366666667E+01  1.9370833333E+01  1.46483E-01  2.26242E-01
  1.9370833333E+01  1.9375000000E+01  1.40479E-01  2.63929E-01
  1.9375000000E+01  1.9379166667E+01  1.34212E-01  3.23070E-01
  1.9379166667E+01  1.9383333333E+01  1.26695E-01  3.26652E-01
  1.9383333333E+01  1.9387500000E+01  1.19317E-01  3.35523E-01
  1.9387500000E+01  1.9391666667E+01  1.12249E-01  3.31378E-01
  1.9391666667E+01  1.9395833333E+01  1.04574E-01  3.84382E-01
  1.9395833333E+01  1.9400000000E+01  9.71696E-02  4.07118E-01
  1.9400000000E+01  1.9404166667E+01  8.94209E-02  3.49013E-01
  1.9404166667E+01  1.9408333333E+01  8.19578E-02  3.90144E-01
  1.9408333333E+01  1.9412500000E+01  7.47593E-02  3.99352E-01
  1.9412500000E+01  1.9416666667E+01  6.80040E-02  4.43657E-01
  1.9416666667E+01  1.9420833333E+01  6.12703E-02  4.99878E-01
  1.9420833333E+01  1.9425000000E+01  5.51126E-02  4.76194E-01
  1.9425000000E+01  1.9429166667E+01  4.88338E-02  5.86818E-01
  1.9429166667E+01  1.9433333333E+01  4.30770E-02  6.49622E-01
  1.9433333333E+01  1.9437500000E+01  3.77061E-02  6.03676E-01
  1.9437500000E+01  1.9441666667E+01  3.29060E-02  7.34047E-01
  1.9441666667E+01  1.9445833333E+01  2.87179E-02  8.14901E-01
  1.9445833333E+01  1.9450000000E+01  2.46953E-02  8.13725E-01
  1.9450000000E+01  1.9454166667E+01  2.12611E-02  8.42564E-01
  1.9454166667E+01  1.9458333333E+01  1.82685E-02  9.15136E-01
  1.9458333333E+01  1.9462500000E+01  1.54574E-02  1.04499E+00
  1.9462500000E+01  1.9466666667E+01  1.29032E-02  1.25844E+00
  1.9466666667E+01  1.9470833333E+01  1.08542E-02  1.47558E+00
  1.9470833333E+01  1.9475000000E+01  8.80072E-03  1.54905E+00
  1.9475000000E+01  1.9479166667E+01  7.27982E-03  1.58190E+00
  1.9479166667E+01  1.9483333333E+01  5.90537E-03  1.95283E+00
  1.9483333333E+01  1.9487500000E+01  4.77918E-03  2.16142E+00
  1.9487500000E+01  1.9491666667E+01  3.89363E-03  2.36232E+00
  1.9491666667E+01  1.9495833333E+01  3.16974E-03  2.36886E+00
  1.9495833333E+01  1.9500000000E+01  2.53737E-03  2.74731E+00
  1.9500000000E+01  1.9504166667E+01  2.00191E-03  3.03475E+00
  1.9504166667E+01  1.9508333333E+01  1.60061E-03  3.34656E+00
  1.9508333333E+01  1.9512500000E+01  1.25049E-03  4.90955E+00
  1.9512500000E+01  1.9516666667E+01  9.08678E-04  4.82231E+00
  1.9516666667E+01  1.9520833333E+01  6.91105E-04  5.64877E+00
  1.9520833333E+01  1.9525000000E+01  5.15205E-04  5.83744E+00
  1.9525000000E+01  1.9529166667E+01  3.61393E-04  6.51476E+00
  1.9529166667E+01  1.9533333333E+01  2.90861E-04  7.92511E+00
  1.9533333333E+01  1.9537500000E+01  2.26386E-04  8.92842E+00
  1.9537500000E+01  1.9541666667E+01  1.56345E-04  1.02069E+01
  1.9541666667E+01  1.9545833333E+01  1.36048E-04  1.26011E+01
  1.9545833333E+01  1.9550000000E+01  8.13845E-05  1.49240E+01
  1.9550000000E+01  1.9554166667E+01  6.67857E-05  2.01197E+01
  1.9554166667E+01  1.9558333333E+01  5.12245E-05  2.24515E+01
  1.9558333333E+01  1.9562500000E+01  2.76766E-05  2.94989E+01
  1.9562500000E+01  1.9566666667E+01  2.23896E-05  3.39256E+01
  1.9566666667E+01  1.9570833333E+01  1.04924E-05  4.29052E+01
  1.9570833333E+01  1.9575000000E+01  5.08782E-06  6.70692E+01
  1.9575000000E+01  1.9579166667E+01  1.49946E-06  1.00000E+02
  1.9579166667E+01  1.9583333333E+01  1.93684E-06  1.00000E+02
  1.9583333333E+01  1.9587500000E+01  2.98761E-06  1.00000E+02
  1.9587500000E+01  1.9591666667E+01  0.00000E+00  0.00000E+00
  1.9591666667E+01  1.9595833333E+01  0.00000E+00  0.00000E+00
  1.9595833333E+01  1.9600000000E+01  0.00000E+00  0.00000E+00
  1.9600000000E+01  1.9604166667E+01  0.00000E+00  0.00000E+00
  1.9604166667E+01  1.9608333333E+01  0.00000E+00  0.00000E+00
  1.9608333333E+01  1.9612500000E+01  2.49761E-14  1.00000E+02
  1.9612500000E+01  1.9616666667E+01  0.00000E+00  0.00000E+00
  1.9616666667E+01  1.9620833333E+01  0.00000E+00  0.00000E+00
  1.9620833333E+01  1.9625000000E+01  0.00000E+00  0.00000E+00
  1.9625000000E+01  1.9629166667E+01  0.00000E+00  0.00000E+00
  1.9629166667E+01  1.9633333333E+01  0.00000E+00  0.00000E+00
  1.9633333333E+01  1.9637500000E+01  0.00000E+00  0.00000E+00
  1.9637500000E+01  1.9641666667E+01  0.00000E+00  0.00000E+00
  1.9641666667E+01  1.9645833333E+01  0.00000E+00  0.00000E+00
  1.9645833333E+01  1.9650000000E+01  0.00000E+00  0.00000E+00
  1.9650000000E+01  1.9654166667E+01  0.00000E+00  0.00000E+00
  1.9654166667E+01  1.9658333333E+01  0.00000E+00  0.00000E+00
  1.9658333333E+01  1.9662500000E+01  0.00000E+00  0.00000E+00
  1.9662500000E+01  1.9666666667E+01  0.00000E+00  0.00000E+00
  1.9666666667E+01  1.9670833333E+01  0.00000E+00  0.00000E+00
  1.9670833333E+01  1.9675000000E+01  0.00000E+00  0.00000E+00
  1.9675000000E+01  1.9679166667E+01  1.61031E-05  1.00000E+02
  1.9679166667E+01  1.9683333333E+01  0.00000E+00  0.00000E+00
  1.9683333333E+01  1.9687500000E+01  0.00000E+00  0.00000E+00
  1.9687500000E+01  1.9691666667E+01  0.00000E+00  0.00000E+00
  1.9691666667E+01  1.9695833333E+01  0.00000E+00  0.00000E+00
  1.9695833333E+01  1.9700000000E+01  0.00000E+00  0.00000E+00
  1.9700000000E+01  1.9704166667E+01  2.73397E-07  1.00000E+02
  1.9704166667E+01  1.9708333333E+01  3.40803E-07  1.00000E+02
  1.9708333333E+01  1.9712500000E+01  3.49615E-07  1.00000E+02
  1.9712500000E+01  1.9716666667E+01  1.07248E-06  7.43715E+01
  1.9716666667E+01  1.9720833333E+01  3.49615E-07  1.00000E+02
  1.9720833333E+01  1.9725000000E+01  3.49615E-07  1.00000E+02
  1.9725000000E+01  1.9729166667E+01  3.49615E-07  1.00000E+02
  1.9729166667E+01  1.9733333333E+01  3.49615E-07  1.00000E+02
  1.9733333333E+01  1.9737500000E+01  9.77120E-07  7.29830E+01
  1.9737500000E+01  1.9741666667E+01  1.18467E-06  7.59541E+01
  1.9741666667E+01  1.9745833333E+01  1.18467E-06  7.59541E+01
  1.9745833333E+01  1.9750000000E+01  1.25244E-06  7.68590E+01
  1.9750000000E+01  1.9754166667E+01  1.30651E-06  7.75487E+01
  1.9754166667E+01  1.9758333333E+01  1.31964E-06  7.71102E+01
  1.9758333333E+01  1.9762500000E+01  1.43346E-06  7.73186E+01
  1.9762500000E+01  1.9766666667E+01  1.43884E-06  7.73797E+01
  1.9766666667E+01  1.9770833333E+01  1.45890E-06  7.76055E+01
  1.9770833333E+01  1.9775000000E+01  1.46510E-06  7.76747E+01
  1.9775000000E+01  1.9779166667E+01  1.60735E-06  7.91753E+01
  1.9779166667E+01  1.9783333333E+01  1.77867E-06  8.07738E+01
  1.9783333333E+01  1.9787500000E+01  1.98626E-06  8.24414E+01
  1.9787500000E+01  1.9791666667E+01  2.07814E-06  8.30978E+01
  1.9791666667E+01  1.9795833333E+01  2.33491E-06  8.47101E+01
  1.9795833333E+01  1.9800000000E+01  2.79390E-06  8.69612E+01
  1.9800000000E+01  1.9804166667E+01  2.96327E-06  8.72902E+01
  1.9804166667E+01  1.9808333333E+01  4.08597E-07  1.00000E+02
  1.9808333333E+01  1.9812500000E+01  4.08597E-07  1.00000E+02
  1.9812500000E+01  1.9816666667E+01  4.08597E-07  1.00000E+02
  1.9816666667E+01  1.9820833333E+01  4.08597E-07  1.00000E+02
  1.9820833333E+01  1.9825000000E+01  4.08597E-07  1.00000E+02
  1.9825000000E+01  1.9829166667E+01  7.02165E-07  7.10754E+01
  1.9829166667E+01  1.9833333333E+01  4.08597E-07  1.00000E+02
  1.9833333333E+01  1.9837500000E+01  4.08597E-07  1.00000E+02
  1.9837500000E+01  1.9841666667E+01  4.14832E-07  1.00000E+02
  1.9841666667E+01  1.9845833333E+01  4.15145E-07  1.00000E+02
  1.9845833333E+01  1.9850000000E+01  4.15145E-07  1.00000E+02
  1.9850000000E+01  1.9854166667E+01  4.15145E-07  1.00000E+02
  1.9854166667E+01  1.9858333333E+01  4.15145E-07  1.00000E+02
  1.9858333333E+01  1.9862500000E+01  4.15145E-07  1.00000E+02
  1.9862500000E+01  1.9866666667E+01  4.15145E-07  1.00000E+02
  1.9866666667E+01  1.9870833333E+01  4.67173E-07  1.00000E+02
  1.9870833333E+01  1.9875000000E+01  4.73635E-07  1.00000E+02
  1.9875000000E+01  1.9879166667E+01  4.73635E-07  1.00000E+02
  1.9879166667E+01  1.9883333333E+01  4.73635E-07  1.00000E+02
  1.9883333333E+01  1.9887500000E+01  4.73635E-07  1.00000E+02
  1.9887500000E+01  1.9891666667E+01  5.87656E-07  8.27569E+01
  1.9891666667E+01  1.9895833333E+01  5.19645E-07  1.00000E+02
  1.9895833333E+01  1.9900000000E+01  1.47734E-05  9.64871E+01
  1.9900000000E+01  1.9904166667E+01  5.19645E-07  1.00000E+02
  1.9904166667E+01  1.9908333333E+01  5.19645E-07  1.00000E+02
  1.9908333333E+01  1.9912500000E+01  5.36867E-07  1.00000E+02
  1.9912500000E+01  1.9916666667E+01  5.99043E-07  1.00000E+02
  1.9916666667E+01  1.9920833333E+01  5.99043E-07  1.00000E+02
  1.9920833333E+01  1.9925000000E+01  5.99043E-07  1.00000E+02
  1.9925000000E+01  1.9929166667E+01  6.01401E-07  1.00000E+02
  1.9929166667E+01  1.9933333333E+01  6.07830E-07  1.00000E+02
  1.9933333333E+01  1.9937500000E+01  6.07830E-07  1.00000E+02
  1.9937500000E+01  1.9941666667E+01  6.13040E-07  1.00000E+02
  1.9941666667E+01  1.9945833333E+01  6.85903E-07  1.00000E+02
  1.9945833333E+01  1.9950000000E+01  6.85903E-07  1.00000E+02
  1.9950000000E+01  1.9954166667E+01  7.11222E-07  1.00000E+02
  1.9954166667E+01  1.9958333333E+01  7.45018E-07  1.00000E+02
  1.9958333333E+01  1.9962500000E+01  7.46930E-07  1.00000E+02
  1.9962500000E+01  1.9966666667E+01  7.52139E-07  1.00000E+02
  1.9966666667E+01  1.9970833333E+01  8.01521E-07  1.00000E+02
  1.9970833333E+01  1.9975000000E+01  8.52453E-07  1.00000E+02
  1.9975000000E+01  1.9979166667E+01  8.93288E-07  1.00000E+02
  1.9979166667E+01  1.9983333333E+01  9.58086E-07  1.00000E+02
  1.9983333333E+01  1.9987500000E+01  1.08550E-06  1.00000E+02
  1.9987500000E+01  1.9991666667E+01  1.25241E-06  1.00000E+02
  1.9991666667E+01  1.9995833333E+01  1.33932E-06  1.00000E+02
  1.9995833333E+01  2.0000000000E+01  1.73614E-06  1.00000E+02
  2.0000000000E+01  2.0000000000E+01  1.73614E-06  1.00000E+02