# Detector n: 1D Projection
  1.5000000000E+01  1.5004166667E+01  1.51406E-02  5.50198E-01
  1.5004166667E+01  1.5008333333E+01  1.51454E-02  5.56193E-01
  1.5008333333E+01  1.5012500000E+01  1.52282E-02  6.87315E-01
  1.5012500000E+01  1.5016666667E+01  1.50732E-02  4.80081E-01
  1.5016666667E+01  1.5020833333E+01  1.50132E-02  3.78830E-01
  1.5020833333E+01  1.5025000000E+01  1.53120E-02  7.31528E-01
  1.5025000000E+01  1.5029166667E+01  1.52241E-02  6.88808E-01
  1.5029166667E+01  1.5033333333E+01  1.50942E-02  3.83647E-01
  1.5033333333E+01  1.5037500000E+01  1.50698E-02  4.13497E-01
  1.5037500000E+01  1.5041666667E+01  1.50868E-02  3.86235E-01
  1.5041666667E+01  1.5045833333E+01  1.52895E-02  6.65838E-01
  1.5045833333E+01  1.5050000000E+01  1.51443E-02  4.18681E-01
  1.5050000000E+01  1.5054166667E+01  1.50927E-02  4.78742E-01
  1.5054166667E+01  1.5058333333E+01  1.50468E-02  3.81441E-01
  1.5058333333E+01  1.5062500000E+01  1.51174E-02  5.50787E-01
  1.5062500000E+01  1.5066666667E+01  1.52509E-02  4.95366E-01
  1.5066666667E+01  1.5070833333E+01  1.53457E-02  5.70633E-01
  1.5070833333E+01  1.5075000000E+01  1.54423E-02  6.15025E-01
  1.5075000000E+01  1.5079166667E+01  1.53463E-02  6.96309E-01
  1.5079166667E+01  1.5083333333E+01  1.53293E-02  5.28493E-01
  1.5083333333E+01  1.5087500000E+01  1.52526E-02  4.06158E-01
  1.5087500000E+01  1.5091666667E+01  1.53138E-02  5.31826E-01
  1.5091666667E+01  1.5095833333E+01  1.55062E-02  6.32437E-01
  1.5095833333E+01  1.5100000000E+01  1.52444E-02  4.78944E-01
  1.5100000000E+01  1.5104166667E+01  1.52867E-02  5.56743E-01
  1.5104166667E+01  1.5108333333E+01  1.53176E-02  5.87067E-01
  1.5108333333E+01  1.5112500000E+01  1.53392E-02  5.22113E-01
  1.5112500000E+01  1.5116666667E+01  1.53150E-02  5.42114E-01
  1.5116666667E+01  1.5120833333E+01  1.53135E-02  5.50797E-01
  1.5120833333E+01  1.5125000000E+01  1.52657E-02  4.95902E-01
  1.5125000000E+01  1.5129166667E+01  1.52214E-02  4.58161E-01
  1.5129166667E+01  1.5133333333E+01  1.52646E-02  5.87057E-01
  1.5133333333E+01  1.5137500000E+01  1.53000E-02  5.48823E-01
  1.5137500000E+01  1.5141666667E+01  1.52872E-02  5.27727E-01
  1.5141666667E+01  1.5145833333E+01  1.52867E-02  4.33365E-01
  1.5145833333E+01  1.5150000000E+01  1.52912E-02  4.58529E-01
  1.5150000000E+01  1.5154166667E+01  1.53590E-02  5.66993E-01
  1.5154166667E+01  1.5158333333E+01  1.53761E-02  6.73380E-01
  1.5158333333E+01  1.5162500000E+01  1.52362E-02  4.29943E-01
  1.5162500000E+01  1.5166666667E+01  1.52909E-02  5.01021E-01
  1.5166666667E+01  1.5170833333E+01  1.52006E-02  3.80426E-01
  1.5170833333E+01  1.5175000000E+01  1.51666E-02  3.40661E-01
  1.5175000000E+01  1.5179166667E+01  1.53848E-02  6.09742E-01
  1.5179166667E+01  1.5183333333E+01  1.52795E-02  4.93869E-01
  1.5183333333E+01  1.5187500000E+01  1.54016E-02  5.79997E-01
  1.5187500000E+01  1.5191666667E+01  1.55473E-02  4.89405E-01
  1.5191666667E+01  1.5195833333E+01  1.55143E-02  4.10466E-01
  1.5195833333E+01  1.5200000000E+01  1.55458E-02  5.19535E-01
  1.5200000000E+01  1.5204166667E+01  1.54990E-02  4.56077E-01
  1.5204166667E+01  1.5208333333E+01  1.55054E-02  4.27674E-01
  1.5208333333E+01  1.5212500000E+01  1.55817E-02  4.74584E-01
  1.5212500000E+01  1.5216666667E+01  1.56015E-02  6.02790E-01
  1.5216666667E+01  1.5220833333E+01  1.55146E-02  6.04439E-01
  1.5220833333E+01  1.5225000000E+01  1.54010E-02  4.60668E-01
  1.5225000000E+01  1.5229166667E+01  1.54322E-02  4.47804E-01
  1.5229166667E+01  1.5233333333E+01  1.56042E-02  5.75303E-01
  1.5233333333E+01  1.5237500000E+01  1.54921E-02  5.48060E-01
  1.5237500000E+01  1.5241666667E+01  1.54565E-02  4.63073E-01
  1.5241666667E+01  1.5245833333E+01  1.56402E-02  6.13677E-01
  1.5245833333E+01  1.5250000000E+01  1.56032E-02  6.27029E-01
  1.5250000000E+01  1.5254166667E+01  1.55564E-02  7.17656E-01
  1.5254166667E+01  1.5258333333E+01  1.56393E-02  6.93139E-01
  1.5258333333E+01  1.5262500000E+01  1.55317E-02  5.36984E-01
  1.5262500000E+01  1.5266666667E+01  1.54932E-02  4.88601E-01
  1.5266666667E+01  1.5270833333E+01  1.54449E-02  5.15969E-01
  1.5270833333E+01  1.5275000000E+01  1.55383E-02  7.94375E-01
  1.5275000000E+01  1.5279166667E+01  1.55575E-02  5.89792E-01
  1.5279166667E+01  1.5283333333E+01  1.54965E-02  4.91618E-01
  1.5283333333E+01  1.5287500000E+01  1.53316E-02  3.36740E-01
  1.5287500000E+01  1.5291666667E+01  1.54351E-02  4.48851E-01
  1.5291666667E+01  1.5295833333E+01  1.54287E-02  4.27198E-01
  1.5295833333E+01  1.5300000000E+01  1.55144E-02  4.58215E-01
  1.5300000000E+01  1.5304166667E+01  1.53841E-02  3.34680E-01
  1.5304166667E+01  1.5308333333E+01  1.54077E-02  4.53158E-01
  1.5308333333E+01  1.5312500000E+01  1.53727E-02  3.41102E-01
  1.5312500000E+01  1.5316666667E+01  1.54137E-02  3.97610E-01
  1.5316666667E+01  1.5320833333E+01  1.55101E-02  5.62160E-01
  1.5320833333E+01  1.5325000000E+01  1.55262E-02  7.18997E-01
  1.5325000000E+01  1.5329166667E+01  1.54175E-02  5.16217E-01
  1.5329166667E+01  1.5333333333E+01  1.53597E-02  4.02639E-01
  1.5333333333E+01  1.5337500000E+01  1.54644E-02  5.45813E-01
  1.5337500000E+01  1.5341666667E+01  1.54574E-02  5.74764E-01
  1.5341666667E+01  1.5345833333E+01  1.54290E-02  4.84002E-01
  1.5345833333E+01  1.5350000000E+01  1.53881E-02  5.63759E-01
  1.5350000000E+01  1.5354166667E+01  1.54488E-02  5.04508E-01
  1.5354166667E+01  1.5358333333E+01  1.54590E-02  4.49769E-01
  1.5358333333E+01  1.5362500000E+01  1.53021E-02  3.06212E-01
  1.5362500000E+01  1.5366666667E+01  1.53462E-02  3.74122E-01
  1.5366666667E+01  1.5370833333E+01  1.53081E-02  3.16749E-01
  1.5370833333E+01  1.5375000000E+01  1.54580E-02  5.98905E-01
  1.5375000000E+01  1.5379166667E+01  1.55044E-02  5.33779E-01
  1.5379166667E+01  1.5383333333E+01  1.55733E-02  8.36494E-01
  1.5383333333E+01  1.5387500000E+01  1.53856E-02  4.68026E-01
  1.5387500000E+01  1.5391666667E+01  1.54029E-02  4.68793E-01
  1.5391666667E+01  1.5395833333E+01  1.53566E-02  3.99124E-01
  1.5395833333E+01  1.5400000000E+01  1.54126E-02  5.76829E-01
  1.5400000000E+01  1.5404166667E+01  1.55560E-02  5.90730E-01
  1.5404166667E+01  1.5408333333E+01  1.54338E-02  5.76223E-01
  1.5408333333E+01  1.5412500000E+01  1.54090E-02  4.69102E-01
  1.5412500000E+01  1.5416666667E+01  1.54805E-02  4.98136E-01
  1.5416666667E+01  1.5420833333E+01  1.54633E-02  4.33626E-01
  1.5420833333E+01  1.5425000000E+01  1.56070E-02  4.31765E-01
  1.5425000000E+01  1.5429166667E+01  1.57720E-02  5.52086E-01
  1.5429166667E+01  1.5433333333E+01  1.58180E-02  5.27162E-01
  1.5433333333E+01  1.5437500000E+01  1.59668E-02  6.48178E-01
  1.5437500000E+01  1.5441666667E+01  1.57588E-02  4.43479E-01
  1.5441666667E+01  1.5445833333E+01  1.57697E-02  5.55678E-01
  1.5445833333E+01  1.5450000000E+01  1.57869E-02  4.26142E-01
  1.5450000000E+01  1.5454166667E+01  1.58191E-02  5.65013E-01
  1.5454166667E+01  1.5458333333E+01  1.57594E-02  4.67425E-01
  1.5458333333E+01  1.5462500000E+01  1.58043E-02  4.44139E-01
  1.5462500000E+01  1.5466666667E+01  1.59352E-02  6.31100E-01
  1.5466666667E+01  1.5470833333E+01  1.58087E-02  4.83154E-01
  1.5470833333E+01  1.5475000000E+01  1.57426E-02  4.03452E-01
  1.5475000000E+01  1.5479166667E+01  1.57868E-02  4.73344E-01
  1.5479166667E+01  1.5483333333E+01  1.58622E-02  6.66637E-01
  1.5483333333E+01  1.5487500000E+01  1.56269E-02  3.75261E-01
  1.5487500000E+01  1.5491666667E+01  1.57611E-02  5.08635E-01
  1.5491666667E+01  1.5495833333E+01  1.57578E-02  5.04645E-01
  1.5495833333E+01  1.5500000000E+01  1.57496E-02  4.54951E-01
  1.5500000000E+01  1.5504166667E+01  1.57486E-02  5.03149E-01
  1.5504166667E+01  1.5508333333E+01  1.56942E-02  4.12104E-01
  1.5508333333E+01  1.5512500000E+01  1.57891E-02  4.44270E-01
  1.5512500000E+01  1.5516666667E+01  1.57604E-02  4.33768E-01
  1.5516666667E+01  1.5520833333E+01  1.57944E-02  4.92680E-01
  1.5520833333E+01  1.5525000000E+01  1.57819E-02  5.44514E-01
  1.5525000000E+01  1.5529166667E+01  1.57863E-02  4.47963E-01
  1.5529166667E+01  1.5533333333E+01  1.57464E-02  5.35906E-01
  1.5533333333E+01  1.5537500000E+01  1.58745E-02  6.75778E-01
  1.5537500000E+01  1.5541666667E+01  1.58601E-02  6.08365E-01
  1.5541666667E+01  1.5545833333E+01  1.57896E-02  4.30664E-01
  1.5545833333E+01  1.5550000000E+01  1.58196E-02  4.73536E-01
  1.5550000000E+01  1.5554166667E+01  1.57315E-02  4.25722E-01
  1.5554166667E+01  1.5558333333E+01  1.57874E-02  5.29820E-01
  1.5558333333E+01  1.5562500000E+01  1.57710E-02  5.03662E-01
  1.5562500000E+01  1.5566666667E+01  1.59020E-02  5.02478E-01
  1.5566666667E+01  1.5570833333E+01  1.57994E-02  4.85868E-01
  1.5570833333E+01  1.5575000000E+01  1.57783E-02  5.47293E-01
  1.5575000000E+01  1.5579166667E+01  1.58413E-02  6.87153E-01
  1.5579166667E+01  1.5583333333E+01  1.57739E-02  5.24392E-01
  1.5583333333E+01  1.5587500000E+01  1.57712E-02  4.38859E-01
  1.5587500000E+01  1.5591666667E+01  1.57984E-02  4.87068E-01
  1.5591666667E+01  1.5595833333E+01  1.57324E-02  4.51758E-01
  1.5595833333E+01  1.5600000000E+01  1.58084E-02  6.06942E-01
  1.5600000000E+01  1.5604166667E+01  1.57556E-02  4.36251E-01
  1.5604166667E+01  1.5608333333E+01  1.57421E-02  4.61518E-01
  1.5608333333E+01  1.5612500000E+01  1.58133E-02  6.08664E-01
  1.5612500000E+01  1.5616666667E+01  1.58902E-02  5.60860E-01
  1.5616666667E+01  1.5620833333E+01  1.58229E-02  4.45501E-01
  1.5620833333E+01  1.5625000000E+01  1.59554E-02  6.37399E-01
  1.5625000000E+01  1.5629166667E+01  1.57693E-02  4.20961E-01
  1.5629166667E+01  1.5633333333E+01  1.58807E-02  4.73618E-01
  1.5633333333E+01  1.5637500000E+01  1.57847E-02  3.83409E-01
  1.5637500000E+01  1.5641666667E+01  1.59576E-02  5.95385E-01
  1.5641666667E+01  1.5645833333E+01  1.58806E-02  5.61812E-01
  1.5645833333E+01  1.5650000000E+01  1.58696E-02  4.78232E-01
  1.5650000000E+01  1.5654166667E+01  1.59038E-02  5.78977E-01
  1.5654166667E+01  1.5658333333E+01  1.57994E-02  5.28344E-01
  1.5658333333E+01  1.5662500000E+01  1.57666E-02  4.12259E-01
  1.5662500000E+01  1.5666666667E+01  1.57412E-02  4.34497E-01
  1.5666666667E+01  1.5670833333E+01  1.58323E-02  5.14913E-01
  1.5670833333E+01  1.5675000000E+01  1.58522E-02  5.29009E-01
  1.5675000000E+01  1.5679166667E+01  1.59084E-02  5.72706E-01
  1.5679166667E+01  1.5683333333E+01  1.58373E-02  4.49092E-01
  1.5683333333E+01  1.5687500000E+01  1.58276E-02  4.07223E-01
  1.5687500000E+01  1.5691666667E+01  1.59302E-02  5.83258E-01
  1.5691666667E+01  1.5695833333E+01  1.57618E-02  3.54979E-01
  1.5695833333E+01  1.5700000000E+01  1.59056E-02  4.63996E-01
  1.5700000000E+01  1.5704166667E+01  1.57765E-02  3.79022E-01
  1.5704166667E+01  1.5708333333E+01  1.58377E-02  4.90487E-01
  1.5708333333E+01  1.5712500000E+01  1.58654E-02  5.50193E-01
  1.5712500000E+01  1.5716666667E+01  1.59189E-02  6.58158E-01
  1.5716666667E+01  1.5720833333E+01  1.57685E-02  4.08952E-01
  1.5720833333E+01  1.5725000000E+01  1.58762E-02  4.45986E-01
  1.5725000000E+01  1.5729166667E+01  1.59112E-02  5.16151E-01
  1.5729166667E+01  1.5733333333E+01  1.59671E-02  4.88572E-01
  1.5733333333E+01  1.5737500000E+01  1.59743E-02  4.64214E-01
  1.5737500000E+01  1.5741666667E+01  1.58954E-02  5.02798E-01
  1.5741666667E+01  1.5745833333E+01  1.59588E-02  5.05121E-01
  1.5745833333E+01  1.5750000000E+01  1.59211E-02  4.46673E-01
  1.5750000000E+01  1.5754166667E+01  1.58714E-02  3.93326E-01
  1.5754166667E+01  1.5758333333E+01  1.59672E-02  5.55780E-01
  1.5758333333E+01  1.5762500000E+01  1.60448E-02  6.23112E-01
  1.5762500000E+01  1.5766666667E+01  1.59579E-02  4.73412E-01
  1.5766666667E+01  1.5770833333E+01  1.60138E-02  6.70283E-01
  1.5770833333E+01  1.5775000000E+01  1.59920E-02  5.61597E-01
  1.5775000000E+01  1.5779166667E+01  1.59914E-02  6.50299E-01
  1.5779166667E+01  1.5783333333E+01  1.59862E-02  5.80296E-01
  1.5783333333E+01  1.5787500000E+01  1.59564E-02  5.45815E-01
  1.5787500000E+01  1.5791666667E+01  1.59120E-02  5.19704E-01
  1.5791666667E+01  1.5795833333E+01  1.58469E-02  3.40157E-01
  1.5795833333E+01  1.5800000000E+01  1.59169E-02  4.65081E-01
  1.5800000000E+01  1.5804166667E+01  1.60855E-02  6.54449E-01
  1.5804166667E+01  1.5808333333E+01  1.58739E-02  4.41381E-01
  1.5808333333E+01  1.5812500000E+01  1.59306E-02  5.70113E-01
  1.5812500000E+01  1.5816666667E+01  1.58922E-02  4.75781E-01
  1.5816666667E+01  1.5820833333E+01  1.60466E-02  6.32203E-01
  1.5820833333E+01  1.5825000000E+01  1.59691E-02  6.27630E-01
  1.5825000000E+01  1.5829166667E+01  1.59643E-02  5.54680E-01
  1.5829166667E+01  1.5833333333E+01  1.60141E-02  5.52401E-01
  1.5833333333E+01  1.5837500000E+01  1.60929E-02  6.86189E-01
  1.5837500000E+01  1.5841666667E+01  1.61791E-02  7.75428E-01
  1.5841666667E+01  1.5845833333E+01  1.60655E-02  6.01793E-01
  1.5845833333E+01  1.5850000000E+01  1.59480E-02  3.68576E-01
  1.5850000000E+01  1.5854166667E+01  1.60358E-02  4.54230E-01
  1.5854166667E+01  1.5858333333E+01  1.60803E-02  5.13214E-01
  1.5858333333E+01  1.5862500000E+01  1.61527E-02  5.23491E-01
  1.5862500000E+01  1.5866666667E+01  1.62579E-02  6.31305E-01
  1.5866666667E+01  1.5870833333E+01  1.62026E-02  4.62877E-01
  1.5870833333E+01  1.5875000000E+01  1.61746E-02  4.24553E-01
  1.5875000000E+01  1.5879166667E+01  1.61776E-02  4.32182E-01
  1.5879166667E+01  1.5883333333E+01  1.62403E-02  4.28220E-01
  1.5883333333E+01  1.5887500000E+01  1.61978E-02  4.16405E-01
  1.5887500000E+01  1.5891666667E+01  1.61435E-02  3.41599E-01
  1.5891666667E+01  1.5895833333E+01  1.62244E-02  4.59069E-01
  1.5895833333E+01  1.5900000000E+01  1.62935E-02  4.71505E-01
  1.5900000000E+01  1.5904166667E+01  1.63009E-02  5.00132E-01
  1.5904166667E+01  1.5908333333E+01  1.61660E-02  4.17827E-01
  1.5908333333E+01  1.5912500000E+01  1.62926E-02  5.17227E-01
  1.5912500000E+01  1.5916666667E+01  1.62148E-02  4.19406E-01
  1.5916666667E+01  1.5920833333E+01  1.62280E-02  4.67522E-01
  1.5920833333E+01  1.5925000000E+01  1.62315E-02  4.30304E-01
  1.5925000000E+01  1.5929166667E+01  1.61916E-02  4.00734E-01
  1.5929166667E+01  1.5933333333E+01  1.62066E-02  3.95393E-01
  1.5933333333E+01  1.5937500000E+01  1.63795E-02  5.78380E-01
  1.5937500000E+01  1.5941666667E+01  1.63626E-02  5.30928E-01
  1.5941666667E+01  1.5945833333E+01  1.62656E-02  4.01450E-01
  1.5945833333E+01  1.5950000000E+01  1.63944E-02  6.44927E-01
  1.5950000000E+01  1.5954166667E+01  1.63070E-02  4.97385E-01
  1.5954166667E+01  1.5958333333E+01  1.62863E-02  4.80552E-01
  1.5958333333E+01  1.5962500000E+01  1.63305E-02  4.53366E-01
  1.5962500000E+01  1.5966666667E+01  1.62881E-02  4.51280E-01
  1.5966666667E+01  1.5970833333E+01  1.63934E-02  5.30033E-01
  1.5970833333E+01  1.5975000000E+01  1.63919E-02  5.69129E-01
  1.5975000000E+01  1.5979166667E+01  1.63692E-02  4.56902E-01
  1.5979166667E+01  1.5983333333E+01  1.64577E-02  5.87368E-01
  1.5983333333E+01  1.5987500000E+01  1.64283E-02  5.18314E-01
  1.5987500000E+01  1.5991666667E+01  1.63186E-02  4.22646E-01
  1.5991666667E+01  1.5995833333E+01  1.63108E-02  4.12926E-01
  1.5995833333E+01  1.6000000000E+01  1.64356E-02  4.81304E-01
  1.6000000000E+01  1.6004166667E+01  1.64114E-02  5.06028E-01
  1.6004166667E+01  1.6008333333E+01  1.64367E-02  5.00528E-01
  1.6008333333E+01  1.6012500000E+01  1.62774E-02  3.65106E-01
  1.6012500000E+01  1.6016666667E+01  1.64509E-02  5.16565E-01
  1.6016666667E+01  1.6020833333E+01  1.64073E-02  4.67122E-01
  1.6020833333E+01  1.6025000000E+01  1.64516E-02  4.66714E-01
  1.6025000000E+01  1.6029166667E+01  1.63800E-02  3.91047E-01
  1.6029166667E+01  1.6033333333E+01  1.63365E-02  4.22409E-01
  1.6033333333E+01  1.6037500000E+01  1.64377E-02  4.45692E-01
  1.6037500000E+01  1.6041666667E+01  1.64994E-02  5.74846E-01
  1.6041666667E+01  1.6045833333E+01  1.64305E-02  4.27410E-01
  1.6045833333E+01  1.6050000000E+01  1.64769E-02  5.55685E-01
  1.6050000000E+01  1.6054166667E+01  1.65819E-02  4.90349E-01
  1.6054166667E+01  1.6058333333E+01  1.66497E-02  6.81885E-01
  1.6058333333E+01  1.6062500000E+01  1.64868E-02  4.40830E-01
  1.6062500000E+01  1.6066666667E+01  1.65336E-02  6.35770E-01
  1.6066666667E+01  1.6070833333E+01  1.64001E-02  4.31941E-01
  1.6070833333E+01  1.6075000000E+01  1.64539E-02  4.66821E-01
  1.6075000000E+01  1.6079166667E+01  1.63859E-02  3.27034E-01
  1.6079166667E+01  1.6083333333E+01  1.63984E-02  3.27330E-01
  1.6083333333E+01  1.6087500000E+01  1.65584E-02  5.34768E-01
  1.6087500000E+01  1.6091666667E+01  1.65534E-02  5.44646E-01
  1.6091666667E+01  1.6095833333E+01  1.63759E-02  2.68651E-01
  1.6095833333E+01  1.6100000000E+01  1.63350E-02  2.66094E-01
  1.6100000000E+01  1.6104166667E+01  1.65232E-02  5.60331E-01
  1.6104166667E+01  1.6108333333E+01  1.65236E-02  4.69337E-01
  1.6108333333E+01  1.6112500000E+01  1.65329E-02  4.73411E-01
  1.6112500000E+01  1.6116666667E+01  1.66472E-02  4.88859E-01
  1.6116666667E+01  1.6120833333E+01  1.65344E-02  4.15934E-01
  1.6120833333E+01  1.6125000000E+01  1.65725E-02  4.63714E-01
  1.6125000000E+01  1.6129166667E+01  1.64879E-02  3.45027E-01
  1.6129166667E+01  1.6133333333E+01  1.65041E-02  4.53748E-01
  1.6133333333E+01  1.6137500000E+01  1.66042E-02  6.11799E-01
  1.6137500000E+01  1.6141666667E+01  1.65049E-02  4.53726E-01
  1.6141666667E+01  1.6145833333E+01  1.65830E-02  5.57999E-01
  1.6145833333E+01  1.6150000000E+01  1.64971E-02  4.17051E-01
  1.6150000000E+01  1.6154166667E+01  1.65353E-02  4.68258E-01
  1.6154166667E+01  1.6158333333E+01  1.65586E-02  4.54601E-01
  1.6158333333E+01  1.6162500000E+01  1.65733E-02  4.62075E-01
  1.6162500000E+01  1.6166666667E+01  1.66771E-02  6.42064E-01
  1.6166666667E+01  1.6170833333E+01  1.65960E-02  5.45302E-01
  1.6170833333E+01  1.6175000000E+01  1.66157E-02  5.46989E-01
  1.6175000000E+01  1.6179166667E+01  1.66845E-02  6.44965E-01
  1.6179166667E+01  1.6183333333E+01  1.66573E-02  5.10068E-01
  1.6183333333E+01  1.6187500000E+01  1.65744E-02  4.09765E-01
  1.6187500000E+01  1.6191666667E+01  1.66306E-02  4.36717E-01
  1.6191666667E+01  1.6195833333E+01  1.66932E-02  5.63037E-01
  1.6195833333E+01  1.6200000000E+01  1.67148E-02  4.65309E-01
  1.6200000000E+01  1.6204166667E+01  1.67233E-02  4.86582E-01
  1.6204166667E+01  1.6208333333E+01  1.66713E-02  4.79142E-01
  1.6208333333E+01  1.6212500000E+01  1.67011E-02  4.26036E-01
  1.6212500000E+01  1.6216666667E+01  1.67548E-02  5.34469E-01
  1.6216666667E+01  1.6220833333E+01  1.67277E-02  5.36021E-01
  1.6220833333E+01  1.6225000000E+01  1.67031E-02  4.86926E-01
  1.6225000000E+01  1.6229166667E+01  1.68167E-02  4.63786E-01
  1.6229166667E+01  1.6233333333E+01  1.68231E-02  5.01128E-01
  1.6233333333E+01  1.6237500000E+01  1.69955E-02  7.14570E-01
  1.6237500000E+01  1.6241666667E+01  1.70143E-02  6.09525E-01
  1.6241666667E+01  1.6245833333E+01  1.68921E-02  4.93990E-01
  1.6245833333E+01  1.6250000000E+01  1.69020E-02  5.97682E-01
  1.6250000000E+01  1.6254166667E+01  1.68648E-02  5.60285E-01
  1.6254166667E+01  1.6258333333E+01  1.69198E-02  4.66590E-01
  1.6258333333E+01  1.6262500000E+01  1.68724E-02  3.99058E-01
  1.6262500000E+01  1.6266666667E+01  1.69006E-02  4.51465E-01
  1.6266666667E+01  1.6270833333E+01  1.69837E-02  5.60137E-01
  1.6270833333E+01  1.6275000000E+01  1.69141E-02  4.70779E-01
  1.6275000000E+01  1.6279166667E+01  1.70046E-02  4.92066E-01
  1.6279166667E+01  1.6283333333E+01  1.71989E-02  6.05969E-01
  1.6283333333E+01  1.6287500000E+01  1.69949E-02  4.31409E-01
  1.6287500000E+01  1.6291666667E+01  1.69286E-02  3.60885E-01
  1.6291666667E+01  1.6295833333E+01  1.70813E-02  6.16146E-01
  1.6295833333E+01  1.6300000000E+01  1.70594E-02  5.46327E-01
  1.6300000000E+01  1.6304166667E+01  1.70318E-02  4.93110E-01
  1.6304166667E+01  1.6308333333E+01  1.70436E-02  6.22524E-01
  1.6308333333E+01  1.6312500000E+01  1.71225E-02  5.28194E-01
  1.6312500000E+01  1.6316666667E+01  1.70045E-02  4.46100E-01
  1.6316666667E+01  1.6320833333E+01  1.69857E-02  3.45563E-01
  1.6320833333E+01  1.6325000000E+01  1.71925E-02  6.14990E-01
  1.6325000000E+01  1.6329166667E+01  1.70948E-02  5.30273E-01
  1.6329166667E+01  1.6333333333E+01  1.70655E-02  4.80312E-01
  1.6333333333E+01  1.6337500000E+01  1.70085E-02  4.27482E-01
  1.6337500000E+01  1.6341666667E+01  1.69981E-02  4.11870E-01
  1.6341666667E+01  1.6345833333E+01  1.70353E-02  5.88271E-01
  1.6345833333E+01  1.6350000000E+01  1.70170E-02  4.19737E-01
  1.6350000000E+01  1.6354166667E+01  1.70876E-02  5.43496E-01
  1.6354166667E+01  1.6358333333E+01  1.70288E-02  4.15154E-01
  1.6358333333E+01  1.6362500000E+01  1.71249E-02  4.89110E-01
  1.6362500000E+01  1.6366666667E+01  1.70043E-02  3.46563E-01
  1.6366666667E+01  1.6370833333E+01  1.70933E-02  3.89122E-01
  1.6370833333E+01  1.6375000000E+01  1.70812E-02  4.03084E-01
  1.6375000000E+01  1.6379166667E+01  1.71567E-02  5.06100E-01
  1.6379166667E+01  1.6383333333E+01  1.72143E-02  6.99665E-01
  1.6383333333E+01  1.6387500000E+01  1.71876E-02  5.70623E-01
  1.6387500000E+01  1.6391666667E+01  1.71390E-02  4.50027E-01
  1.6391666667E+01  1.6395833333E+01  1.72987E-02  5.55162E-01
  1.6395833333E+01  1.6400000000E+01  1.72036E-02  5.28149E-01
  1.6400000000E+01  1.6404166667E+01  1.72422E-02  5.43634E-01
  1.6404166667E+01  1.6408333333E+01  1.73027E-02  5.54329E-01
  1.6408333333E+01  1.6412500000E+01  1.73172E-02  5.51313E-01
  1.6412500000E+01  1.6416666667E+01  1.72865E-02  5.93231E-01
  1.6416666667E+01  1.6420833333E+01  1.71852E-02  4.06309E-01
  1.6420833333E+01  1.6425000000E+01  1.71759E-02  4.01809E-01
  1.6425000000E+01  1.6429166667E+01  1.73092E-02  5.50314E-01
  1.6429166667E+01  1.6433333333E+01  1.73900E-02  5.69022E-01
  1.6433333333E+01  1.6437500000E+01  1.73277E-02  4.95509E-01
  1.6437500000E+01  1.6441666667E+01  1.71727E-02  3.50212E-01
  1.6441666667E+01  1.6445833333E+01  1.73231E-02  5.66492E-01
  1.6445833333E+01  1.6450000000E+01  1.72817E-02  4.83997E-01
  1.6450000000E+01  1.6454166667E+01  1.72905E-02  4.71676E-01
  1.6454166667E+01  1.6458333333E+01  1.72700E-02  4.28905E-01
  1.6458333333E+01  1.6462500000E+01  1.72859E-02  4.84587E-01
  1.6462500000E+01  1.6466666667E+01  1.72570E-02  3.56130E-01
  1.6466666667E+01  1.6470833333E+01  1.72720E-02  4.47782E-01
  1.6470833333E+01  1.6475000000E+01  1.73373E-02  4.28121E-01
  1.6475000000E+01  1.6479166667E+01  1.73550E-02  4.79492E-01
  1.6479166667E+01  1.6483333333E+01  1.72785E-02  4.19110E-01
  1.6483333333E+01  1.6487500000E+01  1.74111E-02  4.36163E-01
  1.6487500000E+01  1.6491666667E+01  1.74565E-02  4.64146E-01
  1.6491666667E+01  1.6495833333E+01  1.74448E-02  4.84737E-01
  1.6495833333E+01  1.6500000000E+01  1.74847E-02  5.06954E-01
  1.6500000000E+01  1.6504166667E+01  1.74245E-02  4.79643E-01
  1.6504166667E+01  1.6508333333E+01  1.74480E-02  4.34399E-01
  1.6508333333E+01  1.6512500000E+01  1.73932E-02  3.74336E-01
  1.6512500000E+01  1.6516666667E+01  1.74103E-02  3.70342E-01
  1.6516666667E+01  1.6520833333E+01  1.74971E-02  5.25046E-01
  1.6520833333E+01  1.6525000000E+01  1.75325E-02  4.28821E-01
  1.6525000000E+01  1.6529166667E+01  1.75433E-02  4.43976E-01
  1.6529166667E+01  1.6533333333E+01  1.75926E-02  5.12196E-01
  1.6533333333E+01  1.6537500000E+01  1.76143E-02  4.52086E-01
  1.6537500000E+01  1.6541666667E+01  1.76311E-02  4.83321E-01
  1.6541666667E+01  1.6545833333E+01  1.76076E-02  3.45202E-01
  1.6545833333E+01  1.6550000000E+01  1.77542E-02  5.09667E-01
  1.6550000000E+01  1.6554166667E+01  1.77503E-02  5.43739E-01
  1.6554166667E+01  1.6558333333E+01  1.77583E-02  4.57844E-01
  1.6558333333E+01  1.6562500000E+01  1.78093E-02  5.08797E-01
  1.6562500000E+01  1.6566666667E+01  1.78253E-02  5.03487E-01
  1.6566666667E+01  1.6570833333E+01  1.77658E-02  4.62230E-01
  1.6570833333E+01  1.6575000000E+01  1.77986E-02  4.12730E-01
  1.6575000000E+01  1.6579166667E+01  1.78418E-02  4.67207E-01
  1.6579166667E+01  1.6583333333E+01  1.78549E-02  4.65781E-01
  1.6583333333E+01  1.6587500000E+01  1.79070E-02  5.43514E-01
  1.6587500000E+01  1.6591666667E+01  1.77508E-02  3.85510E-01
  1.6591666667E+01  1.6595833333E+01  1.78410E-02  4.42527E-01
  1.6595833333E+01  1.6600000000E+01  1.77805E-02  3.93106E-01
  1.6600000000E+01  1.6604166667E+01  1.77711E-02  3.33886E-01
  1.6604166667E+01  1.6608333333E+01  1.78163E-02  4.55047E-01
  1.6608333333E+01  1.6612500000E+01  1.77793E-02  4.45738E-01
  1.6612500000E+01  1.6616666667E+01  1.78931E-02  5.60363E-01
  1.6616666667E+01  1.6620833333E+01  1.79625E-02  5.64493E-01
  1.6620833333E+01  1.6625000000E+01  1.79466E-02  5.05705E-01
  1.6625000000E+01  1.6629166667E+01  1.78749E-02  4.45200E-01
  1.6629166667E+01  1.6633333333E+01  1.79751E-02  5.50632E-01
  1.6633333333E+01  1.6637500000E+01  1.78759E-02  4.22071E-01
  1.6637500000E+01  1.6641666667E+01  1.79412E-02  4.26372E-01
  1.6641666667E+01  1.6645833333E+01  1.79453E-02  4.40545E-01
  1.6645833333E+01  1.6650000000E+01  1.79012E-02  4.50532E-01
  1.6650000000E+01  1.6654166667E+01  1.79205E-02  4.20881E-01
  1.6654166667E+01  1.6658333333E+01  1.79929E-02  5.30383E-01
  1.6658333333E+01  1.6662500000E+01  1.81782E-02  6.33243E-01
  1.6662500000E+01  1.6666666667E+01  1.79940E-02  4.32553E-01
  1.6666666667E+01  1.6670833333E+01  1.80105E-02  5.11911E-01
  1.6670833333E+01  1.6675000000E+01  1.79253E-02  4.04030E-01
  1.6675000000E+01  1.6679166667E+01  1.79945E-02  5.29623E-01
  1.6679166667E+01  1.6683333333E+01  1.79872E-02  3.73605E-01
  1.6683333333E+01  1.6687500000E+01  1.80527E-02  4.48211E-01
  1.6687500000E+01  1.6691666667E+01  1.81342E-02  4.81231E-01
  1.6691666667E+01  1.6695833333E+01  1.80430E-02  3.66112E-01
  1.6695833333E+01  1.6700000000E+01  1.80071E-02  4.01831E-01
  1.6700000000E+01  1.6704166667E+01  1.80357E-02  4.21599E-01
  1.6704166667E+01  1.6708333333E+01  1.80966E-02  4.00596E-01
  1.6708333333E+01  1.6712500000E+01  1.81768E-02  4.98992E-01
  1.6712500000E+01  1.6716666667E+01  1.81121E-02  3.75774E-01
  1.6716666667E+01  1.6720833333E+01  1.81379E-02  4.06283E-01
  1.6720833333E+01  1.6725000000E+01  1.82350E-02  5.19199E-01
  1.6725000000E+01  1.6729166667E+01  1.81378E-02  3.99292E-01
  1.6729166667E+01  1.6733333333E+01  1.81071E-02  3.33715E-01
  1.6733333333E+01  1.6737500000E+01  1.82911E-02  5.27510E-01
  1.6737500000E+01  1.6741666667E+01  1.81734E-02  4.42010E-01
  1.6741666667E+01  1.6745833333E+01  1.82819E-02  4.67904E-01
  1.6745833333E+01  1.6750000000E+01  1.82615E-02  4.35598E-01
  1.6750000000E+01  1.6754166667E+01  1.82542E-02  4.32767E-01
  1.6754166667E+01  1.6758333333E+01  1.81921E-02  3.25889E-01
  1.6758333333E+01  1.6762500000E+01  1.82684E-02  4.92868E-01
  1.6762500000E+01  1.6766666667E+01  1.83384E-02  4.19549E-01
  1.6766666667E+01  1.6770833333E+01  1.82966E-02  3.47124E-01
  1.6770833333E+01  1.6775000000E+01  1.84043E-02  5.69647E-01
  1.6775000000E+01  1.6779166667E+01  1.84701E-02  5.00304E-01
  1.6779166667E+01  1.6783333333E+01  1.83977E-02  3.88266E-01
  1.6783333333E+01  1.6787500000E+01  1.84709E-02  4.06062E-01
  1.6787500000E+01  1.6791666667E+01  1.85002E-02  4.39405E-01
  1.6791666667E+01  1.6795833333E+01  1.84005E-02  3.36554E-01
  1.6795833333E+01  1.6800000000E+01  1.84648E-02  3.65535E-01
  1.6800000000E+01  1.6804166667E+01  1.85304E-02  3.53711E-01
  1.6804166667E+01  1.6808333333E+01  1.85341E-02  3.50801E-01
  1.6808333333E+01  1.6812500000E+01  1.85416E-02  3.71682E-01
  1.6812500000E+01  1.6816666667E+01  1.86468E-02  4.51744E-01
  1.6816666667E+01  1.6820833333E+01  1.87079E-02  5.11059E-01
  1.6820833333E+01  1.6825000000E+01  1.86553E-02  4.42775E-01
  1.6825000000E+01  1.6829166667E+01  1.85934E-02  3.68656E-01
  1.6829166667E+01  1.6833333333E+01  1.86947E-02  4.30342E-01
  1.6833333333E+01  1.6837500000E+01  1.87087E-02  3.71047E-01
  1.6837500000E+01  1.6841666667E+01  1.88534E-02  4.41276E-01
  1.6841666667E+01  1.6845833333E+01  1.87088E-02  3.78015E-01
  1.6845833333E+01  1.6850000000E+01  1.88344E-02  5.05482E-01
  1.6850000000E+01  1.6854166667E+01  1.89105E-02  5.59801E-01
  1.6854166667E+01  1.6858333333E+01  1.88088E-02  4.48937E-01
  1.6858333333E+01  1.6862500000E+01  1.87501E-02  3.30911E-01
  1.6862500000E+01  1.6866666667E+01  1.89928E-02  5.79898E-01
  1.6866666667E+01  1.6870833333E+01  1.89052E-02  5.00359E-01
  1.6870833333E+01  1.6875000000E+01  1.89679E-02  5.77832E-01
  1.6875000000E+01  1.6879166667E+01  1.90984E-02  5.65088E-01
  1.6879166667E+01  1.6883333333E+01  1.89255E-02  4.19262E-01
  1.6883333333E+01  1.6887500000E+01  1.88751E-02  3.36463E-01
  1.6887500000E+01  1.6891666667E+01  1.88529E-02  3.56822E-01
  1.6891666667E+01  1.6895833333E+01  1.89458E-02  4.49363E-01
  1.6895833333E+01  1.6900000000E+01  1.88980E-02  3.51597E-01
  1.6900000000E+01  1.6904166667E+01  1.90140E-02  4.31594E-01
  1.6904166667E+01  1.6908333333E+01  1.90301E-02  3.98526E-01
  1.6908333333E+01  1.6912500000E+01  1.90970E-02  4.40406E-01
  1.6912500000E+01  1.6916666667E+01  1.90359E-02  3.95361E-01
  1.6916666667E+01  1.6920833333E+01  1.89992E-02  3.84937E-01
  1.6920833333E+01  1.6925000000E+01  1.89985E-02  3.12730E-01
  1.6925000000E+01  1.6929166667E+01  1.91203E-02  4.07002E-01
  1.6929166667E+01  1.6933333333E+01  1.90895E-02  3.86876E-01
  1.6933333333E+01  1.6937500000E+01  1.91947E-02  4.88193E-01
  1.6937500000E+01  1.6941666667E+01  1.92845E-02  5.13436E-01
  1.6941666667E+01  1.6945833333E+01  1.93345E-02  4.39360E-01
  1.6945833333E+01  1.6950000000E+01  1.93046E-02  3.98548E-01
  1.6950000000E+01  1.6954166667E+01  1.91733E-02  3.94426E-01
  1.6954166667E+01  1.6958333333E+01  1.92312E-02  3.81918E-01
  1.6958333333E+01  1.6962500000E+01  1.92774E-02  4.16147E-01
  1.6962500000E+01  1.6966666667E+01  1.93105E-02  4.37227E-01
  1.6966666667E+01  1.6970833333E+01  1.93010E-02  4.25805E-01
  1.6970833333E+01  1.6975000000E+01  1.93678E-02  4.27050E-01
  1.6975000000E+01  1.6979166667E+01  1.93453E-02  3.55697E-01
  1.6979166667E+01  1.6983333333E+01  1.94324E-02  3.99438E-01
  1.6983333333E+01  1.6987500000E+01  1.94556E-02  3.92354E-01
  1.6987500000E+01  1.6991666667E+01  1.94712E-02  3.69584E-01
  1.6991666667E+01  1.6995833333E+01  1.94856E-02  3.83162E-01
  1.6995833333E+01  1.7000000000E+01  1.95114E-02  3.89020E-01
  1.7000000000E+01  1.7004166667E+01  1.95822E-02  5.04139E-01
  1.7004166667E+01  1.7008333333E+01  1.95254E-02  3.63111E-01
  1.7008333333E+01  1.7012500000E+01  1.95508E-02  3.80675E-01
  1.7012500000E+01  1.7016666667E+01  1.98660E-02  6.34739E-01
  1.7016666667E+01  1.7020833333E+01  1.96859E-02  4.02061E-01
  1.7020833333E+01  1.7025000000E+01  1.96736E-02  3.99587E-01
  1.7025000000E+01  1.7029166667E+01  1.97812E-02  4.30331E-01
  1.7029166667E+01  1.7033333333E+01  1.97378E-02  3.86349E-01
  1.7033333333E+01  1.7037500000E+01  1.97979E-02  3.59789E-01
  1.7037500000E+01  1.7041666667E+01  2.00116E-02  6.34276E-01
  1.7041666667E+01  1.7045833333E+01  1.98320E-02  3.81412E-01
  1.7045833333E+01  1.7050000000E+01  1.98672E-02  4.53263E-01
  1.7050000000E+01  1.7054166667E+01  1.99825E-02  4.42335E-01
  1.7054166667E+01  1.7058333333E+01  1.99958E-02  4.76100E-01
  1.7058333333E+01  1.7062500000E+01  1.99750E-02  3.86788E-01
  1.7062500000E+01  1.7066666667E+01  1.98840E-02  3.35665E-01
  1.7066666667E+01  1.7070833333E+01  1.99315E-02  3.96336E-01
  1.7070833333E+01  1.7075000000E+01  1.99907E-02  4.62124E-01
  1.7075000000E+01  1.7079166667E+01  2.00260E-02  4.24316E-01
  1.7079166667E+01  1.7083333333E+01  2.01021E-02  4.19591E-01
  1.7083333333E+01  1.7087500000E+01  2.00609E-02  3.70768E-01
  1.7087500000E+01  1.7091666667E+01  2.01320E-02  3.38538E-01
  1.7091666667E+01  1.7095833333E+01  2.02265E-02  3.70303E-01
  1.7095833333E+01  1.7100000000E+01  2.02040E-02  4.41567E-01
  1.7100000000E+01  1.7104166667E+01  2.01409E-02  3.68131E-01
  1.7104166667E+01  1.7108333333E+01  2.02372E-02  4.85169E-01
  1.7108333333E+01  1.7112500000E+01  2.01455E-02  3.38090E-01
  1.7112500000E+01  1.7116666667E+01  2.03600E-02  5.09342E-01
  1.7116666667E+01  1.7120833333E+01  2.02493E-02  3.45924E-01
  1.7120833333E+01  1.7125000000E+01  2.02904E-02  3.92843E-01
  1.7125000000E+01  1.7129166667E+01  2.04442E-02  4.88383E-01
  1.7129166667E+01  1.7133333333E+01  2.04390E-02  4.64649E-01
  1.7133333333E+01  1.7137500000E+01  2.05128E-02  4.87565E-01
  1.7137500000E+01  1.7141666667E+01  2.05116E-02  4.70027E-01
  1.7141666667E+01  1.7145833333E+01  2.07085E-02  5.84866E-01
  1.7145833333E+01  1.7150000000E+01  2.05995E-02  4.49720E-01
  1.7150000000E+01  1.7154166667E+01  2.06443E-02  4.56780E-01
  1.7154166667E+01  1.7158333333E+01  2.06487E-02  4.75220E-01
  1.7158333333E+01  1.7162500000E+01  2.05612E-02  3.71468E-01
  1.7162500000E+01  1.7166666667E+01  2.06043E-02  3.85843E-01
  1.7166666667E+01  1.7170833333E+01  2.07064E-02  4.10236E-01
  1.7170833333E+01  1.7175000000E+01  2.07971E-02  4.98062E-01
  1.7175000000E+01  1.7179166667E+01  2.07537E-02  3.98233E-01
  1.7179166667E+01  1.7183333333E+01  2.07579E-02  4.38964E-01
  1.7183333333E+01  1.7187500000E+01  2.08426E-02  4.27962E-01
  1.7187500000E+01  1.7191666667E+01  2.08867E-02  4.21769E-01
  1.7191666667E+01  1.7195833333E+01  2.09748E-02  3.74977E-01
  1.7195833333E+01  1.7200000000E+01  2.10729E-02  4.50809E-01
  1.7200000000E+01  1.7204166667E+01  2.10286E-02  3.92254E-01
  1.7204166667E+01  1.7208333333E+01  2.11224E-02  4.58619E-01
  1.7208333333E+01  1.7212500000E+01  2.10615E-02  3.88258E-01
  1.7212500000E+01  1.7216666667E+01  2.11775E-02  3.63587E-01
  1.7216666667E+01  1.7220833333E+01  2.12156E-02  4.77178E-01
  1.7220833333E+01  1.7225000000E+01  2.11767E-02  3.88083E-01
  1.7225000000E+01  1.7229166667E+01  2.13189E-02  5.28804E-01
  1.7229166667E+01  1.7233333333E+01  2.12847E-02  4.41350E-01
  1.7233333333E+01  1.7237500000E+01  2.13129E-02  4.58028E-01
  1.7237500000E+01  1.7241666667E+01  2.14241E-02  4.58479E-01
  1.7241666667E+01  1.7245833333E+01  2.14640E-02  4.31381E-01
  1.7245833333E+01  1.7250000000E+01  2.13972E-02  3.45791E-01
  1.7250000000E+01  1.7254166667E+01  2.15519E-02  4.33900E-01
  1.7254166667E+01  1.7258333333E+01  2.15030E-02  3.63698E-01
  1.7258333333E+01  1.7262500000E+01  2.15682E-02  4.96221E-01
  1.7262500000E+01  1.7266666667E+01  2.16424E-02  3.97339E-01
  1.7266666667E+01  1.7270833333E+01  2.16724E-02  4.65757E-01
  1.7270833333E+01  1.7275000000E+01  2.16146E-02  3.88051E-01
  1.7275000000E+01  1.7279166667E+01  2.16456E-02  3.99316E-01
  1.7279166667E+01  1.7283333333E+01  2.16928E-02  4.03201E-01
  1.7283333333E+01  1.7287500000E+01  2.17271E-02  3.63336E-01
  1.7287500000E+01  1.7291666667E+01  2.17924E-02  3.94903E-01
  1.7291666667E+01  1.7295833333E+01  2.18535E-02  4.01237E-01
  1.7295833333E+01  1.7300000000E+01  2.21939E-02  5.50469E-01
  1.7300000000E+01  1.7304166667E+01  2.20831E-02  4.72246E-01
  1.7304166667E+01  1.7308333333E+01  2.21019E-02  4.62684E-01
  1.7308333333E+01  1.7312500000E+01  2.21340E-02  4.74455E-01
  1.7312500000E+01  1.7316666667E+01  2.23008E-02  5.00622E-01
  1.7316666667E+01  1.7320833333E+01  2.23592E-02  5.32518E-01
  1.7320833333E+01  1.7325000000E+01  2.22840E-02  4.15069E-01
  1.7325000000E+01  1.7329166667E+01  2.22984E-02  4.05144E-01
  1.7329166667E+01  1.7333333333E+01  2.22776E-02  3.67803E-01
  1.7333333333E+01  1.7337500000E+01  2.25065E-02  4.20792E-01
  1.7337500000E+01  1.7341666667E+01  2.23934E-02  3.33066E-01
  1.7341666667E+01  1.7345833333E+01  2.25152E-02  4.39902E-01
  1.7345833333E+01  1.7350000000E+01  2.25601E-02  4.25608E-01
  1.7350000000E+01  1.7354166667E+01  2.26604E-02  4.35114E-01
  1.7354166667E+01  1.7358333333E+01  2.26718E-02  3.91917E-01
  1.7358333333E+01  1.7362500000E+01  2.28318E-02  4.57129E-01
  1.7362500000E+01  1.7366666667E+01  2.28128E-02  3.82189E-01
  1.7366666667E+01  1.7370833333E+01  2.29071E-02  3.80770E-01
  1.7370833333E+01  1.7375000000E+01  2.29343E-02  4.12067E-01
  1.7375000000E+01  1.7379166667E+01  2.29743E-02  4.51295E-01
  1.7379166667E+01  1.7383333333E+01  2.29961E-02  3.68060E-01
  1.7383333333E+01  1.7387500000E+01  2.31251E-02  4.05659E-01
  1.7387500000E+01  1.7391666667E+01  2.33019E-02  4.08214E-01
  1.7391666667E+01  1.7395833333E+01  2.33969E-02  4.21867E-01
  1.7395833333E+01  1.7400000000E+01  2.32555E-02  3.77564E-01
  1.7400000000E+01  1.7404166667E+01  2.33126E-02  4.01370E-01
  1.7404166667E+01  1.7408333333E+01  2.33201E-02  4.11572E-01
  1.7408333333E+01  1.7412500000E+01  2.33483E-02  3.64463E-01
  1.7412500000E+01  1.7416666667E+01  2.34885E-02  3.86510E-01
  1.7416666667E+01  1.7420833333E+01  2.35990E-02  4.38706E-01
  1.7420833333E+01  1.7425000000E+01  2.35426E-02  3.95059E-01
  1.7425000000E+01  1.7429166667E+01  2.36940E-02  4.73665E-01
  1.7429166667E+01  1.7433333333E+01  2.36767E-02  3.73483E-01
  1.7433333333E+01  1.7437500000E+01  2.37111E-02  3.43715E-01
  1.7437500000E+01  1.7441666667E+01  2.38869E-02  4.18672E-01
  1.7441666667E+01  1.7445833333E+01  2.40688E-02  5.04093E-01
  1.7445833333E+01  1.7450000000E+01  2.40219E-02  3.99412E-01
  1.7450000000E+01  1.7454166667E+01  2.41497E-02  4.75884E-01
  1.7454166667E+01  1.7458333333E+01  2.41571E-02  3.90420E-01
  1.7458333333E+01  1.7462500000E+01  2.42513E-02  4.43519E-01
  1.7462500000E+01  1.7466666667E+01  2.43278E-02  4.02488E-01
  1.7466666667E+01  1.7470833333E+01  2.42824E-02  3.63590E-01
  1.7470833333E+01  1.7475000000E+01  2.44724E-02  4.24366E-01
  1.7475000000E+01  1.7479166667E+01  2.44652E-02  3.92237E-01
  1.7479166667E+01  1.7483333333E+01  2.46716E-02  4.54034E-01
  1.7483333333E+01  1.7487500000E+01  2.46495E-02  4.16194E-01
  1.7487500000E+01  1.7491666667E+01  2.48709E-02  4.41534E-01
  1.7491666667E+01  1.7495833333E+01  2.49727E-02  4.61770E-01
  1.7495833333E+01  1.7500000000E+01  2.50689E-02  3.85149E-01
  1.7500000000E+01  1.7504166667E+01  2.50978E-02  4.16053E-01
  1.7504166667E+01  1.7508333333E+01  2.51195E-02  4.36166E-01
  1.7508333333E+01  1.7512500000E+01  2.51715E-02  4.09713E-01
  1.7512500000E+01  1.7516666667E+01  2.53098E-02  4.24647E-01
  1.7516666667E+01  1.7520833333E+01  2.53433E-02  4.22383E-01
  1.7520833333E+01  1.7525000000E+01  2.56327E-02  4.90588E-01
  1.7525000000E+01  1.7529166667E+01  2.55929E-02  4.00442E-01
  1.7529166667E+01  1.7533333333E+01  2.56413E-02  4.04549E-01
  1.7533333333E+01  1.7537500000E+01  2.57329E-02  4.14535E-01
  1.7537500000E+01  1.7541666667E+01  2.57475E-02  3.79147E-01
  1.7541666667E+01  1.7545833333E+01  2.59008E-02  4.29842E-01
  1.7545833333E+01  1.7550000000E+01  2.60337E-02  4.03397E-01
  1.7550000000E+01  1.7554166667E+01  2.61960E-02  3.79715E-01
  1.7554166667E+01  1.7558333333E+01  2.62670E-02  3.60524E-01
  1.7558333333E+01  1.7562500000E+01  2.63921E-02  3.82530E-01
  1.7562500000E+01  1.7566666667E+01  2.63700E-02  3.51232E-01
  1.7566666667E+01  1.7570833333E+01  2.65764E-02  3.34874E-01
  1.7570833333E+01  1.7575000000E+01  2.66801E-02  3.55722E-01
  1.7575000000E+01  1.7579166667E+01  2.68317E-02  3.65313E-01
  1.7579166667E+01  1.7583333333E+01  2.69386E-02  3.62051E-01
  1.7583333333E+01  1.7587500000E+01  2.70351E-02  3.87318E-01
  1.7587500000E+01  1.7591666667E+01  2.71067E-02  3.82163E-01
  1.7591666667E+01  1.7595833333E+01  2.72203E-02  3.91396E-01
  1.7595833333E+01  1.7600000000E+01  2.74301E-02  4.46305E-01
  1.7600000000E+01  1.7604166667E+01  2.74953E-02  3.79730E-01
  1.7604166667E+01  1.7608333333E+01  2.76634E-02  3.94371E-01
  1.7608333333E+01  1.7612500000E+01  2.77992E-02  4.21936E-01
  1.7612500000E+01  1.7616666667E+01  2.79036E-02  4.35743E-01
  1.7616666667E+01  1.7620833333E+01  2.80442E-02  4.23051E-01
  1.7620833333E+01  1.7625000000E+01  2.81350E-02  4.10742E-01
  1.7625000000E+01  1.7629166667E+01  2.81832E-02  3.68396E-01
  1.7629166667E+01  1.7633333333E+01  2.84559E-02  3.49806E-01
  1.7633333333E+01  1.7637500000E+01  2.86058E-02  4.46322E-01
  1.7637500000E+01  1.7641666667E+01  2.87394E-02  3.97286E-01
  1.7641666667E+01  1.7645833333E+01  2.88821E-02  3.73180E-01
  1.7645833333E+01  1.7650000000E+01  2.90365E-02  4.31956E-01
  1.7650000000E+01  1.7654166667E+01  2.90748E-02  3.79357E-01
  1.7654166667E+01  1.7658333333E+01  2.92548E-02  3.89259E-01
  1.7658333333E+01  1.7662500000E+01  2.94154E-02  3.61482E-01
  1.7662500000E+01  1.7666666667E+01  2.97208E-02  3.82363E-01
  1.7666666667E+01  1.7670833333E+01  2.98696E-02  3.90632E-01
  1.7670833333E+01  1.7675000000E+01  2.99576E-02  3.82565E-01
  1.7675000000E+01  1.7679166667E+01  3.00718E-02  3.43950E-01
  1.7679166667E+01  1.7683333333E+01  3.02344E-02  3.15517E-01
  1.7683333333E+01  1.7687500000E+01  3.06487E-02  3.47607E-01
  1.7687500000E+01  1.7691666667E+01  3.07376E-02  3.52210E-01
  1.7691666667E+01  1.7695833333E+01  3.09699E-02  3.29614E-01
  1.7695833333E+01  1.7700000000E+01  3.12163E-02  3.49602E-01
  1.7700000000E+01  1.7704166667E+01  3.13063E-02  3.00296E-01
  1.7704166667E+01  1.7708333333E+01  3.14510E-02  3.16940E-01
  1.7708333333E+01  1.7712500000E+01  3.16956E-02  3.29349E-01
  1.7712500000E+01  1.7716666667E+01  3.19292E-02  2.99506E-01
  1.7716666667E+01  1.7720833333E+01  3.21836E-02  2.93907E-01
  1.7720833333E+01  1.7725000000E+01  3.24756E-02  3.24659E-01
  1.7725000000E+01  1.7729166667E+01  3.25708E-02  3.05652E-01
  1.7729166667E+01  1.7733333333E+01  3.29427E-02  3.36653E-01
  1.7733333333E+01  1.7737500000E+01  3.31333E-02  3.31014E-01
  1.7737500000E+01  1.7741666667E+01  3.33121E-02  2.91472E-01
  1.7741666667E+01  1.7745833333E+01  3.36787E-02  3.06618E-01
  1.7745833333E+01  1.7750000000E+01  3.38902E-02  3.23946E-01
  1.7750000000E+01  1.7754166667E+01  3.42041E-02  3.42193E-01
  1.7754166667E+01  1.7758333333E+01  3.44534E-02  3.15405E-01
  1.7758333333E+01  1.7762500000E+01  3.48014E-02  3.29007E-01
  1.7762500000E+01  1.7766666667E+01  3.51060E-02  3.51758E-01
  1.7766666667E+01  1.7770833333E+01  3.54417E-02  3.71335E-01
  1.7770833333E+01  1.7775000000E+01  3.58976E-02  3.32853E-01
  1.7775000000E+01  1.7779166667E+01  3.61987E-02  3.21967E-01
  1.7779166667E+01  1.7783333333E+01  3.67434E-02  3.72785E-01
  1.7783333333E+01  1.7787500000E+01  3.70631E-02  3.34369E-01
  1.7787500000E+01  1.7791666667E+01  3.73531E-02  3.29519E-01
  1.7791666667E+01  1.7795833333E+01  3.78274E-02  3.04518E-01
  1.7795833333E+01  1.7800000000E+01  3.83392E-02  3.18733E-01
  1.7800000000E+01  1.7804166667E+01  3.88158E-02  3.86404E-01
  1.7804166667E+01  1.7808333333E+01  3.93253E-02  3.59394E-01
  1.7808333333E+01  1.7812500000E+01  3.98024E-02  3.57171E-01
  1.7812500000E+01  1.7816666667E+01  4.04192E-02  3.96885E-01
  1.7816666667E+01  1.7820833333E+01  4.09167E-02  3.59390E-01
  1.7820833333E+01  1.7825000000E+01  4.15098E-02  3.87275E-01
  1.7825000000E+01  1.7829166667E+01  4.21701E-02  3.55537E-01
  1.7829166667E+01  1.7833333333E+01  4.29176E-02  4.05794E-01
  1.7833333333E+01  1.7837500000E+01  4.34893E-02  3.54466E-01
  1.7837500000E+01  1.7841666667E+01  4.42228E-02  3.52921E-01
  1.7841666667E+01  1.7845833333E+01  4.49084E-02  3.71459E-01
  1.7845833333E+01  1.7850000000E+01  4.57114E-02  3.69507E-01
  1.7850000000E+01  1.7854166667E+01  4.64432E-02  3.67331E-01
  1.7854166667E+01  1.7858333333E+01  4.73222E-02  3.49982E-01
  1.7858333333E+01  1.7862500000E+01  4.81440E-02  3.96282E-01
  1.7862500000E+01  1.7866666667E+01  4.89631E-02  3.97617E-01
  1.7866666667E+01  1.7870833333E+01  4.98155E-02  4.13716E-01
  1.7870833333E+01  1.7875000000E+01  5.08571E-02  4.16006E-01
  1.7875000000E+01  1.7879166667E+01  5.16463E-02  3.75724E-01
  1.7879166667E+01  1.7883333333E+01  5.25969E-02  4.19719E-01
  1.7883333333E+01  1.7887500000E+01  5.35671E-02  4.11773E-01
  1.7887500000E+01  1.7891666667E+01  5.43221E-02  4.33231E-01
  1.7891666667E+01  1.7895833333E+01  5.51720E-02  3.96380E-01
  1.7895833333E+01  1.7900000000E+01  5.57628E-02  4.01659E-01
  1.7900000000E+01  1.7904166667E+01  5.63281E-02  4.13134E-01
  1.7904166667E+01  1.7908333333E+01  5.70225E-02  4.00176E-01
  1.7908333333E+01  1.7912500000E+01  5.74285E-02  3.81254E-01
  1.7912500000E+01  1.7916666667E+01  5.76338E-02  3.68753E-01
  1.7916666667E+01  1.7920833333E+01  5.78866E-02  4.18238E-01
  1.7920833333E+01  1.7925000000E+01  5.79977E-02  3.91984E-01
  1.7925000000E+01  1.7929166667E+01  5.78647E-02  4.26110E-01
  1.7929166667E+01  1.7933333333E+01  5.75333E-02  4.23380E-01
  1.7933333333E+01  1.7937500000E+01  5.71979E-02  4.01258E-01
  1.7937500000E+01  1.7941666667E+01  5.67188E-02  4.54508E-01
  1.7941666667E+01  1.7945833333E+01  5.58935E-02  4.70354E-01
  1.7945833333E+01  1.7950000000E+01  5.47909E-02  5.05344E-01
  1.7950000000E+01  1.7954166667E+01  5.35786E-02  4.61903E-01
  1.7954166667E+01  1.7958333333E+01  5.20427E-02  4.74313E-01
  1.7958333333E+01  1.7962500000E+01  5.06149E-02  5.40192E-01
  1.7962500000E+01  1.7966666667E+01  4.86620E-02  5.68247E-01
  1.7966666667E+01  1.7970833333E+01  4.70017E-02  5.37411E-01
  1.7970833333E+01  1.7975000000E+01  4.50112E-02  5.70729E-01
  1.7975000000E+01  1.7979166667E+01  4.29972E-02  5.92604E-01
  1.7979166667E+01  1.7983333333E+01  4.07928E-02  5.32610E-01
  1.7983333333E+01  1.7987500000E+01  3.87005E-02  5.70666E-01
  1.7987500000E+01  1.7991666667E+01  3.61746E-02  5.93650E-01
  1.7991666667E+01  1.7995833333E+01  3.38576E-02  6.83921E-01
  1.7995833333E+01  1.8000000000E+01  3.14925E-02  7.06423E-01
  1.8000000000E+01  1.8004166667E+01  2.89701E-02  7.51736E-01
  1.8004166667E+01  1.8008333333E+01  2.66855E-02  7.44118E-01
  1.8008333333E+01  1.8012500000E+01  2.45022E-02  8.11155E-01
  1.8012500000E+01  1.8016666667E+01  2.21788E-02  7.90495E-01
  1.8016666667E+01  1.8020833333E+01  1.99508E-02  8.64222E-01
  1.8020833333E+01  1.8025000000E+01  1.79435E-02  9.76962E-01
  1.8025000000E+01  1.8029166667E+01  1.59167E-02  1.13834E+00
  1.8029166667E+01  1.8033333333E+01  1.41243E-02  1.10622E+00
  1.8033333333E+01  1.8037500000E+01  1.23048E-02  1.11803E+00
  1.8037500000E+01  1.8041666667E+01  1.08507E-02  1.27332E+00
  1.8041666667E+01  1.8045833333E+01  9.43398E-03  1.49912E+00
  1.8045833333E+01  1.8050000000E+01  8.07725E-03  1.59587E+00
  1.8050000000E+01  1.8054166667E+01  6.96668E-03  1.76475E+00
  1.8054166667E+01  1.8058333333E+01  5.92520E-03  1.86191E+00
  1.8058333333E+01  1.8062500000E+01  5.00272E-03  2.06052E+00
  1.8062500000E+01  1.8066666667E+01  4.13853E-03  2.18708E+00
  1.8066666667E+01  1.8070833333E+01  3.60412E-03  2.19877E+00
  1.8070833333E+01  1.8075000000E+01  2.97293E-03  2.17724E+00
  1.8075000000E+01  1.8079166667E+01  2.45362E-03  2.40407E+00
  1.8079166667E+01  1.8083333333E+01  2.05098E-03  3.00885E+00
  1.8083333333E+01  1.8087500000E+01  1.73355E-03  3.36328E+00
  1.8087500000E+01  1.8091666667E+01  1.41328E-03  3.77597E+00
  1.8091666667E+01  1.8095833333E+01  1.04662E-03  4.19846E+00
  1.8095833333E+01  1.8100000000E+01  8.65221E-04  5.43607E+00
  1.8100000000E+01  1.8104166667E+01  6.93447E-04  5.58861E+00
  1.8104166667E+01  1.8108333333E+01  4.96994E-04  6.21670E+00
  1.8108333333E+01  1.8112500000E+01  4.05512E-04  7.26140E+00
  1.8112500000E+01  1.8116666667E+01  3.05641E-04  9.13845E+00
  1.8116666667E+01  1.8120833333E+01  1.99335E-04  1.09517E+01
  1.8120833333E+01  1.8125000000E+01  1.64734E-04  1.17038E+01
  1.8125000000E+01  1.8129166667E+01  1.22265E-04  1.33906E+01
  1.8129166667E+01  1.8133333333E+01  7.87161E-05  1.62863E+01
  1.8133333333E+01  1.8137500000E+01  5.37424E-05  1.85781E+01
  1.8137500000E+01  1.8141666667E+01  3.91065E-05  2.23793E+01
  1.8141666667E+01  1.8145833333E+01  3.23726E-05  2.25040E+01
  1.8145833333E+01  1.8150000000E+01  3.18688E-05  2.42940E+01
  1.8150000000E+01  1.8154166667E+01  1.94207E-05  3.09059E+01
  1.8154166667E+01  1.8158333333E+01  1.55092E-05  4.50565E+01
  1.8158333333E+01  1.8162500000E+01  1.03478E-05  4.43498E+01
  1.8162500000E+01  1.8166666667E+01  7.00352E-06  4.90748E+01
  1.8166666667E+01  1.8170833333E+01  5.28943E-06  5.80181E+01
  1.8170833333E+01  1.8175000000E+01  4.40648E-06  7.36129E+01
  1.8175000000E+01  1.8179166667E+01  1.76653E-06  1.00000E+02
  1.8179166667E+01  1.8183333333E+01  3.50566E-06  1.00000E+02
  1.8183333333E+01  1.8187500000E+01  2.03592E-08  1.00000E+02
  1.8187500000E+01  1.8191666667E+01  1.47197E-06  1.00000E+02
  1.8191666667E+01  1.8195833333E+01  0.00000E+00  0.00000E+00
  1.8195833333E+01  1.8200000000E+01  8.22911E-07  1.00000E+02
  1.8200000000E+01  1.8204166667E+01  1.18215E-06  1.00000E+02
  1.8204166667E+01  1.8208333333E+01  1.28332E-06  9.99947E+01
  1.8208333333E+01  1.8212500000E+01  1.35995E-06  1.00000E+02
  1.8212500000E+01  1.8216666667E+01  1.45152E-06  1.00000E+02
  1.8216666667E+01  1.8220833333E+01  1.60547E-06  1.00000E+02
  1.8220833333E+01  1.8225000000E+01  1.69488E-06  1.00000E+02
  1.8225000000E+01  1.8229166667E+01  2.09250E-06  1.00000E+02
  1.8229166667E+01  1.8233333333E+01  2.79562E-06  1.00000E+02
  1.8233333333E+01  1.8237500000E+01  4.38703E-06  1.00000E+02
  1.8237500000E+01  1.8241666667E+01  0.00000E+00  0.00000E+00
  1.8241666667E+01  1.8245833333E+01  0.00000E+00  0.00000E+00
  1.8245833333E+01  1.8250000000E+01  0.00000E+00  0.00000E+00
  1.8250000000E+01  1.8254166667E+01  0.00000E+00  0.00000E+00
  1.8254166667E+01  1.8258333333E+01  0.00000E+00  0.00000E+00
  1.8258333333E+01  1.8262500000E+01  0.00000E+00  0.00000E+00
  1.8262500000E+01  1.8266666667E+01  0.00000E+00  0.00000E+00
  1.8266666667E+01  1.8270833333E+01  0.00000E+00  0.00000E+00
  1.8270833333E+01  1.8275000000E+01  0.00000E+00  0.00000E+00
  1.8275000000E+01  1.8279166667E+01  0.00000E+00  0.00000E+00
  1.8279166667E+01  1.8283333333E+01  0.00000E+00  0.00000E+00
  1.8283333333E+01  1.8287500000E+01  0.00000E+00  0.00000E+00
  1.8287500000E+01  1.8291666667E+01  1.53647E-06  1.00000E+02
  1.8291666667E+01  1.8295833333E+01  2.30141E-06  1.00000E+02
  1.8295833333E+01  1.8300000000E+01  3.17106E-06  1.00000E+02
  1.8300000000E+01  1.8304166667E+01  3.72383E-06  1.00000E+02
  1.8304166667E+01  1.8308333333E+01  1.04489E-13  1.00000E+02
  1.8308333333E+01  1.8312500000E+01  0.00000E+00  0.00000E+00
  1.8312500000E+01  1.8316666667E+01  1.69495E-06  1.00000E+02
  1.8316666667E+01  1.8320833333E+01  3.59578E-06  1.00000E+02
  1.8320833333E+01  1.8325000000E+01  0.00000E+00  0.00000E+00
  1.8325000000E+01  1.8329166667E+01  0.00000E+00  0.00000E+00
  1.8329166667E+01  1.8333333333E+01  0.00000E+00  0.00000E+00
  1.8333333333E+01  1.8337500000E+01  8.05797E-11  1.00000E+02
  1.8337500000E+01  1.8341666667E+01  0.00000E+00  0.00000E+00
  1.8341666667E+01  1.8345833333E+01  0.00000E+00  0.00000E+00
  1.8345833333E+01  1.8350000000E+01  0.00000E+00  0.00000E+00
  1.8350000000E+01  1.8354166667E+01  0.00000E+00  0.00000E+00
  1.8354166667E+01  1.8358333333E+01  0.00000E+00  0.00000E+00
  1.8358333333E+01  1.8362500000E+01  0.00000E+00  0.00000E+00
  1.8362500000E+01  1.8366666667E+01  0.00000E+00  0.00000E+00
  1.8366666667E+01  1.8370833333E+01  0.00000E+00  0.00000E+00
  1.8370833333E+01  1.8375000000E+01  0.00000E+00  0.00000E+00
  1.8375000000E+01  1.8379166667E+01  0.00000E+00  0.00000E+00
  1.8379166667E+01  1.8383333333E+01  0.00000E+00  0.00000E+00
  1.8383333333E+01  1.8387500000E+01  3.45036E-14  1.00000E+02
  1.8387500000E+01  1.8391666667E+01  0.00000E+00  0.00000E+00
  1.8391666667E+01  1.8395833333E+01  0.00000E+00  0.00000E+00
  1.8395833333E+01  1.8400000000E+01  0.00000E+00  0.00000E+00
  1.8400000000E+01  1.8404166667E+01  0.00000E+00  0.00000E+00
  1.8404166667E+01  1.8408333333E+01  0.00000E+00  0.00000E+00
  1.8408333333E+01  1.8412500000E+01  0.00000E+00  0.00000E+00
  1.8412500000E+01  1.8416666667E+01  0.00000E+00  0.00000E+00
  1.8416666667E+01  1.8420833333E+01  0.00000E+00  0.00000E+00
  1.8420833333E+01  1.8425000000E+01  0.00000E+00  0.00000E+00
  1.8425000000E+01  1.8429166667E+01  0.00000E+00  0.00000E+00
  1.8429166667E+01  1.8433333333E+01  0.00000E+00  0.00000E+00
  1.8433333333E+01  1.8437500000E+01  0.00000E+00  0.00000E+00
  1.8437500000E+01  1.8441666667E+01  0.00000E+00  0.00000E+00
  1.8441666667E+01  1.8445833333E+01  0.00000E+00  0.00000E+00
  1.8445833333E+01  1.8450000000E+01  0.00000E+00  0.00000E+00
  1.8450000000E+01  1.8454166667E+01  0.00000E+00  0.00000E+00
  1.8454166667E+01  1.8458333333E+01  0.00000E+00  0.00000E+00
  1.8458333333E+01  1.8462500000E+01  0.00000E+00  0.00000E+00
  1.8462500000E+01  1.8466666667E+01  0.00000E+00  0.00000E+00
  1.8466666667E+01  1.8470833333E+01  0.00000E+00  0.00000E+00
  1.8470833333E+01  1.8475000000E+01  0.00000E+00  0.00000E+00
  1.8475000000E+01  1.8479166667E+01  0.00000E+00  0.00000E+00
  1.8479166667E+01  1.8483333333E+01  0.00000E+00  0.00000E+00
  1.8483333333E+01  1.8487500000E+01  0.00000E+00  0.00000E+00
  1.8487500000E+01  1.8491666667E+01  0.00000E+00  0.00000E+00
  1.8491666667E+01  1.8495833333E+01  0.00000E+00  0.00000E+00
  1.8495833333E+01  1.8500000000E+01  0.00000E+00  0.00000E+00
  1.8500000000E+01  1.8504166667E+01  0.00000E+00  0.00000E+00
  1.8504166667E+01  1.8508333333E+01  0.00000E+00  0.00000E+00
  1.8508333333E+01  1.8512500000E+01  0.00000E+00  0.00000E+00
  1.8512500000E+01  1.8516666667E+01  0.00000E+00  0.00000E+00
  1.8516666667E+01  1.8520833333E+01  0.00000E+00  0.00000E+00
  1.8520833333E+01  1.8525000000E+01  0.00000E+00  0.00000E+00
  1.8525000000E+01  1.8529166667E+01  0.00000E+00  0.00000E+00
  1.8529166667E+01  1.8533333333E+01  0.00000E+00  0.00000E+00
  1.8533333333E+01  1.8537500000E+01  0.00000E+00  0.00000E+00
  1.8537500000E+01  1.8541666667E+01  0.00000E+00  0.00000E+00
  1.8541666667E+01  1.8545833333E+01  0.00000E+00  0.00000E+00
  1.8545833333E+01  1.8550000000E+01  0.00000E+00  0.00000E+00
  1.8550000000E+01  1.8554166667E+01  0.00000E+00  0.00000E+00
  1.8554166667E+01  1.8558333333E+01  0.00000E+00  0.00000E+00
  1.8558333333E+01  1.8562500000E+01  0.00000E+00  0.00000E+00
  1.8562500000E+01  1.8566666667E+01  0.00000E+00  0.00000E+00
  1.8566666667E+01  1.8570833333E+01  0.00000E+00  0.00000E+00
  1.8570833333E+01  1.8575000000E+01  0.00000E+00  0.00000E+00
  1.8575000000E+01  1.8579166667E+01  0.00000E+00  0.00000E+00
  1.8579166667E+01  1.8583333333E+01  0.00000E+00  0.00000E+00
  1.8583333333E+01  1.8587500000E+01  0.00000E+00  0.00000E+00
  1.8587500000E+01  1.8591666667E+01  0.00000E+00  0.00000E+00
  1.8591666667E+01  1.8595833333E+01  0.00000E+00  0.00000E+00
  1.8595833333E+01  1.8600000000E+01  0.00000E+00  0.00000E+00
  1.8600000000E+01  1.8604166667E+01  0.00000E+00  0.00000E+00
  1.8604166667E+01  1.8608333333E+01  0.00000E+00  0.00000E+00
  1.8608333333E+01  1.8612500000E+01  0.00000E+00  0.00000E+00
  1.8612500000E+01  1.8616666667E+01  0.00000E+00  0.00000E+00
  1.8616666667E+01  1.8620833333E+01  0.00000E+00  0.00000E+00
  1.8620833333E+01  1.8625000000E+01  0.00000E+00  0.00000E+00
  1.8625000000E+01  1.8629166667E+01  0.00000E+00  0.00000E+00
  1.8629166667E+01  1.8633333333E+01  0.00000E+00  0.00000E+00
  1.8633333333E+01  1.8637500000E+01  0.00000E+00  0.00000E+00
  1.8637500000E+01  1.8641666667E+01  0.00000E+00  0.00000E+00
  1.8641666667E+01  1.8645833333E+01  0.00000E+00  0.00000E+00
  1.8645833333E+01  1.8650000000E+01  0.00000E+00  0.00000E+00
  1.8650000000E+01  1.8654166667E+01  0.00000E+00  0.00000E+00
  1.8654166667E+01  1.8658333333E+01  0.00000E+00  0.00000E+00
  1.8658333333E+01  1.8662500000E+01  0.00000E+00  0.00000E+00
  1.8662500000E+01  1.8666666667E+01  0.00000E+00  0.00000E+00
  1.8666666667E+01  1.8670833333E+01  0.00000E+00  0.00000E+00
  1.8670833333E+01  1.8675000000E+01  1.18380E-10  1.00000E+02
  1.8675000000E+01  1.8679166667E+01  0.00000E+00  0.00000E+00
  1.8679166667E+01  1.8683333333E+01  0.00000E+00  0.00000E+00
  1.8683333333E+01  1.8687500000E+01  0.00000E+00  0.00000E+00
  1.8687500000E+01  1.8691666667E+01  0.00000E+00  0.00000E+00
  1.8691666667E+01  1.8695833333E+01  0.00000E+00  0.00000E+00
  1.8695833333E+01  1.8700000000E+01  0.00000E+00  0.00000E+00
  1.8700000000E+01  1.8704166667E+01  0.00000E+00  0.00000E+00
  1.8704166667E+01  1.8708333333E+01  0.00000E+00  0.00000E+00
  1.8708333333E+01  1.8712500000E+01  0.00000E+00  0.00000E+00
  1.8712500000E+01  1.8716666667E+01  0.00000E+00  0.00000E+00
  1.8716666667E+01  1.8720833333E+01  0.00000E+00  0.00000E+00
  1.8720833333E+01  1.8725000000E+01  0.00000E+00  0.00000E+00
  1.8725000000E+01  1.8729166667E+01  0.00000E+00  0.00000E+00
  1.8729166667E+01  1.8733333333E+01  0.00000E+00  0.00000E+00
  1.8733333333E+01  1.8737500000E+01  0.00000E+00  0.00000E+00
  1.8737500000E+01  1.8741666667E+01  0.00000E+00  0.00000E+00
  1.8741666667E+01  1.8745833333E+01  0.00000E+00  0.00000E+00
  1.8745833333E+01  1.8750000000E+01  2.49761E-14  1.00000E+02
  1.8750000000E+01  1.8754166667E+01  0.00000E+00  0.00000E+00
  1.8754166667E+01  1.8758333333E+01  0.00000E+00  0.00000E+00
  1.8758333333E+01  1.8762500000E+01  0.00000E+00  0.00000E+00
  1.8762500000E+01  1.8766666667E+01  7.13300E-14  1.00000E+02
  1.8766666667E+01  1.8770833333E+01  0.00000E+00  0.00000E+00
  1.8770833333E+01  1.8775000000E+01  0.00000E+00  0.00000E+00
  1.8775000000E+01  1.8779166667E+01  0.00000E+00  0.00000E+00
  1.8779166667E+01  1.8783333333E+01  0.00000E+00  0.00000E+00
  1.8783333333E+01  1.8787500000E+01  0.00000E+00  0.00000E+00
  1.8787500000E+01  1.8791666667E+01  0.00000E+00  0.00000E+00
  1.8791666667E+01  1.8795833333E+01  0.00000E+00  0.00000E+00
  1.8795833333E+01  1.8800000000E+01  0.00000E+00  0.00000E+00
  1.8800000000E+01  1.8804166667E+01  0.00000E+00  0.00000E+00
  1.8804166667E+01  1.8808333333E+01  0.00000E+00  0.00000E+00
  1.8808333333E+01  1.8812500000E+01  0.00000E+00  0.00000E+00
  1.8812500000E+01  1.8816666667E+01  0.00000E+00  0.00000E+00
  1.8816666667E+01  1.8820833333E+01  0.00000E+00  0.00000E+00
  1.8820833333E+01  1.8825000000E+01  0.00000E+00  0.00000E+00
  1.8825000000E+01  1.8829166667E+01  0.00000E+00  0.00000E+00
  1.8829166667E+01  1.8833333333E+01  0.00000E+00  0.00000E+00
  1.8833333333E+01  1.8837500000E+01  0.00000E+00  0.00000E+00
  1.8837500000E+01  1.8841666667E+01  0.00000E+00  0.00000E+00
  1.8841666667E+01  1.8845833333E+01  0.00000E+00  0.00000E+00
  1.8845833333E+01  1.8850000000E+01  0.00000E+00  0.00000E+00
  1.8850000000E+01  1.8854166667E+01  0.00000E+00  0.00000E+00
  1.8854166667E+01  1.8858333333E+01  0.00000E+00  0.00000E+00
  1.8858333333E+01  1.8862500000E+01  0.00000E+00  0.00000E+00
  1.8862500000E+01  1.8866666667E+01  0.00000E+00  0.00000E+00
  1.8866666667E+01  1.8870833333E+01  0.00000E+00  0.00000E+00
  1.8870833333E+01  1.8875000000E+01  0.00000E+00  0.00000E+00
  1.8875000000E+01  1.8879166667E+01  0.00000E+00  0.00000E+00
  1.8879166667E+01  1.8883333333E+01  0.00000E+00  0.00000E+00
  1.8883333333E+01  1.8887500000E+01  0.00000E+00  0.00000E+00
  1.8887500000E+01  1.8891666667E+01  0.00000E+00  0.00000E+00
  1.8891666667E+01  1.8895833333E+01  0.00000E+00  0.00000E+00
  1.8895833333E+01  1.8900000000E+01  0.00000E+00  0.00000E+00
  1.8900000000E+01  1.8904166667E+01  0.00000E+00  0.00000E+00
  1.8904166667E+01  1.8908333333E+01  0.00000E+00  0.00000E+00
  1.8908333333E+01  1.8912500000E+01  0.00000E+00  0.00000E+00
  1.8912500000E+01  1.8916666667E+01  0.00000E+00  0.00000E+00
  1.8916666667E+01  1.8920833333E+01  0.00000E+00  0.00000E+00
  1.8920833333E+01  1.8925000000E+01  0.00000E+00  0.00000E+00
  1.8925000000E+01  1.8929166667E+01  0.00000E+00  0.00000E+00
  1.8929166667E+01  1.8933333333E+01  0.00000E+00  0.00000E+00
  1.8933333333E+01  1.8937500000E+01  0.00000E+00  0.00000E+00
  1.8937500000E+01  1.8941666667E+01  0.00000E+00  0.00000E+00
  1.8941666667E+01  1.8945833333E+01  0.00000E+00  0.00000E+00
  1.8945833333E+01  1.8950000000E+01  0.00000E+00  0.00000E+00
  1.8950000000E+01  1.8954166667E+01  0.00000E+00  0.00000E+00
  1.8954166667E+01  1.8958333333E+01  0.00000E+00  0.00000E+00
  1.8958333333E+01  1.8962500000E+01  0.00000E+00  0.00000E+00
  1.8962500000E+01  1.8966666667E+01  0.00000E+00  0.00000E+00
  1.8966666667E+01  1.8970833333E+01  0.00000E+00  0.00000E+00
  1.8970833333E+01  1.8975000000E+01  0.00000E+00  0.00000E+00
  1.8975000000E+01  1.8979166667E+01  0.00000E+00  0.00000E+00
  1.8979166667E+01  1.8983333333E+01  0.00000E+00  0.00000E+00
  1.8983333333E+01  1.8987500000E+01  0.00000E+00  0.00000E+00
  1.8987500000E+01  1.8991666667E+01  0.00000E+00  0.00000E+00
  1.8991666667E+01  1.8995833333E+01  0.00000E+00  0.00000E+00
  1.8995833333E+01  1.9000000000E+01  2.26922E-14  1.00000E+02
  1.9000000000E+01  1.9004166667E+01  0.00000E+00  0.00000E+00
  1.9004166667E+01  1.9008333333E+01  0.00000E+00  0.00000E+00
  1.9008333333E+01  1.9012500000E+01  0.00000E+00  0.00000E+00
  1.9012500000E+01  1.9016666667E+01  0.00000E+00  0.00000E+00
  1.9016666667E+01  1.9020833333E+01  0.00000E+00  0.00000E+00
  1.9020833333E+01  1.9025000000E+01  0.00000E+00  0.00000E+00
  1.9025000000E+01  1.9029166667E+01  0.00000E+00  0.00000E+00
  1.9029166667E+01  1.9033333333E+01  2.10766E-07  1.00000E+02
  1.9033333333E+01  1.9037500000E+01  0.00000E+00  0.00000E+00
  1.9037500000E+01  1.9041666667E+01  0.00000E+00  0.00000E+00
  1.9041666667E+01  1.9045833333E+01  0.00000E+00  0.00000E+00
  1.9045833333E+01  1.9050000000E+01  0.00000E+00  0.00000E+00
  1.9050000000E+01  1.9054166667E+01  0.00000E+00  0.00000E+00
  1.9054166667E+01  1.9058333333E+01  0.00000E+00  0.00000E+00
  1.9058333333E+01  1.9062500000E+01  0.00000E+00  0.00000E+00
  1.9062500000E+01  1.9066666667E+01  0.00000E+00  0.00000E+00
  1.9066666667E+01  1.9070833333E+01  0.00000E+00  0.00000E+00
  1.9070833333E+01  1.9075000000E+01  0.00000E+00  0.00000E+00
  1.9075000000E+01  1.9079166667E+01  0.00000E+00  0.00000E+00
  1.9079166667E+01  1.9083333333E+01  0.00000E+00  0.00000E+00
  1.9083333333E+01  1.9087500000E+01  0.00000E+00  0.00000E+00
  1.9087500000E+01  1.9091666667E+01  0.00000E+00  0.00000E+00
  1.9091666667E+01  1.9095833333E+01  0.00000E+00  0.00000E+00
  1.9095833333E+01  1.9100000000E+01  0.00000E+00  0.00000E+00
  1.9100000000E+01  1.9104166667E+01  0.00000E+00  0.00000E+00
  1.9104166667E+01  1.9108333333E+01  0.00000E+00  0.00000E+00
  1.9108333333E+01  1.9112500000E+01  0.00000E+00  0.00000E+00
  1.9112500000E+01  1.9116666667E+01  0.00000E+00  0.00000E+00
  1.9116666667E+01  1.9120833333E+01  0.00000E+00  0.00000E+00
  1.9120833333E+01  1.9125000000E+01  0.00000E+00  0.00000E+00
  1.9125000000E+01  1.9129166667E+01  0.00000E+00  0.00000E+00
  1.9129166667E+01  1.9133333333E+01  0.00000E+00  0.00000E+00
  1.9133333333E+01  1.9137500000E+01  0.00000E+00  0.00000E+00
  1.9137500000E+01  1.9141666667E+01  0.00000E+00  0.00000E+00
  1.9141666667E+01  1.9145833333E+01  0.00000E+00  0.00000E+00
  1.9145833333E+01  1.9150000000E+01  0.00000E+00  0.00000E+00
  1.9150000000E+01  1.9154166667E+01  0.00000E+00  0.00000E+00
  1.9154166667E+01  1.9158333333E+01  0.00000E+00  0.00000E+00
  1.9158333333E+01  1.9162500000E+01  0.00000E+00  0.00000E+00
  1.9162500000E+01  1.9166666667E+01  4.67020E-14  1.00000E+02
  1.9166666667E+01  1.9170833333E+01  4.67020E-14  1.00000E+02
  1.9170833333E+01  1.9175000000E+01  0.00000E+00  0.00000E+00
  1.9175000000E+01  1.9179166667E+01  0.00000E+00  0.00000E+00
  1.9179166667E+01  1.9183333333E+01  0.00000E+00  0.00000E+00
  1.9183333333E+01  1.9187500000E+01  0.00000E+00  0.00000E+00
  1.9187500000E+01  1.9191666667E+01  0.00000E+00  0.00000E+00
  1.9191666667E+01  1.9195833333E+01  0.00000E+00  0.00000E+00
  1.9195833333E+01  1.9200000000E+01  0.00000E+00  0.00000E+00
  1.9200000000E+01  1.9204166667E+01  7.13300E-14  1.00000E+02
  1.9204166667E+01  1.9208333333E+01  0.00000E+00  0.00000E+00
  1.9208333333E+01  1.9212500000E+01  0.00000E+00  0.00000E+00
  1.9212500000E+01  1.9216666667E+01  0.00000E+00  0.00000E+00
  1.9216666667E+01  1.9220833333E+01  0.00000E+00  0.00000E+00
  1.9220833333E+01  1.9225000000E+01  5.55690E-10  1.00000E+02
  1.9225000000E+01  1.9229166667E+01  0.00000E+00  0.00000E+00
  1.9229166667E+01  1.9233333333E+01  0.00000E+00  0.00000E+00
  1.9233333333E+01  1.9237500000E+01  0.00000E+00  0.00000E+00
  1.9237500000E+01  1.9241666667E+01  0.00000E+00  0.00000E+00
  1.9241666667E+01  1.9245833333E+01  0.00000E+00  0.00000E+00
  1.9245833333E+01  1.9250000000E+01  2.73655E-14  1.00000E+02
  1.9250000000E+01  1.9254166667E+01  1.28525E-11  1.00000E+02
  1.9254166667E+01  1.9258333333E+01  0.00000E+00  0.00000E+00
  1.9258333333E+01  1.9262500000E+01  0.00000E+00  0.00000E+00
  1.9262500000E+01  1.9266666667E+01  0.00000E+00  0.00000E+00
  1.9266666667E+01  1.9270833333E+01  0.00000E+00  0.00000E+00
  1.9270833333E+01  1.9275000000E+01  0.00000E+00  0.00000E+00
  1.9275000000E+01  1.9279166667E+01  0.00000E+00  0.00000E+00
  1.9279166667E+01  1.9283333333E+01  0.00000E+00  0.00000E+00
  1.9283333333E+01  1.9287500000E+01  0.00000E+00  0.00000E+00
  1.9287500000E+01  1.9291666667E+01  0.00000E+00  0.00000E+00
  1.9291666667E+01  1.9295833333E+01  0.00000E+00  0.00000E+00
  1.9295833333E+01  1.9300000000E+01  0.00000E+00  0.00000E+00
  1.9300000000E+01  1.9304166667E+01  0.00000E+00  0.00000E+00
  1.9304166667E+01  1.9308333333E+01  0.00000E+00  0.00000E+00
  1.9308333333E+01  1.9312500000E+01  0.00000E+00  0.00000E+00
  1.9312500000E+01  1.9316666667E+01  0.00000E+00  0.00000E+00
  1.9316666667E+01  1.9320833333E+01  0.00000E+00  0.00000E+00
  1.9320833333E+01  1.9325000000E+01  0.00000E+00  0.00000E+00
  1.9325000000E+01  1.9329166667E+01  0.00000E+00  0.00000E+00
  1.9329166667E+01  1.9333333333E+01  0.00000E+00  0.00000E+00
  1.9333333333E+01  1.9337500000E+01  1.54910E-14  1.00000E+02
  1.9337500000E+01  1.9341666667E+01  0.00000E+00  0.00000E+00
  1.9341666667E+01  1.9345833333E+01  0.00000E+00  0.00000E+00
  1.9345833333E+01  1.9350000000E+01  0.00000E+00  0.00000E+00
  1.9350000000E+01  1.9354166667E+01  0.00000E+00  0.00000E+00
  1.9354166667E+01  1.9358333333E+01  0.00000E+00  0.00000E+00
  1.9358333333E+01  1.9362500000E+01  0.00000E+00  0.00000E+00
  1.9362500000E+01  1.9366666667E+01  0.00000E+00  0.00000E+00
  1.9366666667E+01  1.9370833333E+01  0.00000E+00  0.00000E+00
  1.9370833333E+01  1.9375000000E+01  0.00000E+00  0.00000E+00
  1.9375000000E+01  1.9379166667E+01  3.45036E-14  1.00000E+02
  1.9379166667E+01  1.9383333333E+01  0.00000E+00  0.00000E+00
  1.9383333333E+01  1.9387500000E+01  0.00000E+00  0.00000E+00
  1.9387500000E+01  1.9391666667E+01  4.54260E-13  1.00000E+02
  1.9391666667E+01  1.9395833333E+01  0.00000E+00  0.00000E+00
  1.9395833333E+01  1.9400000000E+01  0.00000E+00  0.00000E+00
  1.9400000000E+01  1.9404166667E+01  0.00000E+00  0.00000E+00
  1.9404166667E+01  1.9408333333E+01  6.61578E-08  1.00000E+02
  1.9408333333E+01  1.9412500000E+01  3.26307E-06  1.00000E+02
  1.9412500000E+01  1.9416666667E+01  5.25510E-09  1.00000E+02
  1.9416666667E+01  1.9420833333E+01  0.00000E+00  0.00000E+00
  1.9420833333E+01  1.9425000000E+01  0.00000E+00  0.00000E+00
  1.9425000000E+01  1.9429166667E+01  0.00000E+00  0.00000E+00
  1.9429166667E+01  1.9433333333E+01  0.00000E+00  0.00000E+00
  1.9433333333E+01  1.9437500000E+01  0.00000E+00  0.00000E+00
  1.9437500000E+01  1.9441666667E+01  0.00000E+00  0.00000E+00
  1.9441666667E+01  1.9445833333E+01  0.00000E+00  0.00000E+00
  1.9445833333E+01  1.9450000000E+01  0.00000E+00  0.00000E+00
  1.9450000000E+01  1.9454166667E+01  0.00000E+00  0.00000E+00
  1.9454166667E+01  1.9458333333E+01  0.00000E+00  0.00000E+00
  1.9458333333E+01  1.9462500000E+01  0.00000E+00  0.00000E+00
  1.9462500000E+01  1.9466666667E+01  0.00000E+00  0.00000E+00
  1.9466666667E+01  1.9470833333E+01  0.00000E+00  0.00000E+00
  1.9470833333E+01  1.9475000000E+01  0.00000E+00  0.00000E+00
  1.9475000000E+01  1.9479166667E+01  0.00000E+00  0.00000E+00
  1.9479166667E+01  1.9483333333E+01  0.00000E+00  0.00000E+00
  1.9483333333E+01  1.9487500000E+01  0.00000E+00  0.00000E+00
  1.9487500000E+01  1.9491666667E+01  0.00000E+00  0.00000E+00
  1.9491666667E+01  1.9495833333E+01  0.00000E+00  0.00000E+00
  1.9495833333E+01  1.9500000000E+01  0.00000E+00  0.00000E+00
  1.9500000000E+01  1.9504166667E+01  0.00000E+00  0.00000E+00
  1.9504166667E+01  1.9508333333E+01  0.00000E+00  0.00000E+00
  1.9508333333E+01  1.9512500000E+01  0.00000E+00  0.00000E+00
  1.9512500000E+01  1.9516666667E+01  0.00000E+00  0.00000E+00
  1.9516666667E+01  1.9520833333E+01  0.00000E+00  0.00000E+00
  1.9520833333E+01  1.9525000000E+01  0.00000E+00  0.00000E+00
  1.9525000000E+01  1.9529166667E+01  0.00000E+00  0.00000E+00
  1.9529166667E+01  1.9533333333E+01  0.00000E+00  0.00000E+00
  1.9533333333E+01  1.9537500000E+01  0.00000E+00  0.00000E+00
  1.9537500000E+01  1.9541666667E+01  0.00000E+00  0.00000E+00
  1.9541666667E+01  1.9545833333E+01  0.00000E+00  0.00000E+00
  1.9545833333E+01  1.9550000000E+01  0.00000E+00  0.00000E+00
  1.9550000000E+01  1.9554166667E+01  0.00000E+00  0.00000E+00
  1.9554166667E+01  1.9558333333E+01  0.00000E+00  0.00000E+00
  1.9558333333E+01  1.9562500000E+01  0.00000E+00  0.00000E+00
  1.9562500000E+01  1.9566666667E+01  0.00000E+00  0.00000E+00
  1.9566666667E+01  1.9570833333E+01  0.00000E+00  0.00000E+00
  1.9570833333E+01  1.9575000000E+01  0.00000E+00  0.00000E+00
  1.9575000000E+01  1.9579166667E+01  0.00000E+00  0.00000E+00
  1.9579166667E+01  1.9583333333E+01  0.00000E+00  0.00000E+00
  1.9583333333E+01  1.9587500000E+01  0.00000E+00  0.00000E+00
  1.9587500000E+01  1.9591666667E+01  0.00000E+00  0.00000E+00
  1.9591666667E+01  1.9595833333E+01  0.00000E+00  0.00000E+00
  1.9595833333E+01  1.9600000000E+01  0.00000E+00  0.00000E+00
  1.9600000000E+01  1.9604166667E+01  0.00000E+00  0.00000E+00
  1.9604166667E+01  1.9608333333E+01  0.00000E+00  0.00000E+00
  1.9608333333E+01  1.9612500000E+01  0.00000E+00  0.00000E+00
  1.9612500000E+01  1.9616666667E+01  0.00000E+00  0.00000E+00
  1.9616666667E+01  1.9620833333E+01  0.00000E+00  0.00000E+00
  1.9620833333E+01  1.9625000000E+01  0.00000E+00  0.00000E+00
  1.9625000000E+01  1.9629166667E+01  0.00000E+00  0.00000E+00
  1.9629166667E+01  1.9633333333E+01  0.00000E+00  0.00000E+00
  1.9633333333E+01  1.9637500000E+01  0.00000E+00  0.00000E+00
  1.9637500000E+01  1.9641666667E+01  0.00000E+00  0.00000E+00
  1.9641666667E+01  1.9645833333E+01  0.00000E+00  0.00000E+00
  1.9645833333E+01  1.9650000000E+01  0.00000E+00  0.00000E+00
  1.9650000000E+01  1.9654166667E+01  0.00000E+00  0.00000E+00
  1.9654166667E+01  1.9658333333E+01  0.00000E+00  0.00000E+00
  1.9658333333E+01  1.9662500000E+01  0.00000E+00  0.00000E+00
  1.9662500000E+01  1.9666666667E+01  0.00000E+00  0.00000E+00
  1.9666666667E+01  1.9670833333E+01  0.00000E+00  0.00000E+00
  1.9670833333E+01  1.9675000000E+01  0.00000E+00  0.00000E+00
  1.9675000000E+01  1.9679166667E+01  0.00000E+00  0.00000E+00
  1.9679166667E+01  1.9683333333E+01  0.00000E+00  0.00000E+00
  1.9683333333E+01  1.9687500000E+01  0.00000E+00  0.00000E+00
  1.9687500000E+01  1.9691666667E+01  0.00000E+00  0.00000E+00
  1.9691666667E+01  1.9695833333E+01  0.00000E+00  0.00000E+00
  1.9695833333E+01  1.9700000000E+01  0.00000E+00  0.00000E+00
  1.9700000000E+01  1.9704166667E+01  2.64369E-08  1.00000E+02
  1.9704166667E+01  1.9708333333E+01  0.00000E+00  0.00000E+00
  1.9708333333E+01  1.9712500000E+01  0.00000E+00  0.00000E+00
  1.9712500000E+01  1.9716666667E+01  0.00000E+00  0.00000E+00
  1.9716666667E+01  1.9720833333E+01  0.00000E+00  0.00000E+00
  1.9720833333E+01  1.9725000000E+01  0.00000E+00  0.00000E+00
  1.9725000000E+01  1.9729166667E+01  0.00000E+00  0.00000E+00
  1.9729166667E+01  1.9733333333E+01  0.00000E+00  0.00000E+00
  1.9733333333E+01  1.9737500000E+01  0.00000E+00  0.00000E+00
  1.9737500000E+01  1.9741666667E+01  0.00000E+00  0.00000E+00
  1.9741666667E+01  1.9745833333E+01  0.00000E+00  0.00000E+00
  1.9745833333E+01  1.9750000000E+01  0.00000E+00  0.00000E+00
  1.9750000000E+01  1.9754166667E+01  0.00000E+00  0.00000E+00
  1.9754166667E+01  1.9758333333E+01  0.00000E+00  0.00000E+00
  1.9758333333E+01  1.9762500000E+01  0.00000E+00  0.00000E+00
  1.9762500000E+01  1.9766666667E+01  0.00000E+00  0.00000E+00
  1.9766666667E+01  1.9770833333E+01  0.00000E+00  0.00000E+00
  1.9770833333E+01  1.9775000000E+01  0.00000E+00  0.00000E+00
  1.9775000000E+01  1.9779166667E+01  0.00000E+00  0.00000E+00
  1.9779166667E+01  1.9783333333E+01  0.00000E+00  0.00000E+00
  1.9783333333E+01  1.9787500000E+01  0.00000E+00  0.00000E+00
  1.9787500000E+01  1.9791666667E+01  0.00000E+00  0.00000E+00
  1.9791666667E+01  1.9795833333E+01  0.00000E+00  0.00000E+00
  1.9795833333E+01  1.9800000000E+01  0.00000E+00  0.00000E+00
  1.9800000000E+01  1.9804166667E+01  0.00000E+00  0.00000E+00
  1.9804166667E+01  1.9808333333E+01  0.00000E+00  0.00000E+00
  1.9808333333E+01  1.9812500000E+01  0.00000E+00  0.00000E+00
  1.9812500000E+01  1.9816666667E+01  0.00000E+00  0.00000E+00
  1.9816666667E+01  1.9820833333E+01  0.00000E+00  0.00000E+00
  1.9820833333E+01  1.9825000000E+01  0.00000E+00  0.00000E+00
  1.9825000000E+01  1.9829166667E+01  0.00000E+00  0.00000E+00
  1.9829166667E+01  1.9833333333E+01  0.00000E+00  0.00000E+00
  1.9833333333E+01  1.9837500000E+01  0.00000E+00  0.00000E+00
  1.9837500000E+01  1.9841666667E+01  0.00000E+00  0.00000E+00
  1.9841666667E+01  1.9845833333E+01  0.00000E+00  0.00000E+00
  1.9845833333E+01  1.9850000000E+01  0.00000E+00  0.00000E+00
  1.9850000000E+01  1.9854166667E+01  0.00000E+00  0.00000E+00
  1.9854166667E+01  1.9858333333E+01  0.00000E+00  0.00000E+00
  1.9858333333E+01  1.9862500000E+01  0.00000E+00  0.00000E+00
  1.9862500000E+01  1.9866666667E+01  0.00000E+00  0.00000E+00
  1.9866666667E+01  1.9870833333E+01  0.00000E+00  0.00000E+00
  1.9870833333E+01  1.9875000000E+01  0.00000E+00  0.00000E+00
  1.9875000000E+01  1.9879166667E+01  0.00000E+00  0.00000E+00
  1.9879166667E+01  1.9883333333E+01  0.00000E+00  0.00000E+00
  1.9883333333E+01  1.9887500000E+01  0.00000E+00  0.00000E+00
  1.9887500000E+01  1.9891666667E+01  0.00000E+00  0.00000E+00
  1.9891666667E+01  1.9895833333E+01  0.00000E+00  0.00000E+00
  1.9895833333E+01  1.9900000000E+01  0.00000E+00  0.00000E+00
  1.9900000000E+01  1.9904166667E+01  0.00000E+00  0.00000E+00
  1.9904166667E+01  1.9908333333E+01  0.00000E+00  0.00000E+00
  1.9908333333E+01  1.9912500000E+01  0.00000E+00  0.00000E+00
  1.9912500000E+01  1.9916666667E+01  0.00000E+00  0.00000E+00
  1.9916666667E+01  1.9920833333E+01  0.00000E+00  0.00000E+00
  1.9920833333E+01  1.9925000000E+01  0.00000E+00  0.00000E+00
  1.9925000000E+01  1.9929166667E+01  0.00000E+00  0.00000E+00
  1.9929166667E+01  1.9933333333E+01  0.00000E+00  0.00000E+00
  1.9933333333E+01  1.9937500000E+01  0.00000E+00  0.00000E+00
  1.9937500000E+01  1.9941666667E+01  0.00000E+00  0.00000E+00
  1.9941666667E+01  1.9945833333E+01  0.00000E+00  0.00000E+00
  1.9945833333E+01  1.9950000000E+01  0.00000E+00  0.00000E+00
  1.9950000000E+01  1.9954166667E+01  0.00000E+00  0.00000E+00
  1.9954166667E+01  1.9958333333E+01  0.00000E+00  0.00000E+00
  1.9958333333E+01  1.9962500000E+01  0.00000E+00  0.00000E+00
  1.9962500000E+01  1.9966666667E+01  0.00000E+00  0.00000E+00
  1.9966666667E+01  1.9970833333E+01  0.00000E+00  0.00000E+00
  1.9970833333E+01  1.9975000000E+01  0.00000E+00  0.00000E+00
  1.9975000000E+01  1.9979166667E+01  0.00000E+00  0.00000E+00
  1.9979166667E+01  1.9983333333E+01  0.00000E+00  0.00000E+00
  1.9983333333E+01  1.9987500000E+01  0.00000E+00  0.00000E+00
  1.9987500000E+01  1.9991666667E+01  0.00000E+00  0.00000E+00
  1.9991666667E+01  1.9995833333E+01  0.00000E+00  0.00000E+00
  1.9995833333E+01  2.0000000000E+01  5.69186E-08  1.00000E+02
  2.0000000000E+01  2.0000000000E+01  5.69186E-08  1.00000E+02