# Detector n: 1D Projection
  1.5000000000E+01  1.5004166667E+01  1.97491E-02  5.62643E-01
  1.5004166667E+01  1.5008333333E+01  1.95330E-02  3.40365E-01
  1.5008333333E+01  1.5012500000E+01  1.95703E-02  3.58357E-01
  1.5012500000E+01  1.5016666667E+01  1.96163E-02  3.74754E-01
  1.5016666667E+01  1.5020833333E+01  1.96435E-02  4.19511E-01
  1.5020833333E+01  1.5025000000E+01  1.96964E-02  4.63762E-01
  1.5025000000E+01  1.5029166667E+01  1.96820E-02  4.98674E-01
  1.5029166667E+01  1.5033333333E+01  1.98196E-02  6.41909E-01
  1.5033333333E+01  1.5037500000E+01  1.97070E-02  4.37552E-01
  1.5037500000E+01  1.5041666667E+01  1.97535E-02  5.43748E-01
  1.5041666667E+01  1.5045833333E+01  1.97797E-02  5.04917E-01
  1.5045833333E+01  1.5050000000E+01  1.97150E-02  4.92250E-01
  1.5050000000E+01  1.5054166667E+01  1.98331E-02  5.63263E-01
  1.5054166667E+01  1.5058333333E+01  1.97637E-02  6.15396E-01
  1.5058333333E+01  1.5062500000E+01  1.96240E-02  4.13389E-01
  1.5062500000E+01  1.5066666667E+01  1.96467E-02  4.19615E-01
  1.5066666667E+01  1.5070833333E+01  1.97369E-02  4.98179E-01
  1.5070833333E+01  1.5075000000E+01  1.98692E-02  4.02218E-01
  1.5075000000E+01  1.5079166667E+01  1.99425E-02  4.13929E-01
  1.5079166667E+01  1.5083333333E+01  2.00500E-02  5.51245E-01
  1.5083333333E+01  1.5087500000E+01  1.99352E-02  4.22345E-01
  1.5087500000E+01  1.5091666667E+01  1.99163E-02  5.08312E-01
  1.5091666667E+01  1.5095833333E+01  1.99171E-02  4.82933E-01
  1.5095833333E+01  1.5100000000E+01  1.99523E-02  4.58067E-01
  1.5100000000E+01  1.5104166667E+01  1.99044E-02  4.49704E-01
  1.5104166667E+01  1.5108333333E+01  1.99662E-02  4.41681E-01
  1.5108333333E+01  1.5112500000E+01  1.97537E-02  3.63241E-01
  1.5112500000E+01  1.5116666667E+01  1.98482E-02  3.96427E-01
  1.5116666667E+01  1.5120833333E+01  2.00077E-02  5.39345E-01
  1.5120833333E+01  1.5125000000E+01  1.99991E-02  5.78534E-01
  1.5125000000E+01  1.5129166667E+01  1.99197E-02  5.57373E-01
  1.5129166667E+01  1.5133333333E+01  2.00713E-02  6.03899E-01
  1.5133333333E+01  1.5137500000E+01  2.00729E-02  5.11261E-01
  1.5137500000E+01  1.5141666667E+01  2.00100E-02  5.26324E-01
  1.5141666667E+01  1.5145833333E+01  1.98958E-02  4.41340E-01
  1.5145833333E+01  1.5150000000E+01  1.98810E-02  4.60623E-01
  1.5150000000E+01  1.5154166667E+01  1.99557E-02  5.36261E-01
  1.5154166667E+01  1.5158333333E+01  1.99819E-02  5.47383E-01
  1.5158333333E+01  1.5162500000E+01  1.98967E-02  4.17692E-01
  1.5162500000E+01  1.5166666667E+01  1.99147E-02  4.43470E-01
  1.5166666667E+01  1.5170833333E+01  1.98222E-02  4.66568E-01
  1.5170833333E+01  1.5175000000E+01  1.98462E-02  4.23669E-01
  1.5175000000E+01  1.5179166667E+01  1.99007E-02  4.68473E-01
  1.5179166667E+01  1.5183333333E+01  1.98646E-02  4.07532E-01
  1.5183333333E+01  1.5187500000E+01  1.98480E-02  3.66925E-01
  1.5187500000E+01  1.5191666667E+01  1.99600E-02  4.52911E-01
  1.5191666667E+01  1.5195833333E+01  1.98934E-02  4.00441E-01
  1.5195833333E+01  1.5200000000E+01  1.98449E-02  4.83441E-01
  1.5200000000E+01  1.5204166667E+01  1.99546E-02  4.34872E-01
  1.5204166667E+01  1.5208333333E+01  1.99470E-02  4.82936E-01
  1.5208333333E+01  1.5212500000E+01  2.01298E-02  5.12865E-01
  1.5212500000E+01  1.5216666667E+01  2.01144E-02  3.62472E-01
  1.5216666667E+01  1.5220833333E+01  2.01550E-02  4.08884E-01
  1.5220833333E+01  1.5225000000E+01  2.02810E-02  6.01409E-01
  1.5225000000E+01  1.5229166667E+01  2.01188E-02  4.01320E-01
  1.5229166667E+01  1.5233333333E+01  2.01553E-02  4.07100E-01
  1.5233333333E+01  1.5237500000E+01  2.01806E-02  3.99964E-01
  1.5237500000E+01  1.5241666667E+01  2.03147E-02  5.98477E-01
  1.5241666667E+01  1.5245833333E+01  2.00708E-02  3.65757E-01
  1.5245833333E+01  1.5250000000E+01  2.01158E-02  4.79483E-01
  1.5250000000E+01  1.5254166667E+01  2.02852E-02  5.07889E-01
  1.5254166667E+01  1.5258333333E+01  2.01355E-02  4.56502E-01
  1.5258333333E+01  1.5262500000E+01  2.02462E-02  4.66502E-01
  1.5262500000E+01  1.5266666667E+01  2.02040E-02  4.53487E-01
  1.5266666667E+01  1.5270833333E+01  2.02587E-02  5.08691E-01
  1.5270833333E+01  1.5275000000E+01  2.02284E-02  4.51574E-01
  1.5275000000E+01  1.5279166667E+01  2.02842E-02  5.15768E-01
  1.5279166667E+01  1.5283333333E+01  2.03215E-02  4.81339E-01
  1.5283333333E+01  1.5287500000E+01  2.02486E-02  4.23279E-01
  1.5287500000E+01  1.5291666667E+01  2.01422E-02  4.30148E-01
  1.5291666667E+01  1.5295833333E+01  2.03097E-02  4.99022E-01
  1.5295833333E+01  1.5300000000E+01  2.03577E-02  5.34221E-01
  1.5300000000E+01  1.5304166667E+01  2.02769E-02  5.25088E-01
  1.5304166667E+01  1.5308333333E+01  2.01237E-02  3.80499E-01
  1.5308333333E+01  1.5312500000E+01  2.01951E-02  4.34955E-01
  1.5312500000E+01  1.5316666667E+01  2.01188E-02  4.13074E-01
  1.5316666667E+01  1.5320833333E+01  2.01418E-02  3.71944E-01
  1.5320833333E+01  1.5325000000E+01  2.01612E-02  4.46442E-01
  1.5325000000E+01  1.5329166667E+01  2.03294E-02  6.13784E-01
  1.5329166667E+01  1.5333333333E+01  2.02604E-02  4.40735E-01
  1.5333333333E+01  1.5337500000E+01  2.00379E-02  2.96831E-01
  1.5337500000E+01  1.5341666667E+01  2.00705E-02  4.26191E-01
  1.5341666667E+01  1.5345833333E+01  2.00642E-02  3.94803E-01
  1.5345833333E+01  1.5350000000E+01  2.00216E-02  3.02119E-01
  1.5350000000E+01  1.5354166667E+01  1.99994E-02  3.08437E-01
  1.5354166667E+01  1.5358333333E+01  2.01582E-02  4.07265E-01
  1.5358333333E+01  1.5362500000E+01  2.00664E-02  4.50165E-01
  1.5362500000E+01  1.5366666667E+01  2.00060E-02  3.70022E-01
  1.5366666667E+01  1.5370833333E+01  2.01121E-02  3.95189E-01
  1.5370833333E+01  1.5375000000E+01  2.02531E-02  6.05858E-01
  1.5375000000E+01  1.5379166667E+01  2.02340E-02  6.42368E-01
  1.5379166667E+01  1.5383333333E+01  2.02378E-02  4.86379E-01
  1.5383333333E+01  1.5387500000E+01  2.02028E-02  4.41625E-01
  1.5387500000E+01  1.5391666667E+01  2.01369E-02  4.81346E-01
  1.5391666667E+01  1.5395833333E+01  2.00358E-02  3.14574E-01
  1.5395833333E+01  1.5400000000E+01  2.01656E-02  4.76218E-01
  1.5400000000E+01  1.5404166667E+01  2.03201E-02  5.81858E-01
  1.5404166667E+01  1.5408333333E+01  2.01447E-02  4.42732E-01
  1.5408333333E+01  1.5412500000E+01  2.01475E-02  5.28738E-01
  1.5412500000E+01  1.5416666667E+01  2.01209E-02  4.10168E-01
  1.5416666667E+01  1.5420833333E+01  2.00774E-02  4.68124E-01
  1.5420833333E+01  1.5425000000E+01  2.01182E-02  3.32524E-01
  1.5425000000E+01  1.5429166667E+01  2.01249E-02  3.99774E-01
  1.5429166667E+01  1.5433333333E+01  2.01110E-02  3.72599E-01
  1.5433333333E+01  1.5437500000E+01  2.02169E-02  5.23118E-01
  1.5437500000E+01  1.5441666667E+01  2.02606E-02  5.27218E-01
  1.5441666667E+01  1.5445833333E+01  2.00756E-02  4.46197E-01
  1.5445833333E+01  1.5450000000E+01  2.01466E-02  4.18068E-01
  1.5450000000E+01  1.5454166667E+01  2.02347E-02  5.38351E-01
  1.5454166667E+01  1.5458333333E+01  2.02627E-02  5.34454E-01
  1.5458333333E+01  1.5462500000E+01  2.02069E-02  4.71878E-01
  1.5462500000E+01  1.5466666667E+01  2.03284E-02  5.58384E-01
  1.5466666667E+01  1.5470833333E+01  2.01040E-02  4.37489E-01
  1.5470833333E+01  1.5475000000E+01  2.03184E-02  5.71606E-01
  1.5475000000E+01  1.5479166667E+01  2.03912E-02  5.18244E-01
  1.5479166667E+01  1.5483333333E+01  2.05405E-02  5.27188E-01
  1.5483333333E+01  1.5487500000E+01  2.04014E-02  4.39122E-01
  1.5487500000E+01  1.5491666667E+01  2.04995E-02  5.06735E-01
  1.5491666667E+01  1.5495833333E+01  2.04807E-02  4.00718E-01
  1.5495833333E+01  1.5500000000E+01  2.04132E-02  4.16507E-01
  1.5500000000E+01  1.5504166667E+01  2.04672E-02  3.99670E-01
  1.5504166667E+01  1.5508333333E+01  2.04365E-02  4.40978E-01
  1.5508333333E+01  1.5512500000E+01  2.05140E-02  4.24259E-01
  1.5512500000E+01  1.5516666667E+01  2.04259E-02  3.89230E-01
  1.5516666667E+01  1.5520833333E+01  2.04102E-02  3.78124E-01
  1.5520833333E+01  1.5525000000E+01  2.04386E-02  4.29029E-01
  1.5525000000E+01  1.5529166667E+01  2.03896E-02  4.24102E-01
  1.5529166667E+01  1.5533333333E+01  2.04970E-02  7.16652E-01
  1.5533333333E+01  1.5537500000E+01  2.04889E-02  4.00719E-01
  1.5537500000E+01  1.5541666667E+01  2.05592E-02  5.77517E-01
  1.5541666667E+01  1.5545833333E+01  2.04570E-02  4.73739E-01
  1.5545833333E+01  1.5550000000E+01  2.03760E-02  4.17155E-01
  1.5550000000E+01  1.5554166667E+01  2.04392E-02  4.22143E-01
  1.5554166667E+01  1.5558333333E+01  2.04023E-02  3.88084E-01
  1.5558333333E+01  1.5562500000E+01  2.05062E-02  6.24270E-01
  1.5562500000E+01  1.5566666667E+01  2.03918E-02  4.12081E-01
  1.5566666667E+01  1.5570833333E+01  2.03477E-02  3.62668E-01
  1.5570833333E+01  1.5575000000E+01  2.04112E-02  4.41136E-01
  1.5575000000E+01  1.5579166667E+01  2.03815E-02  4.54296E-01
  1.5579166667E+01  1.5583333333E+01  2.03912E-02  4.16796E-01
  1.5583333333E+01  1.5587500000E+01  2.04682E-02  4.81444E-01
  1.5587500000E+01  1.5591666667E+01  2.03763E-02  3.68648E-01
  1.5591666667E+01  1.5595833333E+01  2.04336E-02  4.78690E-01
  1.5595833333E+01  1.5600000000E+01  2.03583E-02  4.13794E-01
  1.5600000000E+01  1.5604166667E+01  2.05337E-02  5.68266E-01
  1.5604166667E+01  1.5608333333E+01  2.04884E-02  4.08322E-01
  1.5608333333E+01  1.5612500000E+01  2.05475E-02  4.79072E-01
  1.5612500000E+01  1.5616666667E+01  2.05884E-02  4.63872E-01
  1.5616666667E+01  1.5620833333E+01  2.05515E-02  4.18641E-01
  1.5620833333E+01  1.5625000000E+01  2.04143E-02  3.90091E-01
  1.5625000000E+01  1.5629166667E+01  2.04624E-02  4.18440E-01
  1.5629166667E+01  1.5633333333E+01  2.04294E-02  3.37895E-01
  1.5633333333E+01  1.5637500000E+01  2.04426E-02  4.53180E-01
  1.5637500000E+01  1.5641666667E+01  2.04754E-02  3.46568E-01
  1.5641666667E+01  1.5645833333E+01  2.05971E-02  4.45921E-01
  1.5645833333E+01  1.5650000000E+01  2.04526E-02  3.44099E-01
  1.5650000000E+01  1.5654166667E+01  2.05671E-02  5.08821E-01
  1.5654166667E+01  1.5658333333E+01  2.05941E-02  5.84485E-01
  1.5658333333E+01  1.5662500000E+01  2.04177E-02  4.30133E-01
  1.5662500000E+01  1.5666666667E+01  2.04449E-02  4.77107E-01
  1.5666666667E+01  1.5670833333E+01  2.05193E-02  4.37057E-01
  1.5670833333E+01  1.5675000000E+01  2.05031E-02  4.24990E-01
  1.5675000000E+01  1.5679166667E+01  2.05288E-02  4.37515E-01
  1.5679166667E+01  1.5683333333E+01  2.05966E-02  6.52435E-01
  1.5683333333E+01  1.5687500000E+01  2.05910E-02  5.02920E-01
  1.5687500000E+01  1.5691666667E+01  2.06537E-02  5.28087E-01
  1.5691666667E+01  1.5695833333E+01  2.04270E-02  3.99679E-01
  1.5695833333E+01  1.5700000000E+01  2.05279E-02  4.16506E-01
  1.5700000000E+01  1.5704166667E+01  2.04456E-02  3.73839E-01
  1.5704166667E+01  1.5708333333E+01  2.04523E-02  3.80824E-01
  1.5708333333E+01  1.5712500000E+01  2.04742E-02  4.32876E-01
  1.5712500000E+01  1.5716666667E+01  2.05148E-02  4.23075E-01
  1.5716666667E+01  1.5720833333E+01  2.05954E-02  4.04043E-01
  1.5720833333E+01  1.5725000000E+01  2.06033E-02  5.29988E-01
  1.5725000000E+01  1.5729166667E+01  2.04988E-02  3.35784E-01
  1.5729166667E+01  1.5733333333E+01  2.06017E-02  5.17404E-01
  1.5733333333E+01  1.5737500000E+01  2.04307E-02  3.59955E-01
  1.5737500000E+01  1.5741666667E+01  2.06156E-02  4.32140E-01
  1.5741666667E+01  1.5745833333E+01  2.07431E-02  5.49182E-01
  1.5745833333E+01  1.5750000000E+01  2.07109E-02  5.69356E-01
  1.5750000000E+01  1.5754166667E+01  2.06318E-02  5.73063E-01
  1.5754166667E+01  1.5758333333E+01  2.05836E-02  5.21322E-01
  1.5758333333E+01  1.5762500000E+01  2.05711E-02  5.41163E-01
  1.5762500000E+01  1.5766666667E+01  2.06081E-02  4.51401E-01
  1.5766666667E+01  1.5770833333E+01  2.05313E-02  4.06567E-01
  1.5770833333E+01  1.5775000000E+01  2.05359E-02  3.33385E-01
  1.5775000000E+01  1.5779166667E+01  2.05350E-02  4.03828E-01
  1.5779166667E+01  1.5783333333E+01  2.06103E-02  5.05221E-01
  1.5783333333E+01  1.5787500000E+01  2.06341E-02  4.58824E-01
  1.5787500000E+01  1.5791666667E+01  2.06953E-02  5.18319E-01
  1.5791666667E+01  1.5795833333E+01  2.05507E-02  4.02234E-01
  1.5795833333E+01  1.5800000000E+01  2.05592E-02  4.46456E-01
  1.5800000000E+01  1.5804166667E+01  2.05526E-02  3.79734E-01
  1.5804166667E+01  1.5808333333E+01  2.07115E-02  5.29679E-01
  1.5808333333E+01  1.5812500000E+01  2.05476E-02  4.46334E-01
  1.5812500000E+01  1.5816666667E+01  2.05520E-02  4.52992E-01
  1.5816666667E+01  1.5820833333E+01  2.06578E-02  4.15950E-01
  1.5820833333E+01  1.5825000000E+01  2.05650E-02  4.33318E-01
  1.5825000000E+01  1.5829166667E+01  2.06342E-02  4.04673E-01
  1.5829166667E+01  1.5833333333E+01  2.06416E-02  4.16844E-01
  1.5833333333E+01  1.5837500000E+01  2.06178E-02  4.72457E-01
  1.5837500000E+01  1.5841666667E+01  2.07259E-02  5.42819E-01
  1.5841666667E+01  1.5845833333E+01  2.06870E-02  5.68552E-01
  1.5845833333E+01  1.5850000000E+01  2.06115E-02  4.26147E-01
  1.5850000000E+01  1.5854166667E+01  2.06839E-02  4.13199E-01
  1.5854166667E+01  1.5858333333E+01  2.07136E-02  4.83386E-01
  1.5858333333E+01  1.5862500000E+01  2.05338E-02  3.21135E-01
  1.5862500000E+01  1.5866666667E+01  2.05572E-02  4.12582E-01
  1.5866666667E+01  1.5870833333E+01  2.06930E-02  5.22775E-01
  1.5870833333E+01  1.5875000000E+01  2.06821E-02  4.41058E-01
  1.5875000000E+01  1.5879166667E+01  2.07000E-02  5.18440E-01
  1.5879166667E+01  1.5883333333E+01  2.07064E-02  4.05344E-01
  1.5883333333E+01  1.5887500000E+01  2.06153E-02  3.98981E-01
  1.5887500000E+01  1.5891666667E+01  2.06606E-02  4.62058E-01
  1.5891666667E+01  1.5895833333E+01  2.07481E-02  5.15086E-01
  1.5895833333E+01  1.5900000000E+01  2.07132E-02  4.47163E-01
  1.5900000000E+01  1.5904166667E+01  2.09147E-02  6.16352E-01
  1.5904166667E+01  1.5908333333E+01  2.08813E-02  7.85693E-01
  1.5908333333E+01  1.5912500000E+01  2.07129E-02  3.99539E-01
  1.5912500000E+01  1.5916666667E+01  2.07346E-02  5.18643E-01
  1.5916666667E+01  1.5920833333E+01  2.08512E-02  5.62393E-01
  1.5920833333E+01  1.5925000000E+01  2.07609E-02  4.77460E-01
  1.5925000000E+01  1.5929166667E+01  2.07988E-02  4.21179E-01
  1.5929166667E+01  1.5933333333E+01  2.08287E-02  5.64082E-01
  1.5933333333E+01  1.5937500000E+01  2.08467E-02  5.63355E-01
  1.5937500000E+01  1.5941666667E+01  2.07769E-02  4.14016E-01
  1.5941666667E+01  1.5945833333E+01  2.08919E-02  5.87605E-01
  1.5945833333E+01  1.5950000000E+01  2.08125E-02  4.33645E-01
  1.5950000000E+01  1.5954166667E+01  2.07954E-02  4.69199E-01
  1.5954166667E+01  1.5958333333E+01  2.08002E-02  4.64701E-01
  1.5958333333E+01  1.5962500000E+01  2.07916E-02  4.30353E-01
  1.5962500000E+01  1.5966666667E+01  2.08198E-02  4.34189E-01
  1.5966666667E+01  1.5970833333E+01  2.08654E-02  5.64959E-01
  1.5970833333E+01  1.5975000000E+01  2.09029E-02  4.43284E-01
  1.5975000000E+01  1.5979166667E+01  2.08385E-02  3.79350E-01
  1.5979166667E+01  1.5983333333E+01  2.09107E-02  3.85694E-01
  1.5983333333E+01  1.5987500000E+01  2.07973E-02  3.07091E-01
  1.5987500000E+01  1.5991666667E+01  2.08486E-02  3.24002E-01
  1.5991666667E+01  1.5995833333E+01  2.10289E-02  4.42944E-01
  1.5995833333E+01  1.6000000000E+01  2.09945E-02  4.57471E-01
  1.6000000000E+01  1.6004166667E+01  2.09261E-02  2.94687E-01
  1.6004166667E+01  1.6008333333E+01  2.09230E-02  4.92118E-01
  1.6008333333E+01  1.6012500000E+01  2.10506E-02  5.33729E-01
  1.6012500000E+01  1.6016666667E+01  2.08943E-02  3.69133E-01
  1.6016666667E+01  1.6020833333E+01  2.08344E-02  3.25044E-01
  1.6020833333E+01  1.6025000000E+01  2.10178E-02  4.89721E-01
  1.6025000000E+01  1.6029166667E+01  2.11026E-02  6.06099E-01
  1.6029166667E+01  1.6033333333E+01  2.09507E-02  4.51538E-01
  1.6033333333E+01  1.6037500000E+01  2.10096E-02  4.17193E-01
  1.6037500000E+01  1.6041666667E+01  2.11516E-02  5.01182E-01
  1.6041666667E+01  1.6045833333E+01  2.10573E-02  4.64785E-01
  1.6045833333E+01  1.6050000000E+01  2.10529E-02  4.79003E-01
  1.6050000000E+01  1.6054166667E+01  2.10295E-02  4.60123E-01
  1.6054166667E+01  1.6058333333E+01  2.10661E-02  5.00773E-01
  1.6058333333E+01  1.6062500000E+01  2.09656E-02  4.43999E-01
  1.6062500000E+01  1.6066666667E+01  2.11068E-02  6.08075E-01
  1.6066666667E+01  1.6070833333E+01  2.10180E-02  4.58899E-01
  1.6070833333E+01  1.6075000000E+01  2.09546E-02  3.18768E-01
  1.6075000000E+01  1.6079166667E+01  2.09805E-02  4.04976E-01
  1.6079166667E+01  1.6083333333E+01  2.10627E-02  4.27135E-01
  1.6083333333E+01  1.6087500000E+01  2.12071E-02  4.97460E-01
  1.6087500000E+01  1.6091666667E+01  2.10564E-02  4.86874E-01
  1.6091666667E+01  1.6095833333E+01  2.10196E-02  3.54165E-01
  1.6095833333E+01  1.6100000000E+01  2.11155E-02  4.28842E-01
  1.6100000000E+01  1.6104166667E+01  2.11182E-02  5.22682E-01
  1.6104166667E+01  1.6108333333E+01  2.12147E-02  5.17522E-01
  1.6108333333E+01  1.6112500000E+01  2.09767E-02  3.24829E-01
  1.6112500000E+01  1.6116666667E+01  2.10026E-02  3.61360E-01
  1.6116666667E+01  1.6120833333E+01  2.10159E-02  3.83229E-01
  1.6120833333E+01  1.6125000000E+01  2.11295E-02  4.58836E-01
  1.6125000000E+01  1.6129166667E+01  2.11977E-02  4.65820E-01
  1.6129166667E+01  1.6133333333E+01  2.11667E-02  4.15062E-01
  1.6133333333E+01  1.6137500000E+01  2.12588E-02  5.03139E-01
  1.6137500000E+01  1.6141666667E+01  2.11336E-02  4.09552E-01
  1.6141666667E+01  1.6145833333E+01  2.11730E-02  4.52100E-01
  1.6145833333E+01  1.6150000000E+01  2.11331E-02  3.98473E-01
  1.6150000000E+01  1.6154166667E+01  2.12498E-02  4.89886E-01
  1.6154166667E+01  1.6158333333E+01  2.12135E-02  4.38831E-01
  1.6158333333E+01  1.6162500000E+01  2.11452E-02  3.44622E-01
  1.6162500000E+01  1.6166666667E+01  2.12281E-02  3.59977E-01
  1.6166666667E+01  1.6170833333E+01  2.11095E-02  3.39045E-01
  1.6170833333E+01  1.6175000000E+01  2.11622E-02  3.30322E-01
  1.6175000000E+01  1.6179166667E+01  2.12772E-02  4.14611E-01
  1.6179166667E+01  1.6183333333E+01  2.11126E-02  3.17018E-01
  1.6183333333E+01  1.6187500000E+01  2.11444E-02  3.65785E-01
  1.6187500000E+01  1.6191666667E+01  2.11200E-02  4.09875E-01
  1.6191666667E+01  1.6195833333E+01  2.13399E-02  5.04474E-01
  1.6195833333E+01  1.6200000000E+01  2.11906E-02  3.80904E-01
  1.6200000000E+01  1.6204166667E+01  2.13240E-02  4.89924E-01
  1.6204166667E+01  1.6208333333E+01  2.14726E-02  5.94286E-01
  1.6208333333E+01  1.6212500000E+01  2.13183E-02  5.10269E-01
  1.6212500000E+01  1.6216666667E+01  2.14218E-02  5.07421E-01
  1.6216666667E+01  1.6220833333E+01  2.12391E-02  3.66744E-01
  1.6220833333E+01  1.6225000000E+01  2.11569E-02  3.24283E-01
  1.6225000000E+01  1.6229166667E+01  2.11703E-02  3.50875E-01
  1.6229166667E+01  1.6233333333E+01  2.12965E-02  3.60488E-01
  1.6233333333E+01  1.6237500000E+01  2.13304E-02  3.94054E-01
  1.6237500000E+01  1.6241666667E+01  2.15212E-02  5.93025E-01
  1.6241666667E+01  1.6245833333E+01  2.13317E-02  4.08512E-01
  1.6245833333E+01  1.6250000000E+01  2.14151E-02  4.66060E-01
  1.6250000000E+01  1.6254166667E+01  2.12944E-02  4.03890E-01
  1.6254166667E+01  1.6258333333E+01  2.13739E-02  4.76094E-01
  1.6258333333E+01  1.6262500000E+01  2.12661E-02  3.31778E-01
  1.6262500000E+01  1.6266666667E+01  2.13631E-02  4.13798E-01
  1.6266666667E+01  1.6270833333E+01  2.12087E-02  3.39890E-01
  1.6270833333E+01  1.6275000000E+01  2.12492E-02  3.26470E-01
  1.6275000000E+01  1.6279166667E+01  2.14245E-02  5.03269E-01
  1.6279166667E+01  1.6283333333E+01  2.14635E-02  5.11893E-01
  1.6283333333E+01  1.6287500000E+01  2.15056E-02  4.65371E-01
  1.6287500000E+01  1.6291666667E+01  2.14784E-02  4.05429E-01
  1.6291666667E+01  1.6295833333E+01  2.17210E-02  7.11010E-01
  1.6295833333E+01  1.6300000000E+01  2.15040E-02  4.55717E-01
  1.6300000000E+01  1.6304166667E+01  2.14033E-02  4.36664E-01
  1.6304166667E+01  1.6308333333E+01  2.14004E-02  3.98892E-01
  1.6308333333E+01  1.6312500000E+01  2.15415E-02  5.17517E-01
  1.6312500000E+01  1.6316666667E+01  2.14691E-02  3.98448E-01
  1.6316666667E+01  1.6320833333E+01  2.15118E-02  4.54635E-01
  1.6320833333E+01  1.6325000000E+01  2.15524E-02  4.06484E-01
  1.6325000000E+01  1.6329166667E+01  2.15303E-02  4.84440E-01
  1.6329166667E+01  1.6333333333E+01  2.16657E-02  5.38747E-01
  1.6333333333E+01  1.6337500000E+01  2.16023E-02  5.10123E-01
  1.6337500000E+01  1.6341666667E+01  2.17311E-02  5.41636E-01
  1.6341666667E+01  1.6345833333E+01  2.16294E-02  5.25792E-01
  1.6345833333E+01  1.6350000000E+01  2.15312E-02  4.05366E-01
  1.6350000000E+01  1.6354166667E+01  2.15157E-02  3.76212E-01
  1.6354166667E+01  1.6358333333E+01  2.15691E-02  4.63931E-01
  1.6358333333E+01  1.6362500000E+01  2.15657E-02  4.42895E-01
  1.6362500000E+01  1.6366666667E+01  2.17636E-02  5.64619E-01
  1.6366666667E+01  1.6370833333E+01  2.17351E-02  6.06237E-01
  1.6370833333E+01  1.6375000000E+01  2.17466E-02  5.75393E-01
  1.6375000000E+01  1.6379166667E+01  2.16279E-02  4.84768E-01
  1.6379166667E+01  1.6383333333E+01  2.14762E-02  3.33385E-01
  1.6383333333E+01  1.6387500000E+01  2.15450E-02  3.52994E-01
  1.6387500000E+01  1.6391666667E+01  2.16984E-02  4.03630E-01
  1.6391666667E+01  1.6395833333E+01  2.17343E-02  4.66541E-01
  1.6395833333E+01  1.6400000000E+01  2.16282E-02  4.30522E-01
  1.6400000000E+01  1.6404166667E+01  2.17831E-02  4.81728E-01
  1.6404166667E+01  1.6408333333E+01  2.17375E-02  4.48698E-01
  1.6408333333E+01  1.6412500000E+01  2.18252E-02  6.43417E-01
  1.6412500000E+01  1.6416666667E+01  2.17734E-02  4.53516E-01
  1.6416666667E+01  1.6420833333E+01  2.17809E-02  4.75233E-01
  1.6420833333E+01  1.6425000000E+01  2.16398E-02  3.82690E-01
  1.6425000000E+01  1.6429166667E+01  2.17045E-02  3.86972E-01
  1.6429166667E+01  1.6433333333E+01  2.19317E-02  6.44666E-01
  1.6433333333E+01  1.6437500000E+01  2.17179E-02  3.42703E-01
  1.6437500000E+01  1.6441666667E+01  2.17291E-02  4.19784E-01
  1.6441666667E+01  1.6445833333E+01  2.18244E-02  4.02852E-01
  1.6445833333E+01  1.6450000000E+01  2.18013E-02  4.65334E-01
  1.6450000000E+01  1.6454166667E+01  2.17022E-02  4.18995E-01
  1.6454166667E+01  1.6458333333E+01  2.17758E-02  4.52821E-01
  1.6458333333E+01  1.6462500000E+01  2.17698E-02  4.09438E-01
  1.6462500000E+01  1.6466666667E+01  2.19232E-02  5.16438E-01
  1.6466666667E+01  1.6470833333E+01  2.18824E-02  4.40565E-01
  1.6470833333E+01  1.6475000000E+01  2.19317E-02  5.05284E-01
  1.6475000000E+01  1.6479166667E+01  2.18124E-02  4.33987E-01
  1.6479166667E+01  1.6483333333E+01  2.18598E-02  3.76943E-01
  1.6483333333E+01  1.6487500000E+01  2.17371E-02  3.79969E-01
  1.6487500000E+01  1.6491666667E+01  2.19660E-02  5.74845E-01
  1.6491666667E+01  1.6495833333E+01  2.18306E-02  3.59595E-01
  1.6495833333E+01  1.6500000000E+01  2.18272E-02  3.48756E-01
  1.6500000000E+01  1.6504166667E+01  2.19703E-02  4.75605E-01
  1.6504166667E+01  1.6508333333E+01  2.19104E-02  5.34572E-01
  1.6508333333E+01  1.6512500000E+01  2.18415E-02  3.77163E-01
  1.6512500000E+01  1.6516666667E+01  2.18852E-02  4.29525E-01
  1.6516666667E+01  1.6520833333E+01  2.19708E-02  4.79845E-01
  1.6520833333E+01  1.6525000000E+01  2.19237E-02  4.62644E-01
  1.6525000000E+01  1.6529166667E+01  2.19116E-02  3.96700E-01
  1.6529166667E+01  1.6533333333E+01  2.18913E-02  4.63786E-01
  1.6533333333E+01  1.6537500000E+01  2.19678E-02  5.30257E-01
  1.6537500000E+01  1.6541666667E+01  2.19509E-02  4.31707E-01
  1.6541666667E+01  1.6545833333E+01  2.20238E-02  4.22572E-01
  1.6545833333E+01  1.6550000000E+01  2.19568E-02  3.94308E-01
  1.6550000000E+01  1.6554166667E+01  2.19510E-02  4.35727E-01
  1.6554166667E+01  1.6558333333E+01  2.21569E-02  5.64901E-01
  1.6558333333E+01  1.6562500000E+01  2.20609E-02  4.68636E-01
  1.6562500000E+01  1.6566666667E+01  2.19835E-02  3.94935E-01
  1.6566666667E+01  1.6570833333E+01  2.19294E-02  3.34051E-01
  1.6570833333E+01  1.6575000000E+01  2.18783E-02  3.34897E-01
  1.6575000000E+01  1.6579166667E+01  2.19484E-02  3.20321E-01
  1.6579166667E+01  1.6583333333E+01  2.19720E-02  3.68844E-01
  1.6583333333E+01  1.6587500000E+01  2.18817E-02  2.84284E-01
  1.6587500000E+01  1.6591666667E+01  2.19898E-02  3.76458E-01
  1.6591666667E+01  1.6595833333E+01  2.20402E-02  4.50424E-01
  1.6595833333E+01  1.6600000000E+01  2.21407E-02  4.70920E-01
  1.6600000000E+01  1.6604166667E+01  2.19834E-02  4.06452E-01
  1.6604166667E+01  1.6608333333E+01  2.19581E-02  2.87095E-01
  1.6608333333E+01  1.6612500000E+01  2.19712E-02  3.52627E-01
  1.6612500000E+01  1.6616666667E+01  2.20207E-02  3.46403E-01
  1.6616666667E+01  1.6620833333E+01  2.21208E-02  4.25572E-01
  1.6620833333E+01  1.6625000000E+01  2.21179E-02  3.60852E-01
  1.6625000000E+01  1.6629166667E+01  2.20757E-02  3.45382E-01
  1.6629166667E+01  1.6633333333E+01  2.21056E-02  3.12319E-01
  1.6633333333E+01  1.6637500000E+01  2.21182E-02  3.45378E-01
  1.6637500000E+01  1.6641666667E+01  2.21630E-02  3.82841E-01
  1.6641666667E+01  1.6645833333E+01  2.22220E-02  3.98102E-01
  1.6645833333E+01  1.6650000000E+01  2.22339E-02  3.79017E-01
  1.6650000000E+01  1.6654166667E+01  2.22899E-02  4.31777E-01
  1.6654166667E+01  1.6658333333E+01  2.24179E-02  4.94195E-01
  1.6658333333E+01  1.6662500000E+01  2.22341E-02  3.45450E-01
  1.6662500000E+01  1.6666666667E+01  2.22772E-02  4.17175E-01
  1.6666666667E+01  1.6670833333E+01  2.23571E-02  4.53623E-01
  1.6670833333E+01  1.6675000000E+01  2.23192E-02  4.54807E-01
  1.6675000000E+01  1.6679166667E+01  2.22762E-02  3.90388E-01
  1.6679166667E+01  1.6683333333E+01  2.24019E-02  4.15616E-01
  1.6683333333E+01  1.6687500000E+01  2.23395E-02  4.83716E-01
  1.6687500000E+01  1.6691666667E+01  2.23400E-02  4.05358E-01
  1.6691666667E+01  1.6695833333E+01  2.22972E-02  3.17889E-01
  1.6695833333E+01  1.6700000000E+01  2.22899E-02  3.20583E-01
  1.6700000000E+01  1.6704166667E+01  2.23706E-02  3.81514E-01
  1.6704166667E+01  1.6708333333E+01  2.24332E-02  4.88970E-01
  1.6708333333E+01  1.6712500000E+01  2.23371E-02  3.57320E-01
  1.6712500000E+01  1.6716666667E+01  2.24629E-02  4.80674E-01
  1.6716666667E+01  1.6720833333E+01  2.23553E-02  3.88455E-01
  1.6720833333E+01  1.6725000000E+01  2.24169E-02  3.95343E-01
  1.6725000000E+01  1.6729166667E+01  2.24085E-02  4.32232E-01
  1.6729166667E+01  1.6733333333E+01  2.23351E-02  3.06563E-01
  1.6733333333E+01  1.6737500000E+01  2.24949E-02  4.67116E-01
  1.6737500000E+01  1.6741666667E+01  2.25500E-02  4.70993E-01
  1.6741666667E+01  1.6745833333E+01  2.24781E-02  3.75871E-01
  1.6745833333E+01  1.6750000000E+01  2.25028E-02  3.71753E-01
  1.6750000000E+01  1.6754166667E+01  2.25492E-02  3.66011E-01
  1.6754166667E+01  1.6758333333E+01  2.25574E-02  4.04198E-01
  1.6758333333E+01  1.6762500000E+01  2.25947E-02  3.96440E-01
  1.6762500000E+01  1.6766666667E+01  2.26222E-02  3.76465E-01
  1.6766666667E+01  1.6770833333E+01  2.26359E-02  5.64390E-01
  1.6770833333E+01  1.6775000000E+01  2.25893E-02  3.96218E-01
  1.6775000000E+01  1.6779166667E+01  2.26833E-02  4.27794E-01
  1.6779166667E+01  1.6783333333E+01  2.26885E-02  3.99187E-01
  1.6783333333E+01  1.6787500000E+01  2.27201E-02  4.30690E-01
  1.6787500000E+01  1.6791666667E+01  2.26415E-02  3.70273E-01
  1.6791666667E+01  1.6795833333E+01  2.27405E-02  3.77842E-01
  1.6795833333E+01  1.6800000000E+01  2.26447E-02  3.25100E-01
  1.6800000000E+01  1.6804166667E+01  2.27460E-02  4.42464E-01
  1.6804166667E+01  1.6808333333E+01  2.27939E-02  4.17387E-01
  1.6808333333E+01  1.6812500000E+01  2.26223E-02  3.51654E-01
  1.6812500000E+01  1.6816666667E+01  2.27072E-02  3.94716E-01
  1.6816666667E+01  1.6820833333E+01  2.27832E-02  4.43435E-01
  1.6820833333E+01  1.6825000000E+01  2.28858E-02  5.25501E-01
  1.6825000000E+01  1.6829166667E+01  2.27792E-02  4.09185E-01
  1.6829166667E+01  1.6833333333E+01  2.29563E-02  4.04106E-01
  1.6833333333E+01  1.6837500000E+01  2.28672E-02  4.17892E-01
  1.6837500000E+01  1.6841666667E+01  2.29094E-02  4.46189E-01
  1.6841666667E+01  1.6845833333E+01  2.27832E-02  3.67130E-01
  1.6845833333E+01  1.6850000000E+01  2.27823E-02  3.97855E-01
  1.6850000000E+01  1.6854166667E+01  2.28283E-02  4.00965E-01
  1.6854166667E+01  1.6858333333E+01  2.28216E-02  4.23916E-01
  1.6858333333E+01  1.6862500000E+01  2.29038E-02  3.62196E-01
  1.6862500000E+01  1.6866666667E+01  2.27853E-02  3.66980E-01
  1.6866666667E+01  1.6870833333E+01  2.29304E-02  4.16695E-01
  1.6870833333E+01  1.6875000000E+01  2.29547E-02  4.42711E-01
  1.6875000000E+01  1.6879166667E+01  2.28981E-02  3.95560E-01
  1.6879166667E+01  1.6883333333E+01  2.29677E-02  4.39824E-01
  1.6883333333E+01  1.6887500000E+01  2.30719E-02  4.96483E-01
  1.6887500000E+01  1.6891666667E+01  2.29584E-02  4.40828E-01
  1.6891666667E+01  1.6895833333E+01  2.30025E-02  4.33056E-01
  1.6895833333E+01  1.6900000000E+01  2.30833E-02  4.45404E-01
  1.6900000000E+01  1.6904166667E+01  2.29942E-02  3.67309E-01
  1.6904166667E+01  1.6908333333E+01  2.30474E-02  3.88724E-01
  1.6908333333E+01  1.6912500000E+01  2.31669E-02  4.67089E-01
  1.6912500000E+01  1.6916666667E+01  2.30324E-02  3.34606E-01
  1.6916666667E+01  1.6920833333E+01  2.31080E-02  3.98952E-01
  1.6920833333E+01  1.6925000000E+01  2.31000E-02  3.99548E-01
  1.6925000000E+01  1.6929166667E+01  2.31031E-02  3.78548E-01
  1.6929166667E+01  1.6933333333E+01  2.31022E-02  3.85539E-01
  1.6933333333E+01  1.6937500000E+01  2.31309E-02  4.34937E-01
  1.6937500000E+01  1.6941666667E+01  2.33133E-02  4.68313E-01
  1.6941666667E+01  1.6945833333E+01  2.31902E-02  3.89541E-01
  1.6945833333E+01  1.6950000000E+01  2.32694E-02  4.66714E-01
  1.6950000000E+01  1.6954166667E+01  2.32447E-02  3.68441E-01
  1.6954166667E+01  1.6958333333E+01  2.34222E-02  6.24291E-01
  1.6958333333E+01  1.6962500000E+01  2.33219E-02  4.35258E-01
  1.6962500000E+01  1.6966666667E+01  2.33734E-02  5.59047E-01
  1.6966666667E+01  1.6970833333E+01  2.33759E-02  4.03416E-01
  1.6970833333E+01  1.6975000000E+01  2.34153E-02  4.72494E-01
  1.6975000000E+01  1.6979166667E+01  2.34138E-02  4.80770E-01
  1.6979166667E+01  1.6983333333E+01  2.34030E-02  4.13311E-01
  1.6983333333E+01  1.6987500000E+01  2.35064E-02  5.09090E-01
  1.6987500000E+01  1.6991666667E+01  2.34325E-02  3.78985E-01
  1.6991666667E+01  1.6995833333E+01  2.35496E-02  4.45975E-01
  1.6995833333E+01  1.7000000000E+01  2.35686E-02  4.49006E-01
  1.7000000000E+01  1.7004166667E+01  2.36288E-02  4.98833E-01
  1.7004166667E+01  1.7008333333E+01  2.34729E-02  3.67897E-01
  1.7008333333E+01  1.7012500000E+01  2.34161E-02  3.49093E-01
  1.7012500000E+01  1.7016666667E+01  2.34845E-02  3.36945E-01
  1.7016666667E+01  1.7020833333E+01  2.36310E-02  4.87727E-01
  1.7020833333E+01  1.7025000000E+01  2.36728E-02  3.75549E-01
  1.7025000000E+01  1.7029166667E+01  2.37291E-02  3.53331E-01
  1.7029166667E+01  1.7033333333E+01  2.37436E-02  4.61612E-01
  1.7033333333E+01  1.7037500000E+01  2.37093E-02  4.33681E-01
  1.7037500000E+01  1.7041666667E+01  2.37184E-02  4.06030E-01
  1.7041666667E+01  1.7045833333E+01  2.36990E-02  4.10885E-01
  1.7045833333E+01  1.7050000000E+01  2.37921E-02  4.66794E-01
  1.7050000000E+01  1.7054166667E+01  2.36661E-02  3.53160E-01
  1.7054166667E+01  1.7058333333E+01  2.37384E-02  4.19574E-01
  1.7058333333E+01  1.7062500000E+01  2.38023E-02  4.13915E-01
  1.7062500000E+01  1.7066666667E+01  2.39792E-02  5.42993E-01
  1.7066666667E+01  1.7070833333E+01  2.37878E-02  3.25148E-01
  1.7070833333E+01  1.7075000000E+01  2.37523E-02  3.50513E-01
  1.7075000000E+01  1.7079166667E+01  2.36860E-02  3.43101E-01
  1.7079166667E+01  1.7083333333E+01  2.38564E-02  4.59403E-01
  1.7083333333E+01  1.7087500000E+01  2.38090E-02  3.66047E-01
  1.7087500000E+01  1.7091666667E+01  2.39708E-02  4.67306E-01
  1.7091666667E+01  1.7095833333E+01  2.39272E-02  4.51182E-01
  1.7095833333E+01  1.7100000000E+01  2.38505E-02  3.35989E-01
  1.7100000000E+01  1.7104166667E+01  2.39717E-02  4.86797E-01
  1.7104166667E+01  1.7108333333E+01  2.40529E-02  4.72510E-01
  1.7108333333E+01  1.7112500000E+01  2.40009E-02  3.90918E-01
  1.7112500000E+01  1.7116666667E+01  2.39881E-02  4.11961E-01
  1.7116666667E+01  1.7120833333E+01  2.39732E-02  3.72533E-01
  1.7120833333E+01  1.7125000000E+01  2.39618E-02  3.18117E-01
  1.7125000000E+01  1.7129166667E+01  2.39967E-02  3.50913E-01
  1.7129166667E+01  1.7133333333E+01  2.41695E-02  4.48432E-01
  1.7133333333E+01  1.7137500000E+01  2.39914E-02  3.91073E-01
  1.7137500000E+01  1.7141666667E+01  2.40375E-02  4.24995E-01
  1.7141666667E+01  1.7145833333E+01  2.41733E-02  4.85697E-01
  1.7145833333E+01  1.7150000000E+01  2.40131E-02  3.26612E-01
  1.7150000000E+01  1.7154166667E+01  2.40771E-02  3.45245E-01
  1.7154166667E+01  1.7158333333E+01  2.41851E-02  3.96406E-01
  1.7158333333E+01  1.7162500000E+01  2.41383E-02  3.23674E-01
  1.7162500000E+01  1.7166666667E+01  2.40945E-02  3.27938E-01
  1.7166666667E+01  1.7170833333E+01  2.43217E-02  3.84138E-01
  1.7170833333E+01  1.7175000000E+01  2.43053E-02  3.82771E-01
  1.7175000000E+01  1.7179166667E+01  2.41428E-02  2.99198E-01
  1.7179166667E+01  1.7183333333E+01  2.42010E-02  3.10347E-01
  1.7183333333E+01  1.7187500000E+01  2.42870E-02  3.91134E-01
  1.7187500000E+01  1.7191666667E+01  2.44050E-02  4.46887E-01
  1.7191666667E+01  1.7195833333E+01  2.43418E-02  4.09461E-01
  1.7195833333E+01  1.7200000000E+01  2.45092E-02  4.09625E-01
  1.7200000000E+01  1.7204166667E+01  2.44584E-02  4.19927E-01
  1.7204166667E+01  1.7208333333E+01  2.46094E-02  3.74288E-01
  1.7208333333E+01  1.7212500000E+01  2.45791E-02  4.40891E-01
  1.7212500000E+01  1.7216666667E+01  2.45582E-02  3.98257E-01
  1.7216666667E+01  1.7220833333E+01  2.46268E-02  4.90942E-01
  1.7220833333E+01  1.7225000000E+01  2.45407E-02  3.70136E-01
  1.7225000000E+01  1.7229166667E+01  2.45520E-02  3.35542E-01
  1.7229166667E+01  1.7233333333E+01  2.45115E-02  3.38152E-01
  1.7233333333E+01  1.7237500000E+01  2.45632E-02  3.18952E-01
  1.7237500000E+01  1.7241666667E+01  2.47508E-02  3.91791E-01
  1.7241666667E+01  1.7245833333E+01  2.47697E-02  3.98560E-01
  1.7245833333E+01  1.7250000000E+01  2.47931E-02  4.37932E-01
  1.7250000000E+01  1.7254166667E+01  2.47323E-02  3.97591E-01
  1.7254166667E+01  1.7258333333E+01  2.47033E-02  3.86547E-01
  1.7258333333E+01  1.7262500000E+01  2.48536E-02  3.85347E-01
  1.7262500000E+01  1.7266666667E+01  2.48597E-02  4.14000E-01
  1.7266666667E+01  1.7270833333E+01  2.48372E-02  3.62412E-01
  1.7270833333E+01  1.7275000000E+01  2.49168E-02  4.44825E-01
  1.7275000000E+01  1.7279166667E+01  2.50463E-02  5.15920E-01
  1.7279166667E+01  1.7283333333E+01  2.49385E-02  3.92245E-01
  1.7283333333E+01  1.7287500000E+01  2.48979E-02  4.18674E-01
  1.7287500000E+01  1.7291666667E+01  2.49367E-02  4.07732E-01
  1.7291666667E+01  1.7295833333E+01  2.50817E-02  4.71425E-01
  1.7295833333E+01  1.7300000000E+01  2.51314E-02  5.82900E-01
  1.7300000000E+01  1.7304166667E+01  2.49962E-02  3.53747E-01
  1.7304166667E+01  1.7308333333E+01  2.50500E-02  4.03943E-01
  1.7308333333E+01  1.7312500000E+01  2.51828E-02  4.29268E-01
  1.7312500000E+01  1.7316666667E+01  2.52496E-02  4.20768E-01
  1.7316666667E+01  1.7320833333E+01  2.52428E-02  4.71030E-01
  1.7320833333E+01  1.7325000000E+01  2.51833E-02  4.14000E-01
  1.7325000000E+01  1.7329166667E+01  2.51956E-02  3.74979E-01
  1.7329166667E+01  1.7333333333E+01  2.51802E-02  3.90346E-01
  1.7333333333E+01  1.7337500000E+01  2.52693E-02  3.63326E-01
  1.7337500000E+01  1.7341666667E+01  2.51378E-02  2.98886E-01
  1.7341666667E+01  1.7345833333E+01  2.52975E-02  3.78216E-01
  1.7345833333E+01  1.7350000000E+01  2.52916E-02  3.10083E-01
  1.7350000000E+01  1.7354166667E+01  2.53269E-02  3.46311E-01
  1.7354166667E+01  1.7358333333E+01  2.52090E-02  2.96260E-01
  1.7358333333E+01  1.7362500000E+01  2.53072E-02  3.63156E-01
  1.7362500000E+01  1.7366666667E+01  2.54515E-02  4.47895E-01
  1.7366666667E+01  1.7370833333E+01  2.54309E-02  4.30628E-01
  1.7370833333E+01  1.7375000000E+01  2.55103E-02  3.54221E-01
  1.7375000000E+01  1.7379166667E+01  2.54655E-02  3.64680E-01
  1.7379166667E+01  1.7383333333E+01  2.55278E-02  3.99696E-01
  1.7383333333E+01  1.7387500000E+01  2.55947E-02  4.18174E-01
  1.7387500000E+01  1.7391666667E+01  2.56483E-02  4.25906E-01
  1.7391666667E+01  1.7395833333E+01  2.56639E-02  4.45135E-01
  1.7395833333E+01  1.7400000000E+01  2.56615E-02  3.49403E-01
  1.7400000000E+01  1.7404166667E+01  2.55878E-02  3.34158E-01
  1.7404166667E+01  1.7408333333E+01  2.57437E-02  4.77175E-01
  1.7408333333E+01  1.7412500000E+01  2.57232E-02  3.22723E-01
  1.7412500000E+01  1.7416666667E+01  2.57368E-02  3.55913E-01
  1.7416666667E+01  1.7420833333E+01  2.58261E-02  3.44552E-01
  1.7420833333E+01  1.7425000000E+01  2.58565E-02  3.45911E-01
  1.7425000000E+01  1.7429166667E+01  2.58438E-02  3.34991E-01
  1.7429166667E+01  1.7433333333E+01  2.58617E-02  2.98407E-01
  1.7433333333E+01  1.7437500000E+01  2.60316E-02  4.34076E-01
  1.7437500000E+01  1.7441666667E+01  2.59668E-02  3.87218E-01
  1.7441666667E+01  1.7445833333E+01  2.60156E-02  3.46266E-01
  1.7445833333E+01  1.7450000000E+01  2.61091E-02  3.86976E-01
  1.7450000000E+01  1.7454166667E+01  2.59522E-02  3.12399E-01
  1.7454166667E+01  1.7458333333E+01  2.60326E-02  3.50279E-01
  1.7458333333E+01  1.7462500000E+01  2.62209E-02  4.32376E-01
  1.7462500000E+01  1.7466666667E+01  2.60587E-02  3.34510E-01
  1.7466666667E+01  1.7470833333E+01  2.61599E-02  4.13224E-01
  1.7470833333E+01  1.7475000000E+01  2.61432E-02  3.29991E-01
  1.7475000000E+01  1.7479166667E+01  2.63177E-02  3.67673E-01
  1.7479166667E+01  1.7483333333E+01  2.63202E-02  3.67003E-01
  1.7483333333E+01  1.7487500000E+01  2.63516E-02  3.48567E-01
  1.7487500000E+01  1.7491666667E+01  2.63645E-02  2.90607E-01
  1.7491666667E+01  1.7495833333E+01  2.65581E-02  3.90786E-01
  1.7495833333E+01  1.7500000000E+01  2.64976E-02  3.72694E-01
  1.7500000000E+01  1.7504166667E+01  2.66195E-02  4.17411E-01
  1.7504166667E+01  1.7508333333E+01  2.65323E-02  3.72537E-01
  1.7508333333E+01  1.7512500000E+01  2.66237E-02  3.78951E-01
  1.7512500000E+01  1.7516666667E+01  2.65914E-02  3.95806E-01
  1.7516666667E+01  1.7520833333E+01  2.66681E-02  4.00484E-01
  1.7520833333E+01  1.7525000000E+01  2.66511E-02  3.88764E-01
  1.7525000000E+01  1.7529166667E+01  2.65752E-02  2.80812E-01
  1.7529166667E+01  1.7533333333E+01  2.67737E-02  4.40617E-01
  1.7533333333E+01  1.7537500000E+01  2.66940E-02  2.98240E-01
  1.7537500000E+01  1.7541666667E+01  2.67914E-02  3.40986E-01
  1.7541666667E+01  1.7545833333E+01  2.69206E-02  3.53245E-01
  1.7545833333E+01  1.7550000000E+01  2.68348E-02  3.03723E-01
  1.7550000000E+01  1.7554166667E+01  2.69647E-02  3.33322E-01
  1.7554166667E+01  1.7558333333E+01  2.70274E-02  3.28444E-01
  1.7558333333E+01  1.7562500000E+01  2.71239E-02  4.03490E-01
  1.7562500000E+01  1.7566666667E+01  2.72055E-02  3.93518E-01
  1.7566666667E+01  1.7570833333E+01  2.71831E-02  3.47055E-01
  1.7570833333E+01  1.7575000000E+01  2.73719E-02  4.06849E-01
  1.7575000000E+01  1.7579166667E+01  2.73538E-02  3.32750E-01
  1.7579166667E+01  1.7583333333E+01  2.73586E-02  4.07750E-01
  1.7583333333E+01  1.7587500000E+01  2.73040E-02  2.73412E-01
  1.7587500000E+01  1.7591666667E+01  2.74326E-02  3.72484E-01
  1.7591666667E+01  1.7595833333E+01  2.73818E-02  3.23093E-01
  1.7595833333E+01  1.7600000000E+01  2.75013E-02  3.58685E-01
  1.7600000000E+01  1.7604166667E+01  2.75449E-02  3.58041E-01
  1.7604166667E+01  1.7608333333E+01  2.74317E-02  2.91596E-01
  1.7608333333E+01  1.7612500000E+01  2.74719E-02  2.70794E-01
  1.7612500000E+01  1.7616666667E+01  2.75210E-02  3.33834E-01
  1.7616666667E+01  1.7620833333E+01  2.77171E-02  3.85898E-01
  1.7620833333E+01  1.7625000000E+01  2.77594E-02  3.48340E-01
  1.7625000000E+01  1.7629166667E+01  2.78923E-02  4.16432E-01
  1.7629166667E+01  1.7633333333E+01  2.78432E-02  3.53597E-01
  1.7633333333E+01  1.7637500000E+01  2.78374E-02  3.16071E-01
  1.7637500000E+01  1.7641666667E+01  2.79232E-02  3.56800E-01
  1.7641666667E+01  1.7645833333E+01  2.80188E-02  3.62215E-01
  1.7645833333E+01  1.7650000000E+01  2.80907E-02  3.44988E-01
  1.7650000000E+01  1.7654166667E+01  2.79681E-02  3.14892E-01
  1.7654166667E+01  1.7658333333E+01  2.81032E-02  3.45812E-01
  1.7658333333E+01  1.7662500000E+01  2.81090E-02  3.03682E-01
  1.7662500000E+01  1.7666666667E+01  2.81604E-02  3.35142E-01
  1.7666666667E+01  1.7670833333E+01  2.82314E-02  3.59690E-01
  1.7670833333E+01  1.7675000000E+01  2.83605E-02  3.93901E-01
  1.7675000000E+01  1.7679166667E+01  2.82580E-02  3.28070E-01
  1.7679166667E+01  1.7683333333E+01  2.84064E-02  3.39823E-01
  1.7683333333E+01  1.7687500000E+01  2.84464E-02  3.74740E-01
  1.7687500000E+01  1.7691666667E+01  2.84792E-02  3.72317E-01
  1.7691666667E+01  1.7695833333E+01  2.84767E-02  2.91991E-01
  1.7695833333E+01  1.7700000000E+01  2.87092E-02  3.89306E-01
  1.7700000000E+01  1.7704166667E+01  2.87689E-02  3.86842E-01
  1.7704166667E+01  1.7708333333E+01  2.87431E-02  3.28732E-01
  1.7708333333E+01  1.7712500000E+01  2.88414E-02  3.43857E-01
  1.7712500000E+01  1.7716666667E+01  2.88965E-02  3.24461E-01
  1.7716666667E+01  1.7720833333E+01  2.89766E-02  3.94041E-01
  1.7720833333E+01  1.7725000000E+01  2.90700E-02  3.71797E-01
  1.7725000000E+01  1.7729166667E+01  2.91626E-02  3.52082E-01
  1.7729166667E+01  1.7733333333E+01  2.90700E-02  3.12479E-01
  1.7733333333E+01  1.7737500000E+01  2.91874E-02  3.52701E-01
  1.7737500000E+01  1.7741666667E+01  2.93299E-02  3.77066E-01
  1.7741666667E+01  1.7745833333E+01  2.93308E-02  3.62997E-01
  1.7745833333E+01  1.7750000000E+01  2.93583E-02  3.15055E-01
  1.7750000000E+01  1.7754166667E+01  2.95138E-02  4.19617E-01
  1.7754166667E+01  1.7758333333E+01  2.94848E-02  3.27392E-01
  1.7758333333E+01  1.7762500000E+01  2.95537E-02  2.76760E-01
  1.7762500000E+01  1.7766666667E+01  2.95788E-02  2.76333E-01
  1.7766666667E+01  1.7770833333E+01  2.96336E-02  2.66462E-01
  1.7770833333E+01  1.7775000000E+01  2.99136E-02  3.63542E-01
  1.7775000000E+01  1.7779166667E+01  2.98769E-02  2.62283E-01
  1.7779166667E+01  1.7783333333E+01  3.00137E-02  3.28052E-01
  1.7783333333E+01  1.7787500000E+01  3.00525E-02  3.41023E-01
  1.7787500000E+01  1.7791666667E+01  3.00966E-02  2.96234E-01
  1.7791666667E+01  1.7795833333E+01  3.01596E-02  3.52171E-01
  1.7795833333E+01  1.7800000000E+01  3.03475E-02  3.71005E-01
  1.7800000000E+01  1.7804166667E+01  3.03588E-02  3.13948E-01
  1.7804166667E+01  1.7808333333E+01  3.04808E-02  3.17580E-01
  1.7808333333E+01  1.7812500000E+01  3.04245E-02  2.60824E-01
  1.7812500000E+01  1.7816666667E+01  3.04205E-02  2.61036E-01
  1.7816666667E+01  1.7820833333E+01  3.06920E-02  3.64899E-01
  1.7820833333E+01  1.7825000000E+01  3.06152E-02  2.87092E-01
  1.7825000000E+01  1.7829166667E+01  3.07301E-02  2.91438E-01
  1.7829166667E+01  1.7833333333E+01  3.07234E-02  3.09569E-01
  1.7833333333E+01  1.7837500000E+01  3.07663E-02  2.96893E-01
  1.7837500000E+01  1.7841666667E+01  3.10039E-02  3.94488E-01
  1.7841666667E+01  1.7845833333E+01  3.10825E-02  3.21979E-01
  1.7845833333E+01  1.7850000000E+01  3.11744E-02  3.51055E-01
  1.7850000000E+01  1.7854166667E+01  3.12947E-02  3.62281E-01
  1.7854166667E+01  1.7858333333E+01  3.13268E-02  3.47107E-01
  1.7858333333E+01  1.7862500000E+01  3.13479E-02  3.30491E-01
  1.7862500000E+01  1.7866666667E+01  3.15471E-02  3.09092E-01
  1.7866666667E+01  1.7870833333E+01  3.15820E-02  3.14630E-01
  1.7870833333E+01  1.7875000000E+01  3.17952E-02  3.49549E-01
  1.7875000000E+01  1.7879166667E+01  3.18343E-02  3.39724E-01
  1.7879166667E+01  1.7883333333E+01  3.19657E-02  3.55231E-01
  1.7883333333E+01  1.7887500000E+01  3.19305E-02  3.43126E-01
  1.7887500000E+01  1.7891666667E+01  3.20063E-02  3.09903E-01
  1.7891666667E+01  1.7895833333E+01  3.20981E-02  3.14804E-01
  1.7895833333E+01  1.7900000000E+01  3.22442E-02  3.28096E-01
  1.7900000000E+01  1.7904166667E+01  3.23880E-02  3.50093E-01
  1.7904166667E+01  1.7908333333E+01  3.24117E-02  3.61584E-01
  1.7908333333E+01  1.7912500000E+01  3.25290E-02  3.36951E-01
  1.7912500000E+01  1.7916666667E+01  3.26228E-02  2.89146E-01
  1.7916666667E+01  1.7920833333E+01  3.27571E-02  3.23565E-01
  1.7920833333E+01  1.7925000000E+01  3.28547E-02  3.24769E-01
  1.7925000000E+01  1.7929166667E+01  3.29007E-02  3.49737E-01
  1.7929166667E+01  1.7933333333E+01  3.30688E-02  2.76611E-01
  1.7933333333E+01  1.7937500000E+01  3.31809E-02  3.22616E-01
  1.7937500000E+01  1.7941666667E+01  3.32776E-02  2.72028E-01
  1.7941666667E+01  1.7945833333E+01  3.34617E-02  3.38822E-01
  1.7945833333E+01  1.7950000000E+01  3.34260E-02  3.33420E-01
  1.7950000000E+01  1.7954166667E+01  3.36223E-02  3.37232E-01
  1.7954166667E+01  1.7958333333E+01  3.36637E-02  2.91935E-01
  1.7958333333E+01  1.7962500000E+01  3.39155E-02  3.84269E-01
  1.7962500000E+01  1.7966666667E+01  3.40337E-02  3.83120E-01
  1.7966666667E+01  1.7970833333E+01  3.40369E-02  3.03483E-01
  1.7970833333E+01  1.7975000000E+01  3.42403E-02  3.30918E-01
  1.7975000000E+01  1.7979166667E+01  3.43858E-02  3.46746E-01
  1.7979166667E+01  1.7983333333E+01  3.45166E-02  3.76358E-01
  1.7983333333E+01  1.7987500000E+01  3.47359E-02  3.85194E-01
  1.7987500000E+01  1.7991666667E+01  3.47506E-02  3.29775E-01
  1.7991666667E+01  1.7995833333E+01  3.49303E-02  3.13636E-01
  1.7995833333E+01  1.8000000000E+01  3.50091E-02  3.35034E-01
  1.8000000000E+01  1.8004166667E+01  3.52501E-02  3.27874E-01
  1.8004166667E+01  1.8008333333E+01  3.51754E-02  3.13943E-01
  1.8008333333E+01  1.8012500000E+01  3.54467E-02  3.54647E-01
  1.8012500000E+01  1.8016666667E+01  3.55205E-02  3.15300E-01
  1.8016666667E+01  1.8020833333E+01  3.58484E-02  3.26729E-01
  1.8020833333E+01  1.8025000000E+01  3.59373E-02  3.03953E-01
  1.8025000000E+01  1.8029166667E+01  3.60405E-02  3.37070E-01
  1.8029166667E+01  1.8033333333E+01  3.61943E-02  3.22174E-01
  1.8033333333E+01  1.8037500000E+01  3.63732E-02  3.45044E-01
  1.8037500000E+01  1.8041666667E+01  3.65718E-02  3.14798E-01
  1.8041666667E+01  1.8045833333E+01  3.66563E-02  2.59807E-01
  1.8045833333E+01  1.8050000000E+01  3.68355E-02  2.72808E-01
  1.8050000000E+01  1.8054166667E+01  3.71908E-02  3.33831E-01
  1.8054166667E+01  1.8058333333E+01  3.72739E-02  3.16472E-01
  1.8058333333E+01  1.8062500000E+01  3.74215E-02  2.96958E-01
  1.8062500000E+01  1.8066666667E+01  3.76256E-02  2.87665E-01
  1.8066666667E+01  1.8070833333E+01  3.78131E-02  2.91932E-01
  1.8070833333E+01  1.8075000000E+01  3.80043E-02  3.16066E-01
  1.8075000000E+01  1.8079166667E+01  3.81936E-02  3.28474E-01
  1.8079166667E+01  1.8083333333E+01  3.83827E-02  3.26938E-01
  1.8083333333E+01  1.8087500000E+01  3.86970E-02  3.48431E-01
  1.8087500000E+01  1.8091666667E+01  3.89129E-02  3.44672E-01
  1.8091666667E+01  1.8095833333E+01  3.91114E-02  3.05623E-01
  1.8095833333E+01  1.8100000000E+01  3.93360E-02  3.42710E-01
  1.8100000000E+01  1.8104166667E+01  3.95355E-02  3.23708E-01
  1.8104166667E+01  1.8108333333E+01  3.97104E-02  3.09358E-01
  1.8108333333E+01  1.8112500000E+01  3.99590E-02  3.05206E-01
  1.8112500000E+01  1.8116666667E+01  4.02303E-02  3.39035E-01
  1.8116666667E+01  1.8120833333E+01  4.05101E-02  3.17618E-01
  1.8120833333E+01  1.8125000000E+01  4.07232E-02  3.05774E-01
  1.8125000000E+01  1.8129166667E+01  4.10583E-02  3.08996E-01
  1.8129166667E+01  1.8133333333E+01  4.11845E-02  3.00127E-01
  1.8133333333E+01  1.8137500000E+01  4.14964E-02  2.79946E-01
  1.8137500000E+01  1.8141666667E+01  4.18691E-02  2.92764E-01
  1.8141666667E+01  1.8145833333E+01  4.21479E-02  3.13162E-01
  1.8145833333E+01  1.8150000000E+01  4.23677E-02  3.09651E-01
  1.8150000000E+01  1.8154166667E+01  4.26598E-02  3.17621E-01
  1.8154166667E+01  1.8158333333E+01  4.30386E-02  3.04627E-01
  1.8158333333E+01  1.8162500000E+01  4.34553E-02  3.53227E-01
  1.8162500000E+01  1.8166666667E+01  4.38506E-02  3.12120E-01
  1.8166666667E+01  1.8170833333E+01  4.41114E-02  3.30498E-01
  1.8170833333E+01  1.8175000000E+01  4.44205E-02  3.17107E-01
  1.8175000000E+01  1.8179166667E+01  4.47044E-02  3.08578E-01
  1.8179166667E+01  1.8183333333E+01  4.50672E-02  3.10292E-01
  1.8183333333E+01  1.8187500000E+01  4.54366E-02  2.86390E-01
  1.8187500000E+01  1.8191666667E+01  4.58629E-02  2.99282E-01
  1.8191666667E+01  1.8195833333E+01  4.63886E-02  3.11388E-01
  1.8195833333E+01  1.8200000000E+01  4.67537E-02  2.92469E-01
  1.8200000000E+01  1.8204166667E+01  4.72597E-02  2.89484E-01
  1.8204166667E+01  1.8208333333E+01  4.77529E-02  3.12018E-01
  1.8208333333E+01  1.8212500000E+01  4.82677E-02  3.26896E-01
  1.8212500000E+01  1.8216666667E+01  4.88214E-02  3.24682E-01
  1.8216666667E+01  1.8220833333E+01  4.93224E-02  2.99533E-01
  1.8220833333E+01  1.8225000000E+01  4.99185E-02  3.01081E-01
  1.8225000000E+01  1.8229166667E+01  5.04225E-02  3.09845E-01
  1.8229166667E+01  1.8233333333E+01  5.10438E-02  2.98115E-01
  1.8233333333E+01  1.8237500000E+01  5.18681E-02  3.44407E-01
  1.8237500000E+01  1.8241666667E+01  5.24601E-02  3.20657E-01
  1.8241666667E+01  1.8245833333E+01  5.31828E-02  3.12923E-01
  1.8245833333E+01  1.8250000000E+01  5.40365E-02  3.06004E-01
  1.8250000000E+01  1.8254166667E+01  5.48845E-02  3.54751E-01
  1.8254166667E+01  1.8258333333E+01  5.57159E-02  3.38951E-01
  1.8258333333E+01  1.8262500000E+01  5.64396E-02  3.18797E-01
  1.8262500000E+01  1.8266666667E+01  5.74385E-02  3.47498E-01
  1.8266666667E+01  1.8270833333E+01  5.82851E-02  3.38135E-01
  1.8270833333E+01  1.8275000000E+01  5.93407E-02  3.39342E-01
  1.8275000000E+01  1.8279166667E+01  6.04293E-02  3.35260E-01
  1.8279166667E+01  1.8283333333E+01  6.14958E-02  3.35745E-01
  1.8283333333E+01  1.8287500000E+01  6.25319E-02  3.46055E-01
  1.8287500000E+01  1.8291666667E+01  6.35553E-02  3.54953E-01
  1.8291666667E+01  1.8295833333E+01  6.47672E-02  3.48806E-01
  1.8295833333E+01  1.8300000000E+01  6.58707E-02  3.37868E-01
  1.8300000000E+01  1.8304166667E+01  6.70490E-02  3.37956E-01
  1.8304166667E+01  1.8308333333E+01  6.80856E-02  3.32139E-01
  1.8308333333E+01  1.8312500000E+01  6.91479E-02  3.38187E-01
  1.8312500000E+01  1.8316666667E+01  7.03982E-02  3.40911E-01
  1.8316666667E+01  1.8320833333E+01  7.14078E-02  3.31273E-01
  1.8320833333E+01  1.8325000000E+01  7.22290E-02  2.97392E-01
  1.8325000000E+01  1.8329166667E+01  7.29968E-02  3.07643E-01
  1.8329166667E+01  1.8333333333E+01  7.38965E-02  3.04593E-01
  1.8333333333E+01  1.8337500000E+01  7.49290E-02  3.23982E-01
  1.8337500000E+01  1.8341666667E+01  7.55176E-02  3.35570E-01
  1.8341666667E+01  1.8345833333E+01  7.58863E-02  3.55903E-01
  1.8345833333E+01  1.8350000000E+01  7.59922E-02  3.13747E-01
  1.8350000000E+01  1.8354166667E+01  7.61106E-02  3.11889E-01
  1.8354166667E+01  1.8358333333E+01  7.60991E-02  3.45239E-01
  1.8358333333E+01  1.8362500000E+01  7.58381E-02  3.21512E-01
  1.8362500000E+01  1.8366666667E+01  7.53055E-02  3.55255E-01
  1.8366666667E+01  1.8370833333E+01  7.40712E-02  3.94156E-01
  1.8370833333E+01  1.8375000000E+01  7.30405E-02  4.17636E-01
  1.8375000000E+01  1.8379166667E+01  7.19428E-02  4.20624E-01
  1.8379166667E+01  1.8383333333E+01  7.05000E-02  4.84048E-01
  1.8383333333E+01  1.8387500000E+01  6.83672E-02  4.75584E-01
  1.8387500000E+01  1.8391666667E+01  6.61718E-02  4.71347E-01
  1.8391666667E+01  1.8395833333E+01  6.38683E-02  5.20346E-01
  1.8395833333E+01  1.8400000000E+01  6.16368E-02  4.95732E-01
  1.8400000000E+01  1.8404166667E+01  5.88558E-02  4.67662E-01
  1.8404166667E+01  1.8408333333E+01  5.60657E-02  5.07633E-01
  1.8408333333E+01  1.8412500000E+01  5.30567E-02  5.33149E-01
  1.8412500000E+01  1.8416666667E+01  4.99990E-02  5.60245E-01
  1.8416666667E+01  1.8420833333E+01  4.68223E-02  5.62322E-01
  1.8420833333E+01  1.8425000000E+01  4.34617E-02  6.79844E-01
  1.8425000000E+01  1.8429166667E+01  4.02106E-02  6.18592E-01
  1.8429166667E+01  1.8433333333E+01  3.68586E-02  6.33043E-01
  1.8433333333E+01  1.8437500000E+01  3.39825E-02  7.22593E-01
  1.8437500000E+01  1.8441666667E+01  3.11029E-02  7.32653E-01
  1.8441666667E+01  1.8445833333E+01  2.83511E-02  7.17637E-01
  1.8445833333E+01  1.8450000000E+01  2.54556E-02  7.22700E-01
  1.8450000000E+01  1.8454166667E+01  2.28321E-02  7.46032E-01
  1.8454166667E+01  1.8458333333E+01  2.02232E-02  7.20820E-01
  1.8458333333E+01  1.8462500000E+01  1.78900E-02  8.80645E-01
  1.8462500000E+01  1.8466666667E+01  1.57044E-02  9.46425E-01
  1.8466666667E+01  1.8470833333E+01  1.38076E-02  9.00324E-01
  1.8470833333E+01  1.8475000000E+01  1.18327E-02  1.10059E+00
  1.8475000000E+01  1.8479166667E+01  1.01696E-02  1.15239E+00
  1.8479166667E+01  1.8483333333E+01  8.76790E-03  1.20271E+00
  1.8483333333E+01  1.8487500000E+01  7.51402E-03  1.31795E+00
  1.8487500000E+01  1.8491666667E+01  6.32797E-03  1.42526E+00
  1.8491666667E+01  1.8495833333E+01  5.28558E-03  2.05801E+00
  1.8495833333E+01  1.8500000000E+01  4.44352E-03  2.01895E+00
  1.8500000000E+01  1.8504166667E+01  3.66585E-03  2.16710E+00
  1.8504166667E+01  1.8508333333E+01  2.97778E-03  2.36601E+00
  1.8508333333E+01  1.8512500000E+01  2.35046E-03  2.51260E+00
  1.8512500000E+01  1.8516666667E+01  1.94562E-03  2.69652E+00
  1.8516666667E+01  1.8520833333E+01  1.61707E-03  3.06871E+00
  1.8520833333E+01  1.8525000000E+01  1.29975E-03  3.67448E+00
  1.8525000000E+01  1.8529166667E+01  1.00239E-03  4.76082E+00
  1.8529166667E+01  1.8533333333E+01  7.95577E-04  5.04415E+00
  1.8533333333E+01  1.8537500000E+01  5.91613E-04  5.57966E+00
  1.8537500000E+01  1.8541666667E+01  4.83169E-04  6.47773E+00
  1.8541666667E+01  1.8545833333E+01  3.80752E-04  7.14263E+00
  1.8545833333E+01  1.8550000000E+01  2.62622E-04  7.93921E+00
  1.8550000000E+01  1.8554166667E+01  2.06844E-04  9.70097E+00
  1.8554166667E+01  1.8558333333E+01  1.58448E-04  1.05861E+01
  1.8558333333E+01  1.8562500000E+01  1.24120E-04  1.14754E+01
  1.8562500000E+01  1.8566666667E+01  8.89218E-05  1.54380E+01
  1.8566666667E+01  1.8570833333E+01  8.09554E-05  1.50008E+01
  1.8570833333E+01  1.8575000000E+01  5.05224E-05  1.84387E+01
  1.8575000000E+01  1.8579166667E+01  3.70190E-05  2.55400E+01
  1.8579166667E+01  1.8583333333E+01  2.60228E-05  2.79759E+01
  1.8583333333E+01  1.8587500000E+01  1.72410E-05  3.23254E+01
  1.8587500000E+01  1.8591666667E+01  9.85404E-06  4.59123E+01
  1.8591666667E+01  1.8595833333E+01  6.17786E-06  5.38396E+01
  1.8595833333E+01  1.8600000000E+01  7.62328E-06  5.85829E+01
  1.8600000000E+01  1.8604166667E+01  2.03415E-06  1.00000E+02
  1.8604166667E+01  1.8608333333E+01  0.00000E+00  0.00000E+00
  1.8608333333E+01  1.8612500000E+01  1.02694E-06  1.00000E+02
  1.8612500000E+01  1.8616666667E+01  1.42688E-06  1.00000E+02
  1.8616666667E+01  1.8620833333E+01  3.03952E-07  1.00000E+02
  1.8620833333E+01  1.8625000000E+01  1.52734E-06  1.00000E+02
  1.8625000000E+01  1.8629166667E+01  1.50765E-06  1.00000E+02
  1.8629166667E+01  1.8633333333E+01  8.03322E-08  1.00000E+02
  1.8633333333E+01  1.8637500000E+01  2.95891E-07  1.00000E+02
  1.8637500000E+01  1.8641666667E+01  2.95891E-07  1.00000E+02
  1.8641666667E+01  1.8645833333E+01  2.95891E-07  1.00000E+02
  1.8645833333E+01  1.8650000000E+01  2.95891E-07  1.00000E+02
  1.8650000000E+01  1.8654166667E+01  2.95891E-07  1.00000E+02
  1.8654166667E+01  1.8658333333E+01  2.95891E-07  1.00000E+02
  1.8658333333E+01  1.8662500000E+01  2.95891E-07  1.00000E+02
  1.8662500000E+01  1.8666666667E+01  2.97961E-07  9.92959E+01
  1.8666666667E+01  1.8670833333E+01  2.95891E-07  1.00000E+02
  1.8670833333E+01  1.8675000000E+01  2.95891E-07  1.00000E+02
  1.8675000000E+01  1.8679166667E+01  1.24987E-06  7.95292E+01
  1.8679166667E+01  1.8683333333E+01  3.03318E-07  9.75408E+01
  1.8683333333E+01  1.8687500000E+01  2.95891E-07  1.00000E+02
  1.8687500000E+01  1.8691666667E+01  7.59143E-07  7.15722E+01
  1.8691666667E+01  1.8695833333E+01  7.94370E-07  7.14324E+01
  1.8695833333E+01  1.8700000000E+01  9.06128E-07  7.31275E+01
  1.8700000000E+01  1.8704166667E+01  9.12764E-07  7.32328E+01
  1.8704166667E+01  1.8708333333E+01  9.12764E-07  7.32328E+01
  1.8708333333E+01  1.8712500000E+01  9.12764E-07  7.32328E+01
  1.8712500000E+01  1.8716666667E+01  9.12764E-07  7.32328E+01
  1.8716666667E+01  1.8720833333E+01  8.97980E-07  7.29985E+01
  1.8720833333E+01  1.8725000000E+01  8.93997E-07  7.29356E+01
  1.8725000000E+01  1.8729166667E+01  8.93997E-07  7.29356E+01
  1.8729166667E+01  1.8733333333E+01  8.93997E-07  7.29356E+01
  1.8733333333E+01  1.8737500000E+01  9.50471E-07  7.38322E+01
  1.8737500000E+01  1.8741666667E+01  1.45548E-06  5.91713E+01
  1.8741666667E+01  1.8745833333E+01  9.83259E-07  7.43514E+01
  1.8745833333E+01  1.8750000000E+01  9.86623E-07  7.44044E+01
  1.8750000000E+01  1.8754166667E+01  1.00015E-06  7.46065E+01
  1.8754166667E+01  1.8758333333E+01  1.00805E-06  7.43505E+01
  1.8758333333E+01  1.8762500000E+01  1.02438E-06  7.46008E+01
  1.8762500000E+01  1.8766666667E+01  1.04963E-06  7.49846E+01
  1.8766666667E+01  1.8770833333E+01  1.05858E-06  7.51196E+01
  1.8770833333E+01  1.8775000000E+01  1.17675E-06  7.68307E+01
  1.8775000000E+01  1.8779166667E+01  1.18581E-06  7.69559E+01
  1.8779166667E+01  1.8783333333E+01  1.27035E-06  7.63073E+01
  1.8783333333E+01  1.8787500000E+01  1.31297E-06  7.86138E+01
  1.8787500000E+01  1.8791666667E+01  1.39448E-06  7.95808E+01
  1.8791666667E+01  1.8795833333E+01  1.48763E-06  8.05993E+01
  1.8795833333E+01  1.8800000000E+01  1.58652E-06  8.15500E+01
  1.8800000000E+01  1.8804166667E+01  1.74070E-06  8.29578E+01
  1.8804166667E+01  1.8808333333E+01  1.99942E-06  8.42378E+01
  1.8808333333E+01  1.8812500000E+01  2.61495E-06  8.70153E+01
  1.8812500000E+01  1.8816666667E+01  3.58549E-06  9.02876E+01
  1.8816666667E+01  1.8820833333E+01  3.62443E-07  1.00000E+02
  1.8820833333E+01  1.8825000000E+01  3.62443E-07  1.00000E+02
  1.8825000000E+01  1.8829166667E+01  3.62443E-07  1.00000E+02
  1.8829166667E+01  1.8833333333E+01  3.62443E-07  1.00000E+02
  1.8833333333E+01  1.8837500000E+01  3.62443E-07  1.00000E+02
  1.8837500000E+01  1.8841666667E+01  3.62443E-07  1.00000E+02
  1.8841666667E+01  1.8845833333E+01  3.62443E-07  1.00000E+02
  1.8845833333E+01  1.8850000000E+01  7.88737E-08  1.00000E+02
  1.8850000000E+01  1.8854166667E+01  0.00000E+00  0.00000E+00
  1.8854166667E+01  1.8858333333E+01  0.00000E+00  0.00000E+00
  1.8858333333E+01  1.8862500000E+01  0.00000E+00  0.00000E+00
  1.8862500000E+01  1.8866666667E+01  0.00000E+00  0.00000E+00
  1.8866666667E+01  1.8870833333E+01  0.00000E+00  0.00000E+00
  1.8870833333E+01  1.8875000000E+01  0.00000E+00  0.00000E+00
  1.8875000000E+01  1.8879166667E+01  0.00000E+00  0.00000E+00
  1.8879166667E+01  1.8883333333E+01  7.13300E-14  1.00000E+02
  1.8883333333E+01  1.8887500000E+01  0.00000E+00  0.00000E+00
  1.8887500000E+01  1.8891666667E+01  0.00000E+00  0.00000E+00
  1.8891666667E+01  1.8895833333E+01  0.00000E+00  0.00000E+00
  1.8895833333E+01  1.8900000000E+01  0.00000E+00  0.00000E+00
  1.8900000000E+01  1.8904166667E+01  0.00000E+00  0.00000E+00
  1.8904166667E+01  1.8908333333E+01  0.00000E+00  0.00000E+00
  1.8908333333E+01  1.8912500000E+01  1.76774E-14  1.00000E+02
  1.8912500000E+01  1.8916666667E+01  0.00000E+00  0.00000E+00
  1.8916666667E+01  1.8920833333E+01  0.00000E+00  0.00000E+00
  1.8920833333E+01  1.8925000000E+01  0.00000E+00  0.00000E+00
  1.8925000000E+01  1.8929166667E+01  0.00000E+00  0.00000E+00
  1.8929166667E+01  1.8933333333E+01  0.00000E+00  0.00000E+00
  1.8933333333E+01  1.8937500000E+01  0.00000E+00  0.00000E+00
  1.8937500000E+01  1.8941666667E+01  0.00000E+00  0.00000E+00
  1.8941666667E+01  1.8945833333E+01  0.00000E+00  0.00000E+00
  1.8945833333E+01  1.8950000000E+01  0.00000E+00  0.00000E+00
  1.8950000000E+01  1.8954166667E+01  0.00000E+00  0.00000E+00
  1.8954166667E+01  1.8958333333E+01  0.00000E+00  0.00000E+00
  1.8958333333E+01  1.8962500000E+01  6.72922E-11  9.99908E+01
  1.8962500000E+01  1.8966666667E+01  0.00000E+00  0.00000E+00
  1.8966666667E+01  1.8970833333E+01  0.00000E+00  0.00000E+00
  1.8970833333E+01  1.8975000000E+01  0.00000E+00  0.00000E+00
  1.8975000000E+01  1.8979166667E+01  0.00000E+00  0.00000E+00
  1.8979166667E+01  1.8983333333E+01  0.00000E+00  0.00000E+00
  1.8983333333E+01  1.8987500000E+01  0.00000E+00  0.00000E+00
  1.8987500000E+01  1.8991666667E+01  0.00000E+00  0.00000E+00
  1.8991666667E+01  1.8995833333E+01  0.00000E+00  0.00000E+00
  1.8995833333E+01  1.9000000000E+01  0.00000E+00  0.00000E+00
  1.9000000000E+01  1.9004166667E+01  0.00000E+00  0.00000E+00
  1.9004166667E+01  1.9008333333E+01  1.49786E-10  1.00000E+02
  1.9008333333E+01  1.9012500000E+01  0.00000E+00  0.00000E+00
  1.9012500000E+01  1.9016666667E+01  0.00000E+00  0.00000E+00
  1.9016666667E+01  1.9020833333E+01  0.00000E+00  0.00000E+00
  1.9020833333E+01  1.9025000000E+01  1.54910E-14  1.00000E+02
  1.9025000000E+01  1.9029166667E+01  0.00000E+00  0.00000E+00
  1.9029166667E+01  1.9033333333E+01  0.00000E+00  0.00000E+00
  1.9033333333E+01  1.9037500000E+01  0.00000E+00  0.00000E+00
  1.9037500000E+01  1.9041666667E+01  0.00000E+00  0.00000E+00
  1.9041666667E+01  1.9045833333E+01  0.00000E+00  0.00000E+00
  1.9045833333E+01  1.9050000000E+01  1.54910E-14  1.00000E+02
  1.9050000000E+01  1.9054166667E+01  0.00000E+00  0.00000E+00
  1.9054166667E+01  1.9058333333E+01  0.00000E+00  0.00000E+00
  1.9058333333E+01  1.9062500000E+01  0.00000E+00  0.00000E+00
  1.9062500000E+01  1.9066666667E+01  0.00000E+00  0.00000E+00
  1.9066666667E+01  1.9070833333E+01  0.00000E+00  0.00000E+00
  1.9070833333E+01  1.9075000000E+01  0.00000E+00  0.00000E+00
  1.9075000000E+01  1.9079166667E+01  0.00000E+00  0.00000E+00
  1.9079166667E+01  1.9083333333E+01  0.00000E+00  0.00000E+00
  1.9083333333E+01  1.9087500000E+01  0.00000E+00  0.00000E+00
  1.9087500000E+01  1.9091666667E+01  0.00000E+00  0.00000E+00
  1.9091666667E+01  1.9095833333E+01  0.00000E+00  0.00000E+00
  1.9095833333E+01  1.9100000000E+01  0.00000E+00  0.00000E+00
  1.9100000000E+01  1.9104166667E+01  0.00000E+00  0.00000E+00
  1.9104166667E+01  1.9108333333E+01  0.00000E+00  0.00000E+00
  1.9108333333E+01  1.9112500000E+01  0.00000E+00  0.00000E+00
  1.9112500000E+01  1.9116666667E+01  0.00000E+00  0.00000E+00
  1.9116666667E+01  1.9120833333E+01  0.00000E+00  0.00000E+00
  1.9120833333E+01  1.9125000000E+01  0.00000E+00  0.00000E+00
  1.9125000000E+01  1.9129166667E+01  0.00000E+00  0.00000E+00
  1.9129166667E+01  1.9133333333E+01  0.00000E+00  0.00000E+00
  1.9133333333E+01  1.9137500000E+01  0.00000E+00  0.00000E+00
  1.9137500000E+01  1.9141666667E+01  0.00000E+00  0.00000E+00
  1.9141666667E+01  1.9145833333E+01  0.00000E+00  0.00000E+00
  1.9145833333E+01  1.9150000000E+01  0.00000E+00  0.00000E+00
  1.9150000000E+01  1.9154166667E+01  0.00000E+00  0.00000E+00
  1.9154166667E+01  1.9158333333E+01  0.00000E+00  0.00000E+00
  1.9158333333E+01  1.9162500000E+01  0.00000E+00  0.00000E+00
  1.9162500000E+01  1.9166666667E+01  0.00000E+00  0.00000E+00
  1.9166666667E+01  1.9170833333E+01  0.00000E+00  0.00000E+00
  1.9170833333E+01  1.9175000000E+01  4.15944E-07  1.00000E+02
  1.9175000000E+01  1.9179166667E+01  0.00000E+00  0.00000E+00
  1.9179166667E+01  1.9183333333E+01  0.00000E+00  0.00000E+00
  1.9183333333E+01  1.9187500000E+01  0.00000E+00  0.00000E+00
  1.9187500000E+01  1.9191666667E+01  0.00000E+00  0.00000E+00
  1.9191666667E+01  1.9195833333E+01  0.00000E+00  0.00000E+00
  1.9195833333E+01  1.9200000000E+01  0.00000E+00  0.00000E+00
  1.9200000000E+01  1.9204166667E+01  0.00000E+00  0.00000E+00
  1.9204166667E+01  1.9208333333E+01  0.00000E+00  0.00000E+00
  1.9208333333E+01  1.9212500000E+01  0.00000E+00  0.00000E+00
  1.9212500000E+01  1.9216666667E+01  0.00000E+00  0.00000E+00
  1.9216666667E+01  1.9220833333E+01  0.00000E+00  0.00000E+00
  1.9220833333E+01  1.9225000000E+01  0.00000E+00  0.00000E+00
  1.9225000000E+01  1.9229166667E+01  0.00000E+00  0.00000E+00
  1.9229166667E+01  1.9233333333E+01  0.00000E+00  0.00000E+00
  1.9233333333E+01  1.9237500000E+01  0.00000E+00  0.00000E+00
  1.9237500000E+01  1.9241666667E+01  0.00000E+00  0.00000E+00
  1.9241666667E+01  1.9245833333E+01  0.00000E+00  0.00000E+00
  1.9245833333E+01  1.9250000000E+01  0.00000E+00  0.00000E+00
  1.9250000000E+01  1.9254166667E+01  0.00000E+00  0.00000E+00
  1.9254166667E+01  1.9258333333E+01  0.00000E+00  0.00000E+00
  1.9258333333E+01  1.9262500000E+01  0.00000E+00  0.00000E+00
  1.9262500000E+01  1.9266666667E+01  0.00000E+00  0.00000E+00
  1.9266666667E+01  1.9270833333E+01  0.00000E+00  0.00000E+00
  1.9270833333E+01  1.9275000000E+01  0.00000E+00  0.00000E+00
  1.9275000000E+01  1.9279166667E+01  0.00000E+00  0.00000E+00
  1.9279166667E+01  1.9283333333E+01  0.00000E+00  0.00000E+00
  1.9283333333E+01  1.9287500000E+01  0.00000E+00  0.00000E+00
  1.9287500000E+01  1.9291666667E+01  0.00000E+00  0.00000E+00
  1.9291666667E+01  1.9295833333E+01  0.00000E+00  0.00000E+00
  1.9295833333E+01  1.9300000000E+01  0.00000E+00  0.00000E+00
  1.9300000000E+01  1.9304166667E+01  0.00000E+00  0.00000E+00
  1.9304166667E+01  1.9308333333E+01  0.00000E+00  0.00000E+00
  1.9308333333E+01  1.9312500000E+01  0.00000E+00  0.00000E+00
  1.9312500000E+01  1.9316666667E+01  0.00000E+00  0.00000E+00
  1.9316666667E+01  1.9320833333E+01  0.00000E+00  0.00000E+00
  1.9320833333E+01  1.9325000000E+01  6.69373E-14  1.00000E+02
  1.9325000000E+01  1.9329166667E+01  0.00000E+00  0.00000E+00
  1.9329166667E+01  1.9333333333E+01  0.00000E+00  0.00000E+00
  1.9333333333E+01  1.9337500000E+01  0.00000E+00  0.00000E+00
  1.9337500000E+01  1.9341666667E+01  0.00000E+00  0.00000E+00
  1.9341666667E+01  1.9345833333E+01  0.00000E+00  0.00000E+00
  1.9345833333E+01  1.9350000000E+01  0.00000E+00  0.00000E+00
  1.9350000000E+01  1.9354166667E+01  0.00000E+00  0.00000E+00
  1.9354166667E+01  1.9358333333E+01  0.00000E+00  0.00000E+00
  1.9358333333E+01  1.9362500000E+01  0.00000E+00  0.00000E+00
  1.9362500000E+01  1.9366666667E+01  0.00000E+00  0.00000E+00
  1.9366666667E+01  1.9370833333E+01  0.00000E+00  0.00000E+00
  1.9370833333E+01  1.9375000000E+01  0.00000E+00  0.00000E+00
  1.9375000000E+01  1.9379166667E+01  0.00000E+00  0.00000E+00
  1.9379166667E+01  1.9383333333E+01  1.13496E-10  1.00000E+02
  1.9383333333E+01  1.9387500000E+01  0.00000E+00  0.00000E+00
  1.9387500000E+01  1.9391666667E+01  0.00000E+00  0.00000E+00
  1.9391666667E+01  1.9395833333E+01  0.00000E+00  0.00000E+00
  1.9395833333E+01  1.9400000000E+01  0.00000E+00  0.00000E+00
  1.9400000000E+01  1.9404166667E+01  0.00000E+00  0.00000E+00
  1.9404166667E+01  1.9408333333E+01  0.00000E+00  0.00000E+00
  1.9408333333E+01  1.9412500000E+01  0.00000E+00  0.00000E+00
  1.9412500000E+01  1.9416666667E+01  0.00000E+00  0.00000E+00
  1.9416666667E+01  1.9420833333E+01  0.00000E+00  0.00000E+00
  1.9420833333E+01  1.9425000000E+01  0.00000E+00  0.00000E+00
  1.9425000000E+01  1.9429166667E+01  0.00000E+00  0.00000E+00
  1.9429166667E+01  1.9433333333E+01  0.00000E+00  0.00000E+00
  1.9433333333E+01  1.9437500000E+01  0.00000E+00  0.00000E+00
  1.9437500000E+01  1.9441666667E+01  0.00000E+00  0.00000E+00
  1.9441666667E+01  1.9445833333E+01  0.00000E+00  0.00000E+00
  1.9445833333E+01  1.9450000000E+01  0.00000E+00  0.00000E+00
  1.9450000000E+01  1.9454166667E+01  0.00000E+00  0.00000E+00
  1.9454166667E+01  1.9458333333E+01  0.00000E+00  0.00000E+00
  1.9458333333E+01  1.9462500000E+01  0.00000E+00  0.00000E+00
  1.9462500000E+01  1.9466666667E+01  0.00000E+00  0.00000E+00
  1.9466666667E+01  1.9470833333E+01  0.00000E+00  0.00000E+00
  1.9470833333E+01  1.9475000000E+01  0.00000E+00  0.00000E+00
  1.9475000000E+01  1.9479166667E+01  0.00000E+00  0.00000E+00
  1.9479166667E+01  1.9483333333E+01  0.00000E+00  0.00000E+00
  1.9483333333E+01  1.9487500000E+01  0.00000E+00  0.00000E+00
  1.9487500000E+01  1.9491666667E+01  0.00000E+00  0.00000E+00
  1.9491666667E+01  1.9495833333E+01  0.00000E+00  0.00000E+00
  1.9495833333E+01  1.9500000000E+01  0.00000E+00  0.00000E+00
  1.9500000000E+01  1.9504166667E+01  7.00764E-06  1.00000E+02
  1.9504166667E+01  1.9508333333E+01  2.01702E-05  1.00000E+02
  1.9508333333E+01  1.9512500000E+01  0.00000E+00  0.00000E+00
  1.9512500000E+01  1.9516666667E+01  0.00000E+00  0.00000E+00
  1.9516666667E+01  1.9520833333E+01  0.00000E+00  0.00000E+00
  1.9520833333E+01  1.9525000000E+01  0.00000E+00  0.00000E+00
  1.9525000000E+01  1.9529166667E+01  0.00000E+00  0.00000E+00
  1.9529166667E+01  1.9533333333E+01  0.00000E+00  0.00000E+00
  1.9533333333E+01  1.9537500000E+01  0.00000E+00  0.00000E+00
  1.9537500000E+01  1.9541666667E+01  2.73655E-14  1.00000E+02
  1.9541666667E+01  1.9545833333E+01  0.00000E+00  0.00000E+00
  1.9545833333E+01  1.9550000000E+01  0.00000E+00  0.00000E+00
  1.9550000000E+01  1.9554166667E+01  0.00000E+00  0.00000E+00
  1.9554166667E+01  1.9558333333E+01  3.32410E-14  1.00000E+02
  1.9558333333E+01  1.9562500000E+01  0.00000E+00  0.00000E+00
  1.9562500000E+01  1.9566666667E+01  0.00000E+00  0.00000E+00
  1.9566666667E+01  1.9570833333E+01  3.32410E-14  1.00000E+02
  1.9570833333E+01  1.9575000000E+01  0.00000E+00  0.00000E+00
  1.9575000000E+01  1.9579166667E+01  0.00000E+00  0.00000E+00
  1.9579166667E+01  1.9583333333E+01  0.00000E+00  0.00000E+00
  1.9583333333E+01  1.9587500000E+01  0.00000E+00  0.00000E+00
  1.9587500000E+01  1.9591666667E+01  0.00000E+00  0.00000E+00
  1.9591666667E+01  1.9595833333E+01  0.00000E+00  0.00000E+00
  1.9595833333E+01  1.9600000000E+01  1.38065E-13  1.00000E+02
  1.9600000000E+01  1.9604166667E+01  0.00000E+00  0.00000E+00
  1.9604166667E+01  1.9608333333E+01  0.00000E+00  0.00000E+00
  1.9608333333E+01  1.9612500000E+01  0.00000E+00  0.00000E+00
  1.9612500000E+01  1.9616666667E+01  0.00000E+00  0.00000E+00
  1.9616666667E+01  1.9620833333E+01  3.95717E-14  1.00000E+02
  1.9620833333E+01  1.9625000000E+01  0.00000E+00  0.00000E+00
  1.9625000000E+01  1.9629166667E+01  0.00000E+00  0.00000E+00
  1.9629166667E+01  1.9633333333E+01  0.00000E+00  0.00000E+00
  1.9633333333E+01  1.9637500000E+01  0.00000E+00  0.00000E+00
  1.9637500000E+01  1.9641666667E+01  0.00000E+00  0.00000E+00
  1.9641666667E+01  1.9645833333E+01  0.00000E+00  0.00000E+00
  1.9645833333E+01  1.9650000000E+01  0.00000E+00  0.00000E+00
  1.9650000000E+01  1.9654166667E+01  0.00000E+00  0.00000E+00
  1.9654166667E+01  1.9658333333E+01  0.00000E+00  0.00000E+00
  1.9658333333E+01  1.9662500000E+01  0.00000E+00  0.00000E+00
  1.9662500000E+01  1.9666666667E+01  0.00000E+00  0.00000E+00
  1.9666666667E+01  1.9670833333E+01  0.00000E+00  0.00000E+00
  1.9670833333E+01  1.9675000000E+01  0.00000E+00  0.00000E+00
  1.9675000000E+01  1.9679166667E+01  0.00000E+00  0.00000E+00
  1.9679166667E+01  1.9683333333E+01  0.00000E+00  0.00000E+00
  1.9683333333E+01  1.9687500000E+01  0.00000E+00  0.00000E+00
  1.9687500000E+01  1.9691666667E+01  0.00000E+00  0.00000E+00
  1.9691666667E+01  1.9695833333E+01  0.00000E+00  0.00000E+00
  1.9695833333E+01  1.9700000000E+01  0.00000E+00  0.00000E+00
  1.9700000000E+01  1.9704166667E+01  0.00000E+00  0.00000E+00
  1.9704166667E+01  1.9708333333E+01  0.00000E+00  0.00000E+00
  1.9708333333E+01  1.9712500000E+01  0.00000E+00  0.00000E+00
  1.9712500000E+01  1.9716666667E+01  7.13300E-14  1.00000E+02
  1.9716666667E+01  1.9720833333E+01  0.00000E+00  0.00000E+00
  1.9720833333E+01  1.9725000000E+01  0.00000E+00  0.00000E+00
  1.9725000000E+01  1.9729166667E+01  0.00000E+00  0.00000E+00
  1.9729166667E+01  1.9733333333E+01  0.00000E+00  0.00000E+00
  1.9733333333E+01  1.9737500000E+01  0.00000E+00  0.00000E+00
  1.9737500000E+01  1.9741666667E+01  0.00000E+00  0.00000E+00
  1.9741666667E+01  1.9745833333E+01  0.00000E+00  0.00000E+00
  1.9745833333E+01  1.9750000000E+01  0.00000E+00  0.00000E+00
  1.9750000000E+01  1.9754166667E+01  0.00000E+00  0.00000E+00
  1.9754166667E+01  1.9758333333E+01  0.00000E+00  0.00000E+00
  1.9758333333E+01  1.9762500000E+01  9.64597E-11  1.00000E+02
  1.9762500000E+01  1.9766666667E+01  0.00000E+00  0.00000E+00
  1.9766666667E+01  1.9770833333E+01  0.00000E+00  0.00000E+00
  1.9770833333E+01  1.9775000000E+01  0.00000E+00  0.00000E+00
  1.9775000000E+01  1.9779166667E+01  0.00000E+00  0.00000E+00
  1.9779166667E+01  1.9783333333E+01  0.00000E+00  0.00000E+00
  1.9783333333E+01  1.9787500000E+01  0.00000E+00  0.00000E+00
  1.9787500000E+01  1.9791666667E+01  0.00000E+00  0.00000E+00
  1.9791666667E+01  1.9795833333E+01  0.00000E+00  0.00000E+00
  1.9795833333E+01  1.9800000000E+01  0.00000E+00  0.00000E+00
  1.9800000000E+01  1.9804166667E+01  3.84335E-11  1.00000E+02
  1.9804166667E+01  1.9808333333E+01  0.00000E+00  0.00000E+00
  1.9808333333E+01  1.9812500000E+01  0.00000E+00  0.00000E+00
  1.9812500000E+01  1.9816666667E+01  0.00000E+00  0.00000E+00
  1.9816666667E+01  1.9820833333E+01  0.00000E+00  0.00000E+00
  1.9820833333E+01  1.9825000000E+01  0.00000E+00  0.00000E+00
  1.9825000000E+01  1.9829166667E+01  0.00000E+00  0.00000E+00
  1.9829166667E+01  1.9833333333E+01  6.18571E-14  1.00000E+02
  1.9833333333E+01  1.9837500000E+01  0.00000E+00  0.00000E+00
  1.9837500000E+01  1.9841666667E+01  0.00000E+00  0.00000E+00
  1.9841666667E+01  1.9845833333E+01  7.19129E-08  1.00000E+02
  1.9845833333E+01  1.9850000000E+01  0.00000E+00  0.00000E+00
  1.9850000000E+01  1.9854166667E+01  0.00000E+00  0.00000E+00
  1.9854166667E+01  1.9858333333E+01  2.49761E-14  1.00000E+02
  1.9858333333E+01  1.9862500000E+01  0.00000E+00  0.00000E+00
  1.9862500000E+01  1.9866666667E+01  0.00000E+00  0.00000E+00
  1.9866666667E+01  1.9870833333E+01  0.00000E+00  0.00000E+00
  1.9870833333E+01  1.9875000000E+01  0.00000E+00  0.00000E+00
  1.9875000000E+01  1.9879166667E+01  5.62251E-11  9.99548E+01
  1.9879166667E+01  1.9883333333E+01  5.91819E-07  9.99683E+01
  1.9883333333E+01  1.9887500000E+01  0.00000E+00  0.00000E+00
  1.9887500000E+01  1.9891666667E+01  0.00000E+00  0.00000E+00
  1.9891666667E+01  1.9895833333E+01  0.00000E+00  0.00000E+00
  1.9895833333E+01  1.9900000000E+01  0.00000E+00  0.00000E+00
  1.9900000000E+01  1.9904166667E+01  0.00000E+00  0.00000E+00
  1.9904166667E+01  1.9908333333E+01  0.00000E+00  0.00000E+00
  1.9908333333E+01  1.9912500000E+01  0.00000E+00  0.00000E+00
  1.9912500000E+01  1.9916666667E+01  0.00000E+00  0.00000E+00
  1.9916666667E+01  1.9920833333E+01  0.00000E+00  0.00000E+00
  1.9920833333E+01  1.9925000000E+01  0.00000E+00  0.00000E+00
  1.9925000000E+01  1.9929166667E+01  0.00000E+00  0.00000E+00
  1.9929166667E+01  1.9933333333E+01  0.00000E+00  0.00000E+00
  1.9933333333E+01  1.9937500000E+01  0.00000E+00  0.00000E+00
  1.9937500000E+01  1.9941666667E+01  0.00000E+00  0.00000E+00
  1.9941666667E+01  1.9945833333E+01  0.00000E+00  0.00000E+00
  1.9945833333E+01  1.9950000000E+01  0.00000E+00  0.00000E+00
  1.9950000000E+01  1.9954166667E+01  0.00000E+00  0.00000E+00
  1.9954166667E+01  1.9958333333E+01  0.00000E+00  0.00000E+00
  1.9958333333E+01  1.9962500000E+01  0.00000E+00  0.00000E+00
  1.9962500000E+01  1.9966666667E+01  0.00000E+00  0.00000E+00
  1.9966666667E+01  1.9970833333E+01  0.00000E+00  0.00000E+00
  1.9970833333E+01  1.9975000000E+01  0.00000E+00  0.00000E+00
  1.9975000000E+01  1.9979166667E+01  0.00000E+00  0.00000E+00
  1.9979166667E+01  1.9983333333E+01  0.00000E+00  0.00000E+00
  1.9983333333E+01  1.9987500000E+01  0.00000E+00  0.00000E+00
  1.9987500000E+01  1.9991666667E+01  0.00000E+00  0.00000E+00
  1.9991666667E+01  1.9995833333E+01  0.00000E+00  0.00000E+00
  1.9995833333E+01  2.0000000000E+01  0.00000E+00  0.00000E+00
  2.0000000000E+01  2.0000000000E+01  0.00000E+00  0.00000E+00