# Detector n: 1D Projection
  1.5000000000E+01  1.5004166667E+01  1.33470E-02  5.08909E-01
  1.5004166667E+01  1.5008333333E+01  1.33574E-02  4.62663E-01
  1.5008333333E+01  1.5012500000E+01  1.33770E-02  5.49304E-01
  1.5012500000E+01  1.5016666667E+01  1.33284E-02  4.93732E-01
  1.5016666667E+01  1.5020833333E+01  1.33569E-02  5.32621E-01
  1.5020833333E+01  1.5025000000E+01  1.34549E-02  6.85075E-01
  1.5025000000E+01  1.5029166667E+01  1.33110E-02  4.66708E-01
  1.5029166667E+01  1.5033333333E+01  1.33620E-02  5.22981E-01
  1.5033333333E+01  1.5037500000E+01  1.33822E-02  5.75498E-01
  1.5037500000E+01  1.5041666667E+01  1.33887E-02  7.50153E-01
  1.5041666667E+01  1.5045833333E+01  1.33825E-02  5.55440E-01
  1.5045833333E+01  1.5050000000E+01  1.34706E-02  6.91467E-01
  1.5050000000E+01  1.5054166667E+01  1.32956E-02  4.13831E-01
  1.5054166667E+01  1.5058333333E+01  1.34418E-02  5.88507E-01
  1.5058333333E+01  1.5062500000E+01  1.36157E-02  7.65940E-01
  1.5062500000E+01  1.5066666667E+01  1.36269E-02  8.28119E-01
  1.5066666667E+01  1.5070833333E+01  1.35907E-02  5.99000E-01
  1.5070833333E+01  1.5075000000E+01  1.35593E-02  6.26561E-01
  1.5075000000E+01  1.5079166667E+01  1.36566E-02  8.02597E-01
  1.5079166667E+01  1.5083333333E+01  1.36154E-02  7.42379E-01
  1.5083333333E+01  1.5087500000E+01  1.37045E-02  8.70244E-01
  1.5087500000E+01  1.5091666667E+01  1.34576E-02  5.30400E-01
  1.5091666667E+01  1.5095833333E+01  1.35262E-02  6.06638E-01
  1.5095833333E+01  1.5100000000E+01  1.34566E-02  5.24459E-01
  1.5100000000E+01  1.5104166667E+01  1.34469E-02  4.85057E-01
  1.5104166667E+01  1.5108333333E+01  1.35913E-02  7.67033E-01
  1.5108333333E+01  1.5112500000E+01  1.35583E-02  6.51490E-01
  1.5112500000E+01  1.5116666667E+01  1.36128E-02  6.52074E-01
  1.5116666667E+01  1.5120833333E+01  1.35100E-02  5.54762E-01
  1.5120833333E+01  1.5125000000E+01  1.34680E-02  5.63933E-01
  1.5125000000E+01  1.5129166667E+01  1.33711E-02  4.08008E-01
  1.5129166667E+01  1.5133333333E+01  1.33788E-02  4.14806E-01
  1.5133333333E+01  1.5137500000E+01  1.35062E-02  6.55953E-01
  1.5137500000E+01  1.5141666667E+01  1.34854E-02  5.57102E-01
  1.5141666667E+01  1.5145833333E+01  1.35546E-02  5.38355E-01
  1.5145833333E+01  1.5150000000E+01  1.34961E-02  4.92915E-01
  1.5150000000E+01  1.5154166667E+01  1.35230E-02  6.29148E-01
  1.5154166667E+01  1.5158333333E+01  1.34054E-02  4.00566E-01
  1.5158333333E+01  1.5162500000E+01  1.34489E-02  4.69250E-01
  1.5162500000E+01  1.5166666667E+01  1.35876E-02  5.97700E-01
  1.5166666667E+01  1.5170833333E+01  1.35512E-02  5.99049E-01
  1.5170833333E+01  1.5175000000E+01  1.37463E-02  6.99107E-01
  1.5175000000E+01  1.5179166667E+01  1.38670E-02  8.46730E-01
  1.5179166667E+01  1.5183333333E+01  1.37624E-02  6.12651E-01
  1.5183333333E+01  1.5187500000E+01  1.36789E-02  4.33874E-01
  1.5187500000E+01  1.5191666667E+01  1.38006E-02  5.49711E-01
  1.5191666667E+01  1.5195833333E+01  1.38391E-02  6.54837E-01
  1.5195833333E+01  1.5200000000E+01  1.37876E-02  5.92455E-01
  1.5200000000E+01  1.5204166667E+01  1.37371E-02  4.68007E-01
  1.5204166667E+01  1.5208333333E+01  1.37265E-02  4.68734E-01
  1.5208333333E+01  1.5212500000E+01  1.37735E-02  5.55108E-01
  1.5212500000E+01  1.5216666667E+01  1.38163E-02  5.80513E-01
  1.5216666667E+01  1.5220833333E+01  1.38479E-02  6.36094E-01
  1.5220833333E+01  1.5225000000E+01  1.37293E-02  4.98258E-01
  1.5225000000E+01  1.5229166667E+01  1.37848E-02  5.49014E-01
  1.5229166667E+01  1.5233333333E+01  1.38141E-02  7.17923E-01
  1.5233333333E+01  1.5237500000E+01  1.37980E-02  6.15589E-01
  1.5237500000E+01  1.5241666667E+01  1.37962E-02  5.89765E-01
  1.5241666667E+01  1.5245833333E+01  1.37929E-02  7.51150E-01
  1.5245833333E+01  1.5250000000E+01  1.36293E-02  4.23698E-01
  1.5250000000E+01  1.5254166667E+01  1.36954E-02  5.92326E-01
  1.5254166667E+01  1.5258333333E+01  1.37334E-02  5.51144E-01
  1.5258333333E+01  1.5262500000E+01  1.36632E-02  4.97713E-01
  1.5262500000E+01  1.5266666667E+01  1.36752E-02  5.01120E-01
  1.5266666667E+01  1.5270833333E+01  1.36116E-02  4.43415E-01
  1.5270833333E+01  1.5275000000E+01  1.36650E-02  5.47890E-01
  1.5275000000E+01  1.5279166667E+01  1.36713E-02  5.16497E-01
  1.5279166667E+01  1.5283333333E+01  1.36860E-02  4.97756E-01
  1.5283333333E+01  1.5287500000E+01  1.37606E-02  6.26286E-01
  1.5287500000E+01  1.5291666667E+01  1.37722E-02  7.53661E-01
  1.5291666667E+01  1.5295833333E+01  1.37739E-02  6.42079E-01
  1.5295833333E+01  1.5300000000E+01  1.38259E-02  6.32533E-01
  1.5300000000E+01  1.5304166667E+01  1.36904E-02  4.80289E-01
  1.5304166667E+01  1.5308333333E+01  1.37796E-02  6.08744E-01
  1.5308333333E+01  1.5312500000E+01  1.37794E-02  6.41007E-01
  1.5312500000E+01  1.5316666667E+01  1.37606E-02  5.00737E-01
  1.5316666667E+01  1.5320833333E+01  1.35663E-02  3.67735E-01
  1.5320833333E+01  1.5325000000E+01  1.37439E-02  7.72802E-01
  1.5325000000E+01  1.5329166667E+01  1.37232E-02  5.93006E-01
  1.5329166667E+01  1.5333333333E+01  1.37738E-02  9.08761E-01
  1.5333333333E+01  1.5337500000E+01  1.37077E-02  5.81029E-01
  1.5337500000E+01  1.5341666667E+01  1.37541E-02  5.97574E-01
  1.5341666667E+01  1.5345833333E+01  1.37321E-02  6.64451E-01
  1.5345833333E+01  1.5350000000E+01  1.36788E-02  5.61909E-01
  1.5350000000E+01  1.5354166667E+01  1.35848E-02  4.86756E-01
  1.5354166667E+01  1.5358333333E+01  1.37862E-02  7.46766E-01
  1.5358333333E+01  1.5362500000E+01  1.37506E-02  5.96106E-01
  1.5362500000E+01  1.5366666667E+01  1.37621E-02  6.17748E-01
  1.5366666667E+01  1.5370833333E+01  1.36407E-02  3.92094E-01
  1.5370833333E+01  1.5375000000E+01  1.37119E-02  5.84634E-01
  1.5375000000E+01  1.5379166667E+01  1.37019E-02  4.55321E-01
  1.5379166667E+01  1.5383333333E+01  1.37866E-02  6.50502E-01
  1.5383333333E+01  1.5387500000E+01  1.36460E-02  4.88148E-01
  1.5387500000E+01  1.5391666667E+01  1.37281E-02  4.69649E-01
  1.5391666667E+01  1.5395833333E+01  1.38580E-02  5.30034E-01
  1.5395833333E+01  1.5400000000E+01  1.40808E-02  6.74514E-01
  1.5400000000E+01  1.5404166667E+01  1.40490E-02  6.07615E-01
  1.5404166667E+01  1.5408333333E+01  1.40279E-02  5.62150E-01
  1.5408333333E+01  1.5412500000E+01  1.39470E-02  4.31207E-01
  1.5412500000E+01  1.5416666667E+01  1.39925E-02  4.89914E-01
  1.5416666667E+01  1.5420833333E+01  1.41110E-02  6.42738E-01
  1.5420833333E+01  1.5425000000E+01  1.38971E-02  3.40729E-01
  1.5425000000E+01  1.5429166667E+01  1.39860E-02  4.41896E-01
  1.5429166667E+01  1.5433333333E+01  1.39932E-02  4.34426E-01
  1.5433333333E+01  1.5437500000E+01  1.40860E-02  6.85537E-01
  1.5437500000E+01  1.5441666667E+01  1.40513E-02  5.65599E-01
  1.5441666667E+01  1.5445833333E+01  1.40913E-02  6.26166E-01
  1.5445833333E+01  1.5450000000E+01  1.41147E-02  6.65377E-01
  1.5450000000E+01  1.5454166667E+01  1.39948E-02  4.81695E-01
  1.5454166667E+01  1.5458333333E+01  1.40685E-02  6.45864E-01
  1.5458333333E+01  1.5462500000E+01  1.40303E-02  5.25555E-01
  1.5462500000E+01  1.5466666667E+01  1.39589E-02  4.07391E-01
  1.5466666667E+01  1.5470833333E+01  1.40188E-02  6.46460E-01
  1.5470833333E+01  1.5475000000E+01  1.39919E-02  5.23979E-01
  1.5475000000E+01  1.5479166667E+01  1.42108E-02  7.96198E-01
  1.5479166667E+01  1.5483333333E+01  1.39676E-02  4.95078E-01
  1.5483333333E+01  1.5487500000E+01  1.40361E-02  5.89799E-01
  1.5487500000E+01  1.5491666667E+01  1.40421E-02  5.17350E-01
  1.5491666667E+01  1.5495833333E+01  1.40510E-02  6.23349E-01
  1.5495833333E+01  1.5500000000E+01  1.39613E-02  5.16556E-01
  1.5500000000E+01  1.5504166667E+01  1.40610E-02  5.74653E-01
  1.5504166667E+01  1.5508333333E+01  1.40565E-02  7.00394E-01
  1.5508333333E+01  1.5512500000E+01  1.40195E-02  6.77591E-01
  1.5512500000E+01  1.5516666667E+01  1.40746E-02  7.05617E-01
  1.5516666667E+01  1.5520833333E+01  1.40941E-02  6.90621E-01
  1.5520833333E+01  1.5525000000E+01  1.41331E-02  7.90058E-01
  1.5525000000E+01  1.5529166667E+01  1.40999E-02  7.27188E-01
  1.5529166667E+01  1.5533333333E+01  1.40492E-02  6.61054E-01
  1.5533333333E+01  1.5537500000E+01  1.41673E-02  6.83722E-01
  1.5537500000E+01  1.5541666667E+01  1.40572E-02  5.57831E-01
  1.5541666667E+01  1.5545833333E+01  1.39591E-02  5.73790E-01
  1.5545833333E+01  1.5550000000E+01  1.40742E-02  6.83316E-01
  1.5550000000E+01  1.5554166667E+01  1.39941E-02  6.25847E-01
  1.5554166667E+01  1.5558333333E+01  1.40783E-02  6.80981E-01
  1.5558333333E+01  1.5562500000E+01  1.39267E-02  4.28808E-01
  1.5562500000E+01  1.5566666667E+01  1.40193E-02  4.91177E-01
  1.5566666667E+01  1.5570833333E+01  1.39074E-02  3.52372E-01
  1.5570833333E+01  1.5575000000E+01  1.39837E-02  5.18543E-01
  1.5575000000E+01  1.5579166667E+01  1.40889E-02  5.56653E-01
  1.5579166667E+01  1.5583333333E+01  1.40084E-02  4.42020E-01
  1.5583333333E+01  1.5587500000E+01  1.39487E-02  4.29468E-01
  1.5587500000E+01  1.5591666667E+01  1.39896E-02  4.87478E-01
  1.5591666667E+01  1.5595833333E+01  1.39555E-02  4.05583E-01
  1.5595833333E+01  1.5600000000E+01  1.39529E-02  4.57311E-01
  1.5600000000E+01  1.5604166667E+01  1.40544E-02  6.50933E-01
  1.5604166667E+01  1.5608333333E+01  1.40143E-02  5.19577E-01
  1.5608333333E+01  1.5612500000E+01  1.40325E-02  4.81040E-01
  1.5612500000E+01  1.5616666667E+01  1.40160E-02  4.31341E-01
  1.5616666667E+01  1.5620833333E+01  1.40699E-02  6.48397E-01
  1.5620833333E+01  1.5625000000E+01  1.40195E-02  4.14406E-01
  1.5625000000E+01  1.5629166667E+01  1.40234E-02  3.90401E-01
  1.5629166667E+01  1.5633333333E+01  1.40754E-02  5.59101E-01
  1.5633333333E+01  1.5637500000E+01  1.41041E-02  5.51977E-01
  1.5637500000E+01  1.5641666667E+01  1.40667E-02  4.77554E-01
  1.5641666667E+01  1.5645833333E+01  1.41099E-02  5.31218E-01
  1.5645833333E+01  1.5650000000E+01  1.40453E-02  4.40455E-01
  1.5650000000E+01  1.5654166667E+01  1.41250E-02  5.84914E-01
  1.5654166667E+01  1.5658333333E+01  1.40751E-02  5.24001E-01
  1.5658333333E+01  1.5662500000E+01  1.40843E-02  5.78007E-01
  1.5662500000E+01  1.5666666667E+01  1.41008E-02  5.35536E-01
  1.5666666667E+01  1.5670833333E+01  1.41042E-02  5.92619E-01
  1.5670833333E+01  1.5675000000E+01  1.41112E-02  4.97121E-01
  1.5675000000E+01  1.5679166667E+01  1.42077E-02  6.70089E-01
  1.5679166667E+01  1.5683333333E+01  1.40826E-02  5.09097E-01
  1.5683333333E+01  1.5687500000E+01  1.42213E-02  6.67947E-01
  1.5687500000E+01  1.5691666667E+01  1.41399E-02  5.58527E-01
  1.5691666667E+01  1.5695833333E+01  1.42104E-02  6.19277E-01
  1.5695833333E+01  1.5700000000E+01  1.42332E-02  6.91571E-01
  1.5700000000E+01  1.5704166667E+01  1.41334E-02  5.07471E-01
  1.5704166667E+01  1.5708333333E+01  1.41365E-02  4.91211E-01
  1.5708333333E+01  1.5712500000E+01  1.41325E-02  6.19267E-01
  1.5712500000E+01  1.5716666667E+01  1.41329E-02  5.09541E-01
  1.5716666667E+01  1.5720833333E+01  1.40615E-02  4.54731E-01
  1.5720833333E+01  1.5725000000E+01  1.41283E-02  6.54849E-01
  1.5725000000E+01  1.5729166667E+01  1.41337E-02  5.53297E-01
  1.5729166667E+01  1.5733333333E+01  1.42369E-02  8.45676E-01
  1.5733333333E+01  1.5737500000E+01  1.42518E-02  6.59311E-01
  1.5737500000E+01  1.5741666667E+01  1.41918E-02  4.68410E-01
  1.5741666667E+01  1.5745833333E+01  1.41922E-02  5.35408E-01
  1.5745833333E+01  1.5750000000E+01  1.41814E-02  4.93436E-01
  1.5750000000E+01  1.5754166667E+01  1.42087E-02  6.27779E-01
  1.5754166667E+01  1.5758333333E+01  1.41852E-02  5.34282E-01
  1.5758333333E+01  1.5762500000E+01  1.42231E-02  5.85554E-01
  1.5762500000E+01  1.5766666667E+01  1.41855E-02  5.87897E-01
  1.5766666667E+01  1.5770833333E+01  1.42220E-02  7.22117E-01
  1.5770833333E+01  1.5775000000E+01  1.41691E-02  4.78659E-01
  1.5775000000E+01  1.5779166667E+01  1.41645E-02  3.87734E-01
  1.5779166667E+01  1.5783333333E+01  1.43670E-02  6.74771E-01
  1.5783333333E+01  1.5787500000E+01  1.42383E-02  5.91212E-01
  1.5787500000E+01  1.5791666667E+01  1.42180E-02  4.53719E-01
  1.5791666667E+01  1.5795833333E+01  1.42099E-02  4.46955E-01
  1.5795833333E+01  1.5800000000E+01  1.43045E-02  5.77066E-01
  1.5800000000E+01  1.5804166667E+01  1.43617E-02  6.54723E-01
  1.5804166667E+01  1.5808333333E+01  1.43166E-02  4.73271E-01
  1.5808333333E+01  1.5812500000E+01  1.43573E-02  4.63514E-01
  1.5812500000E+01  1.5816666667E+01  1.44165E-02  5.06753E-01
  1.5816666667E+01  1.5820833333E+01  1.43825E-02  3.84260E-01
  1.5820833333E+01  1.5825000000E+01  1.43626E-02  3.53255E-01
  1.5825000000E+01  1.5829166667E+01  1.44438E-02  4.89251E-01
  1.5829166667E+01  1.5833333333E+01  1.44607E-02  5.11074E-01
  1.5833333333E+01  1.5837500000E+01  1.43831E-02  4.03527E-01
  1.5837500000E+01  1.5841666667E+01  1.45613E-02  6.64160E-01
  1.5841666667E+01  1.5845833333E+01  1.45578E-02  4.92008E-01
  1.5845833333E+01  1.5850000000E+01  1.44805E-02  5.41057E-01
  1.5850000000E+01  1.5854166667E+01  1.45680E-02  6.78783E-01
  1.5854166667E+01  1.5858333333E+01  1.45728E-02  5.58825E-01
  1.5858333333E+01  1.5862500000E+01  1.44704E-02  4.12285E-01
  1.5862500000E+01  1.5866666667E+01  1.45116E-02  5.60930E-01
  1.5866666667E+01  1.5870833333E+01  1.44267E-02  4.81328E-01
  1.5870833333E+01  1.5875000000E+01  1.44509E-02  4.67759E-01
  1.5875000000E+01  1.5879166667E+01  1.45381E-02  5.38301E-01
  1.5879166667E+01  1.5883333333E+01  1.44762E-02  5.30714E-01
  1.5883333333E+01  1.5887500000E+01  1.45817E-02  5.99632E-01
  1.5887500000E+01  1.5891666667E+01  1.45107E-02  4.27446E-01
  1.5891666667E+01  1.5895833333E+01  1.45345E-02  5.16583E-01
  1.5895833333E+01  1.5900000000E+01  1.44412E-02  4.56025E-01
  1.5900000000E+01  1.5904166667E+01  1.44706E-02  3.87887E-01
  1.5904166667E+01  1.5908333333E+01  1.44927E-02  4.66880E-01
  1.5908333333E+01  1.5912500000E+01  1.45378E-02  5.21829E-01
  1.5912500000E+01  1.5916666667E+01  1.46060E-02  5.52069E-01
  1.5916666667E+01  1.5920833333E+01  1.45715E-02  4.67185E-01
  1.5920833333E+01  1.5925000000E+01  1.46923E-02  7.36071E-01
  1.5925000000E+01  1.5929166667E+01  1.45965E-02  5.70396E-01
  1.5929166667E+01  1.5933333333E+01  1.45664E-02  4.67249E-01
  1.5933333333E+01  1.5937500000E+01  1.45964E-02  5.24475E-01
  1.5937500000E+01  1.5941666667E+01  1.45140E-02  5.37673E-01
  1.5941666667E+01  1.5945833333E+01  1.44862E-02  4.11177E-01
  1.5945833333E+01  1.5950000000E+01  1.45690E-02  4.48699E-01
  1.5950000000E+01  1.5954166667E+01  1.46670E-02  5.52109E-01
  1.5954166667E+01  1.5958333333E+01  1.46262E-02  4.55858E-01
  1.5958333333E+01  1.5962500000E+01  1.46153E-02  5.33282E-01
  1.5962500000E+01  1.5966666667E+01  1.45322E-02  4.04124E-01
  1.5966666667E+01  1.5970833333E+01  1.47046E-02  6.46028E-01
  1.5970833333E+01  1.5975000000E+01  1.45782E-02  3.84025E-01
  1.5975000000E+01  1.5979166667E+01  1.47511E-02  7.54667E-01
  1.5979166667E+01  1.5983333333E+01  1.46656E-02  6.36973E-01
  1.5983333333E+01  1.5987500000E+01  1.45492E-02  4.02268E-01
  1.5987500000E+01  1.5991666667E+01  1.46064E-02  5.99410E-01
  1.5991666667E+01  1.5995833333E+01  1.45962E-02  4.62489E-01
  1.5995833333E+01  1.6000000000E+01  1.46235E-02  4.76151E-01
  1.6000000000E+01  1.6004166667E+01  1.46023E-02  4.08747E-01
  1.6004166667E+01  1.6008333333E+01  1.45202E-02  3.23059E-01
  1.6008333333E+01  1.6012500000E+01  1.46464E-02  5.28487E-01
  1.6012500000E+01  1.6016666667E+01  1.46422E-02  4.01382E-01
  1.6016666667E+01  1.6020833333E+01  1.46251E-02  4.05592E-01
  1.6020833333E+01  1.6025000000E+01  1.46612E-02  4.54256E-01
  1.6025000000E+01  1.6029166667E+01  1.46470E-02  4.63108E-01
  1.6029166667E+01  1.6033333333E+01  1.46678E-02  3.98490E-01
  1.6033333333E+01  1.6037500000E+01  1.48193E-02  6.42676E-01
  1.6037500000E+01  1.6041666667E+01  1.48495E-02  6.31968E-01
  1.6041666667E+01  1.6045833333E+01  1.47924E-02  5.95458E-01
  1.6045833333E+01  1.6050000000E+01  1.47993E-02  6.04905E-01
  1.6050000000E+01  1.6054166667E+01  1.46889E-02  4.00926E-01
  1.6054166667E+01  1.6058333333E+01  1.48231E-02  5.86831E-01
  1.6058333333E+01  1.6062500000E+01  1.48914E-02  5.36273E-01
  1.6062500000E+01  1.6066666667E+01  1.47407E-02  4.00840E-01
  1.6066666667E+01  1.6070833333E+01  1.48231E-02  5.70386E-01
  1.6070833333E+01  1.6075000000E+01  1.48100E-02  5.35272E-01
  1.6075000000E+01  1.6079166667E+01  1.48983E-02  5.62797E-01
  1.6079166667E+01  1.6083333333E+01  1.48194E-02  5.30307E-01
  1.6083333333E+01  1.6087500000E+01  1.48270E-02  5.53522E-01
  1.6087500000E+01  1.6091666667E+01  1.48258E-02  5.17915E-01
  1.6091666667E+01  1.6095833333E+01  1.48013E-02  4.07413E-01
  1.6095833333E+01  1.6100000000E+01  1.49231E-02  5.07677E-01
  1.6100000000E+01  1.6104166667E+01  1.48600E-02  5.32772E-01
  1.6104166667E+01  1.6108333333E+01  1.48546E-02  6.20143E-01
  1.6108333333E+01  1.6112500000E+01  1.49202E-02  5.48247E-01
  1.6112500000E+01  1.6116666667E+01  1.49041E-02  5.94718E-01
  1.6116666667E+01  1.6120833333E+01  1.48054E-02  4.53760E-01
  1.6120833333E+01  1.6125000000E+01  1.48620E-02  5.02792E-01
  1.6125000000E+01  1.6129166667E+01  1.48222E-02  4.63490E-01
  1.6129166667E+01  1.6133333333E+01  1.49033E-02  5.32617E-01
  1.6133333333E+01  1.6137500000E+01  1.49478E-02  5.83216E-01
  1.6137500000E+01  1.6141666667E+01  1.49619E-02  5.75641E-01
  1.6141666667E+01  1.6145833333E+01  1.50049E-02  5.82020E-01
  1.6145833333E+01  1.6150000000E+01  1.49019E-02  4.33176E-01
  1.6150000000E+01  1.6154166667E+01  1.50192E-02  5.87080E-01
  1.6154166667E+01  1.6158333333E+01  1.50397E-02  5.57465E-01
  1.6158333333E+01  1.6162500000E+01  1.49796E-02  4.05782E-01
  1.6162500000E+01  1.6166666667E+01  1.51483E-02  6.25141E-01
  1.6166666667E+01  1.6170833333E+01  1.51453E-02  5.81815E-01
  1.6170833333E+01  1.6175000000E+01  1.50648E-02  5.31559E-01
  1.6175000000E+01  1.6179166667E+01  1.50734E-02  4.52298E-01
  1.6179166667E+01  1.6183333333E+01  1.51328E-02  5.52126E-01
  1.6183333333E+01  1.6187500000E+01  1.51106E-02  5.42387E-01
  1.6187500000E+01  1.6191666667E+01  1.51045E-02  5.10326E-01
  1.6191666667E+01  1.6195833333E+01  1.50844E-02  4.53318E-01
  1.6195833333E+01  1.6200000000E+01  1.51065E-02  4.48416E-01
  1.6200000000E+01  1.6204166667E+01  1.51403E-02  4.87700E-01
  1.6204166667E+01  1.6208333333E+01  1.52414E-02  5.62648E-01
  1.6208333333E+01  1.6212500000E+01  1.50901E-02  3.96761E-01
  1.6212500000E+01  1.6216666667E+01  1.52671E-02  5.48892E-01
  1.6216666667E+01  1.6220833333E+01  1.51973E-02  3.63796E-01
  1.6220833333E+01  1.6225000000E+01  1.52947E-02  5.22595E-01
  1.6225000000E+01  1.6229166667E+01  1.52777E-02  4.85669E-01
  1.6229166667E+01  1.6233333333E+01  1.52336E-02  4.33698E-01
  1.6233333333E+01  1.6237500000E+01  1.52657E-02  4.09095E-01
  1.6237500000E+01  1.6241666667E+01  1.53582E-02  5.68761E-01
  1.6241666667E+01  1.6245833333E+01  1.52911E-02  5.35074E-01
  1.6245833333E+01  1.6250000000E+01  1.52410E-02  4.07312E-01
  1.6250000000E+01  1.6254166667E+01  1.52388E-02  4.82122E-01
  1.6254166667E+01  1.6258333333E+01  1.52885E-02  5.24814E-01
  1.6258333333E+01  1.6262500000E+01  1.54518E-02  6.92105E-01
  1.6262500000E+01  1.6266666667E+01  1.53781E-02  7.03673E-01
  1.6266666667E+01  1.6270833333E+01  1.52624E-02  4.17128E-01
  1.6270833333E+01  1.6275000000E+01  1.52571E-02  4.27345E-01
  1.6275000000E+01  1.6279166667E+01  1.54582E-02  6.86561E-01
  1.6279166667E+01  1.6283333333E+01  1.53389E-02  5.19344E-01
  1.6283333333E+01  1.6287500000E+01  1.53010E-02  4.61605E-01
  1.6287500000E+01  1.6291666667E+01  1.53439E-02  4.87082E-01
  1.6291666667E+01  1.6295833333E+01  1.53708E-02  6.23817E-01
  1.6295833333E+01  1.6300000000E+01  1.53436E-02  4.75446E-01
  1.6300000000E+01  1.6304166667E+01  1.54288E-02  5.75410E-01
  1.6304166667E+01  1.6308333333E+01  1.53521E-02  5.02290E-01
  1.6308333333E+01  1.6312500000E+01  1.53063E-02  4.83386E-01
  1.6312500000E+01  1.6316666667E+01  1.53968E-02  5.47263E-01
  1.6316666667E+01  1.6320833333E+01  1.53537E-02  4.78950E-01
  1.6320833333E+01  1.6325000000E+01  1.54042E-02  5.10768E-01
  1.6325000000E+01  1.6329166667E+01  1.54468E-02  5.39230E-01
  1.6329166667E+01  1.6333333333E+01  1.54628E-02  5.67866E-01
  1.6333333333E+01  1.6337500000E+01  1.54067E-02  3.84427E-01
  1.6337500000E+01  1.6341666667E+01  1.54573E-02  4.27970E-01
  1.6341666667E+01  1.6345833333E+01  1.53954E-02  4.26630E-01
  1.6345833333E+01  1.6350000000E+01  1.55068E-02  5.62325E-01
  1.6350000000E+01  1.6354166667E+01  1.54377E-02  4.92006E-01
  1.6354166667E+01  1.6358333333E+01  1.54419E-02  4.19831E-01
  1.6358333333E+01  1.6362500000E+01  1.54700E-02  4.86197E-01
  1.6362500000E+01  1.6366666667E+01  1.54649E-02  4.34038E-01
  1.6366666667E+01  1.6370833333E+01  1.55767E-02  5.73389E-01
  1.6370833333E+01  1.6375000000E+01  1.55354E-02  6.23046E-01
  1.6375000000E+01  1.6379166667E+01  1.55707E-02  5.75275E-01
  1.6379166667E+01  1.6383333333E+01  1.54882E-02  4.42929E-01
  1.6383333333E+01  1.6387500000E+01  1.55571E-02  4.93228E-01
  1.6387500000E+01  1.6391666667E+01  1.55514E-02  4.37346E-01
  1.6391666667E+01  1.6395833333E+01  1.56186E-02  5.46003E-01
  1.6395833333E+01  1.6400000000E+01  1.56474E-02  5.34020E-01
  1.6400000000E+01  1.6404166667E+01  1.56836E-02  5.52347E-01
  1.6404166667E+01  1.6408333333E+01  1.55680E-02  3.61632E-01
  1.6408333333E+01  1.6412500000E+01  1.57159E-02  5.13595E-01
  1.6412500000E+01  1.6416666667E+01  1.56099E-02  3.98872E-01
  1.6416666667E+01  1.6420833333E+01  1.56644E-02  4.03184E-01
  1.6420833333E+01  1.6425000000E+01  1.57336E-02  4.84277E-01
  1.6425000000E+01  1.6429166667E+01  1.57093E-02  3.79606E-01
  1.6429166667E+01  1.6433333333E+01  1.58538E-02  6.15490E-01
  1.6433333333E+01  1.6437500000E+01  1.57535E-02  4.26992E-01
  1.6437500000E+01  1.6441666667E+01  1.59049E-02  4.91848E-01
  1.6441666667E+01  1.6445833333E+01  1.58660E-02  4.72372E-01
  1.6445833333E+01  1.6450000000E+01  1.57779E-02  3.60960E-01
  1.6450000000E+01  1.6454166667E+01  1.58942E-02  5.49243E-01
  1.6454166667E+01  1.6458333333E+01  1.58933E-02  5.21795E-01
  1.6458333333E+01  1.6462500000E+01  1.58286E-02  4.26241E-01
  1.6462500000E+01  1.6466666667E+01  1.59124E-02  4.43836E-01
  1.6466666667E+01  1.6470833333E+01  1.58281E-02  4.11923E-01
  1.6470833333E+01  1.6475000000E+01  1.58913E-02  5.64065E-01
  1.6475000000E+01  1.6479166667E+01  1.58655E-02  5.26986E-01
  1.6479166667E+01  1.6483333333E+01  1.58658E-02  4.43565E-01
  1.6483333333E+01  1.6487500000E+01  1.59331E-02  4.78944E-01
  1.6487500000E+01  1.6491666667E+01  1.58423E-02  3.88089E-01
  1.6491666667E+01  1.6495833333E+01  1.59736E-02  5.20218E-01
  1.6495833333E+01  1.6500000000E+01  1.61259E-02  5.87561E-01
  1.6500000000E+01  1.6504166667E+01  1.60664E-02  5.98819E-01
  1.6504166667E+01  1.6508333333E+01  1.59921E-02  5.15645E-01
  1.6508333333E+01  1.6512500000E+01  1.60115E-02  5.45071E-01
  1.6512500000E+01  1.6516666667E+01  1.59244E-02  4.27862E-01
  1.6516666667E+01  1.6520833333E+01  1.59827E-02  4.26366E-01
  1.6520833333E+01  1.6525000000E+01  1.60273E-02  4.36548E-01
  1.6525000000E+01  1.6529166667E+01  1.61489E-02  5.23422E-01
  1.6529166667E+01  1.6533333333E+01  1.61189E-02  4.28200E-01
  1.6533333333E+01  1.6537500000E+01  1.60874E-02  5.08360E-01
  1.6537500000E+01  1.6541666667E+01  1.61744E-02  5.13090E-01
  1.6541666667E+01  1.6545833333E+01  1.61871E-02  4.76602E-01
  1.6545833333E+01  1.6550000000E+01  1.61042E-02  4.68796E-01
  1.6550000000E+01  1.6554166667E+01  1.61702E-02  5.57409E-01
  1.6554166667E+01  1.6558333333E+01  1.61535E-02  4.46826E-01
  1.6558333333E+01  1.6562500000E+01  1.62241E-02  5.12785E-01
  1.6562500000E+01  1.6566666667E+01  1.61255E-02  4.05791E-01
  1.6566666667E+01  1.6570833333E+01  1.62172E-02  4.83715E-01
  1.6570833333E+01  1.6575000000E+01  1.62335E-02  4.95168E-01
  1.6575000000E+01  1.6579166667E+01  1.64662E-02  7.77770E-01
  1.6579166667E+01  1.6583333333E+01  1.62610E-02  5.22709E-01
  1.6583333333E+01  1.6587500000E+01  1.62925E-02  6.00891E-01
  1.6587500000E+01  1.6591666667E+01  1.62648E-02  4.58482E-01
  1.6591666667E+01  1.6595833333E+01  1.62165E-02  4.35805E-01
  1.6595833333E+01  1.6600000000E+01  1.64196E-02  6.74799E-01
  1.6600000000E+01  1.6604166667E+01  1.61986E-02  4.06242E-01
  1.6604166667E+01  1.6608333333E+01  1.62402E-02  4.08454E-01
  1.6608333333E+01  1.6612500000E+01  1.64714E-02  6.72518E-01
  1.6612500000E+01  1.6616666667E+01  1.63143E-02  4.09574E-01
  1.6616666667E+01  1.6620833333E+01  1.62849E-02  3.74265E-01
  1.6620833333E+01  1.6625000000E+01  1.63726E-02  4.47048E-01
  1.6625000000E+01  1.6629166667E+01  1.63063E-02  3.25538E-01
  1.6629166667E+01  1.6633333333E+01  1.64271E-02  4.87310E-01
  1.6633333333E+01  1.6637500000E+01  1.63235E-02  3.73215E-01
  1.6637500000E+01  1.6641666667E+01  1.64098E-02  4.46489E-01
  1.6641666667E+01  1.6645833333E+01  1.64567E-02  4.76518E-01
  1.6645833333E+01  1.6650000000E+01  1.65447E-02  5.37498E-01
  1.6650000000E+01  1.6654166667E+01  1.65655E-02  4.58973E-01
  1.6654166667E+01  1.6658333333E+01  1.66911E-02  6.78873E-01
  1.6658333333E+01  1.6662500000E+01  1.65925E-02  4.27524E-01
  1.6662500000E+01  1.6666666667E+01  1.66534E-02  4.81360E-01
  1.6666666667E+01  1.6670833333E+01  1.67055E-02  5.26802E-01
  1.6670833333E+01  1.6675000000E+01  1.66106E-02  3.86117E-01
  1.6675000000E+01  1.6679166667E+01  1.66333E-02  4.36653E-01
  1.6679166667E+01  1.6683333333E+01  1.66475E-02  4.19991E-01
  1.6683333333E+01  1.6687500000E+01  1.67659E-02  5.07819E-01
  1.6687500000E+01  1.6691666667E+01  1.68579E-02  5.82514E-01
  1.6691666667E+01  1.6695833333E+01  1.67585E-02  4.09009E-01
  1.6695833333E+01  1.6700000000E+01  1.67410E-02  4.40670E-01
  1.6700000000E+01  1.6704166667E+01  1.68105E-02  5.07885E-01
  1.6704166667E+01  1.6708333333E+01  1.68437E-02  4.95165E-01
  1.6708333333E+01  1.6712500000E+01  1.68771E-02  4.93333E-01
  1.6712500000E+01  1.6716666667E+01  1.69380E-02  3.87617E-01
  1.6716666667E+01  1.6720833333E+01  1.69893E-02  5.28268E-01
  1.6720833333E+01  1.6725000000E+01  1.69514E-02  4.84843E-01
  1.6725000000E+01  1.6729166667E+01  1.70189E-02  4.62326E-01
  1.6729166667E+01  1.6733333333E+01  1.70627E-02  4.94797E-01
  1.6733333333E+01  1.6737500000E+01  1.70928E-02  5.90348E-01
  1.6737500000E+01  1.6741666667E+01  1.70197E-02  4.34861E-01
  1.6741666667E+01  1.6745833333E+01  1.70565E-02  5.02563E-01
  1.6745833333E+01  1.6750000000E+01  1.69918E-02  4.75204E-01
  1.6750000000E+01  1.6754166667E+01  1.69734E-02  3.90893E-01
  1.6754166667E+01  1.6758333333E+01  1.70752E-02  4.70498E-01
  1.6758333333E+01  1.6762500000E+01  1.72787E-02  6.63406E-01
  1.6762500000E+01  1.6766666667E+01  1.71387E-02  4.28178E-01
  1.6766666667E+01  1.6770833333E+01  1.71416E-02  4.32379E-01
  1.6770833333E+01  1.6775000000E+01  1.71197E-02  4.49087E-01
  1.6775000000E+01  1.6779166667E+01  1.71959E-02  5.19739E-01
  1.6779166667E+01  1.6783333333E+01  1.71263E-02  3.82649E-01
  1.6783333333E+01  1.6787500000E+01  1.72776E-02  5.61044E-01
  1.6787500000E+01  1.6791666667E+01  1.72313E-02  5.08889E-01
  1.6791666667E+01  1.6795833333E+01  1.72528E-02  5.66234E-01
  1.6795833333E+01  1.6800000000E+01  1.72094E-02  4.62274E-01
  1.6800000000E+01  1.6804166667E+01  1.72793E-02  4.96550E-01
  1.6804166667E+01  1.6808333333E+01  1.72992E-02  4.83719E-01
  1.6808333333E+01  1.6812500000E+01  1.73457E-02  4.77722E-01
  1.6812500000E+01  1.6816666667E+01  1.72716E-02  4.06444E-01
  1.6816666667E+01  1.6820833333E+01  1.73169E-02  4.82656E-01
  1.6820833333E+01  1.6825000000E+01  1.73692E-02  4.35536E-01
  1.6825000000E+01  1.6829166667E+01  1.73365E-02  4.36917E-01
  1.6829166667E+01  1.6833333333E+01  1.74118E-02  4.79304E-01
  1.6833333333E+01  1.6837500000E+01  1.73864E-02  4.33232E-01
  1.6837500000E+01  1.6841666667E+01  1.74476E-02  4.76243E-01
  1.6841666667E+01  1.6845833333E+01  1.74891E-02  4.68396E-01
  1.6845833333E+01  1.6850000000E+01  1.75216E-02  4.32072E-01
  1.6850000000E+01  1.6854166667E+01  1.74879E-02  4.48363E-01
  1.6854166667E+01  1.6858333333E+01  1.76418E-02  5.37780E-01
  1.6858333333E+01  1.6862500000E+01  1.75528E-02  4.34818E-01
  1.6862500000E+01  1.6866666667E+01  1.76201E-02  4.05690E-01
  1.6866666667E+01  1.6870833333E+01  1.77513E-02  4.87625E-01
  1.6870833333E+01  1.6875000000E+01  1.78167E-02  5.13632E-01
  1.6875000000E+01  1.6879166667E+01  1.78313E-02  6.84407E-01
  1.6879166667E+01  1.6883333333E+01  1.78310E-02  4.94935E-01
  1.6883333333E+01  1.6887500000E+01  1.78781E-02  5.64832E-01
  1.6887500000E+01  1.6891666667E+01  1.79251E-02  5.91614E-01
  1.6891666667E+01  1.6895833333E+01  1.79198E-02  4.63017E-01
  1.6895833333E+01  1.6900000000E+01  1.79430E-02  5.04056E-01
  1.6900000000E+01  1.6904166667E+01  1.79135E-02  4.37255E-01
  1.6904166667E+01  1.6908333333E+01  1.79489E-02  4.77254E-01
  1.6908333333E+01  1.6912500000E+01  1.79533E-02  4.35596E-01
  1.6912500000E+01  1.6916666667E+01  1.79735E-02  4.46705E-01
  1.6916666667E+01  1.6920833333E+01  1.80319E-02  4.37968E-01
  1.6920833333E+01  1.6925000000E+01  1.80843E-02  4.84508E-01
  1.6925000000E+01  1.6929166667E+01  1.80854E-02  5.16174E-01
  1.6929166667E+01  1.6933333333E+01  1.81176E-02  4.57536E-01
  1.6933333333E+01  1.6937500000E+01  1.81649E-02  5.09432E-01
  1.6937500000E+01  1.6941666667E+01  1.82160E-02  5.16975E-01
  1.6941666667E+01  1.6945833333E+01  1.82803E-02  5.85236E-01
  1.6945833333E+01  1.6950000000E+01  1.81251E-02  4.17365E-01
  1.6950000000E+01  1.6954166667E+01  1.82588E-02  5.05863E-01
  1.6954166667E+01  1.6958333333E+01  1.83609E-02  5.28410E-01
  1.6958333333E+01  1.6962500000E+01  1.83278E-02  4.39573E-01
  1.6962500000E+01  1.6966666667E+01  1.83684E-02  4.48144E-01
  1.6966666667E+01  1.6970833333E+01  1.83176E-02  3.75073E-01
  1.6970833333E+01  1.6975000000E+01  1.84406E-02  5.62771E-01
  1.6975000000E+01  1.6979166667E+01  1.83794E-02  5.08798E-01
  1.6979166667E+01  1.6983333333E+01  1.84268E-02  5.40469E-01
  1.6983333333E+01  1.6987500000E+01  1.85578E-02  5.78307E-01
  1.6987500000E+01  1.6991666667E+01  1.84679E-02  4.34398E-01
  1.6991666667E+01  1.6995833333E+01  1.85817E-02  4.97471E-01
  1.6995833333E+01  1.7000000000E+01  1.86199E-02  5.24688E-01
  1.7000000000E+01  1.7004166667E+01  1.85856E-02  5.15435E-01
  1.7004166667E+01  1.7008333333E+01  1.85855E-02  4.18713E-01
  1.7008333333E+01  1.7012500000E+01  1.87914E-02  5.52695E-01
  1.7012500000E+01  1.7016666667E+01  1.87231E-02  5.09419E-01
  1.7016666667E+01  1.7020833333E+01  1.87958E-02  5.44944E-01
  1.7020833333E+01  1.7025000000E+01  1.89497E-02  5.48667E-01
  1.7025000000E+01  1.7029166667E+01  1.89046E-02  4.96456E-01
  1.7029166667E+01  1.7033333333E+01  1.88901E-02  4.36615E-01
  1.7033333333E+01  1.7037500000E+01  1.89601E-02  4.70151E-01
  1.7037500000E+01  1.7041666667E+01  1.90440E-02  4.79454E-01
  1.7041666667E+01  1.7045833333E+01  1.89738E-02  4.02726E-01
  1.7045833333E+01  1.7050000000E+01  1.90540E-02  4.55768E-01
  1.7050000000E+01  1.7054166667E+01  1.90312E-02  4.13500E-01
  1.7054166667E+01  1.7058333333E+01  1.92575E-02  5.75407E-01
  1.7058333333E+01  1.7062500000E+01  1.91969E-02  4.15923E-01
  1.7062500000E+01  1.7066666667E+01  1.92285E-02  5.64067E-01
  1.7066666667E+01  1.7070833333E+01  1.93006E-02  4.62537E-01
  1.7070833333E+01  1.7075000000E+01  1.92155E-02  3.71303E-01
  1.7075000000E+01  1.7079166667E+01  1.93664E-02  4.90569E-01
  1.7079166667E+01  1.7083333333E+01  1.95304E-02  5.82355E-01
  1.7083333333E+01  1.7087500000E+01  1.95449E-02  5.30851E-01
  1.7087500000E+01  1.7091666667E+01  1.94564E-02  3.78257E-01
  1.7091666667E+01  1.7095833333E+01  1.95051E-02  3.95528E-01
  1.7095833333E+01  1.7100000000E+01  1.95330E-02  4.34768E-01
  1.7100000000E+01  1.7104166667E+01  1.95816E-02  4.19608E-01
  1.7104166667E+01  1.7108333333E+01  1.95979E-02  4.44956E-01
  1.7108333333E+01  1.7112500000E+01  1.96718E-02  4.51991E-01
  1.7112500000E+01  1.7116666667E+01  1.97418E-02  5.41259E-01
  1.7116666667E+01  1.7120833333E+01  1.98541E-02  4.93044E-01
  1.7120833333E+01  1.7125000000E+01  1.98080E-02  4.75734E-01
  1.7125000000E+01  1.7129166667E+01  1.98065E-02  4.32753E-01
  1.7129166667E+01  1.7133333333E+01  1.98848E-02  3.92992E-01
  1.7133333333E+01  1.7137500000E+01  1.99865E-02  4.51475E-01
  1.7137500000E+01  1.7141666667E+01  1.99745E-02  3.79402E-01
  1.7141666667E+01  1.7145833333E+01  2.01606E-02  4.77438E-01
  1.7145833333E+01  1.7150000000E+01  2.01199E-02  4.28557E-01
  1.7150000000E+01  1.7154166667E+01  2.01452E-02  4.27820E-01
  1.7154166667E+01  1.7158333333E+01  2.02437E-02  4.60648E-01
  1.7158333333E+01  1.7162500000E+01  2.03503E-02  5.42306E-01
  1.7162500000E+01  1.7166666667E+01  2.03352E-02  4.55718E-01
  1.7166666667E+01  1.7170833333E+01  2.03580E-02  4.72537E-01
  1.7170833333E+01  1.7175000000E+01  2.03752E-02  3.98835E-01
  1.7175000000E+01  1.7179166667E+01  2.05213E-02  4.35743E-01
  1.7179166667E+01  1.7183333333E+01  2.05092E-02  4.18576E-01
  1.7183333333E+01  1.7187500000E+01  2.05662E-02  3.83027E-01
  1.7187500000E+01  1.7191666667E+01  2.05781E-02  4.22697E-01
  1.7191666667E+01  1.7195833333E+01  2.06136E-02  3.70271E-01
  1.7195833333E+01  1.7200000000E+01  2.07950E-02  4.90247E-01
  1.7200000000E+01  1.7204166667E+01  2.08063E-02  4.19015E-01
  1.7204166667E+01  1.7208333333E+01  2.08264E-02  4.35597E-01
  1.7208333333E+01  1.7212500000E+01  2.07825E-02  3.53044E-01
  1.7212500000E+01  1.7216666667E+01  2.09227E-02  4.69260E-01
  1.7216666667E+01  1.7220833333E+01  2.09969E-02  4.69802E-01
  1.7220833333E+01  1.7225000000E+01  2.10110E-02  3.62042E-01
  1.7225000000E+01  1.7229166667E+01  2.09968E-02  3.23830E-01
  1.7229166667E+01  1.7233333333E+01  2.11019E-02  3.71124E-01
  1.7233333333E+01  1.7237500000E+01  2.12660E-02  4.82262E-01
  1.7237500000E+01  1.7241666667E+01  2.13295E-02  4.62792E-01
  1.7241666667E+01  1.7245833333E+01  2.14160E-02  4.17955E-01
  1.7245833333E+01  1.7250000000E+01  2.13838E-02  3.54349E-01
  1.7250000000E+01  1.7254166667E+01  2.15488E-02  4.35703E-01
  1.7254166667E+01  1.7258333333E+01  2.15805E-02  3.65393E-01
  1.7258333333E+01  1.7262500000E+01  2.15911E-02  2.94051E-01
  1.7262500000E+01  1.7266666667E+01  2.17406E-02  3.27259E-01
  1.7266666667E+01  1.7270833333E+01  2.17724E-02  4.03365E-01
  1.7270833333E+01  1.7275000000E+01  2.18197E-02  4.09120E-01
  1.7275000000E+01  1.7279166667E+01  2.18124E-02  3.31974E-01
  1.7279166667E+01  1.7283333333E+01  2.18935E-02  3.99462E-01
  1.7283333333E+01  1.7287500000E+01  2.21041E-02  4.29561E-01
  1.7287500000E+01  1.7291666667E+01  2.20732E-02  3.57629E-01
  1.7291666667E+01  1.7295833333E+01  2.21598E-02  3.38741E-01
  1.7295833333E+01  1.7300000000E+01  2.22945E-02  3.68601E-01
  1.7300000000E+01  1.7304166667E+01  2.25595E-02  5.17628E-01
  1.7304166667E+01  1.7308333333E+01  2.25032E-02  4.34636E-01
  1.7308333333E+01  1.7312500000E+01  2.24195E-02  2.84639E-01
  1.7312500000E+01  1.7316666667E+01  2.25645E-02  3.33670E-01
  1.7316666667E+01  1.7320833333E+01  2.26345E-02  3.79153E-01
  1.7320833333E+01  1.7325000000E+01  2.27233E-02  3.59314E-01
  1.7325000000E+01  1.7329166667E+01  2.29125E-02  3.92681E-01
  1.7329166667E+01  1.7333333333E+01  2.29714E-02  3.40053E-01
  1.7333333333E+01  1.7337500000E+01  2.29820E-02  3.29849E-01
  1.7337500000E+01  1.7341666667E+01  2.31281E-02  3.57396E-01
  1.7341666667E+01  1.7345833333E+01  2.32493E-02  3.05256E-01
  1.7345833333E+01  1.7350000000E+01  2.33849E-02  3.73600E-01
  1.7350000000E+01  1.7354166667E+01  2.34306E-02  4.03847E-01
  1.7354166667E+01  1.7358333333E+01  2.34476E-02  2.83684E-01
  1.7358333333E+01  1.7362500000E+01  2.35946E-02  3.83287E-01
  1.7362500000E+01  1.7366666667E+01  2.37186E-02  4.28708E-01
  1.7366666667E+01  1.7370833333E+01  2.38816E-02  4.36359E-01
  1.7370833333E+01  1.7375000000E+01  2.39494E-02  3.77981E-01
  1.7375000000E+01  1.7379166667E+01  2.40016E-02  4.01384E-01
  1.7379166667E+01  1.7383333333E+01  2.41360E-02  3.86927E-01
  1.7383333333E+01  1.7387500000E+01  2.41640E-02  3.77110E-01
  1.7387500000E+01  1.7391666667E+01  2.42890E-02  3.60560E-01
  1.7391666667E+01  1.7395833333E+01  2.43486E-02  3.63601E-01
  1.7395833333E+01  1.7400000000E+01  2.44750E-02  3.33415E-01
  1.7400000000E+01  1.7404166667E+01  2.46983E-02  3.91727E-01
  1.7404166667E+01  1.7408333333E+01  2.47697E-02  3.75838E-01
  1.7408333333E+01  1.7412500000E+01  2.49031E-02  4.15716E-01
  1.7412500000E+01  1.7416666667E+01  2.50427E-02  4.00482E-01
  1.7416666667E+01  1.7420833333E+01  2.51587E-02  3.79123E-01
  1.7420833333E+01  1.7425000000E+01  2.52122E-02  3.67799E-01
  1.7425000000E+01  1.7429166667E+01  2.53795E-02  3.33995E-01
  1.7429166667E+01  1.7433333333E+01  2.55058E-02  3.56253E-01
  1.7433333333E+01  1.7437500000E+01  2.56147E-02  3.50388E-01
  1.7437500000E+01  1.7441666667E+01  2.58338E-02  4.01909E-01
  1.7441666667E+01  1.7445833333E+01  2.59500E-02  3.56299E-01
  1.7445833333E+01  1.7450000000E+01  2.60746E-02  3.10037E-01
  1.7450000000E+01  1.7454166667E+01  2.61874E-02  3.28220E-01
  1.7454166667E+01  1.7458333333E+01  2.63624E-02  3.67370E-01
  1.7458333333E+01  1.7462500000E+01  2.64397E-02  3.34225E-01
  1.7462500000E+01  1.7466666667E+01  2.66455E-02  3.44744E-01
  1.7466666667E+01  1.7470833333E+01  2.68153E-02  3.77463E-01
  1.7470833333E+01  1.7475000000E+01  2.69763E-02  3.11056E-01
  1.7475000000E+01  1.7479166667E+01  2.71939E-02  3.17513E-01
  1.7479166667E+01  1.7483333333E+01  2.74254E-02  3.52410E-01
  1.7483333333E+01  1.7487500000E+01  2.76181E-02  3.13427E-01
  1.7487500000E+01  1.7491666667E+01  2.77192E-02  3.29319E-01
  1.7491666667E+01  1.7495833333E+01  2.79757E-02  3.14212E-01
  1.7495833333E+01  1.7500000000E+01  2.81179E-02  3.03096E-01
  1.7500000000E+01  1.7504166667E+01  2.83653E-02  3.20312E-01
  1.7504166667E+01  1.7508333333E+01  2.86496E-02  3.64942E-01
  1.7508333333E+01  1.7512500000E+01  2.87328E-02  3.14898E-01
  1.7512500000E+01  1.7516666667E+01  2.90239E-02  3.13716E-01
  1.7516666667E+01  1.7520833333E+01  2.92485E-02  3.22479E-01
  1.7520833333E+01  1.7525000000E+01  2.95747E-02  3.42058E-01
  1.7525000000E+01  1.7529166667E+01  2.97178E-02  3.11654E-01
  1.7529166667E+01  1.7533333333E+01  3.00028E-02  3.00657E-01
  1.7533333333E+01  1.7537500000E+01  3.02356E-02  3.52117E-01
  1.7537500000E+01  1.7541666667E+01  3.05024E-02  2.77222E-01
  1.7541666667E+01  1.7545833333E+01  3.07512E-02  2.88977E-01
  1.7545833333E+01  1.7550000000E+01  3.10709E-02  3.06628E-01
  1.7550000000E+01  1.7554166667E+01  3.14484E-02  2.73134E-01
  1.7554166667E+01  1.7558333333E+01  3.17870E-02  2.73291E-01
  1.7558333333E+01  1.7562500000E+01  3.21122E-02  3.31186E-01
  1.7562500000E+01  1.7566666667E+01  3.24794E-02  3.43472E-01
  1.7566666667E+01  1.7570833333E+01  3.27526E-02  3.31205E-01
  1.7570833333E+01  1.7575000000E+01  3.31483E-02  3.52757E-01
  1.7575000000E+01  1.7579166667E+01  3.35341E-02  3.34039E-01
  1.7579166667E+01  1.7583333333E+01  3.40023E-02  3.21135E-01
  1.7583333333E+01  1.7587500000E+01  3.43659E-02  2.82543E-01
  1.7587500000E+01  1.7591666667E+01  3.48924E-02  3.07859E-01
  1.7591666667E+01  1.7595833333E+01  3.53385E-02  3.02695E-01
  1.7595833333E+01  1.7600000000E+01  3.58246E-02  2.70871E-01
  1.7600000000E+01  1.7604166667E+01  3.63612E-02  2.90864E-01
  1.7604166667E+01  1.7608333333E+01  3.69155E-02  3.05823E-01
  1.7608333333E+01  1.7612500000E+01  3.74206E-02  3.02529E-01
  1.7612500000E+01  1.7616666667E+01  3.80305E-02  3.06605E-01
  1.7616666667E+01  1.7620833333E+01  3.87401E-02  3.20943E-01
  1.7620833333E+01  1.7625000000E+01  3.92575E-02  3.05064E-01
  1.7625000000E+01  1.7629166667E+01  4.00179E-02  3.26982E-01
  1.7629166667E+01  1.7633333333E+01  4.07177E-02  3.19817E-01
  1.7633333333E+01  1.7637500000E+01  4.13060E-02  3.15620E-01
  1.7637500000E+01  1.7641666667E+01  4.21053E-02  3.54027E-01
  1.7641666667E+01  1.7645833333E+01  4.28368E-02  3.60939E-01
  1.7645833333E+01  1.7650000000E+01  4.36158E-02  3.89356E-01
  1.7650000000E+01  1.7654166667E+01  4.43418E-02  3.55611E-01
  1.7654166667E+01  1.7658333333E+01  4.51635E-02  3.53995E-01
  1.7658333333E+01  1.7662500000E+01  4.59326E-02  3.70098E-01
  1.7662500000E+01  1.7666666667E+01  4.66474E-02  3.51549E-01
  1.7666666667E+01  1.7670833333E+01  4.73194E-02  3.79296E-01
  1.7670833333E+01  1.7675000000E+01  4.80966E-02  3.99392E-01
  1.7675000000E+01  1.7679166667E+01  4.85230E-02  3.95813E-01
  1.7679166667E+01  1.7683333333E+01  4.93034E-02  3.65975E-01
  1.7683333333E+01  1.7687500000E+01  4.97827E-02  3.95469E-01
  1.7687500000E+01  1.7691666667E+01  5.01704E-02  3.48506E-01
  1.7691666667E+01  1.7695833333E+01  5.04485E-02  3.59773E-01
  1.7695833333E+01  1.7700000000E+01  5.06174E-02  3.75332E-01
  1.7700000000E+01  1.7704166667E+01  5.09161E-02  3.78882E-01
  1.7704166667E+01  1.7708333333E+01  5.07883E-02  4.12438E-01
  1.7708333333E+01  1.7712500000E+01  5.05182E-02  3.93988E-01
  1.7712500000E+01  1.7716666667E+01  5.04390E-02  3.92129E-01
  1.7716666667E+01  1.7720833333E+01  4.99857E-02  4.24490E-01
  1.7720833333E+01  1.7725000000E+01  4.93210E-02  4.43304E-01
  1.7725000000E+01  1.7729166667E+01  4.87121E-02  5.20271E-01
  1.7729166667E+01  1.7733333333E+01  4.75575E-02  5.09643E-01
  1.7733333333E+01  1.7737500000E+01  4.61812E-02  4.76102E-01
  1.7737500000E+01  1.7741666667E+01  4.48715E-02  5.06765E-01
  1.7741666667E+01  1.7745833333E+01  4.36611E-02  5.25291E-01
  1.7745833333E+01  1.7750000000E+01  4.22314E-02  5.42656E-01
  1.7750000000E+01  1.7754166667E+01  4.03392E-02  5.29615E-01
  1.7754166667E+01  1.7758333333E+01  3.85645E-02  5.54648E-01
  1.7758333333E+01  1.7762500000E+01  3.67007E-02  5.69351E-01
  1.7762500000E+01  1.7766666667E+01  3.46641E-02  5.10673E-01
  1.7766666667E+01  1.7770833333E+01  3.24159E-02  6.30328E-01
  1.7770833333E+01  1.7775000000E+01  3.03586E-02  5.84821E-01
  1.7775000000E+01  1.7779166667E+01  2.81910E-02  6.40310E-01
  1.7779166667E+01  1.7783333333E+01  2.60744E-02  6.56216E-01
  1.7783333333E+01  1.7787500000E+01  2.38470E-02  8.06890E-01
  1.7787500000E+01  1.7791666667E+01  2.21155E-02  8.12671E-01
  1.7791666667E+01  1.7795833333E+01  2.00619E-02  8.75414E-01
  1.7795833333E+01  1.7800000000E+01  1.79825E-02  1.00160E+00
  1.7800000000E+01  1.7804166667E+01  1.61362E-02  1.06253E+00
  1.7804166667E+01  1.7808333333E+01  1.45094E-02  1.14226E+00
  1.7808333333E+01  1.7812500000E+01  1.28381E-02  1.21939E+00
  1.7812500000E+01  1.7816666667E+01  1.12954E-02  1.31113E+00
  1.7816666667E+01  1.7820833333E+01  9.73715E-03  1.27314E+00
  1.7820833333E+01  1.7825000000E+01  8.52616E-03  1.31244E+00
  1.7825000000E+01  1.7829166667E+01  7.33872E-03  1.52558E+00
  1.7829166667E+01  1.7833333333E+01  6.34845E-03  1.64813E+00
  1.7833333333E+01  1.7837500000E+01  5.38521E-03  1.87880E+00
  1.7837500000E+01  1.7841666667E+01  4.50204E-03  1.74050E+00
  1.7841666667E+01  1.7845833333E+01  3.80349E-03  1.94588E+00
  1.7845833333E+01  1.7850000000E+01  3.22890E-03  2.10244E+00
  1.7850000000E+01  1.7854166667E+01  2.68769E-03  2.28236E+00
  1.7854166667E+01  1.7858333333E+01  2.15328E-03  2.62876E+00
  1.7858333333E+01  1.7862500000E+01  1.80393E-03  2.98182E+00
  1.7862500000E+01  1.7866666667E+01  1.44183E-03  3.57659E+00
  1.7866666667E+01  1.7870833333E+01  1.17325E-03  4.07658E+00
  1.7870833333E+01  1.7875000000E+01  9.53163E-04  4.22527E+00
  1.7875000000E+01  1.7879166667E+01  7.58648E-04  5.43529E+00
  1.7879166667E+01  1.7883333333E+01  6.18626E-04  5.91603E+00
  1.7883333333E+01  1.7887500000E+01  5.04756E-04  6.90303E+00
  1.7887500000E+01  1.7891666667E+01  3.63598E-04  6.82959E+00
  1.7891666667E+01  1.7895833333E+01  2.92137E-04  7.91649E+00
  1.7895833333E+01  1.7900000000E+01  2.04020E-04  1.05571E+01
  1.7900000000E+01  1.7904166667E+01  1.49742E-04  1.03599E+01
  1.7904166667E+01  1.7908333333E+01  1.20105E-04  1.15036E+01
  1.7908333333E+01  1.7912500000E+01  8.89842E-05  1.37250E+01
  1.7912500000E+01  1.7916666667E+01  7.50461E-05  1.72586E+01
  1.7916666667E+01  1.7920833333E+01  5.80245E-05  1.85539E+01
  1.7920833333E+01  1.7925000000E+01  5.75968E-05  2.04163E+01
  1.7925000000E+01  1.7929166667E+01  3.88814E-05  2.63479E+01
  1.7929166667E+01  1.7933333333E+01  2.66950E-05  2.66928E+01
  1.7933333333E+01  1.7937500000E+01  2.49447E-05  3.11568E+01
  1.7937500000E+01  1.7941666667E+01  1.45935E-05  3.63005E+01
  1.7941666667E+01  1.7945833333E+01  2.46179E-06  1.00000E+02
  1.7945833333E+01  1.7950000000E+01  8.11731E-14  1.00000E+02
  1.7950000000E+01  1.7954166667E+01  0.00000E+00  0.00000E+00
  1.7954166667E+01  1.7958333333E+01  0.00000E+00  0.00000E+00
  1.7958333333E+01  1.7962500000E+01  0.00000E+00  0.00000E+00
  1.7962500000E+01  1.7966666667E+01  0.00000E+00  0.00000E+00
  1.7966666667E+01  1.7970833333E+01  0.00000E+00  0.00000E+00
  1.7970833333E+01  1.7975000000E+01  0.00000E+00  0.00000E+00
  1.7975000000E+01  1.7979166667E+01  0.00000E+00  0.00000E+00
  1.7979166667E+01  1.7983333333E+01  0.00000E+00  0.00000E+00
  1.7983333333E+01  1.7987500000E+01  0.00000E+00  0.00000E+00
  1.7987500000E+01  1.7991666667E+01  0.00000E+00  0.00000E+00
  1.7991666667E+01  1.7995833333E+01  0.00000E+00  0.00000E+00
  1.7995833333E+01  1.8000000000E+01  0.00000E+00  0.00000E+00
  1.8000000000E+01  1.8004166667E+01  0.00000E+00  0.00000E+00
  1.8004166667E+01  1.8008333333E+01  0.00000E+00  0.00000E+00
  1.8008333333E+01  1.8012500000E+01  0.00000E+00  0.00000E+00
  1.8012500000E+01  1.8016666667E+01  0.00000E+00  0.00000E+00
  1.8016666667E+01  1.8020833333E+01  0.00000E+00  0.00000E+00
  1.8020833333E+01  1.8025000000E+01  0.00000E+00  0.00000E+00
  1.8025000000E+01  1.8029166667E+01  0.00000E+00  0.00000E+00
  1.8029166667E+01  1.8033333333E+01  0.00000E+00  0.00000E+00
  1.8033333333E+01  1.8037500000E+01  1.14861E-13  1.00000E+02
  1.8037500000E+01  1.8041666667E+01  0.00000E+00  0.00000E+00
  1.8041666667E+01  1.8045833333E+01  0.00000E+00  0.00000E+00
  1.8045833333E+01  1.8050000000E+01  0.00000E+00  0.00000E+00
  1.8050000000E+01  1.8054166667E+01  0.00000E+00  0.00000E+00
  1.8054166667E+01  1.8058333333E+01  0.00000E+00  0.00000E+00
  1.8058333333E+01  1.8062500000E+01  0.00000E+00  0.00000E+00
  1.8062500000E+01  1.8066666667E+01  0.00000E+00  0.00000E+00
  1.8066666667E+01  1.8070833333E+01  0.00000E+00  0.00000E+00
  1.8070833333E+01  1.8075000000E+01  0.00000E+00  0.00000E+00
  1.8075000000E+01  1.8079166667E+01  0.00000E+00  0.00000E+00
  1.8079166667E+01  1.8083333333E+01  0.00000E+00  0.00000E+00
  1.8083333333E+01  1.8087500000E+01  0.00000E+00  0.00000E+00
  1.8087500000E+01  1.8091666667E+01  0.00000E+00  0.00000E+00
  1.8091666667E+01  1.8095833333E+01  0.00000E+00  0.00000E+00
  1.8095833333E+01  1.8100000000E+01  0.00000E+00  0.00000E+00
  1.8100000000E+01  1.8104166667E+01  0.00000E+00  0.00000E+00
  1.8104166667E+01  1.8108333333E+01  0.00000E+00  0.00000E+00
  1.8108333333E+01  1.8112500000E+01  0.00000E+00  0.00000E+00
  1.8112500000E+01  1.8116666667E+01  0.00000E+00  0.00000E+00
  1.8116666667E+01  1.8120833333E+01  0.00000E+00  0.00000E+00
  1.8120833333E+01  1.8125000000E+01  0.00000E+00  0.00000E+00
  1.8125000000E+01  1.8129166667E+01  0.00000E+00  0.00000E+00
  1.8129166667E+01  1.8133333333E+01  0.00000E+00  0.00000E+00
  1.8133333333E+01  1.8137500000E+01  0.00000E+00  0.00000E+00
  1.8137500000E+01  1.8141666667E+01  0.00000E+00  0.00000E+00
  1.8141666667E+01  1.8145833333E+01  0.00000E+00  0.00000E+00
  1.8145833333E+01  1.8150000000E+01  0.00000E+00  0.00000E+00
  1.8150000000E+01  1.8154166667E+01  0.00000E+00  0.00000E+00
  1.8154166667E+01  1.8158333333E+01  0.00000E+00  0.00000E+00
  1.8158333333E+01  1.8162500000E+01  0.00000E+00  0.00000E+00
  1.8162500000E+01  1.8166666667E+01  0.00000E+00  0.00000E+00
  1.8166666667E+01  1.8170833333E+01  0.00000E+00  0.00000E+00
  1.8170833333E+01  1.8175000000E+01  0.00000E+00  0.00000E+00
  1.8175000000E+01  1.8179166667E+01  0.00000E+00  0.00000E+00
  1.8179166667E+01  1.8183333333E+01  0.00000E+00  0.00000E+00
  1.8183333333E+01  1.8187500000E+01  0.00000E+00  0.00000E+00
  1.8187500000E+01  1.8191666667E+01  0.00000E+00  0.00000E+00
  1.8191666667E+01  1.8195833333E+01  0.00000E+00  0.00000E+00
  1.8195833333E+01  1.8200000000E+01  0.00000E+00  0.00000E+00
  1.8200000000E+01  1.8204166667E+01  0.00000E+00  0.00000E+00
  1.8204166667E+01  1.8208333333E+01  0.00000E+00  0.00000E+00
  1.8208333333E+01  1.8212500000E+01  0.00000E+00  0.00000E+00
  1.8212500000E+01  1.8216666667E+01  0.00000E+00  0.00000E+00
  1.8216666667E+01  1.8220833333E+01  0.00000E+00  0.00000E+00
  1.8220833333E+01  1.8225000000E+01  0.00000E+00  0.00000E+00
  1.8225000000E+01  1.8229166667E+01  0.00000E+00  0.00000E+00
  1.8229166667E+01  1.8233333333E+01  0.00000E+00  0.00000E+00
  1.8233333333E+01  1.8237500000E+01  0.00000E+00  0.00000E+00
  1.8237500000E+01  1.8241666667E+01  0.00000E+00  0.00000E+00
  1.8241666667E+01  1.8245833333E+01  1.81216E-11  1.00000E+02
  1.8245833333E+01  1.8250000000E+01  0.00000E+00  0.00000E+00
  1.8250000000E+01  1.8254166667E+01  0.00000E+00  0.00000E+00
  1.8254166667E+01  1.8258333333E+01  0.00000E+00  0.00000E+00
  1.8258333333E+01  1.8262500000E+01  0.00000E+00  0.00000E+00
  1.8262500000E+01  1.8266666667E+01  2.73655E-14  1.00000E+02
  1.8266666667E+01  1.8270833333E+01  0.00000E+00  0.00000E+00
  1.8270833333E+01  1.8275000000E+01  0.00000E+00  0.00000E+00
  1.8275000000E+01  1.8279166667E+01  0.00000E+00  0.00000E+00
  1.8279166667E+01  1.8283333333E+01  0.00000E+00  0.00000E+00
  1.8283333333E+01  1.8287500000E+01  0.00000E+00  0.00000E+00
  1.8287500000E+01  1.8291666667E+01  4.86937E-14  1.00000E+02
  1.8291666667E+01  1.8295833333E+01  0.00000E+00  0.00000E+00
  1.8295833333E+01  1.8300000000E+01  0.00000E+00  0.00000E+00
  1.8300000000E+01  1.8304166667E+01  0.00000E+00  0.00000E+00
  1.8304166667E+01  1.8308333333E+01  0.00000E+00  0.00000E+00
  1.8308333333E+01  1.8312500000E+01  0.00000E+00  0.00000E+00
  1.8312500000E+01  1.8316666667E+01  0.00000E+00  0.00000E+00
  1.8316666667E+01  1.8320833333E+01  0.00000E+00  0.00000E+00
  1.8320833333E+01  1.8325000000E+01  0.00000E+00  0.00000E+00
  1.8325000000E+01  1.8329166667E+01  0.00000E+00  0.00000E+00
  1.8329166667E+01  1.8333333333E+01  0.00000E+00  0.00000E+00
  1.8333333333E+01  1.8337500000E+01  0.00000E+00  0.00000E+00
  1.8337500000E+01  1.8341666667E+01  0.00000E+00  0.00000E+00
  1.8341666667E+01  1.8345833333E+01  0.00000E+00  0.00000E+00
  1.8345833333E+01  1.8350000000E+01  0.00000E+00  0.00000E+00
  1.8350000000E+01  1.8354166667E+01  0.00000E+00  0.00000E+00
  1.8354166667E+01  1.8358333333E+01  0.00000E+00  0.00000E+00
  1.8358333333E+01  1.8362500000E+01  0.00000E+00  0.00000E+00
  1.8362500000E+01  1.8366666667E+01  0.00000E+00  0.00000E+00
  1.8366666667E+01  1.8370833333E+01  0.00000E+00  0.00000E+00
  1.8370833333E+01  1.8375000000E+01  0.00000E+00  0.00000E+00
  1.8375000000E+01  1.8379166667E+01  0.00000E+00  0.00000E+00
  1.8379166667E+01  1.8383333333E+01  0.00000E+00  0.00000E+00
  1.8383333333E+01  1.8387500000E+01  0.00000E+00  0.00000E+00
  1.8387500000E+01  1.8391666667E+01  0.00000E+00  0.00000E+00
  1.8391666667E+01  1.8395833333E+01  0.00000E+00  0.00000E+00
  1.8395833333E+01  1.8400000000E+01  0.00000E+00  0.00000E+00
  1.8400000000E+01  1.8404166667E+01  0.00000E+00  0.00000E+00
  1.8404166667E+01  1.8408333333E+01  0.00000E+00  0.00000E+00
  1.8408333333E+01  1.8412500000E+01  0.00000E+00  0.00000E+00
  1.8412500000E+01  1.8416666667E+01  0.00000E+00  0.00000E+00
  1.8416666667E+01  1.8420833333E+01  0.00000E+00  0.00000E+00
  1.8420833333E+01  1.8425000000E+01  0.00000E+00  0.00000E+00
  1.8425000000E+01  1.8429166667E+01  0.00000E+00  0.00000E+00
  1.8429166667E+01  1.8433333333E+01  0.00000E+00  0.00000E+00
  1.8433333333E+01  1.8437500000E+01  0.00000E+00  0.00000E+00
  1.8437500000E+01  1.8441666667E+01  0.00000E+00  0.00000E+00
  1.8441666667E+01  1.8445833333E+01  0.00000E+00  0.00000E+00
  1.8445833333E+01  1.8450000000E+01  0.00000E+00  0.00000E+00
  1.8450000000E+01  1.8454166667E+01  0.00000E+00  0.00000E+00
  1.8454166667E+01  1.8458333333E+01  0.00000E+00  0.00000E+00
  1.8458333333E+01  1.8462500000E+01  0.00000E+00  0.00000E+00
  1.8462500000E+01  1.8466666667E+01  0.00000E+00  0.00000E+00
  1.8466666667E+01  1.8470833333E+01  0.00000E+00  0.00000E+00
  1.8470833333E+01  1.8475000000E+01  0.00000E+00  0.00000E+00
  1.8475000000E+01  1.8479166667E+01  0.00000E+00  0.00000E+00
  1.8479166667E+01  1.8483333333E+01  0.00000E+00  0.00000E+00
  1.8483333333E+01  1.8487500000E+01  0.00000E+00  0.00000E+00
  1.8487500000E+01  1.8491666667E+01  0.00000E+00  0.00000E+00
  1.8491666667E+01  1.8495833333E+01  0.00000E+00  0.00000E+00
  1.8495833333E+01  1.8500000000E+01  0.00000E+00  0.00000E+00
  1.8500000000E+01  1.8504166667E+01  0.00000E+00  0.00000E+00
  1.8504166667E+01  1.8508333333E+01  0.00000E+00  0.00000E+00
  1.8508333333E+01  1.8512500000E+01  0.00000E+00  0.00000E+00
  1.8512500000E+01  1.8516666667E+01  0.00000E+00  0.00000E+00
  1.8516666667E+01  1.8520833333E+01  0.00000E+00  0.00000E+00
  1.8520833333E+01  1.8525000000E+01  0.00000E+00  0.00000E+00
  1.8525000000E+01  1.8529166667E+01  0.00000E+00  0.00000E+00
  1.8529166667E+01  1.8533333333E+01  0.00000E+00  0.00000E+00
  1.8533333333E+01  1.8537500000E+01  0.00000E+00  0.00000E+00
  1.8537500000E+01  1.8541666667E+01  0.00000E+00  0.00000E+00
  1.8541666667E+01  1.8545833333E+01  0.00000E+00  0.00000E+00
  1.8545833333E+01  1.8550000000E+01  0.00000E+00  0.00000E+00
  1.8550000000E+01  1.8554166667E+01  0.00000E+00  0.00000E+00
  1.8554166667E+01  1.8558333333E+01  0.00000E+00  0.00000E+00
  1.8558333333E+01  1.8562500000E+01  0.00000E+00  0.00000E+00
  1.8562500000E+01  1.8566666667E+01  0.00000E+00  0.00000E+00
  1.8566666667E+01  1.8570833333E+01  0.00000E+00  0.00000E+00
  1.8570833333E+01  1.8575000000E+01  0.00000E+00  0.00000E+00
  1.8575000000E+01  1.8579166667E+01  0.00000E+00  0.00000E+00
  1.8579166667E+01  1.8583333333E+01  0.00000E+00  0.00000E+00
  1.8583333333E+01  1.8587500000E+01  0.00000E+00  0.00000E+00
  1.8587500000E+01  1.8591666667E+01  0.00000E+00  0.00000E+00
  1.8591666667E+01  1.8595833333E+01  0.00000E+00  0.00000E+00
  1.8595833333E+01  1.8600000000E+01  0.00000E+00  0.00000E+00
  1.8600000000E+01  1.8604166667E+01  0.00000E+00  0.00000E+00
  1.8604166667E+01  1.8608333333E+01  0.00000E+00  0.00000E+00
  1.8608333333E+01  1.8612500000E+01  0.00000E+00  0.00000E+00
  1.8612500000E+01  1.8616666667E+01  0.00000E+00  0.00000E+00
  1.8616666667E+01  1.8620833333E+01  0.00000E+00  0.00000E+00
  1.8620833333E+01  1.8625000000E+01  0.00000E+00  0.00000E+00
  1.8625000000E+01  1.8629166667E+01  0.00000E+00  0.00000E+00
  1.8629166667E+01  1.8633333333E+01  0.00000E+00  0.00000E+00
  1.8633333333E+01  1.8637500000E+01  0.00000E+00  0.00000E+00
  1.8637500000E+01  1.8641666667E+01  0.00000E+00  0.00000E+00
  1.8641666667E+01  1.8645833333E+01  0.00000E+00  0.00000E+00
  1.8645833333E+01  1.8650000000E+01  0.00000E+00  0.00000E+00
  1.8650000000E+01  1.8654166667E+01  0.00000E+00  0.00000E+00
  1.8654166667E+01  1.8658333333E+01  0.00000E+00  0.00000E+00
  1.8658333333E+01  1.8662500000E+01  0.00000E+00  0.00000E+00
  1.8662500000E+01  1.8666666667E+01  0.00000E+00  0.00000E+00
  1.8666666667E+01  1.8670833333E+01  0.00000E+00  0.00000E+00
  1.8670833333E+01  1.8675000000E+01  2.71670E-06  1.00000E+02
  1.8675000000E+01  1.8679166667E+01  0.00000E+00  0.00000E+00
  1.8679166667E+01  1.8683333333E+01  0.00000E+00  0.00000E+00
  1.8683333333E+01  1.8687500000E+01  2.29240E-09  1.00000E+02
  1.8687500000E+01  1.8691666667E+01  0.00000E+00  0.00000E+00
  1.8691666667E+01  1.8695833333E+01  0.00000E+00  0.00000E+00
  1.8695833333E+01  1.8700000000E+01  0.00000E+00  0.00000E+00
  1.8700000000E+01  1.8704166667E+01  0.00000E+00  0.00000E+00
  1.8704166667E+01  1.8708333333E+01  0.00000E+00  0.00000E+00
  1.8708333333E+01  1.8712500000E+01  0.00000E+00  0.00000E+00
  1.8712500000E+01  1.8716666667E+01  0.00000E+00  0.00000E+00
  1.8716666667E+01  1.8720833333E+01  0.00000E+00  0.00000E+00
  1.8720833333E+01  1.8725000000E+01  0.00000E+00  0.00000E+00
  1.8725000000E+01  1.8729166667E+01  0.00000E+00  0.00000E+00
  1.8729166667E+01  1.8733333333E+01  0.00000E+00  0.00000E+00
  1.8733333333E+01  1.8737500000E+01  0.00000E+00  0.00000E+00
  1.8737500000E+01  1.8741666667E+01  0.00000E+00  0.00000E+00
  1.8741666667E+01  1.8745833333E+01  0.00000E+00  0.00000E+00
  1.8745833333E+01  1.8750000000E+01  0.00000E+00  0.00000E+00
  1.8750000000E+01  1.8754166667E+01  0.00000E+00  0.00000E+00
  1.8754166667E+01  1.8758333333E+01  0.00000E+00  0.00000E+00
  1.8758333333E+01  1.8762500000E+01  0.00000E+00  0.00000E+00
  1.8762500000E+01  1.8766666667E+01  0.00000E+00  0.00000E+00
  1.8766666667E+01  1.8770833333E+01  0.00000E+00  0.00000E+00
  1.8770833333E+01  1.8775000000E+01  0.00000E+00  0.00000E+00
  1.8775000000E+01  1.8779166667E+01  0.00000E+00  0.00000E+00
  1.8779166667E+01  1.8783333333E+01  0.00000E+00  0.00000E+00
  1.8783333333E+01  1.8787500000E+01  0.00000E+00  0.00000E+00
  1.8787500000E+01  1.8791666667E+01  0.00000E+00  0.00000E+00
  1.8791666667E+01  1.8795833333E+01  0.00000E+00  0.00000E+00
  1.8795833333E+01  1.8800000000E+01  0.00000E+00  0.00000E+00
  1.8800000000E+01  1.8804166667E+01  0.00000E+00  0.00000E+00
  1.8804166667E+01  1.8808333333E+01  0.00000E+00  0.00000E+00
  1.8808333333E+01  1.8812500000E+01  0.00000E+00  0.00000E+00
  1.8812500000E+01  1.8816666667E+01  0.00000E+00  0.00000E+00
  1.8816666667E+01  1.8820833333E+01  0.00000E+00  0.00000E+00
  1.8820833333E+01  1.8825000000E+01  0.00000E+00  0.00000E+00
  1.8825000000E+01  1.8829166667E+01  0.00000E+00  0.00000E+00
  1.8829166667E+01  1.8833333333E+01  0.00000E+00  0.00000E+00
  1.8833333333E+01  1.8837500000E+01  0.00000E+00  0.00000E+00
  1.8837500000E+01  1.8841666667E+01  0.00000E+00  0.00000E+00
  1.8841666667E+01  1.8845833333E+01  0.00000E+00  0.00000E+00
  1.8845833333E+01  1.8850000000E+01  0.00000E+00  0.00000E+00
  1.8850000000E+01  1.8854166667E+01  0.00000E+00  0.00000E+00
  1.8854166667E+01  1.8858333333E+01  0.00000E+00  0.00000E+00
  1.8858333333E+01  1.8862500000E+01  0.00000E+00  0.00000E+00
  1.8862500000E+01  1.8866666667E+01  0.00000E+00  0.00000E+00
  1.8866666667E+01  1.8870833333E+01  0.00000E+00  0.00000E+00
  1.8870833333E+01  1.8875000000E+01  0.00000E+00  0.00000E+00
  1.8875000000E+01  1.8879166667E+01  0.00000E+00  0.00000E+00
  1.8879166667E+01  1.8883333333E+01  0.00000E+00  0.00000E+00
  1.8883333333E+01  1.8887500000E+01  0.00000E+00  0.00000E+00
  1.8887500000E+01  1.8891666667E+01  0.00000E+00  0.00000E+00
  1.8891666667E+01  1.8895833333E+01  0.00000E+00  0.00000E+00
  1.8895833333E+01  1.8900000000E+01  0.00000E+00  0.00000E+00
  1.8900000000E+01  1.8904166667E+01  3.19010E-10  1.00000E+02
  1.8904166667E+01  1.8908333333E+01  0.00000E+00  0.00000E+00
  1.8908333333E+01  1.8912500000E+01  0.00000E+00  0.00000E+00
  1.8912500000E+01  1.8916666667E+01  0.00000E+00  0.00000E+00
  1.8916666667E+01  1.8920833333E+01  4.67020E-14  1.00000E+02
  1.8920833333E+01  1.8925000000E+01  0.00000E+00  0.00000E+00
  1.8925000000E+01  1.8929166667E+01  0.00000E+00  0.00000E+00
  1.8929166667E+01  1.8933333333E+01  0.00000E+00  0.00000E+00
  1.8933333333E+01  1.8937500000E+01  0.00000E+00  0.00000E+00
  1.8937500000E+01  1.8941666667E+01  0.00000E+00  0.00000E+00
  1.8941666667E+01  1.8945833333E+01  0.00000E+00  0.00000E+00
  1.8945833333E+01  1.8950000000E+01  0.00000E+00  0.00000E+00
  1.8950000000E+01  1.8954166667E+01  0.00000E+00  0.00000E+00
  1.8954166667E+01  1.8958333333E+01  0.00000E+00  0.00000E+00
  1.8958333333E+01  1.8962500000E+01  0.00000E+00  0.00000E+00
  1.8962500000E+01  1.8966666667E+01  0.00000E+00  0.00000E+00
  1.8966666667E+01  1.8970833333E+01  0.00000E+00  0.00000E+00
  1.8970833333E+01  1.8975000000E+01  0.00000E+00  0.00000E+00
  1.8975000000E+01  1.8979166667E+01  0.00000E+00  0.00000E+00
  1.8979166667E+01  1.8983333333E+01  0.00000E+00  0.00000E+00
  1.8983333333E+01  1.8987500000E+01  0.00000E+00  0.00000E+00
  1.8987500000E+01  1.8991666667E+01  0.00000E+00  0.00000E+00
  1.8991666667E+01  1.8995833333E+01  0.00000E+00  0.00000E+00
  1.8995833333E+01  1.9000000000E+01  0.00000E+00  0.00000E+00
  1.9000000000E+01  1.9004166667E+01  0.00000E+00  0.00000E+00
  1.9004166667E+01  1.9008333333E+01  0.00000E+00  0.00000E+00
  1.9008333333E+01  1.9012500000E+01  0.00000E+00  0.00000E+00
  1.9012500000E+01  1.9016666667E+01  0.00000E+00  0.00000E+00
  1.9016666667E+01  1.9020833333E+01  0.00000E+00  0.00000E+00
  1.9020833333E+01  1.9025000000E+01  0.00000E+00  0.00000E+00
  1.9025000000E+01  1.9029166667E+01  0.00000E+00  0.00000E+00
  1.9029166667E+01  1.9033333333E+01  0.00000E+00  0.00000E+00
  1.9033333333E+01  1.9037500000E+01  0.00000E+00  0.00000E+00
  1.9037500000E+01  1.9041666667E+01  0.00000E+00  0.00000E+00
  1.9041666667E+01  1.9045833333E+01  0.00000E+00  0.00000E+00
  1.9045833333E+01  1.9050000000E+01  5.09274E-07  1.00000E+02
  1.9050000000E+01  1.9054166667E+01  0.00000E+00  0.00000E+00
  1.9054166667E+01  1.9058333333E+01  0.00000E+00  0.00000E+00
  1.9058333333E+01  1.9062500000E+01  0.00000E+00  0.00000E+00
  1.9062500000E+01  1.9066666667E+01  0.00000E+00  0.00000E+00
  1.9066666667E+01  1.9070833333E+01  7.13300E-14  1.00000E+02
  1.9070833333E+01  1.9075000000E+01  0.00000E+00  0.00000E+00
  1.9075000000E+01  1.9079166667E+01  0.00000E+00  0.00000E+00
  1.9079166667E+01  1.9083333333E+01  0.00000E+00  0.00000E+00
  1.9083333333E+01  1.9087500000E+01  0.00000E+00  0.00000E+00
  1.9087500000E+01  1.9091666667E+01  0.00000E+00  0.00000E+00
  1.9091666667E+01  1.9095833333E+01  0.00000E+00  0.00000E+00
  1.9095833333E+01  1.9100000000E+01  0.00000E+00  0.00000E+00
  1.9100000000E+01  1.9104166667E+01  7.41019E-14  1.00000E+02
  1.9104166667E+01  1.9108333333E+01  0.00000E+00  0.00000E+00
  1.9108333333E+01  1.9112500000E+01  0.00000E+00  0.00000E+00
  1.9112500000E+01  1.9116666667E+01  0.00000E+00  0.00000E+00
  1.9116666667E+01  1.9120833333E+01  0.00000E+00  0.00000E+00
  1.9120833333E+01  1.9125000000E+01  0.00000E+00  0.00000E+00
  1.9125000000E+01  1.9129166667E+01  0.00000E+00  0.00000E+00
  1.9129166667E+01  1.9133333333E+01  0.00000E+00  0.00000E+00
  1.9133333333E+01  1.9137500000E+01  0.00000E+00  0.00000E+00
  1.9137500000E+01  1.9141666667E+01  0.00000E+00  0.00000E+00
  1.9141666667E+01  1.9145833333E+01  0.00000E+00  0.00000E+00
  1.9145833333E+01  1.9150000000E+01  0.00000E+00  0.00000E+00
  1.9150000000E+01  1.9154166667E+01  0.00000E+00  0.00000E+00
  1.9154166667E+01  1.9158333333E+01  0.00000E+00  0.00000E+00
  1.9158333333E+01  1.9162500000E+01  0.00000E+00  0.00000E+00
  1.9162500000E+01  1.9166666667E+01  0.00000E+00  0.00000E+00
  1.9166666667E+01  1.9170833333E+01  0.00000E+00  0.00000E+00
  1.9170833333E+01  1.9175000000E+01  0.00000E+00  0.00000E+00
  1.9175000000E+01  1.9179166667E+01  0.00000E+00  0.00000E+00
  1.9179166667E+01  1.9183333333E+01  0.00000E+00  0.00000E+00
  1.9183333333E+01  1.9187500000E+01  0.00000E+00  0.00000E+00
  1.9187500000E+01  1.9191666667E+01  0.00000E+00  0.00000E+00
  1.9191666667E+01  1.9195833333E+01  0.00000E+00  0.00000E+00
  1.9195833333E+01  1.9200000000E+01  0.00000E+00  0.00000E+00
  1.9200000000E+01  1.9204166667E+01  0.00000E+00  0.00000E+00
  1.9204166667E+01  1.9208333333E+01  0.00000E+00  0.00000E+00
  1.9208333333E+01  1.9212500000E+01  0.00000E+00  0.00000E+00
  1.9212500000E+01  1.9216666667E+01  0.00000E+00  0.00000E+00
  1.9216666667E+01  1.9220833333E+01  0.00000E+00  0.00000E+00
  1.9220833333E+01  1.9225000000E+01  0.00000E+00  0.00000E+00
  1.9225000000E+01  1.9229166667E+01  0.00000E+00  0.00000E+00
  1.9229166667E+01  1.9233333333E+01  0.00000E+00  0.00000E+00
  1.9233333333E+01  1.9237500000E+01  0.00000E+00  0.00000E+00
  1.9237500000E+01  1.9241666667E+01  0.00000E+00  0.00000E+00
  1.9241666667E+01  1.9245833333E+01  0.00000E+00  0.00000E+00
  1.9245833333E+01  1.9250000000E+01  0.00000E+00  0.00000E+00
  1.9250000000E+01  1.9254166667E+01  0.00000E+00  0.00000E+00
  1.9254166667E+01  1.9258333333E+01  0.00000E+00  0.00000E+00
  1.9258333333E+01  1.9262500000E+01  0.00000E+00  0.00000E+00
  1.9262500000E+01  1.9266666667E+01  0.00000E+00  0.00000E+00
  1.9266666667E+01  1.9270833333E+01  0.00000E+00  0.00000E+00
  1.9270833333E+01  1.9275000000E+01  0.00000E+00  0.00000E+00
  1.9275000000E+01  1.9279166667E+01  0.00000E+00  0.00000E+00
  1.9279166667E+01  1.9283333333E+01  0.00000E+00  0.00000E+00
  1.9283333333E+01  1.9287500000E+01  0.00000E+00  0.00000E+00
  1.9287500000E+01  1.9291666667E+01  0.00000E+00  0.00000E+00
  1.9291666667E+01  1.9295833333E+01  0.00000E+00  0.00000E+00
  1.9295833333E+01  1.9300000000E+01  0.00000E+00  0.00000E+00
  1.9300000000E+01  1.9304166667E+01  2.26922E-14  1.00000E+02
  1.9304166667E+01  1.9308333333E+01  0.00000E+00  0.00000E+00
  1.9308333333E+01  1.9312500000E+01  0.00000E+00  0.00000E+00
  1.9312500000E+01  1.9316666667E+01  0.00000E+00  0.00000E+00
  1.9316666667E+01  1.9320833333E+01  0.00000E+00  0.00000E+00
  1.9320833333E+01  1.9325000000E+01  0.00000E+00  0.00000E+00
  1.9325000000E+01  1.9329166667E+01  0.00000E+00  0.00000E+00
  1.9329166667E+01  1.9333333333E+01  0.00000E+00  0.00000E+00
  1.9333333333E+01  1.9337500000E+01  0.00000E+00  0.00000E+00
  1.9337500000E+01  1.9341666667E+01  0.00000E+00  0.00000E+00
  1.9341666667E+01  1.9345833333E+01  0.00000E+00  0.00000E+00
  1.9345833333E+01  1.9350000000E+01  0.00000E+00  0.00000E+00
  1.9350000000E+01  1.9354166667E+01  0.00000E+00  0.00000E+00
  1.9354166667E+01  1.9358333333E+01  0.00000E+00  0.00000E+00
  1.9358333333E+01  1.9362500000E+01  0.00000E+00  0.00000E+00
  1.9362500000E+01  1.9366666667E+01  1.30536E-05  1.00000E+02
  1.9366666667E+01  1.9370833333E+01  0.00000E+00  0.00000E+00
  1.9370833333E+01  1.9375000000E+01  0.00000E+00  0.00000E+00
  1.9375000000E+01  1.9379166667E+01  0.00000E+00  0.00000E+00
  1.9379166667E+01  1.9383333333E+01  0.00000E+00  0.00000E+00
  1.9383333333E+01  1.9387500000E+01  0.00000E+00  0.00000E+00
  1.9387500000E+01  1.9391666667E+01  0.00000E+00  0.00000E+00
  1.9391666667E+01  1.9395833333E+01  0.00000E+00  0.00000E+00
  1.9395833333E+01  1.9400000000E+01  1.18010E-06  1.00000E+02
  1.9400000000E+01  1.9404166667E+01  8.75660E-08  1.00000E+02
  1.9404166667E+01  1.9408333333E+01  0.00000E+00  0.00000E+00
  1.9408333333E+01  1.9412500000E+01  0.00000E+00  0.00000E+00
  1.9412500000E+01  1.9416666667E+01  0.00000E+00  0.00000E+00
  1.9416666667E+01  1.9420833333E+01  0.00000E+00  0.00000E+00
  1.9420833333E+01  1.9425000000E+01  0.00000E+00  0.00000E+00
  1.9425000000E+01  1.9429166667E+01  0.00000E+00  0.00000E+00
  1.9429166667E+01  1.9433333333E+01  0.00000E+00  0.00000E+00
  1.9433333333E+01  1.9437500000E+01  0.00000E+00  0.00000E+00
  1.9437500000E+01  1.9441666667E+01  0.00000E+00  0.00000E+00
  1.9441666667E+01  1.9445833333E+01  0.00000E+00  0.00000E+00
  1.9445833333E+01  1.9450000000E+01  0.00000E+00  0.00000E+00
  1.9450000000E+01  1.9454166667E+01  0.00000E+00  0.00000E+00
  1.9454166667E+01  1.9458333333E+01  0.00000E+00  0.00000E+00
  1.9458333333E+01  1.9462500000E+01  0.00000E+00  0.00000E+00
  1.9462500000E+01  1.9466666667E+01  9.70264E-12  1.00000E+02
  1.9466666667E+01  1.9470833333E+01  2.15135E-09  1.00000E+02
  1.9470833333E+01  1.9475000000E+01  0.00000E+00  0.00000E+00
  1.9475000000E+01  1.9479166667E+01  0.00000E+00  0.00000E+00
  1.9479166667E+01  1.9483333333E+01  0.00000E+00  0.00000E+00
  1.9483333333E+01  1.9487500000E+01  0.00000E+00  0.00000E+00
  1.9487500000E+01  1.9491666667E+01  0.00000E+00  0.00000E+00
  1.9491666667E+01  1.9495833333E+01  0.00000E+00  0.00000E+00
  1.9495833333E+01  1.9500000000E+01  0.00000E+00  0.00000E+00
  1.9500000000E+01  1.9504166667E+01  0.00000E+00  0.00000E+00
  1.9504166667E+01  1.9508333333E+01  0.00000E+00  0.00000E+00
  1.9508333333E+01  1.9512500000E+01  0.00000E+00  0.00000E+00
  1.9512500000E+01  1.9516666667E+01  0.00000E+00  0.00000E+00
  1.9516666667E+01  1.9520833333E+01  0.00000E+00  0.00000E+00
  1.9520833333E+01  1.9525000000E+01  0.00000E+00  0.00000E+00
  1.9525000000E+01  1.9529166667E+01  0.00000E+00  0.00000E+00
  1.9529166667E+01  1.9533333333E+01  0.00000E+00  0.00000E+00
  1.9533333333E+01  1.9537500000E+01  0.00000E+00  0.00000E+00
  1.9537500000E+01  1.9541666667E+01  0.00000E+00  0.00000E+00
  1.9541666667E+01  1.9545833333E+01  0.00000E+00  0.00000E+00
  1.9545833333E+01  1.9550000000E+01  0.00000E+00  0.00000E+00
  1.9550000000E+01  1.9554166667E+01  0.00000E+00  0.00000E+00
  1.9554166667E+01  1.9558333333E+01  0.00000E+00  0.00000E+00
  1.9558333333E+01  1.9562500000E+01  0.00000E+00  0.00000E+00
  1.9562500000E+01  1.9566666667E+01  0.00000E+00  0.00000E+00
  1.9566666667E+01  1.9570833333E+01  0.00000E+00  0.00000E+00
  1.9570833333E+01  1.9575000000E+01  0.00000E+00  0.00000E+00
  1.9575000000E+01  1.9579166667E+01  0.00000E+00  0.00000E+00
  1.9579166667E+01  1.9583333333E+01  0.00000E+00  0.00000E+00
  1.9583333333E+01  1.9587500000E+01  0.00000E+00  0.00000E+00
  1.9587500000E+01  1.9591666667E+01  0.00000E+00  0.00000E+00
  1.9591666667E+01  1.9595833333E+01  0.00000E+00  0.00000E+00
  1.9595833333E+01  1.9600000000E+01  0.00000E+00  0.00000E+00
  1.9600000000E+01  1.9604166667E+01  0.00000E+00  0.00000E+00
  1.9604166667E+01  1.9608333333E+01  0.00000E+00  0.00000E+00
  1.9608333333E+01  1.9612500000E+01  0.00000E+00  0.00000E+00
  1.9612500000E+01  1.9616666667E+01  0.00000E+00  0.00000E+00
  1.9616666667E+01  1.9620833333E+01  0.00000E+00  0.00000E+00
  1.9620833333E+01  1.9625000000E+01  0.00000E+00  0.00000E+00
  1.9625000000E+01  1.9629166667E+01  0.00000E+00  0.00000E+00
  1.9629166667E+01  1.9633333333E+01  0.00000E+00  0.00000E+00
  1.9633333333E+01  1.9637500000E+01  0.00000E+00  0.00000E+00
  1.9637500000E+01  1.9641666667E+01  0.00000E+00  0.00000E+00
  1.9641666667E+01  1.9645833333E+01  0.00000E+00  0.00000E+00
  1.9645833333E+01  1.9650000000E+01  0.00000E+00  0.00000E+00
  1.9650000000E+01  1.9654166667E+01  0.00000E+00  0.00000E+00
  1.9654166667E+01  1.9658333333E+01  0.00000E+00  0.00000E+00
  1.9658333333E+01  1.9662500000E+01  0.00000E+00  0.00000E+00
  1.9662500000E+01  1.9666666667E+01  0.00000E+00  0.00000E+00
  1.9666666667E+01  1.9670833333E+01  0.00000E+00  0.00000E+00
  1.9670833333E+01  1.9675000000E+01  0.00000E+00  0.00000E+00
  1.9675000000E+01  1.9679166667E+01  0.00000E+00  0.00000E+00
  1.9679166667E+01  1.9683333333E+01  0.00000E+00  0.00000E+00
  1.9683333333E+01  1.9687500000E+01  0.00000E+00  0.00000E+00
  1.9687500000E+01  1.9691666667E+01  0.00000E+00  0.00000E+00
  1.9691666667E+01  1.9695833333E+01  0.00000E+00  0.00000E+00
  1.9695833333E+01  1.9700000000E+01  0.00000E+00  0.00000E+00
  1.9700000000E+01  1.9704166667E+01  0.00000E+00  0.00000E+00
  1.9704166667E+01  1.9708333333E+01  0.00000E+00  0.00000E+00
  1.9708333333E+01  1.9712500000E+01  0.00000E+00  0.00000E+00
  1.9712500000E+01  1.9716666667E+01  0.00000E+00  0.00000E+00
  1.9716666667E+01  1.9720833333E+01  0.00000E+00  0.00000E+00
  1.9720833333E+01  1.9725000000E+01  0.00000E+00  0.00000E+00
  1.9725000000E+01  1.9729166667E+01  0.00000E+00  0.00000E+00
  1.9729166667E+01  1.9733333333E+01  0.00000E+00  0.00000E+00
  1.9733333333E+01  1.9737500000E+01  0.00000E+00  0.00000E+00
  1.9737500000E+01  1.9741666667E+01  0.00000E+00  0.00000E+00
  1.9741666667E+01  1.9745833333E+01  0.00000E+00  0.00000E+00
  1.9745833333E+01  1.9750000000E+01  0.00000E+00  0.00000E+00
  1.9750000000E+01  1.9754166667E+01  0.00000E+00  0.00000E+00
  1.9754166667E+01  1.9758333333E+01  0.00000E+00  0.00000E+00
  1.9758333333E+01  1.9762500000E+01  1.15960E-09  1.00000E+02
  1.9762500000E+01  1.9766666667E+01  0.00000E+00  0.00000E+00
  1.9766666667E+01  1.9770833333E+01  0.00000E+00  0.00000E+00
  1.9770833333E+01  1.9775000000E+01  0.00000E+00  0.00000E+00
  1.9775000000E+01  1.9779166667E+01  0.00000E+00  0.00000E+00
  1.9779166667E+01  1.9783333333E+01  0.00000E+00  0.00000E+00
  1.9783333333E+01  1.9787500000E+01  0.00000E+00  0.00000E+00
  1.9787500000E+01  1.9791666667E+01  0.00000E+00  0.00000E+00
  1.9791666667E+01  1.9795833333E+01  0.00000E+00  0.00000E+00
  1.9795833333E+01  1.9800000000E+01  0.00000E+00  0.00000E+00
  1.9800000000E+01  1.9804166667E+01  0.00000E+00  0.00000E+00
  1.9804166667E+01  1.9808333333E+01  0.00000E+00  0.00000E+00
  1.9808333333E+01  1.9812500000E+01  0.00000E+00  0.00000E+00
  1.9812500000E+01  1.9816666667E+01  3.32410E-14  1.00000E+02
  1.9816666667E+01  1.9820833333E+01  0.00000E+00  0.00000E+00
  1.9820833333E+01  1.9825000000E+01  0.00000E+00  0.00000E+00
  1.9825000000E+01  1.9829166667E+01  0.00000E+00  0.00000E+00
  1.9829166667E+01  1.9833333333E+01  0.00000E+00  0.00000E+00
  1.9833333333E+01  1.9837500000E+01  0.00000E+00  0.00000E+00
  1.9837500000E+01  1.9841666667E+01  0.00000E+00  0.00000E+00
  1.9841666667E+01  1.9845833333E+01  2.49761E-14  1.00000E+02
  1.9845833333E+01  1.9850000000E+01  0.00000E+00  0.00000E+00
  1.9850000000E+01  1.9854166667E+01  0.00000E+00  0.00000E+00
  1.9854166667E+01  1.9858333333E+01  0.00000E+00  0.00000E+00
  1.9858333333E+01  1.9862500000E+01  0.00000E+00  0.00000E+00
  1.9862500000E+01  1.9866666667E+01  0.00000E+00  0.00000E+00
  1.9866666667E+01  1.9870833333E+01  0.00000E+00  0.00000E+00
  1.9870833333E+01  1.9875000000E+01  3.73957E-07  1.00000E+02
  1.9875000000E+01  1.9879166667E+01  0.00000E+00  0.00000E+00
  1.9879166667E+01  1.9883333333E+01  0.00000E+00  0.00000E+00
  1.9883333333E+01  1.9887500000E+01  0.00000E+00  0.00000E+00
  1.9887500000E+01  1.9891666667E+01  0.00000E+00  0.00000E+00
  1.9891666667E+01  1.9895833333E+01  0.00000E+00  0.00000E+00
  1.9895833333E+01  1.9900000000E+01  0.00000E+00  0.00000E+00
  1.9900000000E+01  1.9904166667E+01  0.00000E+00  0.00000E+00
  1.9904166667E+01  1.9908333333E+01  0.00000E+00  0.00000E+00
  1.9908333333E+01  1.9912500000E+01  0.00000E+00  0.00000E+00
  1.9912500000E+01  1.9916666667E+01  3.32410E-14  1.00000E+02
  1.9916666667E+01  1.9920833333E+01  0.00000E+00  0.00000E+00
  1.9920833333E+01  1.9925000000E+01  0.00000E+00  0.00000E+00
  1.9925000000E+01  1.9929166667E+01  0.00000E+00  0.00000E+00
  1.9929166667E+01  1.9933333333E+01  0.00000E+00  0.00000E+00
  1.9933333333E+01  1.9937500000E+01  0.00000E+00  0.00000E+00
  1.9937500000E+01  1.9941666667E+01  0.00000E+00  0.00000E+00
  1.9941666667E+01  1.9945833333E+01  0.00000E+00  0.00000E+00
  1.9945833333E+01  1.9950000000E+01  0.00000E+00  0.00000E+00
  1.9950000000E+01  1.9954166667E+01  0.00000E+00  0.00000E+00
  1.9954166667E+01  1.9958333333E+01  0.00000E+00  0.00000E+00
  1.9958333333E+01  1.9962500000E+01  0.00000E+00  0.00000E+00
  1.9962500000E+01  1.9966666667E+01  0.00000E+00  0.00000E+00
  1.9966666667E+01  1.9970833333E+01  0.00000E+00  0.00000E+00
  1.9970833333E+01  1.9975000000E+01  0.00000E+00  0.00000E+00
  1.9975000000E+01  1.9979166667E+01  0.00000E+00  0.00000E+00
  1.9979166667E+01  1.9983333333E+01  0.00000E+00  0.00000E+00
  1.9983333333E+01  1.9987500000E+01  0.00000E+00  0.00000E+00
  1.9987500000E+01  1.9991666667E+01  0.00000E+00  0.00000E+00
  1.9991666667E+01  1.9995833333E+01  0.00000E+00  0.00000E+00
  1.9995833333E+01  2.0000000000E+01  0.00000E+00  0.00000E+00
  2.0000000000E+01  2.0000000000E+01  0.00000E+00  0.00000E+00