# Detector n: 1D Projection
  3.6500000000E+01  3.6504166667E+01  3.31785E-03  6.17592E-01
  3.6504166667E+01  3.6508333333E+01  3.32833E-03  7.11897E-01
  3.6508333333E+01  3.6512500000E+01  3.35020E-03  8.87273E-01
  3.6512500000E+01  3.6516666667E+01  3.33039E-03  7.31072E-01
  3.6516666667E+01  3.6520833333E+01  3.33535E-03  7.40944E-01
  3.6520833333E+01  3.6525000000E+01  3.36066E-03  1.00550E+00
  3.6525000000E+01  3.6529166667E+01  3.33563E-03  6.33511E-01
  3.6529166667E+01  3.6533333333E+01  3.44236E-03  1.31719E+00
  3.6533333333E+01  3.6537500000E+01  3.34876E-03  7.38842E-01
  3.6537500000E+01  3.6541666667E+01  3.36639E-03  9.53809E-01
  3.6541666667E+01  3.6545833333E+01  3.37019E-03  8.85156E-01
  3.6545833333E+01  3.6550000000E+01  3.34681E-03  5.84053E-01
  3.6550000000E+01  3.6554166667E+01  3.35207E-03  6.43165E-01
  3.6554166667E+01  3.6558333333E+01  3.36689E-03  8.17809E-01
  3.6558333333E+01  3.6562500000E+01  3.33812E-03  5.72300E-01
  3.6562500000E+01  3.6566666667E+01  3.34746E-03  6.73656E-01
  3.6566666667E+01  3.6570833333E+01  3.34834E-03  7.07998E-01
  3.6570833333E+01  3.6575000000E+01  3.38258E-03  1.03415E+00
  3.6575000000E+01  3.6579166667E+01  3.42215E-03  1.08084E+00
  3.6579166667E+01  3.6583333333E+01  3.37946E-03  8.63780E-01
  3.6583333333E+01  3.6587500000E+01  3.41023E-03  1.02663E+00
  3.6587500000E+01  3.6591666667E+01  3.37870E-03  6.18684E-01
  3.6591666667E+01  3.6595833333E+01  3.37943E-03  6.35126E-01
  3.6595833333E+01  3.6600000000E+01  3.40796E-03  9.66830E-01
  3.6600000000E+01  3.6604166667E+01  3.38864E-03  6.23627E-01
  3.6604166667E+01  3.6608333333E+01  3.42756E-03  1.03659E+00
  3.6608333333E+01  3.6612500000E+01  3.41047E-03  8.28166E-01
  3.6612500000E+01  3.6616666667E+01  3.38842E-03  5.86653E-01
  3.6616666667E+01  3.6620833333E+01  3.39144E-03  7.24885E-01
  3.6620833333E+01  3.6625000000E+01  3.42134E-03  8.98650E-01
  3.6625000000E+01  3.6629166667E+01  3.41012E-03  8.23537E-01
  3.6629166667E+01  3.6633333333E+01  3.43744E-03  9.71883E-01
  3.6633333333E+01  3.6637500000E+01  3.40999E-03  7.67130E-01
  3.6637500000E+01  3.6641666667E+01  3.42002E-03  9.28648E-01
  3.6641666667E+01  3.6645833333E+01  3.40172E-03  7.79324E-01
  3.6645833333E+01  3.6650000000E+01  3.41059E-03  1.05054E+00
  3.6650000000E+01  3.6654166667E+01  3.39519E-03  6.90030E-01
  3.6654166667E+01  3.6658333333E+01  3.40159E-03  7.55818E-01
  3.6658333333E+01  3.6662500000E+01  3.38216E-03  6.20779E-01
  3.6662500000E+01  3.6666666667E+01  3.39365E-03  7.02664E-01
  3.6666666667E+01  3.6670833333E+01  3.41558E-03  8.61527E-01
  3.6670833333E+01  3.6675000000E+01  3.40667E-03  6.96649E-01
  3.6675000000E+01  3.6679166667E+01  3.45257E-03  1.06121E+00
  3.6679166667E+01  3.6683333333E+01  3.43266E-03  8.16135E-01
  3.6683333333E+01  3.6687500000E+01  3.42575E-03  7.13789E-01
  3.6687500000E+01  3.6691666667E+01  3.41918E-03  8.24543E-01
  3.6691666667E+01  3.6695833333E+01  3.45714E-03  1.09469E+00
  3.6695833333E+01  3.6700000000E+01  3.42625E-03  8.91693E-01
  3.6700000000E+01  3.6704166667E+01  3.44830E-03  1.08664E+00
  3.6704166667E+01  3.6708333333E+01  3.52262E-03  1.76224E+00
  3.6708333333E+01  3.6712500000E+01  3.43596E-03  8.57085E-01
  3.6712500000E+01  3.6716666667E+01  3.47831E-03  1.12961E+00
  3.6716666667E+01  3.6720833333E+01  3.43753E-03  8.61489E-01
  3.6720833333E+01  3.6725000000E+01  3.49386E-03  1.44175E+00
  3.6725000000E+01  3.6729166667E+01  3.47200E-03  8.33884E-01
  3.6729166667E+01  3.6733333333E+01  3.47476E-03  8.46200E-01
  3.6733333333E+01  3.6737500000E+01  3.45553E-03  6.72420E-01
  3.6737500000E+01  3.6741666667E+01  3.51169E-03  1.06420E+00
  3.6741666667E+01  3.6745833333E+01  3.49120E-03  1.05238E+00
  3.6745833333E+01  3.6750000000E+01  3.49423E-03  9.01313E-01
  3.6750000000E+01  3.6754166667E+01  3.46461E-03  9.50056E-01
  3.6754166667E+01  3.6758333333E+01  3.44999E-03  6.36373E-01
  3.6758333333E+01  3.6762500000E+01  3.44020E-03  5.70106E-01
  3.6762500000E+01  3.6766666667E+01  3.48300E-03  8.69246E-01
  3.6766666667E+01  3.6770833333E+01  3.44439E-03  5.61505E-01
  3.6770833333E+01  3.6775000000E+01  3.46434E-03  7.81393E-01
  3.6775000000E+01  3.6779166667E+01  3.42463E-03  5.00184E-01
  3.6779166667E+01  3.6783333333E+01  3.42672E-03  5.25588E-01
  3.6783333333E+01  3.6787500000E+01  3.49250E-03  9.15881E-01
  3.6787500000E+01  3.6791666667E+01  3.47711E-03  8.64473E-01
  3.6791666667E+01  3.6795833333E+01  3.47799E-03  8.64670E-01
  3.6795833333E+01  3.6800000000E+01  3.50246E-03  9.50697E-01
  3.6800000000E+01  3.6804166667E+01  3.55808E-03  1.76553E+00
  3.6804166667E+01  3.6808333333E+01  3.52066E-03  1.07260E+00
  3.6808333333E+01  3.6812500000E+01  3.49175E-03  9.00573E-01
  3.6812500000E+01  3.6816666667E+01  3.58450E-03  1.34577E+00
  3.6816666667E+01  3.6820833333E+01  3.51203E-03  7.95727E-01
  3.6820833333E+01  3.6825000000E+01  3.51827E-03  1.30091E+00
  3.6825000000E+01  3.6829166667E+01  3.55007E-03  1.07488E+00
  3.6829166667E+01  3.6833333333E+01  3.46733E-03  7.49258E-01
  3.6833333333E+01  3.6837500000E+01  3.51641E-03  1.37522E+00
  3.6837500000E+01  3.6841666667E+01  3.53207E-03  1.45054E+00
  3.6841666667E+01  3.6845833333E+01  3.49863E-03  9.26139E-01
  3.6845833333E+01  3.6850000000E+01  3.47734E-03  6.64192E-01
  3.6850000000E+01  3.6854166667E+01  3.45907E-03  5.40644E-01
  3.6854166667E+01  3.6858333333E+01  3.48190E-03  6.43719E-01
  3.6858333333E+01  3.6862500000E+01  3.51014E-03  8.95972E-01
  3.6862500000E+01  3.6866666667E+01  3.50045E-03  9.18811E-01
  3.6866666667E+01  3.6870833333E+01  3.49160E-03  8.25522E-01
  3.6870833333E+01  3.6875000000E+01  3.47262E-03  6.67594E-01
  3.6875000000E+01  3.6879166667E+01  3.47148E-03  6.32357E-01
  3.6879166667E+01  3.6883333333E+01  3.51071E-03  1.13705E+00
  3.6883333333E+01  3.6887500000E+01  3.47860E-03  6.71121E-01
  3.6887500000E+01  3.6891666667E+01  3.46966E-03  5.56617E-01
  3.6891666667E+01  3.6895833333E+01  3.45804E-03  5.47958E-01
  3.6895833333E+01  3.6900000000E+01  3.47700E-03  7.12612E-01
  3.6900000000E+01  3.6904166667E+01  3.45963E-03  5.63438E-01
  3.6904166667E+01  3.6908333333E+01  3.50212E-03  8.68088E-01
  3.6908333333E+01  3.6912500000E+01  3.50105E-03  7.79352E-01
  3.6912500000E+01  3.6916666667E+01  3.54146E-03  1.01317E+00
  3.6916666667E+01  3.6920833333E+01  3.54133E-03  1.02261E+00
  3.6920833333E+01  3.6925000000E+01  3.54029E-03  8.96803E-01
  3.6925000000E+01  3.6929166667E+01  3.51731E-03  8.43934E-01
  3.6929166667E+01  3.6933333333E+01  3.52835E-03  1.22645E+00
  3.6933333333E+01  3.6937500000E+01  3.57176E-03  1.23996E+00
  3.6937500000E+01  3.6941666667E+01  3.53307E-03  9.87074E-01
  3.6941666667E+01  3.6945833333E+01  3.55155E-03  1.15209E+00
  3.6945833333E+01  3.6950000000E+01  3.49011E-03  6.21586E-01
  3.6950000000E+01  3.6954166667E+01  3.55049E-03  1.02553E+00
  3.6954166667E+01  3.6958333333E+01  3.51490E-03  7.34684E-01
  3.6958333333E+01  3.6962500000E+01  3.52959E-03  8.91170E-01
  3.6962500000E+01  3.6966666667E+01  3.54505E-03  8.88171E-01
  3.6966666667E+01  3.6970833333E+01  3.50147E-03  6.68409E-01
  3.6970833333E+01  3.6975000000E+01  3.55294E-03  1.08427E+00
  3.6975000000E+01  3.6979166667E+01  3.48675E-03  5.49965E-01
  3.6979166667E+01  3.6983333333E+01  3.47015E-03  5.18755E-01
  3.6983333333E+01  3.6987500000E+01  3.54827E-03  1.20672E+00
  3.6987500000E+01  3.6991666667E+01  3.54088E-03  9.61126E-01
  3.6991666667E+01  3.6995833333E+01  3.52784E-03  8.14209E-01
  3.6995833333E+01  3.7000000000E+01  3.53428E-03  8.74867E-01
  3.7000000000E+01  3.7004166667E+01  3.51286E-03  6.77912E-01
  3.7004166667E+01  3.7008333333E+01  3.52134E-03  7.99131E-01
  3.7008333333E+01  3.7012500000E+01  3.54314E-03  9.97048E-01
  3.7012500000E+01  3.7016666667E+01  3.53265E-03  8.12152E-01
  3.7016666667E+01  3.7020833333E+01  3.59083E-03  1.39171E+00
  3.7020833333E+01  3.7025000000E+01  3.57172E-03  9.12257E-01
  3.7025000000E+01  3.7029166667E+01  3.60021E-03  8.60863E-01
  3.7029166667E+01  3.7033333333E+01  3.53890E-03  4.97329E-01
  3.7033333333E+01  3.7037500000E+01  3.56444E-03  7.56953E-01
  3.7037500000E+01  3.7041666667E+01  3.57637E-03  7.62721E-01
  3.7041666667E+01  3.7045833333E+01  3.56891E-03  6.38535E-01
  3.7045833333E+01  3.7050000000E+01  3.56187E-03  6.33092E-01
  3.7050000000E+01  3.7054166667E+01  3.59974E-03  9.49827E-01
  3.7054166667E+01  3.7058333333E+01  3.59037E-03  1.17907E+00
  3.7058333333E+01  3.7062500000E+01  3.59957E-03  8.29151E-01
  3.7062500000E+01  3.7066666667E+01  3.61684E-03  1.21362E+00
  3.7066666667E+01  3.7070833333E+01  3.58400E-03  9.79565E-01
  3.7070833333E+01  3.7075000000E+01  3.55873E-03  6.62180E-01
  3.7075000000E+01  3.7079166667E+01  3.56944E-03  8.04923E-01
  3.7079166667E+01  3.7083333333E+01  3.56521E-03  7.61469E-01
  3.7083333333E+01  3.7087500000E+01  3.55906E-03  5.53602E-01
  3.7087500000E+01  3.7091666667E+01  3.57762E-03  8.70453E-01
  3.7091666667E+01  3.7095833333E+01  3.59305E-03  9.46671E-01
  3.7095833333E+01  3.7100000000E+01  3.62459E-03  1.16856E+00
  3.7100000000E+01  3.7104166667E+01  3.58005E-03  6.25748E-01
  3.7104166667E+01  3.7108333333E+01  3.62059E-03  1.01978E+00
  3.7108333333E+01  3.7112500000E+01  3.57769E-03  8.12526E-01
  3.7112500000E+01  3.7116666667E+01  3.57454E-03  7.53822E-01
  3.7116666667E+01  3.7120833333E+01  3.57894E-03  7.03349E-01
  3.7120833333E+01  3.7125000000E+01  3.57270E-03  7.64908E-01
  3.7125000000E+01  3.7129166667E+01  3.56331E-03  5.99452E-01
  3.7129166667E+01  3.7133333333E+01  3.62948E-03  1.30997E+00
  3.7133333333E+01  3.7137500000E+01  3.62055E-03  9.84355E-01
  3.7137500000E+01  3.7141666667E+01  3.63020E-03  1.01328E+00
  3.7141666667E+01  3.7145833333E+01  3.64204E-03  1.13520E+00
  3.7145833333E+01  3.7150000000E+01  3.60353E-03  7.77785E-01
  3.7150000000E+01  3.7154166667E+01  3.62080E-03  8.72426E-01
  3.7154166667E+01  3.7158333333E+01  3.59206E-03  6.86935E-01
  3.7158333333E+01  3.7162500000E+01  3.59326E-03  7.99854E-01
  3.7162500000E+01  3.7166666667E+01  3.59559E-03  7.33626E-01
  3.7166666667E+01  3.7170833333E+01  3.63778E-03  1.05118E+00
  3.7170833333E+01  3.7175000000E+01  3.63266E-03  9.36216E-01
  3.7175000000E+01  3.7179166667E+01  3.60972E-03  7.70030E-01
  3.7179166667E+01  3.7183333333E+01  3.63025E-03  9.39467E-01
  3.7183333333E+01  3.7187500000E+01  3.59322E-03  6.51621E-01
  3.7187500000E+01  3.7191666667E+01  3.61499E-03  7.52491E-01
  3.7191666667E+01  3.7195833333E+01  3.60481E-03  7.24067E-01
  3.7195833333E+01  3.7200000000E+01  3.61230E-03  6.53927E-01
  3.7200000000E+01  3.7204166667E+01  3.61489E-03  6.18293E-01
  3.7204166667E+01  3.7208333333E+01  3.57501E-03  5.28454E-01
  3.7208333333E+01  3.7212500000E+01  3.63503E-03  7.68680E-01
  3.7212500000E+01  3.7216666667E+01  3.58886E-03  5.42371E-01
  3.7216666667E+01  3.7220833333E+01  3.59423E-03  5.93168E-01
  3.7220833333E+01  3.7225000000E+01  3.63564E-03  8.54942E-01
  3.7225000000E+01  3.7229166667E+01  3.58848E-03  5.28231E-01
  3.7229166667E+01  3.7233333333E+01  3.62566E-03  8.05250E-01
  3.7233333333E+01  3.7237500000E+01  3.64245E-03  8.56859E-01
  3.7237500000E+01  3.7241666667E+01  3.62248E-03  8.75625E-01
  3.7241666667E+01  3.7245833333E+01  3.61557E-03  6.60197E-01
  3.7245833333E+01  3.7250000000E+01  3.60333E-03  6.20981E-01
  3.7250000000E+01  3.7254166667E+01  3.61399E-03  6.62466E-01
  3.7254166667E+01  3.7258333333E+01  3.63126E-03  7.36273E-01
  3.7258333333E+01  3.7262500000E+01  3.61996E-03  7.10757E-01
  3.7262500000E+01  3.7266666667E+01  3.60196E-03  5.29938E-01
  3.7266666667E+01  3.7270833333E+01  3.67320E-03  1.00316E+00
  3.7270833333E+01  3.7275000000E+01  3.63839E-03  7.87798E-01
  3.7275000000E+01  3.7279166667E+01  3.60708E-03  5.76989E-01
  3.7279166667E+01  3.7283333333E+01  3.63285E-03  6.41945E-01
  3.7283333333E+01  3.7287500000E+01  3.62690E-03  6.33029E-01
  3.7287500000E+01  3.7291666667E+01  3.61574E-03  6.12354E-01
  3.7291666667E+01  3.7295833333E+01  3.67057E-03  9.89390E-01
  3.7295833333E+01  3.7300000000E+01  3.62600E-03  6.33899E-01
  3.7300000000E+01  3.7304166667E+01  3.63666E-03  6.57317E-01
  3.7304166667E+01  3.7308333333E+01  3.65075E-03  6.27450E-01
  3.7308333333E+01  3.7312500000E+01  3.63263E-03  5.36698E-01
  3.7312500000E+01  3.7316666667E+01  3.63886E-03  6.07201E-01
  3.7316666667E+01  3.7320833333E+01  3.63015E-03  5.34250E-01
  3.7320833333E+01  3.7325000000E+01  3.74682E-03  1.55098E+00
  3.7325000000E+01  3.7329166667E+01  3.65982E-03  8.07464E-01
  3.7329166667E+01  3.7333333333E+01  3.64247E-03  7.13257E-01
  3.7333333333E+01  3.7337500000E+01  3.66239E-03  6.76724E-01
  3.7337500000E+01  3.7341666667E+01  3.68657E-03  9.68848E-01
  3.7341666667E+01  3.7345833333E+01  3.64913E-03  5.57869E-01
  3.7345833333E+01  3.7350000000E+01  3.69912E-03  8.98144E-01
  3.7350000000E+01  3.7354166667E+01  3.66934E-03  7.05379E-01
  3.7354166667E+01  3.7358333333E+01  3.66064E-03  6.78964E-01
  3.7358333333E+01  3.7362500000E+01  3.69171E-03  9.34001E-01
  3.7362500000E+01  3.7366666667E+01  3.66316E-03  7.18011E-01
  3.7366666667E+01  3.7370833333E+01  3.72232E-03  1.08539E+00
  3.7370833333E+01  3.7375000000E+01  3.67265E-03  7.55451E-01
  3.7375000000E+01  3.7379166667E+01  3.65109E-03  5.08196E-01
  3.7379166667E+01  3.7383333333E+01  3.71075E-03  8.68955E-01
  3.7383333333E+01  3.7387500000E+01  3.66539E-03  6.22572E-01
  3.7387500000E+01  3.7391666667E+01  3.70288E-03  8.98911E-01
  3.7391666667E+01  3.7395833333E+01  3.72481E-03  1.17331E+00
  3.7395833333E+01  3.7400000000E+01  3.67095E-03  6.53398E-01
  3.7400000000E+01  3.7404166667E+01  3.69321E-03  8.45404E-01
  3.7404166667E+01  3.7408333333E+01  3.68626E-03  7.79055E-01
  3.7408333333E+01  3.7412500000E+01  3.74598E-03  1.25597E+00
  3.7412500000E+01  3.7416666667E+01  3.68048E-03  7.44832E-01
  3.7416666667E+01  3.7420833333E+01  3.66634E-03  5.44908E-01
  3.7420833333E+01  3.7425000000E+01  3.67914E-03  6.42461E-01
  3.7425000000E+01  3.7429166667E+01  3.67445E-03  6.66991E-01
  3.7429166667E+01  3.7433333333E+01  3.69382E-03  8.57560E-01
  3.7433333333E+01  3.7437500000E+01  3.70933E-03  9.75413E-01
  3.7437500000E+01  3.7441666667E+01  3.69579E-03  7.40532E-01
  3.7441666667E+01  3.7445833333E+01  3.75965E-03  1.09687E+00
  3.7445833333E+01  3.7450000000E+01  3.71709E-03  9.75157E-01
  3.7450000000E+01  3.7454166667E+01  3.73623E-03  8.81369E-01
  3.7454166667E+01  3.7458333333E+01  3.76570E-03  1.03283E+00
  3.7458333333E+01  3.7462500000E+01  3.69146E-03  6.10359E-01
  3.7462500000E+01  3.7466666667E+01  3.71619E-03  6.80632E-01
  3.7466666667E+01  3.7470833333E+01  3.71576E-03  7.30694E-01
  3.7470833333E+01  3.7475000000E+01  3.70730E-03  7.36030E-01
  3.7475000000E+01  3.7479166667E+01  3.72922E-03  8.42133E-01
  3.7479166667E+01  3.7483333333E+01  3.75943E-03  9.08874E-01
  3.7483333333E+01  3.7487500000E+01  3.76748E-03  8.25979E-01
  3.7487500000E+01  3.7491666667E+01  3.73465E-03  7.77723E-01
  3.7491666667E+01  3.7495833333E+01  3.73730E-03  7.50583E-01
  3.7495833333E+01  3.7500000000E+01  3.72286E-03  7.07071E-01
  3.7500000000E+01  3.7504166667E+01  3.76956E-03  9.69356E-01
  3.7504166667E+01  3.7508333333E+01  3.71250E-03  5.44831E-01
  3.7508333333E+01  3.7512500000E+01  3.71113E-03  6.60747E-01
  3.7512500000E+01  3.7516666667E+01  3.77205E-03  1.04228E+00
  3.7516666667E+01  3.7520833333E+01  3.80438E-03  1.09404E+00
  3.7520833333E+01  3.7525000000E+01  3.72567E-03  6.22855E-01
  3.7525000000E+01  3.7529166667E+01  3.76037E-03  9.70540E-01
  3.7529166667E+01  3.7533333333E+01  3.74295E-03  7.27838E-01
  3.7533333333E+01  3.7537500000E+01  3.72549E-03  5.44605E-01
  3.7537500000E+01  3.7541666667E+01  3.76020E-03  8.72779E-01
  3.7541666667E+01  3.7545833333E+01  3.73426E-03  5.63603E-01
  3.7545833333E+01  3.7550000000E+01  3.75232E-03  7.19299E-01
  3.7550000000E+01  3.7554166667E+01  3.78584E-03  9.10626E-01
  3.7554166667E+01  3.7558333333E+01  3.79084E-03  7.87677E-01
  3.7558333333E+01  3.7562500000E+01  3.86791E-03  1.13284E+00
  3.7562500000E+01  3.7566666667E+01  3.79134E-03  7.09205E-01
  3.7566666667E+01  3.7570833333E+01  3.78425E-03  6.75904E-01
  3.7570833333E+01  3.7575000000E+01  3.79360E-03  7.75804E-01
  3.7575000000E+01  3.7579166667E+01  3.78464E-03  6.50794E-01
  3.7579166667E+01  3.7583333333E+01  3.80131E-03  8.08212E-01
  3.7583333333E+01  3.7587500000E+01  3.79531E-03  7.17021E-01
  3.7587500000E+01  3.7591666667E+01  3.77176E-03  5.35887E-01
  3.7591666667E+01  3.7595833333E+01  3.83545E-03  8.81925E-01
  3.7595833333E+01  3.7600000000E+01  3.81148E-03  6.83312E-01
  3.7600000000E+01  3.7604166667E+01  3.83285E-03  9.60928E-01
  3.7604166667E+01  3.7608333333E+01  3.84266E-03  9.45495E-01
  3.7608333333E+01  3.7612500000E+01  3.83319E-03  7.93614E-01
  3.7612500000E+01  3.7616666667E+01  3.82065E-03  8.44224E-01
  3.7616666667E+01  3.7620833333E+01  3.84013E-03  1.07514E+00
  3.7620833333E+01  3.7625000000E+01  3.81898E-03  7.59090E-01
  3.7625000000E+01  3.7629166667E+01  3.79488E-03  6.07896E-01
  3.7629166667E+01  3.7633333333E+01  3.83567E-03  9.48596E-01
  3.7633333333E+01  3.7637500000E+01  3.83045E-03  8.34585E-01
  3.7637500000E+01  3.7641666667E+01  3.90222E-03  1.21573E+00
  3.7641666667E+01  3.7645833333E+01  3.83815E-03  8.24121E-01
  3.7645833333E+01  3.7650000000E+01  3.83773E-03  6.70698E-01
  3.7650000000E+01  3.7654166667E+01  3.81583E-03  6.20420E-01
  3.7654166667E+01  3.7658333333E+01  3.84272E-03  7.16016E-01
  3.7658333333E+01  3.7662500000E+01  3.81744E-03  6.64948E-01
  3.7662500000E+01  3.7666666667E+01  3.80764E-03  5.36043E-01
  3.7666666667E+01  3.7670833333E+01  3.80605E-03  5.49767E-01
  3.7670833333E+01  3.7675000000E+01  3.84585E-03  8.88482E-01
  3.7675000000E+01  3.7679166667E+01  3.85601E-03  8.15744E-01
  3.7679166667E+01  3.7683333333E+01  3.83654E-03  7.79459E-01
  3.7683333333E+01  3.7687500000E+01  3.85482E-03  8.00409E-01
  3.7687500000E+01  3.7691666667E+01  3.85658E-03  8.38508E-01
  3.7691666667E+01  3.7695833333E+01  3.82837E-03  6.44730E-01
  3.7695833333E+01  3.7700000000E+01  3.83487E-03  6.29765E-01
  3.7700000000E+01  3.7704166667E+01  3.82750E-03  5.21385E-01
  3.7704166667E+01  3.7708333333E+01  3.83917E-03  6.32876E-01
  3.7708333333E+01  3.7712500000E+01  3.82320E-03  5.35716E-01
  3.7712500000E+01  3.7716666667E+01  3.84680E-03  7.01759E-01
  3.7716666667E+01  3.7720833333E+01  3.89993E-03  1.20914E+00
  3.7720833333E+01  3.7725000000E+01  3.89508E-03  9.10705E-01
  3.7725000000E+01  3.7729166667E+01  3.86406E-03  7.80675E-01
  3.7729166667E+01  3.7733333333E+01  3.94179E-03  1.19479E+00
  3.7733333333E+01  3.7737500000E+01  3.86512E-03  8.02067E-01
  3.7737500000E+01  3.7741666667E+01  3.83842E-03  5.59005E-01
  3.7741666667E+01  3.7745833333E+01  3.88665E-03  8.65451E-01
  3.7745833333E+01  3.7750000000E+01  3.85013E-03  6.65556E-01
  3.7750000000E+01  3.7754166667E+01  3.89250E-03  1.00649E+00
  3.7754166667E+01  3.7758333333E+01  3.89961E-03  1.00119E+00
  3.7758333333E+01  3.7762500000E+01  3.89728E-03  9.22926E-01
  3.7762500000E+01  3.7766666667E+01  3.88197E-03  8.54419E-01
  3.7766666667E+01  3.7770833333E+01  3.90224E-03  8.36504E-01
  3.7770833333E+01  3.7775000000E+01  3.89300E-03  7.89782E-01
  3.7775000000E+01  3.7779166667E+01  3.87712E-03  6.46190E-01
  3.7779166667E+01  3.7783333333E+01  3.87079E-03  7.26868E-01
  3.7783333333E+01  3.7787500000E+01  3.85089E-03  6.06184E-01
  3.7787500000E+01  3.7791666667E+01  3.85628E-03  5.84140E-01
  3.7791666667E+01  3.7795833333E+01  3.90977E-03  8.63477E-01
  3.7795833333E+01  3.7800000000E+01  3.85622E-03  5.65017E-01
  3.7800000000E+01  3.7804166667E+01  3.87166E-03  6.29258E-01
  3.7804166667E+01  3.7808333333E+01  3.90617E-03  1.07001E+00
  3.7808333333E+01  3.7812500000E+01  3.87307E-03  5.75982E-01
  3.7812500000E+01  3.7816666667E+01  3.90411E-03  7.41759E-01
  3.7816666667E+01  3.7820833333E+01  3.92011E-03  8.40612E-01
  3.7820833333E+01  3.7825000000E+01  3.90721E-03  7.00989E-01
  3.7825000000E+01  3.7829166667E+01  3.91706E-03  7.73098E-01
  3.7829166667E+01  3.7833333333E+01  3.87863E-03  5.45174E-01
  3.7833333333E+01  3.7837500000E+01  3.93514E-03  8.21887E-01
  3.7837500000E+01  3.7841666667E+01  3.93663E-03  8.76050E-01
  3.7841666667E+01  3.7845833333E+01  3.90246E-03  6.65404E-01
  3.7845833333E+01  3.7850000000E+01  3.90230E-03  6.25855E-01
  3.7850000000E+01  3.7854166667E+01  3.95346E-03  9.04921E-01
  3.7854166667E+01  3.7858333333E+01  3.94908E-03  8.42970E-01
  3.7858333333E+01  3.7862500000E+01  3.91454E-03  5.94596E-01
  3.7862500000E+01  3.7866666667E+01  3.93670E-03  8.47182E-01
  3.7866666667E+01  3.7870833333E+01  3.97220E-03  9.24635E-01
  3.7870833333E+01  3.7875000000E+01  3.95427E-03  8.03971E-01
  3.7875000000E+01  3.7879166667E+01  3.96635E-03  9.80308E-01
  3.7879166667E+01  3.7883333333E+01  3.95914E-03  7.66395E-01
  3.7883333333E+01  3.7887500000E+01  3.93748E-03  7.45176E-01
  3.7887500000E+01  3.7891666667E+01  3.91801E-03  5.30377E-01
  3.7891666667E+01  3.7895833333E+01  4.03777E-03  1.21817E+00
  3.7895833333E+01  3.7900000000E+01  3.97205E-03  7.69721E-01
  3.7900000000E+01  3.7904166667E+01  4.00193E-03  9.23990E-01
  3.7904166667E+01  3.7908333333E+01  3.99082E-03  1.04696E+00
  3.7908333333E+01  3.7912500000E+01  3.98612E-03  8.87743E-01
  3.7912500000E+01  3.7916666667E+01  4.01061E-03  1.04870E+00
  3.7916666667E+01  3.7920833333E+01  4.02592E-03  9.38685E-01
  3.7920833333E+01  3.7925000000E+01  4.02018E-03  1.05617E+00
  3.7925000000E+01  3.7929166667E+01  4.03076E-03  1.00886E+00
  3.7929166667E+01  3.7933333333E+01  3.95023E-03  5.54634E-01
  3.7933333333E+01  3.7937500000E+01  3.97172E-03  6.18164E-01
  3.7937500000E+01  3.7941666667E+01  3.96606E-03  6.24307E-01
  3.7941666667E+01  3.7945833333E+01  3.98147E-03  7.32331E-01
  3.7945833333E+01  3.7950000000E+01  4.01938E-03  9.77955E-01
  3.7950000000E+01  3.7954166667E+01  3.97883E-03  5.83529E-01
  3.7954166667E+01  3.7958333333E+01  3.98161E-03  6.28272E-01
  3.7958333333E+01  3.7962500000E+01  3.99624E-03  7.29461E-01
  3.7962500000E+01  3.7966666667E+01  3.98539E-03  6.71073E-01
  3.7966666667E+01  3.7970833333E+01  4.00880E-03  8.99614E-01
  3.7970833333E+01  3.7975000000E+01  4.03699E-03  1.02893E+00
  3.7975000000E+01  3.7979166667E+01  4.00153E-03  5.91047E-01
  3.7979166667E+01  3.7983333333E+01  4.05195E-03  1.02624E+00
  3.7983333333E+01  3.7987500000E+01  4.02366E-03  8.89098E-01
  3.7987500000E+01  3.7991666667E+01  3.98118E-03  5.52304E-01
  3.7991666667E+01  3.7995833333E+01  4.00703E-03  6.67060E-01
  3.7995833333E+01  3.8000000000E+01  3.98588E-03  5.88285E-01
  3.8000000000E+01  3.8004166667E+01  4.00577E-03  6.28158E-01
  3.8004166667E+01  3.8008333333E+01  3.98868E-03  5.65585E-01
  3.8008333333E+01  3.8012500000E+01  3.97532E-03  5.02946E-01
  3.8012500000E+01  3.8016666667E+01  3.99890E-03  6.11302E-01
  3.8016666667E+01  3.8020833333E+01  4.04729E-03  9.31583E-01
  3.8020833333E+01  3.8025000000E+01  4.06257E-03  7.53043E-01
  3.8025000000E+01  3.8029166667E+01  4.04952E-03  7.37108E-01
  3.8029166667E+01  3.8033333333E+01  4.04191E-03  6.97312E-01
  3.8033333333E+01  3.8037500000E+01  4.08803E-03  1.12711E+00
  3.8037500000E+01  3.8041666667E+01  4.07725E-03  8.24548E-01
  3.8041666667E+01  3.8045833333E+01  4.03644E-03  6.35784E-01
  3.8045833333E+01  3.8050000000E+01  4.07196E-03  8.18602E-01
  3.8050000000E+01  3.8054166667E+01  4.01425E-03  5.10053E-01
  3.8054166667E+01  3.8058333333E+01  4.03598E-03  6.13823E-01
  3.8058333333E+01  3.8062500000E+01  4.08295E-03  9.46847E-01
  3.8062500000E+01  3.8066666667E+01  4.06190E-03  6.87169E-01
  3.8066666667E+01  3.8070833333E+01  4.04334E-03  5.98998E-01
  3.8070833333E+01  3.8075000000E+01  4.05252E-03  5.76250E-01
  3.8075000000E+01  3.8079166667E+01  4.09314E-03  9.18101E-01
  3.8079166667E+01  3.8083333333E+01  4.13695E-03  1.26652E+00
  3.8083333333E+01  3.8087500000E+01  4.05786E-03  5.52114E-01
  3.8087500000E+01  3.8091666667E+01  4.10910E-03  8.89875E-01
  3.8091666667E+01  3.8095833333E+01  4.09705E-03  9.56656E-01
  3.8095833333E+01  3.8100000000E+01  4.09426E-03  8.53498E-01
  3.8100000000E+01  3.8104166667E+01  4.06406E-03  5.20340E-01
  3.8104166667E+01  3.8108333333E+01  4.07229E-03  6.51606E-01
  3.8108333333E+01  3.8112500000E+01  4.09968E-03  7.30325E-01
  3.8112500000E+01  3.8116666667E+01  4.14488E-03  1.20114E+00
  3.8116666667E+01  3.8120833333E+01  4.13946E-03  1.04425E+00
  3.8120833333E+01  3.8125000000E+01  4.09656E-03  6.49196E-01
  3.8125000000E+01  3.8129166667E+01  4.08188E-03  5.99151E-01
  3.8129166667E+01  3.8133333333E+01  4.14499E-03  9.65821E-01
  3.8133333333E+01  3.8137500000E+01  4.12700E-03  7.86209E-01
  3.8137500000E+01  3.8141666667E+01  4.08131E-03  5.31634E-01
  3.8141666667E+01  3.8145833333E+01  4.13025E-03  8.03175E-01
  3.8145833333E+01  3.8150000000E+01  4.13553E-03  9.33915E-01
  3.8150000000E+01  3.8154166667E+01  4.09881E-03  5.33198E-01
  3.8154166667E+01  3.8158333333E+01  4.14549E-03  9.75801E-01
  3.8158333333E+01  3.8162500000E+01  4.11118E-03  5.64044E-01
  3.8162500000E+01  3.8166666667E+01  4.13131E-03  7.24127E-01
  3.8166666667E+01  3.8170833333E+01  4.15137E-03  1.01375E+00
  3.8170833333E+01  3.8175000000E+01  4.12103E-03  7.71082E-01
  3.8175000000E+01  3.8179166667E+01  4.15745E-03  8.24067E-01
  3.8179166667E+01  3.8183333333E+01  4.16143E-03  8.44145E-01
  3.8183333333E+01  3.8187500000E+01  4.18343E-03  8.44627E-01
  3.8187500000E+01  3.8191666667E+01  4.16614E-03  7.51605E-01
  3.8191666667E+01  3.8195833333E+01  4.16952E-03  7.80654E-01
  3.8195833333E+01  3.8200000000E+01  4.16220E-03  1.07515E+00
  3.8200000000E+01  3.8204166667E+01  4.14066E-03  6.51623E-01
  3.8204166667E+01  3.8208333333E+01  4.12104E-03  5.19686E-01
  3.8208333333E+01  3.8212500000E+01  4.16555E-03  6.99428E-01
  3.8212500000E+01  3.8216666667E+01  4.16405E-03  7.48864E-01
  3.8216666667E+01  3.8220833333E+01  4.16429E-03  7.80753E-01
  3.8220833333E+01  3.8225000000E+01  4.13765E-03  5.76949E-01
  3.8225000000E+01  3.8229166667E+01  4.17873E-03  9.33076E-01
  3.8229166667E+01  3.8233333333E+01  4.12464E-03  4.96304E-01
  3.8233333333E+01  3.8237500000E+01  4.18927E-03  7.62770E-01
  3.8237500000E+01  3.8241666667E+01  4.20327E-03  7.15074E-01
  3.8241666667E+01  3.8245833333E+01  4.21259E-03  8.78430E-01
  3.8245833333E+01  3.8250000000E+01  4.16472E-03  5.73411E-01
  3.8250000000E+01  3.8254166667E+01  4.16957E-03  5.41378E-01
  3.8254166667E+01  3.8258333333E+01  4.22680E-03  9.31974E-01
  3.8258333333E+01  3.8262500000E+01  4.22553E-03  9.31334E-01
  3.8262500000E+01  3.8266666667E+01  4.18996E-03  5.92552E-01
  3.8266666667E+01  3.8270833333E+01  4.20647E-03  7.67647E-01
  3.8270833333E+01  3.8275000000E+01  4.20096E-03  6.27590E-01
  3.8275000000E+01  3.8279166667E+01  4.18976E-03  5.84189E-01
  3.8279166667E+01  3.8283333333E+01  4.27719E-03  1.26580E+00
  3.8283333333E+01  3.8287500000E+01  4.28192E-03  1.16853E+00
  3.8287500000E+01  3.8291666667E+01  4.26932E-03  8.63779E-01
  3.8291666667E+01  3.8295833333E+01  4.24847E-03  8.78363E-01
  3.8295833333E+01  3.8300000000E+01  4.23860E-03  8.24976E-01
  3.8300000000E+01  3.8304166667E+01  4.24727E-03  7.77158E-01
  3.8304166667E+01  3.8308333333E+01  4.27716E-03  1.06030E+00
  3.8308333333E+01  3.8312500000E+01  4.23858E-03  7.00657E-01
  3.8312500000E+01  3.8316666667E+01  4.24109E-03  7.35587E-01
  3.8316666667E+01  3.8320833333E+01  4.24972E-03  7.32052E-01
  3.8320833333E+01  3.8325000000E+01  4.27726E-03  9.11891E-01
  3.8325000000E+01  3.8329166667E+01  4.25624E-03  7.28571E-01
  3.8329166667E+01  3.8333333333E+01  4.29290E-03  9.18156E-01
  3.8333333333E+01  3.8337500000E+01  4.23368E-03  6.14922E-01
  3.8337500000E+01  3.8341666667E+01  4.23409E-03  5.45744E-01
  3.8341666667E+01  3.8345833333E+01  4.24154E-03  7.15046E-01
  3.8345833333E+01  3.8350000000E+01  4.25572E-03  7.40552E-01
  3.8350000000E+01  3.8354166667E+01  4.26841E-03  7.69129E-01
  3.8354166667E+01  3.8358333333E+01  4.24858E-03  5.81816E-01
  3.8358333333E+01  3.8362500000E+01  4.27146E-03  6.55633E-01
  3.8362500000E+01  3.8366666667E+01  4.29610E-03  7.58492E-01
  3.8366666667E+01  3.8370833333E+01  4.34211E-03  8.68039E-01
  3.8370833333E+01  3.8375000000E+01  4.26888E-03  5.58845E-01
  3.8375000000E+01  3.8379166667E+01  4.33492E-03  9.37599E-01
  3.8379166667E+01  3.8383333333E+01  4.30211E-03  6.82599E-01
  3.8383333333E+01  3.8387500000E+01  4.34039E-03  9.53724E-01
  3.8387500000E+01  3.8391666667E+01  4.31880E-03  7.22698E-01
  3.8391666667E+01  3.8395833333E+01  4.32937E-03  8.51181E-01
  3.8395833333E+01  3.8400000000E+01  4.31625E-03  8.40571E-01
  3.8400000000E+01  3.8404166667E+01  4.33302E-03  8.75787E-01
  3.8404166667E+01  3.8408333333E+01  4.33895E-03  8.15640E-01
  3.8408333333E+01  3.8412500000E+01  4.33732E-03  7.17129E-01
  3.8412500000E+01  3.8416666667E+01  4.31576E-03  6.28840E-01
  3.8416666667E+01  3.8420833333E+01  4.33166E-03  7.75502E-01
  3.8420833333E+01  3.8425000000E+01  4.35487E-03  8.29627E-01
  3.8425000000E+01  3.8429166667E+01  4.35280E-03  7.68568E-01
  3.8429166667E+01  3.8433333333E+01  4.36479E-03  7.05796E-01
  3.8433333333E+01  3.8437500000E+01  4.33423E-03  5.52669E-01
  3.8437500000E+01  3.8441666667E+01  4.34583E-03  6.10707E-01
  3.8441666667E+01  3.8445833333E+01  4.37205E-03  7.18622E-01
  3.8445833333E+01  3.8450000000E+01  4.34331E-03  6.25586E-01
  3.8450000000E+01  3.8454166667E+01  4.36926E-03  7.47661E-01
  3.8454166667E+01  3.8458333333E+01  4.34383E-03  5.27726E-01
  3.8458333333E+01  3.8462500000E+01  4.36406E-03  6.91058E-01
  3.8462500000E+01  3.8466666667E+01  4.35389E-03  5.00836E-01
  3.8466666667E+01  3.8470833333E+01  4.37102E-03  5.92656E-01
  3.8470833333E+01  3.8475000000E+01  4.36331E-03  5.56014E-01
  3.8475000000E+01  3.8479166667E+01  4.42104E-03  8.37340E-01
  3.8479166667E+01  3.8483333333E+01  4.43876E-03  9.39604E-01
  3.8483333333E+01  3.8487500000E+01  4.38916E-03  6.28731E-01
  3.8487500000E+01  3.8491666667E+01  4.41760E-03  8.55098E-01
  3.8491666667E+01  3.8495833333E+01  4.41326E-03  8.71738E-01
  3.8495833333E+01  3.8500000000E+01  4.36871E-03  4.90255E-01
  3.8500000000E+01  3.8504166667E+01  4.37561E-03  5.01704E-01
  3.8504166667E+01  3.8508333333E+01  4.43440E-03  9.45268E-01
  3.8508333333E+01  3.8512500000E+01  4.39412E-03  5.80929E-01
  3.8512500000E+01  3.8516666667E+01  4.40662E-03  7.23936E-01
  3.8516666667E+01  3.8520833333E+01  4.40601E-03  5.62206E-01
  3.8520833333E+01  3.8525000000E+01  4.40853E-03  6.14454E-01
  3.8525000000E+01  3.8529166667E+01  4.47344E-03  1.14244E+00
  3.8529166667E+01  3.8533333333E+01  4.45374E-03  6.84889E-01
  3.8533333333E+01  3.8537500000E+01  4.48257E-03  8.46232E-01
  3.8537500000E+01  3.8541666667E+01  4.44092E-03  7.29416E-01
  3.8541666667E+01  3.8545833333E+01  4.45914E-03  6.69757E-01
  3.8545833333E+01  3.8550000000E+01  4.46116E-03  6.48009E-01
  3.8550000000E+01  3.8554166667E+01  4.44366E-03  5.66360E-01
  3.8554166667E+01  3.8558333333E+01  4.46614E-03  7.33211E-01
  3.8558333333E+01  3.8562500000E+01  4.45209E-03  5.66143E-01
  3.8562500000E+01  3.8566666667E+01  4.50684E-03  7.71410E-01
  3.8566666667E+01  3.8570833333E+01  4.50011E-03  7.29278E-01
  3.8570833333E+01  3.8575000000E+01  4.48036E-03  6.91928E-01
  3.8575000000E+01  3.8579166667E+01  4.54948E-03  9.28371E-01
  3.8579166667E+01  3.8583333333E+01  4.51589E-03  9.31068E-01
  3.8583333333E+01  3.8587500000E+01  4.54040E-03  9.33103E-01
  3.8587500000E+01  3.8591666667E+01  4.50336E-03  7.22046E-01
  3.8591666667E+01  3.8595833333E+01  4.49829E-03  6.48462E-01
  3.8595833333E+01  3.8600000000E+01  4.49255E-03  6.26498E-01
  3.8600000000E+01  3.8604166667E+01  4.52240E-03  7.06622E-01
  3.8604166667E+01  3.8608333333E+01  4.51616E-03  7.50643E-01
  3.8608333333E+01  3.8612500000E+01  4.51291E-03  6.91125E-01
  3.8612500000E+01  3.8616666667E+01  4.48227E-03  5.29724E-01
  3.8616666667E+01  3.8620833333E+01  4.48088E-03  5.23045E-01
  3.8620833333E+01  3.8625000000E+01  4.50783E-03  5.81032E-01
  3.8625000000E+01  3.8629166667E+01  4.56085E-03  7.74928E-01
  3.8629166667E+01  3.8633333333E+01  4.56685E-03  8.49906E-01
  3.8633333333E+01  3.8637500000E+01  4.56700E-03  7.96694E-01
  3.8637500000E+01  3.8641666667E+01  4.56541E-03  7.30404E-01
  3.8641666667E+01  3.8645833333E+01  4.52902E-03  5.92496E-01
  3.8645833333E+01  3.8650000000E+01  4.52721E-03  6.44311E-01
  3.8650000000E+01  3.8654166667E+01  4.53721E-03  6.05632E-01
  3.8654166667E+01  3.8658333333E+01  4.56112E-03  7.65475E-01
  3.8658333333E+01  3.8662500000E+01  4.52899E-03  4.95434E-01
  3.8662500000E+01  3.8666666667E+01  4.58153E-03  6.84932E-01
  3.8666666667E+01  3.8670833333E+01  4.64205E-03  9.29212E-01
  3.8670833333E+01  3.8675000000E+01  4.58837E-03  7.63610E-01
  3.8675000000E+01  3.8679166667E+01  4.59193E-03  6.85256E-01
  3.8679166667E+01  3.8683333333E+01  4.57225E-03  5.99430E-01
  3.8683333333E+01  3.8687500000E+01  4.56235E-03  5.69005E-01
  3.8687500000E+01  3.8691666667E+01  4.61815E-03  7.43867E-01
  3.8691666667E+01  3.8695833333E+01  4.59281E-03  6.25168E-01
  3.8695833333E+01  3.8700000000E+01  4.60792E-03  7.08763E-01
  3.8700000000E+01  3.8704166667E+01  4.59908E-03  5.89237E-01
  3.8704166667E+01  3.8708333333E+01  4.65203E-03  8.58227E-01
  3.8708333333E+01  3.8712500000E+01  4.61739E-03  7.08776E-01
  3.8712500000E+01  3.8716666667E+01  4.62618E-03  7.66445E-01
  3.8716666667E+01  3.8720833333E+01  4.60404E-03  5.36405E-01
  3.8720833333E+01  3.8725000000E+01  4.70735E-03  1.03435E+00
  3.8725000000E+01  3.8729166667E+01  4.65585E-03  8.46909E-01
  3.8729166667E+01  3.8733333333E+01  4.63646E-03  6.57416E-01
  3.8733333333E+01  3.8737500000E+01  4.66211E-03  7.49224E-01
  3.8737500000E+01  3.8741666667E+01  4.70963E-03  9.26575E-01
  3.8741666667E+01  3.8745833333E+01  4.66634E-03  7.78405E-01
  3.8745833333E+01  3.8750000000E+01  4.64946E-03  6.99787E-01
  3.8750000000E+01  3.8754166667E+01  4.64382E-03  5.95883E-01
  3.8754166667E+01  3.8758333333E+01  4.69946E-03  8.96173E-01
  3.8758333333E+01  3.8762500000E+01  4.67004E-03  6.69463E-01
  3.8762500000E+01  3.8766666667E+01  4.66954E-03  7.76213E-01
  3.8766666667E+01  3.8770833333E+01  4.69122E-03  6.94702E-01
  3.8770833333E+01  3.8775000000E+01  4.70207E-03  8.02758E-01
  3.8775000000E+01  3.8779166667E+01  4.68341E-03  6.19323E-01
  3.8779166667E+01  3.8783333333E+01  4.68865E-03  6.85248E-01
  3.8783333333E+01  3.8787500000E+01  4.68030E-03  5.85328E-01
  3.8787500000E+01  3.8791666667E+01  4.70590E-03  6.69382E-01
  3.8791666667E+01  3.8795833333E+01  4.72226E-03  7.67772E-01
  3.8795833333E+01  3.8800000000E+01  4.73847E-03  8.37384E-01
  3.8800000000E+01  3.8804166667E+01  4.71026E-03  7.40713E-01
  3.8804166667E+01  3.8808333333E+01  4.73148E-03  7.04760E-01
  3.8808333333E+01  3.8812500000E+01  4.71109E-03  5.84834E-01
  3.8812500000E+01  3.8816666667E+01  4.73765E-03  6.35510E-01
  3.8816666667E+01  3.8820833333E+01  4.73587E-03  6.99426E-01
  3.8820833333E+01  3.8825000000E+01  4.77725E-03  9.17294E-01
  3.8825000000E+01  3.8829166667E+01  4.73789E-03  6.55834E-01
  3.8829166667E+01  3.8833333333E+01  4.72960E-03  6.17762E-01
  3.8833333333E+01  3.8837500000E+01  4.72280E-03  5.13928E-01
  3.8837500000E+01  3.8841666667E+01  4.77889E-03  8.40527E-01
  3.8841666667E+01  3.8845833333E+01  4.73755E-03  5.39383E-01
  3.8845833333E+01  3.8850000000E+01  4.77260E-03  6.57494E-01
  3.8850000000E+01  3.8854166667E+01  4.84641E-03  9.69125E-01
  3.8854166667E+01  3.8858333333E+01  4.78190E-03  6.35009E-01
  3.8858333333E+01  3.8862500000E+01  4.77576E-03  5.84884E-01
  3.8862500000E+01  3.8866666667E+01  4.79570E-03  7.33619E-01
  3.8866666667E+01  3.8870833333E+01  4.75366E-03  4.98045E-01
  3.8870833333E+01  3.8875000000E+01  4.79184E-03  6.85205E-01
  3.8875000000E+01  3.8879166667E+01  4.84131E-03  7.87489E-01
  3.8879166667E+01  3.8883333333E+01  4.81682E-03  6.26252E-01
  3.8883333333E+01  3.8887500000E+01  4.80299E-03  6.09752E-01
  3.8887500000E+01  3.8891666667E+01  4.83169E-03  6.56557E-01
  3.8891666667E+01  3.8895833333E+01  4.81462E-03  5.61425E-01
  3.8895833333E+01  3.8900000000E+01  4.83508E-03  6.64254E-01
  3.8900000000E+01  3.8904166667E+01  4.82567E-03  5.93910E-01
  3.8904166667E+01  3.8908333333E+01  4.82860E-03  5.30027E-01
  3.8908333333E+01  3.8912500000E+01  4.85723E-03  6.80253E-01
  3.8912500000E+01  3.8916666667E+01  4.94404E-03  1.17353E+00
  3.8916666667E+01  3.8920833333E+01  4.85510E-03  5.62252E-01
  3.8920833333E+01  3.8925000000E+01  4.85778E-03  6.21254E-01
  3.8925000000E+01  3.8929166667E+01  4.86747E-03  5.77399E-01
  3.8929166667E+01  3.8933333333E+01  4.90125E-03  6.97469E-01
  3.8933333333E+01  3.8937500000E+01  4.87316E-03  5.16653E-01
  3.8937500000E+01  3.8941666667E+01  4.89796E-03  6.21569E-01
  3.8941666667E+01  3.8945833333E+01  4.89342E-03  5.90406E-01
  3.8945833333E+01  3.8950000000E+01  4.96479E-03  7.76219E-01
  3.8950000000E+01  3.8954166667E+01  4.95082E-03  7.95876E-01
  3.8954166667E+01  3.8958333333E+01  4.92022E-03  6.39694E-01
  3.8958333333E+01  3.8962500000E+01  4.96192E-03  8.30011E-01
  3.8962500000E+01  3.8966666667E+01  4.94788E-03  7.11644E-01
  3.8966666667E+01  3.8970833333E+01  4.92406E-03  5.81037E-01
  3.8970833333E+01  3.8975000000E+01  4.95460E-03  6.99860E-01
  3.8975000000E+01  3.8979166667E+01  4.93164E-03  5.63160E-01
  3.8979166667E+01  3.8983333333E+01  4.93433E-03  5.84630E-01
  3.8983333333E+01  3.8987500000E+01  4.95118E-03  5.99591E-01
  3.8987500000E+01  3.8991666667E+01  5.04078E-03  9.19120E-01
  3.8991666667E+01  3.8995833333E+01  4.98608E-03  6.61509E-01
  3.8995833333E+01  3.9000000000E+01  4.96569E-03  6.37963E-01
  3.9000000000E+01  3.9004166667E+01  5.04700E-03  8.45500E-01
  3.9004166667E+01  3.9008333333E+01  5.03674E-03  9.05922E-01
  3.9008333333E+01  3.9012500000E+01  5.06734E-03  9.07903E-01
  3.9012500000E+01  3.9016666667E+01  5.07349E-03  7.13469E-01
  3.9016666667E+01  3.9020833333E+01  5.05551E-03  7.54109E-01
  3.9020833333E+01  3.9025000000E+01  5.02787E-03  6.89012E-01
  3.9025000000E+01  3.9029166667E+01  5.03632E-03  6.33335E-01
  3.9029166667E+01  3.9033333333E+01  4.99461E-03  4.90388E-01
  3.9033333333E+01  3.9037500000E+01  5.03448E-03  6.71429E-01
  3.9037500000E+01  3.9041666667E+01  5.03603E-03  5.70579E-01
  3.9041666667E+01  3.9045833333E+01  5.07279E-03  6.40232E-01
  3.9045833333E+01  3.9050000000E+01  5.04774E-03  5.36543E-01
  3.9050000000E+01  3.9054166667E+01  5.07951E-03  6.87170E-01
  3.9054166667E+01  3.9058333333E+01  5.06154E-03  5.88460E-01
  3.9058333333E+01  3.9062500000E+01  5.12193E-03  8.57777E-01
  3.9062500000E+01  3.9066666667E+01  5.09816E-03  6.50264E-01
  3.9066666667E+01  3.9070833333E+01  5.09953E-03  7.02260E-01
  3.9070833333E+01  3.9075000000E+01  5.16898E-03  9.44759E-01
  3.9075000000E+01  3.9079166667E+01  5.11598E-03  6.41522E-01
  3.9079166667E+01  3.9083333333E+01  5.13685E-03  7.47416E-01
  3.9083333333E+01  3.9087500000E+01  5.12511E-03  6.84370E-01
  3.9087500000E+01  3.9091666667E+01  5.16960E-03  8.14092E-01
  3.9091666667E+01  3.9095833333E+01  5.17603E-03  8.40944E-01
  3.9095833333E+01  3.9100000000E+01  5.14468E-03  6.52524E-01
  3.9100000000E+01  3.9104166667E+01  5.18085E-03  8.15451E-01
  3.9104166667E+01  3.9108333333E+01  5.16790E-03  6.56380E-01
  3.9108333333E+01  3.9112500000E+01  5.22558E-03  8.46065E-01
  3.9112500000E+01  3.9116666667E+01  5.20034E-03  6.97941E-01
  3.9116666667E+01  3.9120833333E+01  5.21477E-03  8.79667E-01
  3.9120833333E+01  3.9125000000E+01  5.20134E-03  6.68787E-01
  3.9125000000E+01  3.9129166667E+01  5.16202E-03  4.99178E-01
  3.9129166667E+01  3.9133333333E+01  5.17172E-03  4.88558E-01
  3.9133333333E+01  3.9137500000E+01  5.20010E-03  5.50546E-01
  3.9137500000E+01  3.9141666667E+01  5.21880E-03  6.02591E-01
  3.9141666667E+01  3.9145833333E+01  5.28997E-03  8.44964E-01
  3.9145833333E+01  3.9150000000E+01  5.26146E-03  6.78334E-01
  3.9150000000E+01  3.9154166667E+01  5.22082E-03  5.43042E-01
  3.9154166667E+01  3.9158333333E+01  5.22238E-03  6.08081E-01
  3.9158333333E+01  3.9162500000E+01  5.23768E-03  5.66310E-01
  3.9162500000E+01  3.9166666667E+01  5.23222E-03  4.93872E-01
  3.9166666667E+01  3.9170833333E+01  5.28052E-03  5.86623E-01
  3.9170833333E+01  3.9175000000E+01  5.26405E-03  5.57418E-01
  3.9175000000E+01  3.9179166667E+01  5.27673E-03  6.02692E-01
  3.9179166667E+01  3.9183333333E+01  5.30972E-03  6.99713E-01
  3.9183333333E+01  3.9187500000E+01  5.32361E-03  6.96429E-01
  3.9187500000E+01  3.9191666667E+01  5.30753E-03  5.62578E-01
  3.9191666667E+01  3.9195833333E+01  5.32163E-03  5.96759E-01
  3.9195833333E+01  3.9200000000E+01  5.32777E-03  5.86608E-01
  3.9200000000E+01  3.9204166667E+01  5.35118E-03  6.24444E-01
  3.9204166667E+01  3.9208333333E+01  5.36190E-03  6.66650E-01
  3.9208333333E+01  3.9212500000E+01  5.38322E-03  7.28976E-01
  3.9212500000E+01  3.9216666667E+01  5.42139E-03  7.55456E-01
  3.9216666667E+01  3.9220833333E+01  5.45496E-03  1.01891E+00
  3.9220833333E+01  3.9225000000E+01  5.39488E-03  6.12204E-01
  3.9225000000E+01  3.9229166667E+01  5.38183E-03  5.34396E-01
  3.9229166667E+01  3.9233333333E+01  5.41220E-03  7.04308E-01
  3.9233333333E+01  3.9237500000E+01  5.46254E-03  7.64668E-01
  3.9237500000E+01  3.9241666667E+01  5.40173E-03  6.84949E-01
  3.9241666667E+01  3.9245833333E+01  5.45847E-03  7.14281E-01
  3.9245833333E+01  3.9250000000E+01  5.41430E-03  5.00374E-01
  3.9250000000E+01  3.9254166667E+01  5.43565E-03  5.06869E-01
  3.9254166667E+01  3.9258333333E+01  5.49399E-03  7.19762E-01
  3.9258333333E+01  3.9262500000E+01  5.48536E-03  6.93508E-01
  3.9262500000E+01  3.9266666667E+01  5.56603E-03  8.19883E-01
  3.9266666667E+01  3.9270833333E+01  5.51524E-03  6.13048E-01
  3.9270833333E+01  3.9275000000E+01  5.56918E-03  8.59909E-01
  3.9275000000E+01  3.9279166667E+01  5.54977E-03  7.22273E-01
  3.9279166667E+01  3.9283333333E+01  5.59963E-03  7.26813E-01
  3.9283333333E+01  3.9287500000E+01  5.56716E-03  6.49519E-01
  3.9287500000E+01  3.9291666667E+01  5.55340E-03  6.65214E-01
  3.9291666667E+01  3.9295833333E+01  5.55620E-03  6.26895E-01
  3.9295833333E+01  3.9300000000E+01  5.60096E-03  7.72915E-01
  3.9300000000E+01  3.9304166667E+01  5.56265E-03  5.88673E-01
  3.9304166667E+01  3.9308333333E+01  5.56804E-03  5.59358E-01
  3.9308333333E+01  3.9312500000E+01  5.62081E-03  8.00032E-01
  3.9312500000E+01  3.9316666667E+01  5.62397E-03  7.14937E-01
  3.9316666667E+01  3.9320833333E+01  5.62995E-03  6.50397E-01
  3.9320833333E+01  3.9325000000E+01  5.61328E-03  5.48048E-01
  3.9325000000E+01  3.9329166667E+01  5.59533E-03  5.44152E-01
  3.9329166667E+01  3.9333333333E+01  5.58484E-03  4.74439E-01
  3.9333333333E+01  3.9337500000E+01  5.63464E-03  6.91609E-01
  3.9337500000E+01  3.9341666667E+01  5.70150E-03  7.46305E-01
  3.9341666667E+01  3.9345833333E+01  5.63495E-03  5.51274E-01
  3.9345833333E+01  3.9350000000E+01  5.64567E-03  5.15599E-01
  3.9350000000E+01  3.9354166667E+01  5.66237E-03  5.22958E-01
  3.9354166667E+01  3.9358333333E+01  5.69206E-03  5.68048E-01
  3.9358333333E+01  3.9362500000E+01  5.72292E-03  6.86273E-01
  3.9362500000E+01  3.9366666667E+01  5.68817E-03  4.98579E-01
  3.9366666667E+01  3.9370833333E+01  5.71084E-03  6.20603E-01
  3.9370833333E+01  3.9375000000E+01  5.73262E-03  6.50224E-01
  3.9375000000E+01  3.9379166667E+01  5.75996E-03  6.25465E-01
  3.9379166667E+01  3.9383333333E+01  5.79111E-03  6.42659E-01
  3.9383333333E+01  3.9387500000E+01  5.80161E-03  6.74714E-01
  3.9387500000E+01  3.9391666667E+01  5.77242E-03  5.76661E-01
  3.9391666667E+01  3.9395833333E+01  5.78125E-03  5.28773E-01
  3.9395833333E+01  3.9400000000E+01  5.83625E-03  6.25216E-01
  3.9400000000E+01  3.9404166667E+01  5.82999E-03  6.12262E-01
  3.9404166667E+01  3.9408333333E+01  5.81987E-03  5.52927E-01
  3.9408333333E+01  3.9412500000E+01  5.84335E-03  5.95520E-01
  3.9412500000E+01  3.9416666667E+01  5.85069E-03  5.79740E-01
  3.9416666667E+01  3.9420833333E+01  5.86540E-03  5.87336E-01
  3.9420833333E+01  3.9425000000E+01  5.88041E-03  6.23151E-01
  3.9425000000E+01  3.9429166667E+01  5.91135E-03  6.68223E-01
  3.9429166667E+01  3.9433333333E+01  5.89203E-03  5.63289E-01
  3.9433333333E+01  3.9437500000E+01  5.93992E-03  6.39900E-01
  3.9437500000E+01  3.9441666667E+01  5.97505E-03  6.97760E-01
  3.9441666667E+01  3.9445833333E+01  5.93235E-03  5.57798E-01
  3.9445833333E+01  3.9450000000E+01  5.91769E-03  4.91776E-01
  3.9450000000E+01  3.9454166667E+01  5.99756E-03  7.41327E-01
  3.9454166667E+01  3.9458333333E+01  5.94468E-03  5.15144E-01
  3.9458333333E+01  3.9462500000E+01  5.98317E-03  5.66376E-01
  3.9462500000E+01  3.9466666667E+01  5.97939E-03  5.24787E-01
  3.9466666667E+01  3.9470833333E+01  5.97322E-03  4.94275E-01
  3.9470833333E+01  3.9475000000E+01  5.99508E-03  5.51569E-01
  3.9475000000E+01  3.9479166667E+01  6.04049E-03  6.07875E-01
  3.9479166667E+01  3.9483333333E+01  6.07736E-03  6.27806E-01
  3.9483333333E+01  3.9487500000E+01  6.09865E-03  7.37113E-01
  3.9487500000E+01  3.9491666667E+01  6.07586E-03  5.73052E-01
  3.9491666667E+01  3.9495833333E+01  6.10801E-03  6.38474E-01
  3.9495833333E+01  3.9500000000E+01  6.12732E-03  6.38202E-01
  3.9500000000E+01  3.9504166667E+01  6.17026E-03  7.41867E-01
  3.9504166667E+01  3.9508333333E+01  6.12662E-03  5.24272E-01
  3.9508333333E+01  3.9512500000E+01  6.17012E-03  5.87809E-01
  3.9512500000E+01  3.9516666667E+01  6.23944E-03  7.44464E-01
  3.9516666667E+01  3.9520833333E+01  6.21006E-03  5.99570E-01
  3.9520833333E+01  3.9525000000E+01  6.20270E-03  5.39602E-01
  3.9525000000E+01  3.9529166667E+01  6.19958E-03  5.31468E-01
  3.9529166667E+01  3.9533333333E+01  6.23029E-03  6.02476E-01
  3.9533333333E+01  3.9537500000E+01  6.22438E-03  5.15191E-01
  3.9537500000E+01  3.9541666667E+01  6.27166E-03  5.66885E-01
  3.9541666667E+01  3.9545833333E+01  6.28373E-03  5.62935E-01
  3.9545833333E+01  3.9550000000E+01  6.33941E-03  6.98500E-01
  3.9550000000E+01  3.9554166667E+01  6.31260E-03  5.63159E-01
  3.9554166667E+01  3.9558333333E+01  6.33471E-03  5.55461E-01
  3.9558333333E+01  3.9562500000E+01  6.32477E-03  5.07814E-01
  3.9562500000E+01  3.9566666667E+01  6.39932E-03  6.34298E-01
  3.9566666667E+01  3.9570833333E+01  6.40695E-03  5.98763E-01
  3.9570833333E+01  3.9575000000E+01  6.41783E-03  5.74079E-01
  3.9575000000E+01  3.9579166667E+01  6.45885E-03  7.37798E-01
  3.9579166667E+01  3.9583333333E+01  6.41390E-03  5.42199E-01
  3.9583333333E+01  3.9587500000E+01  6.46544E-03  6.57860E-01
  3.9587500000E+01  3.9591666667E+01  6.46053E-03  5.68359E-01
  3.9591666667E+01  3.9595833333E+01  6.49813E-03  5.62759E-01
  3.9595833333E+01  3.9600000000E+01  6.57343E-03  7.74678E-01
  3.9600000000E+01  3.9604166667E+01  6.53715E-03  6.72496E-01
  3.9604166667E+01  3.9608333333E+01  6.57716E-03  6.78633E-01
  3.9608333333E+01  3.9612500000E+01  6.53635E-03  4.92370E-01
  3.9612500000E+01  3.9616666667E+01  6.63040E-03  6.21323E-01
  3.9616666667E+01  3.9620833333E+01  6.65771E-03  6.48264E-01
  3.9620833333E+01  3.9625000000E+01  6.63773E-03  5.69369E-01
  3.9625000000E+01  3.9629166667E+01  6.65814E-03  5.94013E-01
  3.9629166667E+01  3.9633333333E+01  6.69628E-03  6.33138E-01
  3.9633333333E+01  3.9637500000E+01  6.68867E-03  5.45313E-01
  3.9637500000E+01  3.9641666667E+01  6.71121E-03  5.57887E-01
  3.9641666667E+01  3.9645833333E+01  6.71488E-03  5.47530E-01
  3.9645833333E+01  3.9650000000E+01  6.76544E-03  5.90692E-01
  3.9650000000E+01  3.9654166667E+01  6.78653E-03  5.74312E-01
  3.9654166667E+01  3.9658333333E+01  6.81363E-03  5.81985E-01
  3.9658333333E+01  3.9662500000E+01  6.83587E-03  6.14987E-01
  3.9662500000E+01  3.9666666667E+01  6.80632E-03  5.51459E-01
  3.9666666667E+01  3.9670833333E+01  6.81986E-03  5.66198E-01
  3.9670833333E+01  3.9675000000E+01  6.85541E-03  5.39866E-01
  3.9675000000E+01  3.9679166667E+01  6.91178E-03  5.77619E-01
  3.9679166667E+01  3.9683333333E+01  6.91616E-03  5.49074E-01
  3.9683333333E+01  3.9687500000E+01  6.98367E-03  6.22766E-01
  3.9687500000E+01  3.9691666667E+01  6.95285E-03  5.28455E-01
  3.9691666667E+01  3.9695833333E+01  6.96386E-03  5.51917E-01
  3.9695833333E+01  3.9700000000E+01  6.99794E-03  5.18160E-01
  3.9700000000E+01  3.9704166667E+01  7.04579E-03  5.53256E-01
  3.9704166667E+01  3.9708333333E+01  7.05197E-03  5.14947E-01
  3.9708333333E+01  3.9712500000E+01  7.08862E-03  5.56249E-01
  3.9712500000E+01  3.9716666667E+01  7.07997E-03  5.04771E-01
  3.9716666667E+01  3.9720833333E+01  7.16941E-03  6.20759E-01
  3.9720833333E+01  3.9725000000E+01  7.18337E-03  5.80911E-01
  3.9725000000E+01  3.9729166667E+01  7.17131E-03  5.64321E-01
  3.9729166667E+01  3.9733333333E+01  7.17640E-03  5.49903E-01
  3.9733333333E+01  3.9737500000E+01  7.18898E-03  4.97077E-01
  3.9737500000E+01  3.9741666667E+01  7.26553E-03  6.06522E-01
  3.9741666667E+01  3.9745833333E+01  7.29693E-03  6.11740E-01
  3.9745833333E+01  3.9750000000E+01  7.29517E-03  5.25528E-01
  3.9750000000E+01  3.9754166667E+01  7.32289E-03  5.19536E-01
  3.9754166667E+01  3.9758333333E+01  7.33644E-03  5.14061E-01
  3.9758333333E+01  3.9762500000E+01  7.36107E-03  5.19848E-01
  3.9762500000E+01  3.9766666667E+01  7.39366E-03  5.05607E-01
  3.9766666667E+01  3.9770833333E+01  7.42257E-03  4.93341E-01
  3.9770833333E+01  3.9775000000E+01  7.47200E-03  5.19784E-01
  3.9775000000E+01  3.9779166667E+01  7.48752E-03  4.89331E-01
  3.9779166667E+01  3.9783333333E+01  7.54358E-03  5.12516E-01
  3.9783333333E+01  3.9787500000E+01  7.57848E-03  5.22732E-01
  3.9787500000E+01  3.9791666667E+01  7.61542E-03  5.45068E-01
  3.9791666667E+01  3.9795833333E+01  7.66553E-03  5.95662E-01
  3.9795833333E+01  3.9800000000E+01  7.67357E-03  5.33566E-01
  3.9800000000E+01  3.9804166667E+01  7.72340E-03  5.56404E-01
  3.9804166667E+01  3.9808333333E+01  7.75666E-03  5.02900E-01
  3.9808333333E+01  3.9812500000E+01  7.82618E-03  5.93408E-01
  3.9812500000E+01  3.9816666667E+01  7.83456E-03  5.56678E-01
  3.9816666667E+01  3.9820833333E+01  7.87429E-03  6.16417E-01
  3.9820833333E+01  3.9825000000E+01  7.90091E-03  5.74959E-01
  3.9825000000E+01  3.9829166667E+01  7.91756E-03  5.37076E-01
  3.9829166667E+01  3.9833333333E+01  7.98887E-03  5.59556E-01
  3.9833333333E+01  3.9837500000E+01  8.00802E-03  5.53223E-01
  3.9837500000E+01  3.9841666667E+01  8.07673E-03  5.75029E-01
  3.9841666667E+01  3.9845833333E+01  8.10469E-03  5.41027E-01
  3.9845833333E+01  3.9850000000E+01  8.16212E-03  5.45626E-01
  3.9850000000E+01  3.9854166667E+01  8.18838E-03  5.44167E-01
  3.9854166667E+01  3.9858333333E+01  8.22179E-03  5.28997E-01
  3.9858333333E+01  3.9862500000E+01  8.28381E-03  5.33170E-01
  3.9862500000E+01  3.9866666667E+01  8.37422E-03  6.02524E-01
  3.9866666667E+01  3.9870833333E+01  8.38441E-03  5.33145E-01
  3.9870833333E+01  3.9875000000E+01  8.45438E-03  5.27938E-01
  3.9875000000E+01  3.9879166667E+01  8.46230E-03  5.23329E-01
  3.9879166667E+01  3.9883333333E+01  8.52614E-03  5.43824E-01
  3.9883333333E+01  3.9887500000E+01  8.55065E-03  4.92802E-01
  3.9887500000E+01  3.9891666667E+01  8.62950E-03  5.37345E-01
  3.9891666667E+01  3.9895833333E+01  8.67118E-03  5.39904E-01
  3.9895833333E+01  3.9900000000E+01  8.71823E-03  4.90383E-01
  3.9900000000E+01  3.9904166667E+01  8.83007E-03  5.57693E-01
  3.9904166667E+01  3.9908333333E+01  8.85059E-03  5.20731E-01
  3.9908333333E+01  3.9912500000E+01  8.91092E-03  5.16172E-01
  3.9912500000E+01  3.9916666667E+01  8.98667E-03  5.16378E-01
  3.9916666667E+01  3.9920833333E+01  9.05721E-03  5.63124E-01
  3.9920833333E+01  3.9925000000E+01  9.11423E-03  5.32489E-01
  3.9925000000E+01  3.9929166667E+01  9.15315E-03  5.18532E-01
  3.9929166667E+01  3.9933333333E+01  9.22186E-03  5.17653E-01
  3.9933333333E+01  3.9937500000E+01  9.31583E-03  5.77722E-01
  3.9937500000E+01  3.9941666667E+01  9.34802E-03  5.26677E-01
  3.9941666667E+01  3.9945833333E+01  9.42705E-03  5.06449E-01
  3.9945833333E+01  3.9950000000E+01  9.52598E-03  5.22273E-01
  3.9950000000E+01  3.9954166667E+01  9.57378E-03  5.12790E-01
  3.9954166667E+01  3.9958333333E+01  9.68037E-03  5.63728E-01
  3.9958333333E+01  3.9962500000E+01  9.75599E-03  5.36695E-01
  3.9962500000E+01  3.9966666667E+01  9.83046E-03  5.40343E-01
  3.9966666667E+01  3.9970833333E+01  9.91135E-03  5.23333E-01
  3.9970833333E+01  3.9975000000E+01  9.99679E-03  5.33011E-01
  3.9975000000E+01  3.9979166667E+01  1.00901E-02  5.35384E-01
  3.9979166667E+01  3.9983333333E+01  1.02085E-02  5.58865E-01
  3.9983333333E+01  3.9987500000E+01  1.02967E-02  5.53607E-01
  3.9987500000E+01  3.9991666667E+01  1.04315E-02  5.68582E-01
  3.9991666667E+01  3.9995833333E+01  1.05519E-02  5.74667E-01
  3.9995833333E+01  4.0000000000E+01  1.06114E-02  5.21380E-01
  4.0000000000E+01  4.0004166667E+01  1.07511E-02  5.32805E-01
  4.0004166667E+01  4.0008333333E+01  1.08550E-02  5.29327E-01
  4.0008333333E+01  4.0012500000E+01  1.09727E-02  5.70846E-01
  4.0012500000E+01  4.0016666667E+01  1.11078E-02  5.64260E-01
  4.0016666667E+01  4.0020833333E+01  1.12106E-02  5.34399E-01
  4.0020833333E+01  4.0025000000E+01  1.13534E-02  5.40319E-01
  4.0025000000E+01  4.0029166667E+01  1.15479E-02  5.44590E-01
  4.0029166667E+01  4.0033333333E+01  1.16882E-02  5.21340E-01
  4.0033333333E+01  4.0037500000E+01  1.18191E-02  5.14336E-01
  4.0037500000E+01  4.0041666667E+01  1.20135E-02  5.45444E-01
  4.0041666667E+01  4.0045833333E+01  1.21278E-02  5.40304E-01
  4.0045833333E+01  4.0050000000E+01  1.23406E-02  5.49907E-01
  4.0050000000E+01  4.0054166667E+01  1.24799E-02  5.71963E-01
  4.0054166667E+01  4.0058333333E+01  1.26305E-02  5.57748E-01
  4.0058333333E+01  4.0062500000E+01  1.28224E-02  5.58492E-01
  4.0062500000E+01  4.0066666667E+01  1.30050E-02  5.62851E-01
  4.0066666667E+01  4.0070833333E+01  1.31735E-02  5.58816E-01
  4.0070833333E+01  4.0075000000E+01  1.32727E-02  5.61729E-01
  4.0075000000E+01  4.0079166667E+01  1.34373E-02  5.47391E-01
  4.0079166667E+01  4.0083333333E+01  1.36175E-02  5.65695E-01
  4.0083333333E+01  4.0087500000E+01  1.38179E-02  5.79886E-01
  4.0087500000E+01  4.0091666667E+01  1.40024E-02  5.87331E-01
  4.0091666667E+01  4.0095833333E+01  1.41086E-02  5.71350E-01
  4.0095833333E+01  4.0100000000E+01  1.42484E-02  5.98186E-01
  4.0100000000E+01  4.0104166667E+01  1.43615E-02  5.73657E-01
  4.0104166667E+01  4.0108333333E+01  1.44729E-02  5.79952E-01
  4.0108333333E+01  4.0112500000E+01  1.46431E-02  6.20210E-01
  4.0112500000E+01  4.0116666667E+01  1.47852E-02  6.21111E-01
  4.0116666667E+01  4.0120833333E+01  1.47949E-02  6.09251E-01
  4.0120833333E+01  4.0125000000E+01  1.48680E-02  5.97449E-01
  4.0125000000E+01  4.0129166667E+01  1.49419E-02  6.03823E-01
  4.0129166667E+01  4.0133333333E+01  1.50426E-02  6.16938E-01
  4.0133333333E+01  4.0137500000E+01  1.50007E-02  6.22608E-01
  4.0137500000E+01  4.0141666667E+01  1.49996E-02  6.16731E-01
  4.0141666667E+01  4.0145833333E+01  1.49404E-02  6.27849E-01
  4.0145833333E+01  4.0150000000E+01  1.48162E-02  6.54993E-01
  4.0150000000E+01  4.0154166667E+01  1.46233E-02  6.49730E-01
  4.0154166667E+01  4.0158333333E+01  1.45873E-02  6.39358E-01
  4.0158333333E+01  4.0162500000E+01  1.44451E-02  6.63833E-01
  4.0162500000E+01  4.0166666667E+01  1.42993E-02  6.75448E-01
  4.0166666667E+01  4.0170833333E+01  1.41119E-02  6.79951E-01
  4.0170833333E+01  4.0175000000E+01  1.39221E-02  6.82674E-01
  4.0175000000E+01  4.0179166667E+01  1.37264E-02  6.98870E-01
  4.0179166667E+01  4.0183333333E+01  1.33643E-02  7.29492E-01
  4.0183333333E+01  4.0187500000E+01  1.31311E-02  7.52618E-01
  4.0187500000E+01  4.0191666667E+01  1.27727E-02  7.38763E-01
  4.0191666667E+01  4.0195833333E+01  1.24136E-02  7.72132E-01
  4.0195833333E+01  4.0200000000E+01  1.20377E-02  8.04470E-01
  4.0200000000E+01  4.0204166667E+01  1.16979E-02  7.94357E-01
  4.0204166667E+01  4.0208333333E+01  1.12229E-02  8.24819E-01
  4.0208333333E+01  4.0212500000E+01  1.08228E-02  8.43424E-01
  4.0212500000E+01  4.0216666667E+01  1.04361E-02  8.61151E-01
  4.0216666667E+01  4.0220833333E+01  9.95515E-03  8.91868E-01
  4.0220833333E+01  4.0225000000E+01  9.43773E-03  9.40687E-01
  4.0225000000E+01  4.0229166667E+01  8.98245E-03  9.81242E-01
  4.0229166667E+01  4.0233333333E+01  8.46460E-03  9.62205E-01
  4.0233333333E+01  4.0237500000E+01  8.07050E-03  9.90420E-01
  4.0237500000E+01  4.0241666667E+01  7.56536E-03  1.02645E+00
  4.0241666667E+01  4.0245833333E+01  7.12610E-03  1.07507E+00
  4.0245833333E+01  4.0250000000E+01  6.76057E-03  1.11493E+00
  4.0250000000E+01  4.0254166667E+01  6.34969E-03  1.16564E+00
  4.0254166667E+01  4.0258333333E+01  5.90699E-03  1.22569E+00
  4.0258333333E+01  4.0262500000E+01  5.54542E-03  1.24588E+00
  4.0262500000E+01  4.0266666667E+01  5.06740E-03  1.28907E+00
  4.0266666667E+01  4.0270833333E+01  4.66111E-03  1.37146E+00
  4.0270833333E+01  4.0275000000E+01  4.36008E-03  1.42327E+00
  4.0275000000E+01  4.0279166667E+01  3.88570E-03  1.47676E+00
  4.0279166667E+01  4.0283333333E+01  3.64388E-03  1.57935E+00
  4.0283333333E+01  4.0287500000E+01  3.29906E-03  1.62681E+00
  4.0287500000E+01  4.0291666667E+01  3.01871E-03  1.76874E+00
  4.0291666667E+01  4.0295833333E+01  2.77354E-03  1.85263E+00
  4.0295833333E+01  4.0300000000E+01  2.52485E-03  1.94114E+00
  4.0300000000E+01  4.0304166667E+01  2.21248E-03  2.06618E+00
  4.0304166667E+01  4.0308333333E+01  1.95068E-03  2.22498E+00
  4.0308333333E+01  4.0312500000E+01  1.78329E-03  2.34241E+00
  4.0312500000E+01  4.0316666667E+01  1.64196E-03  2.52670E+00
  4.0316666667E+01  4.0320833333E+01  1.42018E-03  2.66930E+00
  4.0320833333E+01  4.0325000000E+01  1.26389E-03  2.77356E+00
  4.0325000000E+01  4.0329166667E+01  1.12959E-03  3.00359E+00
  4.0329166667E+01  4.0333333333E+01  9.64434E-04  3.32106E+00
  4.0333333333E+01  4.0337500000E+01  8.26182E-04  3.46664E+00
  4.0337500000E+01  4.0341666667E+01  7.59475E-04  3.77616E+00
  4.0341666667E+01  4.0345833333E+01  6.33862E-04  3.88274E+00
  4.0345833333E+01  4.0350000000E+01  5.60843E-04  4.12363E+00
  4.0350000000E+01  4.0354166667E+01  4.99956E-04  4.42312E+00
  4.0354166667E+01  4.0358333333E+01  4.34684E-04  4.85155E+00
  4.0358333333E+01  4.0362500000E+01  3.67965E-04  5.40925E+00
  4.0362500000E+01  4.0366666667E+01  3.04295E-04  5.86716E+00
  4.0366666667E+01  4.0370833333E+01  2.48283E-04  6.49938E+00
  4.0370833333E+01  4.0375000000E+01  2.18285E-04  6.87185E+00
  4.0375000000E+01  4.0379166667E+01  1.83993E-04  7.52875E+00
  4.0379166667E+01  4.0383333333E+01  1.48227E-04  8.53281E+00
  4.0383333333E+01  4.0387500000E+01  1.31026E-04  8.78649E+00
  4.0387500000E+01  4.0391666667E+01  1.04915E-04  9.57868E+00
  4.0391666667E+01  4.0395833333E+01  9.49696E-05  1.07069E+01
  4.0395833333E+01  4.0400000000E+01  8.14557E-05  1.11799E+01
  4.0400000000E+01  4.0404166667E+01  7.05282E-05  1.24723E+01
  4.0404166667E+01  4.0408333333E+01  5.77323E-05  1.31176E+01
  4.0408333333E+01  4.0412500000E+01  5.11175E-05  1.43430E+01
  4.0412500000E+01  4.0416666667E+01  3.34338E-05  1.72649E+01
  4.0416666667E+01  4.0420833333E+01  3.11257E-05  1.84158E+01
  4.0420833333E+01  4.0425000000E+01  2.81908E-05  2.02190E+01
  4.0425000000E+01  4.0429166667E+01  1.68863E-05  2.45613E+01
  4.0429166667E+01  4.0433333333E+01  1.37065E-05  2.98976E+01
  4.0433333333E+01  4.0437500000E+01  1.08976E-05  3.21362E+01
  4.0437500000E+01  4.0441666667E+01  7.78091E-06  3.23791E+01
  4.0441666667E+01  4.0445833333E+01  7.50259E-06  3.44786E+01
  4.0445833333E+01  4.0450000000E+01  9.05776E-06  3.57914E+01
  4.0450000000E+01  4.0454166667E+01  6.14384E-06  3.97577E+01
  4.0454166667E+01  4.0458333333E+01  4.83690E-06  4.03659E+01
  4.0458333333E+01  4.0462500000E+01  5.71113E-06  4.80685E+01
  4.0462500000E+01  4.0466666667E+01  2.82179E-06  4.48530E+01
  4.0466666667E+01  4.0470833333E+01  2.50906E-06  5.00664E+01
  4.0470833333E+01  4.0475000000E+01  2.82149E-06  5.04110E+01
  4.0475000000E+01  4.0479166667E+01  3.31553E-06  5.06965E+01
  4.0479166667E+01  4.0483333333E+01  4.14091E-06  5.18226E+01
  4.0483333333E+01  4.0487500000E+01  4.65042E-06  5.18557E+01
  4.0487500000E+01  4.0491666667E+01  3.35598E-06  6.10322E+01
  4.0491666667E+01  4.0495833333E+01  2.36725E-06  7.07145E+01
  4.0495833333E+01  4.0500000000E+01  9.73645E-11  1.00000E+02
  4.0500000000E+01  4.0504166667E+01  0.00000E+00  0.00000E+00
  4.0504166667E+01  4.0508333333E+01  0.00000E+00  0.00000E+00
  4.0508333333E+01  4.0512500000E+01  0.00000E+00  0.00000E+00
  4.0512500000E+01  4.0516666667E+01  0.00000E+00  0.00000E+00
  4.0516666667E+01  4.0520833333E+01  3.38779E-09  1.00000E+02
  4.0520833333E+01  4.0525000000E+01  0.00000E+00  0.00000E+00
  4.0525000000E+01  4.0529166667E+01  0.00000E+00  0.00000E+00
  4.0529166667E+01  4.0533333333E+01  0.00000E+00  0.00000E+00
  4.0533333333E+01  4.0537500000E+01  0.00000E+00  0.00000E+00
  4.0537500000E+01  4.0541666667E+01  0.00000E+00  0.00000E+00
  4.0541666667E+01  4.0545833333E+01  5.83162E-14  1.00000E+02
  4.0545833333E+01  4.0550000000E+01  0.00000E+00  0.00000E+00
  4.0550000000E+01  4.0554166667E+01  0.00000E+00  0.00000E+00
  4.0554166667E+01  4.0558333333E+01  2.39048E-07  1.00000E+02
  4.0558333333E+01  4.0562500000E+01  1.02364E-06  8.63441E+01
  4.0562500000E+01  4.0566666667E+01  1.02616E-06  1.00000E+02
  4.0566666667E+01  4.0570833333E+01  0.00000E+00  0.00000E+00
  4.0570833333E+01  4.0575000000E+01  0.00000E+00  0.00000E+00
  4.0575000000E+01  4.0579166667E+01  0.00000E+00  0.00000E+00
  4.0579166667E+01  4.0583333333E+01  0.00000E+00  0.00000E+00
  4.0583333333E+01  4.0587500000E+01  0.00000E+00  0.00000E+00
  4.0587500000E+01  4.0591666667E+01  0.00000E+00  0.00000E+00
  4.0591666667E+01  4.0595833333E+01  0.00000E+00  0.00000E+00
  4.0595833333E+01  4.0600000000E+01  0.00000E+00  0.00000E+00
  4.0600000000E+01  4.0604166667E+01  0.00000E+00  0.00000E+00
  4.0604166667E+01  4.0608333333E+01  0.00000E+00  0.00000E+00
  4.0608333333E+01  4.0612500000E+01  0.00000E+00  0.00000E+00
  4.0612500000E+01  4.0616666667E+01  0.00000E+00  0.00000E+00
  4.0616666667E+01  4.0620833333E+01  0.00000E+00  0.00000E+00
  4.0620833333E+01  4.0625000000E+01  0.00000E+00  0.00000E+00
  4.0625000000E+01  4.0629166667E+01  0.00000E+00  0.00000E+00
  4.0629166667E+01  4.0633333333E+01  0.00000E+00  0.00000E+00
  4.0633333333E+01  4.0637500000E+01  0.00000E+00  0.00000E+00
  4.0637500000E+01  4.0641666667E+01  0.00000E+00  0.00000E+00
  4.0641666667E+01  4.0645833333E+01  0.00000E+00  0.00000E+00
  4.0645833333E+01  4.0650000000E+01  0.00000E+00  0.00000E+00
  4.0650000000E+01  4.0654166667E+01  0.00000E+00  0.00000E+00
  4.0654166667E+01  4.0658333333E+01  0.00000E+00  0.00000E+00
  4.0658333333E+01  4.0662500000E+01  0.00000E+00  0.00000E+00
  4.0662500000E+01  4.0666666667E+01  0.00000E+00  0.00000E+00
  4.0666666667E+01  4.0670833333E+01  0.00000E+00  0.00000E+00
  4.0670833333E+01  4.0675000000E+01  0.00000E+00  0.00000E+00
  4.0675000000E+01  4.0679166667E+01  0.00000E+00  0.00000E+00
  4.0679166667E+01  4.0683333333E+01  0.00000E+00  0.00000E+00
  4.0683333333E+01  4.0687500000E+01  0.00000E+00  0.00000E+00
  4.0687500000E+01  4.0691666667E+01  0.00000E+00  0.00000E+00
  4.0691666667E+01  4.0695833333E+01  0.00000E+00  0.00000E+00
  4.0695833333E+01  4.0700000000E+01  0.00000E+00  0.00000E+00
  4.0700000000E+01  4.0704166667E+01  0.00000E+00  0.00000E+00
  4.0704166667E+01  4.0708333333E+01  0.00000E+00  0.00000E+00
  4.0708333333E+01  4.0712500000E+01  0.00000E+00  0.00000E+00
  4.0712500000E+01  4.0716666667E+01  5.78783E-14  1.00000E+02
  4.0716666667E+01  4.0720833333E+01  0.00000E+00  0.00000E+00
  4.0720833333E+01  4.0725000000E+01  0.00000E+00  0.00000E+00
  4.0725000000E+01  4.0729166667E+01  0.00000E+00  0.00000E+00
  4.0729166667E+01  4.0733333333E+01  9.29460E-15  1.00000E+02
  4.0733333333E+01  4.0737500000E+01  0.00000E+00  0.00000E+00
  4.0737500000E+01  4.0741666667E+01  0.00000E+00  0.00000E+00
  4.0741666667E+01  4.0745833333E+01  0.00000E+00  0.00000E+00
  4.0745833333E+01  4.0750000000E+01  0.00000E+00  0.00000E+00
  4.0750000000E+01  4.0754166667E+01  0.00000E+00  0.00000E+00
  4.0754166667E+01  4.0758333333E+01  0.00000E+00  0.00000E+00
  4.0758333333E+01  4.0762500000E+01  0.00000E+00  0.00000E+00
  4.0762500000E+01  4.0766666667E+01  0.00000E+00  0.00000E+00
  4.0766666667E+01  4.0770833333E+01  0.00000E+00  0.00000E+00
  4.0770833333E+01  4.0775000000E+01  0.00000E+00  0.00000E+00
  4.0775000000E+01  4.0779166667E+01  0.00000E+00  0.00000E+00
  4.0779166667E+01  4.0783333333E+01  0.00000E+00  0.00000E+00
  4.0783333333E+01  4.0787500000E+01  0.00000E+00  0.00000E+00
  4.0787500000E+01  4.0791666667E+01  0.00000E+00  0.00000E+00
  4.0791666667E+01  4.0795833333E+01  3.11083E-06  1.00000E+02
  4.0795833333E+01  4.0800000000E+01  0.00000E+00  0.00000E+00
  4.0800000000E+01  4.0804166667E+01  0.00000E+00  0.00000E+00
  4.0804166667E+01  4.0808333333E+01  0.00000E+00  0.00000E+00
  4.0808333333E+01  4.0812500000E+01  0.00000E+00  0.00000E+00
  4.0812500000E+01  4.0816666667E+01  0.00000E+00  0.00000E+00
  4.0816666667E+01  4.0820833333E+01  0.00000E+00  0.00000E+00
  4.0820833333E+01  4.0825000000E+01  0.00000E+00  0.00000E+00
  4.0825000000E+01  4.0829166667E+01  0.00000E+00  0.00000E+00
  4.0829166667E+01  4.0833333333E+01  2.47142E-06  1.00000E+02
  4.0833333333E+01  4.0837500000E+01  1.22065E-06  1.00000E+02
  4.0837500000E+01  4.0841666667E+01  0.00000E+00  0.00000E+00
  4.0841666667E+01  4.0845833333E+01  0.00000E+00  0.00000E+00
  4.0845833333E+01  4.0850000000E+01  0.00000E+00  0.00000E+00
  4.0850000000E+01  4.0854166667E+01  0.00000E+00  0.00000E+00
  4.0854166667E+01  4.0858333333E+01  0.00000E+00  0.00000E+00
  4.0858333333E+01  4.0862500000E+01  0.00000E+00  0.00000E+00
  4.0862500000E+01  4.0866666667E+01  0.00000E+00  0.00000E+00
  4.0866666667E+01  4.0870833333E+01  4.87038E-14  1.00000E+02
  4.0870833333E+01  4.0875000000E+01  0.00000E+00  0.00000E+00
  4.0875000000E+01  4.0879166667E+01  0.00000E+00  0.00000E+00
  4.0879166667E+01  4.0883333333E+01  3.98550E-07  1.00000E+02
  4.0883333333E+01  4.0887500000E+01  0.00000E+00  0.00000E+00
  4.0887500000E+01  4.0891666667E+01  0.00000E+00  0.00000E+00
  4.0891666667E+01  4.0895833333E+01  0.00000E+00  0.00000E+00
  4.0895833333E+01  4.0900000000E+01  0.00000E+00  0.00000E+00
  4.0900000000E+01  4.0904166667E+01  0.00000E+00  0.00000E+00
  4.0904166667E+01  4.0908333333E+01  0.00000E+00  0.00000E+00
  4.0908333333E+01  4.0912500000E+01  1.32614E-07  1.00000E+02
  4.0912500000E+01  4.0916666667E+01  2.07021E-14  1.00000E+02
  4.0916666667E+01  4.0920833333E+01  8.56058E-14  1.00000E+02
  4.0920833333E+01  4.0925000000E+01  0.00000E+00  0.00000E+00
  4.0925000000E+01  4.0929166667E+01  0.00000E+00  0.00000E+00
  4.0929166667E+01  4.0933333333E+01  0.00000E+00  0.00000E+00
  4.0933333333E+01  4.0937500000E+01  2.37430E-14  1.00000E+02
  4.0937500000E+01  4.0941666667E+01  0.00000E+00  0.00000E+00
  4.0941666667E+01  4.0945833333E+01  0.00000E+00  0.00000E+00
  4.0945833333E+01  4.0950000000E+01  0.00000E+00  0.00000E+00
  4.0950000000E+01  4.0954166667E+01  0.00000E+00  0.00000E+00
  4.0954166667E+01  4.0958333333E+01  2.19171E-07  1.00000E+02
  4.0958333333E+01  4.0962500000E+01  0.00000E+00  0.00000E+00
  4.0962500000E+01  4.0966666667E+01  0.00000E+00  0.00000E+00
  4.0966666667E+01  4.0970833333E+01  0.00000E+00  0.00000E+00
  4.0970833333E+01  4.0975000000E+01  0.00000E+00  0.00000E+00
  4.0975000000E+01  4.0979166667E+01  2.58013E-06  1.00000E+02
  4.0979166667E+01  4.0983333333E+01  1.68018E-06  1.00000E+02
  4.0983333333E+01  4.0987500000E+01  0.00000E+00  0.00000E+00
  4.0987500000E+01  4.0991666667E+01  0.00000E+00  0.00000E+00
  4.0991666667E+01  4.0995833333E+01  0.00000E+00  0.00000E+00
  4.0995833333E+01  4.1000000000E+01  0.00000E+00  0.00000E+00
  4.1000000000E+01  4.1004166667E+01  0.00000E+00  0.00000E+00
  4.1004166667E+01  4.1008333333E+01  0.00000E+00  0.00000E+00
  4.1008333333E+01  4.1012500000E+01  0.00000E+00  0.00000E+00
  4.1012500000E+01  4.1016666667E+01  0.00000E+00  0.00000E+00
  4.1016666667E+01  4.1020833333E+01  0.00000E+00  0.00000E+00
  4.1020833333E+01  4.1025000000E+01  0.00000E+00  0.00000E+00
  4.1025000000E+01  4.1029166667E+01  0.00000E+00  0.00000E+00
  4.1029166667E+01  4.1033333333E+01  0.00000E+00  0.00000E+00
  4.1033333333E+01  4.1037500000E+01  0.00000E+00  0.00000E+00
  4.1037500000E+01  4.1041666667E+01  0.00000E+00  0.00000E+00
  4.1041666667E+01  4.1045833333E+01  0.00000E+00  0.00000E+00
  4.1045833333E+01  4.1050000000E+01  0.00000E+00  0.00000E+00
  4.1050000000E+01  4.1054166667E+01  0.00000E+00  0.00000E+00
  4.1054166667E+01  4.1058333333E+01  0.00000E+00  0.00000E+00
  4.1058333333E+01  4.1062500000E+01  0.00000E+00  0.00000E+00
  4.1062500000E+01  4.1066666667E+01  0.00000E+00  0.00000E+00
  4.1066666667E+01  4.1070833333E+01  0.00000E+00  0.00000E+00
  4.1070833333E+01  4.1075000000E+01  4.98109E-06  7.30503E+01
  4.1075000000E+01  4.1079166667E+01  0.00000E+00  0.00000E+00
  4.1079166667E+01  4.1083333333E+01  0.00000E+00  0.00000E+00
  4.1083333333E+01  4.1087500000E+01  0.00000E+00  0.00000E+00
  4.1087500000E+01  4.1091666667E+01  0.00000E+00  0.00000E+00
  4.1091666667E+01  4.1095833333E+01  0.00000E+00  0.00000E+00
  4.1095833333E+01  4.1100000000E+01  0.00000E+00  0.00000E+00
  4.1100000000E+01  4.1104166667E+01  0.00000E+00  0.00000E+00
  4.1104166667E+01  4.1108333333E+01  0.00000E+00  0.00000E+00
  4.1108333333E+01  4.1112500000E+01  0.00000E+00  0.00000E+00
  4.1112500000E+01  4.1116666667E+01  0.00000E+00  0.00000E+00
  4.1116666667E+01  4.1120833333E+01  0.00000E+00  0.00000E+00
  4.1120833333E+01  4.1125000000E+01  0.00000E+00  0.00000E+00
  4.1125000000E+01  4.1129166667E+01  8.56058E-14  1.00000E+02
  4.1129166667E+01  4.1133333333E+01  0.00000E+00  0.00000E+00
  4.1133333333E+01  4.1137500000E+01  0.00000E+00  0.00000E+00
  4.1137500000E+01  4.1141666667E+01  0.00000E+00  0.00000E+00
  4.1141666667E+01  4.1145833333E+01  0.00000E+00  0.00000E+00
  4.1145833333E+01  4.1150000000E+01  0.00000E+00  0.00000E+00
  4.1150000000E+01  4.1154166667E+01  0.00000E+00  0.00000E+00
  4.1154166667E+01  4.1158333333E+01  0.00000E+00  0.00000E+00
  4.1158333333E+01  4.1162500000E+01  0.00000E+00  0.00000E+00
  4.1162500000E+01  4.1166666667E+01  0.00000E+00  0.00000E+00
  4.1166666667E+01  4.1170833333E+01  0.00000E+00  0.00000E+00
  4.1170833333E+01  4.1175000000E+01  3.98969E-10  1.00000E+02
  4.1175000000E+01  4.1179166667E+01  0.00000E+00  0.00000E+00
  4.1179166667E+01  4.1183333333E+01  0.00000E+00  0.00000E+00
  4.1183333333E+01  4.1187500000E+01  0.00000E+00  0.00000E+00
  4.1187500000E+01  4.1191666667E+01  0.00000E+00  0.00000E+00
  4.1191666667E+01  4.1195833333E+01  3.31472E-07  1.00000E+02
  4.1195833333E+01  4.1200000000E+01  0.00000E+00  0.00000E+00
  4.1200000000E+01  4.1204166667E+01  0.00000E+00  0.00000E+00
  4.1204166667E+01  4.1208333333E+01  0.00000E+00  0.00000E+00
  4.1208333333E+01  4.1212500000E+01  0.00000E+00  0.00000E+00
  4.1212500000E+01  4.1216666667E+01  0.00000E+00  0.00000E+00
  4.1216666667E+01  4.1220833333E+01  0.00000E+00  0.00000E+00
  4.1220833333E+01  4.1225000000E+01  9.86953E-14  1.00000E+02
  4.1225000000E+01  4.1229166667E+01  0.00000E+00  0.00000E+00
  4.1229166667E+01  4.1233333333E+01  3.64412E-15  1.00000E+02
  4.1233333333E+01  4.1237500000E+01  0.00000E+00  0.00000E+00
  4.1237500000E+01  4.1241666667E+01  0.00000E+00  0.00000E+00
  4.1241666667E+01  4.1245833333E+01  0.00000E+00  0.00000E+00
  4.1245833333E+01  4.1250000000E+01  0.00000E+00  0.00000E+00
  4.1250000000E+01  4.1254166667E+01  0.00000E+00  0.00000E+00
  4.1254166667E+01  4.1258333333E+01  0.00000E+00  0.00000E+00
  4.1258333333E+01  4.1262500000E+01  0.00000E+00  0.00000E+00
  4.1262500000E+01  4.1266666667E+01  0.00000E+00  0.00000E+00
  4.1266666667E+01  4.1270833333E+01  0.00000E+00  0.00000E+00
  4.1270833333E+01  4.1275000000E+01  0.00000E+00  0.00000E+00
  4.1275000000E+01  4.1279166667E+01  0.00000E+00  0.00000E+00
  4.1279166667E+01  4.1283333333E+01  0.00000E+00  0.00000E+00
  4.1283333333E+01  4.1287500000E+01  0.00000E+00  0.00000E+00
  4.1287500000E+01  4.1291666667E+01  0.00000E+00  0.00000E+00
  4.1291666667E+01  4.1295833333E+01  0.00000E+00  0.00000E+00
  4.1295833333E+01  4.1300000000E+01  1.20706E-05  1.00000E+02
  4.1300000000E+01  4.1304166667E+01  0.00000E+00  0.00000E+00
  4.1304166667E+01  4.1308333333E+01  0.00000E+00  0.00000E+00
  4.1308333333E+01  4.1312500000E+01  0.00000E+00  0.00000E+00
  4.1312500000E+01  4.1316666667E+01  0.00000E+00  0.00000E+00
  4.1316666667E+01  4.1320833333E+01  0.00000E+00  0.00000E+00
  4.1320833333E+01  4.1325000000E+01  2.42055E-06  1.00000E+02
  4.1325000000E+01  4.1329166667E+01  0.00000E+00  0.00000E+00
  4.1329166667E+01  4.1333333333E+01  0.00000E+00  0.00000E+00
  4.1333333333E+01  4.1337500000E+01  0.00000E+00  0.00000E+00
  4.1337500000E+01  4.1341666667E+01  0.00000E+00  0.00000E+00
  4.1341666667E+01  4.1345833333E+01  0.00000E+00  0.00000E+00
  4.1345833333E+01  4.1350000000E+01  0.00000E+00  0.00000E+00
  4.1350000000E+01  4.1354166667E+01  0.00000E+00  0.00000E+00
  4.1354166667E+01  4.1358333333E+01  1.77926E-07  1.00000E+02
  4.1358333333E+01  4.1362500000E+01  8.87285E-07  1.00000E+02
  4.1362500000E+01  4.1366666667E+01  1.02531E-06  7.14535E+01
  4.1366666667E+01  4.1370833333E+01  1.42305E-06  1.00000E+02
  4.1370833333E+01  4.1375000000E+01  1.32077E-06  1.00000E+02
  4.1375000000E+01  4.1379166667E+01  0.00000E+00  0.00000E+00
  4.1379166667E+01  4.1383333333E+01  0.00000E+00  0.00000E+00
  4.1383333333E+01  4.1387500000E+01  0.00000E+00  0.00000E+00
  4.1387500000E+01  4.1391666667E+01  0.00000E+00  0.00000E+00
  4.1391666667E+01  4.1395833333E+01  0.00000E+00  0.00000E+00
  4.1395833333E+01  4.1400000000E+01  0.00000E+00  0.00000E+00
  4.1400000000E+01  4.1404166667E+01  0.00000E+00  0.00000E+00
  4.1404166667E+01  4.1408333333E+01  0.00000E+00  0.00000E+00
  4.1408333333E+01  4.1412500000E+01  0.00000E+00  0.00000E+00
  4.1412500000E+01  4.1416666667E+01  0.00000E+00  0.00000E+00
  4.1416666667E+01  4.1420833333E+01  0.00000E+00  0.00000E+00
  4.1420833333E+01  4.1425000000E+01  0.00000E+00  0.00000E+00
  4.1425000000E+01  4.1429166667E+01  0.00000E+00  0.00000E+00
  4.1429166667E+01  4.1433333333E+01  0.00000E+00  0.00000E+00
  4.1433333333E+01  4.1437500000E+01  0.00000E+00  0.00000E+00
  4.1437500000E+01  4.1441666667E+01  0.00000E+00  0.00000E+00
  4.1441666667E+01  4.1445833333E+01  0.00000E+00  0.00000E+00
  4.1445833333E+01  4.1450000000E+01  1.36153E-14  1.00000E+02
  4.1450000000E+01  4.1454166667E+01  0.00000E+00  0.00000E+00
  4.1454166667E+01  4.1458333333E+01  0.00000E+00  0.00000E+00
  4.1458333333E+01  4.1462500000E+01  0.00000E+00  0.00000E+00
  4.1462500000E+01  4.1466666667E+01  0.00000E+00  0.00000E+00
  4.1466666667E+01  4.1470833333E+01  0.00000E+00  0.00000E+00
  4.1470833333E+01  4.1475000000E+01  0.00000E+00  0.00000E+00
  4.1475000000E+01  4.1479166667E+01  0.00000E+00  0.00000E+00
  4.1479166667E+01  4.1483333333E+01  0.00000E+00  0.00000E+00
  4.1483333333E+01  4.1487500000E+01  2.80212E-14  1.00000E+02
  4.1487500000E+01  4.1491666667E+01  0.00000E+00  0.00000E+00
  4.1491666667E+01  4.1495833333E+01  0.00000E+00  0.00000E+00
  4.1495833333E+01  4.1500000000E+01  0.00000E+00  0.00000E+00
  4.1500000000E+01  4.1500000000E+01  0.00000E+00  0.00000E+00