# Detector n: 1D Projection
  3.6500000000E+01  3.6504166667E+01  2.31271E-03  8.18750E-01
  3.6504166667E+01  3.6508333333E+01  2.31629E-03  8.73342E-01
  3.6508333333E+01  3.6512500000E+01  2.34305E-03  1.29633E+00
  3.6512500000E+01  3.6516666667E+01  2.32613E-03  9.39206E-01
  3.6516666667E+01  3.6520833333E+01  2.32935E-03  1.25177E+00
  3.6520833333E+01  3.6525000000E+01  2.30216E-03  5.96047E-01
  3.6525000000E+01  3.6529166667E+01  2.33576E-03  1.23839E+00
  3.6529166667E+01  3.6533333333E+01  2.31021E-03  6.42775E-01
  3.6533333333E+01  3.6537500000E+01  2.30490E-03  6.00350E-01
  3.6537500000E+01  3.6541666667E+01  2.30139E-03  6.20931E-01
  3.6541666667E+01  3.6545833333E+01  2.31639E-03  7.38077E-01
  3.6545833333E+01  3.6550000000E+01  2.33849E-03  1.01817E+00
  3.6550000000E+01  3.6554166667E+01  2.34553E-03  1.30783E+00
  3.6554166667E+01  3.6558333333E+01  2.30167E-03  6.07394E-01
  3.6558333333E+01  3.6562500000E+01  2.31341E-03  7.14136E-01
  3.6562500000E+01  3.6566666667E+01  2.39357E-03  1.36719E+00
  3.6566666667E+01  3.6570833333E+01  2.36757E-03  1.01005E+00
  3.6570833333E+01  3.6575000000E+01  2.38664E-03  1.44920E+00
  3.6575000000E+01  3.6579166667E+01  2.36346E-03  1.02128E+00
  3.6579166667E+01  3.6583333333E+01  2.34040E-03  6.80319E-01
  3.6583333333E+01  3.6587500000E+01  2.35913E-03  9.44454E-01
  3.6587500000E+01  3.6591666667E+01  2.36077E-03  1.14230E+00
  3.6591666667E+01  3.6595833333E+01  2.35649E-03  8.33138E-01
  3.6595833333E+01  3.6600000000E+01  2.39664E-03  1.36039E+00
  3.6600000000E+01  3.6604166667E+01  2.35708E-03  8.82654E-01
  3.6604166667E+01  3.6608333333E+01  2.36390E-03  8.45803E-01
  3.6608333333E+01  3.6612500000E+01  2.38266E-03  1.24834E+00
  3.6612500000E+01  3.6616666667E+01  2.33655E-03  6.10072E-01
  3.6616666667E+01  3.6620833333E+01  2.36100E-03  8.98560E-01
  3.6620833333E+01  3.6625000000E+01  2.33940E-03  6.07525E-01
  3.6625000000E+01  3.6629166667E+01  2.35142E-03  6.79431E-01
  3.6629166667E+01  3.6633333333E+01  2.35612E-03  9.20161E-01
  3.6633333333E+01  3.6637500000E+01  2.35059E-03  6.70445E-01
  3.6637500000E+01  3.6641666667E+01  2.41808E-03  1.39455E+00
  3.6641666667E+01  3.6645833333E+01  2.37745E-03  1.18891E+00
  3.6645833333E+01  3.6650000000E+01  2.35862E-03  7.60133E-01
  3.6650000000E+01  3.6654166667E+01  2.34305E-03  6.18852E-01
  3.6654166667E+01  3.6658333333E+01  2.37738E-03  1.03733E+00
  3.6658333333E+01  3.6662500000E+01  2.35151E-03  8.15848E-01
  3.6662500000E+01  3.6666666667E+01  2.36179E-03  8.21188E-01
  3.6666666667E+01  3.6670833333E+01  2.37830E-03  1.00217E+00
  3.6670833333E+01  3.6675000000E+01  2.37508E-03  1.02318E+00
  3.6675000000E+01  3.6679166667E+01  2.35735E-03  8.02939E-01
  3.6679166667E+01  3.6683333333E+01  2.36124E-03  6.70600E-01
  3.6683333333E+01  3.6687500000E+01  2.42006E-03  1.21225E+00
  3.6687500000E+01  3.6691666667E+01  2.40741E-03  8.50429E-01
  3.6691666667E+01  3.6695833333E+01  2.42200E-03  9.58967E-01
  3.6695833333E+01  3.6700000000E+01  2.39912E-03  8.18188E-01
  3.6700000000E+01  3.6704166667E+01  2.42245E-03  1.03721E+00
  3.6704166667E+01  3.6708333333E+01  2.39011E-03  6.65553E-01
  3.6708333333E+01  3.6712500000E+01  2.41151E-03  9.46652E-01
  3.6712500000E+01  3.6716666667E+01  2.40875E-03  7.93944E-01
  3.6716666667E+01  3.6720833333E+01  2.39885E-03  7.66636E-01
  3.6720833333E+01  3.6725000000E+01  2.41107E-03  7.91976E-01
  3.6725000000E+01  3.6729166667E+01  2.43836E-03  1.10373E+00
  3.6729166667E+01  3.6733333333E+01  2.45526E-03  1.52390E+00
  3.6733333333E+01  3.6737500000E+01  2.41333E-03  8.75832E-01
  3.6737500000E+01  3.6741666667E+01  2.47138E-03  1.91144E+00
  3.6741666667E+01  3.6745833333E+01  2.42278E-03  1.06384E+00
  3.6745833333E+01  3.6750000000E+01  2.41651E-03  9.43833E-01
  3.6750000000E+01  3.6754166667E+01  2.40602E-03  7.12619E-01
  3.6754166667E+01  3.6758333333E+01  2.39289E-03  5.88808E-01
  3.6758333333E+01  3.6762500000E+01  2.44988E-03  1.23876E+00
  3.6762500000E+01  3.6766666667E+01  2.40093E-03  6.21435E-01
  3.6766666667E+01  3.6770833333E+01  2.41290E-03  7.13958E-01
  3.6770833333E+01  3.6775000000E+01  2.44089E-03  1.35220E+00
  3.6775000000E+01  3.6779166667E+01  2.41712E-03  7.78069E-01
  3.6779166667E+01  3.6783333333E+01  2.41189E-03  6.35724E-01
  3.6783333333E+01  3.6787500000E+01  2.42580E-03  9.57357E-01
  3.6787500000E+01  3.6791666667E+01  2.43609E-03  1.07452E+00
  3.6791666667E+01  3.6795833333E+01  2.41103E-03  9.39993E-01
  3.6795833333E+01  3.6800000000E+01  2.42611E-03  1.54743E+00
  3.6800000000E+01  3.6804166667E+01  2.40205E-03  6.73560E-01
  3.6804166667E+01  3.6808333333E+01  2.43279E-03  1.22282E+00
  3.6808333333E+01  3.6812500000E+01  2.42482E-03  1.12453E+00
  3.6812500000E+01  3.6816666667E+01  2.42575E-03  1.06968E+00
  3.6816666667E+01  3.6820833333E+01  2.42183E-03  9.72985E-01
  3.6820833333E+01  3.6825000000E+01  2.41599E-03  6.84401E-01
  3.6825000000E+01  3.6829166667E+01  2.45675E-03  1.13268E+00
  3.6829166667E+01  3.6833333333E+01  2.42670E-03  9.55087E-01
  3.6833333333E+01  3.6837500000E+01  2.42971E-03  8.99280E-01
  3.6837500000E+01  3.6841666667E+01  2.44168E-03  1.40374E+00
  3.6841666667E+01  3.6845833333E+01  2.42457E-03  9.09344E-01
  3.6845833333E+01  3.6850000000E+01  2.43538E-03  9.78610E-01
  3.6850000000E+01  3.6854166667E+01  2.41222E-03  8.11970E-01
  3.6854166667E+01  3.6858333333E+01  2.42623E-03  8.70412E-01
  3.6858333333E+01  3.6862500000E+01  2.46509E-03  1.38992E+00
  3.6862500000E+01  3.6866666667E+01  2.41589E-03  7.21083E-01
  3.6866666667E+01  3.6870833333E+01  2.47353E-03  1.53250E+00
  3.6870833333E+01  3.6875000000E+01  2.46167E-03  1.04945E+00
  3.6875000000E+01  3.6879166667E+01  2.45804E-03  1.13547E+00
  3.6879166667E+01  3.6883333333E+01  2.44818E-03  1.01704E+00
  3.6883333333E+01  3.6887500000E+01  2.43469E-03  9.35562E-01
  3.6887500000E+01  3.6891666667E+01  2.44935E-03  9.62607E-01
  3.6891666667E+01  3.6895833333E+01  2.46974E-03  1.08637E+00
  3.6895833333E+01  3.6900000000E+01  2.43767E-03  8.63794E-01
  3.6900000000E+01  3.6904166667E+01  2.43431E-03  7.35934E-01
  3.6904166667E+01  3.6908333333E+01  2.45492E-03  1.08881E+00
  3.6908333333E+01  3.6912500000E+01  2.44089E-03  7.38597E-01
  3.6912500000E+01  3.6916666667E+01  2.45953E-03  8.61894E-01
  3.6916666667E+01  3.6920833333E+01  2.49564E-03  1.10415E+00
  3.6920833333E+01  3.6925000000E+01  2.47362E-03  8.63770E-01
  3.6925000000E+01  3.6929166667E+01  2.47212E-03  7.45419E-01
  3.6929166667E+01  3.6933333333E+01  2.51510E-03  1.28192E+00
  3.6933333333E+01  3.6937500000E+01  2.50657E-03  9.75431E-01
  3.6937500000E+01  3.6941666667E+01  2.48575E-03  7.06726E-01
  3.6941666667E+01  3.6945833333E+01  2.47505E-03  5.99920E-01
  3.6945833333E+01  3.6950000000E+01  2.53162E-03  1.19386E+00
  3.6950000000E+01  3.6954166667E+01  2.52798E-03  1.15453E+00
  3.6954166667E+01  3.6958333333E+01  2.50340E-03  9.13347E-01
  3.6958333333E+01  3.6962500000E+01  2.48209E-03  6.02401E-01
  3.6962500000E+01  3.6966666667E+01  2.49983E-03  8.26554E-01
  3.6966666667E+01  3.6970833333E+01  2.48270E-03  6.32238E-01
  3.6970833333E+01  3.6975000000E+01  2.52380E-03  1.09016E+00
  3.6975000000E+01  3.6979166667E+01  2.49893E-03  8.27303E-01
  3.6979166667E+01  3.6983333333E+01  2.51687E-03  1.10906E+00
  3.6983333333E+01  3.6987500000E+01  2.51328E-03  9.36268E-01
  3.6987500000E+01  3.6991666667E+01  2.51577E-03  1.08282E+00
  3.6991666667E+01  3.6995833333E+01  2.48135E-03  6.11272E-01
  3.6995833333E+01  3.7000000000E+01  2.51951E-03  1.08437E+00
  3.7000000000E+01  3.7004166667E+01  2.52806E-03  1.05476E+00
  3.7004166667E+01  3.7008333333E+01  2.51877E-03  1.01598E+00
  3.7008333333E+01  3.7012500000E+01  2.51768E-03  1.24325E+00
  3.7012500000E+01  3.7016666667E+01  2.49654E-03  7.05769E-01
  3.7016666667E+01  3.7020833333E+01  2.50058E-03  6.29521E-01
  3.7020833333E+01  3.7025000000E+01  2.50311E-03  6.69079E-01
  3.7025000000E+01  3.7029166667E+01  2.52828E-03  1.02064E+00
  3.7029166667E+01  3.7033333333E+01  2.58607E-03  1.55293E+00
  3.7033333333E+01  3.7037500000E+01  2.53705E-03  9.27721E-01
  3.7037500000E+01  3.7041666667E+01  2.55328E-03  1.28152E+00
  3.7041666667E+01  3.7045833333E+01  2.56408E-03  1.17731E+00
  3.7045833333E+01  3.7050000000E+01  2.59246E-03  1.98212E+00
  3.7050000000E+01  3.7054166667E+01  2.53192E-03  9.84537E-01
  3.7054166667E+01  3.7058333333E+01  2.52881E-03  7.63269E-01
  3.7058333333E+01  3.7062500000E+01  2.54513E-03  1.03763E+00
  3.7062500000E+01  3.7066666667E+01  2.53622E-03  8.88737E-01
  3.7066666667E+01  3.7070833333E+01  2.52292E-03  7.15563E-01
  3.7070833333E+01  3.7075000000E+01  2.55945E-03  9.89322E-01
  3.7075000000E+01  3.7079166667E+01  2.59140E-03  1.30073E+00
  3.7079166667E+01  3.7083333333E+01  2.54894E-03  1.11765E+00
  3.7083333333E+01  3.7087500000E+01  2.51185E-03  6.81780E-01
  3.7087500000E+01  3.7091666667E+01  2.53338E-03  1.03939E+00
  3.7091666667E+01  3.7095833333E+01  2.55554E-03  9.89168E-01
  3.7095833333E+01  3.7100000000E+01  2.52722E-03  8.97890E-01
  3.7100000000E+01  3.7104166667E+01  2.52219E-03  7.42979E-01
  3.7104166667E+01  3.7108333333E+01  2.51645E-03  6.23369E-01
  3.7108333333E+01  3.7112500000E+01  2.52476E-03  7.56028E-01
  3.7112500000E+01  3.7116666667E+01  2.55191E-03  1.14491E+00
  3.7116666667E+01  3.7120833333E+01  2.56999E-03  1.26646E+00
  3.7120833333E+01  3.7125000000E+01  2.51535E-03  5.88476E-01
  3.7125000000E+01  3.7129166667E+01  2.54072E-03  7.39924E-01
  3.7129166667E+01  3.7133333333E+01  2.54694E-03  9.10894E-01
  3.7133333333E+01  3.7137500000E+01  2.52652E-03  6.22362E-01
  3.7137500000E+01  3.7141666667E+01  2.53946E-03  6.63551E-01
  3.7141666667E+01  3.7145833333E+01  2.57064E-03  1.17924E+00
  3.7145833333E+01  3.7150000000E+01  2.53966E-03  7.88082E-01
  3.7150000000E+01  3.7154166667E+01  2.54304E-03  9.15692E-01
  3.7154166667E+01  3.7158333333E+01  2.54972E-03  8.63832E-01
  3.7158333333E+01  3.7162500000E+01  2.51690E-03  5.77935E-01
  3.7162500000E+01  3.7166666667E+01  2.52085E-03  5.93955E-01
  3.7166666667E+01  3.7170833333E+01  2.58025E-03  1.06735E+00
  3.7170833333E+01  3.7175000000E+01  2.57474E-03  1.53320E+00
  3.7175000000E+01  3.7179166667E+01  2.58453E-03  1.50064E+00
  3.7179166667E+01  3.7183333333E+01  2.55165E-03  9.63849E-01
  3.7183333333E+01  3.7187500000E+01  2.55402E-03  6.80935E-01
  3.7187500000E+01  3.7191666667E+01  2.53835E-03  6.21690E-01
  3.7191666667E+01  3.7195833333E+01  2.53229E-03  5.89750E-01
  3.7195833333E+01  3.7200000000E+01  2.54836E-03  8.09708E-01
  3.7200000000E+01  3.7204166667E+01  2.54879E-03  8.01719E-01
  3.7204166667E+01  3.7208333333E+01  2.55649E-03  9.48973E-01
  3.7208333333E+01  3.7212500000E+01  2.56800E-03  1.02900E+00
  3.7212500000E+01  3.7216666667E+01  2.59165E-03  1.19325E+00
  3.7216666667E+01  3.7220833333E+01  2.55712E-03  8.18345E-01
  3.7220833333E+01  3.7225000000E+01  2.55576E-03  7.65003E-01
  3.7225000000E+01  3.7229166667E+01  2.56808E-03  8.09572E-01
  3.7229166667E+01  3.7233333333E+01  2.57741E-03  1.17709E+00
  3.7233333333E+01  3.7237500000E+01  2.55105E-03  8.15741E-01
  3.7237500000E+01  3.7241666667E+01  2.54642E-03  7.23371E-01
  3.7241666667E+01  3.7245833333E+01  2.56248E-03  8.53326E-01
  3.7245833333E+01  3.7250000000E+01  2.56010E-03  7.64129E-01
  3.7250000000E+01  3.7254166667E+01  2.57341E-03  9.63214E-01
  3.7254166667E+01  3.7258333333E+01  2.61603E-03  1.48312E+00
  3.7258333333E+01  3.7262500000E+01  2.61113E-03  1.25817E+00
  3.7262500000E+01  3.7266666667E+01  2.57056E-03  8.30118E-01
  3.7266666667E+01  3.7270833333E+01  2.56951E-03  7.41522E-01
  3.7270833333E+01  3.7275000000E+01  2.55483E-03  6.48480E-01
  3.7275000000E+01  3.7279166667E+01  2.56252E-03  8.99722E-01
  3.7279166667E+01  3.7283333333E+01  2.56524E-03  6.74637E-01
  3.7283333333E+01  3.7287500000E+01  2.60193E-03  1.01539E+00
  3.7287500000E+01  3.7291666667E+01  2.62785E-03  1.14801E+00
  3.7291666667E+01  3.7295833333E+01  2.65188E-03  1.15626E+00
  3.7295833333E+01  3.7300000000E+01  2.62073E-03  1.25308E+00
  3.7300000000E+01  3.7304166667E+01  2.60220E-03  9.33889E-01
  3.7304166667E+01  3.7308333333E+01  2.59651E-03  9.58362E-01
  3.7308333333E+01  3.7312500000E+01  2.59029E-03  6.95586E-01
  3.7312500000E+01  3.7316666667E+01  2.60248E-03  8.63687E-01
  3.7316666667E+01  3.7320833333E+01  2.60378E-03  1.04002E+00
  3.7320833333E+01  3.7325000000E+01  2.61696E-03  1.07066E+00
  3.7325000000E+01  3.7329166667E+01  2.57856E-03  6.27228E-01
  3.7329166667E+01  3.7333333333E+01  2.59471E-03  7.38449E-01
  3.7333333333E+01  3.7337500000E+01  2.61891E-03  1.02880E+00
  3.7337500000E+01  3.7341666667E+01  2.64265E-03  1.31809E+00
  3.7341666667E+01  3.7345833333E+01  2.60787E-03  7.65204E-01
  3.7345833333E+01  3.7350000000E+01  2.66394E-03  1.26254E+00
  3.7350000000E+01  3.7354166667E+01  2.62913E-03  8.68150E-01
  3.7354166667E+01  3.7358333333E+01  2.64922E-03  1.09708E+00
  3.7358333333E+01  3.7362500000E+01  2.71659E-03  1.40816E+00
  3.7362500000E+01  3.7366666667E+01  2.69421E-03  1.35503E+00
  3.7366666667E+01  3.7370833333E+01  2.66785E-03  7.80552E-01
  3.7370833333E+01  3.7375000000E+01  2.66182E-03  8.49267E-01
  3.7375000000E+01  3.7379166667E+01  2.66762E-03  9.01444E-01
  3.7379166667E+01  3.7383333333E+01  2.67181E-03  9.68322E-01
  3.7383333333E+01  3.7387500000E+01  2.65327E-03  7.00488E-01
  3.7387500000E+01  3.7391666667E+01  2.66704E-03  9.86736E-01
  3.7391666667E+01  3.7395833333E+01  2.69903E-03  1.34122E+00
  3.7395833333E+01  3.7400000000E+01  2.63260E-03  5.98841E-01
  3.7400000000E+01  3.7404166667E+01  2.67268E-03  1.02279E+00
  3.7404166667E+01  3.7408333333E+01  2.73120E-03  1.42668E+00
  3.7408333333E+01  3.7412500000E+01  2.66290E-03  9.58306E-01
  3.7412500000E+01  3.7416666667E+01  2.64439E-03  6.38554E-01
  3.7416666667E+01  3.7420833333E+01  2.68131E-03  1.04628E+00
  3.7420833333E+01  3.7425000000E+01  2.66573E-03  7.91545E-01
  3.7425000000E+01  3.7429166667E+01  2.66366E-03  7.48836E-01
  3.7429166667E+01  3.7433333333E+01  2.67617E-03  9.42177E-01
  3.7433333333E+01  3.7437500000E+01  2.64230E-03  5.84233E-01
  3.7437500000E+01  3.7441666667E+01  2.68556E-03  9.51514E-01
  3.7441666667E+01  3.7445833333E+01  2.65436E-03  6.05084E-01
  3.7445833333E+01  3.7450000000E+01  2.70659E-03  1.13606E+00
  3.7450000000E+01  3.7454166667E+01  2.66833E-03  7.11483E-01
  3.7454166667E+01  3.7458333333E+01  2.68725E-03  8.47252E-01
  3.7458333333E+01  3.7462500000E+01  2.66648E-03  7.23281E-01
  3.7462500000E+01  3.7466666667E+01  2.67484E-03  8.49197E-01
  3.7466666667E+01  3.7470833333E+01  2.68621E-03  9.79941E-01
  3.7470833333E+01  3.7475000000E+01  2.70750E-03  1.05769E+00
  3.7475000000E+01  3.7479166667E+01  2.68723E-03  8.52439E-01
  3.7479166667E+01  3.7483333333E+01  2.68951E-03  9.08607E-01
  3.7483333333E+01  3.7487500000E+01  2.67050E-03  6.91773E-01
  3.7487500000E+01  3.7491666667E+01  2.69053E-03  8.18127E-01
  3.7491666667E+01  3.7495833333E+01  2.66767E-03  6.31139E-01
  3.7495833333E+01  3.7500000000E+01  2.66290E-03  5.96880E-01
  3.7500000000E+01  3.7504166667E+01  2.68060E-03  8.08083E-01
  3.7504166667E+01  3.7508333333E+01  2.69119E-03  9.33778E-01
  3.7508333333E+01  3.7512500000E+01  2.69128E-03  7.05657E-01
  3.7512500000E+01  3.7516666667E+01  2.69209E-03  7.68979E-01
  3.7516666667E+01  3.7520833333E+01  2.70899E-03  1.00268E+00
  3.7520833333E+01  3.7525000000E+01  2.72685E-03  1.15889E+00
  3.7525000000E+01  3.7529166667E+01  2.71276E-03  9.03949E-01
  3.7529166667E+01  3.7533333333E+01  2.71307E-03  1.09168E+00
  3.7533333333E+01  3.7537500000E+01  2.71886E-03  1.08439E+00
  3.7537500000E+01  3.7541666667E+01  2.71944E-03  1.01367E+00
  3.7541666667E+01  3.7545833333E+01  2.69658E-03  8.61245E-01
  3.7545833333E+01  3.7550000000E+01  2.68673E-03  8.00747E-01
  3.7550000000E+01  3.7554166667E+01  2.69667E-03  8.77373E-01
  3.7554166667E+01  3.7558333333E+01  2.73147E-03  1.34203E+00
  3.7558333333E+01  3.7562500000E+01  2.68587E-03  6.98911E-01
  3.7562500000E+01  3.7566666667E+01  2.68364E-03  6.23675E-01
  3.7566666667E+01  3.7570833333E+01  2.70368E-03  7.31925E-01
  3.7570833333E+01  3.7575000000E+01  2.75082E-03  1.19603E+00
  3.7575000000E+01  3.7579166667E+01  2.77026E-03  1.26693E+00
  3.7579166667E+01  3.7583333333E+01  2.71012E-03  6.48578E-01
  3.7583333333E+01  3.7587500000E+01  2.72021E-03  7.06519E-01
  3.7587500000E+01  3.7591666667E+01  2.74712E-03  9.10212E-01
  3.7591666667E+01  3.7595833333E+01  2.73699E-03  8.23594E-01
  3.7595833333E+01  3.7600000000E+01  2.76072E-03  1.10462E+00
  3.7600000000E+01  3.7604166667E+01  2.73636E-03  8.81774E-01
  3.7604166667E+01  3.7608333333E+01  2.73616E-03  7.82475E-01
  3.7608333333E+01  3.7612500000E+01  2.72365E-03  6.52677E-01
  3.7612500000E+01  3.7616666667E+01  2.74217E-03  8.52426E-01
  3.7616666667E+01  3.7620833333E+01  2.72061E-03  6.63260E-01
  3.7620833333E+01  3.7625000000E+01  2.73555E-03  7.19769E-01
  3.7625000000E+01  3.7629166667E+01  2.78889E-03  1.32939E+00
  3.7629166667E+01  3.7633333333E+01  2.73626E-03  7.54942E-01
  3.7633333333E+01  3.7637500000E+01  2.74181E-03  9.24370E-01
  3.7637500000E+01  3.7641666667E+01  2.79379E-03  1.13273E+00
  3.7641666667E+01  3.7645833333E+01  2.77875E-03  1.10806E+00
  3.7645833333E+01  3.7650000000E+01  2.74471E-03  8.34875E-01
  3.7650000000E+01  3.7654166667E+01  2.73318E-03  7.10087E-01
  3.7654166667E+01  3.7658333333E+01  2.75386E-03  9.52504E-01
  3.7658333333E+01  3.7662500000E+01  2.79350E-03  1.15499E+00
  3.7662500000E+01  3.7666666667E+01  2.77559E-03  1.22801E+00
  3.7666666667E+01  3.7670833333E+01  2.73525E-03  6.39188E-01
  3.7670833333E+01  3.7675000000E+01  2.75974E-03  8.50367E-01
  3.7675000000E+01  3.7679166667E+01  2.76445E-03  1.02480E+00
  3.7679166667E+01  3.7683333333E+01  2.79911E-03  1.13890E+00
  3.7683333333E+01  3.7687500000E+01  2.78871E-03  1.02633E+00
  3.7687500000E+01  3.7691666667E+01  2.76614E-03  6.35982E-01
  3.7691666667E+01  3.7695833333E+01  2.82410E-03  1.11808E+00
  3.7695833333E+01  3.7700000000E+01  2.79448E-03  8.62028E-01
  3.7700000000E+01  3.7704166667E+01  2.80563E-03  8.90079E-01
  3.7704166667E+01  3.7708333333E+01  2.83425E-03  1.14635E+00
  3.7708333333E+01  3.7712500000E+01  2.79815E-03  7.84475E-01
  3.7712500000E+01  3.7716666667E+01  2.81774E-03  9.05780E-01
  3.7716666667E+01  3.7720833333E+01  2.83617E-03  1.17624E+00
  3.7720833333E+01  3.7725000000E+01  2.80754E-03  7.85842E-01
  3.7725000000E+01  3.7729166667E+01  2.78852E-03  6.01363E-01
  3.7729166667E+01  3.7733333333E+01  2.80769E-03  8.13868E-01
  3.7733333333E+01  3.7737500000E+01  2.82514E-03  8.91393E-01
  3.7737500000E+01  3.7741666667E+01  2.79697E-03  6.22536E-01
  3.7741666667E+01  3.7745833333E+01  2.81897E-03  7.34408E-01
  3.7745833333E+01  3.7750000000E+01  2.84054E-03  8.37003E-01
  3.7750000000E+01  3.7754166667E+01  2.84535E-03  8.72051E-01
  3.7754166667E+01  3.7758333333E+01  2.88392E-03  1.49789E+00
  3.7758333333E+01  3.7762500000E+01  2.85986E-03  1.07666E+00
  3.7762500000E+01  3.7766666667E+01  2.81665E-03  6.37091E-01
  3.7766666667E+01  3.7770833333E+01  2.81553E-03  6.66606E-01
  3.7770833333E+01  3.7775000000E+01  2.86758E-03  1.20478E+00
  3.7775000000E+01  3.7779166667E+01  2.83533E-03  8.63180E-01
  3.7779166667E+01  3.7783333333E+01  2.84520E-03  7.37372E-01
  3.7783333333E+01  3.7787500000E+01  2.85832E-03  7.98417E-01
  3.7787500000E+01  3.7791666667E+01  2.85158E-03  8.78477E-01
  3.7791666667E+01  3.7795833333E+01  2.87206E-03  9.81274E-01
  3.7795833333E+01  3.7800000000E+01  2.90075E-03  1.80077E+00
  3.7800000000E+01  3.7804166667E+01  2.88463E-03  1.09751E+00
  3.7804166667E+01  3.7808333333E+01  2.90196E-03  1.03283E+00
  3.7808333333E+01  3.7812500000E+01  2.89678E-03  1.15121E+00
  3.7812500000E+01  3.7816666667E+01  2.88973E-03  1.07279E+00
  3.7816666667E+01  3.7820833333E+01  2.89133E-03  9.57364E-01
  3.7820833333E+01  3.7825000000E+01  2.86244E-03  6.63017E-01
  3.7825000000E+01  3.7829166667E+01  2.86371E-03  7.76400E-01
  3.7829166667E+01  3.7833333333E+01  2.86935E-03  8.69768E-01
  3.7833333333E+01  3.7837500000E+01  2.87989E-03  9.46222E-01
  3.7837500000E+01  3.7841666667E+01  2.89324E-03  9.91341E-01
  3.7841666667E+01  3.7845833333E+01  2.89474E-03  8.67453E-01
  3.7845833333E+01  3.7850000000E+01  2.92906E-03  1.56764E+00
  3.7850000000E+01  3.7854166667E+01  2.88049E-03  7.21425E-01
  3.7854166667E+01  3.7858333333E+01  2.86383E-03  6.12555E-01
  3.7858333333E+01  3.7862500000E+01  2.87945E-03  7.58103E-01
  3.7862500000E+01  3.7866666667E+01  2.88790E-03  7.69348E-01
  3.7866666667E+01  3.7870833333E+01  2.87710E-03  6.20453E-01
  3.7870833333E+01  3.7875000000E+01  2.90479E-03  8.10734E-01
  3.7875000000E+01  3.7879166667E+01  2.89986E-03  8.43276E-01
  3.7879166667E+01  3.7883333333E+01  2.89169E-03  7.74973E-01
  3.7883333333E+01  3.7887500000E+01  2.89553E-03  6.94740E-01
  3.7887500000E+01  3.7891666667E+01  2.89960E-03  7.43370E-01
  3.7891666667E+01  3.7895833333E+01  2.88529E-03  6.04566E-01
  3.7895833333E+01  3.7900000000E+01  2.88730E-03  6.35687E-01
  3.7900000000E+01  3.7904166667E+01  2.89491E-03  6.37416E-01
  3.7904166667E+01  3.7908333333E+01  2.92445E-03  8.15339E-01
  3.7908333333E+01  3.7912500000E+01  2.91438E-03  6.53744E-01
  3.7912500000E+01  3.7916666667E+01  2.91629E-03  7.07533E-01
  3.7916666667E+01  3.7920833333E+01  2.91125E-03  6.24719E-01
  3.7920833333E+01  3.7925000000E+01  2.92786E-03  8.43079E-01
  3.7925000000E+01  3.7929166667E+01  2.91880E-03  7.90470E-01
  3.7929166667E+01  3.7933333333E+01  2.94020E-03  1.02102E+00
  3.7933333333E+01  3.7937500000E+01  2.93278E-03  7.15734E-01
  3.7937500000E+01  3.7941666667E+01  2.97721E-03  1.00458E+00
  3.7941666667E+01  3.7945833333E+01  2.93419E-03  6.37334E-01
  3.7945833333E+01  3.7950000000E+01  2.96755E-03  1.00357E+00
  3.7950000000E+01  3.7954166667E+01  2.93717E-03  6.42113E-01
  3.7954166667E+01  3.7958333333E+01  2.93648E-03  6.13641E-01
  3.7958333333E+01  3.7962500000E+01  2.95872E-03  9.40792E-01
  3.7962500000E+01  3.7966666667E+01  2.93875E-03  6.35369E-01
  3.7966666667E+01  3.7970833333E+01  2.96369E-03  9.27548E-01
  3.7970833333E+01  3.7975000000E+01  2.97212E-03  9.12029E-01
  3.7975000000E+01  3.7979166667E+01  2.95732E-03  6.74516E-01
  3.7979166667E+01  3.7983333333E+01  2.98305E-03  8.78456E-01
  3.7983333333E+01  3.7987500000E+01  2.95431E-03  6.30168E-01
  3.7987500000E+01  3.7991666667E+01  2.96739E-03  7.07520E-01
  3.7991666667E+01  3.7995833333E+01  2.99562E-03  9.31883E-01
  3.7995833333E+01  3.8000000000E+01  2.97722E-03  7.44134E-01
  3.8000000000E+01  3.8004166667E+01  2.98917E-03  8.05648E-01
  3.8004166667E+01  3.8008333333E+01  2.99536E-03  8.32266E-01
  3.8008333333E+01  3.8012500000E+01  2.98557E-03  7.14541E-01
  3.8012500000E+01  3.8016666667E+01  2.97809E-03  6.02731E-01
  3.8016666667E+01  3.8020833333E+01  3.02078E-03  8.78353E-01
  3.8020833333E+01  3.8025000000E+01  3.06228E-03  1.18118E+00
  3.8025000000E+01  3.8029166667E+01  3.03166E-03  9.04083E-01
  3.8029166667E+01  3.8033333333E+01  3.02273E-03  8.45511E-01
  3.8033333333E+01  3.8037500000E+01  3.07805E-03  1.38680E+00
  3.8037500000E+01  3.8041666667E+01  3.04925E-03  9.98764E-01
  3.8041666667E+01  3.8045833333E+01  3.08101E-03  1.02948E+00
  3.8045833333E+01  3.8050000000E+01  3.08413E-03  1.21802E+00
  3.8050000000E+01  3.8054166667E+01  3.03618E-03  6.68645E-01
  3.8054166667E+01  3.8058333333E+01  3.07613E-03  9.08412E-01
  3.8058333333E+01  3.8062500000E+01  3.10174E-03  1.32946E+00
  3.8062500000E+01  3.8066666667E+01  3.04289E-03  6.02691E-01
  3.8066666667E+01  3.8070833333E+01  3.07827E-03  8.58462E-01
  3.8070833333E+01  3.8075000000E+01  3.07235E-03  7.51216E-01
  3.8075000000E+01  3.8079166667E+01  3.08379E-03  9.11442E-01
  3.8079166667E+01  3.8083333333E+01  3.14379E-03  1.28638E+00
  3.8083333333E+01  3.8087500000E+01  3.13044E-03  1.13755E+00
  3.8087500000E+01  3.8091666667E+01  3.11052E-03  1.28586E+00
  3.8091666667E+01  3.8095833333E+01  3.11365E-03  1.20649E+00
  3.8095833333E+01  3.8100000000E+01  3.08841E-03  8.26922E-01
  3.8100000000E+01  3.8104166667E+01  3.06393E-03  5.91647E-01
  3.8104166667E+01  3.8108333333E+01  3.06764E-03  6.00749E-01
  3.8108333333E+01  3.8112500000E+01  3.10063E-03  8.26647E-01
  3.8112500000E+01  3.8116666667E+01  3.11089E-03  8.90006E-01
  3.8116666667E+01  3.8120833333E+01  3.13616E-03  1.05501E+00
  3.8120833333E+01  3.8125000000E+01  3.09007E-03  6.50581E-01
  3.8125000000E+01  3.8129166667E+01  3.10003E-03  6.55426E-01
  3.8129166667E+01  3.8133333333E+01  3.19133E-03  1.16107E+00
  3.8133333333E+01  3.8137500000E+01  3.12974E-03  8.37588E-01
  3.8137500000E+01  3.8141666667E+01  3.18315E-03  1.41340E+00
  3.8141666667E+01  3.8145833333E+01  3.16205E-03  1.11134E+00
  3.8145833333E+01  3.8150000000E+01  3.13685E-03  7.86481E-01
  3.8150000000E+01  3.8154166667E+01  3.13744E-03  8.45873E-01
  3.8154166667E+01  3.8158333333E+01  3.15790E-03  8.70352E-01
  3.8158333333E+01  3.8162500000E+01  3.15354E-03  1.01882E+00
  3.8162500000E+01  3.8166666667E+01  3.15631E-03  1.02827E+00
  3.8166666667E+01  3.8170833333E+01  3.14972E-03  9.71979E-01
  3.8170833333E+01  3.8175000000E+01  3.18819E-03  1.04849E+00
  3.8175000000E+01  3.8179166667E+01  3.13519E-03  6.55062E-01
  3.8179166667E+01  3.8183333333E+01  3.17979E-03  9.79214E-01
  3.8183333333E+01  3.8187500000E+01  3.16304E-03  9.18558E-01
  3.8187500000E+01  3.8191666667E+01  3.14760E-03  7.04976E-01
  3.8191666667E+01  3.8195833333E+01  3.16091E-03  7.23454E-01
  3.8195833333E+01  3.8200000000E+01  3.15582E-03  6.36962E-01
  3.8200000000E+01  3.8204166667E+01  3.16363E-03  7.45951E-01
  3.8204166667E+01  3.8208333333E+01  3.19391E-03  8.52887E-01
  3.8208333333E+01  3.8212500000E+01  3.18119E-03  1.05102E+00
  3.8212500000E+01  3.8216666667E+01  3.17557E-03  7.47682E-01
  3.8216666667E+01  3.8220833333E+01  3.20988E-03  9.39312E-01
  3.8220833333E+01  3.8225000000E+01  3.20304E-03  8.83104E-01
  3.8225000000E+01  3.8229166667E+01  3.21582E-03  8.56980E-01
  3.8229166667E+01  3.8233333333E+01  3.18998E-03  7.36839E-01
  3.8233333333E+01  3.8237500000E+01  3.22751E-03  1.09555E+00
  3.8237500000E+01  3.8241666667E+01  3.22806E-03  9.97973E-01
  3.8241666667E+01  3.8245833333E+01  3.24771E-03  9.38028E-01
  3.8245833333E+01  3.8250000000E+01  3.27276E-03  1.03543E+00
  3.8250000000E+01  3.8254166667E+01  3.27360E-03  1.14245E+00
  3.8254166667E+01  3.8258333333E+01  3.24647E-03  9.27711E-01
  3.8258333333E+01  3.8262500000E+01  3.28311E-03  1.21429E+00
  3.8262500000E+01  3.8266666667E+01  3.22820E-03  7.23011E-01
  3.8266666667E+01  3.8270833333E+01  3.23269E-03  7.95538E-01
  3.8270833333E+01  3.8275000000E+01  3.27471E-03  9.38937E-01
  3.8275000000E+01  3.8279166667E+01  3.23805E-03  6.74196E-01
  3.8279166667E+01  3.8283333333E+01  3.29213E-03  1.21272E+00
  3.8283333333E+01  3.8287500000E+01  3.27017E-03  8.67250E-01
  3.8287500000E+01  3.8291666667E+01  3.25652E-03  6.89965E-01
  3.8291666667E+01  3.8295833333E+01  3.25989E-03  6.81673E-01
  3.8295833333E+01  3.8300000000E+01  3.26178E-03  7.65805E-01
  3.8300000000E+01  3.8304166667E+01  3.30120E-03  1.00117E+00
  3.8304166667E+01  3.8308333333E+01  3.31308E-03  1.12927E+00
  3.8308333333E+01  3.8312500000E+01  3.31510E-03  9.59771E-01
  3.8312500000E+01  3.8316666667E+01  3.32094E-03  1.03236E+00
  3.8316666667E+01  3.8320833333E+01  3.30930E-03  8.29931E-01
  3.8320833333E+01  3.8325000000E+01  3.33724E-03  9.15606E-01
  3.8325000000E+01  3.8329166667E+01  3.31988E-03  8.74234E-01
  3.8329166667E+01  3.8333333333E+01  3.31796E-03  9.38220E-01
  3.8333333333E+01  3.8337500000E+01  3.38933E-03  1.48839E+00
  3.8337500000E+01  3.8341666667E+01  3.32424E-03  7.79532E-01
  3.8341666667E+01  3.8345833333E+01  3.34731E-03  8.54049E-01
  3.8345833333E+01  3.8350000000E+01  3.34620E-03  8.84682E-01
  3.8350000000E+01  3.8354166667E+01  3.32228E-03  6.91259E-01
  3.8354166667E+01  3.8358333333E+01  3.32125E-03  6.70313E-01
  3.8358333333E+01  3.8362500000E+01  3.31263E-03  6.21358E-01
  3.8362500000E+01  3.8366666667E+01  3.34946E-03  8.91387E-01
  3.8366666667E+01  3.8370833333E+01  3.33958E-03  8.30870E-01
  3.8370833333E+01  3.8375000000E+01  3.33702E-03  6.93685E-01
  3.8375000000E+01  3.8379166667E+01  3.38960E-03  9.98057E-01
  3.8379166667E+01  3.8383333333E+01  3.37921E-03  8.42135E-01
  3.8383333333E+01  3.8387500000E+01  3.39936E-03  1.01567E+00
  3.8387500000E+01  3.8391666667E+01  3.38386E-03  8.83066E-01
  3.8391666667E+01  3.8395833333E+01  3.43504E-03  1.20573E+00
  3.8395833333E+01  3.8400000000E+01  3.40121E-03  8.29636E-01
  3.8400000000E+01  3.8404166667E+01  3.42557E-03  1.00812E+00
  3.8404166667E+01  3.8408333333E+01  3.38226E-03  7.14364E-01
  3.8408333333E+01  3.8412500000E+01  3.40235E-03  7.89489E-01
  3.8412500000E+01  3.8416666667E+01  3.38061E-03  6.24487E-01
  3.8416666667E+01  3.8420833333E+01  3.40121E-03  7.31812E-01
  3.8420833333E+01  3.8425000000E+01  3.40710E-03  7.42827E-01
  3.8425000000E+01  3.8429166667E+01  3.42464E-03  8.23554E-01
  3.8429166667E+01  3.8433333333E+01  3.40653E-03  6.96495E-01
  3.8433333333E+01  3.8437500000E+01  3.42850E-03  7.82729E-01
  3.8437500000E+01  3.8441666667E+01  3.43002E-03  7.37746E-01
  3.8441666667E+01  3.8445833333E+01  3.42136E-03  6.57036E-01
  3.8445833333E+01  3.8450000000E+01  3.41976E-03  6.26104E-01
  3.8450000000E+01  3.8454166667E+01  3.42508E-03  6.60765E-01
  3.8454166667E+01  3.8458333333E+01  3.42571E-03  6.33532E-01
  3.8458333333E+01  3.8462500000E+01  3.46274E-03  1.00136E+00
  3.8462500000E+01  3.8466666667E+01  3.43745E-03  6.93059E-01
  3.8466666667E+01  3.8470833333E+01  3.45698E-03  8.37605E-01
  3.8470833333E+01  3.8475000000E+01  3.47607E-03  7.59528E-01
  3.8475000000E+01  3.8479166667E+01  3.47228E-03  7.45986E-01
  3.8479166667E+01  3.8483333333E+01  3.48266E-03  8.47528E-01
  3.8483333333E+01  3.8487500000E+01  3.49642E-03  8.84426E-01
  3.8487500000E+01  3.8491666667E+01  3.48330E-03  7.85376E-01
  3.8491666667E+01  3.8495833333E+01  3.49783E-03  7.82620E-01
  3.8495833333E+01  3.8500000000E+01  3.49720E-03  9.11985E-01
  3.8500000000E+01  3.8504166667E+01  3.48713E-03  5.91278E-01
  3.8504166667E+01  3.8508333333E+01  3.50011E-03  7.06246E-01
  3.8508333333E+01  3.8512500000E+01  3.54035E-03  9.60640E-01
  3.8512500000E+01  3.8516666667E+01  3.51235E-03  6.67898E-01
  3.8516666667E+01  3.8520833333E+01  3.51288E-03  6.24374E-01
  3.8520833333E+01  3.8525000000E+01  3.55246E-03  9.90715E-01
  3.8525000000E+01  3.8529166667E+01  3.53719E-03  7.02210E-01
  3.8529166667E+01  3.8533333333E+01  3.52129E-03  6.04150E-01
  3.8533333333E+01  3.8537500000E+01  3.55651E-03  8.97547E-01
  3.8537500000E+01  3.8541666667E+01  3.56202E-03  7.75084E-01
  3.8541666667E+01  3.8545833333E+01  3.56617E-03  7.26972E-01
  3.8545833333E+01  3.8550000000E+01  3.57482E-03  7.11863E-01
  3.8550000000E+01  3.8554166667E+01  3.58230E-03  7.93462E-01
  3.8554166667E+01  3.8558333333E+01  3.61109E-03  9.22817E-01
  3.8558333333E+01  3.8562500000E+01  3.66446E-03  1.18359E+00
  3.8562500000E+01  3.8566666667E+01  3.62617E-03  7.96864E-01
  3.8566666667E+01  3.8570833333E+01  3.62764E-03  7.80578E-01
  3.8570833333E+01  3.8575000000E+01  3.61351E-03  6.95826E-01
  3.8575000000E+01  3.8579166667E+01  3.62705E-03  8.40267E-01
  3.8579166667E+01  3.8583333333E+01  3.64038E-03  8.49413E-01
  3.8583333333E+01  3.8587500000E+01  3.64232E-03  8.08450E-01
  3.8587500000E+01  3.8591666667E+01  3.64584E-03  7.52776E-01
  3.8591666667E+01  3.8595833333E+01  3.65925E-03  7.67367E-01
  3.8595833333E+01  3.8600000000E+01  3.68193E-03  8.97622E-01
  3.8600000000E+01  3.8604166667E+01  3.68928E-03  9.56047E-01
  3.8604166667E+01  3.8608333333E+01  3.67511E-03  8.01069E-01
  3.8608333333E+01  3.8612500000E+01  3.67325E-03  7.80266E-01
  3.8612500000E+01  3.8616666667E+01  3.67554E-03  7.61723E-01
  3.8616666667E+01  3.8620833333E+01  3.70239E-03  9.17841E-01
  3.8620833333E+01  3.8625000000E+01  3.68939E-03  6.80219E-01
  3.8625000000E+01  3.8629166667E+01  3.69039E-03  6.84648E-01
  3.8629166667E+01  3.8633333333E+01  3.71439E-03  7.35240E-01
  3.8633333333E+01  3.8637500000E+01  3.71157E-03  7.95591E-01
  3.8637500000E+01  3.8641666667E+01  3.71935E-03  6.63518E-01
  3.8641666667E+01  3.8645833333E+01  3.74716E-03  8.02004E-01
  3.8645833333E+01  3.8650000000E+01  3.76154E-03  9.36377E-01
  3.8650000000E+01  3.8654166667E+01  3.72954E-03  6.84053E-01
  3.8654166667E+01  3.8658333333E+01  3.73742E-03  6.49428E-01
  3.8658333333E+01  3.8662500000E+01  3.76855E-03  8.90965E-01
  3.8662500000E+01  3.8666666667E+01  3.73591E-03  6.00922E-01
  3.8666666667E+01  3.8670833333E+01  3.77532E-03  7.61198E-01
  3.8670833333E+01  3.8675000000E+01  3.76663E-03  6.22945E-01
  3.8675000000E+01  3.8679166667E+01  3.79768E-03  7.47890E-01
  3.8679166667E+01  3.8683333333E+01  3.80724E-03  7.52019E-01
  3.8683333333E+01  3.8687500000E+01  3.81344E-03  7.18628E-01
  3.8687500000E+01  3.8691666667E+01  3.81687E-03  8.79296E-01
  3.8691666667E+01  3.8695833333E+01  3.84051E-03  8.69151E-01
  3.8695833333E+01  3.8700000000E+01  3.84018E-03  8.08282E-01
  3.8700000000E+01  3.8704166667E+01  3.84991E-03  9.40491E-01
  3.8704166667E+01  3.8708333333E+01  3.83627E-03  6.97251E-01
  3.8708333333E+01  3.8712500000E+01  3.84555E-03  7.22461E-01
  3.8712500000E+01  3.8716666667E+01  3.84572E-03  6.21180E-01
  3.8716666667E+01  3.8720833333E+01  3.86018E-03  6.29743E-01
  3.8720833333E+01  3.8725000000E+01  3.86985E-03  6.15437E-01
  3.8725000000E+01  3.8729166667E+01  3.89368E-03  7.33112E-01
  3.8729166667E+01  3.8733333333E+01  3.93781E-03  8.50714E-01
  3.8733333333E+01  3.8737500000E+01  3.94132E-03  8.32371E-01
  3.8737500000E+01  3.8741666667E+01  3.91601E-03  7.12878E-01
  3.8741666667E+01  3.8745833333E+01  3.91136E-03  6.34476E-01
  3.8745833333E+01  3.8750000000E+01  3.92742E-03  6.30520E-01
  3.8750000000E+01  3.8754166667E+01  3.92936E-03  6.16657E-01
  3.8754166667E+01  3.8758333333E+01  3.95070E-03  6.95599E-01
  3.8758333333E+01  3.8762500000E+01  3.94802E-03  6.10065E-01
  3.8762500000E+01  3.8766666667E+01  3.98007E-03  7.86057E-01
  3.8766666667E+01  3.8770833333E+01  3.96312E-03  6.12252E-01
  3.8770833333E+01  3.8775000000E+01  3.97249E-03  6.24371E-01
  3.8775000000E+01  3.8779166667E+01  4.03656E-03  8.89326E-01
  3.8779166667E+01  3.8783333333E+01  4.02338E-03  7.62386E-01
  3.8783333333E+01  3.8787500000E+01  4.00204E-03  6.16254E-01
  3.8787500000E+01  3.8791666667E+01  4.05178E-03  7.97875E-01
  3.8791666667E+01  3.8795833333E+01  4.06280E-03  7.54765E-01
  3.8795833333E+01  3.8800000000E+01  4.05137E-03  6.58575E-01
  3.8800000000E+01  3.8804166667E+01  4.06290E-03  6.27206E-01
  3.8804166667E+01  3.8808333333E+01  4.09324E-03  7.38722E-01
  3.8808333333E+01  3.8812500000E+01  4.09985E-03  7.56470E-01
  3.8812500000E+01  3.8816666667E+01  4.08756E-03  6.64844E-01
  3.8816666667E+01  3.8820833333E+01  4.10371E-03  7.11161E-01
  3.8820833333E+01  3.8825000000E+01  4.12370E-03  7.17211E-01
  3.8825000000E+01  3.8829166667E+01  4.16888E-03  8.47834E-01
  3.8829166667E+01  3.8833333333E+01  4.17698E-03  7.57537E-01
  3.8833333333E+01  3.8837500000E+01  4.20191E-03  9.56825E-01
  3.8837500000E+01  3.8841666667E+01  4.18697E-03  8.08743E-01
  3.8841666667E+01  3.8845833333E+01  4.16931E-03  6.83779E-01
  3.8845833333E+01  3.8850000000E+01  4.16866E-03  6.13977E-01
  3.8850000000E+01  3.8854166667E+01  4.16707E-03  5.88287E-01
  3.8854166667E+01  3.8858333333E+01  4.21862E-03  7.56775E-01
  3.8858333333E+01  3.8862500000E+01  4.24304E-03  7.35753E-01
  3.8862500000E+01  3.8866666667E+01  4.25410E-03  7.65576E-01
  3.8866666667E+01  3.8870833333E+01  4.27747E-03  7.29413E-01
  3.8870833333E+01  3.8875000000E+01  4.27647E-03  6.73085E-01
  3.8875000000E+01  3.8879166667E+01  4.26992E-03  6.49517E-01
  3.8879166667E+01  3.8883333333E+01  4.33278E-03  8.61819E-01
  3.8883333333E+01  3.8887500000E+01  4.29332E-03  6.25090E-01
  3.8887500000E+01  3.8891666667E+01  4.34920E-03  8.89725E-01
  3.8891666667E+01  3.8895833333E+01  4.35600E-03  7.47054E-01
  3.8895833333E+01  3.8900000000E+01  4.33533E-03  6.10078E-01
  3.8900000000E+01  3.8904166667E+01  4.40698E-03  8.08854E-01
  3.8904166667E+01  3.8908333333E+01  4.35349E-03  6.02899E-01
  3.8908333333E+01  3.8912500000E+01  4.38637E-03  7.44784E-01
  3.8912500000E+01  3.8916666667E+01  4.38154E-03  6.06096E-01
  3.8916666667E+01  3.8920833333E+01  4.42333E-03  7.31508E-01
  3.8920833333E+01  3.8925000000E+01  4.41816E-03  6.83816E-01
  3.8925000000E+01  3.8929166667E+01  4.45151E-03  7.18269E-01
  3.8929166667E+01  3.8933333333E+01  4.46220E-03  7.55017E-01
  3.8933333333E+01  3.8937500000E+01  4.46124E-03  5.96126E-01
  3.8937500000E+01  3.8941666667E+01  4.50749E-03  8.11227E-01
  3.8941666667E+01  3.8945833333E+01  4.52561E-03  7.96296E-01
  3.8945833333E+01  3.8950000000E+01  4.51851E-03  6.88455E-01
  3.8950000000E+01  3.8954166667E+01  4.51388E-03  6.10670E-01
  3.8954166667E+01  3.8958333333E+01  4.53866E-03  6.63378E-01
  3.8958333333E+01  3.8962500000E+01  4.56036E-03  6.64123E-01
  3.8962500000E+01  3.8966666667E+01  4.59196E-03  7.48560E-01
  3.8966666667E+01  3.8970833333E+01  4.61727E-03  6.53626E-01
  3.8970833333E+01  3.8975000000E+01  4.63283E-03  6.59921E-01
  3.8975000000E+01  3.8979166667E+01  4.65172E-03  6.99798E-01
  3.8979166667E+01  3.8983333333E+01  4.66809E-03  6.87346E-01
  3.8983333333E+01  3.8987500000E+01  4.69079E-03  6.59292E-01
  3.8987500000E+01  3.8991666667E+01  4.73426E-03  9.20315E-01
  3.8991666667E+01  3.8995833333E+01  4.70913E-03  6.88121E-01
  3.8995833333E+01  3.9000000000E+01  4.72825E-03  6.88747E-01
  3.9000000000E+01  3.9004166667E+01  4.74540E-03  6.48755E-01
  3.9004166667E+01  3.9008333333E+01  4.75576E-03  6.37127E-01
  3.9008333333E+01  3.9012500000E+01  4.78990E-03  7.17805E-01
  3.9012500000E+01  3.9016666667E+01  4.83298E-03  7.46390E-01
  3.9016666667E+01  3.9020833333E+01  4.80564E-03  5.99541E-01
  3.9020833333E+01  3.9025000000E+01  4.84642E-03  5.98483E-01
  3.9025000000E+01  3.9029166667E+01  4.90342E-03  7.46160E-01
  3.9029166667E+01  3.9033333333E+01  4.93775E-03  7.46295E-01
  3.9033333333E+01  3.9037500000E+01  4.94527E-03  7.97841E-01
  3.9037500000E+01  3.9041666667E+01  4.93251E-03  6.16326E-01
  3.9041666667E+01  3.9045833333E+01  4.95962E-03  6.16057E-01
  3.9045833333E+01  3.9050000000E+01  5.02251E-03  7.36527E-01
  3.9050000000E+01  3.9054166667E+01  5.01083E-03  6.51311E-01
  3.9054166667E+01  3.9058333333E+01  5.02337E-03  6.38043E-01
  3.9058333333E+01  3.9062500000E+01  5.06816E-03  6.98128E-01
  3.9062500000E+01  3.9066666667E+01  5.08310E-03  6.46154E-01
  3.9066666667E+01  3.9070833333E+01  5.12653E-03  7.38165E-01
  3.9070833333E+01  3.9075000000E+01  5.13938E-03  7.09356E-01
  3.9075000000E+01  3.9079166667E+01  5.16890E-03  6.98795E-01
  3.9079166667E+01  3.9083333333E+01  5.18079E-03  6.75661E-01
  3.9083333333E+01  3.9087500000E+01  5.21560E-03  6.59449E-01
  3.9087500000E+01  3.9091666667E+01  5.24919E-03  6.67694E-01
  3.9091666667E+01  3.9095833333E+01  5.27288E-03  6.54262E-01
  3.9095833333E+01  3.9100000000E+01  5.31344E-03  6.82821E-01
  3.9100000000E+01  3.9104166667E+01  5.31712E-03  6.19453E-01
  3.9104166667E+01  3.9108333333E+01  5.35791E-03  7.12473E-01
  3.9108333333E+01  3.9112500000E+01  5.40511E-03  7.82034E-01
  3.9112500000E+01  3.9116666667E+01  5.38699E-03  6.07928E-01
  3.9116666667E+01  3.9120833333E+01  5.42752E-03  6.56751E-01
  3.9120833333E+01  3.9125000000E+01  5.46830E-03  6.93600E-01
  3.9125000000E+01  3.9129166667E+01  5.53419E-03  7.70422E-01
  3.9129166667E+01  3.9133333333E+01  5.52871E-03  6.35137E-01
  3.9133333333E+01  3.9137500000E+01  5.56859E-03  6.62715E-01
  3.9137500000E+01  3.9141666667E+01  5.61154E-03  6.46420E-01
  3.9141666667E+01  3.9145833333E+01  5.62880E-03  6.25949E-01
  3.9145833333E+01  3.9150000000E+01  5.67077E-03  6.45450E-01
  3.9150000000E+01  3.9154166667E+01  5.72438E-03  7.37675E-01
  3.9154166667E+01  3.9158333333E+01  5.74098E-03  6.41096E-01
  3.9158333333E+01  3.9162500000E+01  5.78792E-03  6.96091E-01
  3.9162500000E+01  3.9166666667E+01  5.81250E-03  6.31028E-01
  3.9166666667E+01  3.9170833333E+01  5.88892E-03  7.04092E-01
  3.9170833333E+01  3.9175000000E+01  5.89971E-03  6.22114E-01
  3.9175000000E+01  3.9179166667E+01  5.95975E-03  6.81424E-01
  3.9179166667E+01  3.9183333333E+01  6.02365E-03  7.23875E-01
  3.9183333333E+01  3.9187500000E+01  6.06968E-03  6.88362E-01
  3.9187500000E+01  3.9191666667E+01  6.09385E-03  6.39852E-01
  3.9191666667E+01  3.9195833333E+01  6.13740E-03  6.36012E-01
  3.9195833333E+01  3.9200000000E+01  6.19759E-03  6.46183E-01
  3.9200000000E+01  3.9204166667E+01  6.25144E-03  6.75278E-01
  3.9204166667E+01  3.9208333333E+01  6.28740E-03  6.20694E-01
  3.9208333333E+01  3.9212500000E+01  6.35601E-03  6.64271E-01
  3.9212500000E+01  3.9216666667E+01  6.41648E-03  6.83159E-01
  3.9216666667E+01  3.9220833333E+01  6.45639E-03  6.26273E-01
  3.9220833333E+01  3.9225000000E+01  6.52307E-03  6.13571E-01
  3.9225000000E+01  3.9229166667E+01  6.60179E-03  6.69194E-01
  3.9229166667E+01  3.9233333333E+01  6.64470E-03  6.37251E-01
  3.9233333333E+01  3.9237500000E+01  6.71335E-03  6.32012E-01
  3.9237500000E+01  3.9241666667E+01  6.85534E-03  7.49622E-01
  3.9241666667E+01  3.9245833333E+01  6.87486E-03  6.88337E-01
  3.9245833333E+01  3.9250000000E+01  6.90954E-03  6.04964E-01
  3.9250000000E+01  3.9254166667E+01  6.99845E-03  6.21649E-01
  3.9254166667E+01  3.9258333333E+01  7.12787E-03  6.82749E-01
  3.9258333333E+01  3.9262500000E+01  7.17760E-03  6.33221E-01
  3.9262500000E+01  3.9266666667E+01  7.26616E-03  6.49139E-01
  3.9266666667E+01  3.9270833333E+01  7.34145E-03  6.03596E-01
  3.9270833333E+01  3.9275000000E+01  7.46747E-03  6.85355E-01
  3.9275000000E+01  3.9279166667E+01  7.55124E-03  6.36577E-01
  3.9279166667E+01  3.9283333333E+01  7.63107E-03  6.65172E-01
  3.9283333333E+01  3.9287500000E+01  7.72814E-03  6.69452E-01
  3.9287500000E+01  3.9291666667E+01  7.79726E-03  6.22921E-01
  3.9291666667E+01  3.9295833333E+01  7.91712E-03  6.50658E-01
  3.9295833333E+01  3.9300000000E+01  8.07372E-03  6.89184E-01
  3.9300000000E+01  3.9304166667E+01  8.17208E-03  6.93153E-01
  3.9304166667E+01  3.9308333333E+01  8.23329E-03  6.90884E-01
  3.9308333333E+01  3.9312500000E+01  8.36422E-03  6.85307E-01
  3.9312500000E+01  3.9316666667E+01  8.44314E-03  6.60949E-01
  3.9316666667E+01  3.9320833333E+01  8.57496E-03  6.75637E-01
  3.9320833333E+01  3.9325000000E+01  8.70822E-03  6.77959E-01
  3.9325000000E+01  3.9329166667E+01  8.81101E-03  6.93116E-01
  3.9329166667E+01  3.9333333333E+01  8.91361E-03  7.05088E-01
  3.9333333333E+01  3.9337500000E+01  9.00230E-03  6.98913E-01
  3.9337500000E+01  3.9341666667E+01  9.13274E-03  7.08141E-01
  3.9341666667E+01  3.9345833333E+01  9.20756E-03  7.07228E-01
  3.9345833333E+01  3.9350000000E+01  9.30832E-03  7.44312E-01
  3.9350000000E+01  3.9354166667E+01  9.35416E-03  7.12560E-01
  3.9354166667E+01  3.9358333333E+01  9.50252E-03  7.38060E-01
  3.9358333333E+01  3.9362500000E+01  9.54888E-03  7.38921E-01
  3.9362500000E+01  3.9366666667E+01  9.60697E-03  7.41376E-01
  3.9366666667E+01  3.9370833333E+01  9.69535E-03  7.66321E-01
  3.9370833333E+01  3.9375000000E+01  9.66081E-03  7.48509E-01
  3.9375000000E+01  3.9379166667E+01  9.74327E-03  7.66786E-01
  3.9379166667E+01  3.9383333333E+01  9.76278E-03  7.83047E-01
  3.9383333333E+01  3.9387500000E+01  9.73302E-03  7.64551E-01
  3.9387500000E+01  3.9391666667E+01  9.72813E-03  7.75718E-01
  3.9391666667E+01  3.9395833333E+01  9.75659E-03  7.90713E-01
  3.9395833333E+01  3.9400000000E+01  9.68733E-03  7.90218E-01
  3.9400000000E+01  3.9404166667E+01  9.66797E-03  8.20993E-01
  3.9404166667E+01  3.9408333333E+01  9.54891E-03  8.25789E-01
  3.9408333333E+01  3.9412500000E+01  9.42598E-03  8.28090E-01
  3.9412500000E+01  3.9416666667E+01  9.31016E-03  8.45187E-01
  3.9416666667E+01  3.9420833333E+01  9.19688E-03  8.42512E-01
  3.9420833333E+01  3.9425000000E+01  9.05003E-03  8.66987E-01
  3.9425000000E+01  3.9429166667E+01  8.83929E-03  8.62688E-01
  3.9429166667E+01  3.9433333333E+01  8.68021E-03  8.88184E-01
  3.9433333333E+01  3.9437500000E+01  8.47950E-03  9.07199E-01
  3.9437500000E+01  3.9441666667E+01  8.23741E-03  9.29674E-01
  3.9441666667E+01  3.9445833333E+01  8.00398E-03  9.67234E-01
  3.9445833333E+01  3.9450000000E+01  7.81364E-03  9.75947E-01
  3.9450000000E+01  3.9454166667E+01  7.54605E-03  1.01520E+00
  3.9454166667E+01  3.9458333333E+01  7.29430E-03  1.01682E+00
  3.9458333333E+01  3.9462500000E+01  7.04483E-03  1.07331E+00
  3.9462500000E+01  3.9466666667E+01  6.83669E-03  1.08545E+00
  3.9466666667E+01  3.9470833333E+01  6.53416E-03  1.10724E+00
  3.9470833333E+01  3.9475000000E+01  6.21013E-03  1.16012E+00
  3.9475000000E+01  3.9479166667E+01  5.91185E-03  1.21522E+00
  3.9479166667E+01  3.9483333333E+01  5.56898E-03  1.27468E+00
  3.9483333333E+01  3.9487500000E+01  5.21171E-03  1.33584E+00
  3.9487500000E+01  3.9491666667E+01  4.97307E-03  1.37576E+00
  3.9491666667E+01  3.9495833333E+01  4.67962E-03  1.38087E+00
  3.9495833333E+01  3.9500000000E+01  4.37856E-03  1.44688E+00
  3.9500000000E+01  3.9504166667E+01  4.04631E-03  1.48548E+00
  3.9504166667E+01  3.9508333333E+01  3.74343E-03  1.55773E+00
  3.9508333333E+01  3.9512500000E+01  3.53529E-03  1.63722E+00
  3.9512500000E+01  3.9516666667E+01  3.17549E-03  1.65870E+00
  3.9516666667E+01  3.9520833333E+01  2.93314E-03  1.82634E+00
  3.9520833333E+01  3.9525000000E+01  2.72527E-03  1.97232E+00
  3.9525000000E+01  3.9529166667E+01  2.43362E-03  2.06641E+00
  3.9529166667E+01  3.9533333333E+01  2.22557E-03  2.13872E+00
  3.9533333333E+01  3.9537500000E+01  2.01517E-03  2.18120E+00
  3.9537500000E+01  3.9541666667E+01  1.83797E-03  2.34848E+00
  3.9541666667E+01  3.9545833333E+01  1.70338E-03  2.50471E+00
  3.9545833333E+01  3.9550000000E+01  1.51878E-03  2.62573E+00
  3.9550000000E+01  3.9554166667E+01  1.34641E-03  2.68025E+00
  3.9554166667E+01  3.9558333333E+01  1.19162E-03  2.84031E+00
  3.9558333333E+01  3.9562500000E+01  1.07856E-03  2.98939E+00
  3.9562500000E+01  3.9566666667E+01  9.84507E-04  3.40877E+00
  3.9566666667E+01  3.9570833333E+01  8.75787E-04  3.38380E+00
  3.9570833333E+01  3.9575000000E+01  7.92977E-04  3.59493E+00
  3.9575000000E+01  3.9579166667E+01  6.66930E-04  3.83592E+00
  3.9579166667E+01  3.9583333333E+01  5.55373E-04  4.02763E+00
  3.9583333333E+01  3.9587500000E+01  5.30515E-04  4.50385E+00
  3.9587500000E+01  3.9591666667E+01  4.64192E-04  4.68800E+00
  3.9591666667E+01  3.9595833333E+01  4.08952E-04  5.17673E+00
  3.9595833333E+01  3.9600000000E+01  3.32389E-04  5.71197E+00
  3.9600000000E+01  3.9604166667E+01  2.90884E-04  6.18037E+00
  3.9604166667E+01  3.9608333333E+01  2.49195E-04  6.43394E+00
  3.9608333333E+01  3.9612500000E+01  2.26779E-04  7.06136E+00
  3.9612500000E+01  3.9616666667E+01  1.88322E-04  7.64583E+00
  3.9616666667E+01  3.9620833333E+01  1.56049E-04  8.44394E+00
  3.9620833333E+01  3.9625000000E+01  1.21080E-04  9.40750E+00
  3.9625000000E+01  3.9629166667E+01  1.09372E-04  1.00939E+01
  3.9629166667E+01  3.9633333333E+01  9.52120E-05  1.08786E+01
  3.9633333333E+01  3.9637500000E+01  7.19048E-05  1.24288E+01
  3.9637500000E+01  3.9641666667E+01  5.37484E-05  1.34364E+01
  3.9641666667E+01  3.9645833333E+01  4.64962E-05  1.42707E+01
  3.9645833333E+01  3.9650000000E+01  3.99737E-05  1.54106E+01
  3.9650000000E+01  3.9654166667E+01  3.60597E-05  1.67613E+01
  3.9654166667E+01  3.9658333333E+01  3.38426E-05  1.75435E+01
  3.9658333333E+01  3.9662500000E+01  3.23501E-05  1.93947E+01
  3.9662500000E+01  3.9666666667E+01  2.33022E-05  2.22629E+01
  3.9666666667E+01  3.9670833333E+01  2.04552E-05  2.41588E+01
  3.9670833333E+01  3.9675000000E+01  1.46042E-05  2.82353E+01
  3.9675000000E+01  3.9679166667E+01  1.41329E-05  3.19594E+01
  3.9679166667E+01  3.9683333333E+01  5.79358E-06  3.54096E+01
  3.9683333333E+01  3.9687500000E+01  2.87311E-06  4.60880E+01
  3.9687500000E+01  3.9691666667E+01  3.04873E-06  4.68012E+01
  3.9691666667E+01  3.9695833333E+01  3.72228E-06  4.95177E+01
  3.9695833333E+01  3.9700000000E+01  3.74553E-06  4.75024E+01
  3.9700000000E+01  3.9704166667E+01  3.03357E-06  5.38478E+01
  3.9704166667E+01  3.9708333333E+01  3.41663E-06  5.55379E+01
  3.9708333333E+01  3.9712500000E+01  2.07850E-06  5.84903E+01
  3.9712500000E+01  3.9716666667E+01  2.53352E-06  5.89946E+01
  3.9716666667E+01  3.9720833333E+01  3.73722E-06  6.40813E+01
  3.9720833333E+01  3.9725000000E+01  2.19416E-06  7.46733E+01
  3.9725000000E+01  3.9729166667E+01  1.82653E-06  7.10187E+01
  3.9729166667E+01  3.9733333333E+01  1.08639E-06  1.00000E+02
  3.9733333333E+01  3.9737500000E+01  1.68939E-06  9.77098E+01
  3.9737500000E+01  3.9741666667E+01  6.40793E-07  1.00000E+02
  3.9741666667E+01  3.9745833333E+01  0.00000E+00  0.00000E+00
  3.9745833333E+01  3.9750000000E+01  0.00000E+00  0.00000E+00
  3.9750000000E+01  3.9754166667E+01  0.00000E+00  0.00000E+00
  3.9754166667E+01  3.9758333333E+01  0.00000E+00  0.00000E+00
  3.9758333333E+01  3.9762500000E+01  0.00000E+00  0.00000E+00
  3.9762500000E+01  3.9766666667E+01  7.60002E-07  6.69876E+01
  3.9766666667E+01  3.9770833333E+01  3.50696E-07  1.00000E+02
  3.9770833333E+01  3.9775000000E+01  3.50696E-07  1.00000E+02
  3.9775000000E+01  3.9779166667E+01  3.59921E-07  7.35672E+01
  3.9779166667E+01  3.9783333333E+01  3.94853E-07  1.00000E+02
  3.9783333333E+01  3.9787500000E+01  3.94853E-07  1.00000E+02
  3.9787500000E+01  3.9791666667E+01  4.00280E-07  1.00000E+02
  3.9791666667E+01  3.9795833333E+01  4.22853E-07  1.00000E+02
  3.9795833333E+01  3.9800000000E+01  4.22853E-07  1.00000E+02
  3.9800000000E+01  3.9804166667E+01  4.36455E-07  1.00000E+02
  3.9804166667E+01  3.9808333333E+01  4.42143E-07  1.00000E+02
  3.9808333333E+01  3.9812500000E+01  4.76673E-07  1.00000E+02
  3.9812500000E+01  3.9816666667E+01  4.93582E-07  1.00000E+02
  3.9816666667E+01  3.9820833333E+01  5.69084E-07  1.00000E+02
  3.9820833333E+01  3.9825000000E+01  5.97811E-07  9.57623E+01
  3.9825000000E+01  3.9829166667E+01  6.18539E-07  1.00000E+02
  3.9829166667E+01  3.9833333333E+01  6.90020E-07  1.00000E+02
  3.9833333333E+01  3.9837500000E+01  7.12541E-07  1.00000E+02
  3.9837500000E+01  3.9841666667E+01  8.36221E-07  7.07176E+01
  3.9841666667E+01  3.9845833333E+01  1.05201E-06  1.00000E+02
  3.9845833333E+01  3.9850000000E+01  1.72414E-06  1.00000E+02
  3.9850000000E+01  3.9854166667E+01  6.40403E-07  1.00000E+02
  3.9854166667E+01  3.9858333333E+01  0.00000E+00  0.00000E+00
  3.9858333333E+01  3.9862500000E+01  0.00000E+00  0.00000E+00
  3.9862500000E+01  3.9866666667E+01  0.00000E+00  0.00000E+00
  3.9866666667E+01  3.9870833333E+01  0.00000E+00  0.00000E+00
  3.9870833333E+01  3.9875000000E+01  0.00000E+00  0.00000E+00
  3.9875000000E+01  3.9879166667E+01  0.00000E+00  0.00000E+00
  3.9879166667E+01  3.9883333333E+01  0.00000E+00  0.00000E+00
  3.9883333333E+01  3.9887500000E+01  0.00000E+00  0.00000E+00
  3.9887500000E+01  3.9891666667E+01  0.00000E+00  0.00000E+00
  3.9891666667E+01  3.9895833333E+01  0.00000E+00  0.00000E+00
  3.9895833333E+01  3.9900000000E+01  0.00000E+00  0.00000E+00
  3.9900000000E+01  3.9904166667E+01  0.00000E+00  0.00000E+00
  3.9904166667E+01  3.9908333333E+01  0.00000E+00  0.00000E+00
  3.9908333333E+01  3.9912500000E+01  0.00000E+00  0.00000E+00
  3.9912500000E+01  3.9916666667E+01  5.79831E-07  1.00000E+02
  3.9916666667E+01  3.9920833333E+01  0.00000E+00  0.00000E+00
  3.9920833333E+01  3.9925000000E+01  0.00000E+00  0.00000E+00
  3.9925000000E+01  3.9929166667E+01  4.62750E-08  1.00000E+02
  3.9929166667E+01  3.9933333333E+01  3.24944E-08  1.00000E+02
  3.9933333333E+01  3.9937500000E+01  5.98505E-07  9.58857E+01
  3.9937500000E+01  3.9941666667E+01  5.98505E-07  9.52373E+01
  3.9941666667E+01  3.9945833333E+01  5.98651E-07  1.00000E+02
  3.9945833333E+01  3.9950000000E+01  6.07836E-07  1.00000E+02
  3.9950000000E+01  3.9954166667E+01  6.39295E-07  1.00000E+02
  3.9954166667E+01  3.9958333333E+01  6.85839E-07  1.00000E+02
  3.9958333333E+01  3.9962500000E+01  7.53008E-07  8.76534E+01
  3.9962500000E+01  3.9966666667E+01  8.37619E-07  7.07354E+01
  3.9966666667E+01  3.9970833333E+01  9.51638E-07  1.00000E+02
  3.9970833333E+01  3.9975000000E+01  1.03930E-06  1.00000E+02
  3.9975000000E+01  3.9979166667E+01  1.40748E-06  1.00000E+02
  3.9979166667E+01  3.9983333333E+01  2.44703E-06  7.31264E+01
  3.9983333333E+01  3.9987500000E+01  4.54423E-07  1.00000E+02
  3.9987500000E+01  3.9991666667E+01  1.49857E-14  1.00000E+02
  3.9991666667E+01  3.9995833333E+01  0.00000E+00  0.00000E+00
  3.9995833333E+01  4.0000000000E+01  0.00000E+00  0.00000E+00
  4.0000000000E+01  4.0004166667E+01  0.00000E+00  0.00000E+00
  4.0004166667E+01  4.0008333333E+01  0.00000E+00  0.00000E+00
  4.0008333333E+01  4.0012500000E+01  0.00000E+00  0.00000E+00
  4.0012500000E+01  4.0016666667E+01  0.00000E+00  0.00000E+00
  4.0016666667E+01  4.0020833333E+01  0.00000E+00  0.00000E+00
  4.0020833333E+01  4.0025000000E+01  0.00000E+00  0.00000E+00
  4.0025000000E+01  4.0029166667E+01  1.13082E-14  1.00000E+02
  4.0029166667E+01  4.0033333333E+01  0.00000E+00  0.00000E+00
  4.0033333333E+01  4.0037500000E+01  0.00000E+00  0.00000E+00
  4.0037500000E+01  4.0041666667E+01  0.00000E+00  0.00000E+00
  4.0041666667E+01  4.0045833333E+01  0.00000E+00  0.00000E+00
  4.0045833333E+01  4.0050000000E+01  1.64193E-14  1.00000E+02
  4.0050000000E+01  4.0054166667E+01  0.00000E+00  0.00000E+00
  4.0054166667E+01  4.0058333333E+01  8.27457E-11  1.00000E+02
  4.0058333333E+01  4.0062500000E+01  0.00000E+00  0.00000E+00
  4.0062500000E+01  4.0066666667E+01  0.00000E+00  0.00000E+00
  4.0066666667E+01  4.0070833333E+01  0.00000E+00  0.00000E+00
  4.0070833333E+01  4.0075000000E+01  0.00000E+00  0.00000E+00
  4.0075000000E+01  4.0079166667E+01  0.00000E+00  0.00000E+00
  4.0079166667E+01  4.0083333333E+01  0.00000E+00  0.00000E+00
  4.0083333333E+01  4.0087500000E+01  0.00000E+00  0.00000E+00
  4.0087500000E+01  4.0091666667E+01  0.00000E+00  0.00000E+00
  4.0091666667E+01  4.0095833333E+01  6.12192E-11  9.99896E+01
  4.0095833333E+01  4.0100000000E+01  0.00000E+00  0.00000E+00
  4.0100000000E+01  4.0104166667E+01  0.00000E+00  0.00000E+00
  4.0104166667E+01  4.0108333333E+01  0.00000E+00  0.00000E+00
  4.0108333333E+01  4.0112500000E+01  0.00000E+00  0.00000E+00
  4.0112500000E+01  4.0116666667E+01  0.00000E+00  0.00000E+00
  4.0116666667E+01  4.0120833333E+01  0.00000E+00  0.00000E+00
  4.0120833333E+01  4.0125000000E+01  1.13082E-14  1.00000E+02
  4.0125000000E+01  4.0129166667E+01  1.99446E-14  1.00000E+02
  4.0129166667E+01  4.0133333333E+01  0.00000E+00  0.00000E+00
  4.0133333333E+01  4.0137500000E+01  0.00000E+00  0.00000E+00
  4.0137500000E+01  4.0141666667E+01  0.00000E+00  0.00000E+00
  4.0141666667E+01  4.0145833333E+01  0.00000E+00  0.00000E+00
  4.0145833333E+01  4.0150000000E+01  0.00000E+00  0.00000E+00
  4.0150000000E+01  4.0154166667E+01  0.00000E+00  0.00000E+00
  4.0154166667E+01  4.0158333333E+01  0.00000E+00  0.00000E+00
  4.0158333333E+01  4.0162500000E+01  5.00979E-15  1.00000E+02
  4.0162500000E+01  4.0166666667E+01  0.00000E+00  0.00000E+00
  4.0166666667E+01  4.0170833333E+01  0.00000E+00  0.00000E+00
  4.0170833333E+01  4.0175000000E+01  0.00000E+00  0.00000E+00
  4.0175000000E+01  4.0179166667E+01  0.00000E+00  0.00000E+00
  4.0179166667E+01  4.0183333333E+01  0.00000E+00  0.00000E+00
  4.0183333333E+01  4.0187500000E+01  0.00000E+00  0.00000E+00
  4.0187500000E+01  4.0191666667E+01  0.00000E+00  0.00000E+00
  4.0191666667E+01  4.0195833333E+01  0.00000E+00  0.00000E+00
  4.0195833333E+01  4.0200000000E+01  0.00000E+00  0.00000E+00
  4.0200000000E+01  4.0204166667E+01  0.00000E+00  0.00000E+00
  4.0204166667E+01  4.0208333333E+01  0.00000E+00  0.00000E+00
  4.0208333333E+01  4.0212500000E+01  0.00000E+00  0.00000E+00
  4.0212500000E+01  4.0216666667E+01  2.92163E-14  1.00000E+02
  4.0216666667E+01  4.0220833333E+01  0.00000E+00  0.00000E+00
  4.0220833333E+01  4.0225000000E+01  0.00000E+00  0.00000E+00
  4.0225000000E+01  4.0229166667E+01  0.00000E+00  0.00000E+00
  4.0229166667E+01  4.0233333333E+01  0.00000E+00  0.00000E+00
  4.0233333333E+01  4.0237500000E+01  0.00000E+00  0.00000E+00
  4.0237500000E+01  4.0241666667E+01  0.00000E+00  0.00000E+00
  4.0241666667E+01  4.0245833333E+01  0.00000E+00  0.00000E+00
  4.0245833333E+01  4.0250000000E+01  0.00000E+00  0.00000E+00
  4.0250000000E+01  4.0254166667E+01  0.00000E+00  0.00000E+00
  4.0254166667E+01  4.0258333333E+01  0.00000E+00  0.00000E+00
  4.0258333333E+01  4.0262500000E+01  0.00000E+00  0.00000E+00
  4.0262500000E+01  4.0266666667E+01  0.00000E+00  0.00000E+00
  4.0266666667E+01  4.0270833333E+01  0.00000E+00  0.00000E+00
  4.0270833333E+01  4.0275000000E+01  0.00000E+00  0.00000E+00
  4.0275000000E+01  4.0279166667E+01  0.00000E+00  0.00000E+00
  4.0279166667E+01  4.0283333333E+01  0.00000E+00  0.00000E+00
  4.0283333333E+01  4.0287500000E+01  0.00000E+00  0.00000E+00
  4.0287500000E+01  4.0291666667E+01  0.00000E+00  0.00000E+00
  4.0291666667E+01  4.0295833333E+01  0.00000E+00  0.00000E+00
  4.0295833333E+01  4.0300000000E+01  0.00000E+00  0.00000E+00
  4.0300000000E+01  4.0304166667E+01  0.00000E+00  0.00000E+00
  4.0304166667E+01  4.0308333333E+01  0.00000E+00  0.00000E+00
  4.0308333333E+01  4.0312500000E+01  0.00000E+00  0.00000E+00
  4.0312500000E+01  4.0316666667E+01  0.00000E+00  0.00000E+00
  4.0316666667E+01  4.0320833333E+01  0.00000E+00  0.00000E+00
  4.0320833333E+01  4.0325000000E+01  0.00000E+00  0.00000E+00
  4.0325000000E+01  4.0329166667E+01  0.00000E+00  0.00000E+00
  4.0329166667E+01  4.0333333333E+01  0.00000E+00  0.00000E+00
  4.0333333333E+01  4.0337500000E+01  2.95740E-07  1.00000E+02
  4.0337500000E+01  4.0341666667E+01  0.00000E+00  0.00000E+00
  4.0341666667E+01  4.0345833333E+01  0.00000E+00  0.00000E+00
  4.0345833333E+01  4.0350000000E+01  0.00000E+00  0.00000E+00
  4.0350000000E+01  4.0354166667E+01  0.00000E+00  0.00000E+00
  4.0354166667E+01  4.0358333333E+01  0.00000E+00  0.00000E+00
  4.0358333333E+01  4.0362500000E+01  0.00000E+00  0.00000E+00
  4.0362500000E+01  4.0366666667E+01  0.00000E+00  0.00000E+00
  4.0366666667E+01  4.0370833333E+01  0.00000E+00  0.00000E+00
  4.0370833333E+01  4.0375000000E+01  0.00000E+00  0.00000E+00
  4.0375000000E+01  4.0379166667E+01  0.00000E+00  0.00000E+00
  4.0379166667E+01  4.0383333333E+01  0.00000E+00  0.00000E+00
  4.0383333333E+01  4.0387500000E+01  2.80212E-14  1.00000E+02
  4.0387500000E+01  4.0391666667E+01  0.00000E+00  0.00000E+00
  4.0391666667E+01  4.0395833333E+01  0.00000E+00  0.00000E+00
  4.0395833333E+01  4.0400000000E+01  2.31564E-11  1.00000E+02
  4.0400000000E+01  4.0404166667E+01  0.00000E+00  0.00000E+00
  4.0404166667E+01  4.0408333333E+01  0.00000E+00  0.00000E+00
  4.0408333333E+01  4.0412500000E+01  0.00000E+00  0.00000E+00
  4.0412500000E+01  4.0416666667E+01  0.00000E+00  0.00000E+00
  4.0416666667E+01  4.0420833333E+01  0.00000E+00  0.00000E+00
  4.0420833333E+01  4.0425000000E+01  0.00000E+00  0.00000E+00
  4.0425000000E+01  4.0429166667E+01  0.00000E+00  0.00000E+00
  4.0429166667E+01  4.0433333333E+01  0.00000E+00  0.00000E+00
  4.0433333333E+01  4.0437500000E+01  0.00000E+00  0.00000E+00
  4.0437500000E+01  4.0441666667E+01  0.00000E+00  0.00000E+00
  4.0441666667E+01  4.0445833333E+01  0.00000E+00  0.00000E+00
  4.0445833333E+01  4.0450000000E+01  0.00000E+00  0.00000E+00
  4.0450000000E+01  4.0454166667E+01  0.00000E+00  0.00000E+00
  4.0454166667E+01  4.0458333333E+01  3.16789E-07  1.00000E+02
  4.0458333333E+01  4.0462500000E+01  0.00000E+00  0.00000E+00
  4.0462500000E+01  4.0466666667E+01  0.00000E+00  0.00000E+00
  4.0466666667E+01  4.0470833333E+01  0.00000E+00  0.00000E+00
  4.0470833333E+01  4.0475000000E+01  0.00000E+00  0.00000E+00
  4.0475000000E+01  4.0479166667E+01  0.00000E+00  0.00000E+00
  4.0479166667E+01  4.0483333333E+01  0.00000E+00  0.00000E+00
  4.0483333333E+01  4.0487500000E+01  0.00000E+00  0.00000E+00
  4.0487500000E+01  4.0491666667E+01  0.00000E+00  0.00000E+00
  4.0491666667E+01  4.0495833333E+01  0.00000E+00  0.00000E+00
  4.0495833333E+01  4.0500000000E+01  0.00000E+00  0.00000E+00
  4.0500000000E+01  4.0504166667E+01  0.00000E+00  0.00000E+00
  4.0504166667E+01  4.0508333333E+01  0.00000E+00  0.00000E+00
  4.0508333333E+01  4.0512500000E+01  0.00000E+00  0.00000E+00
  4.0512500000E+01  4.0516666667E+01  0.00000E+00  0.00000E+00
  4.0516666667E+01  4.0520833333E+01  0.00000E+00  0.00000E+00
  4.0520833333E+01  4.0525000000E+01  0.00000E+00  0.00000E+00
  4.0525000000E+01  4.0529166667E+01  0.00000E+00  0.00000E+00
  4.0529166667E+01  4.0533333333E+01  0.00000E+00  0.00000E+00
  4.0533333333E+01  4.0537500000E+01  0.00000E+00  0.00000E+00
  4.0537500000E+01  4.0541666667E+01  0.00000E+00  0.00000E+00
  4.0541666667E+01  4.0545833333E+01  0.00000E+00  0.00000E+00
  4.0545833333E+01  4.0550000000E+01  0.00000E+00  0.00000E+00
  4.0550000000E+01  4.0554166667E+01  0.00000E+00  0.00000E+00
  4.0554166667E+01  4.0558333333E+01  0.00000E+00  0.00000E+00
  4.0558333333E+01  4.0562500000E+01  0.00000E+00  0.00000E+00
  4.0562500000E+01  4.0566666667E+01  0.00000E+00  0.00000E+00
  4.0566666667E+01  4.0570833333E+01  0.00000E+00  0.00000E+00
  4.0570833333E+01  4.0575000000E+01  1.58622E-08  1.00000E+02
  4.0575000000E+01  4.0579166667E+01  0.00000E+00  0.00000E+00
  4.0579166667E+01  4.0583333333E+01  0.00000E+00  0.00000E+00
  4.0583333333E+01  4.0587500000E+01  0.00000E+00  0.00000E+00
  4.0587500000E+01  4.0591666667E+01  0.00000E+00  0.00000E+00
  4.0591666667E+01  4.0595833333E+01  2.01853E-15  1.00000E+02
  4.0595833333E+01  4.0600000000E+01  0.00000E+00  0.00000E+00
  4.0600000000E+01  4.0604166667E+01  0.00000E+00  0.00000E+00
  4.0604166667E+01  4.0608333333E+01  0.00000E+00  0.00000E+00
  4.0608333333E+01  4.0612500000E+01  1.49857E-14  1.00000E+02
  4.0612500000E+01  4.0616666667E+01  0.00000E+00  0.00000E+00
  4.0616666667E+01  4.0620833333E+01  0.00000E+00  0.00000E+00
  4.0620833333E+01  4.0625000000E+01  0.00000E+00  0.00000E+00
  4.0625000000E+01  4.0629166667E+01  0.00000E+00  0.00000E+00
  4.0629166667E+01  4.0633333333E+01  0.00000E+00  0.00000E+00
  4.0633333333E+01  4.0637500000E+01  0.00000E+00  0.00000E+00
  4.0637500000E+01  4.0641666667E+01  0.00000E+00  0.00000E+00
  4.0641666667E+01  4.0645833333E+01  0.00000E+00  0.00000E+00
  4.0645833333E+01  4.0650000000E+01  0.00000E+00  0.00000E+00
  4.0650000000E+01  4.0654166667E+01  2.80212E-14  1.00000E+02
  4.0654166667E+01  4.0658333333E+01  0.00000E+00  0.00000E+00
  4.0658333333E+01  4.0662500000E+01  0.00000E+00  0.00000E+00
  4.0662500000E+01  4.0666666667E+01  0.00000E+00  0.00000E+00
  4.0666666667E+01  4.0670833333E+01  0.00000E+00  0.00000E+00
  4.0670833333E+01  4.0675000000E+01  0.00000E+00  0.00000E+00
  4.0675000000E+01  4.0679166667E+01  0.00000E+00  0.00000E+00
  4.0679166667E+01  4.0683333333E+01  0.00000E+00  0.00000E+00
  4.0683333333E+01  4.0687500000E+01  0.00000E+00  0.00000E+00
  4.0687500000E+01  4.0691666667E+01  0.00000E+00  0.00000E+00
  4.0691666667E+01  4.0695833333E+01  0.00000E+00  0.00000E+00
  4.0695833333E+01  4.0700000000E+01  0.00000E+00  0.00000E+00
  4.0700000000E+01  4.0704166667E+01  0.00000E+00  0.00000E+00
  4.0704166667E+01  4.0708333333E+01  0.00000E+00  0.00000E+00
  4.0708333333E+01  4.0712500000E+01  0.00000E+00  0.00000E+00
  4.0712500000E+01  4.0716666667E+01  0.00000E+00  0.00000E+00
  4.0716666667E+01  4.0720833333E+01  0.00000E+00  0.00000E+00
  4.0720833333E+01  4.0725000000E+01  7.06966E-14  1.00000E+02
  4.0725000000E+01  4.0729166667E+01  0.00000E+00  0.00000E+00
  4.0729166667E+01  4.0733333333E+01  0.00000E+00  0.00000E+00
  4.0733333333E+01  4.0737500000E+01  0.00000E+00  0.00000E+00
  4.0737500000E+01  4.0741666667E+01  0.00000E+00  0.00000E+00
  4.0741666667E+01  4.0745833333E+01  0.00000E+00  0.00000E+00
  4.0745833333E+01  4.0750000000E+01  0.00000E+00  0.00000E+00
  4.0750000000E+01  4.0754166667E+01  0.00000E+00  0.00000E+00
  4.0754166667E+01  4.0758333333E+01  0.00000E+00  0.00000E+00
  4.0758333333E+01  4.0762500000E+01  0.00000E+00  0.00000E+00
  4.0762500000E+01  4.0766666667E+01  0.00000E+00  0.00000E+00
  4.0766666667E+01  4.0770833333E+01  0.00000E+00  0.00000E+00
  4.0770833333E+01  4.0775000000E+01  0.00000E+00  0.00000E+00
  4.0775000000E+01  4.0779166667E+01  0.00000E+00  0.00000E+00
  4.0779166667E+01  4.0783333333E+01  0.00000E+00  0.00000E+00
  4.0783333333E+01  4.0787500000E+01  0.00000E+00  0.00000E+00
  4.0787500000E+01  4.0791666667E+01  0.00000E+00  0.00000E+00
  4.0791666667E+01  4.0795833333E+01  0.00000E+00  0.00000E+00
  4.0795833333E+01  4.0800000000E+01  0.00000E+00  0.00000E+00
  4.0800000000E+01  4.0804166667E+01  0.00000E+00  0.00000E+00
  4.0804166667E+01  4.0808333333E+01  0.00000E+00  0.00000E+00
  4.0808333333E+01  4.0812500000E+01  0.00000E+00  0.00000E+00
  4.0812500000E+01  4.0816666667E+01  0.00000E+00  0.00000E+00
  4.0816666667E+01  4.0820833333E+01  0.00000E+00  0.00000E+00
  4.0820833333E+01  4.0825000000E+01  0.00000E+00  0.00000E+00
  4.0825000000E+01  4.0829166667E+01  0.00000E+00  0.00000E+00
  4.0829166667E+01  4.0833333333E+01  0.00000E+00  0.00000E+00
  4.0833333333E+01  4.0837500000E+01  2.75883E-11  1.00000E+02
  4.0837500000E+01  4.0841666667E+01  0.00000E+00  0.00000E+00
  4.0841666667E+01  4.0845833333E+01  0.00000E+00  0.00000E+00
  4.0845833333E+01  4.0850000000E+01  0.00000E+00  0.00000E+00
  4.0850000000E+01  4.0854166667E+01  0.00000E+00  0.00000E+00
  4.0854166667E+01  4.0858333333E+01  0.00000E+00  0.00000E+00
  4.0858333333E+01  4.0862500000E+01  0.00000E+00  0.00000E+00
  4.0862500000E+01  4.0866666667E+01  0.00000E+00  0.00000E+00
  4.0866666667E+01  4.0870833333E+01  0.00000E+00  0.00000E+00
  4.0870833333E+01  4.0875000000E+01  2.20845E-06  1.00000E+02
  4.0875000000E+01  4.0879166667E+01  0.00000E+00  0.00000E+00
  4.0879166667E+01  4.0883333333E+01  0.00000E+00  0.00000E+00
  4.0883333333E+01  4.0887500000E+01  0.00000E+00  0.00000E+00
  4.0887500000E+01  4.0891666667E+01  0.00000E+00  0.00000E+00
  4.0891666667E+01  4.0895833333E+01  0.00000E+00  0.00000E+00
  4.0895833333E+01  4.0900000000E+01  0.00000E+00  0.00000E+00
  4.0900000000E+01  4.0904166667E+01  0.00000E+00  0.00000E+00
  4.0904166667E+01  4.0908333333E+01  0.00000E+00  0.00000E+00
  4.0908333333E+01  4.0912500000E+01  0.00000E+00  0.00000E+00
  4.0912500000E+01  4.0916666667E+01  0.00000E+00  0.00000E+00
  4.0916666667E+01  4.0920833333E+01  3.45208E-08  1.00000E+02
  4.0920833333E+01  4.0925000000E+01  0.00000E+00  0.00000E+00
  4.0925000000E+01  4.0929166667E+01  0.00000E+00  0.00000E+00
  4.0929166667E+01  4.0933333333E+01  0.00000E+00  0.00000E+00
  4.0933333333E+01  4.0937500000E+01  0.00000E+00  0.00000E+00
  4.0937500000E+01  4.0941666667E+01  0.00000E+00  0.00000E+00
  4.0941666667E+01  4.0945833333E+01  0.00000E+00  0.00000E+00
  4.0945833333E+01  4.0950000000E+01  0.00000E+00  0.00000E+00
  4.0950000000E+01  4.0954166667E+01  0.00000E+00  0.00000E+00
  4.0954166667E+01  4.0958333333E+01  0.00000E+00  0.00000E+00
  4.0958333333E+01  4.0962500000E+01  0.00000E+00  0.00000E+00
  4.0962500000E+01  4.0966666667E+01  0.00000E+00  0.00000E+00
  4.0966666667E+01  4.0970833333E+01  0.00000E+00  0.00000E+00
  4.0970833333E+01  4.0975000000E+01  0.00000E+00  0.00000E+00
  4.0975000000E+01  4.0979166667E+01  2.37430E-14  1.00000E+02
  4.0979166667E+01  4.0983333333E+01  0.00000E+00  0.00000E+00
  4.0983333333E+01  4.0987500000E+01  0.00000E+00  0.00000E+00
  4.0987500000E+01  4.0991666667E+01  1.49857E-14  1.00000E+02
  4.0991666667E+01  4.0995833333E+01  0.00000E+00  0.00000E+00
  4.0995833333E+01  4.1000000000E+01  0.00000E+00  0.00000E+00
  4.1000000000E+01  4.1004166667E+01  0.00000E+00  0.00000E+00
  4.1004166667E+01  4.1008333333E+01  9.62382E-08  1.00000E+02
  4.1008333333E+01  4.1012500000E+01  1.26084E-06  1.00000E+02
  4.1012500000E+01  4.1016666667E+01  3.09994E-07  1.00000E+02
  4.1016666667E+01  4.1020833333E+01  0.00000E+00  0.00000E+00
  4.1020833333E+01  4.1025000000E+01  0.00000E+00  0.00000E+00
  4.1025000000E+01  4.1029166667E+01  0.00000E+00  0.00000E+00
  4.1029166667E+01  4.1033333333E+01  0.00000E+00  0.00000E+00
  4.1033333333E+01  4.1037500000E+01  0.00000E+00  0.00000E+00
  4.1037500000E+01  4.1041666667E+01  0.00000E+00  0.00000E+00
  4.1041666667E+01  4.1045833333E+01  0.00000E+00  0.00000E+00
  4.1045833333E+01  4.1050000000E+01  0.00000E+00  0.00000E+00
  4.1050000000E+01  4.1054166667E+01  0.00000E+00  0.00000E+00
  4.1054166667E+01  4.1058333333E+01  0.00000E+00  0.00000E+00
  4.1058333333E+01  4.1062500000E+01  0.00000E+00  0.00000E+00
  4.1062500000E+01  4.1066666667E+01  0.00000E+00  0.00000E+00
  4.1066666667E+01  4.1070833333E+01  0.00000E+00  0.00000E+00
  4.1070833333E+01  4.1075000000E+01  0.00000E+00  0.00000E+00
  4.1075000000E+01  4.1079166667E+01  0.00000E+00  0.00000E+00
  4.1079166667E+01  4.1083333333E+01  2.37430E-14  1.00000E+02
  4.1083333333E+01  4.1087500000E+01  0.00000E+00  0.00000E+00
  4.1087500000E+01  4.1091666667E+01  0.00000E+00  0.00000E+00
  4.1091666667E+01  4.1095833333E+01  0.00000E+00  0.00000E+00
  4.1095833333E+01  4.1100000000E+01  0.00000E+00  0.00000E+00
  4.1100000000E+01  4.1104166667E+01  0.00000E+00  0.00000E+00
  4.1104166667E+01  4.1108333333E+01  0.00000E+00  0.00000E+00
  4.1108333333E+01  4.1112500000E+01  0.00000E+00  0.00000E+00
  4.1112500000E+01  4.1116666667E+01  0.00000E+00  0.00000E+00
  4.1116666667E+01  4.1120833333E+01  0.00000E+00  0.00000E+00
  4.1120833333E+01  4.1125000000E+01  0.00000E+00  0.00000E+00
  4.1125000000E+01  4.1129166667E+01  0.00000E+00  0.00000E+00
  4.1129166667E+01  4.1133333333E+01  0.00000E+00  0.00000E+00
  4.1133333333E+01  4.1137500000E+01  0.00000E+00  0.00000E+00
  4.1137500000E+01  4.1141666667E+01  0.00000E+00  0.00000E+00
  4.1141666667E+01  4.1145833333E+01  0.00000E+00  0.00000E+00
  4.1145833333E+01  4.1150000000E+01  0.00000E+00  0.00000E+00
  4.1150000000E+01  4.1154166667E+01  0.00000E+00  0.00000E+00
  4.1154166667E+01  4.1158333333E+01  0.00000E+00  0.00000E+00
  4.1158333333E+01  4.1162500000E+01  0.00000E+00  0.00000E+00
  4.1162500000E+01  4.1166666667E+01  0.00000E+00  0.00000E+00
  4.1166666667E+01  4.1170833333E+01  0.00000E+00  0.00000E+00
  4.1170833333E+01  4.1175000000E+01  1.74621E-09  1.00000E+02
  4.1175000000E+01  4.1179166667E+01  0.00000E+00  0.00000E+00
  4.1179166667E+01  4.1183333333E+01  0.00000E+00  0.00000E+00
  4.1183333333E+01  4.1187500000E+01  0.00000E+00  0.00000E+00
  4.1187500000E+01  4.1191666667E+01  0.00000E+00  0.00000E+00
  4.1191666667E+01  4.1195833333E+01  0.00000E+00  0.00000E+00
  4.1195833333E+01  4.1200000000E+01  0.00000E+00  0.00000E+00
  4.1200000000E+01  4.1204166667E+01  0.00000E+00  0.00000E+00
  4.1204166667E+01  4.1208333333E+01  0.00000E+00  0.00000E+00
  4.1208333333E+01  4.1212500000E+01  0.00000E+00  0.00000E+00
  4.1212500000E+01  4.1216666667E+01  0.00000E+00  0.00000E+00
  4.1216666667E+01  4.1220833333E+01  0.00000E+00  0.00000E+00
  4.1220833333E+01  4.1225000000E+01  0.00000E+00  0.00000E+00
  4.1225000000E+01  4.1229166667E+01  0.00000E+00  0.00000E+00
  4.1229166667E+01  4.1233333333E+01  0.00000E+00  0.00000E+00
  4.1233333333E+01  4.1237500000E+01  0.00000E+00  0.00000E+00
  4.1237500000E+01  4.1241666667E+01  0.00000E+00  0.00000E+00
  4.1241666667E+01  4.1245833333E+01  0.00000E+00  0.00000E+00
  4.1245833333E+01  4.1250000000E+01  0.00000E+00  0.00000E+00
  4.1250000000E+01  4.1254166667E+01  0.00000E+00  0.00000E+00
  4.1254166667E+01  4.1258333333E+01  0.00000E+00  0.00000E+00
  4.1258333333E+01  4.1262500000E+01  0.00000E+00  0.00000E+00
  4.1262500000E+01  4.1266666667E+01  0.00000E+00  0.00000E+00
  4.1266666667E+01  4.1270833333E+01  0.00000E+00  0.00000E+00
  4.1270833333E+01  4.1275000000E+01  0.00000E+00  0.00000E+00
  4.1275000000E+01  4.1279166667E+01  0.00000E+00  0.00000E+00
  4.1279166667E+01  4.1283333333E+01  0.00000E+00  0.00000E+00
  4.1283333333E+01  4.1287500000E+01  0.00000E+00  0.00000E+00
  4.1287500000E+01  4.1291666667E+01  0.00000E+00  0.00000E+00
  4.1291666667E+01  4.1295833333E+01  0.00000E+00  0.00000E+00
  4.1295833333E+01  4.1300000000E+01  0.00000E+00  0.00000E+00
  4.1300000000E+01  4.1304166667E+01  0.00000E+00  0.00000E+00
  4.1304166667E+01  4.1308333333E+01  0.00000E+00  0.00000E+00
  4.1308333333E+01  4.1312500000E+01  0.00000E+00  0.00000E+00
  4.1312500000E+01  4.1316666667E+01  0.00000E+00  0.00000E+00
  4.1316666667E+01  4.1320833333E+01  0.00000E+00  0.00000E+00
  4.1320833333E+01  4.1325000000E+01  0.00000E+00  0.00000E+00
  4.1325000000E+01  4.1329166667E+01  1.99446E-14  1.00000E+02
  4.1329166667E+01  4.1333333333E+01  0.00000E+00  0.00000E+00
  4.1333333333E+01  4.1337500000E+01  0.00000E+00  0.00000E+00
  4.1337500000E+01  4.1341666667E+01  0.00000E+00  0.00000E+00
  4.1341666667E+01  4.1345833333E+01  1.21489E-07  1.00000E+02
  4.1345833333E+01  4.1350000000E+01  0.00000E+00  0.00000E+00
  4.1350000000E+01  4.1354166667E+01  0.00000E+00  0.00000E+00
  4.1354166667E+01  4.1358333333E+01  0.00000E+00  0.00000E+00
  4.1358333333E+01  4.1362500000E+01  5.78783E-14  1.00000E+02
  4.1362500000E+01  4.1366666667E+01  9.29460E-15  1.00000E+02
  4.1366666667E+01  4.1370833333E+01  0.00000E+00  0.00000E+00
  4.1370833333E+01  4.1375000000E+01  0.00000E+00  0.00000E+00
  4.1375000000E+01  4.1379166667E+01  0.00000E+00  0.00000E+00
  4.1379166667E+01  4.1383333333E+01  0.00000E+00  0.00000E+00
  4.1383333333E+01  4.1387500000E+01  0.00000E+00  0.00000E+00
  4.1387500000E+01  4.1391666667E+01  0.00000E+00  0.00000E+00
  4.1391666667E+01  4.1395833333E+01  0.00000E+00  0.00000E+00
  4.1395833333E+01  4.1400000000E+01  0.00000E+00  0.00000E+00
  4.1400000000E+01  4.1404166667E+01  0.00000E+00  0.00000E+00
  4.1404166667E+01  4.1408333333E+01  0.00000E+00  0.00000E+00
  4.1408333333E+01  4.1412500000E+01  0.00000E+00  0.00000E+00
  4.1412500000E+01  4.1416666667E+01  0.00000E+00  0.00000E+00
  4.1416666667E+01  4.1420833333E+01  0.00000E+00  0.00000E+00
  4.1420833333E+01  4.1425000000E+01  0.00000E+00  0.00000E+00
  4.1425000000E+01  4.1429166667E+01  0.00000E+00  0.00000E+00
  4.1429166667E+01  4.1433333333E+01  0.00000E+00  0.00000E+00
  4.1433333333E+01  4.1437500000E+01  0.00000E+00  0.00000E+00
  4.1437500000E+01  4.1441666667E+01  0.00000E+00  0.00000E+00
  4.1441666667E+01  4.1445833333E+01  0.00000E+00  0.00000E+00
  4.1445833333E+01  4.1450000000E+01  6.45601E-14  1.00000E+02
  4.1450000000E+01  4.1454166667E+01  0.00000E+00  0.00000E+00
  4.1454166667E+01  4.1458333333E+01  0.00000E+00  0.00000E+00
  4.1458333333E+01  4.1462500000E+01  0.00000E+00  0.00000E+00
  4.1462500000E+01  4.1466666667E+01  0.00000E+00  0.00000E+00
  4.1466666667E+01  4.1470833333E+01  0.00000E+00  0.00000E+00
  4.1470833333E+01  4.1475000000E+01  0.00000E+00  0.00000E+00
  4.1475000000E+01  4.1479166667E+01  0.00000E+00  0.00000E+00
  4.1479166667E+01  4.1483333333E+01  0.00000E+00  0.00000E+00
  4.1483333333E+01  4.1487500000E+01  0.00000E+00  0.00000E+00
  4.1487500000E+01  4.1491666667E+01  0.00000E+00  0.00000E+00
  4.1491666667E+01  4.1495833333E+01  0.00000E+00  0.00000E+00
  4.1495833333E+01  4.1500000000E+01  0.00000E+00  0.00000E+00
  4.1500000000E+01  4.1500000000E+01  0.00000E+00  0.00000E+00