# Detector n: 1D Projection
  3.6500000000E+01  3.6504166667E+01  4.37389E-03  7.40439E-01
  3.6504166667E+01  3.6508333333E+01  4.37683E-03  8.90375E-01
  3.6508333333E+01  3.6512500000E+01  4.36111E-03  6.56851E-01
  3.6512500000E+01  3.6516666667E+01  4.37951E-03  7.92593E-01
  3.6516666667E+01  3.6520833333E+01  4.36407E-03  6.56173E-01
  3.6520833333E+01  3.6525000000E+01  4.37005E-03  9.98109E-01
  3.6525000000E+01  3.6529166667E+01  4.33023E-03  4.76706E-01
  3.6529166667E+01  3.6533333333E+01  4.36009E-03  6.57423E-01
  3.6533333333E+01  3.6537500000E+01  4.36091E-03  5.97722E-01
  3.6537500000E+01  3.6541666667E+01  4.38859E-03  6.99921E-01
  3.6541666667E+01  3.6545833333E+01  4.36414E-03  6.18598E-01
  3.6545833333E+01  3.6550000000E+01  4.44418E-03  1.01931E+00
  3.6550000000E+01  3.6554166667E+01  4.35739E-03  5.15910E-01
  3.6554166667E+01  3.6558333333E+01  4.41109E-03  9.61325E-01
  3.6558333333E+01  3.6562500000E+01  4.38445E-03  6.52209E-01
  3.6562500000E+01  3.6566666667E+01  4.40646E-03  8.44448E-01
  3.6566666667E+01  3.6570833333E+01  4.41810E-03  8.39033E-01
  3.6570833333E+01  3.6575000000E+01  4.42085E-03  8.56592E-01
  3.6575000000E+01  3.6579166667E+01  4.43389E-03  8.23185E-01
  3.6579166667E+01  3.6583333333E+01  4.39432E-03  7.16368E-01
  3.6583333333E+01  3.6587500000E+01  4.40825E-03  6.66623E-01
  3.6587500000E+01  3.6591666667E+01  4.41349E-03  5.46576E-01
  3.6591666667E+01  3.6595833333E+01  4.40680E-03  5.43040E-01
  3.6595833333E+01  3.6600000000E+01  4.47257E-03  9.21060E-01
  3.6600000000E+01  3.6604166667E+01  4.44493E-03  7.35798E-01
  3.6604166667E+01  3.6608333333E+01  4.45466E-03  6.81707E-01
  3.6608333333E+01  3.6612500000E+01  4.46118E-03  8.46985E-01
  3.6612500000E+01  3.6616666667E+01  4.49392E-03  9.41888E-01
  3.6616666667E+01  3.6620833333E+01  4.45257E-03  7.51331E-01
  3.6620833333E+01  3.6625000000E+01  4.45503E-03  8.75657E-01
  3.6625000000E+01  3.6629166667E+01  4.40088E-03  4.84087E-01
  3.6629166667E+01  3.6633333333E+01  4.41696E-03  5.76558E-01
  3.6633333333E+01  3.6637500000E+01  4.51518E-03  1.03203E+00
  3.6637500000E+01  3.6641666667E+01  4.47368E-03  8.11377E-01
  3.6641666667E+01  3.6645833333E+01  4.43829E-03  6.05849E-01
  3.6645833333E+01  3.6650000000E+01  4.49887E-03  8.73097E-01
  3.6650000000E+01  3.6654166667E+01  4.49370E-03  8.62344E-01
  3.6654166667E+01  3.6658333333E+01  4.51845E-03  8.74866E-01
  3.6658333333E+01  3.6662500000E+01  4.47316E-03  5.47561E-01
  3.6662500000E+01  3.6666666667E+01  4.48866E-03  7.24063E-01
  3.6666666667E+01  3.6670833333E+01  4.53652E-03  1.12540E+00
  3.6670833333E+01  3.6675000000E+01  4.47908E-03  7.90094E-01
  3.6675000000E+01  3.6679166667E+01  4.44396E-03  5.29991E-01
  3.6679166667E+01  3.6683333333E+01  4.45800E-03  5.91852E-01
  3.6683333333E+01  3.6687500000E+01  4.51370E-03  1.06159E+00
  3.6687500000E+01  3.6691666667E+01  4.48932E-03  7.87865E-01
  3.6691666667E+01  3.6695833333E+01  4.52254E-03  1.05840E+00
  3.6695833333E+01  3.6700000000E+01  4.51116E-03  7.96467E-01
  3.6700000000E+01  3.6704166667E+01  4.46483E-03  5.89048E-01
  3.6704166667E+01  3.6708333333E+01  4.48276E-03  7.40192E-01
  3.6708333333E+01  3.6712500000E+01  4.49739E-03  8.48859E-01
  3.6712500000E+01  3.6716666667E+01  4.42631E-03  4.54837E-01
  3.6716666667E+01  3.6720833333E+01  4.45798E-03  5.86112E-01
  3.6720833333E+01  3.6725000000E+01  4.53344E-03  1.01425E+00
  3.6725000000E+01  3.6729166667E+01  4.47309E-03  6.34071E-01
  3.6729166667E+01  3.6733333333E+01  4.46396E-03  6.05106E-01
  3.6733333333E+01  3.6737500000E+01  4.45382E-03  5.84013E-01
  3.6737500000E+01  3.6741666667E+01  4.46051E-03  5.90178E-01
  3.6741666667E+01  3.6745833333E+01  4.49576E-03  7.40660E-01
  3.6745833333E+01  3.6750000000E+01  4.49479E-03  6.65041E-01
  3.6750000000E+01  3.6754166667E+01  4.50396E-03  5.54815E-01
  3.6754166667E+01  3.6758333333E+01  4.61832E-03  1.00145E+00
  3.6758333333E+01  3.6762500000E+01  4.55526E-03  6.31506E-01
  3.6762500000E+01  3.6766666667E+01  4.58226E-03  8.07670E-01
  3.6766666667E+01  3.6770833333E+01  4.55796E-03  6.78803E-01
  3.6770833333E+01  3.6775000000E+01  4.54630E-03  7.02604E-01
  3.6775000000E+01  3.6779166667E+01  4.57903E-03  7.01813E-01
  3.6779166667E+01  3.6783333333E+01  4.57607E-03  7.57889E-01
  3.6783333333E+01  3.6787500000E+01  4.57036E-03  6.30792E-01
  3.6787500000E+01  3.6791666667E+01  4.55464E-03  6.36733E-01
  3.6791666667E+01  3.6795833333E+01  4.53753E-03  6.39080E-01
  3.6795833333E+01  3.6800000000E+01  4.53597E-03  5.86982E-01
  3.6800000000E+01  3.6804166667E+01  4.53178E-03  6.39970E-01
  3.6804166667E+01  3.6808333333E+01  4.56203E-03  7.87737E-01
  3.6808333333E+01  3.6812500000E+01  4.61031E-03  8.93713E-01
  3.6812500000E+01  3.6816666667E+01  4.56899E-03  8.09595E-01
  3.6816666667E+01  3.6820833333E+01  4.55219E-03  7.37990E-01
  3.6820833333E+01  3.6825000000E+01  4.57139E-03  7.54345E-01
  3.6825000000E+01  3.6829166667E+01  4.60538E-03  9.84524E-01
  3.6829166667E+01  3.6833333333E+01  4.55705E-03  7.72303E-01
  3.6833333333E+01  3.6837500000E+01  4.58436E-03  7.17717E-01
  3.6837500000E+01  3.6841666667E+01  4.53898E-03  4.92724E-01
  3.6841666667E+01  3.6845833333E+01  4.56763E-03  7.02748E-01
  3.6845833333E+01  3.6850000000E+01  4.55080E-03  6.86983E-01
  3.6850000000E+01  3.6854166667E+01  4.59072E-03  1.20454E+00
  3.6854166667E+01  3.6858333333E+01  4.58998E-03  8.22947E-01
  3.6858333333E+01  3.6862500000E+01  4.58316E-03  7.51127E-01
  3.6862500000E+01  3.6866666667E+01  4.63357E-03  1.10725E+00
  3.6866666667E+01  3.6870833333E+01  4.57045E-03  6.03259E-01
  3.6870833333E+01  3.6875000000E+01  4.64042E-03  9.03956E-01
  3.6875000000E+01  3.6879166667E+01  4.56704E-03  6.35899E-01
  3.6879166667E+01  3.6883333333E+01  4.54289E-03  6.10741E-01
  3.6883333333E+01  3.6887500000E+01  4.55939E-03  6.14336E-01
  3.6887500000E+01  3.6891666667E+01  4.55822E-03  6.38195E-01
  3.6891666667E+01  3.6895833333E+01  4.57747E-03  7.84979E-01
  3.6895833333E+01  3.6900000000E+01  4.55195E-03  5.50083E-01
  3.6900000000E+01  3.6904166667E+01  4.52841E-03  4.74229E-01
  3.6904166667E+01  3.6908333333E+01  4.58004E-03  7.52148E-01
  3.6908333333E+01  3.6912500000E+01  4.64934E-03  1.03467E+00
  3.6912500000E+01  3.6916666667E+01  4.61304E-03  9.91350E-01
  3.6916666667E+01  3.6920833333E+01  4.60618E-03  7.13695E-01
  3.6920833333E+01  3.6925000000E+01  4.55773E-03  5.85183E-01
  3.6925000000E+01  3.6929166667E+01  4.60659E-03  7.23627E-01
  3.6929166667E+01  3.6933333333E+01  4.60191E-03  6.15542E-01
  3.6933333333E+01  3.6937500000E+01  4.56900E-03  5.46301E-01
  3.6937500000E+01  3.6941666667E+01  4.58204E-03  6.07137E-01
  3.6941666667E+01  3.6945833333E+01  4.62234E-03  9.32263E-01
  3.6945833333E+01  3.6950000000E+01  4.55832E-03  5.58746E-01
  3.6950000000E+01  3.6954166667E+01  4.56971E-03  6.07032E-01
  3.6954166667E+01  3.6958333333E+01  4.63023E-03  9.61154E-01
  3.6958333333E+01  3.6962500000E+01  4.56844E-03  5.14486E-01
  3.6962500000E+01  3.6966666667E+01  4.59258E-03  6.43689E-01
  3.6966666667E+01  3.6970833333E+01  4.57894E-03  6.82651E-01
  3.6970833333E+01  3.6975000000E+01  4.54701E-03  5.22157E-01
  3.6975000000E+01  3.6979166667E+01  4.61713E-03  7.87198E-01
  3.6979166667E+01  3.6983333333E+01  4.59213E-03  7.49416E-01
  3.6983333333E+01  3.6987500000E+01  4.59936E-03  7.68059E-01
  3.6987500000E+01  3.6991666667E+01  4.57119E-03  6.72924E-01
  3.6991666667E+01  3.6995833333E+01  4.60680E-03  7.58938E-01
  3.6995833333E+01  3.7000000000E+01  4.55964E-03  5.11429E-01
  3.7000000000E+01  3.7004166667E+01  4.59672E-03  8.81204E-01
  3.7004166667E+01  3.7008333333E+01  4.67935E-03  1.21096E+00
  3.7008333333E+01  3.7012500000E+01  4.57828E-03  6.00966E-01
  3.7012500000E+01  3.7016666667E+01  4.56996E-03  5.57670E-01
  3.7016666667E+01  3.7020833333E+01  4.57934E-03  5.41443E-01
  3.7020833333E+01  3.7025000000E+01  4.58897E-03  5.80733E-01
  3.7025000000E+01  3.7029166667E+01  4.59114E-03  5.95805E-01
  3.7029166667E+01  3.7033333333E+01  4.57188E-03  5.67622E-01
  3.7033333333E+01  3.7037500000E+01  4.61691E-03  8.30961E-01
  3.7037500000E+01  3.7041666667E+01  4.59720E-03  6.13197E-01
  3.7041666667E+01  3.7045833333E+01  4.59473E-03  6.48708E-01
  3.7045833333E+01  3.7050000000E+01  4.59863E-03  6.20983E-01
  3.7050000000E+01  3.7054166667E+01  4.62492E-03  8.11262E-01
  3.7054166667E+01  3.7058333333E+01  4.59379E-03  5.67895E-01
  3.7058333333E+01  3.7062500000E+01  4.56267E-03  4.36365E-01
  3.7062500000E+01  3.7066666667E+01  4.66590E-03  8.10018E-01
  3.7066666667E+01  3.7070833333E+01  4.62494E-03  6.65211E-01
  3.7070833333E+01  3.7075000000E+01  4.68040E-03  8.42101E-01
  3.7075000000E+01  3.7079166667E+01  4.68109E-03  6.58514E-01
  3.7079166667E+01  3.7083333333E+01  4.68673E-03  8.32101E-01
  3.7083333333E+01  3.7087500000E+01  4.66465E-03  6.29965E-01
  3.7087500000E+01  3.7091666667E+01  4.67713E-03  8.99738E-01
  3.7091666667E+01  3.7095833333E+01  4.66945E-03  6.45519E-01
  3.7095833333E+01  3.7100000000E+01  4.71139E-03  1.01619E+00
  3.7100000000E+01  3.7104166667E+01  4.72815E-03  8.36087E-01
  3.7104166667E+01  3.7108333333E+01  4.67623E-03  6.12895E-01
  3.7108333333E+01  3.7112500000E+01  4.70781E-03  6.87785E-01
  3.7112500000E+01  3.7116666667E+01  4.67104E-03  5.11322E-01
  3.7116666667E+01  3.7120833333E+01  4.75363E-03  8.92719E-01
  3.7120833333E+01  3.7125000000E+01  4.73229E-03  8.98094E-01
  3.7125000000E+01  3.7129166667E+01  4.73808E-03  8.80491E-01
  3.7129166667E+01  3.7133333333E+01  4.70112E-03  7.56692E-01
  3.7133333333E+01  3.7137500000E+01  4.68442E-03  5.83572E-01
  3.7137500000E+01  3.7141666667E+01  4.65166E-03  4.59064E-01
  3.7141666667E+01  3.7145833333E+01  4.64855E-03  4.80309E-01
  3.7145833333E+01  3.7150000000E+01  4.70568E-03  7.72367E-01
  3.7150000000E+01  3.7154166667E+01  4.69254E-03  7.24257E-01
  3.7154166667E+01  3.7158333333E+01  4.66424E-03  5.05725E-01
  3.7158333333E+01  3.7162500000E+01  4.68621E-03  6.47765E-01
  3.7162500000E+01  3.7166666667E+01  4.70307E-03  7.31966E-01
  3.7166666667E+01  3.7170833333E+01  4.68816E-03  5.99539E-01
  3.7170833333E+01  3.7175000000E+01  4.73510E-03  8.08226E-01
  3.7175000000E+01  3.7179166667E+01  4.65880E-03  4.69505E-01
  3.7179166667E+01  3.7183333333E+01  4.69084E-03  5.94116E-01
  3.7183333333E+01  3.7187500000E+01  4.69257E-03  6.44337E-01
  3.7187500000E+01  3.7191666667E+01  4.68412E-03  6.56433E-01
  3.7191666667E+01  3.7195833333E+01  4.70725E-03  7.71632E-01
  3.7195833333E+01  3.7200000000E+01  4.70682E-03  5.84443E-01
  3.7200000000E+01  3.7204166667E+01  4.73156E-03  8.35089E-01
  3.7204166667E+01  3.7208333333E+01  4.71488E-03  6.51157E-01
  3.7208333333E+01  3.7212500000E+01  4.74445E-03  9.91100E-01
  3.7212500000E+01  3.7216666667E+01  4.78651E-03  1.02726E+00
  3.7216666667E+01  3.7220833333E+01  4.75809E-03  8.01816E-01
  3.7220833333E+01  3.7225000000E+01  4.71708E-03  6.31767E-01
  3.7225000000E+01  3.7229166667E+01  4.71488E-03  9.24370E-01
  3.7229166667E+01  3.7233333333E+01  4.69073E-03  5.79832E-01
  3.7233333333E+01  3.7237500000E+01  4.66964E-03  4.52462E-01
  3.7237500000E+01  3.7241666667E+01  4.67871E-03  5.07766E-01
  3.7241666667E+01  3.7245833333E+01  4.72484E-03  6.10601E-01
  3.7245833333E+01  3.7250000000E+01  4.72980E-03  6.92038E-01
  3.7250000000E+01  3.7254166667E+01  4.74288E-03  6.54501E-01
  3.7254166667E+01  3.7258333333E+01  4.71219E-03  4.87264E-01
  3.7258333333E+01  3.7262500000E+01  4.70975E-03  5.63384E-01
  3.7262500000E+01  3.7266666667E+01  4.76184E-03  7.21637E-01
  3.7266666667E+01  3.7270833333E+01  4.74544E-03  6.58668E-01
  3.7270833333E+01  3.7275000000E+01  4.70801E-03  4.58859E-01
  3.7275000000E+01  3.7279166667E+01  4.77233E-03  8.27519E-01
  3.7279166667E+01  3.7283333333E+01  4.73902E-03  5.07622E-01
  3.7283333333E+01  3.7287500000E+01  4.79435E-03  8.83128E-01
  3.7287500000E+01  3.7291666667E+01  4.79788E-03  8.93838E-01
  3.7291666667E+01  3.7295833333E+01  4.75661E-03  8.17726E-01
  3.7295833333E+01  3.7300000000E+01  4.75168E-03  6.93653E-01
  3.7300000000E+01  3.7304166667E+01  4.78146E-03  6.88621E-01
  3.7304166667E+01  3.7308333333E+01  4.76726E-03  8.42711E-01
  3.7308333333E+01  3.7312500000E+01  4.74514E-03  6.20557E-01
  3.7312500000E+01  3.7316666667E+01  4.72525E-03  5.16958E-01
  3.7316666667E+01  3.7320833333E+01  4.76378E-03  8.06979E-01
  3.7320833333E+01  3.7325000000E+01  4.77857E-03  8.24359E-01
  3.7325000000E+01  3.7329166667E+01  4.78774E-03  7.38781E-01
  3.7329166667E+01  3.7333333333E+01  4.75620E-03  6.42400E-01
  3.7333333333E+01  3.7337500000E+01  4.82846E-03  8.31644E-01
  3.7337500000E+01  3.7341666667E+01  4.79970E-03  7.27082E-01
  3.7341666667E+01  3.7345833333E+01  4.76940E-03  7.27369E-01
  3.7345833333E+01  3.7350000000E+01  4.80164E-03  8.54321E-01
  3.7350000000E+01  3.7354166667E+01  4.79326E-03  7.14836E-01
  3.7354166667E+01  3.7358333333E+01  4.82755E-03  7.24441E-01
  3.7358333333E+01  3.7362500000E+01  4.84488E-03  7.88742E-01
  3.7362500000E+01  3.7366666667E+01  4.82136E-03  7.38044E-01
  3.7366666667E+01  3.7370833333E+01  4.79350E-03  5.35979E-01
  3.7370833333E+01  3.7375000000E+01  4.78032E-03  5.30787E-01
  3.7375000000E+01  3.7379166667E+01  4.83063E-03  7.57746E-01
  3.7379166667E+01  3.7383333333E+01  4.79571E-03  6.64324E-01
  3.7383333333E+01  3.7387500000E+01  4.81227E-03  7.40930E-01
  3.7387500000E+01  3.7391666667E+01  4.80562E-03  8.06104E-01
  3.7391666667E+01  3.7395833333E+01  4.88376E-03  9.70085E-01
  3.7395833333E+01  3.7400000000E+01  4.92742E-03  1.11238E+00
  3.7400000000E+01  3.7404166667E+01  4.84537E-03  9.41176E-01
  3.7404166667E+01  3.7408333333E+01  4.77916E-03  5.21233E-01
  3.7408333333E+01  3.7412500000E+01  4.79403E-03  5.85825E-01
  3.7412500000E+01  3.7416666667E+01  4.81628E-03  6.83213E-01
  3.7416666667E+01  3.7420833333E+01  4.85636E-03  9.75603E-01
  3.7420833333E+01  3.7425000000E+01  4.85260E-03  7.36784E-01
  3.7425000000E+01  3.7429166667E+01  4.87303E-03  9.92621E-01
  3.7429166667E+01  3.7433333333E+01  4.83898E-03  6.82966E-01
  3.7433333333E+01  3.7437500000E+01  4.86788E-03  9.28255E-01
  3.7437500000E+01  3.7441666667E+01  4.84909E-03  7.64482E-01
  3.7441666667E+01  3.7445833333E+01  4.81369E-03  7.19829E-01
  3.7445833333E+01  3.7450000000E+01  4.83747E-03  7.60987E-01
  3.7450000000E+01  3.7454166667E+01  4.82871E-03  6.58045E-01
  3.7454166667E+01  3.7458333333E+01  4.81727E-03  5.68644E-01
  3.7458333333E+01  3.7462500000E+01  4.89462E-03  1.08691E+00
  3.7462500000E+01  3.7466666667E+01  4.84436E-03  5.73693E-01
  3.7466666667E+01  3.7470833333E+01  4.84435E-03  7.39624E-01
  3.7470833333E+01  3.7475000000E+01  4.85024E-03  6.27244E-01
  3.7475000000E+01  3.7479166667E+01  4.82534E-03  6.55839E-01
  3.7479166667E+01  3.7483333333E+01  4.78960E-03  4.53569E-01
  3.7483333333E+01  3.7487500000E+01  4.84178E-03  6.64560E-01
  3.7487500000E+01  3.7491666667E+01  4.84704E-03  6.75645E-01
  3.7491666667E+01  3.7495833333E+01  4.85566E-03  6.70237E-01
  3.7495833333E+01  3.7500000000E+01  4.83221E-03  5.80235E-01
  3.7500000000E+01  3.7504166667E+01  4.86285E-03  7.99533E-01
  3.7504166667E+01  3.7508333333E+01  4.82576E-03  5.44489E-01
  3.7508333333E+01  3.7512500000E+01  4.85822E-03  7.00575E-01
  3.7512500000E+01  3.7516666667E+01  4.83202E-03  5.43695E-01
  3.7516666667E+01  3.7520833333E+01  4.87064E-03  7.08088E-01
  3.7520833333E+01  3.7525000000E+01  4.87648E-03  6.75350E-01
  3.7525000000E+01  3.7529166667E+01  4.89727E-03  9.43111E-01
  3.7529166667E+01  3.7533333333E+01  4.84597E-03  6.80555E-01
  3.7533333333E+01  3.7537500000E+01  4.85554E-03  6.05763E-01
  3.7537500000E+01  3.7541666667E+01  4.85834E-03  6.21232E-01
  3.7541666667E+01  3.7545833333E+01  4.88066E-03  6.26823E-01
  3.7545833333E+01  3.7550000000E+01  4.87998E-03  6.70439E-01
  3.7550000000E+01  3.7554166667E+01  4.87000E-03  6.12965E-01
  3.7554166667E+01  3.7558333333E+01  4.86098E-03  5.60577E-01
  3.7558333333E+01  3.7562500000E+01  4.87688E-03  6.57833E-01
  3.7562500000E+01  3.7566666667E+01  4.87579E-03  6.56981E-01
  3.7566666667E+01  3.7570833333E+01  4.86649E-03  5.55537E-01
  3.7570833333E+01  3.7575000000E+01  4.89694E-03  6.73956E-01
  3.7575000000E+01  3.7579166667E+01  4.89900E-03  7.33742E-01
  3.7579166667E+01  3.7583333333E+01  4.91998E-03  7.86667E-01
  3.7583333333E+01  3.7587500000E+01  4.89207E-03  6.87904E-01
  3.7587500000E+01  3.7591666667E+01  4.94106E-03  8.63911E-01
  3.7591666667E+01  3.7595833333E+01  4.91761E-03  7.50469E-01
  3.7595833333E+01  3.7600000000E+01  4.91107E-03  6.02196E-01
  3.7600000000E+01  3.7604166667E+01  4.91632E-03  6.95816E-01
  3.7604166667E+01  3.7608333333E+01  4.90719E-03  5.75538E-01
  3.7608333333E+01  3.7612500000E+01  4.92449E-03  7.94980E-01
  3.7612500000E+01  3.7616666667E+01  4.93585E-03  7.00558E-01
  3.7616666667E+01  3.7620833333E+01  4.92173E-03  6.47143E-01
  3.7620833333E+01  3.7625000000E+01  4.93915E-03  8.44958E-01
  3.7625000000E+01  3.7629166667E+01  4.89669E-03  5.35699E-01
  3.7629166667E+01  3.7633333333E+01  4.88840E-03  4.85941E-01
  3.7633333333E+01  3.7637500000E+01  4.90242E-03  4.87652E-01
  3.7637500000E+01  3.7641666667E+01  4.91604E-03  5.64078E-01
  3.7641666667E+01  3.7645833333E+01  4.95729E-03  8.01188E-01
  3.7645833333E+01  3.7650000000E+01  4.91355E-03  6.15889E-01
  3.7650000000E+01  3.7654166667E+01  4.97440E-03  8.84637E-01
  3.7654166667E+01  3.7658333333E+01  4.92653E-03  5.64884E-01
  3.7658333333E+01  3.7662500000E+01  4.90082E-03  4.81878E-01
  3.7662500000E+01  3.7666666667E+01  4.96316E-03  7.45065E-01
  3.7666666667E+01  3.7670833333E+01  4.96286E-03  6.83818E-01
  3.7670833333E+01  3.7675000000E+01  4.99970E-03  8.79318E-01
  3.7675000000E+01  3.7679166667E+01  5.00296E-03  9.03703E-01
  3.7679166667E+01  3.7683333333E+01  4.97718E-03  6.45838E-01
  3.7683333333E+01  3.7687500000E+01  4.97870E-03  7.49564E-01
  3.7687500000E+01  3.7691666667E+01  4.94073E-03  4.98290E-01
  3.7691666667E+01  3.7695833333E+01  4.97706E-03  7.36635E-01
  3.7695833333E+01  3.7700000000E+01  4.95242E-03  5.14236E-01
  3.7700000000E+01  3.7704166667E+01  4.96789E-03  7.25892E-01
  3.7704166667E+01  3.7708333333E+01  4.99887E-03  7.30971E-01
  3.7708333333E+01  3.7712500000E+01  4.97456E-03  6.97228E-01
  3.7712500000E+01  3.7716666667E+01  4.97607E-03  6.73743E-01
  3.7716666667E+01  3.7720833333E+01  4.97488E-03  6.70192E-01
  3.7720833333E+01  3.7725000000E+01  5.02881E-03  7.78399E-01
  3.7725000000E+01  3.7729166667E+01  5.10359E-03  1.14488E+00
  3.7729166667E+01  3.7733333333E+01  5.02534E-03  7.53836E-01
  3.7733333333E+01  3.7737500000E+01  4.96728E-03  4.85662E-01
  3.7737500000E+01  3.7741666667E+01  4.95345E-03  4.59144E-01
  3.7741666667E+01  3.7745833333E+01  4.98323E-03  7.16308E-01
  3.7745833333E+01  3.7750000000E+01  5.04145E-03  8.49743E-01
  3.7750000000E+01  3.7754166667E+01  4.97671E-03  5.07413E-01
  3.7754166667E+01  3.7758333333E+01  4.98582E-03  6.16326E-01
  3.7758333333E+01  3.7762500000E+01  5.03199E-03  8.38054E-01
  3.7762500000E+01  3.7766666667E+01  5.02122E-03  7.44119E-01
  3.7766666667E+01  3.7770833333E+01  4.98541E-03  4.54455E-01
  3.7770833333E+01  3.7775000000E+01  4.98877E-03  8.10854E-01
  3.7775000000E+01  3.7779166667E+01  5.05053E-03  8.01894E-01
  3.7779166667E+01  3.7783333333E+01  5.01064E-03  6.75889E-01
  3.7783333333E+01  3.7787500000E+01  5.04070E-03  9.27473E-01
  3.7787500000E+01  3.7791666667E+01  4.98804E-03  4.98227E-01
  3.7791666667E+01  3.7795833333E+01  4.98602E-03  5.26456E-01
  3.7795833333E+01  3.7800000000E+01  5.02505E-03  7.69934E-01
  3.7800000000E+01  3.7804166667E+01  5.06032E-03  9.03937E-01
  3.7804166667E+01  3.7808333333E+01  5.05078E-03  8.53808E-01
  3.7808333333E+01  3.7812500000E+01  5.04139E-03  6.92399E-01
  3.7812500000E+01  3.7816666667E+01  4.99286E-03  4.95815E-01
  3.7816666667E+01  3.7820833333E+01  5.01109E-03  6.27229E-01
  3.7820833333E+01  3.7825000000E+01  5.07332E-03  9.24212E-01
  3.7825000000E+01  3.7829166667E+01  5.09985E-03  9.07951E-01
  3.7829166667E+01  3.7833333333E+01  5.04345E-03  6.82978E-01
  3.7833333333E+01  3.7837500000E+01  5.05069E-03  8.44234E-01
  3.7837500000E+01  3.7841666667E+01  5.02738E-03  6.43989E-01
  3.7841666667E+01  3.7845833333E+01  5.03058E-03  6.38398E-01
  3.7845833333E+01  3.7850000000E+01  5.04330E-03  6.09469E-01
  3.7850000000E+01  3.7854166667E+01  5.05695E-03  6.14353E-01
  3.7854166667E+01  3.7858333333E+01  5.05094E-03  6.18902E-01
  3.7858333333E+01  3.7862500000E+01  5.06242E-03  6.37621E-01
  3.7862500000E+01  3.7866666667E+01  5.11876E-03  9.19938E-01
  3.7866666667E+01  3.7870833333E+01  5.02977E-03  4.48729E-01
  3.7870833333E+01  3.7875000000E+01  5.08273E-03  6.90515E-01
  3.7875000000E+01  3.7879166667E+01  5.04002E-03  5.15912E-01
  3.7879166667E+01  3.7883333333E+01  5.08422E-03  6.50535E-01
  3.7883333333E+01  3.7887500000E+01  5.05701E-03  4.84793E-01
  3.7887500000E+01  3.7891666667E+01  5.07538E-03  8.12529E-01
  3.7891666667E+01  3.7895833333E+01  5.12457E-03  9.76754E-01
  3.7895833333E+01  3.7900000000E+01  5.02654E-03  4.47547E-01
  3.7900000000E+01  3.7904166667E+01  5.07741E-03  7.34563E-01
  3.7904166667E+01  3.7908333333E+01  5.09828E-03  8.00360E-01
  3.7908333333E+01  3.7912500000E+01  5.14429E-03  1.08121E+00
  3.7912500000E+01  3.7916666667E+01  5.09169E-03  6.69841E-01
  3.7916666667E+01  3.7920833333E+01  5.08191E-03  6.34459E-01
  3.7920833333E+01  3.7925000000E+01  5.06085E-03  5.30435E-01
  3.7925000000E+01  3.7929166667E+01  5.09622E-03  6.24695E-01
  3.7929166667E+01  3.7933333333E+01  5.13121E-03  8.20952E-01
  3.7933333333E+01  3.7937500000E+01  5.10316E-03  6.71540E-01
  3.7937500000E+01  3.7941666667E+01  5.09877E-03  6.15484E-01
  3.7941666667E+01  3.7945833333E+01  5.13863E-03  7.25924E-01
  3.7945833333E+01  3.7950000000E+01  5.10387E-03  5.90241E-01
  3.7950000000E+01  3.7954166667E+01  5.14056E-03  7.39222E-01
  3.7954166667E+01  3.7958333333E+01  5.11936E-03  5.46923E-01
  3.7958333333E+01  3.7962500000E+01  5.17480E-03  7.35067E-01
  3.7962500000E+01  3.7966666667E+01  5.16898E-03  7.37410E-01
  3.7966666667E+01  3.7970833333E+01  5.14534E-03  6.89552E-01
  3.7970833333E+01  3.7975000000E+01  5.11918E-03  4.73342E-01
  3.7975000000E+01  3.7979166667E+01  5.12171E-03  5.86259E-01
  3.7979166667E+01  3.7983333333E+01  5.13048E-03  5.67984E-01
  3.7983333333E+01  3.7987500000E+01  5.17626E-03  7.61506E-01
  3.7987500000E+01  3.7991666667E+01  5.17662E-03  7.22808E-01
  3.7991666667E+01  3.7995833333E+01  5.17096E-03  6.41247E-01
  3.7995833333E+01  3.8000000000E+01  5.17792E-03  7.57128E-01
  3.8000000000E+01  3.8004166667E+01  5.14882E-03  5.66722E-01
  3.8004166667E+01  3.8008333333E+01  5.14055E-03  5.59129E-01
  3.8008333333E+01  3.8012500000E+01  5.18135E-03  6.76000E-01
  3.8012500000E+01  3.8016666667E+01  5.19306E-03  8.17781E-01
  3.8016666667E+01  3.8020833333E+01  5.15064E-03  6.39782E-01
  3.8020833333E+01  3.8025000000E+01  5.15532E-03  6.22957E-01
  3.8025000000E+01  3.8029166667E+01  5.18835E-03  7.75854E-01
  3.8029166667E+01  3.8033333333E+01  5.13704E-03  5.36503E-01
  3.8033333333E+01  3.8037500000E+01  5.22224E-03  1.07585E+00
  3.8037500000E+01  3.8041666667E+01  5.18237E-03  6.88438E-01
  3.8041666667E+01  3.8045833333E+01  5.16838E-03  7.00326E-01
  3.8045833333E+01  3.8050000000E+01  5.16585E-03  6.23775E-01
  3.8050000000E+01  3.8054166667E+01  5.18956E-03  8.08051E-01
  3.8054166667E+01  3.8058333333E+01  5.14966E-03  5.46381E-01
  3.8058333333E+01  3.8062500000E+01  5.12938E-03  4.43487E-01
  3.8062500000E+01  3.8066666667E+01  5.18419E-03  7.69413E-01
  3.8066666667E+01  3.8070833333E+01  5.15507E-03  4.57078E-01
  3.8070833333E+01  3.8075000000E+01  5.18744E-03  5.91362E-01
  3.8075000000E+01  3.8079166667E+01  5.16521E-03  5.43748E-01
  3.8079166667E+01  3.8083333333E+01  5.15139E-03  4.17193E-01
  3.8083333333E+01  3.8087500000E+01  5.17375E-03  5.49134E-01
  3.8087500000E+01  3.8091666667E+01  5.19871E-03  5.52111E-01
  3.8091666667E+01  3.8095833333E+01  5.20578E-03  6.12194E-01
  3.8095833333E+01  3.8100000000E+01  5.19445E-03  5.16711E-01
  3.8100000000E+01  3.8104166667E+01  5.25968E-03  7.43384E-01
  3.8104166667E+01  3.8108333333E+01  5.20719E-03  5.04372E-01
  3.8108333333E+01  3.8112500000E+01  5.23495E-03  7.83905E-01
  3.8112500000E+01  3.8116666667E+01  5.24097E-03  7.55595E-01
  3.8116666667E+01  3.8120833333E+01  5.24551E-03  6.13664E-01
  3.8120833333E+01  3.8125000000E+01  5.24861E-03  6.70879E-01
  3.8125000000E+01  3.8129166667E+01  5.26349E-03  7.39257E-01
  3.8129166667E+01  3.8133333333E+01  5.32713E-03  9.73755E-01
  3.8133333333E+01  3.8137500000E+01  5.27012E-03  6.45198E-01
  3.8137500000E+01  3.8141666667E+01  5.24623E-03  7.51078E-01
  3.8141666667E+01  3.8145833333E+01  5.29344E-03  8.36578E-01
  3.8145833333E+01  3.8150000000E+01  5.25064E-03  6.30188E-01
  3.8150000000E+01  3.8154166667E+01  5.24873E-03  5.16917E-01
  3.8154166667E+01  3.8158333333E+01  5.21188E-03  4.20577E-01
  3.8158333333E+01  3.8162500000E+01  5.24341E-03  5.17188E-01
  3.8162500000E+01  3.8166666667E+01  5.26367E-03  6.05157E-01
  3.8166666667E+01  3.8170833333E+01  5.29138E-03  6.95669E-01
  3.8170833333E+01  3.8175000000E+01  5.30637E-03  6.16957E-01
  3.8175000000E+01  3.8179166667E+01  5.30047E-03  6.11929E-01
  3.8179166667E+01  3.8183333333E+01  5.29909E-03  6.62162E-01
  3.8183333333E+01  3.8187500000E+01  5.28330E-03  5.59773E-01
  3.8187500000E+01  3.8191666667E+01  5.31073E-03  8.36356E-01
  3.8191666667E+01  3.8195833333E+01  5.33961E-03  9.20990E-01
  3.8195833333E+01  3.8200000000E+01  5.28969E-03  5.79997E-01
  3.8200000000E+01  3.8204166667E+01  5.34138E-03  7.61947E-01
  3.8204166667E+01  3.8208333333E+01  5.29507E-03  5.40286E-01
  3.8208333333E+01  3.8212500000E+01  5.31272E-03  5.87627E-01
  3.8212500000E+01  3.8216666667E+01  5.42186E-03  1.19848E+00
  3.8216666667E+01  3.8220833333E+01  5.33722E-03  7.67803E-01
  3.8220833333E+01  3.8225000000E+01  5.27051E-03  4.22347E-01
  3.8225000000E+01  3.8229166667E+01  5.31007E-03  6.54789E-01
  3.8229166667E+01  3.8233333333E+01  5.28567E-03  4.61553E-01
  3.8233333333E+01  3.8237500000E+01  5.28038E-03  4.70306E-01
  3.8237500000E+01  3.8241666667E+01  5.38171E-03  9.41361E-01
  3.8241666667E+01  3.8245833333E+01  5.34405E-03  6.26523E-01
  3.8245833333E+01  3.8250000000E+01  5.34121E-03  6.01935E-01
  3.8250000000E+01  3.8254166667E+01  5.34462E-03  7.13741E-01
  3.8254166667E+01  3.8258333333E+01  5.30520E-03  5.02547E-01
  3.8258333333E+01  3.8262500000E+01  5.29388E-03  4.18636E-01
  3.8262500000E+01  3.8266666667E+01  5.34736E-03  6.33886E-01
  3.8266666667E+01  3.8270833333E+01  5.37247E-03  7.37205E-01
  3.8270833333E+01  3.8275000000E+01  5.33488E-03  5.82405E-01
  3.8275000000E+01  3.8279166667E+01  5.35612E-03  6.11837E-01
  3.8279166667E+01  3.8283333333E+01  5.35525E-03  5.48786E-01
  3.8283333333E+01  3.8287500000E+01  5.37008E-03  6.32351E-01
  3.8287500000E+01  3.8291666667E+01  5.39234E-03  7.16855E-01
  3.8291666667E+01  3.8295833333E+01  5.38673E-03  6.56952E-01
  3.8295833333E+01  3.8300000000E+01  5.37051E-03  6.03816E-01
  3.8300000000E+01  3.8304166667E+01  5.36988E-03  5.69699E-01
  3.8304166667E+01  3.8308333333E+01  5.39993E-03  7.93915E-01
  3.8308333333E+01  3.8312500000E+01  5.42383E-03  7.44418E-01
  3.8312500000E+01  3.8316666667E+01  5.45014E-03  9.07521E-01
  3.8316666667E+01  3.8320833333E+01  5.46029E-03  9.06042E-01
  3.8320833333E+01  3.8325000000E+01  5.40777E-03  6.92632E-01
  3.8325000000E+01  3.8329166667E+01  5.34955E-03  4.68461E-01
  3.8329166667E+01  3.8333333333E+01  5.35615E-03  4.70504E-01
  3.8333333333E+01  3.8337500000E+01  5.42811E-03  8.46292E-01
  3.8337500000E+01  3.8341666667E+01  5.42145E-03  7.75454E-01
  3.8341666667E+01  3.8345833333E+01  5.38475E-03  4.92865E-01
  3.8345833333E+01  3.8350000000E+01  5.40160E-03  6.33557E-01
  3.8350000000E+01  3.8354166667E+01  5.39697E-03  5.39610E-01
  3.8354166667E+01  3.8358333333E+01  5.41617E-03  6.66473E-01
  3.8358333333E+01  3.8362500000E+01  5.42360E-03  6.79670E-01
  3.8362500000E+01  3.8366666667E+01  5.43034E-03  5.74537E-01
  3.8366666667E+01  3.8370833333E+01  5.43127E-03  5.95310E-01
  3.8370833333E+01  3.8375000000E+01  5.45682E-03  6.28447E-01
  3.8375000000E+01  3.8379166667E+01  5.45722E-03  6.18321E-01
  3.8379166667E+01  3.8383333333E+01  5.53648E-03  1.16868E+00
  3.8383333333E+01  3.8387500000E+01  5.46594E-03  6.60422E-01
  3.8387500000E+01  3.8391666667E+01  5.54505E-03  9.78478E-01
  3.8391666667E+01  3.8395833333E+01  5.46270E-03  7.68177E-01
  3.8395833333E+01  3.8400000000E+01  5.45425E-03  7.33401E-01
  3.8400000000E+01  3.8404166667E+01  5.47591E-03  6.54009E-01
  3.8404166667E+01  3.8408333333E+01  5.48331E-03  7.55964E-01
  3.8408333333E+01  3.8412500000E+01  5.49465E-03  7.30156E-01
  3.8412500000E+01  3.8416666667E+01  5.51660E-03  8.24974E-01
  3.8416666667E+01  3.8420833333E+01  5.47141E-03  5.82128E-01
  3.8420833333E+01  3.8425000000E+01  5.47384E-03  6.08267E-01
  3.8425000000E+01  3.8429166667E+01  5.46953E-03  5.38815E-01
  3.8429166667E+01  3.8433333333E+01  5.48651E-03  6.63630E-01
  3.8433333333E+01  3.8437500000E+01  5.52509E-03  7.36669E-01
  3.8437500000E+01  3.8441666667E+01  5.52221E-03  7.17136E-01
  3.8441666667E+01  3.8445833333E+01  5.51851E-03  7.17045E-01
  3.8445833333E+01  3.8450000000E+01  5.50649E-03  6.24461E-01
  3.8450000000E+01  3.8454166667E+01  5.54230E-03  7.18874E-01
  3.8454166667E+01  3.8458333333E+01  5.54891E-03  6.73213E-01
  3.8458333333E+01  3.8462500000E+01  5.55174E-03  7.36106E-01
  3.8462500000E+01  3.8466666667E+01  5.54786E-03  6.99654E-01
  3.8466666667E+01  3.8470833333E+01  5.54255E-03  6.44168E-01
  3.8470833333E+01  3.8475000000E+01  5.49756E-03  5.20044E-01
  3.8475000000E+01  3.8479166667E+01  5.49605E-03  5.37520E-01
  3.8479166667E+01  3.8483333333E+01  5.58815E-03  8.41689E-01
  3.8483333333E+01  3.8487500000E+01  5.48538E-03  4.39514E-01
  3.8487500000E+01  3.8491666667E+01  5.55155E-03  6.94990E-01
  3.8491666667E+01  3.8495833333E+01  5.51634E-03  5.24927E-01
  3.8495833333E+01  3.8500000000E+01  5.58975E-03  7.45479E-01
  3.8500000000E+01  3.8504166667E+01  5.56679E-03  7.86934E-01
  3.8504166667E+01  3.8508333333E+01  5.53993E-03  5.65635E-01
  3.8508333333E+01  3.8512500000E+01  5.53513E-03  5.99902E-01
  3.8512500000E+01  3.8516666667E+01  5.52246E-03  4.66671E-01
  3.8516666667E+01  3.8520833333E+01  5.51789E-03  4.65858E-01
  3.8520833333E+01  3.8525000000E+01  5.55959E-03  6.18167E-01
  3.8525000000E+01  3.8529166667E+01  5.58368E-03  7.14391E-01
  3.8529166667E+01  3.8533333333E+01  5.59693E-03  6.74766E-01
  3.8533333333E+01  3.8537500000E+01  5.62893E-03  7.00050E-01
  3.8537500000E+01  3.8541666667E+01  5.62679E-03  7.62587E-01
  3.8541666667E+01  3.8545833333E+01  5.58416E-03  6.15007E-01
  3.8545833333E+01  3.8550000000E+01  5.63437E-03  6.86683E-01
  3.8550000000E+01  3.8554166667E+01  5.58302E-03  4.67190E-01
  3.8554166667E+01  3.8558333333E+01  5.71983E-03  9.49125E-01
  3.8558333333E+01  3.8562500000E+01  5.66512E-03  7.24062E-01
  3.8562500000E+01  3.8566666667E+01  5.62726E-03  6.75773E-01
  3.8566666667E+01  3.8570833333E+01  5.60655E-03  5.55868E-01
  3.8570833333E+01  3.8575000000E+01  5.66427E-03  7.28832E-01
  3.8575000000E+01  3.8579166667E+01  5.65391E-03  6.14224E-01
  3.8579166667E+01  3.8583333333E+01  5.62320E-03  5.14322E-01
  3.8583333333E+01  3.8587500000E+01  5.61834E-03  5.21382E-01
  3.8587500000E+01  3.8591666667E+01  5.63191E-03  5.80181E-01
  3.8591666667E+01  3.8595833333E+01  5.66515E-03  7.75920E-01
  3.8595833333E+01  3.8600000000E+01  5.66759E-03  7.51767E-01
  3.8600000000E+01  3.8604166667E+01  5.61634E-03  4.61567E-01
  3.8604166667E+01  3.8608333333E+01  5.63791E-03  5.73114E-01
  3.8608333333E+01  3.8612500000E+01  5.62130E-03  5.20354E-01
  3.8612500000E+01  3.8616666667E+01  5.66417E-03  6.13274E-01
  3.8616666667E+01  3.8620833333E+01  5.70299E-03  7.48204E-01
  3.8620833333E+01  3.8625000000E+01  5.64179E-03  5.32373E-01
  3.8625000000E+01  3.8629166667E+01  5.65328E-03  6.18827E-01
  3.8629166667E+01  3.8633333333E+01  5.69519E-03  6.77682E-01
  3.8633333333E+01  3.8637500000E+01  5.69165E-03  6.68584E-01
  3.8637500000E+01  3.8641666667E+01  5.69257E-03  5.80713E-01
  3.8641666667E+01  3.8645833333E+01  5.69132E-03  5.75702E-01
  3.8645833333E+01  3.8650000000E+01  5.69219E-03  7.04670E-01
  3.8650000000E+01  3.8654166667E+01  5.65802E-03  4.83165E-01
  3.8654166667E+01  3.8658333333E+01  5.67993E-03  6.33527E-01
  3.8658333333E+01  3.8662500000E+01  5.66338E-03  4.60652E-01
  3.8662500000E+01  3.8666666667E+01  5.72622E-03  7.15041E-01
  3.8666666667E+01  3.8670833333E+01  5.69571E-03  6.57120E-01
  3.8670833333E+01  3.8675000000E+01  5.68847E-03  5.64005E-01
  3.8675000000E+01  3.8679166667E+01  5.72442E-03  5.92530E-01
  3.8679166667E+01  3.8683333333E+01  5.73391E-03  6.78898E-01
  3.8683333333E+01  3.8687500000E+01  5.78269E-03  9.61649E-01
  3.8687500000E+01  3.8691666667E+01  5.72543E-03  6.75669E-01
  3.8691666667E+01  3.8695833333E+01  5.71577E-03  6.07103E-01
  3.8695833333E+01  3.8700000000E+01  5.73678E-03  6.34290E-01
  3.8700000000E+01  3.8704166667E+01  5.74751E-03  6.52777E-01
  3.8704166667E+01  3.8708333333E+01  5.70652E-03  4.81577E-01
  3.8708333333E+01  3.8712500000E+01  5.72223E-03  5.96098E-01
  3.8712500000E+01  3.8716666667E+01  5.74209E-03  6.25842E-01
  3.8716666667E+01  3.8720833333E+01  5.73664E-03  5.94196E-01
  3.8720833333E+01  3.8725000000E+01  5.78011E-03  7.47325E-01
  3.8725000000E+01  3.8729166667E+01  5.77502E-03  5.57538E-01
  3.8729166667E+01  3.8733333333E+01  5.78810E-03  6.21854E-01
  3.8733333333E+01  3.8737500000E+01  5.77138E-03  5.69990E-01
  3.8737500000E+01  3.8741666667E+01  5.80070E-03  7.14191E-01
  3.8741666667E+01  3.8745833333E+01  5.79301E-03  5.93621E-01
  3.8745833333E+01  3.8750000000E+01  5.79611E-03  6.24340E-01
  3.8750000000E+01  3.8754166667E+01  5.80923E-03  6.75777E-01
  3.8754166667E+01  3.8758333333E+01  5.76041E-03  4.43907E-01
  3.8758333333E+01  3.8762500000E+01  5.77363E-03  4.86448E-01
  3.8762500000E+01  3.8766666667E+01  5.84213E-03  7.89970E-01
  3.8766666667E+01  3.8770833333E+01  5.76006E-03  4.68784E-01
  3.8770833333E+01  3.8775000000E+01  5.79725E-03  7.24945E-01
  3.8775000000E+01  3.8779166667E+01  5.77174E-03  4.39925E-01
  3.8779166667E+01  3.8783333333E+01  5.83388E-03  6.49760E-01
  3.8783333333E+01  3.8787500000E+01  5.84839E-03  7.05766E-01
  3.8787500000E+01  3.8791666667E+01  5.79273E-03  5.19487E-01
  3.8791666667E+01  3.8795833333E+01  5.79916E-03  5.36003E-01
  3.8795833333E+01  3.8800000000E+01  5.87452E-03  7.23364E-01
  3.8800000000E+01  3.8804166667E+01  5.81229E-03  4.97946E-01
  3.8804166667E+01  3.8808333333E+01  5.81904E-03  4.89734E-01
  3.8808333333E+01  3.8812500000E+01  5.89066E-03  6.81324E-01
  3.8812500000E+01  3.8816666667E+01  5.85897E-03  5.06694E-01
  3.8816666667E+01  3.8820833333E+01  5.89884E-03  6.59264E-01
  3.8820833333E+01  3.8825000000E+01  5.89571E-03  8.59733E-01
  3.8825000000E+01  3.8829166667E+01  5.91755E-03  7.84376E-01
  3.8829166667E+01  3.8833333333E+01  5.88499E-03  6.67820E-01
  3.8833333333E+01  3.8837500000E+01  5.83935E-03  5.07323E-01
  3.8837500000E+01  3.8841666667E+01  5.89047E-03  6.40542E-01
  3.8841666667E+01  3.8845833333E+01  5.88314E-03  5.93015E-01
  3.8845833333E+01  3.8850000000E+01  5.93525E-03  7.04799E-01
  3.8850000000E+01  3.8854166667E+01  5.94285E-03  6.95307E-01
  3.8854166667E+01  3.8858333333E+01  5.90275E-03  5.61910E-01
  3.8858333333E+01  3.8862500000E+01  5.88238E-03  5.02434E-01
  3.8862500000E+01  3.8866666667E+01  5.89138E-03  5.27174E-01
  3.8866666667E+01  3.8870833333E+01  5.90739E-03  5.53171E-01
  3.8870833333E+01  3.8875000000E+01  5.90489E-03  5.29343E-01
  3.8875000000E+01  3.8879166667E+01  5.94838E-03  6.88700E-01
  3.8879166667E+01  3.8883333333E+01  5.89657E-03  4.55938E-01
  3.8883333333E+01  3.8887500000E+01  5.92198E-03  4.77178E-01
  3.8887500000E+01  3.8891666667E+01  5.95907E-03  6.09553E-01
  3.8891666667E+01  3.8895833333E+01  5.98994E-03  8.02921E-01
  3.8895833333E+01  3.8900000000E+01  5.94215E-03  6.01453E-01
  3.8900000000E+01  3.8904166667E+01  5.98578E-03  7.35562E-01
  3.8904166667E+01  3.8908333333E+01  5.94719E-03  5.46663E-01
  3.8908333333E+01  3.8912500000E+01  5.99757E-03  6.77339E-01
  3.8912500000E+01  3.8916666667E+01  6.01488E-03  7.50331E-01
  3.8916666667E+01  3.8920833333E+01  5.93209E-03  5.09279E-01
  3.8920833333E+01  3.8925000000E+01  5.95531E-03  4.95067E-01
  3.8925000000E+01  3.8929166667E+01  6.02136E-03  6.31494E-01
  3.8929166667E+01  3.8933333333E+01  5.96156E-03  5.13662E-01
  3.8933333333E+01  3.8937500000E+01  6.00644E-03  7.36607E-01
  3.8937500000E+01  3.8941666667E+01  6.02701E-03  6.70206E-01
  3.8941666667E+01  3.8945833333E+01  6.00200E-03  5.30104E-01
  3.8945833333E+01  3.8950000000E+01  5.99237E-03  5.77470E-01
  3.8950000000E+01  3.8954166667E+01  6.04344E-03  7.32338E-01
  3.8954166667E+01  3.8958333333E+01  6.03908E-03  5.54005E-01
  3.8958333333E+01  3.8962500000E+01  6.03954E-03  6.04907E-01
  3.8962500000E+01  3.8966666667E+01  6.05797E-03  6.21253E-01
  3.8966666667E+01  3.8970833333E+01  6.06759E-03  6.09111E-01
  3.8970833333E+01  3.8975000000E+01  6.09942E-03  7.31469E-01
  3.8975000000E+01  3.8979166667E+01  6.07230E-03  6.21017E-01
  3.8979166667E+01  3.8983333333E+01  6.11697E-03  7.22929E-01
  3.8983333333E+01  3.8987500000E+01  6.09792E-03  6.46987E-01
  3.8987500000E+01  3.8991666667E+01  6.03171E-03  4.35003E-01
  3.8991666667E+01  3.8995833333E+01  6.11259E-03  7.06679E-01
  3.8995833333E+01  3.9000000000E+01  6.11646E-03  6.65188E-01
  3.9000000000E+01  3.9004166667E+01  6.08345E-03  5.88920E-01
  3.9004166667E+01  3.9008333333E+01  6.09440E-03  6.52098E-01
  3.9008333333E+01  3.9012500000E+01  6.13392E-03  6.58005E-01
  3.9012500000E+01  3.9016666667E+01  6.15138E-03  6.35174E-01
  3.9016666667E+01  3.9020833333E+01  6.15221E-03  6.37435E-01
  3.9020833333E+01  3.9025000000E+01  6.10657E-03  5.99238E-01
  3.9025000000E+01  3.9029166667E+01  6.09977E-03  5.01488E-01
  3.9029166667E+01  3.9033333333E+01  6.10871E-03  5.11302E-01
  3.9033333333E+01  3.9037500000E+01  6.17642E-03  6.89930E-01
  3.9037500000E+01  3.9041666667E+01  6.17680E-03  7.83640E-01
  3.9041666667E+01  3.9045833333E+01  6.15672E-03  6.38645E-01
  3.9045833333E+01  3.9050000000E+01  6.13560E-03  5.53806E-01
  3.9050000000E+01  3.9054166667E+01  6.11761E-03  4.68861E-01
  3.9054166667E+01  3.9058333333E+01  6.14372E-03  5.22810E-01
  3.9058333333E+01  3.9062500000E+01  6.12677E-03  4.97215E-01
  3.9062500000E+01  3.9066666667E+01  6.14221E-03  5.29152E-01
  3.9066666667E+01  3.9070833333E+01  6.13339E-03  4.68581E-01
  3.9070833333E+01  3.9075000000E+01  6.18340E-03  5.83611E-01
  3.9075000000E+01  3.9079166667E+01  6.20523E-03  6.99500E-01
  3.9079166667E+01  3.9083333333E+01  6.24622E-03  9.40523E-01
  3.9083333333E+01  3.9087500000E+01  6.19669E-03  6.02717E-01
  3.9087500000E+01  3.9091666667E+01  6.21152E-03  6.62623E-01
  3.9091666667E+01  3.9095833333E+01  6.22288E-03  6.27006E-01
  3.9095833333E+01  3.9100000000E+01  6.19437E-03  5.81989E-01
  3.9100000000E+01  3.9104166667E+01  6.22668E-03  7.09360E-01
  3.9104166667E+01  3.9108333333E+01  6.18117E-03  5.28361E-01
  3.9108333333E+01  3.9112500000E+01  6.20453E-03  4.85691E-01
  3.9112500000E+01  3.9116666667E+01  6.25425E-03  6.44840E-01
  3.9116666667E+01  3.9120833333E+01  6.22054E-03  5.61580E-01
  3.9120833333E+01  3.9125000000E+01  6.26053E-03  7.93942E-01
  3.9125000000E+01  3.9129166667E+01  6.22867E-03  5.10872E-01
  3.9129166667E+01  3.9133333333E+01  6.25325E-03  6.13868E-01
  3.9133333333E+01  3.9137500000E+01  6.22826E-03  5.29568E-01
  3.9137500000E+01  3.9141666667E+01  6.25153E-03  5.41529E-01
  3.9141666667E+01  3.9145833333E+01  6.23569E-03  5.16024E-01
  3.9145833333E+01  3.9150000000E+01  6.27327E-03  6.82530E-01
  3.9150000000E+01  3.9154166667E+01  6.26393E-03  5.13725E-01
  3.9154166667E+01  3.9158333333E+01  6.29784E-03  7.61564E-01
  3.9158333333E+01  3.9162500000E+01  6.28327E-03  5.35941E-01
  3.9162500000E+01  3.9166666667E+01  6.34842E-03  6.66381E-01
  3.9166666667E+01  3.9170833333E+01  6.32565E-03  6.46151E-01
  3.9170833333E+01  3.9175000000E+01  6.38973E-03  7.52108E-01
  3.9175000000E+01  3.9179166667E+01  6.36447E-03  6.70852E-01
  3.9179166667E+01  3.9183333333E+01  6.39490E-03  6.91410E-01
  3.9183333333E+01  3.9187500000E+01  6.34872E-03  5.45669E-01
  3.9187500000E+01  3.9191666667E+01  6.37410E-03  5.75195E-01
  3.9191666667E+01  3.9195833333E+01  6.37544E-03  6.34802E-01
  3.9195833333E+01  3.9200000000E+01  6.40835E-03  7.02042E-01
  3.9200000000E+01  3.9204166667E+01  6.35679E-03  5.71068E-01
  3.9204166667E+01  3.9208333333E+01  6.32735E-03  4.74371E-01
  3.9208333333E+01  3.9212500000E+01  6.34106E-03  5.11476E-01
  3.9212500000E+01  3.9216666667E+01  6.36884E-03  6.13781E-01
  3.9216666667E+01  3.9220833333E+01  6.32408E-03  4.18216E-01
  3.9220833333E+01  3.9225000000E+01  6.38166E-03  5.44828E-01
  3.9225000000E+01  3.9229166667E+01  6.36547E-03  4.74638E-01
  3.9229166667E+01  3.9233333333E+01  6.39186E-03  4.89059E-01
  3.9233333333E+01  3.9237500000E+01  6.43089E-03  5.51182E-01
  3.9237500000E+01  3.9241666667E+01  6.43287E-03  6.32060E-01
  3.9241666667E+01  3.9245833333E+01  6.45600E-03  6.25363E-01
  3.9245833333E+01  3.9250000000E+01  6.46736E-03  6.38555E-01
  3.9250000000E+01  3.9254166667E+01  6.46313E-03  5.70779E-01
  3.9254166667E+01  3.9258333333E+01  6.48968E-03  6.40607E-01
  3.9258333333E+01  3.9262500000E+01  6.47994E-03  5.96899E-01
  3.9262500000E+01  3.9266666667E+01  6.50136E-03  5.93872E-01
  3.9266666667E+01  3.9270833333E+01  6.48617E-03  5.44327E-01
  3.9270833333E+01  3.9275000000E+01  6.47525E-03  5.58664E-01
  3.9275000000E+01  3.9279166667E+01  6.49162E-03  5.31622E-01
  3.9279166667E+01  3.9283333333E+01  6.54102E-03  7.29563E-01
  3.9283333333E+01  3.9287500000E+01  6.49276E-03  5.11553E-01
  3.9287500000E+01  3.9291666667E+01  6.56698E-03  6.65866E-01
  3.9291666667E+01  3.9295833333E+01  6.50833E-03  4.98197E-01
  3.9295833333E+01  3.9300000000E+01  6.48015E-03  4.22312E-01
  3.9300000000E+01  3.9304166667E+01  6.53236E-03  5.74788E-01
  3.9304166667E+01  3.9308333333E+01  6.55503E-03  7.28940E-01
  3.9308333333E+01  3.9312500000E+01  6.57824E-03  5.90421E-01
  3.9312500000E+01  3.9316666667E+01  6.60456E-03  6.96982E-01
  3.9316666667E+01  3.9320833333E+01  6.60687E-03  6.87533E-01
  3.9320833333E+01  3.9325000000E+01  6.59282E-03  5.55155E-01
  3.9325000000E+01  3.9329166667E+01  6.60892E-03  6.11431E-01
  3.9329166667E+01  3.9333333333E+01  6.61917E-03  6.51384E-01
  3.9333333333E+01  3.9337500000E+01  6.69965E-03  7.99366E-01
  3.9337500000E+01  3.9341666667E+01  6.67811E-03  7.16519E-01
  3.9341666667E+01  3.9345833333E+01  6.63960E-03  5.85736E-01
  3.9345833333E+01  3.9350000000E+01  6.60724E-03  5.43181E-01
  3.9350000000E+01  3.9354166667E+01  6.60553E-03  4.77216E-01
  3.9354166667E+01  3.9358333333E+01  6.67901E-03  6.16897E-01
  3.9358333333E+01  3.9362500000E+01  6.66352E-03  4.97789E-01
  3.9362500000E+01  3.9366666667E+01  6.70390E-03  6.00573E-01
  3.9366666667E+01  3.9370833333E+01  6.67922E-03  5.56950E-01
  3.9370833333E+01  3.9375000000E+01  6.69597E-03  6.24392E-01
  3.9375000000E+01  3.9379166667E+01  6.73885E-03  7.72538E-01
  3.9379166667E+01  3.9383333333E+01  6.69286E-03  5.84136E-01
  3.9383333333E+01  3.9387500000E+01  6.67246E-03  5.50360E-01
  3.9387500000E+01  3.9391666667E+01  6.70845E-03  5.84721E-01
  3.9391666667E+01  3.9395833333E+01  6.72453E-03  6.79741E-01
  3.9395833333E+01  3.9400000000E+01  6.72563E-03  6.23972E-01
  3.9400000000E+01  3.9404166667E+01  6.67593E-03  4.27467E-01
  3.9404166667E+01  3.9408333333E+01  6.72874E-03  5.77157E-01
  3.9408333333E+01  3.9412500000E+01  6.75339E-03  5.81040E-01
  3.9412500000E+01  3.9416666667E+01  6.77280E-03  6.46098E-01
  3.9416666667E+01  3.9420833333E+01  6.76915E-03  5.99838E-01
  3.9420833333E+01  3.9425000000E+01  6.79269E-03  7.46713E-01
  3.9425000000E+01  3.9429166667E+01  6.75226E-03  5.30964E-01
  3.9429166667E+01  3.9433333333E+01  6.74290E-03  4.58570E-01
  3.9433333333E+01  3.9437500000E+01  6.79022E-03  5.00609E-01
  3.9437500000E+01  3.9441666667E+01  6.79167E-03  6.26368E-01
  3.9441666667E+01  3.9445833333E+01  6.80514E-03  5.79834E-01
  3.9445833333E+01  3.9450000000E+01  6.80964E-03  5.87297E-01
  3.9450000000E+01  3.9454166667E+01  6.84180E-03  5.84086E-01
  3.9454166667E+01  3.9458333333E+01  6.91314E-03  7.84569E-01
  3.9458333333E+01  3.9462500000E+01  6.84098E-03  5.38662E-01
  3.9462500000E+01  3.9466666667E+01  6.87834E-03  5.87393E-01
  3.9466666667E+01  3.9470833333E+01  6.83369E-03  5.10079E-01
  3.9470833333E+01  3.9475000000E+01  6.85678E-03  5.61197E-01
  3.9475000000E+01  3.9479166667E+01  6.87239E-03  5.46617E-01
  3.9479166667E+01  3.9483333333E+01  6.89120E-03  5.34862E-01
  3.9483333333E+01  3.9487500000E+01  6.91157E-03  5.63058E-01
  3.9487500000E+01  3.9491666667E+01  6.91838E-03  5.35661E-01
  3.9491666667E+01  3.9495833333E+01  6.92535E-03  5.25669E-01
  3.9495833333E+01  3.9500000000E+01  6.96889E-03  6.52476E-01
  3.9500000000E+01  3.9504166667E+01  6.92774E-03  5.11922E-01
  3.9504166667E+01  3.9508333333E+01  6.95550E-03  5.91134E-01
  3.9508333333E+01  3.9512500000E+01  6.99050E-03  5.85117E-01
  3.9512500000E+01  3.9516666667E+01  6.99667E-03  6.20404E-01
  3.9516666667E+01  3.9520833333E+01  7.02232E-03  6.13216E-01
  3.9520833333E+01  3.9525000000E+01  7.01946E-03  5.46339E-01
  3.9525000000E+01  3.9529166667E+01  7.08399E-03  6.53332E-01
  3.9529166667E+01  3.9533333333E+01  7.04765E-03  5.78273E-01
  3.9533333333E+01  3.9537500000E+01  7.15087E-03  8.09373E-01
  3.9537500000E+01  3.9541666667E+01  7.04686E-03  5.62556E-01
  3.9541666667E+01  3.9545833333E+01  7.03969E-03  5.04518E-01
  3.9545833333E+01  3.9550000000E+01  7.10654E-03  6.60912E-01
  3.9550000000E+01  3.9554166667E+01  7.11034E-03  6.22355E-01
  3.9554166667E+01  3.9558333333E+01  7.16754E-03  7.34396E-01
  3.9558333333E+01  3.9562500000E+01  7.11973E-03  6.61126E-01
  3.9562500000E+01  3.9566666667E+01  7.06366E-03  4.61655E-01
  3.9566666667E+01  3.9570833333E+01  7.13211E-03  6.11004E-01
  3.9570833333E+01  3.9575000000E+01  7.09648E-03  5.15036E-01
  3.9575000000E+01  3.9579166667E+01  7.18315E-03  6.58973E-01
  3.9579166667E+01  3.9583333333E+01  7.19869E-03  6.66747E-01
  3.9583333333E+01  3.9587500000E+01  7.15229E-03  5.38680E-01
  3.9587500000E+01  3.9591666667E+01  7.15181E-03  4.99617E-01
  3.9591666667E+01  3.9595833333E+01  7.18169E-03  5.75096E-01
  3.9595833333E+01  3.9600000000E+01  7.16635E-03  5.45939E-01
  3.9600000000E+01  3.9604166667E+01  7.22829E-03  5.98391E-01
  3.9604166667E+01  3.9608333333E+01  7.26504E-03  6.62892E-01
  3.9608333333E+01  3.9612500000E+01  7.21804E-03  5.46606E-01
  3.9612500000E+01  3.9616666667E+01  7.18659E-03  4.92365E-01
  3.9616666667E+01  3.9620833333E+01  7.27053E-03  6.29765E-01
  3.9620833333E+01  3.9625000000E+01  7.21631E-03  4.78336E-01
  3.9625000000E+01  3.9629166667E+01  7.29043E-03  6.36899E-01
  3.9629166667E+01  3.9633333333E+01  7.29263E-03  5.48002E-01
  3.9633333333E+01  3.9637500000E+01  7.26704E-03  5.31317E-01
  3.9637500000E+01  3.9641666667E+01  7.29336E-03  5.42417E-01
  3.9641666667E+01  3.9645833333E+01  7.26049E-03  4.33202E-01
  3.9645833333E+01  3.9650000000E+01  7.32308E-03  5.61146E-01
  3.9650000000E+01  3.9654166667E+01  7.35011E-03  5.54033E-01
  3.9654166667E+01  3.9658333333E+01  7.35336E-03  6.01997E-01
  3.9658333333E+01  3.9662500000E+01  7.39610E-03  6.79252E-01
  3.9662500000E+01  3.9666666667E+01  7.42770E-03  7.11803E-01
  3.9666666667E+01  3.9670833333E+01  7.41163E-03  6.11763E-01
  3.9670833333E+01  3.9675000000E+01  7.37125E-03  4.85496E-01
  3.9675000000E+01  3.9679166667E+01  7.41346E-03  5.78291E-01
  3.9679166667E+01  3.9683333333E+01  7.40728E-03  5.03778E-01
  3.9683333333E+01  3.9687500000E+01  7.47871E-03  5.96685E-01
  3.9687500000E+01  3.9691666667E+01  7.50802E-03  6.09306E-01
  3.9691666667E+01  3.9695833333E+01  7.44953E-03  4.90823E-01
  3.9695833333E+01  3.9700000000E+01  7.51676E-03  5.90337E-01
  3.9700000000E+01  3.9704166667E+01  7.55802E-03  7.02689E-01
  3.9704166667E+01  3.9708333333E+01  7.47907E-03  4.73887E-01
  3.9708333333E+01  3.9712500000E+01  7.49047E-03  5.24001E-01
  3.9712500000E+01  3.9716666667E+01  7.50399E-03  5.42632E-01
  3.9716666667E+01  3.9720833333E+01  7.50609E-03  5.34908E-01
  3.9720833333E+01  3.9725000000E+01  7.52976E-03  5.22478E-01
  3.9725000000E+01  3.9729166667E+01  7.54562E-03  5.08969E-01
  3.9729166667E+01  3.9733333333E+01  7.54847E-03  4.79371E-01
  3.9733333333E+01  3.9737500000E+01  7.59768E-03  5.47119E-01
  3.9737500000E+01  3.9741666667E+01  7.66950E-03  6.08330E-01
  3.9741666667E+01  3.9745833333E+01  7.62046E-03  4.90980E-01
  3.9745833333E+01  3.9750000000E+01  7.69305E-03  5.90003E-01
  3.9750000000E+01  3.9754166667E+01  7.62394E-03  4.39185E-01
  3.9754166667E+01  3.9758333333E+01  7.69428E-03  5.14477E-01
  3.9758333333E+01  3.9762500000E+01  7.67626E-03  4.64813E-01
  3.9762500000E+01  3.9766666667E+01  7.69764E-03  4.95416E-01
  3.9766666667E+01  3.9770833333E+01  7.74781E-03  5.75243E-01
  3.9770833333E+01  3.9775000000E+01  7.77572E-03  5.88359E-01
  3.9775000000E+01  3.9779166667E+01  7.72771E-03  4.78435E-01
  3.9779166667E+01  3.9783333333E+01  7.77538E-03  5.63686E-01
  3.9783333333E+01  3.9787500000E+01  7.85676E-03  6.71186E-01
  3.9787500000E+01  3.9791666667E+01  7.77760E-03  5.12332E-01
  3.9791666667E+01  3.9795833333E+01  7.81243E-03  5.38217E-01
  3.9795833333E+01  3.9800000000E+01  7.85610E-03  5.88650E-01
  3.9800000000E+01  3.9804166667E+01  7.78666E-03  4.23753E-01
  3.9804166667E+01  3.9808333333E+01  7.89498E-03  6.59241E-01
  3.9808333333E+01  3.9812500000E+01  7.89818E-03  5.92969E-01
  3.9812500000E+01  3.9816666667E+01  7.91169E-03  6.38609E-01
  3.9816666667E+01  3.9820833333E+01  7.84311E-03  4.31347E-01
  3.9820833333E+01  3.9825000000E+01  7.87871E-03  4.61594E-01
  3.9825000000E+01  3.9829166667E+01  7.91743E-03  4.51061E-01
  3.9829166667E+01  3.9833333333E+01  7.96698E-03  5.44354E-01
  3.9833333333E+01  3.9837500000E+01  7.97010E-03  5.21199E-01
  3.9837500000E+01  3.9841666667E+01  8.01981E-03  6.06770E-01
  3.9841666667E+01  3.9845833333E+01  8.02963E-03  5.63380E-01
  3.9845833333E+01  3.9850000000E+01  8.02907E-03  5.88664E-01
  3.9850000000E+01  3.9854166667E+01  8.02152E-03  5.02865E-01
  3.9854166667E+01  3.9858333333E+01  8.04357E-03  5.45439E-01
  3.9858333333E+01  3.9862500000E+01  8.09873E-03  5.52791E-01
  3.9862500000E+01  3.9866666667E+01  8.11775E-03  5.97906E-01
  3.9866666667E+01  3.9870833333E+01  8.11299E-03  5.64432E-01
  3.9870833333E+01  3.9875000000E+01  8.14199E-03  5.66426E-01
  3.9875000000E+01  3.9879166667E+01  8.18846E-03  6.01747E-01
  3.9879166667E+01  3.9883333333E+01  8.16404E-03  5.54313E-01
  3.9883333333E+01  3.9887500000E+01  8.14306E-03  4.59115E-01
  3.9887500000E+01  3.9891666667E+01  8.20603E-03  5.30590E-01
  3.9891666667E+01  3.9895833333E+01  8.19137E-03  4.59815E-01
  3.9895833333E+01  3.9900000000E+01  8.17743E-03  4.36241E-01
  3.9900000000E+01  3.9904166667E+01  8.24733E-03  6.02755E-01
  3.9904166667E+01  3.9908333333E+01  8.20664E-03  4.38871E-01
  3.9908333333E+01  3.9912500000E+01  8.31158E-03  5.96633E-01
  3.9912500000E+01  3.9916666667E+01  8.34724E-03  6.14043E-01
  3.9916666667E+01  3.9920833333E+01  8.31963E-03  4.87661E-01
  3.9920833333E+01  3.9925000000E+01  8.38060E-03  5.35604E-01
  3.9925000000E+01  3.9929166667E+01  8.33487E-03  4.68413E-01
  3.9929166667E+01  3.9933333333E+01  8.39686E-03  5.64595E-01
  3.9933333333E+01  3.9937500000E+01  8.37655E-03  4.83068E-01
  3.9937500000E+01  3.9941666667E+01  8.42677E-03  5.56062E-01
  3.9941666667E+01  3.9945833333E+01  8.45400E-03  5.53767E-01
  3.9945833333E+01  3.9950000000E+01  8.44704E-03  5.46165E-01
  3.9950000000E+01  3.9954166667E+01  8.47748E-03  5.45679E-01
  3.9954166667E+01  3.9958333333E+01  8.47884E-03  4.38911E-01
  3.9958333333E+01  3.9962500000E+01  8.55947E-03  5.75554E-01
  3.9962500000E+01  3.9966666667E+01  8.55632E-03  5.24126E-01
  3.9966666667E+01  3.9970833333E+01  8.57999E-03  5.16956E-01
  3.9970833333E+01  3.9975000000E+01  8.61490E-03  5.53115E-01
  3.9975000000E+01  3.9979166667E+01  8.61784E-03  5.01572E-01
  3.9979166667E+01  3.9983333333E+01  8.65734E-03  5.36861E-01
  3.9983333333E+01  3.9987500000E+01  8.65163E-03  5.13001E-01
  3.9987500000E+01  3.9991666667E+01  8.65168E-03  4.88864E-01
  3.9991666667E+01  3.9995833333E+01  8.71604E-03  5.60846E-01
  3.9995833333E+01  4.0000000000E+01  8.74660E-03  5.79138E-01
  4.0000000000E+01  4.0004166667E+01  8.71756E-03  4.56527E-01
  4.0004166667E+01  4.0008333333E+01  8.79192E-03  5.38557E-01
  4.0008333333E+01  4.0012500000E+01  8.80541E-03  5.19405E-01
  4.0012500000E+01  4.0016666667E+01  8.86578E-03  5.52804E-01
  4.0016666667E+01  4.0020833333E+01  8.86478E-03  5.49871E-01
  4.0020833333E+01  4.0025000000E+01  8.87711E-03  5.36718E-01
  4.0025000000E+01  4.0029166667E+01  8.86713E-03  4.69896E-01
  4.0029166667E+01  4.0033333333E+01  8.88614E-03  4.91233E-01
  4.0033333333E+01  4.0037500000E+01  8.96737E-03  5.49453E-01
  4.0037500000E+01  4.0041666667E+01  8.95173E-03  4.61186E-01
  4.0041666667E+01  4.0045833333E+01  8.96162E-03  4.41783E-01
  4.0045833333E+01  4.0050000000E+01  9.02899E-03  4.91277E-01
  4.0050000000E+01  4.0054166667E+01  9.04980E-03  5.57604E-01
  4.0054166667E+01  4.0058333333E+01  9.06896E-03  5.03872E-01
  4.0058333333E+01  4.0062500000E+01  9.10092E-03  5.06427E-01
  4.0062500000E+01  4.0066666667E+01  9.13011E-03  4.63507E-01
  4.0066666667E+01  4.0070833333E+01  9.12193E-03  4.31340E-01
  4.0070833333E+01  4.0075000000E+01  9.20189E-03  5.35008E-01
  4.0075000000E+01  4.0079166667E+01  9.23843E-03  5.30118E-01
  4.0079166667E+01  4.0083333333E+01  9.26515E-03  5.42190E-01
  4.0083333333E+01  4.0087500000E+01  9.27402E-03  4.80550E-01
  4.0087500000E+01  4.0091666667E+01  9.32923E-03  4.73354E-01
  4.0091666667E+01  4.0095833333E+01  9.33592E-03  4.87816E-01
  4.0095833333E+01  4.0100000000E+01  9.42543E-03  5.86507E-01
  4.0100000000E+01  4.0104166667E+01  9.38275E-03  4.83869E-01
  4.0104166667E+01  4.0108333333E+01  9.38990E-03  4.23980E-01
  4.0108333333E+01  4.0112500000E+01  9.44537E-03  4.77559E-01
  4.0112500000E+01  4.0116666667E+01  9.50049E-03  4.86109E-01
  4.0116666667E+01  4.0120833333E+01  9.49786E-03  4.41541E-01
  4.0120833333E+01  4.0125000000E+01  9.56164E-03  4.78827E-01
  4.0125000000E+01  4.0129166667E+01  9.56226E-03  4.77150E-01
  4.0129166667E+01  4.0133333333E+01  9.61335E-03  4.97976E-01
  4.0133333333E+01  4.0137500000E+01  9.66816E-03  5.16640E-01
  4.0137500000E+01  4.0141666667E+01  9.65780E-03  4.32357E-01
  4.0141666667E+01  4.0145833333E+01  9.75427E-03  5.01211E-01
  4.0145833333E+01  4.0150000000E+01  9.79517E-03  5.26149E-01
  4.0150000000E+01  4.0154166667E+01  9.79261E-03  4.64950E-01
  4.0154166667E+01  4.0158333333E+01  9.84296E-03  4.56419E-01
  4.0158333333E+01  4.0162500000E+01  9.90969E-03  5.38685E-01
  4.0162500000E+01  4.0166666667E+01  9.97644E-03  5.34803E-01
  4.0166666667E+01  4.0170833333E+01  9.98844E-03  4.99439E-01
  4.0170833333E+01  4.0175000000E+01  1.00471E-02  5.07515E-01
  4.0175000000E+01  4.0179166667E+01  1.00596E-02  4.84689E-01
  4.0179166667E+01  4.0183333333E+01  1.00842E-02  4.56568E-01
  4.0183333333E+01  4.0187500000E+01  1.01621E-02  4.91987E-01
  4.0187500000E+01  4.0191666667E+01  1.02569E-02  5.53987E-01
  4.0191666667E+01  4.0195833333E+01  1.02337E-02  5.23085E-01
  4.0195833333E+01  4.0200000000E+01  1.02418E-02  4.39506E-01
  4.0200000000E+01  4.0204166667E+01  1.03237E-02  5.12962E-01
  4.0204166667E+01  4.0208333333E+01  1.03333E-02  5.01985E-01
  4.0208333333E+01  4.0212500000E+01  1.03760E-02  4.77489E-01
  4.0212500000E+01  4.0216666667E+01  1.04255E-02  4.71114E-01
  4.0216666667E+01  4.0220833333E+01  1.04712E-02  4.74897E-01
  4.0220833333E+01  4.0225000000E+01  1.05243E-02  4.75002E-01
  4.0225000000E+01  4.0229166667E+01  1.05851E-02  5.00320E-01
  4.0229166667E+01  4.0233333333E+01  1.06328E-02  4.71076E-01
  4.0233333333E+01  4.0237500000E+01  1.07265E-02  5.00814E-01
  4.0237500000E+01  4.0241666667E+01  1.07337E-02  4.73268E-01
  4.0241666667E+01  4.0245833333E+01  1.08104E-02  4.92686E-01
  4.0245833333E+01  4.0250000000E+01  1.09204E-02  5.60602E-01
  4.0250000000E+01  4.0254166667E+01  1.08942E-02  4.82462E-01
  4.0254166667E+01  4.0258333333E+01  1.09210E-02  4.48770E-01
  4.0258333333E+01  4.0262500000E+01  1.09640E-02  4.50406E-01
  4.0262500000E+01  4.0266666667E+01  1.10164E-02  4.34071E-01
  4.0266666667E+01  4.0270833333E+01  1.11544E-02  5.30951E-01
  4.0270833333E+01  4.0275000000E+01  1.12547E-02  5.48125E-01
  4.0275000000E+01  4.0279166667E+01  1.12511E-02  4.68979E-01
  4.0279166667E+01  4.0283333333E+01  1.13125E-02  5.00081E-01
  4.0283333333E+01  4.0287500000E+01  1.13510E-02  4.77703E-01
  4.0287500000E+01  4.0291666667E+01  1.14373E-02  4.72592E-01
  4.0291666667E+01  4.0295833333E+01  1.14693E-02  4.41192E-01
  4.0295833333E+01  4.0300000000E+01  1.15198E-02  4.35613E-01
  4.0300000000E+01  4.0304166667E+01  1.16876E-02  5.23947E-01
  4.0304166667E+01  4.0308333333E+01  1.17382E-02  5.17946E-01
  4.0308333333E+01  4.0312500000E+01  1.17656E-02  4.65755E-01
  4.0312500000E+01  4.0316666667E+01  1.18897E-02  5.05324E-01
  4.0316666667E+01  4.0320833333E+01  1.18740E-02  4.36474E-01
  4.0320833333E+01  4.0325000000E+01  1.19716E-02  4.62671E-01
  4.0325000000E+01  4.0329166667E+01  1.20145E-02  4.34854E-01
  4.0329166667E+01  4.0333333333E+01  1.21029E-02  4.61560E-01
  4.0333333333E+01  4.0337500000E+01  1.21886E-02  4.46870E-01
  4.0337500000E+01  4.0341666667E+01  1.22884E-02  4.83669E-01
  4.0341666667E+01  4.0345833333E+01  1.23464E-02  4.56531E-01
  4.0345833333E+01  4.0350000000E+01  1.23783E-02  4.45827E-01
  4.0350000000E+01  4.0354166667E+01  1.24738E-02  4.38951E-01
  4.0354166667E+01  4.0358333333E+01  1.25657E-02  4.21373E-01
  4.0358333333E+01  4.0362500000E+01  1.27365E-02  4.89211E-01
  4.0362500000E+01  4.0366666667E+01  1.27910E-02  4.57754E-01
  4.0366666667E+01  4.0370833333E+01  1.28933E-02  4.51645E-01
  4.0370833333E+01  4.0375000000E+01  1.30411E-02  4.72779E-01
  4.0375000000E+01  4.0379166667E+01  1.30902E-02  4.41586E-01
  4.0379166667E+01  4.0383333333E+01  1.31824E-02  4.40554E-01
  4.0383333333E+01  4.0387500000E+01  1.33142E-02  4.44993E-01
  4.0387500000E+01  4.0391666667E+01  1.34161E-02  4.49748E-01
  4.0391666667E+01  4.0395833333E+01  1.35317E-02  4.27695E-01
  4.0395833333E+01  4.0400000000E+01  1.36788E-02  4.57574E-01
  4.0400000000E+01  4.0404166667E+01  1.37875E-02  4.60392E-01
  4.0404166667E+01  4.0408333333E+01  1.39051E-02  4.45317E-01
  4.0408333333E+01  4.0412500000E+01  1.40439E-02  4.49925E-01
  4.0412500000E+01  4.0416666667E+01  1.42352E-02  4.60859E-01
  4.0416666667E+01  4.0420833333E+01  1.43394E-02  4.35602E-01
  4.0420833333E+01  4.0425000000E+01  1.44929E-02  4.37716E-01
  4.0425000000E+01  4.0429166667E+01  1.46649E-02  4.57368E-01
  4.0429166667E+01  4.0433333333E+01  1.48854E-02  4.89155E-01
  4.0433333333E+01  4.0437500000E+01  1.50044E-02  4.54122E-01
  4.0437500000E+01  4.0441666667E+01  1.52039E-02  4.55600E-01
  4.0441666667E+01  4.0445833333E+01  1.53741E-02  4.65542E-01
  4.0445833333E+01  4.0450000000E+01  1.55220E-02  4.52486E-01
  4.0450000000E+01  4.0454166667E+01  1.57247E-02  4.61948E-01
  4.0454166667E+01  4.0458333333E+01  1.59268E-02  4.56079E-01
  4.0458333333E+01  4.0462500000E+01  1.61160E-02  4.62390E-01
  4.0462500000E+01  4.0466666667E+01  1.62662E-02  4.42987E-01
  4.0466666667E+01  4.0470833333E+01  1.65290E-02  4.64576E-01
  4.0470833333E+01  4.0475000000E+01  1.67377E-02  4.56657E-01
  4.0475000000E+01  4.0479166667E+01  1.69655E-02  4.67442E-01
  4.0479166667E+01  4.0483333333E+01  1.71474E-02  4.60334E-01
  4.0483333333E+01  4.0487500000E+01  1.73892E-02  4.63396E-01
  4.0487500000E+01  4.0491666667E+01  1.76589E-02  4.73789E-01
  4.0491666667E+01  4.0495833333E+01  1.79222E-02  4.70758E-01
  4.0495833333E+01  4.0500000000E+01  1.80850E-02  4.58928E-01
  4.0500000000E+01  4.0504166667E+01  1.83619E-02  4.74375E-01
  4.0504166667E+01  4.0508333333E+01  1.86334E-02  5.02266E-01
  4.0508333333E+01  4.0512500000E+01  1.88215E-02  4.97845E-01
  4.0512500000E+01  4.0516666667E+01  1.90685E-02  5.00150E-01
  4.0516666667E+01  4.0520833333E+01  1.93164E-02  5.03361E-01
  4.0520833333E+01  4.0525000000E+01  1.95607E-02  5.14903E-01
  4.0525000000E+01  4.0529166667E+01  1.96630E-02  5.10746E-01
  4.0529166667E+01  4.0533333333E+01  1.98698E-02  5.05252E-01
  4.0533333333E+01  4.0537500000E+01  2.00834E-02  5.28282E-01
  4.0537500000E+01  4.0541666667E+01  2.01963E-02  5.22240E-01
  4.0541666667E+01  4.0545833333E+01  2.02661E-02  5.32726E-01
  4.0545833333E+01  4.0550000000E+01  2.03372E-02  5.36826E-01
  4.0550000000E+01  4.0554166667E+01  2.03722E-02  5.42784E-01
  4.0554166667E+01  4.0558333333E+01  2.04924E-02  5.56131E-01
  4.0558333333E+01  4.0562500000E+01  2.05580E-02  5.72827E-01
  4.0562500000E+01  4.0566666667E+01  2.04994E-02  5.64480E-01
  4.0566666667E+01  4.0570833333E+01  2.05407E-02  5.82436E-01
  4.0570833333E+01  4.0575000000E+01  2.04898E-02  5.71616E-01
  4.0575000000E+01  4.0579166667E+01  2.03804E-02  5.73708E-01
  4.0579166667E+01  4.0583333333E+01  2.02244E-02  5.93264E-01
  4.0583333333E+01  4.0587500000E+01  2.00639E-02  6.03306E-01
  4.0587500000E+01  4.0591666667E+01  1.98570E-02  6.10846E-01
  4.0591666667E+01  4.0595833333E+01  1.95817E-02  6.09895E-01
  4.0595833333E+01  4.0600000000E+01  1.92955E-02  6.13102E-01
  4.0600000000E+01  4.0604166667E+01  1.89816E-02  6.09236E-01
  4.0604166667E+01  4.0608333333E+01  1.86584E-02  6.00951E-01
  4.0608333333E+01  4.0612500000E+01  1.82650E-02  6.50907E-01
  4.0612500000E+01  4.0616666667E+01  1.77441E-02  6.29356E-01
  4.0616666667E+01  4.0620833333E+01  1.72658E-02  6.54367E-01
  4.0620833333E+01  4.0625000000E+01  1.67802E-02  6.72792E-01
  4.0625000000E+01  4.0629166667E+01  1.62592E-02  6.70730E-01
  4.0629166667E+01  4.0633333333E+01  1.56980E-02  6.96738E-01
  4.0633333333E+01  4.0637500000E+01  1.52378E-02  7.29358E-01
  4.0637500000E+01  4.0641666667E+01  1.45868E-02  7.83800E-01
  4.0641666667E+01  4.0645833333E+01  1.39027E-02  7.86727E-01
  4.0645833333E+01  4.0650000000E+01  1.33052E-02  8.07017E-01
  4.0650000000E+01  4.0654166667E+01  1.27182E-02  8.17208E-01
  4.0654166667E+01  4.0658333333E+01  1.20694E-02  8.51675E-01
  4.0658333333E+01  4.0662500000E+01  1.14295E-02  8.43138E-01
  4.0662500000E+01  4.0666666667E+01  1.08728E-02  8.55139E-01
  4.0666666667E+01  4.0670833333E+01  1.01713E-02  8.72187E-01
  4.0670833333E+01  4.0675000000E+01  9.59108E-03  9.01920E-01
  4.0675000000E+01  4.0679166667E+01  8.99243E-03  9.68745E-01
  4.0679166667E+01  4.0683333333E+01  8.43192E-03  1.03915E+00
  4.0683333333E+01  4.0687500000E+01  7.85050E-03  1.07801E+00
  4.0687500000E+01  4.0691666667E+01  7.34635E-03  1.13473E+00
  4.0691666667E+01  4.0695833333E+01  6.78623E-03  1.16665E+00
  4.0695833333E+01  4.0700000000E+01  6.26087E-03  1.18875E+00
  4.0700000000E+01  4.0704166667E+01  5.77105E-03  1.28872E+00
  4.0704166667E+01  4.0708333333E+01  5.37454E-03  1.30009E+00
  4.0708333333E+01  4.0712500000E+01  4.76178E-03  1.37334E+00
  4.0712500000E+01  4.0716666667E+01  4.36495E-03  1.44874E+00
  4.0716666667E+01  4.0720833333E+01  3.98377E-03  1.49025E+00
  4.0720833333E+01  4.0725000000E+01  3.67905E-03  1.58157E+00
  4.0725000000E+01  4.0729166667E+01  3.32362E-03  1.72788E+00
  4.0729166667E+01  4.0733333333E+01  2.94159E-03  1.76932E+00
  4.0733333333E+01  4.0737500000E+01  2.65198E-03  1.85439E+00
  4.0737500000E+01  4.0741666667E+01  2.36318E-03  2.03938E+00
  4.0741666667E+01  4.0745833333E+01  2.08214E-03  2.14658E+00
  4.0745833333E+01  4.0750000000E+01  1.89176E-03  2.20331E+00
  4.0750000000E+01  4.0754166667E+01  1.73148E-03  2.40184E+00
  4.0754166667E+01  4.0758333333E+01  1.48432E-03  2.48779E+00
  4.0758333333E+01  4.0762500000E+01  1.34737E-03  2.68836E+00
  4.0762500000E+01  4.0766666667E+01  1.16128E-03  2.92931E+00
  4.0766666667E+01  4.0770833333E+01  9.96936E-04  3.20011E+00
  4.0770833333E+01  4.0775000000E+01  8.51012E-04  3.43552E+00
  4.0775000000E+01  4.0779166667E+01  7.62366E-04  3.73524E+00
  4.0779166667E+01  4.0783333333E+01  6.96969E-04  3.99106E+00
  4.0783333333E+01  4.0787500000E+01  5.66311E-04  4.15387E+00
  4.0787500000E+01  4.0791666667E+01  5.01278E-04  4.48128E+00
  4.0791666667E+01  4.0795833333E+01  4.27400E-04  4.98492E+00
  4.0795833333E+01  4.0800000000E+01  3.71332E-04  5.57635E+00
  4.0800000000E+01  4.0804166667E+01  3.20626E-04  5.72674E+00
  4.0804166667E+01  4.0808333333E+01  2.76817E-04  6.33488E+00
  4.0808333333E+01  4.0812500000E+01  2.34627E-04  6.84794E+00
  4.0812500000E+01  4.0816666667E+01  2.02294E-04  7.19640E+00
  4.0816666667E+01  4.0820833333E+01  1.58296E-04  8.31554E+00
  4.0820833333E+01  4.0825000000E+01  1.45314E-04  8.82088E+00
  4.0825000000E+01  4.0829166667E+01  1.00340E-04  9.44918E+00
  4.0829166667E+01  4.0833333333E+01  8.01333E-05  1.07242E+01
  4.0833333333E+01  4.0837500000E+01  7.09839E-05  1.72195E+01
  4.0837500000E+01  4.0841666667E+01  6.04522E-05  1.25821E+01
  4.0841666667E+01  4.0845833333E+01  5.99800E-05  1.32976E+01
  4.0845833333E+01  4.0850000000E+01  4.93015E-05  1.46264E+01
  4.0850000000E+01  4.0854166667E+01  4.55903E-05  1.60789E+01
  4.0854166667E+01  4.0858333333E+01  3.79881E-05  1.76389E+01
  4.0858333333E+01  4.0862500000E+01  2.54725E-05  2.19779E+01
  4.0862500000E+01  4.0866666667E+01  1.63274E-05  2.66722E+01
  4.0866666667E+01  4.0870833333E+01  1.42894E-05  3.18861E+01
  4.0870833333E+01  4.0875000000E+01  8.51801E-06  3.89158E+01
  4.0875000000E+01  4.0879166667E+01  5.00747E-06  4.28051E+01
  4.0879166667E+01  4.0883333333E+01  6.28041E-06  4.96345E+01
  4.0883333333E+01  4.0887500000E+01  2.94342E-06  5.80203E+01
  4.0887500000E+01  4.0891666667E+01  1.52927E-06  6.15047E+01
  4.0891666667E+01  4.0895833333E+01  1.85997E-06  7.48498E+01
  4.0895833333E+01  4.0900000000E+01  2.36622E-06  7.74206E+01
  4.0900000000E+01  4.0904166667E+01  7.44137E-07  1.00000E+02
  4.0904166667E+01  4.0908333333E+01  8.81726E-07  1.00000E+02
  4.0908333333E+01  4.0912500000E+01  1.08379E-06  1.00000E+02
  4.0912500000E+01  4.0916666667E+01  1.84886E-06  1.00000E+02
  4.0916666667E+01  4.0920833333E+01  3.27317E-07  1.00000E+02
  4.0920833333E+01  4.0925000000E+01  0.00000E+00  0.00000E+00
  4.0925000000E+01  4.0929166667E+01  0.00000E+00  0.00000E+00
  4.0929166667E+01  4.0933333333E+01  0.00000E+00  0.00000E+00
  4.0933333333E+01  4.0937500000E+01  0.00000E+00  0.00000E+00
  4.0937500000E+01  4.0941666667E+01  0.00000E+00  0.00000E+00
  4.0941666667E+01  4.0945833333E+01  2.92163E-14  1.00000E+02
  4.0945833333E+01  4.0950000000E+01  0.00000E+00  0.00000E+00
  4.0950000000E+01  4.0954166667E+01  0.00000E+00  0.00000E+00
  4.0954166667E+01  4.0958333333E+01  0.00000E+00  0.00000E+00
  4.0958333333E+01  4.0962500000E+01  0.00000E+00  0.00000E+00
  4.0962500000E+01  4.0966666667E+01  0.00000E+00  0.00000E+00
  4.0966666667E+01  4.0970833333E+01  3.22073E-06  1.00000E+02
  4.0970833333E+01  4.0975000000E+01  0.00000E+00  0.00000E+00
  4.0975000000E+01  4.0979166667E+01  0.00000E+00  0.00000E+00
  4.0979166667E+01  4.0983333333E+01  0.00000E+00  0.00000E+00
  4.0983333333E+01  4.0987500000E+01  0.00000E+00  0.00000E+00
  4.0987500000E+01  4.0991666667E+01  9.29460E-15  1.00000E+02
  4.0991666667E+01  4.0995833333E+01  1.06065E-14  1.00000E+02
  4.0995833333E+01  4.1000000000E+01  0.00000E+00  0.00000E+00
  4.1000000000E+01  4.1004166667E+01  9.81930E-09  9.99999E+01
  4.1004166667E+01  4.1008333333E+01  0.00000E+00  0.00000E+00
  4.1008333333E+01  4.1012500000E+01  0.00000E+00  0.00000E+00
  4.1012500000E+01  4.1016666667E+01  9.29460E-15  1.00000E+02
  4.1016666667E+01  4.1020833333E+01  0.00000E+00  0.00000E+00
  4.1020833333E+01  4.1025000000E+01  0.00000E+00  0.00000E+00
  4.1025000000E+01  4.1029166667E+01  0.00000E+00  0.00000E+00
  4.1029166667E+01  4.1033333333E+01  0.00000E+00  0.00000E+00
  4.1033333333E+01  4.1037500000E+01  0.00000E+00  0.00000E+00
  4.1037500000E+01  4.1041666667E+01  0.00000E+00  0.00000E+00
  4.1041666667E+01  4.1045833333E+01  0.00000E+00  0.00000E+00
  4.1045833333E+01  4.1050000000E+01  0.00000E+00  0.00000E+00
  4.1050000000E+01  4.1054166667E+01  0.00000E+00  0.00000E+00
  4.1054166667E+01  4.1058333333E+01  0.00000E+00  0.00000E+00
  4.1058333333E+01  4.1062500000E+01  0.00000E+00  0.00000E+00
  4.1062500000E+01  4.1066666667E+01  0.00000E+00  0.00000E+00
  4.1066666667E+01  4.1070833333E+01  0.00000E+00  0.00000E+00
  4.1070833333E+01  4.1075000000E+01  0.00000E+00  0.00000E+00
  4.1075000000E+01  4.1079166667E+01  0.00000E+00  0.00000E+00
  4.1079166667E+01  4.1083333333E+01  0.00000E+00  0.00000E+00
  4.1083333333E+01  4.1087500000E+01  0.00000E+00  0.00000E+00
  4.1087500000E+01  4.1091666667E+01  0.00000E+00  0.00000E+00
  4.1091666667E+01  4.1095833333E+01  0.00000E+00  0.00000E+00
  4.1095833333E+01  4.1100000000E+01  0.00000E+00  0.00000E+00
  4.1100000000E+01  4.1104166667E+01  1.06065E-14  1.00000E+02
  4.1104166667E+01  4.1108333333E+01  0.00000E+00  0.00000E+00
  4.1108333333E+01  4.1112500000E+01  0.00000E+00  0.00000E+00
  4.1112500000E+01  4.1116666667E+01  0.00000E+00  0.00000E+00
  4.1116666667E+01  4.1120833333E+01  0.00000E+00  0.00000E+00
  4.1120833333E+01  4.1125000000E+01  0.00000E+00  0.00000E+00
  4.1125000000E+01  4.1129166667E+01  0.00000E+00  0.00000E+00
  4.1129166667E+01  4.1133333333E+01  0.00000E+00  0.00000E+00
  4.1133333333E+01  4.1137500000E+01  0.00000E+00  0.00000E+00
  4.1137500000E+01  4.1141666667E+01  0.00000E+00  0.00000E+00
  4.1141666667E+01  4.1145833333E+01  0.00000E+00  0.00000E+00
  4.1145833333E+01  4.1150000000E+01  0.00000E+00  0.00000E+00
  4.1150000000E+01  4.1154166667E+01  0.00000E+00  0.00000E+00
  4.1154166667E+01  4.1158333333E+01  0.00000E+00  0.00000E+00
  4.1158333333E+01  4.1162500000E+01  0.00000E+00  0.00000E+00
  4.1162500000E+01  4.1166666667E+01  0.00000E+00  0.00000E+00
  4.1166666667E+01  4.1170833333E+01  0.00000E+00  0.00000E+00
  4.1170833333E+01  4.1175000000E+01  0.00000E+00  0.00000E+00
  4.1175000000E+01  4.1179166667E+01  0.00000E+00  0.00000E+00
  4.1179166667E+01  4.1183333333E+01  0.00000E+00  0.00000E+00
  4.1183333333E+01  4.1187500000E+01  0.00000E+00  0.00000E+00
  4.1187500000E+01  4.1191666667E+01  0.00000E+00  0.00000E+00
  4.1191666667E+01  4.1195833333E+01  0.00000E+00  0.00000E+00
  4.1195833333E+01  4.1200000000E+01  0.00000E+00  0.00000E+00
  4.1200000000E+01  4.1204166667E+01  3.12427E-07  1.00000E+02
  4.1204166667E+01  4.1208333333E+01  2.36457E-07  1.00000E+02
  4.1208333333E+01  4.1212500000E+01  3.50345E-12  1.00000E+02
  4.1212500000E+01  4.1216666667E+01  0.00000E+00  0.00000E+00
  4.1216666667E+01  4.1220833333E+01  0.00000E+00  0.00000E+00
  4.1220833333E+01  4.1225000000E+01  0.00000E+00  0.00000E+00
  4.1225000000E+01  4.1229166667E+01  9.02310E-08  1.00000E+02
  4.1229166667E+01  4.1233333333E+01  0.00000E+00  0.00000E+00
  4.1233333333E+01  4.1237500000E+01  0.00000E+00  0.00000E+00
  4.1237500000E+01  4.1241666667E+01  0.00000E+00  0.00000E+00
  4.1241666667E+01  4.1245833333E+01  0.00000E+00  0.00000E+00
  4.1245833333E+01  4.1250000000E+01  0.00000E+00  0.00000E+00
  4.1250000000E+01  4.1254166667E+01  0.00000E+00  0.00000E+00
  4.1254166667E+01  4.1258333333E+01  0.00000E+00  0.00000E+00
  4.1258333333E+01  4.1262500000E+01  0.00000E+00  0.00000E+00
  4.1262500000E+01  4.1266666667E+01  0.00000E+00  0.00000E+00
  4.1266666667E+01  4.1270833333E+01  1.93898E-07  1.00000E+02
  4.1270833333E+01  4.1275000000E+01  0.00000E+00  0.00000E+00
  4.1275000000E+01  4.1279166667E+01  0.00000E+00  0.00000E+00
  4.1279166667E+01  4.1283333333E+01  0.00000E+00  0.00000E+00
  4.1283333333E+01  4.1287500000E+01  0.00000E+00  0.00000E+00
  4.1287500000E+01  4.1291666667E+01  0.00000E+00  0.00000E+00
  4.1291666667E+01  4.1295833333E+01  0.00000E+00  0.00000E+00
  4.1295833333E+01  4.1300000000E+01  0.00000E+00  0.00000E+00
  4.1300000000E+01  4.1304166667E+01  0.00000E+00  0.00000E+00
  4.1304166667E+01  4.1308333333E+01  0.00000E+00  0.00000E+00
  4.1308333333E+01  4.1312500000E+01  0.00000E+00  0.00000E+00
  4.1312500000E+01  4.1316666667E+01  0.00000E+00  0.00000E+00
  4.1316666667E+01  4.1320833333E+01  0.00000E+00  0.00000E+00
  4.1320833333E+01  4.1325000000E+01  2.80212E-14  1.00000E+02
  4.1325000000E+01  4.1329166667E+01  0.00000E+00  0.00000E+00
  4.1329166667E+01  4.1333333333E+01  0.00000E+00  0.00000E+00
  4.1333333333E+01  4.1337500000E+01  2.44367E-07  1.00000E+02
  4.1337500000E+01  4.1341666667E+01  2.55604E-07  1.00000E+02
  4.1341666667E+01  4.1345833333E+01  2.55604E-07  1.00000E+02
  4.1345833333E+01  4.1350000000E+01  2.85181E-07  7.20454E+01
  4.1350000000E+01  4.1354166667E+01  2.55604E-07  1.00000E+02
  4.1354166667E+01  4.1358333333E+01  2.55604E-07  1.00000E+02
  4.1358333333E+01  4.1362500000E+01  2.55604E-07  8.87253E+01
  4.1362500000E+01  4.1366666667E+01  2.55604E-07  1.00000E+02
  4.1366666667E+01  4.1370833333E+01  2.55604E-07  1.00000E+02
  4.1370833333E+01  4.1375000000E+01  2.60738E-07  1.00000E+02
  4.1375000000E+01  4.1379166667E+01  2.63362E-07  1.00000E+02
  4.1379166667E+01  4.1383333333E+01  2.63403E-07  9.99843E+01
  4.1383333333E+01  4.1387500000E+01  2.63362E-07  1.00000E+02
  4.1387500000E+01  4.1391666667E+01  2.63362E-07  1.00000E+02
  4.1391666667E+01  4.1395833333E+01  2.63362E-07  1.00000E+02
  4.1395833333E+01  4.1400000000E+01  2.63362E-07  8.43010E+01
  4.1400000000E+01  4.1404166667E+01  2.69277E-07  1.00000E+02
  4.1404166667E+01  4.1408333333E+01  3.28594E-07  1.00000E+02
  4.1408333333E+01  4.1412500000E+01  3.28594E-07  1.00000E+02
  4.1412500000E+01  4.1416666667E+01  3.28594E-07  1.00000E+02
  4.1416666667E+01  4.1420833333E+01  3.28594E-07  1.00000E+02
  4.1420833333E+01  4.1425000000E+01  3.28594E-07  1.00000E+02
  4.1425000000E+01  4.1429166667E+01  3.28594E-07  1.00000E+02
  4.1429166667E+01  4.1433333333E+01  3.39434E-07  1.00000E+02
  4.1433333333E+01  4.1437500000E+01  3.41304E-07  7.20773E+01
  4.1437500000E+01  4.1441666667E+01  3.41304E-07  1.00000E+02
  4.1441666667E+01  4.1445833333E+01  3.41304E-07  1.00000E+02
  4.1445833333E+01  4.1450000000E+01  3.41304E-07  1.00000E+02
  4.1450000000E+01  4.1454166667E+01  3.44276E-07  1.00000E+02
  4.1454166667E+01  4.1458333333E+01  3.44853E-07  1.00000E+02
  4.1458333333E+01  4.1462500000E+01  3.44853E-07  9.99999E+01
  4.1462500000E+01  4.1466666667E+01  3.44853E-07  1.00000E+02
  4.1466666667E+01  4.1470833333E+01  3.80769E-07  1.00000E+02
  4.1470833333E+01  4.1475000000E+01  3.92195E-07  7.42441E+01
  4.1475000000E+01  4.1479166667E+01  3.92195E-07  1.00000E+02
  4.1479166667E+01  4.1483333333E+01  3.97904E-07  1.00000E+02
  4.1483333333E+01  4.1487500000E+01  3.74478E-06  8.97699E+01
  4.1487500000E+01  4.1491666667E+01  4.07882E-07  1.00000E+02
  4.1491666667E+01  4.1495833333E+01  4.39131E-07  7.21311E+01
  4.1495833333E+01  4.1500000000E+01  4.62750E-07  1.00000E+02
  4.1500000000E+01  4.1500000000E+01  4.62750E-07  1.00000E+02