# Detector n: 1D Projection
  3.6500000000E+01  3.6504166667E+01  3.58882E-03  8.50562E-01
  3.6504166667E+01  3.6508333333E+01  3.59290E-03  8.87598E-01
  3.6508333333E+01  3.6512500000E+01  3.57663E-03  6.26330E-01
  3.6512500000E+01  3.6516666667E+01  3.59055E-03  7.57692E-01
  3.6516666667E+01  3.6520833333E+01  3.61540E-03  1.16236E+00
  3.6520833333E+01  3.6525000000E+01  3.55336E-03  5.94703E-01
  3.6525000000E+01  3.6529166667E+01  3.56335E-03  5.97397E-01
  3.6529166667E+01  3.6533333333E+01  3.61786E-03  1.06159E+00
  3.6533333333E+01  3.6537500000E+01  3.62808E-03  1.13062E+00
  3.6537500000E+01  3.6541666667E+01  3.71619E-03  1.82229E+00
  3.6541666667E+01  3.6545833333E+01  3.60042E-03  9.53744E-01
  3.6545833333E+01  3.6550000000E+01  3.56833E-03  6.93668E-01
  3.6550000000E+01  3.6554166667E+01  3.60949E-03  9.89244E-01
  3.6554166667E+01  3.6558333333E+01  3.60129E-03  9.55449E-01
  3.6558333333E+01  3.6562500000E+01  3.59343E-03  7.82570E-01
  3.6562500000E+01  3.6566666667E+01  3.59528E-03  8.22847E-01
  3.6566666667E+01  3.6570833333E+01  3.57648E-03  6.00145E-01
  3.6570833333E+01  3.6575000000E+01  3.57371E-03  6.53045E-01
  3.6575000000E+01  3.6579166667E+01  3.61401E-03  8.98121E-01
  3.6579166667E+01  3.6583333333E+01  3.62266E-03  6.50922E-01
  3.6583333333E+01  3.6587500000E+01  3.63798E-03  7.37717E-01
  3.6587500000E+01  3.6591666667E+01  3.66079E-03  1.07265E+00
  3.6591666667E+01  3.6595833333E+01  3.68042E-03  1.00935E+00
  3.6595833333E+01  3.6600000000E+01  3.64203E-03  7.67810E-01
  3.6600000000E+01  3.6604166667E+01  3.65282E-03  8.64810E-01
  3.6604166667E+01  3.6608333333E+01  3.64760E-03  7.74653E-01
  3.6608333333E+01  3.6612500000E+01  3.64371E-03  8.02659E-01
  3.6612500000E+01  3.6616666667E+01  3.61886E-03  5.60423E-01
  3.6616666667E+01  3.6620833333E+01  3.62744E-03  9.04829E-01
  3.6620833333E+01  3.6625000000E+01  3.62040E-03  6.38831E-01
  3.6625000000E+01  3.6629166667E+01  3.63299E-03  6.57178E-01
  3.6629166667E+01  3.6633333333E+01  3.74916E-03  1.49401E+00
  3.6633333333E+01  3.6637500000E+01  3.68195E-03  1.16732E+00
  3.6637500000E+01  3.6641666667E+01  3.64400E-03  7.36301E-01
  3.6641666667E+01  3.6645833333E+01  3.64844E-03  8.07374E-01
  3.6645833333E+01  3.6650000000E+01  3.62970E-03  6.75241E-01
  3.6650000000E+01  3.6654166667E+01  3.62806E-03  5.17943E-01
  3.6654166667E+01  3.6658333333E+01  3.61087E-03  4.86469E-01
  3.6658333333E+01  3.6662500000E+01  3.63405E-03  6.19283E-01
  3.6662500000E+01  3.6666666667E+01  3.68860E-03  9.62626E-01
  3.6666666667E+01  3.6670833333E+01  3.67120E-03  8.03708E-01
  3.6670833333E+01  3.6675000000E+01  3.62703E-03  5.58598E-01
  3.6675000000E+01  3.6679166667E+01  3.67133E-03  9.52062E-01
  3.6679166667E+01  3.6683333333E+01  3.69680E-03  9.91258E-01
  3.6683333333E+01  3.6687500000E+01  3.64613E-03  7.31883E-01
  3.6687500000E+01  3.6691666667E+01  3.65819E-03  6.89890E-01
  3.6691666667E+01  3.6695833333E+01  3.64352E-03  6.69622E-01
  3.6695833333E+01  3.6700000000E+01  3.67864E-03  9.04976E-01
  3.6700000000E+01  3.6704166667E+01  3.64501E-03  5.87634E-01
  3.6704166667E+01  3.6708333333E+01  3.65509E-03  6.63114E-01
  3.6708333333E+01  3.6712500000E+01  3.66736E-03  7.91851E-01
  3.6712500000E+01  3.6716666667E+01  3.71244E-03  1.18791E+00
  3.6716666667E+01  3.6720833333E+01  3.69931E-03  9.57596E-01
  3.6720833333E+01  3.6725000000E+01  3.66689E-03  6.99849E-01
  3.6725000000E+01  3.6729166667E+01  3.68589E-03  9.39556E-01
  3.6729166667E+01  3.6733333333E+01  3.74287E-03  1.05682E+00
  3.6733333333E+01  3.6737500000E+01  3.79252E-03  1.36144E+00
  3.6737500000E+01  3.6741666667E+01  3.73547E-03  8.98237E-01
  3.6741666667E+01  3.6745833333E+01  3.73744E-03  8.36860E-01
  3.6745833333E+01  3.6750000000E+01  3.71023E-03  6.19047E-01
  3.6750000000E+01  3.6754166667E+01  3.73975E-03  8.97342E-01
  3.6754166667E+01  3.6758333333E+01  3.70732E-03  6.97342E-01
  3.6758333333E+01  3.6762500000E+01  3.72387E-03  7.95543E-01
  3.6762500000E+01  3.6766666667E+01  3.75170E-03  9.11475E-01
  3.6766666667E+01  3.6770833333E+01  3.77651E-03  9.48118E-01
  3.6770833333E+01  3.6775000000E+01  3.73436E-03  6.73872E-01
  3.6775000000E+01  3.6779166667E+01  3.70582E-03  5.37087E-01
  3.6779166667E+01  3.6783333333E+01  3.71034E-03  6.62116E-01
  3.6783333333E+01  3.6787500000E+01  3.76758E-03  1.03358E+00
  3.6787500000E+01  3.6791666667E+01  3.71006E-03  6.28776E-01
  3.6791666667E+01  3.6795833333E+01  3.72346E-03  8.13639E-01
  3.6795833333E+01  3.6800000000E+01  3.74025E-03  8.67241E-01
  3.6800000000E+01  3.6804166667E+01  3.74639E-03  7.17871E-01
  3.6804166667E+01  3.6808333333E+01  3.73427E-03  7.42944E-01
  3.6808333333E+01  3.6812500000E+01  3.74141E-03  7.47695E-01
  3.6812500000E+01  3.6816666667E+01  3.74670E-03  7.31513E-01
  3.6816666667E+01  3.6820833333E+01  3.74955E-03  7.55821E-01
  3.6820833333E+01  3.6825000000E+01  3.73523E-03  7.07598E-01
  3.6825000000E+01  3.6829166667E+01  3.71394E-03  4.99844E-01
  3.6829166667E+01  3.6833333333E+01  3.75605E-03  8.11200E-01
  3.6833333333E+01  3.6837500000E+01  3.71293E-03  5.44541E-01
  3.6837500000E+01  3.6841666667E+01  3.81140E-03  1.15609E+00
  3.6841666667E+01  3.6845833333E+01  3.70744E-03  5.45331E-01
  3.6845833333E+01  3.6850000000E+01  3.74330E-03  8.61592E-01
  3.6850000000E+01  3.6854166667E+01  3.76807E-03  9.59324E-01
  3.6854166667E+01  3.6858333333E+01  3.77546E-03  9.54853E-01
  3.6858333333E+01  3.6862500000E+01  3.75256E-03  7.52341E-01
  3.6862500000E+01  3.6866666667E+01  3.73826E-03  6.71112E-01
  3.6866666667E+01  3.6870833333E+01  3.73762E-03  7.34239E-01
  3.6870833333E+01  3.6875000000E+01  3.73803E-03  6.54057E-01
  3.6875000000E+01  3.6879166667E+01  3.80843E-03  1.13424E+00
  3.6879166667E+01  3.6883333333E+01  3.74013E-03  6.42347E-01
  3.6883333333E+01  3.6887500000E+01  3.75456E-03  7.82943E-01
  3.6887500000E+01  3.6891666667E+01  3.73016E-03  7.22382E-01
  3.6891666667E+01  3.6895833333E+01  3.73104E-03  6.71144E-01
  3.6895833333E+01  3.6900000000E+01  3.75667E-03  7.37555E-01
  3.6900000000E+01  3.6904166667E+01  3.73834E-03  6.47012E-01
  3.6904166667E+01  3.6908333333E+01  3.78454E-03  1.07780E+00
  3.6908333333E+01  3.6912500000E+01  3.75399E-03  7.84419E-01
  3.6912500000E+01  3.6916666667E+01  3.73859E-03  7.53434E-01
  3.6916666667E+01  3.6920833333E+01  3.72496E-03  5.53795E-01
  3.6920833333E+01  3.6925000000E+01  3.75525E-03  7.04574E-01
  3.6925000000E+01  3.6929166667E+01  3.72276E-03  5.59903E-01
  3.6929166667E+01  3.6933333333E+01  3.74224E-03  8.12499E-01
  3.6933333333E+01  3.6937500000E+01  3.77688E-03  9.07464E-01
  3.6937500000E+01  3.6941666667E+01  3.76834E-03  8.64400E-01
  3.6941666667E+01  3.6945833333E+01  3.78668E-03  9.35952E-01
  3.6945833333E+01  3.6950000000E+01  3.77599E-03  9.32334E-01
  3.6950000000E+01  3.6954166667E+01  3.72266E-03  5.30874E-01
  3.6954166667E+01  3.6958333333E+01  3.76358E-03  7.83385E-01
  3.6958333333E+01  3.6962500000E+01  3.74766E-03  7.22563E-01
  3.6962500000E+01  3.6966666667E+01  3.77737E-03  8.07692E-01
  3.6966666667E+01  3.6970833333E+01  3.81511E-03  1.03937E+00
  3.6970833333E+01  3.6975000000E+01  3.72925E-03  5.69561E-01
  3.6975000000E+01  3.6979166667E+01  3.75836E-03  8.31541E-01
  3.6979166667E+01  3.6983333333E+01  3.75627E-03  8.54894E-01
  3.6983333333E+01  3.6987500000E+01  3.79241E-03  1.11745E+00
  3.6987500000E+01  3.6991666667E+01  3.77048E-03  7.32644E-01
  3.6991666667E+01  3.6995833333E+01  3.76798E-03  7.48710E-01
  3.6995833333E+01  3.7000000000E+01  3.73893E-03  6.16149E-01
  3.7000000000E+01  3.7004166667E+01  3.78635E-03  1.10038E+00
  3.7004166667E+01  3.7008333333E+01  3.79120E-03  1.09663E+00
  3.7008333333E+01  3.7012500000E+01  3.77528E-03  8.76959E-01
  3.7012500000E+01  3.7016666667E+01  3.77569E-03  7.68297E-01
  3.7016666667E+01  3.7020833333E+01  3.80910E-03  1.02862E+00
  3.7020833333E+01  3.7025000000E+01  3.73484E-03  5.25464E-01
  3.7025000000E+01  3.7029166667E+01  3.76202E-03  5.81362E-01
  3.7029166667E+01  3.7033333333E+01  3.80220E-03  7.25689E-01
  3.7033333333E+01  3.7037500000E+01  3.81633E-03  8.52226E-01
  3.7037500000E+01  3.7041666667E+01  3.85654E-03  1.01352E+00
  3.7041666667E+01  3.7045833333E+01  3.84458E-03  9.27861E-01
  3.7045833333E+01  3.7050000000E+01  3.80891E-03  7.14066E-01
  3.7050000000E+01  3.7054166667E+01  3.80511E-03  5.42959E-01
  3.7054166667E+01  3.7058333333E+01  3.80185E-03  5.91242E-01
  3.7058333333E+01  3.7062500000E+01  3.80695E-03  6.76585E-01
  3.7062500000E+01  3.7066666667E+01  3.81624E-03  7.17602E-01
  3.7066666667E+01  3.7070833333E+01  3.82753E-03  8.13323E-01
  3.7070833333E+01  3.7075000000E+01  3.81534E-03  8.00533E-01
  3.7075000000E+01  3.7079166667E+01  3.86557E-03  9.78771E-01
  3.7079166667E+01  3.7083333333E+01  3.83432E-03  6.79740E-01
  3.7083333333E+01  3.7087500000E+01  3.81764E-03  5.79211E-01
  3.7087500000E+01  3.7091666667E+01  3.79776E-03  5.01211E-01
  3.7091666667E+01  3.7095833333E+01  3.80654E-03  5.60227E-01
  3.7095833333E+01  3.7100000000E+01  3.81005E-03  5.76150E-01
  3.7100000000E+01  3.7104166667E+01  3.79788E-03  5.03402E-01
  3.7104166667E+01  3.7108333333E+01  3.84672E-03  6.75333E-01
  3.7108333333E+01  3.7112500000E+01  3.83329E-03  7.50739E-01
  3.7112500000E+01  3.7116666667E+01  3.84944E-03  6.94934E-01
  3.7116666667E+01  3.7120833333E+01  3.81177E-03  5.06359E-01
  3.7120833333E+01  3.7125000000E+01  3.79149E-03  5.20759E-01
  3.7125000000E+01  3.7129166667E+01  3.79770E-03  4.93136E-01
  3.7129166667E+01  3.7133333333E+01  3.88056E-03  9.35413E-01
  3.7133333333E+01  3.7137500000E+01  3.83944E-03  6.13711E-01
  3.7137500000E+01  3.7141666667E+01  3.91108E-03  1.07582E+00
  3.7141666667E+01  3.7145833333E+01  3.87394E-03  7.81900E-01
  3.7145833333E+01  3.7150000000E+01  3.89876E-03  1.29324E+00
  3.7150000000E+01  3.7154166667E+01  3.83916E-03  6.12675E-01
  3.7154166667E+01  3.7158333333E+01  3.80229E-03  4.89716E-01
  3.7158333333E+01  3.7162500000E+01  3.85615E-03  9.84087E-01
  3.7162500000E+01  3.7166666667E+01  3.86416E-03  8.87871E-01
  3.7166666667E+01  3.7170833333E+01  3.89347E-03  8.54729E-01
  3.7170833333E+01  3.7175000000E+01  3.87977E-03  7.58468E-01
  3.7175000000E+01  3.7179166667E+01  3.89841E-03  8.72939E-01
  3.7179166667E+01  3.7183333333E+01  3.89606E-03  8.75945E-01
  3.7183333333E+01  3.7187500000E+01  3.91027E-03  9.71536E-01
  3.7187500000E+01  3.7191666667E+01  3.85032E-03  5.63400E-01
  3.7191666667E+01  3.7195833333E+01  3.87385E-03  7.31674E-01
  3.7195833333E+01  3.7200000000E+01  3.91027E-03  1.06924E+00
  3.7200000000E+01  3.7204166667E+01  3.96226E-03  1.25411E+00
  3.7204166667E+01  3.7208333333E+01  3.86864E-03  5.55406E-01
  3.7208333333E+01  3.7212500000E+01  3.87551E-03  6.31332E-01
  3.7212500000E+01  3.7216666667E+01  3.89070E-03  9.47269E-01
  3.7216666667E+01  3.7220833333E+01  3.95889E-03  1.35984E+00
  3.7220833333E+01  3.7225000000E+01  3.91411E-03  8.89734E-01
  3.7225000000E+01  3.7229166667E+01  3.89005E-03  9.00033E-01
  3.7229166667E+01  3.7233333333E+01  3.85651E-03  5.19072E-01
  3.7233333333E+01  3.7237500000E+01  3.91120E-03  8.28359E-01
  3.7237500000E+01  3.7241666667E+01  3.84652E-03  4.77617E-01
  3.7241666667E+01  3.7245833333E+01  3.83980E-03  4.53132E-01
  3.7245833333E+01  3.7250000000E+01  3.86401E-03  5.62001E-01
  3.7250000000E+01  3.7254166667E+01  3.89324E-03  8.15707E-01
  3.7254166667E+01  3.7258333333E+01  3.91420E-03  9.44026E-01
  3.7258333333E+01  3.7262500000E+01  3.87496E-03  7.45145E-01
  3.7262500000E+01  3.7266666667E+01  3.86742E-03  5.66335E-01
  3.7266666667E+01  3.7270833333E+01  3.84849E-03  4.59271E-01
  3.7270833333E+01  3.7275000000E+01  3.87380E-03  6.66181E-01
  3.7275000000E+01  3.7279166667E+01  3.87577E-03  6.79241E-01
  3.7279166667E+01  3.7283333333E+01  3.91191E-03  8.44952E-01
  3.7283333333E+01  3.7287500000E+01  3.93167E-03  8.33364E-01
  3.7287500000E+01  3.7291666667E+01  3.86201E-03  4.67444E-01
  3.7291666667E+01  3.7295833333E+01  3.87750E-03  5.61967E-01
  3.7295833333E+01  3.7300000000E+01  3.92972E-03  1.03882E+00
  3.7300000000E+01  3.7304166667E+01  3.93522E-03  9.35107E-01
  3.7304166667E+01  3.7308333333E+01  3.87921E-03  6.21838E-01
  3.7308333333E+01  3.7312500000E+01  3.94104E-03  9.25795E-01
  3.7312500000E+01  3.7316666667E+01  3.87074E-03  4.90422E-01
  3.7316666667E+01  3.7320833333E+01  3.90995E-03  8.71383E-01
  3.7320833333E+01  3.7325000000E+01  3.90132E-03  6.82132E-01
  3.7325000000E+01  3.7329166667E+01  3.90366E-03  5.76957E-01
  3.7329166667E+01  3.7333333333E+01  3.95579E-03  9.20031E-01
  3.7333333333E+01  3.7337500000E+01  3.94693E-03  8.53036E-01
  3.7337500000E+01  3.7341666667E+01  3.95751E-03  1.03624E+00
  3.7341666667E+01  3.7345833333E+01  3.91505E-03  6.06446E-01
  3.7345833333E+01  3.7350000000E+01  3.92412E-03  6.58472E-01
  3.7350000000E+01  3.7354166667E+01  3.93895E-03  8.73457E-01
  3.7354166667E+01  3.7358333333E+01  3.92632E-03  7.41735E-01
  3.7358333333E+01  3.7362500000E+01  3.91498E-03  5.81114E-01
  3.7362500000E+01  3.7366666667E+01  3.94729E-03  7.38285E-01
  3.7366666667E+01  3.7370833333E+01  3.97234E-03  1.09320E+00
  3.7370833333E+01  3.7375000000E+01  3.98118E-03  9.70765E-01
  3.7375000000E+01  3.7379166667E+01  3.95623E-03  7.10923E-01
  3.7379166667E+01  3.7383333333E+01  3.95036E-03  6.47407E-01
  3.7383333333E+01  3.7387500000E+01  3.92292E-03  6.06446E-01
  3.7387500000E+01  3.7391666667E+01  3.92874E-03  6.76933E-01
  3.7391666667E+01  3.7395833333E+01  3.94177E-03  8.82508E-01
  3.7395833333E+01  3.7400000000E+01  3.90643E-03  5.67649E-01
  3.7400000000E+01  3.7404166667E+01  3.90792E-03  5.73761E-01
  3.7404166667E+01  3.7408333333E+01  3.91529E-03  7.49421E-01
  3.7408333333E+01  3.7412500000E+01  3.95529E-03  8.58870E-01
  3.7412500000E+01  3.7416666667E+01  3.97209E-03  7.83442E-01
  3.7416666667E+01  3.7420833333E+01  3.94162E-03  6.20747E-01
  3.7420833333E+01  3.7425000000E+01  3.99869E-03  9.07525E-01
  3.7425000000E+01  3.7429166667E+01  3.97566E-03  7.61253E-01
  3.7429166667E+01  3.7433333333E+01  3.98108E-03  8.96968E-01
  3.7433333333E+01  3.7437500000E+01  3.93261E-03  5.37071E-01
  3.7437500000E+01  3.7441666667E+01  3.96986E-03  7.85287E-01
  3.7441666667E+01  3.7445833333E+01  4.02890E-03  9.79323E-01
  3.7445833333E+01  3.7450000000E+01  4.00277E-03  8.25160E-01
  3.7450000000E+01  3.7454166667E+01  3.95307E-03  5.52754E-01
  3.7454166667E+01  3.7458333333E+01  3.96446E-03  5.57020E-01
  3.7458333333E+01  3.7462500000E+01  3.99375E-03  7.42407E-01
  3.7462500000E+01  3.7466666667E+01  4.00092E-03  7.91525E-01
  3.7466666667E+01  3.7470833333E+01  3.99514E-03  9.21489E-01
  3.7470833333E+01  3.7475000000E+01  3.99065E-03  8.18729E-01
  3.7475000000E+01  3.7479166667E+01  3.95321E-03  5.96667E-01
  3.7479166667E+01  3.7483333333E+01  3.95833E-03  6.63641E-01
  3.7483333333E+01  3.7487500000E+01  3.97043E-03  6.65011E-01
  3.7487500000E+01  3.7491666667E+01  3.97546E-03  6.49416E-01
  3.7491666667E+01  3.7495833333E+01  3.97068E-03  6.95233E-01
  3.7495833333E+01  3.7500000000E+01  4.00203E-03  9.10236E-01
  3.7500000000E+01  3.7504166667E+01  4.03605E-03  9.21778E-01
  3.7504166667E+01  3.7508333333E+01  4.03199E-03  1.03512E+00
  3.7508333333E+01  3.7512500000E+01  4.01346E-03  7.66506E-01
  3.7512500000E+01  3.7516666667E+01  4.04854E-03  1.26135E+00
  3.7516666667E+01  3.7520833333E+01  3.96208E-03  4.75675E-01
  3.7520833333E+01  3.7525000000E+01  3.95057E-03  5.32753E-01
  3.7525000000E+01  3.7529166667E+01  3.95583E-03  5.98889E-01
  3.7529166667E+01  3.7533333333E+01  3.97197E-03  6.42753E-01
  3.7533333333E+01  3.7537500000E+01  4.00181E-03  7.83106E-01
  3.7537500000E+01  3.7541666667E+01  4.03216E-03  9.01415E-01
  3.7541666667E+01  3.7545833333E+01  3.99439E-03  5.60501E-01
  3.7545833333E+01  3.7550000000E+01  4.05661E-03  1.10402E+00
  3.7550000000E+01  3.7554166667E+01  4.00103E-03  5.98201E-01
  3.7554166667E+01  3.7558333333E+01  4.02847E-03  7.81739E-01
  3.7558333333E+01  3.7562500000E+01  4.03167E-03  8.11867E-01
  3.7562500000E+01  3.7566666667E+01  4.01633E-03  6.12373E-01
  3.7566666667E+01  3.7570833333E+01  4.04066E-03  6.83432E-01
  3.7570833333E+01  3.7575000000E+01  4.06208E-03  8.79180E-01
  3.7575000000E+01  3.7579166667E+01  4.08323E-03  9.70885E-01
  3.7579166667E+01  3.7583333333E+01  4.12047E-03  1.00016E+00
  3.7583333333E+01  3.7587500000E+01  4.04843E-03  6.46100E-01
  3.7587500000E+01  3.7591666667E+01  4.05981E-03  6.87041E-01
  3.7591666667E+01  3.7595833333E+01  4.04965E-03  6.24103E-01
  3.7595833333E+01  3.7600000000E+01  4.09660E-03  8.33588E-01
  3.7600000000E+01  3.7604166667E+01  4.11459E-03  8.01730E-01
  3.7604166667E+01  3.7608333333E+01  4.11970E-03  1.06726E+00
  3.7608333333E+01  3.7612500000E+01  4.05116E-03  5.72902E-01
  3.7612500000E+01  3.7616666667E+01  4.06176E-03  6.56834E-01
  3.7616666667E+01  3.7620833333E+01  4.05711E-03  6.79949E-01
  3.7620833333E+01  3.7625000000E+01  4.08212E-03  8.43881E-01
  3.7625000000E+01  3.7629166667E+01  4.05358E-03  5.28932E-01
  3.7629166667E+01  3.7633333333E+01  4.08724E-03  7.65541E-01
  3.7633333333E+01  3.7637500000E+01  4.11813E-03  1.02912E+00
  3.7637500000E+01  3.7641666667E+01  4.07089E-03  6.74412E-01
  3.7641666667E+01  3.7645833333E+01  4.07642E-03  5.68701E-01
  3.7645833333E+01  3.7650000000E+01  4.15332E-03  9.34048E-01
  3.7650000000E+01  3.7654166667E+01  4.10117E-03  7.38427E-01
  3.7654166667E+01  3.7658333333E+01  4.12501E-03  8.75588E-01
  3.7658333333E+01  3.7662500000E+01  4.10305E-03  7.11237E-01
  3.7662500000E+01  3.7666666667E+01  4.10074E-03  9.87476E-01
  3.7666666667E+01  3.7670833333E+01  4.06842E-03  5.99962E-01
  3.7670833333E+01  3.7675000000E+01  4.09388E-03  6.99025E-01
  3.7675000000E+01  3.7679166667E+01  4.06815E-03  5.54412E-01
  3.7679166667E+01  3.7683333333E+01  4.09106E-03  7.67849E-01
  3.7683333333E+01  3.7687500000E+01  4.09528E-03  6.64747E-01
  3.7687500000E+01  3.7691666667E+01  4.09483E-03  6.52859E-01
  3.7691666667E+01  3.7695833333E+01  4.08660E-03  6.17297E-01
  3.7695833333E+01  3.7700000000E+01  4.07365E-03  5.46290E-01
  3.7700000000E+01  3.7704166667E+01  4.08786E-03  6.01874E-01
  3.7704166667E+01  3.7708333333E+01  4.10468E-03  7.25744E-01
  3.7708333333E+01  3.7712500000E+01  4.09927E-03  6.01840E-01
  3.7712500000E+01  3.7716666667E+01  4.12769E-03  7.36300E-01
  3.7716666667E+01  3.7720833333E+01  4.12228E-03  7.71716E-01
  3.7720833333E+01  3.7725000000E+01  4.12061E-03  6.49661E-01
  3.7725000000E+01  3.7729166667E+01  4.10334E-03  5.75297E-01
  3.7729166667E+01  3.7733333333E+01  4.15273E-03  8.67436E-01
  3.7733333333E+01  3.7737500000E+01  4.13975E-03  6.38063E-01
  3.7737500000E+01  3.7741666667E+01  4.11829E-03  6.50226E-01
  3.7741666667E+01  3.7745833333E+01  4.11148E-03  5.77816E-01
  3.7745833333E+01  3.7750000000E+01  4.10861E-03  6.12986E-01
  3.7750000000E+01  3.7754166667E+01  4.10307E-03  5.62198E-01
  3.7754166667E+01  3.7758333333E+01  4.14140E-03  7.12653E-01
  3.7758333333E+01  3.7762500000E+01  4.12449E-03  5.99862E-01
  3.7762500000E+01  3.7766666667E+01  4.10911E-03  5.35654E-01
  3.7766666667E+01  3.7770833333E+01  4.12120E-03  6.24609E-01
  3.7770833333E+01  3.7775000000E+01  4.15658E-03  7.63064E-01
  3.7775000000E+01  3.7779166667E+01  4.15438E-03  7.69018E-01
  3.7779166667E+01  3.7783333333E+01  4.15921E-03  7.54846E-01
  3.7783333333E+01  3.7787500000E+01  4.16934E-03  7.46259E-01
  3.7787500000E+01  3.7791666667E+01  4.16943E-03  7.71505E-01
  3.7791666667E+01  3.7795833333E+01  4.15314E-03  6.43605E-01
  3.7795833333E+01  3.7800000000E+01  4.19158E-03  8.59202E-01
  3.7800000000E+01  3.7804166667E+01  4.16508E-03  7.18430E-01
  3.7804166667E+01  3.7808333333E+01  4.17736E-03  7.61040E-01
  3.7808333333E+01  3.7812500000E+01  4.13930E-03  5.56960E-01
  3.7812500000E+01  3.7816666667E+01  4.14378E-03  4.82612E-01
  3.7816666667E+01  3.7820833333E+01  4.20354E-03  8.92354E-01
  3.7820833333E+01  3.7825000000E+01  4.16419E-03  5.37456E-01
  3.7825000000E+01  3.7829166667E+01  4.17864E-03  6.57724E-01
  3.7829166667E+01  3.7833333333E+01  4.16540E-03  5.65221E-01
  3.7833333333E+01  3.7837500000E+01  4.14446E-03  4.65275E-01
  3.7837500000E+01  3.7841666667E+01  4.16166E-03  5.73897E-01
  3.7841666667E+01  3.7845833333E+01  4.16611E-03  5.38197E-01
  3.7845833333E+01  3.7850000000E+01  4.22185E-03  7.59810E-01
  3.7850000000E+01  3.7854166667E+01  4.23532E-03  8.53362E-01
  3.7854166667E+01  3.7858333333E+01  4.18763E-03  6.86078E-01
  3.7858333333E+01  3.7862500000E+01  4.21442E-03  8.75222E-01
  3.7862500000E+01  3.7866666667E+01  4.20009E-03  6.72224E-01
  3.7866666667E+01  3.7870833333E+01  4.20816E-03  6.79245E-01
  3.7870833333E+01  3.7875000000E+01  4.23795E-03  1.05938E+00
  3.7875000000E+01  3.7879166667E+01  4.22442E-03  6.77057E-01
  3.7879166667E+01  3.7883333333E+01  4.22329E-03  7.33558E-01
  3.7883333333E+01  3.7887500000E+01  4.19804E-03  5.62675E-01
  3.7887500000E+01  3.7891666667E+01  4.19618E-03  5.15061E-01
  3.7891666667E+01  3.7895833333E+01  4.22283E-03  6.50142E-01
  3.7895833333E+01  3.7900000000E+01  4.23691E-03  7.10198E-01
  3.7900000000E+01  3.7904166667E+01  4.21364E-03  5.68957E-01
  3.7904166667E+01  3.7908333333E+01  4.21079E-03  5.64390E-01
  3.7908333333E+01  3.7912500000E+01  4.21529E-03  6.26162E-01
  3.7912500000E+01  3.7916666667E+01  4.20065E-03  5.13776E-01
  3.7916666667E+01  3.7920833333E+01  4.22561E-03  6.90977E-01
  3.7920833333E+01  3.7925000000E+01  4.24445E-03  9.09511E-01
  3.7925000000E+01  3.7929166667E+01  4.23306E-03  6.90639E-01
  3.7929166667E+01  3.7933333333E+01  4.21496E-03  5.27676E-01
  3.7933333333E+01  3.7937500000E+01  4.25143E-03  7.12719E-01
  3.7937500000E+01  3.7941666667E+01  4.22523E-03  5.91618E-01
  3.7941666667E+01  3.7945833333E+01  4.22541E-03  5.88655E-01
  3.7945833333E+01  3.7950000000E+01  4.20315E-03  4.76081E-01
  3.7950000000E+01  3.7954166667E+01  4.28207E-03  9.87562E-01
  3.7954166667E+01  3.7958333333E+01  4.21439E-03  4.66316E-01
  3.7958333333E+01  3.7962500000E+01  4.20673E-03  4.47884E-01
  3.7962500000E+01  3.7966666667E+01  4.21432E-03  4.59061E-01
  3.7966666667E+01  3.7970833333E+01  4.25758E-03  6.69926E-01
  3.7970833333E+01  3.7975000000E+01  4.30742E-03  8.34549E-01
  3.7975000000E+01  3.7979166667E+01  4.31933E-03  8.27353E-01
  3.7979166667E+01  3.7983333333E+01  4.31973E-03  8.48434E-01
  3.7983333333E+01  3.7987500000E+01  4.30289E-03  7.95598E-01
  3.7987500000E+01  3.7991666667E+01  4.28223E-03  7.87236E-01
  3.7991666667E+01  3.7995833333E+01  4.29403E-03  6.56608E-01
  3.7995833333E+01  3.8000000000E+01  4.29174E-03  6.28899E-01
  3.8000000000E+01  3.8004166667E+01  4.33717E-03  9.26871E-01
  3.8004166667E+01  3.8008333333E+01  4.30141E-03  6.80520E-01
  3.8008333333E+01  3.8012500000E+01  4.32082E-03  7.98602E-01
  3.8012500000E+01  3.8016666667E+01  4.35658E-03  8.41069E-01
  3.8016666667E+01  3.8020833333E+01  4.33759E-03  8.82889E-01
  3.8020833333E+01  3.8025000000E+01  4.37597E-03  9.77114E-01
  3.8025000000E+01  3.8029166667E+01  4.30592E-03  5.82617E-01
  3.8029166667E+01  3.8033333333E+01  4.34447E-03  8.50417E-01
  3.8033333333E+01  3.8037500000E+01  4.31579E-03  6.28043E-01
  3.8037500000E+01  3.8041666667E+01  4.35688E-03  9.22822E-01
  3.8041666667E+01  3.8045833333E+01  4.33247E-03  7.51955E-01
  3.8045833333E+01  3.8050000000E+01  4.37930E-03  1.01144E+00
  3.8050000000E+01  3.8054166667E+01  4.35482E-03  7.25466E-01
  3.8054166667E+01  3.8058333333E+01  4.33546E-03  6.32439E-01
  3.8058333333E+01  3.8062500000E+01  4.38465E-03  8.56221E-01
  3.8062500000E+01  3.8066666667E+01  4.36148E-03  7.62808E-01
  3.8066666667E+01  3.8070833333E+01  4.34701E-03  6.43843E-01
  3.8070833333E+01  3.8075000000E+01  4.35879E-03  7.00250E-01
  3.8075000000E+01  3.8079166667E+01  4.38654E-03  8.39890E-01
  3.8079166667E+01  3.8083333333E+01  4.38446E-03  8.71195E-01
  3.8083333333E+01  3.8087500000E+01  4.37182E-03  7.63140E-01
  3.8087500000E+01  3.8091666667E+01  4.39147E-03  1.13056E+00
  3.8091666667E+01  3.8095833333E+01  4.40221E-03  9.06402E-01
  3.8095833333E+01  3.8100000000E+01  4.38675E-03  8.60225E-01
  3.8100000000E+01  3.8104166667E+01  4.36338E-03  7.46512E-01
  3.8104166667E+01  3.8108333333E+01  4.41094E-03  9.22643E-01
  3.8108333333E+01  3.8112500000E+01  4.34132E-03  5.90211E-01
  3.8112500000E+01  3.8116666667E+01  4.32411E-03  4.73500E-01
  3.8116666667E+01  3.8120833333E+01  4.36356E-03  7.88969E-01
  3.8120833333E+01  3.8125000000E+01  4.36651E-03  8.92945E-01
  3.8125000000E+01  3.8129166667E+01  4.38110E-03  7.54793E-01
  3.8129166667E+01  3.8133333333E+01  4.35153E-03  6.13017E-01
  3.8133333333E+01  3.8137500000E+01  4.41718E-03  8.70151E-01
  3.8137500000E+01  3.8141666667E+01  4.44052E-03  1.02253E+00
  3.8141666667E+01  3.8145833333E+01  4.38390E-03  7.84278E-01
  3.8145833333E+01  3.8150000000E+01  4.34340E-03  4.73036E-01
  3.8150000000E+01  3.8154166667E+01  4.36632E-03  5.73519E-01
  3.8154166667E+01  3.8158333333E+01  4.37500E-03  7.04810E-01
  3.8158333333E+01  3.8162500000E+01  4.38818E-03  6.78192E-01
  3.8162500000E+01  3.8166666667E+01  4.36302E-03  5.93909E-01
  3.8166666667E+01  3.8170833333E+01  4.40890E-03  6.38176E-01
  3.8170833333E+01  3.8175000000E+01  4.38397E-03  5.86664E-01
  3.8175000000E+01  3.8179166667E+01  4.40038E-03  6.55971E-01
  3.8179166667E+01  3.8183333333E+01  4.38175E-03  6.45714E-01
  3.8183333333E+01  3.8187500000E+01  4.38377E-03  6.82277E-01
  3.8187500000E+01  3.8191666667E+01  4.36207E-03  5.36863E-01
  3.8191666667E+01  3.8195833333E+01  4.41912E-03  8.67741E-01
  3.8195833333E+01  3.8200000000E+01  4.38180E-03  6.95746E-01
  3.8200000000E+01  3.8204166667E+01  4.44350E-03  7.79772E-01
  3.8204166667E+01  3.8208333333E+01  4.45502E-03  9.13677E-01
  3.8208333333E+01  3.8212500000E+01  4.41653E-03  7.08307E-01
  3.8212500000E+01  3.8216666667E+01  4.41491E-03  7.29720E-01
  3.8216666667E+01  3.8220833333E+01  4.45752E-03  9.41513E-01
  3.8220833333E+01  3.8225000000E+01  4.40805E-03  6.38202E-01
  3.8225000000E+01  3.8229166667E+01  4.43297E-03  6.81561E-01
  3.8229166667E+01  3.8233333333E+01  4.44889E-03  7.46950E-01
  3.8233333333E+01  3.8237500000E+01  4.51446E-03  9.11215E-01
  3.8237500000E+01  3.8241666667E+01  4.52529E-03  9.67017E-01
  3.8241666667E+01  3.8245833333E+01  4.46546E-03  7.08355E-01
  3.8245833333E+01  3.8250000000E+01  4.48645E-03  8.20384E-01
  3.8250000000E+01  3.8254166667E+01  4.45133E-03  6.53675E-01
  3.8254166667E+01  3.8258333333E+01  4.48115E-03  9.66859E-01
  3.8258333333E+01  3.8262500000E+01  4.45860E-03  6.92152E-01
  3.8262500000E+01  3.8266666667E+01  4.49720E-03  9.04991E-01
  3.8266666667E+01  3.8270833333E+01  4.46529E-03  7.57935E-01
  3.8270833333E+01  3.8275000000E+01  4.42111E-03  4.63480E-01
  3.8275000000E+01  3.8279166667E+01  4.43828E-03  5.64335E-01
  3.8279166667E+01  3.8283333333E+01  4.47289E-03  7.26618E-01
  3.8283333333E+01  3.8287500000E+01  4.51465E-03  8.59497E-01
  3.8287500000E+01  3.8291666667E+01  4.47200E-03  7.30137E-01
  3.8291666667E+01  3.8295833333E+01  4.48778E-03  7.63830E-01
  3.8295833333E+01  3.8300000000E+01  4.47030E-03  6.71289E-01
  3.8300000000E+01  3.8304166667E+01  4.53889E-03  1.17536E+00
  3.8304166667E+01  3.8308333333E+01  4.51210E-03  7.92688E-01
  3.8308333333E+01  3.8312500000E+01  4.53028E-03  7.06039E-01
  3.8312500000E+01  3.8316666667E+01  4.48206E-03  5.81990E-01
  3.8316666667E+01  3.8320833333E+01  4.46880E-03  5.84399E-01
  3.8320833333E+01  3.8325000000E+01  4.47507E-03  6.76479E-01
  3.8325000000E+01  3.8329166667E+01  4.53287E-03  9.09396E-01
  3.8329166667E+01  3.8333333333E+01  4.48160E-03  5.54603E-01
  3.8333333333E+01  3.8337500000E+01  4.49518E-03  6.95368E-01
  3.8337500000E+01  3.8341666667E+01  4.51225E-03  7.65791E-01
  3.8341666667E+01  3.8345833333E+01  4.49365E-03  6.36929E-01
  3.8345833333E+01  3.8350000000E+01  4.52314E-03  7.53713E-01
  3.8350000000E+01  3.8354166667E+01  4.49915E-03  6.30147E-01
  3.8354166667E+01  3.8358333333E+01  4.53607E-03  1.01731E+00
  3.8358333333E+01  3.8362500000E+01  4.47864E-03  4.78697E-01
  3.8362500000E+01  3.8366666667E+01  4.49830E-03  5.00616E-01
  3.8366666667E+01  3.8370833333E+01  4.53834E-03  7.16396E-01
  3.8370833333E+01  3.8375000000E+01  4.52814E-03  6.24620E-01
  3.8375000000E+01  3.8379166667E+01  4.54644E-03  6.70414E-01
  3.8379166667E+01  3.8383333333E+01  4.55038E-03  6.96967E-01
  3.8383333333E+01  3.8387500000E+01  4.54076E-03  6.50940E-01
  3.8387500000E+01  3.8391666667E+01  4.53498E-03  5.37125E-01
  3.8391666667E+01  3.8395833333E+01  4.52786E-03  4.81004E-01
  3.8395833333E+01  3.8400000000E+01  4.57732E-03  6.88224E-01
  3.8400000000E+01  3.8404166667E+01  4.53256E-03  4.84497E-01
  3.8404166667E+01  3.8408333333E+01  4.56241E-03  5.98261E-01
  3.8408333333E+01  3.8412500000E+01  4.58389E-03  6.40946E-01
  3.8412500000E+01  3.8416666667E+01  4.61764E-03  1.05361E+00
  3.8416666667E+01  3.8420833333E+01  4.55638E-03  5.32647E-01
  3.8420833333E+01  3.8425000000E+01  4.56614E-03  6.20391E-01
  3.8425000000E+01  3.8429166667E+01  4.58258E-03  7.28984E-01
  3.8429166667E+01  3.8433333333E+01  4.61226E-03  7.72394E-01
  3.8433333333E+01  3.8437500000E+01  4.56878E-03  4.86911E-01
  3.8437500000E+01  3.8441666667E+01  4.57746E-03  5.10104E-01
  3.8441666667E+01  3.8445833333E+01  4.57999E-03  5.13651E-01
  3.8445833333E+01  3.8450000000E+01  4.62461E-03  6.95612E-01
  3.8450000000E+01  3.8454166667E+01  4.60658E-03  6.93981E-01
  3.8454166667E+01  3.8458333333E+01  4.61391E-03  6.72734E-01
  3.8458333333E+01  3.8462500000E+01  4.64487E-03  6.98653E-01
  3.8462500000E+01  3.8466666667E+01  4.61724E-03  5.86980E-01
  3.8466666667E+01  3.8470833333E+01  4.67063E-03  8.63416E-01
  3.8470833333E+01  3.8475000000E+01  4.65462E-03  7.41814E-01
  3.8475000000E+01  3.8479166667E+01  4.63615E-03  5.96520E-01
  3.8479166667E+01  3.8483333333E+01  4.70709E-03  9.02396E-01
  3.8483333333E+01  3.8487500000E+01  4.68037E-03  6.88519E-01
  3.8487500000E+01  3.8491666667E+01  4.69269E-03  8.64177E-01
  3.8491666667E+01  3.8495833333E+01  4.66322E-03  6.57865E-01
  3.8495833333E+01  3.8500000000E+01  4.64759E-03  5.40031E-01
  3.8500000000E+01  3.8504166667E+01  4.69408E-03  6.91571E-01
  3.8504166667E+01  3.8508333333E+01  4.68860E-03  6.81821E-01
  3.8508333333E+01  3.8512500000E+01  4.70433E-03  7.18816E-01
  3.8512500000E+01  3.8516666667E+01  4.73801E-03  9.89342E-01
  3.8516666667E+01  3.8520833333E+01  4.74886E-03  8.64459E-01
  3.8520833333E+01  3.8525000000E+01  4.73099E-03  7.88189E-01
  3.8525000000E+01  3.8529166667E+01  4.72561E-03  8.29969E-01
  3.8529166667E+01  3.8533333333E+01  4.72970E-03  8.17709E-01
  3.8533333333E+01  3.8537500000E+01  4.72868E-03  7.62255E-01
  3.8537500000E+01  3.8541666667E+01  4.68992E-03  5.67047E-01
  3.8541666667E+01  3.8545833333E+01  4.68824E-03  5.25895E-01
  3.8545833333E+01  3.8550000000E+01  4.68317E-03  5.64003E-01
  3.8550000000E+01  3.8554166667E+01  4.69496E-03  5.90923E-01
  3.8554166667E+01  3.8558333333E+01  4.68155E-03  5.52264E-01
  3.8558333333E+01  3.8562500000E+01  4.69387E-03  5.84541E-01
  3.8562500000E+01  3.8566666667E+01  4.70038E-03  6.47022E-01
  3.8566666667E+01  3.8570833333E+01  4.71274E-03  7.47797E-01
  3.8570833333E+01  3.8575000000E+01  4.75282E-03  8.01461E-01
  3.8575000000E+01  3.8579166667E+01  4.71318E-03  5.47285E-01
  3.8579166667E+01  3.8583333333E+01  4.74513E-03  7.20682E-01
  3.8583333333E+01  3.8587500000E+01  4.76883E-03  7.27229E-01
  3.8587500000E+01  3.8591666667E+01  4.78055E-03  6.69529E-01
  3.8591666667E+01  3.8595833333E+01  4.79986E-03  8.02330E-01
  3.8595833333E+01  3.8600000000E+01  4.78188E-03  6.85086E-01
  3.8600000000E+01  3.8604166667E+01  4.76369E-03  6.44294E-01
  3.8604166667E+01  3.8608333333E+01  4.78575E-03  8.64493E-01
  3.8608333333E+01  3.8612500000E+01  4.75809E-03  5.77939E-01
  3.8612500000E+01  3.8616666667E+01  4.77489E-03  7.02818E-01
  3.8616666667E+01  3.8620833333E+01  4.81685E-03  8.39057E-01
  3.8620833333E+01  3.8625000000E+01  4.79132E-03  6.30164E-01
  3.8625000000E+01  3.8629166667E+01  4.79450E-03  5.96110E-01
  3.8629166667E+01  3.8633333333E+01  4.81048E-03  7.91712E-01
  3.8633333333E+01  3.8637500000E+01  4.85399E-03  8.10476E-01
  3.8637500000E+01  3.8641666667E+01  4.79470E-03  6.19669E-01
  3.8641666667E+01  3.8645833333E+01  4.77777E-03  6.80763E-01
  3.8645833333E+01  3.8650000000E+01  4.78639E-03  6.28078E-01
  3.8650000000E+01  3.8654166667E+01  4.81531E-03  6.83291E-01
  3.8654166667E+01  3.8658333333E+01  4.77807E-03  4.92972E-01
  3.8658333333E+01  3.8662500000E+01  4.81562E-03  6.12362E-01
  3.8662500000E+01  3.8666666667E+01  4.78898E-03  5.15082E-01
  3.8666666667E+01  3.8670833333E+01  4.82858E-03  8.79918E-01
  3.8670833333E+01  3.8675000000E+01  4.80697E-03  5.22161E-01
  3.8675000000E+01  3.8679166667E+01  4.90697E-03  1.15072E+00
  3.8679166667E+01  3.8683333333E+01  4.89162E-03  8.37724E-01
  3.8683333333E+01  3.8687500000E+01  4.82258E-03  5.42172E-01
  3.8687500000E+01  3.8691666667E+01  4.83003E-03  5.01996E-01
  3.8691666667E+01  3.8695833333E+01  4.87022E-03  7.01051E-01
  3.8695833333E+01  3.8700000000E+01  4.87284E-03  6.49146E-01
  3.8700000000E+01  3.8704166667E+01  4.90205E-03  1.08910E+00
  3.8704166667E+01  3.8708333333E+01  4.88072E-03  8.15468E-01
  3.8708333333E+01  3.8712500000E+01  4.94219E-03  9.29179E-01
  3.8712500000E+01  3.8716666667E+01  4.87148E-03  6.34132E-01
  3.8716666667E+01  3.8720833333E+01  4.91523E-03  6.72219E-01
  3.8720833333E+01  3.8725000000E+01  4.88655E-03  6.11494E-01
  3.8725000000E+01  3.8729166667E+01  4.86694E-03  5.01996E-01
  3.8729166667E+01  3.8733333333E+01  4.91109E-03  7.99557E-01
  3.8733333333E+01  3.8737500000E+01  4.92939E-03  9.04265E-01
  3.8737500000E+01  3.8741666667E+01  4.89674E-03  6.34571E-01
  3.8741666667E+01  3.8745833333E+01  4.94642E-03  8.64571E-01
  3.8745833333E+01  3.8750000000E+01  4.91761E-03  6.15238E-01
  3.8750000000E+01  3.8754166667E+01  4.96454E-03  7.46767E-01
  3.8754166667E+01  3.8758333333E+01  4.90548E-03  5.11865E-01
  3.8758333333E+01  3.8762500000E+01  4.91564E-03  6.25728E-01
  3.8762500000E+01  3.8766666667E+01  4.90093E-03  5.82493E-01
  3.8766666667E+01  3.8770833333E+01  4.91476E-03  6.09000E-01
  3.8770833333E+01  3.8775000000E+01  4.90010E-03  5.12277E-01
  3.8775000000E+01  3.8779166667E+01  4.94552E-03  6.66781E-01
  3.8779166667E+01  3.8783333333E+01  4.97254E-03  7.20459E-01
  3.8783333333E+01  3.8787500000E+01  4.97993E-03  7.20668E-01
  3.8787500000E+01  3.8791666667E+01  4.95288E-03  6.10501E-01
  3.8791666667E+01  3.8795833333E+01  4.94477E-03  5.81176E-01
  3.8795833333E+01  3.8800000000E+01  5.00159E-03  7.65672E-01
  3.8800000000E+01  3.8804166667E+01  4.94026E-03  5.27609E-01
  3.8804166667E+01  3.8808333333E+01  4.96747E-03  7.02103E-01
  3.8808333333E+01  3.8812500000E+01  4.96043E-03  6.40487E-01
  3.8812500000E+01  3.8816666667E+01  4.98704E-03  6.82770E-01
  3.8816666667E+01  3.8820833333E+01  5.02025E-03  7.51892E-01
  3.8820833333E+01  3.8825000000E+01  4.96965E-03  6.51292E-01
  3.8825000000E+01  3.8829166667E+01  4.94943E-03  5.00238E-01
  3.8829166667E+01  3.8833333333E+01  4.97946E-03  6.69275E-01
  3.8833333333E+01  3.8837500000E+01  4.97933E-03  5.94417E-01
  3.8837500000E+01  3.8841666667E+01  4.95459E-03  4.86295E-01
  3.8841666667E+01  3.8845833333E+01  4.97881E-03  5.82238E-01
  3.8845833333E+01  3.8850000000E+01  5.01361E-03  6.05248E-01
  3.8850000000E+01  3.8854166667E+01  5.02790E-03  7.44731E-01
  3.8854166667E+01  3.8858333333E+01  5.02686E-03  6.93872E-01
  3.8858333333E+01  3.8862500000E+01  5.00064E-03  5.74147E-01
  3.8862500000E+01  3.8866666667E+01  5.00351E-03  4.99747E-01
  3.8866666667E+01  3.8870833333E+01  5.02864E-03  5.94064E-01
  3.8870833333E+01  3.8875000000E+01  5.05238E-03  6.48029E-01
  3.8875000000E+01  3.8879166667E+01  5.03289E-03  5.89003E-01
  3.8879166667E+01  3.8883333333E+01  5.02601E-03  5.27031E-01
  3.8883333333E+01  3.8887500000E+01  5.04926E-03  6.47225E-01
  3.8887500000E+01  3.8891666667E+01  5.07085E-03  6.26027E-01
  3.8891666667E+01  3.8895833333E+01  5.07519E-03  6.25687E-01
  3.8895833333E+01  3.8900000000E+01  5.07355E-03  6.01206E-01
  3.8900000000E+01  3.8904166667E+01  5.08642E-03  6.71814E-01
  3.8904166667E+01  3.8908333333E+01  5.11423E-03  7.27715E-01
  3.8908333333E+01  3.8912500000E+01  5.09371E-03  5.84202E-01
  3.8912500000E+01  3.8916666667E+01  5.10909E-03  6.69980E-01
  3.8916666667E+01  3.8920833333E+01  5.16130E-03  7.26622E-01
  3.8920833333E+01  3.8925000000E+01  5.17133E-03  7.93953E-01
  3.8925000000E+01  3.8929166667E+01  5.14700E-03  7.37288E-01
  3.8929166667E+01  3.8933333333E+01  5.14230E-03  6.69067E-01
  3.8933333333E+01  3.8937500000E+01  5.18079E-03  9.82221E-01
  3.8937500000E+01  3.8941666667E+01  5.18397E-03  8.18980E-01
  3.8941666667E+01  3.8945833333E+01  5.17107E-03  7.08642E-01
  3.8945833333E+01  3.8950000000E+01  5.15885E-03  6.42391E-01
  3.8950000000E+01  3.8954166667E+01  5.16791E-03  8.04904E-01
  3.8954166667E+01  3.8958333333E+01  5.14050E-03  5.84516E-01
  3.8958333333E+01  3.8962500000E+01  5.12327E-03  5.08865E-01
  3.8962500000E+01  3.8966666667E+01  5.16411E-03  6.42301E-01
  3.8966666667E+01  3.8970833333E+01  5.17247E-03  6.86677E-01
  3.8970833333E+01  3.8975000000E+01  5.18908E-03  7.04984E-01
  3.8975000000E+01  3.8979166667E+01  5.20206E-03  6.69077E-01
  3.8979166667E+01  3.8983333333E+01  5.21603E-03  7.75299E-01
  3.8983333333E+01  3.8987500000E+01  5.18594E-03  5.67434E-01
  3.8987500000E+01  3.8991666667E+01  5.17224E-03  5.93276E-01
  3.8991666667E+01  3.8995833333E+01  5.21764E-03  7.12394E-01
  3.8995833333E+01  3.9000000000E+01  5.20589E-03  6.58441E-01
  3.9000000000E+01  3.9004166667E+01  5.20694E-03  5.96172E-01
  3.9004166667E+01  3.9008333333E+01  5.20605E-03  5.56589E-01
  3.9008333333E+01  3.9012500000E+01  5.23002E-03  6.69310E-01
  3.9012500000E+01  3.9016666667E+01  5.22168E-03  5.84454E-01
  3.9016666667E+01  3.9020833333E+01  5.25817E-03  6.62151E-01
  3.9020833333E+01  3.9025000000E+01  5.34028E-03  8.75656E-01
  3.9025000000E+01  3.9029166667E+01  5.31372E-03  8.21739E-01
  3.9029166667E+01  3.9033333333E+01  5.26505E-03  6.36192E-01
  3.9033333333E+01  3.9037500000E+01  5.26051E-03  6.60608E-01
  3.9037500000E+01  3.9041666667E+01  5.23539E-03  4.97341E-01
  3.9041666667E+01  3.9045833333E+01  5.28621E-03  6.29499E-01
  3.9045833333E+01  3.9050000000E+01  5.31177E-03  7.16295E-01
  3.9050000000E+01  3.9054166667E+01  5.30328E-03  5.88759E-01
  3.9054166667E+01  3.9058333333E+01  5.34055E-03  7.25457E-01
  3.9058333333E+01  3.9062500000E+01  5.31552E-03  5.89242E-01
  3.9062500000E+01  3.9066666667E+01  5.38138E-03  8.23778E-01
  3.9066666667E+01  3.9070833333E+01  5.32414E-03  6.01288E-01
  3.9070833333E+01  3.9075000000E+01  5.34644E-03  7.81631E-01
  3.9075000000E+01  3.9079166667E+01  5.34348E-03  6.01726E-01
  3.9079166667E+01  3.9083333333E+01  5.31118E-03  5.03967E-01
  3.9083333333E+01  3.9087500000E+01  5.33629E-03  5.69098E-01
  3.9087500000E+01  3.9091666667E+01  5.42546E-03  8.73464E-01
  3.9091666667E+01  3.9095833333E+01  5.38771E-03  6.16817E-01
  3.9095833333E+01  3.9100000000E+01  5.39176E-03  7.08826E-01
  3.9100000000E+01  3.9104166667E+01  5.40725E-03  8.30167E-01
  3.9104166667E+01  3.9108333333E+01  5.41246E-03  7.81697E-01
  3.9108333333E+01  3.9112500000E+01  5.41259E-03  6.93267E-01
  3.9112500000E+01  3.9116666667E+01  5.40114E-03  6.51944E-01
  3.9116666667E+01  3.9120833333E+01  5.44853E-03  8.24988E-01
  3.9120833333E+01  3.9125000000E+01  5.45997E-03  7.85670E-01
  3.9125000000E+01  3.9129166667E+01  5.52541E-03  8.75777E-01
  3.9129166667E+01  3.9133333333E+01  5.43393E-03  6.00093E-01
  3.9133333333E+01  3.9137500000E+01  5.43442E-03  5.44118E-01
  3.9137500000E+01  3.9141666667E+01  5.45770E-03  5.90676E-01
  3.9141666667E+01  3.9145833333E+01  5.48441E-03  7.58966E-01
  3.9145833333E+01  3.9150000000E+01  5.46922E-03  6.34213E-01
  3.9150000000E+01  3.9154166667E+01  5.48053E-03  6.56333E-01
  3.9154166667E+01  3.9158333333E+01  5.56843E-03  9.14891E-01
  3.9158333333E+01  3.9162500000E+01  5.46289E-03  5.64503E-01
  3.9162500000E+01  3.9166666667E+01  5.53013E-03  7.89460E-01
  3.9166666667E+01  3.9170833333E+01  5.51403E-03  6.58945E-01
  3.9170833333E+01  3.9175000000E+01  5.52112E-03  6.65805E-01
  3.9175000000E+01  3.9179166667E+01  5.54731E-03  6.62025E-01
  3.9179166667E+01  3.9183333333E+01  5.53564E-03  6.12138E-01
  3.9183333333E+01  3.9187500000E+01  5.57166E-03  7.62247E-01
  3.9187500000E+01  3.9191666667E+01  5.51843E-03  5.60581E-01
  3.9191666667E+01  3.9195833333E+01  5.59252E-03  7.85097E-01
  3.9195833333E+01  3.9200000000E+01  5.53547E-03  5.36293E-01
  3.9200000000E+01  3.9204166667E+01  5.57647E-03  7.71423E-01
  3.9204166667E+01  3.9208333333E+01  5.56601E-03  6.33578E-01
  3.9208333333E+01  3.9212500000E+01  5.57205E-03  5.92194E-01
  3.9212500000E+01  3.9216666667E+01  5.64415E-03  7.76916E-01
  3.9216666667E+01  3.9220833333E+01  5.62083E-03  7.89329E-01
  3.9220833333E+01  3.9225000000E+01  5.58332E-03  5.73643E-01
  3.9225000000E+01  3.9229166667E+01  5.61069E-03  6.27424E-01
  3.9229166667E+01  3.9233333333E+01  5.62814E-03  6.48778E-01
  3.9233333333E+01  3.9237500000E+01  5.65513E-03  6.78809E-01
  3.9237500000E+01  3.9241666667E+01  5.62442E-03  5.35120E-01
  3.9241666667E+01  3.9245833333E+01  5.62798E-03  5.39756E-01
  3.9245833333E+01  3.9250000000E+01  5.64264E-03  5.88103E-01
  3.9250000000E+01  3.9254166667E+01  5.65870E-03  6.13481E-01
  3.9254166667E+01  3.9258333333E+01  5.67207E-03  7.08039E-01
  3.9258333333E+01  3.9262500000E+01  5.67734E-03  6.63559E-01
  3.9262500000E+01  3.9266666667E+01  5.66196E-03  5.77234E-01
  3.9266666667E+01  3.9270833333E+01  5.67074E-03  5.49329E-01
  3.9270833333E+01  3.9275000000E+01  5.66496E-03  5.52965E-01
  3.9275000000E+01  3.9279166667E+01  5.70797E-03  6.46708E-01
  3.9279166667E+01  3.9283333333E+01  5.73818E-03  7.19308E-01
  3.9283333333E+01  3.9287500000E+01  5.71855E-03  6.40965E-01
  3.9287500000E+01  3.9291666667E+01  5.73584E-03  5.94770E-01
  3.9291666667E+01  3.9295833333E+01  5.77944E-03  8.04898E-01
  3.9295833333E+01  3.9300000000E+01  5.75404E-03  5.47397E-01
  3.9300000000E+01  3.9304166667E+01  5.80081E-03  6.80366E-01
  3.9304166667E+01  3.9308333333E+01  5.86076E-03  8.53391E-01
  3.9308333333E+01  3.9312500000E+01  5.79598E-03  6.81938E-01
  3.9312500000E+01  3.9316666667E+01  5.76645E-03  5.22284E-01
  3.9316666667E+01  3.9320833333E+01  5.78803E-03  6.64505E-01
  3.9320833333E+01  3.9325000000E+01  5.82559E-03  6.75876E-01
  3.9325000000E+01  3.9329166667E+01  5.78607E-03  5.25905E-01
  3.9329166667E+01  3.9333333333E+01  5.83610E-03  6.63540E-01
  3.9333333333E+01  3.9337500000E+01  5.82755E-03  5.70926E-01
  3.9337500000E+01  3.9341666667E+01  5.83217E-03  5.35984E-01
  3.9341666667E+01  3.9345833333E+01  5.85192E-03  5.56044E-01
  3.9345833333E+01  3.9350000000E+01  5.88312E-03  5.79863E-01
  3.9350000000E+01  3.9354166667E+01  5.89316E-03  6.56630E-01
  3.9354166667E+01  3.9358333333E+01  5.92126E-03  7.89968E-01
  3.9358333333E+01  3.9362500000E+01  5.90203E-03  5.41659E-01
  3.9362500000E+01  3.9366666667E+01  5.90969E-03  5.40698E-01
  3.9366666667E+01  3.9370833333E+01  5.94118E-03  6.78554E-01
  3.9370833333E+01  3.9375000000E+01  5.93735E-03  5.62457E-01
  3.9375000000E+01  3.9379166667E+01  5.96612E-03  6.87080E-01
  3.9379166667E+01  3.9383333333E+01  5.99444E-03  6.91717E-01
  3.9383333333E+01  3.9387500000E+01  5.94031E-03  5.16558E-01
  3.9387500000E+01  3.9391666667E+01  5.94312E-03  5.72526E-01
  3.9391666667E+01  3.9395833333E+01  6.01262E-03  6.28060E-01
  3.9395833333E+01  3.9400000000E+01  6.03005E-03  6.08494E-01
  3.9400000000E+01  3.9404166667E+01  6.05040E-03  6.76734E-01
  3.9404166667E+01  3.9408333333E+01  6.02227E-03  6.03757E-01
  3.9408333333E+01  3.9412500000E+01  6.03580E-03  5.86265E-01
  3.9412500000E+01  3.9416666667E+01  6.02067E-03  5.17852E-01
  3.9416666667E+01  3.9420833333E+01  6.01810E-03  5.25476E-01
  3.9420833333E+01  3.9425000000E+01  6.02219E-03  5.50565E-01
  3.9425000000E+01  3.9429166667E+01  6.11225E-03  7.29341E-01
  3.9429166667E+01  3.9433333333E+01  6.12128E-03  6.37825E-01
  3.9433333333E+01  3.9437500000E+01  6.07990E-03  4.98471E-01
  3.9437500000E+01  3.9441666667E+01  6.15692E-03  7.19839E-01
  3.9441666667E+01  3.9445833333E+01  6.12830E-03  5.91043E-01
  3.9445833333E+01  3.9450000000E+01  6.14056E-03  6.10710E-01
  3.9450000000E+01  3.9454166667E+01  6.17253E-03  6.88486E-01
  3.9454166667E+01  3.9458333333E+01  6.26161E-03  9.08642E-01
  3.9458333333E+01  3.9462500000E+01  6.17930E-03  6.87202E-01
  3.9462500000E+01  3.9466666667E+01  6.20907E-03  6.97273E-01
  3.9466666667E+01  3.9470833333E+01  6.21252E-03  6.29174E-01
  3.9470833333E+01  3.9475000000E+01  6.22283E-03  7.00178E-01
  3.9475000000E+01  3.9479166667E+01  6.24113E-03  6.32064E-01
  3.9479166667E+01  3.9483333333E+01  6.25353E-03  5.73248E-01
  3.9483333333E+01  3.9487500000E+01  6.30073E-03  6.51631E-01
  3.9487500000E+01  3.9491666667E+01  6.31948E-03  7.18556E-01
  3.9491666667E+01  3.9495833333E+01  6.31042E-03  6.36355E-01
  3.9495833333E+01  3.9500000000E+01  6.32092E-03  6.63310E-01
  3.9500000000E+01  3.9504166667E+01  6.36740E-03  6.72012E-01
  3.9504166667E+01  3.9508333333E+01  6.35424E-03  6.57394E-01
  3.9508333333E+01  3.9512500000E+01  6.33116E-03  5.10800E-01
  3.9512500000E+01  3.9516666667E+01  6.38914E-03  6.86507E-01
  3.9516666667E+01  3.9520833333E+01  6.37009E-03  6.37739E-01
  3.9520833333E+01  3.9525000000E+01  6.38453E-03  6.44613E-01
  3.9525000000E+01  3.9529166667E+01  6.41504E-03  6.03584E-01
  3.9529166667E+01  3.9533333333E+01  6.39389E-03  5.09615E-01
  3.9533333333E+01  3.9537500000E+01  6.42460E-03  5.93933E-01
  3.9537500000E+01  3.9541666667E+01  6.44893E-03  6.00620E-01
  3.9541666667E+01  3.9545833333E+01  6.46548E-03  6.36130E-01
  3.9545833333E+01  3.9550000000E+01  6.44187E-03  5.00621E-01
  3.9550000000E+01  3.9554166667E+01  6.48982E-03  5.55574E-01
  3.9554166667E+01  3.9558333333E+01  6.48056E-03  5.57670E-01
  3.9558333333E+01  3.9562500000E+01  6.47764E-03  4.93516E-01
  3.9562500000E+01  3.9566666667E+01  6.49995E-03  5.25331E-01
  3.9566666667E+01  3.9570833333E+01  6.56437E-03  6.91772E-01
  3.9570833333E+01  3.9575000000E+01  6.54088E-03  5.35773E-01
  3.9575000000E+01  3.9579166667E+01  6.54797E-03  5.35821E-01
  3.9579166667E+01  3.9583333333E+01  6.56604E-03  5.64518E-01
  3.9583333333E+01  3.9587500000E+01  6.56704E-03  5.49397E-01
  3.9587500000E+01  3.9591666667E+01  6.62843E-03  6.96489E-01
  3.9591666667E+01  3.9595833333E+01  6.61434E-03  6.32854E-01
  3.9595833333E+01  3.9600000000E+01  6.65474E-03  6.43602E-01
  3.9600000000E+01  3.9604166667E+01  6.63627E-03  6.09232E-01
  3.9604166667E+01  3.9608333333E+01  6.64701E-03  5.52071E-01
  3.9608333333E+01  3.9612500000E+01  6.68447E-03  6.02418E-01
  3.9612500000E+01  3.9616666667E+01  6.70753E-03  6.14495E-01
  3.9616666667E+01  3.9620833333E+01  6.73041E-03  6.94869E-01
  3.9620833333E+01  3.9625000000E+01  6.73006E-03  6.38509E-01
  3.9625000000E+01  3.9629166667E+01  6.71497E-03  5.19681E-01
  3.9629166667E+01  3.9633333333E+01  6.76727E-03  6.49538E-01
  3.9633333333E+01  3.9637500000E+01  6.75844E-03  5.79754E-01
  3.9637500000E+01  3.9641666667E+01  6.79028E-03  6.15963E-01
  3.9641666667E+01  3.9645833333E+01  6.79361E-03  5.86414E-01
  3.9645833333E+01  3.9650000000E+01  6.85327E-03  7.09571E-01
  3.9650000000E+01  3.9654166667E+01  6.81112E-03  5.27333E-01
  3.9654166667E+01  3.9658333333E+01  6.85318E-03  5.66622E-01
  3.9658333333E+01  3.9662500000E+01  6.87145E-03  5.59746E-01
  3.9662500000E+01  3.9666666667E+01  6.86815E-03  5.24308E-01
  3.9666666667E+01  3.9670833333E+01  6.92599E-03  6.39081E-01
  3.9670833333E+01  3.9675000000E+01  6.91902E-03  5.31458E-01
  3.9675000000E+01  3.9679166667E+01  6.95811E-03  6.76367E-01
  3.9679166667E+01  3.9683333333E+01  6.91731E-03  4.95328E-01
  3.9683333333E+01  3.9687500000E+01  7.02115E-03  6.85182E-01
  3.9687500000E+01  3.9691666667E+01  6.96993E-03  5.14044E-01
  3.9691666667E+01  3.9695833333E+01  6.98986E-03  5.15044E-01
  3.9695833333E+01  3.9700000000E+01  7.06188E-03  6.22536E-01
  3.9700000000E+01  3.9704166667E+01  7.08443E-03  6.70375E-01
  3.9704166667E+01  3.9708333333E+01  7.05952E-03  5.44791E-01
  3.9708333333E+01  3.9712500000E+01  7.06353E-03  5.36628E-01
  3.9712500000E+01  3.9716666667E+01  7.09548E-03  5.43584E-01
  3.9716666667E+01  3.9720833333E+01  7.13447E-03  5.66864E-01
  3.9720833333E+01  3.9725000000E+01  7.11252E-03  5.13755E-01
  3.9725000000E+01  3.9729166667E+01  7.11402E-03  4.78799E-01
  3.9729166667E+01  3.9733333333E+01  7.23205E-03  6.91889E-01
  3.9733333333E+01  3.9737500000E+01  7.20516E-03  5.55212E-01
  3.9737500000E+01  3.9741666667E+01  7.21895E-03  6.10343E-01
  3.9741666667E+01  3.9745833333E+01  7.23143E-03  5.13105E-01
  3.9745833333E+01  3.9750000000E+01  7.25104E-03  5.25233E-01
  3.9750000000E+01  3.9754166667E+01  7.26469E-03  4.80318E-01
  3.9754166667E+01  3.9758333333E+01  7.29458E-03  5.43616E-01
  3.9758333333E+01  3.9762500000E+01  7.34756E-03  5.73334E-01
  3.9762500000E+01  3.9766666667E+01  7.36435E-03  5.79610E-01
  3.9766666667E+01  3.9770833333E+01  7.43534E-03  6.75091E-01
  3.9770833333E+01  3.9775000000E+01  7.42744E-03  6.05000E-01
  3.9775000000E+01  3.9779166667E+01  7.43622E-03  5.17432E-01
  3.9779166667E+01  3.9783333333E+01  7.44784E-03  5.02446E-01
  3.9783333333E+01  3.9787500000E+01  7.45556E-03  4.85034E-01
  3.9787500000E+01  3.9791666667E+01  7.51895E-03  5.42916E-01
  3.9791666667E+01  3.9795833333E+01  7.53037E-03  4.93296E-01
  3.9795833333E+01  3.9800000000E+01  7.56957E-03  5.25994E-01
  3.9800000000E+01  3.9804166667E+01  7.60151E-03  5.66161E-01
  3.9804166667E+01  3.9808333333E+01  7.63302E-03  5.58679E-01
  3.9808333333E+01  3.9812500000E+01  7.68325E-03  5.68325E-01
  3.9812500000E+01  3.9816666667E+01  7.67651E-03  5.53340E-01
  3.9816666667E+01  3.9820833333E+01  7.67668E-03  5.09152E-01
  3.9820833333E+01  3.9825000000E+01  7.76235E-03  5.83321E-01
  3.9825000000E+01  3.9829166667E+01  7.76198E-03  5.32353E-01
  3.9829166667E+01  3.9833333333E+01  7.74067E-03  4.97639E-01
  3.9833333333E+01  3.9837500000E+01  7.76884E-03  5.12789E-01
  3.9837500000E+01  3.9841666667E+01  7.77690E-03  4.82538E-01
  3.9841666667E+01  3.9845833333E+01  7.83834E-03  4.93366E-01
  3.9845833333E+01  3.9850000000E+01  7.89316E-03  5.90879E-01
  3.9850000000E+01  3.9854166667E+01  7.88308E-03  5.01007E-01
  3.9854166667E+01  3.9858333333E+01  7.92721E-03  5.40932E-01
  3.9858333333E+01  3.9862500000E+01  7.95205E-03  4.92904E-01
  3.9862500000E+01  3.9866666667E+01  8.01664E-03  5.77561E-01
  3.9866666667E+01  3.9870833333E+01  8.05955E-03  5.79870E-01
  3.9870833333E+01  3.9875000000E+01  8.04807E-03  5.19195E-01
  3.9875000000E+01  3.9879166667E+01  8.08076E-03  5.39082E-01
  3.9879166667E+01  3.9883333333E+01  8.14989E-03  5.69659E-01
  3.9883333333E+01  3.9887500000E+01  8.19298E-03  5.87498E-01
  3.9887500000E+01  3.9891666667E+01  8.19524E-03  5.22052E-01
  3.9891666667E+01  3.9895833333E+01  8.26908E-03  5.95667E-01
  3.9895833333E+01  3.9900000000E+01  8.27737E-03  5.07815E-01
  3.9900000000E+01  3.9904166667E+01  8.31629E-03  5.20163E-01
  3.9904166667E+01  3.9908333333E+01  8.34525E-03  5.19038E-01
  3.9908333333E+01  3.9912500000E+01  8.40610E-03  5.49799E-01
  3.9912500000E+01  3.9916666667E+01  8.43643E-03  5.25041E-01
  3.9916666667E+01  3.9920833333E+01  8.48542E-03  4.94882E-01
  3.9920833333E+01  3.9925000000E+01  8.50221E-03  5.01673E-01
  3.9925000000E+01  3.9929166667E+01  8.55416E-03  4.98001E-01
  3.9929166667E+01  3.9933333333E+01  8.60625E-03  5.01950E-01
  3.9933333333E+01  3.9937500000E+01  8.69594E-03  5.70650E-01
  3.9937500000E+01  3.9941666667E+01  8.72701E-03  5.64345E-01
  3.9941666667E+01  3.9945833333E+01  8.70610E-03  5.00485E-01
  3.9945833333E+01  3.9950000000E+01  8.76805E-03  4.99391E-01
  3.9950000000E+01  3.9954166667E+01  8.83854E-03  5.26313E-01
  3.9954166667E+01  3.9958333333E+01  8.86793E-03  5.28840E-01
  3.9958333333E+01  3.9962500000E+01  8.91499E-03  5.13286E-01
  3.9962500000E+01  3.9966666667E+01  8.95477E-03  4.90518E-01
  3.9966666667E+01  3.9970833333E+01  9.03384E-03  5.64901E-01
  3.9970833333E+01  3.9975000000E+01  9.06401E-03  5.22492E-01
  3.9975000000E+01  3.9979166667E+01  9.13178E-03  5.44357E-01
  3.9979166667E+01  3.9983333333E+01  9.20701E-03  5.55883E-01
  3.9983333333E+01  3.9987500000E+01  9.22894E-03  5.65158E-01
  3.9987500000E+01  3.9991666667E+01  9.26084E-03  4.85150E-01
  3.9991666667E+01  3.9995833333E+01  9.34248E-03  5.12958E-01
  3.9995833333E+01  4.0000000000E+01  9.40041E-03  5.16927E-01
  4.0000000000E+01  4.0004166667E+01  9.46159E-03  5.31621E-01
  4.0004166667E+01  4.0008333333E+01  9.47624E-03  4.74902E-01
  4.0008333333E+01  4.0012500000E+01  9.60544E-03  5.52452E-01
  4.0012500000E+01  4.0016666667E+01  9.60441E-03  4.72183E-01
  4.0016666667E+01  4.0020833333E+01  9.73702E-03  5.27757E-01
  4.0020833333E+01  4.0025000000E+01  9.83761E-03  5.52912E-01
  4.0025000000E+01  4.0029166667E+01  9.81617E-03  4.79294E-01
  4.0029166667E+01  4.0033333333E+01  9.89270E-03  4.83132E-01
  4.0033333333E+01  4.0037500000E+01  1.00392E-02  5.65315E-01
  4.0037500000E+01  4.0041666667E+01  1.00725E-02  5.05790E-01
  4.0041666667E+01  4.0045833333E+01  1.02040E-02  5.46127E-01
  4.0045833333E+01  4.0050000000E+01  1.02473E-02  5.42469E-01
  4.0050000000E+01  4.0054166667E+01  1.03208E-02  5.29062E-01
  4.0054166667E+01  4.0058333333E+01  1.03378E-02  4.73199E-01
  4.0058333333E+01  4.0062500000E+01  1.04532E-02  5.05550E-01
  4.0062500000E+01  4.0066666667E+01  1.05249E-02  4.82118E-01
  4.0066666667E+01  4.0070833333E+01  1.06471E-02  5.35248E-01
  4.0070833333E+01  4.0075000000E+01  1.07539E-02  5.55288E-01
  4.0075000000E+01  4.0079166667E+01  1.08466E-02  5.29997E-01
  4.0079166667E+01  4.0083333333E+01  1.09213E-02  5.08606E-01
  4.0083333333E+01  4.0087500000E+01  1.10221E-02  4.92963E-01
  4.0087500000E+01  4.0091666667E+01  1.11802E-02  5.35152E-01
  4.0091666667E+01  4.0095833333E+01  1.12450E-02  5.03309E-01
  4.0095833333E+01  4.0100000000E+01  1.13988E-02  5.46187E-01
  4.0100000000E+01  4.0104166667E+01  1.15019E-02  5.22398E-01
  4.0104166667E+01  4.0108333333E+01  1.15895E-02  5.01049E-01
  4.0108333333E+01  4.0112500000E+01  1.17124E-02  4.96038E-01
  4.0112500000E+01  4.0116666667E+01  1.18811E-02  5.20162E-01
  4.0116666667E+01  4.0120833333E+01  1.20757E-02  6.24104E-01
  4.0120833333E+01  4.0125000000E+01  1.21986E-02  5.40496E-01
  4.0125000000E+01  4.0129166667E+01  1.23378E-02  5.38548E-01
  4.0129166667E+01  4.0133333333E+01  1.25061E-02  5.38738E-01
  4.0133333333E+01  4.0137500000E+01  1.26483E-02  5.15045E-01
  4.0137500000E+01  4.0141666667E+01  1.27952E-02  4.98974E-01
  4.0141666667E+01  4.0145833333E+01  1.29437E-02  5.12651E-01
  4.0145833333E+01  4.0150000000E+01  1.31009E-02  5.10193E-01
  4.0150000000E+01  4.0154166667E+01  1.33141E-02  4.98863E-01
  4.0154166667E+01  4.0158333333E+01  1.35185E-02  5.23698E-01
  4.0158333333E+01  4.0162500000E+01  1.36822E-02  5.34601E-01
  4.0162500000E+01  4.0166666667E+01  1.38442E-02  5.38502E-01
  4.0166666667E+01  4.0170833333E+01  1.40325E-02  5.46833E-01
  4.0170833333E+01  4.0175000000E+01  1.42001E-02  5.35206E-01
  4.0175000000E+01  4.0179166667E+01  1.43790E-02  5.42910E-01
  4.0179166667E+01  4.0183333333E+01  1.45476E-02  5.42452E-01
  4.0183333333E+01  4.0187500000E+01  1.47145E-02  5.39345E-01
  4.0187500000E+01  4.0191666667E+01  1.49658E-02  5.69096E-01
  4.0191666667E+01  4.0195833333E+01  1.50642E-02  5.39844E-01
  4.0195833333E+01  4.0200000000E+01  1.53066E-02  5.76997E-01
  4.0200000000E+01  4.0204166667E+01  1.54110E-02  5.67420E-01
  4.0204166667E+01  4.0208333333E+01  1.55984E-02  5.66915E-01
  4.0208333333E+01  4.0212500000E+01  1.57732E-02  5.76576E-01
  4.0212500000E+01  4.0216666667E+01  1.58480E-02  5.75669E-01
  4.0216666667E+01  4.0220833333E+01  1.58749E-02  5.75219E-01
  4.0220833333E+01  4.0225000000E+01  1.59922E-02  6.08252E-01
  4.0225000000E+01  4.0229166667E+01  1.61035E-02  5.88064E-01
  4.0229166667E+01  4.0233333333E+01  1.61163E-02  5.97218E-01
  4.0233333333E+01  4.0237500000E+01  1.60666E-02  5.91206E-01
  4.0237500000E+01  4.0241666667E+01  1.61142E-02  6.02644E-01
  4.0241666667E+01  4.0245833333E+01  1.60317E-02  6.16039E-01
  4.0245833333E+01  4.0250000000E+01  1.60140E-02  6.32006E-01
  4.0250000000E+01  4.0254166667E+01  1.60235E-02  6.61107E-01
  4.0254166667E+01  4.0258333333E+01  1.59697E-02  6.47960E-01
  4.0258333333E+01  4.0262500000E+01  1.58502E-02  6.65067E-01
  4.0262500000E+01  4.0266666667E+01  1.56944E-02  6.60764E-01
  4.0266666667E+01  4.0270833333E+01  1.54748E-02  6.68738E-01
  4.0270833333E+01  4.0275000000E+01  1.52785E-02  6.76936E-01
  4.0275000000E+01  4.0279166667E+01  1.50275E-02  6.88100E-01
  4.0279166667E+01  4.0283333333E+01  1.46484E-02  7.06553E-01
  4.0283333333E+01  4.0287500000E+01  1.42850E-02  7.04315E-01
  4.0287500000E+01  4.0291666667E+01  1.40311E-02  7.28068E-01
  4.0291666667E+01  4.0295833333E+01  1.37594E-02  7.39046E-01
  4.0295833333E+01  4.0300000000E+01  1.34498E-02  7.68696E-01
  4.0300000000E+01  4.0304166667E+01  1.30829E-02  7.80011E-01
  4.0304166667E+01  4.0308333333E+01  1.26803E-02  7.95226E-01
  4.0308333333E+01  4.0312500000E+01  1.21601E-02  8.26508E-01
  4.0312500000E+01  4.0316666667E+01  1.16671E-02  8.56797E-01
  4.0316666667E+01  4.0320833333E+01  1.12224E-02  8.70364E-01
  4.0320833333E+01  4.0325000000E+01  1.07000E-02  8.99878E-01
  4.0325000000E+01  4.0329166667E+01  1.02868E-02  9.10319E-01
  4.0329166667E+01  4.0333333333E+01  9.79056E-03  9.29730E-01
  4.0333333333E+01  4.0337500000E+01  9.37060E-03  9.51695E-01
  4.0337500000E+01  4.0341666667E+01  8.87929E-03  9.71299E-01
  4.0341666667E+01  4.0345833333E+01  8.36825E-03  1.04230E+00
  4.0345833333E+01  4.0350000000E+01  7.84493E-03  1.04907E+00
  4.0350000000E+01  4.0354166667E+01  7.39377E-03  1.08045E+00
  4.0354166667E+01  4.0358333333E+01  6.92379E-03  1.12260E+00
  4.0358333333E+01  4.0362500000E+01  6.55809E-03  1.18424E+00
  4.0362500000E+01  4.0366666667E+01  6.11104E-03  1.21236E+00
  4.0366666667E+01  4.0370833333E+01  5.65943E-03  1.24635E+00
  4.0370833333E+01  4.0375000000E+01  5.15853E-03  1.29273E+00
  4.0375000000E+01  4.0379166667E+01  4.79890E-03  1.34621E+00
  4.0379166667E+01  4.0383333333E+01  4.40540E-03  1.42715E+00
  4.0383333333E+01  4.0387500000E+01  3.97652E-03  1.49969E+00
  4.0387500000E+01  4.0391666667E+01  3.67592E-03  1.59023E+00
  4.0391666667E+01  4.0395833333E+01  3.35356E-03  1.64126E+00
  4.0395833333E+01  4.0400000000E+01  3.04502E-03  1.74933E+00
  4.0400000000E+01  4.0404166667E+01  2.75975E-03  1.87758E+00
  4.0404166667E+01  4.0408333333E+01  2.43739E-03  1.98148E+00
  4.0408333333E+01  4.0412500000E+01  2.24781E-03  2.10479E+00
  4.0412500000E+01  4.0416666667E+01  2.03435E-03  2.13953E+00
  4.0416666667E+01  4.0420833333E+01  1.77148E-03  2.28856E+00
  4.0420833333E+01  4.0425000000E+01  1.57153E-03  2.44308E+00
  4.0425000000E+01  4.0429166667E+01  1.40109E-03  2.60096E+00
  4.0429166667E+01  4.0433333333E+01  1.27970E-03  2.79429E+00
  4.0433333333E+01  4.0437500000E+01  1.14701E-03  2.92319E+00
  4.0437500000E+01  4.0441666667E+01  1.00693E-03  3.31566E+00
  4.0441666667E+01  4.0445833333E+01  8.86632E-04  3.38628E+00
  4.0445833333E+01  4.0450000000E+01  7.35022E-04  3.60422E+00
  4.0450000000E+01  4.0454166667E+01  6.49064E-04  3.96370E+00
  4.0454166667E+01  4.0458333333E+01  5.45233E-04  4.15157E+00
  4.0458333333E+01  4.0462500000E+01  5.00878E-04  4.58534E+00
  4.0462500000E+01  4.0466666667E+01  4.17098E-04  4.82723E+00
  4.0466666667E+01  4.0470833333E+01  3.69387E-04  5.14928E+00
  4.0470833333E+01  4.0475000000E+01  3.09589E-04  5.66231E+00
  4.0475000000E+01  4.0479166667E+01  2.62045E-04  6.25290E+00
  4.0479166667E+01  4.0483333333E+01  2.21389E-04  6.81812E+00
  4.0483333333E+01  4.0487500000E+01  1.86131E-04  7.18322E+00
  4.0487500000E+01  4.0491666667E+01  1.61457E-04  8.09816E+00
  4.0491666667E+01  4.0495833333E+01  1.35296E-04  8.82403E+00
  4.0495833333E+01  4.0500000000E+01  1.21983E-04  9.45487E+00
  4.0500000000E+01  4.0504166667E+01  1.07540E-04  1.05792E+01
  4.0504166667E+01  4.0508333333E+01  8.95761E-05  1.18851E+01
  4.0508333333E+01  4.0512500000E+01  5.75130E-05  1.37685E+01
  4.0512500000E+01  4.0516666667E+01  4.48277E-05  1.52951E+01
  4.0516666667E+01  4.0520833333E+01  3.58445E-05  1.73207E+01
  4.0520833333E+01  4.0525000000E+01  3.25887E-05  1.85399E+01
  4.0525000000E+01  4.0529166667E+01  2.79802E-05  2.01316E+01
  4.0529166667E+01  4.0533333333E+01  2.14181E-05  2.17184E+01
  4.0533333333E+01  4.0537500000E+01  1.98295E-05  2.46658E+01
  4.0537500000E+01  4.0541666667E+01  2.01040E-05  2.57757E+01
  4.0541666667E+01  4.0545833333E+01  1.13639E-05  3.23283E+01
  4.0545833333E+01  4.0550000000E+01  6.48113E-06  3.65549E+01
  4.0550000000E+01  4.0554166667E+01  7.71639E-06  3.82382E+01
  4.0554166667E+01  4.0558333333E+01  5.58056E-06  4.43664E+01
  4.0558333333E+01  4.0562500000E+01  6.55614E-06  4.50077E+01
  4.0562500000E+01  4.0566666667E+01  2.35476E-06  5.37748E+01
  4.0566666667E+01  4.0570833333E+01  3.34395E-06  6.59567E+01
  4.0570833333E+01  4.0575000000E+01  2.68843E-06  7.68819E+01
  4.0575000000E+01  4.0579166667E+01  8.03463E-07  6.31366E+01
  4.0579166667E+01  4.0583333333E+01  9.63911E-07  7.14684E+01
  4.0583333333E+01  4.0587500000E+01  1.10713E-06  7.18688E+01
  4.0587500000E+01  4.0591666667E+01  1.17083E-06  7.23433E+01
  4.0591666667E+01  4.0595833333E+01  1.24646E-06  7.27408E+01
  4.0595833333E+01  4.0600000000E+01  1.47127E-06  7.48982E+01
  4.0600000000E+01  4.0604166667E+01  1.79616E-06  7.61588E+01
  4.0604166667E+01  4.0608333333E+01  2.02633E-06  7.75025E+01
  4.0608333333E+01  4.0612500000E+01  5.89225E-07  1.00000E+02
  4.0612500000E+01  4.0616666667E+01  6.32841E-07  7.95088E+01
  4.0616666667E+01  4.0620833333E+01  6.91862E-07  1.00000E+02
  4.0620833333E+01  4.0625000000E+01  7.89946E-07  1.00000E+02
  4.0625000000E+01  4.0629166667E+01  9.63879E-07  1.00000E+02
  4.0629166667E+01  4.0633333333E+01  1.43589E-06  1.00000E+02
  4.0633333333E+01  4.0637500000E+01  1.19550E-06  9.97619E+01
  4.0637500000E+01  4.0641666667E+01  5.11195E-07  1.00000E+02
  4.0641666667E+01  4.0645833333E+01  5.11195E-07  8.97123E+01
  4.0645833333E+01  4.0650000000E+01  5.11195E-07  1.00000E+02
  4.0650000000E+01  4.0654166667E+01  5.18500E-07  1.00000E+02
  4.0654166667E+01  4.0658333333E+01  5.35798E-07  9.20272E+01
  4.0658333333E+01  4.0662500000E+01  5.35798E-07  1.00000E+02
  4.0662500000E+01  4.0666666667E+01  5.42778E-07  1.00000E+02
  4.0666666667E+01  4.0670833333E+01  5.73010E-07  1.00000E+02
  4.0670833333E+01  4.0675000000E+01  5.73010E-07  7.54681E+01
  4.0675000000E+01  4.0679166667E+01  5.92536E-07  1.00000E+02
  4.0679166667E+01  4.0683333333E+01  6.08717E-07  1.00000E+02
  4.0683333333E+01  4.0687500000E+01  6.28435E-07  7.66818E+01
  4.0687500000E+01  4.0691666667E+01  6.59424E-07  1.00000E+02
  4.0691666667E+01  4.0695833333E+01  6.86026E-07  1.00000E+02
  4.0695833333E+01  4.0700000000E+01  7.20465E-07  7.12933E+01
  4.0700000000E+01  4.0704166667E+01  7.96372E-07  1.00000E+02
  4.0704166667E+01  4.0708333333E+01  8.60773E-07  1.00000E+02
  4.0708333333E+01  4.0712500000E+01  1.05917E-06  7.07637E+01
  4.0712500000E+01  4.0716666667E+01  1.11490E-06  8.85235E+01
  4.0716666667E+01  4.0720833333E+01  1.21215E-06  1.00000E+02
  4.0720833333E+01  4.0725000000E+01  1.62413E-06  8.34938E+01
  4.0725000000E+01  4.0729166667E+01  2.59519E-06  1.00000E+02
  4.0729166667E+01  4.0733333333E+01  0.00000E+00  0.00000E+00
  4.0733333333E+01  4.0737500000E+01  0.00000E+00  0.00000E+00
  4.0737500000E+01  4.0741666667E+01  0.00000E+00  0.00000E+00
  4.0741666667E+01  4.0745833333E+01  0.00000E+00  0.00000E+00
  4.0745833333E+01  4.0750000000E+01  0.00000E+00  0.00000E+00
  4.0750000000E+01  4.0754166667E+01  0.00000E+00  0.00000E+00
  4.0754166667E+01  4.0758333333E+01  0.00000E+00  0.00000E+00
  4.0758333333E+01  4.0762500000E+01  0.00000E+00  0.00000E+00
  4.0762500000E+01  4.0766666667E+01  0.00000E+00  0.00000E+00
  4.0766666667E+01  4.0770833333E+01  0.00000E+00  0.00000E+00
  4.0770833333E+01  4.0775000000E+01  0.00000E+00  0.00000E+00
  4.0775000000E+01  4.0779166667E+01  4.87038E-14  1.00000E+02
  4.0779166667E+01  4.0783333333E+01  0.00000E+00  0.00000E+00
  4.0783333333E+01  4.0787500000E+01  0.00000E+00  0.00000E+00
  4.0787500000E+01  4.0791666667E+01  0.00000E+00  0.00000E+00
  4.0791666667E+01  4.0795833333E+01  0.00000E+00  0.00000E+00
  4.0795833333E+01  4.0800000000E+01  0.00000E+00  0.00000E+00
  4.0800000000E+01  4.0804166667E+01  0.00000E+00  0.00000E+00
  4.0804166667E+01  4.0808333333E+01  0.00000E+00  0.00000E+00
  4.0808333333E+01  4.0812500000E+01  0.00000E+00  0.00000E+00
  4.0812500000E+01  4.0816666667E+01  0.00000E+00  0.00000E+00
  4.0816666667E+01  4.0820833333E+01  0.00000E+00  0.00000E+00
  4.0820833333E+01  4.0825000000E+01  0.00000E+00  0.00000E+00
  4.0825000000E+01  4.0829166667E+01  0.00000E+00  0.00000E+00
  4.0829166667E+01  4.0833333333E+01  0.00000E+00  0.00000E+00
  4.0833333333E+01  4.0837500000E+01  0.00000E+00  0.00000E+00
  4.0837500000E+01  4.0841666667E+01  8.56058E-14  1.00000E+02
  4.0841666667E+01  4.0845833333E+01  0.00000E+00  0.00000E+00
  4.0845833333E+01  4.0850000000E+01  0.00000E+00  0.00000E+00
  4.0850000000E+01  4.0854166667E+01  0.00000E+00  0.00000E+00
  4.0854166667E+01  4.0858333333E+01  0.00000E+00  0.00000E+00
  4.0858333333E+01  4.0862500000E+01  0.00000E+00  0.00000E+00
  4.0862500000E+01  4.0866666667E+01  0.00000E+00  0.00000E+00
  4.0866666667E+01  4.0870833333E+01  0.00000E+00  0.00000E+00
  4.0870833333E+01  4.0875000000E+01  0.00000E+00  0.00000E+00
  4.0875000000E+01  4.0879166667E+01  0.00000E+00  0.00000E+00
  4.0879166667E+01  4.0883333333E+01  0.00000E+00  0.00000E+00
  4.0883333333E+01  4.0887500000E+01  0.00000E+00  0.00000E+00
  4.0887500000E+01  4.0891666667E+01  0.00000E+00  0.00000E+00
  4.0891666667E+01  4.0895833333E+01  0.00000E+00  0.00000E+00
  4.0895833333E+01  4.0900000000E+01  0.00000E+00  0.00000E+00
  4.0900000000E+01  4.0904166667E+01  4.27980E-14  1.00000E+02
  4.0904166667E+01  4.0908333333E+01  0.00000E+00  0.00000E+00
  4.0908333333E+01  4.0912500000E+01  0.00000E+00  0.00000E+00
  4.0912500000E+01  4.0916666667E+01  7.35086E-15  1.00000E+02
  4.0916666667E+01  4.0920833333E+01  0.00000E+00  0.00000E+00
  4.0920833333E+01  4.0925000000E+01  0.00000E+00  0.00000E+00
  4.0925000000E+01  4.0929166667E+01  0.00000E+00  0.00000E+00
  4.0929166667E+01  4.0933333333E+01  0.00000E+00  0.00000E+00
  4.0933333333E+01  4.0937500000E+01  0.00000E+00  0.00000E+00
  4.0937500000E+01  4.0941666667E+01  0.00000E+00  0.00000E+00
  4.0941666667E+01  4.0945833333E+01  0.00000E+00  0.00000E+00
  4.0945833333E+01  4.0950000000E+01  0.00000E+00  0.00000E+00
  4.0950000000E+01  4.0954166667E+01  0.00000E+00  0.00000E+00
  4.0954166667E+01  4.0958333333E+01  0.00000E+00  0.00000E+00
  4.0958333333E+01  4.0962500000E+01  0.00000E+00  0.00000E+00
  4.0962500000E+01  4.0966666667E+01  0.00000E+00  0.00000E+00
  4.0966666667E+01  4.0970833333E+01  0.00000E+00  0.00000E+00
  4.0970833333E+01  4.0975000000E+01  0.00000E+00  0.00000E+00
  4.0975000000E+01  4.0979166667E+01  0.00000E+00  0.00000E+00
  4.0979166667E+01  4.0983333333E+01  0.00000E+00  0.00000E+00
  4.0983333333E+01  4.0987500000E+01  0.00000E+00  0.00000E+00
  4.0987500000E+01  4.0991666667E+01  0.00000E+00  0.00000E+00
  4.0991666667E+01  4.0995833333E+01  0.00000E+00  0.00000E+00
  4.0995833333E+01  4.1000000000E+01  0.00000E+00  0.00000E+00
  4.1000000000E+01  4.1004166667E+01  0.00000E+00  0.00000E+00
  4.1004166667E+01  4.1008333333E+01  0.00000E+00  0.00000E+00
  4.1008333333E+01  4.1012500000E+01  0.00000E+00  0.00000E+00
  4.1012500000E+01  4.1016666667E+01  0.00000E+00  0.00000E+00
  4.1016666667E+01  4.1020833333E+01  0.00000E+00  0.00000E+00
  4.1020833333E+01  4.1025000000E+01  0.00000E+00  0.00000E+00
  4.1025000000E+01  4.1029166667E+01  0.00000E+00  0.00000E+00
  4.1029166667E+01  4.1033333333E+01  0.00000E+00  0.00000E+00
  4.1033333333E+01  4.1037500000E+01  0.00000E+00  0.00000E+00
  4.1037500000E+01  4.1041666667E+01  1.94720E-07  1.00000E+02
  4.1041666667E+01  4.1045833333E+01  0.00000E+00  0.00000E+00
  4.1045833333E+01  4.1050000000E+01  0.00000E+00  0.00000E+00
  4.1050000000E+01  4.1054166667E+01  0.00000E+00  0.00000E+00
  4.1054166667E+01  4.1058333333E+01  0.00000E+00  0.00000E+00
  4.1058333333E+01  4.1062500000E+01  0.00000E+00  0.00000E+00
  4.1062500000E+01  4.1066666667E+01  0.00000E+00  0.00000E+00
  4.1066666667E+01  4.1070833333E+01  0.00000E+00  0.00000E+00
  4.1070833333E+01  4.1075000000E+01  0.00000E+00  0.00000E+00
  4.1075000000E+01  4.1079166667E+01  0.00000E+00  0.00000E+00
  4.1079166667E+01  4.1083333333E+01  2.01532E-07  1.00000E+02
  4.1083333333E+01  4.1087500000E+01  0.00000E+00  0.00000E+00
  4.1087500000E+01  4.1091666667E+01  0.00000E+00  0.00000E+00
  4.1091666667E+01  4.1095833333E+01  0.00000E+00  0.00000E+00
  4.1095833333E+01  4.1100000000E+01  0.00000E+00  0.00000E+00
  4.1100000000E+01  4.1104166667E+01  0.00000E+00  0.00000E+00
  4.1104166667E+01  4.1108333333E+01  0.00000E+00  0.00000E+00
  4.1108333333E+01  4.1112500000E+01  0.00000E+00  0.00000E+00
  4.1112500000E+01  4.1116666667E+01  0.00000E+00  0.00000E+00
  4.1116666667E+01  4.1120833333E+01  0.00000E+00  0.00000E+00
  4.1120833333E+01  4.1125000000E+01  0.00000E+00  0.00000E+00
  4.1125000000E+01  4.1129166667E+01  0.00000E+00  0.00000E+00
  4.1129166667E+01  4.1133333333E+01  0.00000E+00  0.00000E+00
  4.1133333333E+01  4.1137500000E+01  0.00000E+00  0.00000E+00
  4.1137500000E+01  4.1141666667E+01  1.22673E-08  1.00000E+02
  4.1141666667E+01  4.1145833333E+01  0.00000E+00  0.00000E+00
  4.1145833333E+01  4.1150000000E+01  0.00000E+00  0.00000E+00
  4.1150000000E+01  4.1154166667E+01  0.00000E+00  0.00000E+00
  4.1154166667E+01  4.1158333333E+01  0.00000E+00  0.00000E+00
  4.1158333333E+01  4.1162500000E+01  0.00000E+00  0.00000E+00
  4.1162500000E+01  4.1166666667E+01  0.00000E+00  0.00000E+00
  4.1166666667E+01  4.1170833333E+01  0.00000E+00  0.00000E+00
  4.1170833333E+01  4.1175000000E+01  0.00000E+00  0.00000E+00
  4.1175000000E+01  4.1179166667E+01  0.00000E+00  0.00000E+00
  4.1179166667E+01  4.1183333333E+01  0.00000E+00  0.00000E+00
  4.1183333333E+01  4.1187500000E+01  0.00000E+00  0.00000E+00
  4.1187500000E+01  4.1191666667E+01  0.00000E+00  0.00000E+00
  4.1191666667E+01  4.1195833333E+01  0.00000E+00  0.00000E+00
  4.1195833333E+01  4.1200000000E+01  0.00000E+00  0.00000E+00
  4.1200000000E+01  4.1204166667E+01  0.00000E+00  0.00000E+00
  4.1204166667E+01  4.1208333333E+01  0.00000E+00  0.00000E+00
  4.1208333333E+01  4.1212500000E+01  0.00000E+00  0.00000E+00
  4.1212500000E+01  4.1216666667E+01  0.00000E+00  0.00000E+00
  4.1216666667E+01  4.1220833333E+01  0.00000E+00  0.00000E+00
  4.1220833333E+01  4.1225000000E+01  6.79373E-07  1.00000E+02
  4.1225000000E+01  4.1229166667E+01  1.52083E-06  1.00000E+02
  4.1229166667E+01  4.1233333333E+01  0.00000E+00  0.00000E+00
  4.1233333333E+01  4.1237500000E+01  0.00000E+00  0.00000E+00
  4.1237500000E+01  4.1241666667E+01  0.00000E+00  0.00000E+00
  4.1241666667E+01  4.1245833333E+01  0.00000E+00  0.00000E+00
  4.1245833333E+01  4.1250000000E+01  0.00000E+00  0.00000E+00
  4.1250000000E+01  4.1254166667E+01  0.00000E+00  0.00000E+00
  4.1254166667E+01  4.1258333333E+01  0.00000E+00  0.00000E+00
  4.1258333333E+01  4.1262500000E+01  0.00000E+00  0.00000E+00
  4.1262500000E+01  4.1266666667E+01  0.00000E+00  0.00000E+00
  4.1266666667E+01  4.1270833333E+01  0.00000E+00  0.00000E+00
  4.1270833333E+01  4.1275000000E+01  0.00000E+00  0.00000E+00
  4.1275000000E+01  4.1279166667E+01  0.00000E+00  0.00000E+00
  4.1279166667E+01  4.1283333333E+01  0.00000E+00  0.00000E+00
  4.1283333333E+01  4.1287500000E+01  0.00000E+00  0.00000E+00
  4.1287500000E+01  4.1291666667E+01  0.00000E+00  0.00000E+00
  4.1291666667E+01  4.1295833333E+01  8.18813E-08  1.00000E+02
  4.1295833333E+01  4.1300000000E+01  1.08706E-07  1.00000E+02
  4.1300000000E+01  4.1304166667E+01  1.08706E-07  1.00000E+02
  4.1304166667E+01  4.1308333333E+01  1.08706E-07  1.00000E+02
  4.1308333333E+01  4.1312500000E+01  1.08706E-07  1.00000E+02
  4.1312500000E+01  4.1316666667E+01  1.08706E-07  1.00000E+02
  4.1316666667E+01  4.1320833333E+01  1.08706E-07  1.00000E+02
  4.1320833333E+01  4.1325000000E+01  1.08706E-07  1.00000E+02
  4.1325000000E+01  4.1329166667E+01  1.08706E-07  1.00000E+02
  4.1329166667E+01  4.1333333333E+01  1.08706E-07  1.00000E+02
  4.1333333333E+01  4.1337500000E+01  1.08706E-07  1.00000E+02
  4.1337500000E+01  4.1341666667E+01  1.08706E-07  9.56964E+01
  4.1341666667E+01  4.1345833333E+01  1.08706E-07  1.00000E+02
  4.1345833333E+01  4.1350000000E+01  1.08706E-07  1.00000E+02
  4.1350000000E+01  4.1354166667E+01  1.08706E-07  1.00000E+02
  4.1354166667E+01  4.1358333333E+01  1.08706E-07  1.00000E+02
  4.1358333333E+01  4.1362500000E+01  1.08706E-07  1.00000E+02
  4.1362500000E+01  4.1366666667E+01  1.08706E-07  1.00000E+02
  4.1366666667E+01  4.1370833333E+01  1.91703E-07  7.13437E+01
  4.1370833333E+01  4.1375000000E+01  1.08706E-07  1.00000E+02
  4.1375000000E+01  4.1379166667E+01  1.08706E-07  1.00000E+02
  4.1379166667E+01  4.1383333333E+01  1.08706E-07  1.00000E+02
  4.1383333333E+01  4.1387500000E+01  1.08706E-07  1.00000E+02
  4.1387500000E+01  4.1391666667E+01  1.08706E-07  7.44674E+01
  4.1391666667E+01  4.1395833333E+01  1.08706E-07  1.00000E+02
  4.1395833333E+01  4.1400000000E+01  1.08706E-07  1.00000E+02
  4.1400000000E+01  4.1404166667E+01  1.08706E-07  1.00000E+02
  4.1404166667E+01  4.1408333333E+01  1.08706E-07  1.00000E+02
  4.1408333333E+01  4.1412500000E+01  1.08706E-07  1.00000E+02
  4.1412500000E+01  4.1416666667E+01  1.08706E-07  1.00000E+02
  4.1416666667E+01  4.1420833333E+01  1.08706E-07  1.00000E+02
  4.1420833333E+01  4.1425000000E+01  1.08706E-07  1.00000E+02
  4.1425000000E+01  4.1429166667E+01  1.08706E-07  1.00000E+02
  4.1429166667E+01  4.1433333333E+01  1.08706E-07  1.00000E+02
  4.1433333333E+01  4.1437500000E+01  1.08706E-07  1.00000E+02
  4.1437500000E+01  4.1441666667E+01  1.08706E-07  7.29103E+01
  4.1441666667E+01  4.1445833333E+01  1.08706E-07  1.00000E+02
  4.1445833333E+01  4.1450000000E+01  1.08706E-07  1.00000E+02
  4.1450000000E+01  4.1454166667E+01  1.08706E-07  1.00000E+02
  4.1454166667E+01  4.1458333333E+01  1.08706E-07  1.00000E+02
  4.1458333333E+01  4.1462500000E+01  1.08706E-07  7.60557E+01
  4.1462500000E+01  4.1466666667E+01  1.08706E-07  1.00000E+02
  4.1466666667E+01  4.1470833333E+01  1.09386E-07  1.00000E+02
  4.1470833333E+01  4.1475000000E+01  1.16502E-07  1.00000E+02
  4.1475000000E+01  4.1479166667E+01  1.16502E-07  1.00000E+02
  4.1479166667E+01  4.1483333333E+01  1.16502E-07  1.00000E+02
  4.1483333333E+01  4.1487500000E+01  1.16502E-07  1.00000E+02
  4.1487500000E+01  4.1491666667E+01  1.16502E-07  8.69152E+01
  4.1491666667E+01  4.1495833333E+01  1.16503E-07  9.99999E+01
  4.1495833333E+01  4.1500000000E+01  1.16502E-07  1.00000E+02
  4.1500000000E+01  4.1500000000E+01  1.16502E-07  1.00000E+02