# Detector n: 1D Projection
  3.6500000000E+01  3.6504166667E+01  3.82411E-03  1.09460E+00
  3.6504166667E+01  3.6508333333E+01  3.82717E-03  9.37814E-01
  3.6508333333E+01  3.6512500000E+01  3.78508E-03  7.23195E-01
  3.6512500000E+01  3.6516666667E+01  3.77322E-03  8.38295E-01
  3.6516666667E+01  3.6520833333E+01  3.80391E-03  9.28211E-01
  3.6520833333E+01  3.6525000000E+01  3.81196E-03  9.72286E-01
  3.6525000000E+01  3.6529166667E+01  3.85867E-03  1.08095E+00
  3.6529166667E+01  3.6533333333E+01  3.79003E-03  8.53265E-01
  3.6533333333E+01  3.6537500000E+01  3.78992E-03  7.21940E-01
  3.6537500000E+01  3.6541666667E+01  3.80528E-03  8.39429E-01
  3.6541666667E+01  3.6545833333E+01  3.79813E-03  7.03259E-01
  3.6545833333E+01  3.6550000000E+01  3.82068E-03  8.57062E-01
  3.6550000000E+01  3.6554166667E+01  3.79494E-03  7.49147E-01
  3.6554166667E+01  3.6558333333E+01  3.79323E-03  7.08665E-01
  3.6558333333E+01  3.6562500000E+01  3.79112E-03  6.30967E-01
  3.6562500000E+01  3.6566666667E+01  3.86759E-03  1.08443E+00
  3.6566666667E+01  3.6570833333E+01  3.82752E-03  6.57299E-01
  3.6570833333E+01  3.6575000000E+01  3.83450E-03  8.86319E-01
  3.6575000000E+01  3.6579166667E+01  3.81589E-03  7.44938E-01
  3.6579166667E+01  3.6583333333E+01  3.86885E-03  9.86572E-01
  3.6583333333E+01  3.6587500000E+01  3.88089E-03  9.81732E-01
  3.6587500000E+01  3.6591666667E+01  3.82041E-03  6.25073E-01
  3.6591666667E+01  3.6595833333E+01  3.84517E-03  8.33270E-01
  3.6595833333E+01  3.6600000000E+01  3.81778E-03  6.01921E-01
  3.6600000000E+01  3.6604166667E+01  3.82279E-03  5.55928E-01
  3.6604166667E+01  3.6608333333E+01  3.84875E-03  6.15120E-01
  3.6608333333E+01  3.6612500000E+01  3.81869E-03  4.91174E-01
  3.6612500000E+01  3.6616666667E+01  3.85376E-03  8.42321E-01
  3.6616666667E+01  3.6620833333E+01  3.86293E-03  9.65797E-01
  3.6620833333E+01  3.6625000000E+01  3.87876E-03  7.81156E-01
  3.6625000000E+01  3.6629166667E+01  3.90501E-03  9.23253E-01
  3.6629166667E+01  3.6633333333E+01  3.90268E-03  9.32602E-01
  3.6633333333E+01  3.6637500000E+01  3.90562E-03  1.05237E+00
  3.6637500000E+01  3.6641666667E+01  3.88660E-03  8.28034E-01
  3.6641666667E+01  3.6645833333E+01  3.87089E-03  7.42053E-01
  3.6645833333E+01  3.6650000000E+01  3.86612E-03  9.18511E-01
  3.6650000000E+01  3.6654166667E+01  3.85736E-03  1.00392E+00
  3.6654166667E+01  3.6658333333E+01  3.81466E-03  5.43557E-01
  3.6658333333E+01  3.6662500000E+01  3.83884E-03  8.36174E-01
  3.6662500000E+01  3.6666666667E+01  3.82481E-03  5.29027E-01
  3.6666666667E+01  3.6670833333E+01  3.82206E-03  5.17542E-01
  3.6670833333E+01  3.6675000000E+01  3.85912E-03  7.82752E-01
  3.6675000000E+01  3.6679166667E+01  3.86585E-03  8.79837E-01
  3.6679166667E+01  3.6683333333E+01  3.86857E-03  6.93363E-01
  3.6683333333E+01  3.6687500000E+01  3.89081E-03  7.64727E-01
  3.6687500000E+01  3.6691666667E+01  3.93247E-03  1.09044E+00
  3.6691666667E+01  3.6695833333E+01  3.88293E-03  7.51524E-01
  3.6695833333E+01  3.6700000000E+01  3.90689E-03  9.16010E-01
  3.6700000000E+01  3.6704166667E+01  3.85256E-03  5.18364E-01
  3.6704166667E+01  3.6708333333E+01  3.90675E-03  7.77202E-01
  3.6708333333E+01  3.6712500000E+01  3.90228E-03  8.17765E-01
  3.6712500000E+01  3.6716666667E+01  3.84488E-03  4.75979E-01
  3.6716666667E+01  3.6720833333E+01  3.90354E-03  8.25653E-01
  3.6720833333E+01  3.6725000000E+01  3.94541E-03  1.13254E+00
  3.6725000000E+01  3.6729166667E+01  3.89011E-03  7.83558E-01
  3.6729166667E+01  3.6733333333E+01  3.88721E-03  6.33103E-01
  3.6733333333E+01  3.6737500000E+01  3.88926E-03  6.77154E-01
  3.6737500000E+01  3.6741666667E+01  3.89067E-03  5.85241E-01
  3.6741666667E+01  3.6745833333E+01  3.91096E-03  6.76573E-01
  3.6745833333E+01  3.6750000000E+01  3.91343E-03  5.72265E-01
  3.6750000000E+01  3.6754166667E+01  3.92418E-03  6.23460E-01
  3.6754166667E+01  3.6758333333E+01  3.91939E-03  6.31213E-01
  3.6758333333E+01  3.6762500000E+01  3.97388E-03  7.68596E-01
  3.6762500000E+01  3.6766666667E+01  3.98464E-03  8.51171E-01
  3.6766666667E+01  3.6770833333E+01  3.97621E-03  8.62512E-01
  3.6770833333E+01  3.6775000000E+01  3.99968E-03  9.55509E-01
  3.6775000000E+01  3.6779166667E+01  4.02431E-03  1.21880E+00
  3.6779166667E+01  3.6783333333E+01  3.98326E-03  9.75162E-01
  3.6783333333E+01  3.6787500000E+01  3.95818E-03  7.90957E-01
  3.6787500000E+01  3.6791666667E+01  3.96483E-03  7.41499E-01
  3.6791666667E+01  3.6795833333E+01  3.93975E-03  6.96607E-01
  3.6795833333E+01  3.6800000000E+01  3.91331E-03  5.26040E-01
  3.6800000000E+01  3.6804166667E+01  3.96186E-03  7.98030E-01
  3.6804166667E+01  3.6808333333E+01  3.94926E-03  7.03596E-01
  3.6808333333E+01  3.6812500000E+01  3.92338E-03  5.03098E-01
  3.6812500000E+01  3.6816666667E+01  3.94458E-03  7.87269E-01
  3.6816666667E+01  3.6820833333E+01  3.93658E-03  5.93548E-01
  3.6820833333E+01  3.6825000000E+01  3.95198E-03  6.52040E-01
  3.6825000000E+01  3.6829166667E+01  3.99222E-03  1.20790E+00
  3.6829166667E+01  3.6833333333E+01  3.92093E-03  4.97991E-01
  3.6833333333E+01  3.6837500000E+01  3.94583E-03  6.26917E-01
  3.6837500000E+01  3.6841666667E+01  3.92833E-03  5.70653E-01
  3.6841666667E+01  3.6845833333E+01  3.91014E-03  4.56028E-01
  3.6845833333E+01  3.6850000000E+01  3.95669E-03  7.77080E-01
  3.6850000000E+01  3.6854166667E+01  3.96393E-03  7.99145E-01
  3.6854166667E+01  3.6858333333E+01  3.98861E-03  8.74816E-01
  3.6858333333E+01  3.6862500000E+01  3.97686E-03  8.46130E-01
  3.6862500000E+01  3.6866666667E+01  3.95637E-03  5.99301E-01
  3.6866666667E+01  3.6870833333E+01  3.99107E-03  9.27126E-01
  3.6870833333E+01  3.6875000000E+01  3.95368E-03  7.16103E-01
  3.6875000000E+01  3.6879166667E+01  3.93416E-03  5.49254E-01
  3.6879166667E+01  3.6883333333E+01  4.00346E-03  1.11171E+00
  3.6883333333E+01  3.6887500000E+01  3.97755E-03  7.92152E-01
  3.6887500000E+01  3.6891666667E+01  4.01286E-03  8.74231E-01
  3.6891666667E+01  3.6895833333E+01  3.95146E-03  5.83355E-01
  3.6895833333E+01  3.6900000000E+01  3.97108E-03  6.77633E-01
  3.6900000000E+01  3.6904166667E+01  3.96036E-03  5.96821E-01
  3.6904166667E+01  3.6908333333E+01  3.96883E-03  6.53997E-01
  3.6908333333E+01  3.6912500000E+01  4.03627E-03  8.85400E-01
  3.6912500000E+01  3.6916666667E+01  4.03463E-03  8.34031E-01
  3.6916666667E+01  3.6920833333E+01  4.03680E-03  9.30785E-01
  3.6920833333E+01  3.6925000000E+01  3.99279E-03  7.37754E-01
  3.6925000000E+01  3.6929166667E+01  4.00056E-03  7.75492E-01
  3.6929166667E+01  3.6933333333E+01  3.99822E-03  7.06889E-01
  3.6933333333E+01  3.6937500000E+01  4.02895E-03  9.49204E-01
  3.6937500000E+01  3.6941666667E+01  3.97322E-03  6.87085E-01
  3.6941666667E+01  3.6945833333E+01  3.99589E-03  7.04756E-01
  3.6945833333E+01  3.6950000000E+01  3.97572E-03  6.06397E-01
  3.6950000000E+01  3.6954166667E+01  4.00199E-03  7.00896E-01
  3.6954166667E+01  3.6958333333E+01  4.06025E-03  1.14001E+00
  3.6958333333E+01  3.6962500000E+01  4.00334E-03  8.15572E-01
  3.6962500000E+01  3.6966666667E+01  4.02037E-03  1.18427E+00
  3.6966666667E+01  3.6970833333E+01  4.02699E-03  9.81279E-01
  3.6970833333E+01  3.6975000000E+01  4.00195E-03  8.99579E-01
  3.6975000000E+01  3.6979166667E+01  3.97800E-03  6.31618E-01
  3.6979166667E+01  3.6983333333E+01  4.01244E-03  8.46577E-01
  3.6983333333E+01  3.6987500000E+01  4.01191E-03  7.88574E-01
  3.6987500000E+01  3.6991666667E+01  4.04768E-03  9.40053E-01
  3.6991666667E+01  3.6995833333E+01  4.06805E-03  1.15594E+00
  3.6995833333E+01  3.7000000000E+01  3.99969E-03  6.73093E-01
  3.7000000000E+01  3.7004166667E+01  4.01959E-03  8.63711E-01
  3.7004166667E+01  3.7008333333E+01  4.05313E-03  9.93848E-01
  3.7008333333E+01  3.7012500000E+01  3.99872E-03  6.17605E-01
  3.7012500000E+01  3.7016666667E+01  4.03123E-03  7.60729E-01
  3.7016666667E+01  3.7020833333E+01  4.06427E-03  1.14744E+00
  3.7020833333E+01  3.7025000000E+01  4.02213E-03  6.83619E-01
  3.7025000000E+01  3.7029166667E+01  3.98687E-03  6.54430E-01
  3.7029166667E+01  3.7033333333E+01  4.00484E-03  6.80871E-01
  3.7033333333E+01  3.7037500000E+01  3.99100E-03  5.62530E-01
  3.7037500000E+01  3.7041666667E+01  4.03217E-03  8.47155E-01
  3.7041666667E+01  3.7045833333E+01  4.05059E-03  7.83428E-01
  3.7045833333E+01  3.7050000000E+01  4.10782E-03  8.85727E-01
  3.7050000000E+01  3.7054166667E+01  4.03971E-03  6.39941E-01
  3.7054166667E+01  3.7058333333E+01  4.04059E-03  5.29800E-01
  3.7058333333E+01  3.7062500000E+01  4.03522E-03  5.59993E-01
  3.7062500000E+01  3.7066666667E+01  4.08769E-03  7.74711E-01
  3.7066666667E+01  3.7070833333E+01  4.05018E-03  5.63872E-01
  3.7070833333E+01  3.7075000000E+01  4.05773E-03  7.45343E-01
  3.7075000000E+01  3.7079166667E+01  4.05407E-03  6.05701E-01
  3.7079166667E+01  3.7083333333E+01  4.04536E-03  5.13579E-01
  3.7083333333E+01  3.7087500000E+01  4.08116E-03  9.28458E-01
  3.7087500000E+01  3.7091666667E+01  4.15323E-03  1.08706E+00
  3.7091666667E+01  3.7095833333E+01  4.03093E-03  5.16686E-01
  3.7095833333E+01  3.7100000000E+01  4.03726E-03  5.45996E-01
  3.7100000000E+01  3.7104166667E+01  4.04966E-03  6.48332E-01
  3.7104166667E+01  3.7108333333E+01  4.05330E-03  6.11661E-01
  3.7108333333E+01  3.7112500000E+01  4.09025E-03  7.47511E-01
  3.7112500000E+01  3.7116666667E+01  4.08331E-03  7.70241E-01
  3.7116666667E+01  3.7120833333E+01  4.07527E-03  7.60816E-01
  3.7120833333E+01  3.7125000000E+01  4.11922E-03  9.34826E-01
  3.7125000000E+01  3.7129166667E+01  4.14750E-03  1.04660E+00
  3.7129166667E+01  3.7133333333E+01  4.06738E-03  6.69655E-01
  3.7133333333E+01  3.7137500000E+01  4.06396E-03  6.87479E-01
  3.7137500000E+01  3.7141666667E+01  4.06766E-03  7.34872E-01
  3.7141666667E+01  3.7145833333E+01  4.09249E-03  6.74358E-01
  3.7145833333E+01  3.7150000000E+01  4.10262E-03  7.36697E-01
  3.7150000000E+01  3.7154166667E+01  4.13139E-03  8.73192E-01
  3.7154166667E+01  3.7158333333E+01  4.16003E-03  1.25611E+00
  3.7158333333E+01  3.7162500000E+01  4.13766E-03  9.06816E-01
  3.7162500000E+01  3.7166666667E+01  4.10615E-03  1.03185E+00
  3.7166666667E+01  3.7170833333E+01  4.05763E-03  5.75329E-01
  3.7170833333E+01  3.7175000000E+01  4.06061E-03  5.15509E-01
  3.7175000000E+01  3.7179166667E+01  4.11185E-03  8.99687E-01
  3.7179166667E+01  3.7183333333E+01  4.08503E-03  7.61037E-01
  3.7183333333E+01  3.7187500000E+01  4.09086E-03  6.62638E-01
  3.7187500000E+01  3.7191666667E+01  4.09972E-03  7.21998E-01
  3.7191666667E+01  3.7195833333E+01  4.11158E-03  1.01107E+00
  3.7195833333E+01  3.7200000000E+01  4.13051E-03  1.03793E+00
  3.7200000000E+01  3.7204166667E+01  4.10074E-03  7.85728E-01
  3.7204166667E+01  3.7208333333E+01  4.10910E-03  6.74392E-01
  3.7208333333E+01  3.7212500000E+01  4.14429E-03  1.00018E+00
  3.7212500000E+01  3.7216666667E+01  4.12141E-03  7.89838E-01
  3.7216666667E+01  3.7220833333E+01  4.11945E-03  7.20400E-01
  3.7220833333E+01  3.7225000000E+01  4.09584E-03  5.78712E-01
  3.7225000000E+01  3.7229166667E+01  4.13728E-03  9.86678E-01
  3.7229166667E+01  3.7233333333E+01  4.13891E-03  9.40915E-01
  3.7233333333E+01  3.7237500000E+01  4.15552E-03  1.09217E+00
  3.7237500000E+01  3.7241666667E+01  4.17772E-03  1.28178E+00
  3.7241666667E+01  3.7245833333E+01  4.10753E-03  7.38261E-01
  3.7245833333E+01  3.7250000000E+01  4.16402E-03  9.10115E-01
  3.7250000000E+01  3.7254166667E+01  4.11788E-03  6.21152E-01
  3.7254166667E+01  3.7258333333E+01  4.16062E-03  8.08062E-01
  3.7258333333E+01  3.7262500000E+01  4.16667E-03  8.90335E-01
  3.7262500000E+01  3.7266666667E+01  4.13454E-03  7.13374E-01
  3.7266666667E+01  3.7270833333E+01  4.13418E-03  7.94914E-01
  3.7270833333E+01  3.7275000000E+01  4.15501E-03  6.95178E-01
  3.7275000000E+01  3.7279166667E+01  4.11935E-03  6.75832E-01
  3.7279166667E+01  3.7283333333E+01  4.13291E-03  5.97939E-01
  3.7283333333E+01  3.7287500000E+01  4.19420E-03  9.92094E-01
  3.7287500000E+01  3.7291666667E+01  4.12664E-03  5.43244E-01
  3.7291666667E+01  3.7295833333E+01  4.14000E-03  6.62048E-01
  3.7295833333E+01  3.7300000000E+01  4.17484E-03  8.31713E-01
  3.7300000000E+01  3.7304166667E+01  4.21015E-03  9.60638E-01
  3.7304166667E+01  3.7308333333E+01  4.16025E-03  8.30965E-01
  3.7308333333E+01  3.7312500000E+01  4.17470E-03  7.61203E-01
  3.7312500000E+01  3.7316666667E+01  4.13658E-03  7.17676E-01
  3.7316666667E+01  3.7320833333E+01  4.12520E-03  5.09722E-01
  3.7320833333E+01  3.7325000000E+01  4.17738E-03  8.22674E-01
  3.7325000000E+01  3.7329166667E+01  4.17830E-03  8.29168E-01
  3.7329166667E+01  3.7333333333E+01  4.15146E-03  6.42226E-01
  3.7333333333E+01  3.7337500000E+01  4.19989E-03  1.02688E+00
  3.7337500000E+01  3.7341666667E+01  4.18137E-03  7.20386E-01
  3.7341666667E+01  3.7345833333E+01  4.21542E-03  9.01620E-01
  3.7345833333E+01  3.7350000000E+01  4.14959E-03  5.78561E-01
  3.7350000000E+01  3.7354166667E+01  4.17148E-03  8.16245E-01
  3.7354166667E+01  3.7358333333E+01  4.20715E-03  8.07549E-01
  3.7358333333E+01  3.7362500000E+01  4.19620E-03  8.05511E-01
  3.7362500000E+01  3.7366666667E+01  4.16358E-03  5.39198E-01
  3.7366666667E+01  3.7370833333E+01  4.23002E-03  8.80365E-01
  3.7370833333E+01  3.7375000000E+01  4.21282E-03  8.96411E-01
  3.7375000000E+01  3.7379166667E+01  4.19780E-03  6.92632E-01
  3.7379166667E+01  3.7383333333E+01  4.20247E-03  8.03117E-01
  3.7383333333E+01  3.7387500000E+01  4.25495E-03  9.64336E-01
  3.7387500000E+01  3.7391666667E+01  4.20370E-03  7.04335E-01
  3.7391666667E+01  3.7395833333E+01  4.27350E-03  1.18278E+00
  3.7395833333E+01  3.7400000000E+01  4.21302E-03  8.60925E-01
  3.7400000000E+01  3.7404166667E+01  4.20970E-03  9.35353E-01
  3.7404166667E+01  3.7408333333E+01  4.24580E-03  1.01690E+00
  3.7408333333E+01  3.7412500000E+01  4.16403E-03  4.62011E-01
  3.7412500000E+01  3.7416666667E+01  4.22055E-03  7.33892E-01
  3.7416666667E+01  3.7420833333E+01  4.21276E-03  7.85060E-01
  3.7420833333E+01  3.7425000000E+01  4.17540E-03  5.46412E-01
  3.7425000000E+01  3.7429166667E+01  4.17403E-03  5.18260E-01
  3.7429166667E+01  3.7433333333E+01  4.19564E-03  7.05773E-01
  3.7433333333E+01  3.7437500000E+01  4.21023E-03  7.02624E-01
  3.7437500000E+01  3.7441666667E+01  4.21579E-03  9.07910E-01
  3.7441666667E+01  3.7445833333E+01  4.23255E-03  9.42612E-01
  3.7445833333E+01  3.7450000000E+01  4.19337E-03  6.02623E-01
  3.7450000000E+01  3.7454166667E+01  4.18877E-03  5.86790E-01
  3.7454166667E+01  3.7458333333E+01  4.20579E-03  6.49815E-01
  3.7458333333E+01  3.7462500000E+01  4.22937E-03  1.00095E+00
  3.7462500000E+01  3.7466666667E+01  4.27861E-03  1.09712E+00
  3.7466666667E+01  3.7470833333E+01  4.24236E-03  7.65317E-01
  3.7470833333E+01  3.7475000000E+01  4.20873E-03  5.42692E-01
  3.7475000000E+01  3.7479166667E+01  4.21084E-03  4.90747E-01
  3.7479166667E+01  3.7483333333E+01  4.24651E-03  7.04018E-01
  3.7483333333E+01  3.7487500000E+01  4.28870E-03  9.73084E-01
  3.7487500000E+01  3.7491666667E+01  4.31659E-03  1.21493E+00
  3.7491666667E+01  3.7495833333E+01  4.27677E-03  8.48999E-01
  3.7495833333E+01  3.7500000000E+01  4.23044E-03  5.61297E-01
  3.7500000000E+01  3.7504166667E+01  4.25536E-03  6.68189E-01
  3.7504166667E+01  3.7508333333E+01  4.24295E-03  6.76991E-01
  3.7508333333E+01  3.7512500000E+01  4.27245E-03  8.67898E-01
  3.7512500000E+01  3.7516666667E+01  4.27764E-03  9.08577E-01
  3.7516666667E+01  3.7520833333E+01  4.25232E-03  7.03512E-01
  3.7520833333E+01  3.7525000000E+01  4.23551E-03  6.40892E-01
  3.7525000000E+01  3.7529166667E+01  4.22211E-03  5.30441E-01
  3.7529166667E+01  3.7533333333E+01  4.29171E-03  8.49680E-01
  3.7533333333E+01  3.7537500000E+01  4.34190E-03  1.18230E+00
  3.7537500000E+01  3.7541666667E+01  4.27787E-03  6.08403E-01
  3.7541666667E+01  3.7545833333E+01  4.27693E-03  8.20075E-01
  3.7545833333E+01  3.7550000000E+01  4.29960E-03  9.02698E-01
  3.7550000000E+01  3.7554166667E+01  4.29029E-03  8.59087E-01
  3.7554166667E+01  3.7558333333E+01  4.27799E-03  7.69206E-01
  3.7558333333E+01  3.7562500000E+01  4.24793E-03  5.54853E-01
  3.7562500000E+01  3.7566666667E+01  4.30405E-03  8.24488E-01
  3.7566666667E+01  3.7570833333E+01  4.28420E-03  6.62407E-01
  3.7570833333E+01  3.7575000000E+01  4.26148E-03  6.36574E-01
  3.7575000000E+01  3.7579166667E+01  4.31152E-03  8.56623E-01
  3.7579166667E+01  3.7583333333E+01  4.32434E-03  7.93019E-01
  3.7583333333E+01  3.7587500000E+01  4.28039E-03  5.47867E-01
  3.7587500000E+01  3.7591666667E+01  4.30120E-03  6.75093E-01
  3.7591666667E+01  3.7595833333E+01  4.31656E-03  8.84750E-01
  3.7595833333E+01  3.7600000000E+01  4.30756E-03  7.17073E-01
  3.7600000000E+01  3.7604166667E+01  4.29357E-03  6.62248E-01
  3.7604166667E+01  3.7608333333E+01  4.29341E-03  7.59817E-01
  3.7608333333E+01  3.7612500000E+01  4.24892E-03  4.47650E-01
  3.7612500000E+01  3.7616666667E+01  4.30663E-03  7.03464E-01
  3.7616666667E+01  3.7620833333E+01  4.34285E-03  8.71429E-01
  3.7620833333E+01  3.7625000000E+01  4.33489E-03  6.21147E-01
  3.7625000000E+01  3.7629166667E+01  4.32378E-03  8.23905E-01
  3.7629166667E+01  3.7633333333E+01  4.38431E-03  1.14457E+00
  3.7633333333E+01  3.7637500000E+01  4.31472E-03  5.78567E-01
  3.7637500000E+01  3.7641666667E+01  4.35182E-03  8.44102E-01
  3.7641666667E+01  3.7645833333E+01  4.36156E-03  9.33390E-01
  3.7645833333E+01  3.7650000000E+01  4.30322E-03  4.52954E-01
  3.7650000000E+01  3.7654166667E+01  4.30133E-03  4.39832E-01
  3.7654166667E+01  3.7658333333E+01  4.33743E-03  6.58369E-01
  3.7658333333E+01  3.7662500000E+01  4.34439E-03  8.96577E-01
  3.7662500000E+01  3.7666666667E+01  4.37339E-03  9.54716E-01
  3.7666666667E+01  3.7670833333E+01  4.35382E-03  8.53359E-01
  3.7670833333E+01  3.7675000000E+01  4.33889E-03  6.51491E-01
  3.7675000000E+01  3.7679166667E+01  4.38038E-03  1.01081E+00
  3.7679166667E+01  3.7683333333E+01  4.37753E-03  8.42288E-01
  3.7683333333E+01  3.7687500000E+01  4.35311E-03  5.94858E-01
  3.7687500000E+01  3.7691666667E+01  4.36793E-03  7.78745E-01
  3.7691666667E+01  3.7695833333E+01  4.37160E-03  8.37856E-01
  3.7695833333E+01  3.7700000000E+01  4.35245E-03  7.21820E-01
  3.7700000000E+01  3.7704166667E+01  4.34780E-03  5.75409E-01
  3.7704166667E+01  3.7708333333E+01  4.35725E-03  5.98397E-01
  3.7708333333E+01  3.7712500000E+01  4.36909E-03  8.61857E-01
  3.7712500000E+01  3.7716666667E+01  4.41386E-03  1.05520E+00
  3.7716666667E+01  3.7720833333E+01  4.36139E-03  7.26325E-01
  3.7720833333E+01  3.7725000000E+01  4.36290E-03  7.34609E-01
  3.7725000000E+01  3.7729166667E+01  4.37048E-03  7.43465E-01
  3.7729166667E+01  3.7733333333E+01  4.37494E-03  6.29811E-01
  3.7733333333E+01  3.7737500000E+01  4.40173E-03  9.94311E-01
  3.7737500000E+01  3.7741666667E+01  4.37777E-03  7.01402E-01
  3.7741666667E+01  3.7745833333E+01  4.41332E-03  8.08266E-01
  3.7745833333E+01  3.7750000000E+01  4.35621E-03  5.22671E-01
  3.7750000000E+01  3.7754166667E+01  4.35329E-03  4.64648E-01
  3.7754166667E+01  3.7758333333E+01  4.38998E-03  7.88410E-01
  3.7758333333E+01  3.7762500000E+01  4.37448E-03  6.44226E-01
  3.7762500000E+01  3.7766666667E+01  4.36448E-03  4.90561E-01
  3.7766666667E+01  3.7770833333E+01  4.40059E-03  6.03779E-01
  3.7770833333E+01  3.7775000000E+01  4.40527E-03  7.31635E-01
  3.7775000000E+01  3.7779166667E+01  4.44144E-03  9.35627E-01
  3.7779166667E+01  3.7783333333E+01  4.41589E-03  8.25633E-01
  3.7783333333E+01  3.7787500000E+01  4.39473E-03  6.29314E-01
  3.7787500000E+01  3.7791666667E+01  4.44463E-03  8.54144E-01
  3.7791666667E+01  3.7795833333E+01  4.43871E-03  8.71043E-01
  3.7795833333E+01  3.7800000000E+01  4.38410E-03  5.54210E-01
  3.7800000000E+01  3.7804166667E+01  4.45518E-03  9.57857E-01
  3.7804166667E+01  3.7808333333E+01  4.47485E-03  9.37722E-01
  3.7808333333E+01  3.7812500000E+01  4.41830E-03  7.14094E-01
  3.7812500000E+01  3.7816666667E+01  4.41703E-03  7.74945E-01
  3.7816666667E+01  3.7820833333E+01  4.45136E-03  8.64851E-01
  3.7820833333E+01  3.7825000000E+01  4.45916E-03  9.19604E-01
  3.7825000000E+01  3.7829166667E+01  4.42406E-03  5.75233E-01
  3.7829166667E+01  3.7833333333E+01  4.51343E-03  1.01308E+00
  3.7833333333E+01  3.7837500000E+01  4.43797E-03  6.45217E-01
  3.7837500000E+01  3.7841666667E+01  4.46527E-03  7.90734E-01
  3.7841666667E+01  3.7845833333E+01  4.41638E-03  6.35667E-01
  3.7845833333E+01  3.7850000000E+01  4.44898E-03  8.41022E-01
  3.7850000000E+01  3.7854166667E+01  4.43035E-03  6.63621E-01
  3.7854166667E+01  3.7858333333E+01  4.48350E-03  1.05571E+00
  3.7858333333E+01  3.7862500000E+01  4.43556E-03  6.01022E-01
  3.7862500000E+01  3.7866666667E+01  4.43485E-03  5.78460E-01
  3.7866666667E+01  3.7870833333E+01  4.49009E-03  8.98916E-01
  3.7870833333E+01  3.7875000000E+01  4.46583E-03  8.54664E-01
  3.7875000000E+01  3.7879166667E+01  4.42662E-03  6.09757E-01
  3.7879166667E+01  3.7883333333E+01  4.46557E-03  7.70483E-01
  3.7883333333E+01  3.7887500000E+01  4.47728E-03  6.82863E-01
  3.7887500000E+01  3.7891666667E+01  4.47465E-03  8.46794E-01
  3.7891666667E+01  3.7895833333E+01  4.46538E-03  8.82593E-01
  3.7895833333E+01  3.7900000000E+01  4.48730E-03  8.51093E-01
  3.7900000000E+01  3.7904166667E+01  4.50011E-03  8.73843E-01
  3.7904166667E+01  3.7908333333E+01  4.53718E-03  1.01346E+00
  3.7908333333E+01  3.7912500000E+01  4.47003E-03  5.89966E-01
  3.7912500000E+01  3.7916666667E+01  4.45941E-03  5.05634E-01
  3.7916666667E+01  3.7920833333E+01  4.45027E-03  4.94594E-01
  3.7920833333E+01  3.7925000000E+01  4.52750E-03  1.15945E+00
  3.7925000000E+01  3.7929166667E+01  4.51830E-03  9.70692E-01
  3.7929166667E+01  3.7933333333E+01  4.46270E-03  5.55568E-01
  3.7933333333E+01  3.7937500000E+01  4.49902E-03  7.42546E-01
  3.7937500000E+01  3.7941666667E+01  4.50630E-03  6.65624E-01
  3.7941666667E+01  3.7945833333E+01  4.49292E-03  6.42073E-01
  3.7945833333E+01  3.7950000000E+01  4.50568E-03  6.68956E-01
  3.7950000000E+01  3.7954166667E+01  4.52228E-03  9.31522E-01
  3.7954166667E+01  3.7958333333E+01  4.47619E-03  4.68958E-01
  3.7958333333E+01  3.7962500000E+01  4.59251E-03  1.04124E+00
  3.7962500000E+01  3.7966666667E+01  4.55545E-03  8.28893E-01
  3.7966666667E+01  3.7970833333E+01  4.54744E-03  8.76742E-01
  3.7970833333E+01  3.7975000000E+01  4.52038E-03  8.18779E-01
  3.7975000000E+01  3.7979166667E+01  4.50031E-03  5.79697E-01
  3.7979166667E+01  3.7983333333E+01  4.56471E-03  8.78346E-01
  3.7983333333E+01  3.7987500000E+01  4.52035E-03  7.12719E-01
  3.7987500000E+01  3.7991666667E+01  4.51048E-03  7.15243E-01
  3.7991666667E+01  3.7995833333E+01  4.51550E-03  6.46009E-01
  3.7995833333E+01  3.8000000000E+01  4.51659E-03  5.69830E-01
  3.8000000000E+01  3.8004166667E+01  4.49696E-03  5.95109E-01
  3.8004166667E+01  3.8008333333E+01  4.47924E-03  4.51108E-01
  3.8008333333E+01  3.8012500000E+01  4.54033E-03  7.06536E-01
  3.8012500000E+01  3.8016666667E+01  4.52025E-03  5.54737E-01
  3.8016666667E+01  3.8020833333E+01  4.55902E-03  7.78478E-01
  3.8020833333E+01  3.8025000000E+01  4.52844E-03  5.82065E-01
  3.8025000000E+01  3.8029166667E+01  4.52070E-03  5.53838E-01
  3.8029166667E+01  3.8033333333E+01  4.56316E-03  7.67971E-01
  3.8033333333E+01  3.8037500000E+01  4.50399E-03  4.52554E-01
  3.8037500000E+01  3.8041666667E+01  4.54813E-03  6.30718E-01
  3.8041666667E+01  3.8045833333E+01  4.56523E-03  7.22111E-01
  3.8045833333E+01  3.8050000000E+01  4.55508E-03  6.71225E-01
  3.8050000000E+01  3.8054166667E+01  4.56825E-03  7.50268E-01
  3.8054166667E+01  3.8058333333E+01  4.62534E-03  9.25551E-01
  3.8058333333E+01  3.8062500000E+01  4.57691E-03  6.41430E-01
  3.8062500000E+01  3.8066666667E+01  4.58252E-03  7.21293E-01
  3.8066666667E+01  3.8070833333E+01  4.57759E-03  6.76181E-01
  3.8070833333E+01  3.8075000000E+01  4.63659E-03  8.75895E-01
  3.8075000000E+01  3.8079166667E+01  4.58726E-03  7.25389E-01
  3.8079166667E+01  3.8083333333E+01  4.57815E-03  5.36064E-01
  3.8083333333E+01  3.8087500000E+01  4.60294E-03  6.40683E-01
  3.8087500000E+01  3.8091666667E+01  4.62025E-03  7.84682E-01
  3.8091666667E+01  3.8095833333E+01  4.57470E-03  4.60334E-01
  3.8095833333E+01  3.8100000000E+01  4.59140E-03  5.23511E-01
  3.8100000000E+01  3.8104166667E+01  4.62530E-03  6.78538E-01
  3.8104166667E+01  3.8108333333E+01  4.63544E-03  8.58824E-01
  3.8108333333E+01  3.8112500000E+01  4.57864E-03  4.64798E-01
  3.8112500000E+01  3.8116666667E+01  4.61646E-03  6.42953E-01
  3.8116666667E+01  3.8120833333E+01  4.63944E-03  7.23616E-01
  3.8120833333E+01  3.8125000000E+01  4.59565E-03  4.75920E-01
  3.8125000000E+01  3.8129166667E+01  4.60110E-03  5.40912E-01
  3.8129166667E+01  3.8133333333E+01  4.62373E-03  5.39043E-01
  3.8133333333E+01  3.8137500000E+01  4.63124E-03  6.74338E-01
  3.8137500000E+01  3.8141666667E+01  4.65806E-03  7.12467E-01
  3.8141666667E+01  3.8145833333E+01  4.67258E-03  7.45388E-01
  3.8145833333E+01  3.8150000000E+01  4.64755E-03  6.16377E-01
  3.8150000000E+01  3.8154166667E+01  4.65250E-03  6.49192E-01
  3.8154166667E+01  3.8158333333E+01  4.66275E-03  6.91336E-01
  3.8158333333E+01  3.8162500000E+01  4.71305E-03  1.01974E+00
  3.8162500000E+01  3.8166666667E+01  4.66558E-03  8.62480E-01
  3.8166666667E+01  3.8170833333E+01  4.63395E-03  4.99072E-01
  3.8170833333E+01  3.8175000000E+01  4.65519E-03  6.18616E-01
  3.8175000000E+01  3.8179166667E+01  4.64936E-03  6.22407E-01
  3.8179166667E+01  3.8183333333E+01  4.63070E-03  4.74231E-01
  3.8183333333E+01  3.8187500000E+01  4.73036E-03  9.57284E-01
  3.8187500000E+01  3.8191666667E+01  4.69491E-03  6.66846E-01
  3.8191666667E+01  3.8195833333E+01  4.67781E-03  5.62262E-01
  3.8195833333E+01  3.8200000000E+01  4.65831E-03  5.17496E-01
  3.8200000000E+01  3.8204166667E+01  4.68921E-03  6.73034E-01
  3.8204166667E+01  3.8208333333E+01  4.69229E-03  7.24458E-01
  3.8208333333E+01  3.8212500000E+01  4.69789E-03  8.71822E-01
  3.8212500000E+01  3.8216666667E+01  4.64991E-03  4.87130E-01
  3.8216666667E+01  3.8220833333E+01  4.64682E-03  4.59951E-01
  3.8220833333E+01  3.8225000000E+01  4.72993E-03  8.92760E-01
  3.8225000000E+01  3.8229166667E+01  4.75870E-03  1.02968E+00
  3.8229166667E+01  3.8233333333E+01  4.71164E-03  7.63684E-01
  3.8233333333E+01  3.8237500000E+01  4.75779E-03  9.76053E-01
  3.8237500000E+01  3.8241666667E+01  4.75443E-03  1.10308E+00
  3.8241666667E+01  3.8245833333E+01  4.71529E-03  6.87437E-01
  3.8245833333E+01  3.8250000000E+01  4.70086E-03  6.18402E-01
  3.8250000000E+01  3.8254166667E+01  4.68987E-03  6.53960E-01
  3.8254166667E+01  3.8258333333E+01  4.76568E-03  9.36001E-01
  3.8258333333E+01  3.8262500000E+01  4.72113E-03  6.99302E-01
  3.8262500000E+01  3.8266666667E+01  4.71732E-03  6.92748E-01
  3.8266666667E+01  3.8270833333E+01  4.75163E-03  7.60901E-01
  3.8270833333E+01  3.8275000000E+01  4.74428E-03  6.55213E-01
  3.8275000000E+01  3.8279166667E+01  4.76497E-03  8.14608E-01
  3.8279166667E+01  3.8283333333E+01  4.74229E-03  6.75240E-01
  3.8283333333E+01  3.8287500000E+01  4.71310E-03  5.26045E-01
  3.8287500000E+01  3.8291666667E+01  4.70838E-03  5.33785E-01
  3.8291666667E+01  3.8295833333E+01  4.68879E-03  4.30949E-01
  3.8295833333E+01  3.8300000000E+01  4.72324E-03  5.13671E-01
  3.8300000000E+01  3.8304166667E+01  4.76429E-03  8.71239E-01
  3.8304166667E+01  3.8308333333E+01  4.77696E-03  8.90608E-01
  3.8308333333E+01  3.8312500000E+01  4.77825E-03  7.71951E-01
  3.8312500000E+01  3.8316666667E+01  4.81913E-03  8.84134E-01
  3.8316666667E+01  3.8320833333E+01  4.75433E-03  5.75194E-01
  3.8320833333E+01  3.8325000000E+01  4.75826E-03  5.86307E-01
  3.8325000000E+01  3.8329166667E+01  4.78930E-03  7.48062E-01
  3.8329166667E+01  3.8333333333E+01  4.77234E-03  6.46477E-01
  3.8333333333E+01  3.8337500000E+01  4.80015E-03  8.35455E-01
  3.8337500000E+01  3.8341666667E+01  4.77116E-03  6.46584E-01
  3.8341666667E+01  3.8345833333E+01  4.76834E-03  6.32283E-01
  3.8345833333E+01  3.8350000000E+01  4.83002E-03  7.62402E-01
  3.8350000000E+01  3.8354166667E+01  4.80778E-03  6.84034E-01
  3.8354166667E+01  3.8358333333E+01  4.77294E-03  5.34939E-01
  3.8358333333E+01  3.8362500000E+01  4.79040E-03  6.05148E-01
  3.8362500000E+01  3.8366666667E+01  4.77487E-03  5.52094E-01
  3.8366666667E+01  3.8370833333E+01  4.77686E-03  5.58084E-01
  3.8370833333E+01  3.8375000000E+01  4.79875E-03  6.08655E-01
  3.8375000000E+01  3.8379166667E+01  4.77885E-03  5.02527E-01
  3.8379166667E+01  3.8383333333E+01  4.78053E-03  4.83269E-01
  3.8383333333E+01  3.8387500000E+01  4.80196E-03  5.60425E-01
  3.8387500000E+01  3.8391666667E+01  4.79979E-03  5.57194E-01
  3.8391666667E+01  3.8395833333E+01  4.85093E-03  8.05828E-01
  3.8395833333E+01  3.8400000000E+01  4.83279E-03  6.70545E-01
  3.8400000000E+01  3.8404166667E+01  4.81373E-03  6.26098E-01
  3.8404166667E+01  3.8408333333E+01  4.81041E-03  6.10160E-01
  3.8408333333E+01  3.8412500000E+01  4.81318E-03  6.57485E-01
  3.8412500000E+01  3.8416666667E+01  4.85135E-03  6.19020E-01
  3.8416666667E+01  3.8420833333E+01  4.90065E-03  1.01884E+00
  3.8420833333E+01  3.8425000000E+01  4.84714E-03  5.68443E-01
  3.8425000000E+01  3.8429166667E+01  4.83142E-03  4.87831E-01
  3.8429166667E+01  3.8433333333E+01  4.86336E-03  6.80859E-01
  3.8433333333E+01  3.8437500000E+01  4.84207E-03  5.92409E-01
  3.8437500000E+01  3.8441666667E+01  4.91958E-03  8.08550E-01
  3.8441666667E+01  3.8445833333E+01  4.91148E-03  8.83649E-01
  3.8445833333E+01  3.8450000000E+01  4.82744E-03  4.65945E-01
  3.8450000000E+01  3.8454166667E+01  4.85100E-03  5.48846E-01
  3.8454166667E+01  3.8458333333E+01  4.83888E-03  4.86076E-01
  3.8458333333E+01  3.8462500000E+01  4.85062E-03  6.14247E-01
  3.8462500000E+01  3.8466666667E+01  4.85138E-03  4.85847E-01
  3.8466666667E+01  3.8470833333E+01  4.86771E-03  7.15834E-01
  3.8470833333E+01  3.8475000000E+01  4.89062E-03  6.92011E-01
  3.8475000000E+01  3.8479166667E+01  4.87272E-03  5.89863E-01
  3.8479166667E+01  3.8483333333E+01  4.90062E-03  7.08320E-01
  3.8483333333E+01  3.8487500000E+01  4.89905E-03  6.39262E-01
  3.8487500000E+01  3.8491666667E+01  4.89839E-03  5.69087E-01
  3.8491666667E+01  3.8495833333E+01  4.93949E-03  7.55215E-01
  3.8495833333E+01  3.8500000000E+01  4.92597E-03  6.51375E-01
  3.8500000000E+01  3.8504166667E+01  4.90862E-03  5.22252E-01
  3.8504166667E+01  3.8508333333E+01  4.93775E-03  7.43402E-01
  3.8508333333E+01  3.8512500000E+01  4.93299E-03  7.15795E-01
  3.8512500000E+01  3.8516666667E+01  4.96871E-03  9.90567E-01
  3.8516666667E+01  3.8520833333E+01  4.90258E-03  4.82506E-01
  3.8520833333E+01  3.8525000000E+01  4.93896E-03  8.00721E-01
  3.8525000000E+01  3.8529166667E+01  4.92211E-03  5.04609E-01
  3.8529166667E+01  3.8533333333E+01  4.94844E-03  7.12385E-01
  3.8533333333E+01  3.8537500000E+01  4.95188E-03  6.22305E-01
  3.8537500000E+01  3.8541666667E+01  4.95880E-03  7.09496E-01
  3.8541666667E+01  3.8545833333E+01  5.01543E-03  9.05737E-01
  3.8545833333E+01  3.8550000000E+01  4.99029E-03  8.75291E-01
  3.8550000000E+01  3.8554166667E+01  4.96842E-03  5.62445E-01
  3.8554166667E+01  3.8558333333E+01  4.99335E-03  6.78428E-01
  3.8558333333E+01  3.8562500000E+01  5.02598E-03  9.35503E-01
  3.8562500000E+01  3.8566666667E+01  5.01278E-03  8.33108E-01
  3.8566666667E+01  3.8570833333E+01  5.04621E-03  1.01383E+00
  3.8570833333E+01  3.8575000000E+01  4.96609E-03  5.28833E-01
  3.8575000000E+01  3.8579166667E+01  5.04688E-03  9.56338E-01
  3.8579166667E+01  3.8583333333E+01  4.95540E-03  4.71753E-01
  3.8583333333E+01  3.8587500000E+01  4.96237E-03  5.27466E-01
  3.8587500000E+01  3.8591666667E+01  4.99965E-03  6.59990E-01
  3.8591666667E+01  3.8595833333E+01  4.99129E-03  6.23196E-01
  3.8595833333E+01  3.8600000000E+01  5.00661E-03  6.21568E-01
  3.8600000000E+01  3.8604166667E+01  5.01456E-03  5.93587E-01
  3.8604166667E+01  3.8608333333E+01  5.04345E-03  8.09822E-01
  3.8608333333E+01  3.8612500000E+01  5.03428E-03  6.75206E-01
  3.8612500000E+01  3.8616666667E+01  5.01216E-03  5.03379E-01
  3.8616666667E+01  3.8620833333E+01  5.08570E-03  7.75484E-01
  3.8620833333E+01  3.8625000000E+01  5.14200E-03  9.96736E-01
  3.8625000000E+01  3.8629166667E+01  5.10553E-03  7.58768E-01
  3.8629166667E+01  3.8633333333E+01  5.11616E-03  9.41860E-01
  3.8633333333E+01  3.8637500000E+01  5.03469E-03  5.13580E-01
  3.8637500000E+01  3.8641666667E+01  5.07598E-03  7.51157E-01
  3.8641666667E+01  3.8645833333E+01  5.04977E-03  5.64464E-01
  3.8645833333E+01  3.8650000000E+01  5.09676E-03  7.91742E-01
  3.8650000000E+01  3.8654166667E+01  5.06243E-03  6.18389E-01
  3.8654166667E+01  3.8658333333E+01  5.09002E-03  7.74389E-01
  3.8658333333E+01  3.8662500000E+01  5.05056E-03  5.73061E-01
  3.8662500000E+01  3.8666666667E+01  5.04278E-03  5.38560E-01
  3.8666666667E+01  3.8670833333E+01  5.04922E-03  5.31687E-01
  3.8670833333E+01  3.8675000000E+01  5.07399E-03  6.91456E-01
  3.8675000000E+01  3.8679166667E+01  5.06936E-03  5.44625E-01
  3.8679166667E+01  3.8683333333E+01  5.08835E-03  6.47260E-01
  3.8683333333E+01  3.8687500000E+01  5.06872E-03  5.99746E-01
  3.8687500000E+01  3.8691666667E+01  5.10151E-03  6.51393E-01
  3.8691666667E+01  3.8695833333E+01  5.13574E-03  7.16749E-01
  3.8695833333E+01  3.8700000000E+01  5.12897E-03  7.09412E-01
  3.8700000000E+01  3.8704166667E+01  5.16307E-03  7.89465E-01
  3.8704166667E+01  3.8708333333E+01  5.10118E-03  5.33119E-01
  3.8708333333E+01  3.8712500000E+01  5.10446E-03  5.41853E-01
  3.8712500000E+01  3.8716666667E+01  5.09565E-03  5.07585E-01
  3.8716666667E+01  3.8720833333E+01  5.14013E-03  6.67940E-01
  3.8720833333E+01  3.8725000000E+01  5.13602E-03  6.17152E-01
  3.8725000000E+01  3.8729166667E+01  5.19076E-03  7.76523E-01
  3.8729166667E+01  3.8733333333E+01  5.16478E-03  6.28633E-01
  3.8733333333E+01  3.8737500000E+01  5.22726E-03  8.92093E-01
  3.8737500000E+01  3.8741666667E+01  5.19187E-03  7.94990E-01
  3.8741666667E+01  3.8745833333E+01  5.15643E-03  5.30775E-01
  3.8745833333E+01  3.8750000000E+01  5.16707E-03  5.91496E-01
  3.8750000000E+01  3.8754166667E+01  5.16888E-03  6.94479E-01
  3.8754166667E+01  3.8758333333E+01  5.17458E-03  6.54131E-01
  3.8758333333E+01  3.8762500000E+01  5.24389E-03  8.88557E-01
  3.8762500000E+01  3.8766666667E+01  5.18649E-03  5.22424E-01
  3.8766666667E+01  3.8770833333E+01  5.22741E-03  6.82178E-01
  3.8770833333E+01  3.8775000000E+01  5.22788E-03  6.68233E-01
  3.8775000000E+01  3.8779166667E+01  5.17367E-03  5.02576E-01
  3.8779166667E+01  3.8783333333E+01  5.19310E-03  5.41486E-01
  3.8783333333E+01  3.8787500000E+01  5.20584E-03  5.96325E-01
  3.8787500000E+01  3.8791666667E+01  5.22786E-03  5.90391E-01
  3.8791666667E+01  3.8795833333E+01  5.23330E-03  6.03349E-01
  3.8795833333E+01  3.8800000000E+01  5.33412E-03  9.32686E-01
  3.8800000000E+01  3.8804166667E+01  5.30266E-03  7.50368E-01
  3.8804166667E+01  3.8808333333E+01  5.26076E-03  5.69603E-01
  3.8808333333E+01  3.8812500000E+01  5.26671E-03  5.77655E-01
  3.8812500000E+01  3.8816666667E+01  5.26670E-03  6.66384E-01
  3.8816666667E+01  3.8820833333E+01  5.26758E-03  7.66010E-01
  3.8820833333E+01  3.8825000000E+01  5.30950E-03  8.46787E-01
  3.8825000000E+01  3.8829166667E+01  5.27862E-03  7.44812E-01
  3.8829166667E+01  3.8833333333E+01  5.26327E-03  6.71668E-01
  3.8833333333E+01  3.8837500000E+01  5.26114E-03  6.89270E-01
  3.8837500000E+01  3.8841666667E+01  5.29048E-03  7.00784E-01
  3.8841666667E+01  3.8845833333E+01  5.26422E-03  5.67765E-01
  3.8845833333E+01  3.8850000000E+01  5.24311E-03  4.69400E-01
  3.8850000000E+01  3.8854166667E+01  5.26507E-03  5.43237E-01
  3.8854166667E+01  3.8858333333E+01  5.24776E-03  4.58180E-01
  3.8858333333E+01  3.8862500000E+01  5.31940E-03  7.25841E-01
  3.8862500000E+01  3.8866666667E+01  5.32520E-03  7.53807E-01
  3.8866666667E+01  3.8870833333E+01  5.29065E-03  5.78184E-01
  3.8870833333E+01  3.8875000000E+01  5.29555E-03  6.49337E-01
  3.8875000000E+01  3.8879166667E+01  5.34260E-03  6.64723E-01
  3.8879166667E+01  3.8883333333E+01  5.36229E-03  6.71941E-01
  3.8883333333E+01  3.8887500000E+01  5.37483E-03  8.06849E-01
  3.8887500000E+01  3.8891666667E+01  5.39139E-03  8.81725E-01
  3.8891666667E+01  3.8895833333E+01  5.37895E-03  6.99800E-01
  3.8895833333E+01  3.8900000000E+01  5.38151E-03  7.85843E-01
  3.8900000000E+01  3.8904166667E+01  5.32795E-03  6.38423E-01
  3.8904166667E+01  3.8908333333E+01  5.38660E-03  7.97586E-01
  3.8908333333E+01  3.8912500000E+01  5.34436E-03  6.32059E-01
  3.8912500000E+01  3.8916666667E+01  5.38218E-03  7.02062E-01
  3.8916666667E+01  3.8920833333E+01  5.34879E-03  5.84732E-01
  3.8920833333E+01  3.8925000000E+01  5.38055E-03  7.47905E-01
  3.8925000000E+01  3.8929166667E+01  5.37317E-03  6.19826E-01
  3.8929166667E+01  3.8933333333E+01  5.38270E-03  5.81560E-01
  3.8933333333E+01  3.8937500000E+01  5.40986E-03  6.41014E-01
  3.8937500000E+01  3.8941666667E+01  5.40576E-03  6.26265E-01
  3.8941666667E+01  3.8945833333E+01  5.41155E-03  5.95990E-01
  3.8945833333E+01  3.8950000000E+01  5.44015E-03  7.91355E-01
  3.8950000000E+01  3.8954166667E+01  5.47194E-03  8.79997E-01
  3.8954166667E+01  3.8958333333E+01  5.47526E-03  7.73121E-01
  3.8958333333E+01  3.8962500000E+01  5.49841E-03  7.66397E-01
  3.8962500000E+01  3.8966666667E+01  5.48372E-03  8.40582E-01
  3.8966666667E+01  3.8970833333E+01  5.45127E-03  6.17961E-01
  3.8970833333E+01  3.8975000000E+01  5.44656E-03  6.68939E-01
  3.8975000000E+01  3.8979166667E+01  5.44045E-03  5.87136E-01
  3.8979166667E+01  3.8983333333E+01  5.44552E-03  6.26746E-01
  3.8983333333E+01  3.8987500000E+01  5.44005E-03  6.16258E-01
  3.8987500000E+01  3.8991666667E+01  5.44506E-03  5.82797E-01
  3.8991666667E+01  3.8995833333E+01  5.46187E-03  6.02146E-01
  3.8995833333E+01  3.9000000000E+01  5.46171E-03  5.79612E-01
  3.9000000000E+01  3.9004166667E+01  5.48982E-03  7.43601E-01
  3.9004166667E+01  3.9008333333E+01  5.46162E-03  5.65443E-01
  3.9008333333E+01  3.9012500000E+01  5.48049E-03  5.56886E-01
  3.9012500000E+01  3.9016666667E+01  5.51700E-03  6.90911E-01
  3.9016666667E+01  3.9020833333E+01  5.51275E-03  6.48179E-01
  3.9020833333E+01  3.9025000000E+01  5.55704E-03  8.02149E-01
  3.9025000000E+01  3.9029166667E+01  5.52677E-03  6.07453E-01
  3.9029166667E+01  3.9033333333E+01  5.53267E-03  6.06227E-01
  3.9033333333E+01  3.9037500000E+01  5.58896E-03  7.93364E-01
  3.9037500000E+01  3.9041666667E+01  5.52977E-03  5.45070E-01
  3.9041666667E+01  3.9045833333E+01  5.51121E-03  5.07587E-01
  3.9045833333E+01  3.9050000000E+01  5.57081E-03  7.32997E-01
  3.9050000000E+01  3.9054166667E+01  5.55132E-03  6.29964E-01
  3.9054166667E+01  3.9058333333E+01  5.54542E-03  5.40599E-01
  3.9058333333E+01  3.9062500000E+01  5.57123E-03  6.39449E-01
  3.9062500000E+01  3.9066666667E+01  5.53662E-03  4.71406E-01
  3.9066666667E+01  3.9070833333E+01  5.55442E-03  5.04489E-01
  3.9070833333E+01  3.9075000000E+01  5.60833E-03  6.72160E-01
  3.9075000000E+01  3.9079166667E+01  5.57668E-03  4.74697E-01
  3.9079166667E+01  3.9083333333E+01  5.58690E-03  5.24472E-01
  3.9083333333E+01  3.9087500000E+01  5.58870E-03  5.50684E-01
  3.9087500000E+01  3.9091666667E+01  5.56275E-03  4.53181E-01
  3.9091666667E+01  3.9095833333E+01  5.61654E-03  6.55455E-01
  3.9095833333E+01  3.9100000000E+01  5.62268E-03  5.51641E-01
  3.9100000000E+01  3.9104166667E+01  5.68369E-03  6.88884E-01
  3.9104166667E+01  3.9108333333E+01  5.63355E-03  4.97673E-01
  3.9108333333E+01  3.9112500000E+01  5.69446E-03  7.93542E-01
  3.9112500000E+01  3.9116666667E+01  5.73169E-03  8.00620E-01
  3.9116666667E+01  3.9120833333E+01  5.66521E-03  5.82084E-01
  3.9120833333E+01  3.9125000000E+01  5.69839E-03  7.30476E-01
  3.9125000000E+01  3.9129166667E+01  5.70836E-03  6.44877E-01
  3.9129166667E+01  3.9133333333E+01  5.66629E-03  5.80854E-01
  3.9133333333E+01  3.9137500000E+01  5.65528E-03  5.53525E-01
  3.9137500000E+01  3.9141666667E+01  5.66305E-03  5.21327E-01
  3.9141666667E+01  3.9145833333E+01  5.67859E-03  5.90176E-01
  3.9145833333E+01  3.9150000000E+01  5.71701E-03  7.07827E-01
  3.9150000000E+01  3.9154166667E+01  5.69259E-03  5.86117E-01
  3.9154166667E+01  3.9158333333E+01  5.73051E-03  7.29356E-01
  3.9158333333E+01  3.9162500000E+01  5.75645E-03  6.95475E-01
  3.9162500000E+01  3.9166666667E+01  5.74765E-03  6.12437E-01
  3.9166666667E+01  3.9170833333E+01  5.77861E-03  7.42849E-01
  3.9170833333E+01  3.9175000000E+01  5.75213E-03  6.76678E-01
  3.9175000000E+01  3.9179166667E+01  5.72093E-03  5.05189E-01
  3.9179166667E+01  3.9183333333E+01  5.76520E-03  7.01911E-01
  3.9183333333E+01  3.9187500000E+01  5.77188E-03  7.01995E-01
  3.9187500000E+01  3.9191666667E+01  5.76370E-03  5.81637E-01
  3.9191666667E+01  3.9195833333E+01  5.78783E-03  6.17987E-01
  3.9195833333E+01  3.9200000000E+01  5.79658E-03  5.78011E-01
  3.9200000000E+01  3.9204166667E+01  5.81272E-03  6.06200E-01
  3.9204166667E+01  3.9208333333E+01  5.85703E-03  8.08794E-01
  3.9208333333E+01  3.9212500000E+01  5.84348E-03  6.51382E-01
  3.9212500000E+01  3.9216666667E+01  5.85030E-03  7.04286E-01
  3.9216666667E+01  3.9220833333E+01  5.85171E-03  6.53107E-01
  3.9220833333E+01  3.9225000000E+01  5.86658E-03  6.79754E-01
  3.9225000000E+01  3.9229166667E+01  5.83597E-03  5.22044E-01
  3.9229166667E+01  3.9233333333E+01  5.88312E-03  6.97648E-01
  3.9233333333E+01  3.9237500000E+01  5.87777E-03  6.54528E-01
  3.9237500000E+01  3.9241666667E+01  5.84825E-03  5.03134E-01
  3.9241666667E+01  3.9245833333E+01  5.86886E-03  5.32707E-01
  3.9245833333E+01  3.9250000000E+01  5.86453E-03  5.85655E-01
  3.9250000000E+01  3.9254166667E+01  5.86566E-03  5.46798E-01
  3.9254166667E+01  3.9258333333E+01  5.91474E-03  7.10903E-01
  3.9258333333E+01  3.9262500000E+01  5.92678E-03  6.34160E-01
  3.9262500000E+01  3.9266666667E+01  5.88089E-03  4.88820E-01
  3.9266666667E+01  3.9270833333E+01  5.93378E-03  6.38411E-01
  3.9270833333E+01  3.9275000000E+01  5.93406E-03  6.63515E-01
  3.9275000000E+01  3.9279166667E+01  5.92668E-03  5.55442E-01
  3.9279166667E+01  3.9283333333E+01  5.94281E-03  5.86696E-01
  3.9283333333E+01  3.9287500000E+01  5.98160E-03  8.03160E-01
  3.9287500000E+01  3.9291666667E+01  6.00092E-03  6.58010E-01
  3.9291666667E+01  3.9295833333E+01  6.04942E-03  7.36413E-01
  3.9295833333E+01  3.9300000000E+01  6.06553E-03  7.33805E-01
  3.9300000000E+01  3.9304166667E+01  6.03994E-03  6.59007E-01
  3.9304166667E+01  3.9308333333E+01  6.02073E-03  6.10066E-01
  3.9308333333E+01  3.9312500000E+01  6.00596E-03  5.47264E-01
  3.9312500000E+01  3.9316666667E+01  6.08377E-03  7.47601E-01
  3.9316666667E+01  3.9320833333E+01  6.02502E-03  5.41010E-01
  3.9320833333E+01  3.9325000000E+01  6.01677E-03  5.35191E-01
  3.9325000000E+01  3.9329166667E+01  6.04827E-03  5.79906E-01
  3.9329166667E+01  3.9333333333E+01  6.08898E-03  7.04473E-01
  3.9333333333E+01  3.9337500000E+01  6.03681E-03  5.40053E-01
  3.9337500000E+01  3.9341666667E+01  6.08496E-03  7.10099E-01
  3.9341666667E+01  3.9345833333E+01  6.06793E-03  6.16368E-01
  3.9345833333E+01  3.9350000000E+01  6.08029E-03  5.84927E-01
  3.9350000000E+01  3.9354166667E+01  6.11019E-03  5.83239E-01
  3.9354166667E+01  3.9358333333E+01  6.10761E-03  6.03733E-01
  3.9358333333E+01  3.9362500000E+01  6.12649E-03  6.37030E-01
  3.9362500000E+01  3.9366666667E+01  6.11953E-03  6.19244E-01
  3.9366666667E+01  3.9370833333E+01  6.13309E-03  6.49436E-01
  3.9370833333E+01  3.9375000000E+01  6.12773E-03  5.55145E-01
  3.9375000000E+01  3.9379166667E+01  6.17681E-03  7.02832E-01
  3.9379166667E+01  3.9383333333E+01  6.15686E-03  5.45922E-01
  3.9383333333E+01  3.9387500000E+01  6.14634E-03  4.98131E-01
  3.9387500000E+01  3.9391666667E+01  6.16725E-03  4.97055E-01
  3.9391666667E+01  3.9395833333E+01  6.16448E-03  5.22526E-01
  3.9395833333E+01  3.9400000000E+01  6.20892E-03  6.23581E-01
  3.9400000000E+01  3.9404166667E+01  6.21951E-03  6.47084E-01
  3.9404166667E+01  3.9408333333E+01  6.18830E-03  5.36056E-01
  3.9408333333E+01  3.9412500000E+01  6.23425E-03  6.53385E-01
  3.9412500000E+01  3.9416666667E+01  6.20879E-03  5.13278E-01
  3.9416666667E+01  3.9420833333E+01  6.33628E-03  9.35497E-01
  3.9420833333E+01  3.9425000000E+01  6.31803E-03  8.47453E-01
  3.9425000000E+01  3.9429166667E+01  6.31429E-03  7.65215E-01
  3.9429166667E+01  3.9433333333E+01  6.24546E-03  5.50604E-01
  3.9433333333E+01  3.9437500000E+01  6.28161E-03  6.18159E-01
  3.9437500000E+01  3.9441666667E+01  6.31701E-03  6.76073E-01
  3.9441666667E+01  3.9445833333E+01  6.26355E-03  5.50737E-01
  3.9445833333E+01  3.9450000000E+01  6.28410E-03  5.11802E-01
  3.9450000000E+01  3.9454166667E+01  6.29613E-03  5.57515E-01
  3.9454166667E+01  3.9458333333E+01  6.33492E-03  6.59757E-01
  3.9458333333E+01  3.9462500000E+01  6.34844E-03  7.37726E-01
  3.9462500000E+01  3.9466666667E+01  6.34143E-03  5.85257E-01
  3.9466666667E+01  3.9470833333E+01  6.39182E-03  7.49316E-01
  3.9470833333E+01  3.9475000000E+01  6.33776E-03  5.09394E-01
  3.9475000000E+01  3.9479166667E+01  6.38898E-03  6.47712E-01
  3.9479166667E+01  3.9483333333E+01  6.38053E-03  5.83548E-01
  3.9483333333E+01  3.9487500000E+01  6.35734E-03  5.33181E-01
  3.9487500000E+01  3.9491666667E+01  6.44053E-03  7.26241E-01
  3.9491666667E+01  3.9495833333E+01  6.41862E-03  5.93352E-01
  3.9495833333E+01  3.9500000000E+01  6.39814E-03  5.28332E-01
  3.9500000000E+01  3.9504166667E+01  6.44212E-03  6.00608E-01
  3.9504166667E+01  3.9508333333E+01  6.51440E-03  6.83526E-01
  3.9508333333E+01  3.9512500000E+01  6.47871E-03  6.58686E-01
  3.9512500000E+01  3.9516666667E+01  6.49298E-03  6.90553E-01
  3.9516666667E+01  3.9520833333E+01  6.47109E-03  5.88710E-01
  3.9520833333E+01  3.9525000000E+01  6.48878E-03  5.85828E-01
  3.9525000000E+01  3.9529166667E+01  6.51957E-03  6.59105E-01
  3.9529166667E+01  3.9533333333E+01  6.49810E-03  5.42788E-01
  3.9533333333E+01  3.9537500000E+01  6.49921E-03  4.76458E-01
  3.9537500000E+01  3.9541666667E+01  6.57751E-03  6.38299E-01
  3.9541666667E+01  3.9545833333E+01  6.57814E-03  5.95905E-01
  3.9545833333E+01  3.9550000000E+01  6.59372E-03  6.24607E-01
  3.9550000000E+01  3.9554166667E+01  6.55835E-03  5.01575E-01
  3.9554166667E+01  3.9558333333E+01  6.58506E-03  6.62272E-01
  3.9558333333E+01  3.9562500000E+01  6.61903E-03  6.58031E-01
  3.9562500000E+01  3.9566666667E+01  6.58489E-03  5.25456E-01
  3.9566666667E+01  3.9570833333E+01  6.59923E-03  5.08385E-01
  3.9570833333E+01  3.9575000000E+01  6.59479E-03  4.68697E-01
  3.9575000000E+01  3.9579166667E+01  6.65826E-03  6.12638E-01
  3.9579166667E+01  3.9583333333E+01  6.64639E-03  5.37921E-01
  3.9583333333E+01  3.9587500000E+01  6.67474E-03  5.68774E-01
  3.9587500000E+01  3.9591666667E+01  6.73809E-03  6.25135E-01
  3.9591666667E+01  3.9595833333E+01  6.73001E-03  5.98334E-01
  3.9595833333E+01  3.9600000000E+01  6.66939E-03  4.81598E-01
  3.9600000000E+01  3.9604166667E+01  6.75384E-03  6.74628E-01
  3.9604166667E+01  3.9608333333E+01  6.69157E-03  4.98103E-01
  3.9608333333E+01  3.9612500000E+01  6.70518E-03  5.01277E-01
  3.9612500000E+01  3.9616666667E+01  6.77801E-03  5.88080E-01
  3.9616666667E+01  3.9620833333E+01  6.80633E-03  6.12825E-01
  3.9620833333E+01  3.9625000000E+01  6.79783E-03  5.57905E-01
  3.9625000000E+01  3.9629166667E+01  6.82595E-03  6.83650E-01
  3.9629166667E+01  3.9633333333E+01  6.81804E-03  5.10254E-01
  3.9633333333E+01  3.9637500000E+01  6.84970E-03  5.28793E-01
  3.9637500000E+01  3.9641666667E+01  6.85096E-03  5.07921E-01
  3.9641666667E+01  3.9645833333E+01  6.87496E-03  5.29005E-01
  3.9645833333E+01  3.9650000000E+01  6.88211E-03  5.00759E-01
  3.9650000000E+01  3.9654166667E+01  6.98927E-03  6.67495E-01
  3.9654166667E+01  3.9658333333E+01  6.98268E-03  6.60067E-01
  3.9658333333E+01  3.9662500000E+01  6.94923E-03  5.70227E-01
  3.9662500000E+01  3.9666666667E+01  6.95792E-03  5.18362E-01
  3.9666666667E+01  3.9670833333E+01  6.97412E-03  5.62212E-01
  3.9670833333E+01  3.9675000000E+01  6.95905E-03  4.80396E-01
  3.9675000000E+01  3.9679166667E+01  7.02647E-03  5.51134E-01
  3.9679166667E+01  3.9683333333E+01  7.05450E-03  5.95858E-01
  3.9683333333E+01  3.9687500000E+01  7.09755E-03  6.78845E-01
  3.9687500000E+01  3.9691666667E+01  7.06167E-03  5.57939E-01
  3.9691666667E+01  3.9695833333E+01  7.08308E-03  5.41473E-01
  3.9695833333E+01  3.9700000000E+01  7.11339E-03  5.79901E-01
  3.9700000000E+01  3.9704166667E+01  7.12506E-03  6.08793E-01
  3.9704166667E+01  3.9708333333E+01  7.10547E-03  4.86367E-01
  3.9708333333E+01  3.9712500000E+01  7.10559E-03  5.13659E-01
  3.9712500000E+01  3.9716666667E+01  7.17084E-03  6.06832E-01
  3.9716666667E+01  3.9720833333E+01  7.18223E-03  6.07035E-01
  3.9720833333E+01  3.9725000000E+01  7.13663E-03  4.55172E-01
  3.9725000000E+01  3.9729166667E+01  7.17770E-03  4.96009E-01
  3.9729166667E+01  3.9733333333E+01  7.30159E-03  6.88811E-01
  3.9733333333E+01  3.9737500000E+01  7.22719E-03  5.24841E-01
  3.9737500000E+01  3.9741666667E+01  7.24065E-03  5.16787E-01
  3.9741666667E+01  3.9745833333E+01  7.25931E-03  5.37197E-01
  3.9745833333E+01  3.9750000000E+01  7.30740E-03  5.24496E-01
  3.9750000000E+01  3.9754166667E+01  7.29573E-03  5.27233E-01
  3.9754166667E+01  3.9758333333E+01  7.36909E-03  6.51376E-01
  3.9758333333E+01  3.9762500000E+01  7.34689E-03  5.21081E-01
  3.9762500000E+01  3.9766666667E+01  7.35346E-03  5.20971E-01
  3.9766666667E+01  3.9770833333E+01  7.37126E-03  5.01205E-01
  3.9770833333E+01  3.9775000000E+01  7.36877E-03  4.80054E-01
  3.9775000000E+01  3.9779166667E+01  7.47343E-03  6.98154E-01
  3.9779166667E+01  3.9783333333E+01  7.44501E-03  5.06365E-01
  3.9783333333E+01  3.9787500000E+01  7.53838E-03  6.75756E-01
  3.9787500000E+01  3.9791666667E+01  7.51220E-03  6.39606E-01
  3.9791666667E+01  3.9795833333E+01  7.53101E-03  5.83901E-01
  3.9795833333E+01  3.9800000000E+01  7.57484E-03  6.28314E-01
  3.9800000000E+01  3.9804166667E+01  7.53737E-03  5.22569E-01
  3.9804166667E+01  3.9808333333E+01  7.57355E-03  5.68615E-01
  3.9808333333E+01  3.9812500000E+01  7.63010E-03  6.29491E-01
  3.9812500000E+01  3.9816666667E+01  7.64074E-03  5.76772E-01
  3.9816666667E+01  3.9820833333E+01  7.66849E-03  6.41540E-01
  3.9820833333E+01  3.9825000000E+01  7.63939E-03  4.96376E-01
  3.9825000000E+01  3.9829166667E+01  7.71557E-03  5.93574E-01
  3.9829166667E+01  3.9833333333E+01  7.72145E-03  5.90384E-01
  3.9833333333E+01  3.9837500000E+01  7.74685E-03  5.43965E-01
  3.9837500000E+01  3.9841666667E+01  7.80082E-03  6.00258E-01
  3.9841666667E+01  3.9845833333E+01  7.84163E-03  6.59135E-01
  3.9845833333E+01  3.9850000000E+01  7.77198E-03  4.88786E-01
  3.9850000000E+01  3.9854166667E+01  7.81619E-03  5.75665E-01
  3.9854166667E+01  3.9858333333E+01  7.83262E-03  5.18473E-01
  3.9858333333E+01  3.9862500000E+01  7.89992E-03  5.81412E-01
  3.9862500000E+01  3.9866666667E+01  7.90151E-03  5.37960E-01
  3.9866666667E+01  3.9870833333E+01  7.90169E-03  5.63350E-01
  3.9870833333E+01  3.9875000000E+01  7.92968E-03  5.56589E-01
  3.9875000000E+01  3.9879166667E+01  7.92250E-03  4.92240E-01
  3.9879166667E+01  3.9883333333E+01  7.93495E-03  4.82573E-01
  3.9883333333E+01  3.9887500000E+01  7.99939E-03  5.52823E-01
  3.9887500000E+01  3.9891666667E+01  8.06257E-03  6.26096E-01
  3.9891666667E+01  3.9895833333E+01  8.08610E-03  5.94709E-01
  3.9895833333E+01  3.9900000000E+01  8.02902E-03  4.69425E-01
  3.9900000000E+01  3.9904166667E+01  8.14186E-03  5.78970E-01
  3.9904166667E+01  3.9908333333E+01  8.16184E-03  5.32546E-01
  3.9908333333E+01  3.9912500000E+01  8.14538E-03  4.92008E-01
  3.9912500000E+01  3.9916666667E+01  8.16483E-03  4.69286E-01
  3.9916666667E+01  3.9920833333E+01  8.20753E-03  5.15003E-01
  3.9920833333E+01  3.9925000000E+01  8.23649E-03  5.00225E-01
  3.9925000000E+01  3.9929166667E+01  8.29232E-03  5.27036E-01
  3.9929166667E+01  3.9933333333E+01  8.36562E-03  6.49323E-01
  3.9933333333E+01  3.9937500000E+01  8.33443E-03  5.15292E-01
  3.9937500000E+01  3.9941666667E+01  8.37404E-03  5.33563E-01
  3.9941666667E+01  3.9945833333E+01  8.41034E-03  5.43471E-01
  3.9945833333E+01  3.9950000000E+01  8.43156E-03  5.25870E-01
  3.9950000000E+01  3.9954166667E+01  8.45587E-03  4.84517E-01
  3.9954166667E+01  3.9958333333E+01  8.49162E-03  5.24607E-01
  3.9958333333E+01  3.9962500000E+01  8.53065E-03  5.42345E-01
  3.9962500000E+01  3.9966666667E+01  8.53441E-03  4.88091E-01
  3.9966666667E+01  3.9970833333E+01  8.62388E-03  5.56672E-01
  3.9970833333E+01  3.9975000000E+01  8.64326E-03  5.23838E-01
  3.9975000000E+01  3.9979166667E+01  8.69448E-03  5.20840E-01
  3.9979166667E+01  3.9983333333E+01  8.72697E-03  5.40498E-01
  3.9983333333E+01  3.9987500000E+01  8.73881E-03  5.03542E-01
  3.9987500000E+01  3.9991666667E+01  8.76729E-03  4.85570E-01
  3.9991666667E+01  3.9995833333E+01  8.81051E-03  4.80875E-01
  3.9995833333E+01  4.0000000000E+01  8.85049E-03  4.83376E-01
  4.0000000000E+01  4.0004166667E+01  8.89331E-03  4.60861E-01
  4.0004166667E+01  4.0008333333E+01  9.02810E-03  6.26249E-01
  4.0008333333E+01  4.0012500000E+01  8.98950E-03  5.48301E-01
  4.0012500000E+01  4.0016666667E+01  9.00165E-03  5.00040E-01
  4.0016666667E+01  4.0020833333E+01  9.04720E-03  4.80611E-01
  4.0020833333E+01  4.0025000000E+01  9.04984E-03  4.39795E-01
  4.0025000000E+01  4.0029166667E+01  9.09608E-03  4.66045E-01
  4.0029166667E+01  4.0033333333E+01  9.14431E-03  4.85366E-01
  4.0033333333E+01  4.0037500000E+01  9.21138E-03  4.85933E-01
  4.0037500000E+01  4.0041666667E+01  9.27132E-03  4.97230E-01
  4.0041666667E+01  4.0045833333E+01  9.28640E-03  4.54193E-01
  4.0045833333E+01  4.0050000000E+01  9.35032E-03  4.59587E-01
  4.0050000000E+01  4.0054166667E+01  9.38793E-03  4.67001E-01
  4.0054166667E+01  4.0058333333E+01  9.45430E-03  4.82391E-01
  4.0058333333E+01  4.0062500000E+01  9.51150E-03  5.04694E-01
  4.0062500000E+01  4.0066666667E+01  9.54673E-03  4.73972E-01
  4.0066666667E+01  4.0070833333E+01  9.63421E-03  5.01381E-01
  4.0070833333E+01  4.0075000000E+01  9.67352E-03  4.90494E-01
  4.0075000000E+01  4.0079166667E+01  9.69469E-03  4.73785E-01
  4.0079166667E+01  4.0083333333E+01  9.72219E-03  4.50316E-01
  4.0083333333E+01  4.0087500000E+01  9.81577E-03  4.96246E-01
  4.0087500000E+01  4.0091666667E+01  9.85622E-03  4.73014E-01
  4.0091666667E+01  4.0095833333E+01  9.93848E-03  5.09628E-01
  4.0095833333E+01  4.0100000000E+01  1.00212E-02  5.15038E-01
  4.0100000000E+01  4.0104166667E+01  1.00144E-02  4.78615E-01
  4.0104166667E+01  4.0108333333E+01  1.00930E-02  4.91137E-01
  4.0108333333E+01  4.0112500000E+01  1.01473E-02  4.79923E-01
  4.0112500000E+01  4.0116666667E+01  1.02077E-02  4.74530E-01
  4.0116666667E+01  4.0120833333E+01  1.02704E-02  4.72747E-01
  4.0120833333E+01  4.0125000000E+01  1.04235E-02  5.62442E-01
  4.0125000000E+01  4.0129166667E+01  1.04268E-02  4.84977E-01
  4.0129166667E+01  4.0133333333E+01  1.04507E-02  4.70563E-01
  4.0133333333E+01  4.0137500000E+01  1.05438E-02  4.82985E-01
  4.0137500000E+01  4.0141666667E+01  1.06187E-02  4.85844E-01
  4.0141666667E+01  4.0145833333E+01  1.07294E-02  5.30911E-01
  4.0145833333E+01  4.0150000000E+01  1.08054E-02  4.93938E-01
  4.0150000000E+01  4.0154166667E+01  1.09036E-02  5.19116E-01
  4.0154166667E+01  4.0158333333E+01  1.09982E-02  5.06251E-01
  4.0158333333E+01  4.0162500000E+01  1.10956E-02  5.23415E-01
  4.0162500000E+01  4.0166666667E+01  1.11405E-02  4.96301E-01
  4.0166666667E+01  4.0170833333E+01  1.12125E-02  4.76569E-01
  4.0170833333E+01  4.0175000000E+01  1.13278E-02  5.20317E-01
  4.0175000000E+01  4.0179166667E+01  1.13847E-02  4.62940E-01
  4.0179166667E+01  4.0183333333E+01  1.15295E-02  4.94429E-01
  4.0183333333E+01  4.0187500000E+01  1.16567E-02  4.95086E-01
  4.0187500000E+01  4.0191666667E+01  1.17440E-02  4.89832E-01
  4.0191666667E+01  4.0195833333E+01  1.18487E-02  4.81030E-01
  4.0195833333E+01  4.0200000000E+01  1.19926E-02  4.98235E-01
  4.0200000000E+01  4.0204166667E+01  1.21014E-02  5.09136E-01
  4.0204166667E+01  4.0208333333E+01  1.22302E-02  5.32305E-01
  4.0208333333E+01  4.0212500000E+01  1.23121E-02  4.95344E-01
  4.0212500000E+01  4.0216666667E+01  1.24208E-02  4.90961E-01
  4.0216666667E+01  4.0220833333E+01  1.25667E-02  4.99173E-01
  4.0220833333E+01  4.0225000000E+01  1.27464E-02  5.37167E-01
  4.0225000000E+01  4.0229166667E+01  1.28202E-02  4.84556E-01
  4.0229166667E+01  4.0233333333E+01  1.30190E-02  5.16234E-01
  4.0233333333E+01  4.0237500000E+01  1.31915E-02  5.14862E-01
  4.0237500000E+01  4.0241666667E+01  1.33480E-02  5.25276E-01
  4.0241666667E+01  4.0245833333E+01  1.34892E-02  4.94482E-01
  4.0245833333E+01  4.0250000000E+01  1.36660E-02  4.92626E-01
  4.0250000000E+01  4.0254166667E+01  1.38623E-02  5.07357E-01
  4.0254166667E+01  4.0258333333E+01  1.40190E-02  5.12027E-01
  4.0258333333E+01  4.0262500000E+01  1.41595E-02  4.95744E-01
  4.0262500000E+01  4.0266666667E+01  1.43534E-02  5.21325E-01
  4.0266666667E+01  4.0270833333E+01  1.45391E-02  5.35927E-01
  4.0270833333E+01  4.0275000000E+01  1.47299E-02  5.37539E-01
  4.0275000000E+01  4.0279166667E+01  1.48737E-02  5.32001E-01
  4.0279166667E+01  4.0283333333E+01  1.50727E-02  5.20398E-01
  4.0283333333E+01  4.0287500000E+01  1.53082E-02  5.15280E-01
  4.0287500000E+01  4.0291666667E+01  1.55196E-02  5.03656E-01
  4.0291666667E+01  4.0295833333E+01  1.56694E-02  5.06930E-01
  4.0295833333E+01  4.0300000000E+01  1.58516E-02  5.24478E-01
  4.0300000000E+01  4.0304166667E+01  1.60764E-02  5.17416E-01
  4.0304166667E+01  4.0308333333E+01  1.62504E-02  5.14151E-01
  4.0308333333E+01  4.0312500000E+01  1.64780E-02  5.08609E-01
  4.0312500000E+01  4.0316666667E+01  1.67093E-02  5.22560E-01
  4.0316666667E+01  4.0320833333E+01  1.68608E-02  5.34537E-01
  4.0320833333E+01  4.0325000000E+01  1.70189E-02  5.52045E-01
  4.0325000000E+01  4.0329166667E+01  1.72231E-02  5.42364E-01
  4.0329166667E+01  4.0333333333E+01  1.73348E-02  5.45497E-01
  4.0333333333E+01  4.0337500000E+01  1.73542E-02  5.52632E-01
  4.0337500000E+01  4.0341666667E+01  1.73215E-02  5.60434E-01
  4.0341666667E+01  4.0345833333E+01  1.74293E-02  5.70088E-01
  4.0345833333E+01  4.0350000000E+01  1.74318E-02  5.55411E-01
  4.0350000000E+01  4.0354166667E+01  1.74817E-02  5.54147E-01
  4.0354166667E+01  4.0358333333E+01  1.75131E-02  5.48446E-01
  4.0358333333E+01  4.0362500000E+01  1.75370E-02  5.62427E-01
  4.0362500000E+01  4.0366666667E+01  1.74096E-02  5.62023E-01
  4.0366666667E+01  4.0370833333E+01  1.74316E-02  5.85745E-01
  4.0370833333E+01  4.0375000000E+01  1.74448E-02  5.96725E-01
  4.0375000000E+01  4.0379166667E+01  1.72400E-02  6.12852E-01
  4.0379166667E+01  4.0383333333E+01  1.69381E-02  6.30218E-01
  4.0383333333E+01  4.0387500000E+01  1.67946E-02  6.16255E-01
  4.0387500000E+01  4.0391666667E+01  1.64709E-02  6.34206E-01
  4.0391666667E+01  4.0395833333E+01  1.62846E-02  6.36854E-01
  4.0395833333E+01  4.0400000000E+01  1.59938E-02  6.54845E-01
  4.0400000000E+01  4.0404166667E+01  1.56644E-02  6.57385E-01
  4.0404166667E+01  4.0408333333E+01  1.53037E-02  6.76771E-01
  4.0408333333E+01  4.0412500000E+01  1.48326E-02  6.91101E-01
  4.0412500000E+01  4.0416666667E+01  1.44929E-02  7.02128E-01
  4.0416666667E+01  4.0420833333E+01  1.40201E-02  7.32036E-01
  4.0420833333E+01  4.0425000000E+01  1.35386E-02  7.90604E-01
  4.0425000000E+01  4.0429166667E+01  1.29882E-02  7.89801E-01
  4.0429166667E+01  4.0433333333E+01  1.24894E-02  7.80253E-01
  4.0433333333E+01  4.0437500000E+01  1.19706E-02  8.02290E-01
  4.0437500000E+01  4.0441666667E+01  1.14353E-02  8.29405E-01
  4.0441666667E+01  4.0445833333E+01  1.10189E-02  8.66104E-01
  4.0445833333E+01  4.0450000000E+01  1.04241E-02  9.06074E-01
  4.0450000000E+01  4.0454166667E+01  9.79658E-03  8.97571E-01
  4.0454166667E+01  4.0458333333E+01  9.35294E-03  9.45830E-01
  4.0458333333E+01  4.0462500000E+01  8.91771E-03  1.01330E+00
  4.0462500000E+01  4.0466666667E+01  8.34864E-03  1.03110E+00
  4.0466666667E+01  4.0470833333E+01  7.83715E-03  1.06247E+00
  4.0470833333E+01  4.0475000000E+01  7.33486E-03  1.12397E+00
  4.0475000000E+01  4.0479166667E+01  6.83932E-03  1.17853E+00
  4.0479166667E+01  4.0483333333E+01  6.40884E-03  1.20570E+00
  4.0483333333E+01  4.0487500000E+01  5.88511E-03  1.26532E+00
  4.0487500000E+01  4.0491666667E+01  5.34443E-03  1.31447E+00
  4.0491666667E+01  4.0495833333E+01  5.07411E-03  1.37697E+00
  4.0495833333E+01  4.0500000000E+01  4.64185E-03  1.46999E+00
  4.0500000000E+01  4.0504166667E+01  4.17352E-03  1.50018E+00
  4.0504166667E+01  4.0508333333E+01  3.83643E-03  1.52850E+00
  4.0508333333E+01  4.0512500000E+01  3.54483E-03  1.60326E+00
  4.0512500000E+01  4.0516666667E+01  3.23139E-03  1.70974E+00
  4.0516666667E+01  4.0520833333E+01  2.95217E-03  1.78867E+00
  4.0520833333E+01  4.0525000000E+01  2.67732E-03  1.86564E+00
  4.0525000000E+01  4.0529166667E+01  2.39298E-03  1.88304E+00
  4.0529166667E+01  4.0533333333E+01  2.07080E-03  2.06366E+00
  4.0533333333E+01  4.0537500000E+01  1.86348E-03  2.27004E+00
  4.0537500000E+01  4.0541666667E+01  1.62097E-03  2.42276E+00
  4.0541666667E+01  4.0545833333E+01  1.44069E-03  2.67643E+00
  4.0545833333E+01  4.0550000000E+01  1.27673E-03  2.93850E+00
  4.0550000000E+01  4.0554166667E+01  1.11358E-03  3.08106E+00
  4.0554166667E+01  4.0558333333E+01  9.93903E-04  3.14197E+00
  4.0558333333E+01  4.0562500000E+01  8.51801E-04  3.45302E+00
  4.0562500000E+01  4.0566666667E+01  7.20831E-04  3.75862E+00
  4.0566666667E+01  4.0570833333E+01  6.28653E-04  4.00764E+00
  4.0570833333E+01  4.0575000000E+01  5.53863E-04  4.35587E+00
  4.0575000000E+01  4.0579166667E+01  4.42264E-04  4.65142E+00
  4.0579166667E+01  4.0583333333E+01  4.03982E-04  5.17268E+00
  4.0583333333E+01  4.0587500000E+01  3.34971E-04  5.69788E+00
  4.0587500000E+01  4.0591666667E+01  2.74233E-04  6.20359E+00
  4.0591666667E+01  4.0595833333E+01  2.29258E-04  6.89879E+00
  4.0595833333E+01  4.0600000000E+01  1.98744E-04  7.31991E+00
  4.0600000000E+01  4.0604166667E+01  1.54068E-04  7.92482E+00
  4.0604166667E+01  4.0608333333E+01  1.32831E-04  8.95069E+00
  4.0608333333E+01  4.0612500000E+01  1.16030E-04  9.60700E+00
  4.0612500000E+01  4.0616666667E+01  9.89412E-05  1.07656E+01
  4.0616666667E+01  4.0620833333E+01  7.93984E-05  1.14073E+01
  4.0620833333E+01  4.0625000000E+01  6.56634E-05  1.29055E+01
  4.0625000000E+01  4.0629166667E+01  5.62436E-05  1.34804E+01
  4.0629166667E+01  4.0633333333E+01  4.57864E-05  1.52091E+01
  4.0633333333E+01  4.0637500000E+01  3.80605E-05  1.66626E+01
  4.0637500000E+01  4.0641666667E+01  3.02956E-05  1.81772E+01
  4.0641666667E+01  4.0645833333E+01  3.06529E-05  2.10310E+01
  4.0645833333E+01  4.0650000000E+01  1.90376E-05  2.49872E+01
  4.0650000000E+01  4.0654166667E+01  1.48431E-05  2.73762E+01
  4.0654166667E+01  4.0658333333E+01  1.20662E-05  2.82835E+01
  4.0658333333E+01  4.0662500000E+01  1.02683E-05  3.07798E+01
  4.0662500000E+01  4.0666666667E+01  6.40989E-06  3.92084E+01
  4.0666666667E+01  4.0670833333E+01  6.53371E-06  4.37775E+01
  4.0670833333E+01  4.0675000000E+01  6.70868E-06  4.64862E+01
  4.0675000000E+01  4.0679166667E+01  5.09728E-06  5.66738E+01
  4.0679166667E+01  4.0683333333E+01  7.83869E-07  1.00000E+02
  4.0683333333E+01  4.0687500000E+01  9.66371E-07  1.00000E+02
  4.0687500000E+01  4.0691666667E+01  1.40198E-06  1.00000E+02
  4.0691666667E+01  4.0695833333E+01  1.18098E-06  1.00000E+02
  4.0695833333E+01  4.0700000000E+01  0.00000E+00  0.00000E+00
  4.0700000000E+01  4.0704166667E+01  0.00000E+00  0.00000E+00
  4.0704166667E+01  4.0708333333E+01  0.00000E+00  0.00000E+00
  4.0708333333E+01  4.0712500000E+01  0.00000E+00  0.00000E+00
  4.0712500000E+01  4.0716666667E+01  0.00000E+00  0.00000E+00
  4.0716666667E+01  4.0720833333E+01  0.00000E+00  0.00000E+00
  4.0720833333E+01  4.0725000000E+01  0.00000E+00  0.00000E+00
  4.0725000000E+01  4.0729166667E+01  0.00000E+00  0.00000E+00
  4.0729166667E+01  4.0733333333E+01  0.00000E+00  0.00000E+00
  4.0733333333E+01  4.0737500000E+01  0.00000E+00  0.00000E+00
  4.0737500000E+01  4.0741666667E+01  0.00000E+00  0.00000E+00
  4.0741666667E+01  4.0745833333E+01  0.00000E+00  0.00000E+00
  4.0745833333E+01  4.0750000000E+01  0.00000E+00  0.00000E+00
  4.0750000000E+01  4.0754166667E+01  0.00000E+00  0.00000E+00
  4.0754166667E+01  4.0758333333E+01  0.00000E+00  0.00000E+00
  4.0758333333E+01  4.0762500000E+01  0.00000E+00  0.00000E+00
  4.0762500000E+01  4.0766666667E+01  0.00000E+00  0.00000E+00
  4.0766666667E+01  4.0770833333E+01  2.72374E-07  1.00000E+02
  4.0770833333E+01  4.0775000000E+01  0.00000E+00  0.00000E+00
  4.0775000000E+01  4.0779166667E+01  0.00000E+00  0.00000E+00
  4.0779166667E+01  4.0783333333E+01  0.00000E+00  0.00000E+00
  4.0783333333E+01  4.0787500000E+01  1.49857E-14  1.00000E+02
  4.0787500000E+01  4.0791666667E+01  0.00000E+00  0.00000E+00
  4.0791666667E+01  4.0795833333E+01  0.00000E+00  0.00000E+00
  4.0795833333E+01  4.0800000000E+01  0.00000E+00  0.00000E+00
  4.0800000000E+01  4.0804166667E+01  0.00000E+00  0.00000E+00
  4.0804166667E+01  4.0808333333E+01  0.00000E+00  0.00000E+00
  4.0808333333E+01  4.0812500000E+01  0.00000E+00  0.00000E+00
  4.0812500000E+01  4.0816666667E+01  0.00000E+00  0.00000E+00
  4.0816666667E+01  4.0820833333E+01  0.00000E+00  0.00000E+00
  4.0820833333E+01  4.0825000000E+01  0.00000E+00  0.00000E+00
  4.0825000000E+01  4.0829166667E+01  0.00000E+00  0.00000E+00
  4.0829166667E+01  4.0833333333E+01  0.00000E+00  0.00000E+00
  4.0833333333E+01  4.0837500000E+01  2.02227E-07  1.00000E+02
  4.0837500000E+01  4.0841666667E+01  0.00000E+00  0.00000E+00
  4.0841666667E+01  4.0845833333E+01  0.00000E+00  0.00000E+00
  4.0845833333E+01  4.0850000000E+01  0.00000E+00  0.00000E+00
  4.0850000000E+01  4.0854166667E+01  0.00000E+00  0.00000E+00
  4.0854166667E+01  4.0858333333E+01  0.00000E+00  0.00000E+00
  4.0858333333E+01  4.0862500000E+01  4.00456E-07  1.00000E+02
  4.0862500000E+01  4.0866666667E+01  5.20373E-07  1.00000E+02
  4.0866666667E+01  4.0870833333E+01  5.66559E-07  1.00000E+02
  4.0870833333E+01  4.0875000000E+01  6.02587E-07  7.18850E+01
  4.0875000000E+01  4.0879166667E+01  6.69240E-07  1.00000E+02
  4.0879166667E+01  4.0883333333E+01  7.83853E-07  1.00000E+02
  4.0883333333E+01  4.0887500000E+01  7.88216E-07  9.73975E+01
  4.0887500000E+01  4.0891666667E+01  8.88502E-07  1.00000E+02
  4.0891666667E+01  4.0895833333E+01  1.06208E-06  1.00000E+02
  4.0895833333E+01  4.0900000000E+01  1.29115E-06  1.00000E+02
  4.0900000000E+01  4.0904166667E+01  2.07746E-06  1.00000E+02
  4.0904166667E+01  4.0908333333E+01  0.00000E+00  0.00000E+00
  4.0908333333E+01  4.0912500000E+01  4.27980E-14  1.00000E+02
  4.0912500000E+01  4.0916666667E+01  0.00000E+00  0.00000E+00
  4.0916666667E+01  4.0920833333E+01  0.00000E+00  0.00000E+00
  4.0920833333E+01  4.0925000000E+01  6.66726E-11  1.00000E+02
  4.0925000000E+01  4.0929166667E+01  0.00000E+00  0.00000E+00
  4.0929166667E+01  4.0933333333E+01  0.00000E+00  0.00000E+00
  4.0933333333E+01  4.0937500000E+01  0.00000E+00  0.00000E+00
  4.0937500000E+01  4.0941666667E+01  3.71142E-14  1.00000E+02
  4.0941666667E+01  4.0945833333E+01  0.00000E+00  0.00000E+00
  4.0945833333E+01  4.0950000000E+01  0.00000E+00  0.00000E+00
  4.0950000000E+01  4.0954166667E+01  0.00000E+00  0.00000E+00
  4.0954166667E+01  4.0958333333E+01  0.00000E+00  0.00000E+00
  4.0958333333E+01  4.0962500000E+01  0.00000E+00  0.00000E+00
  4.0962500000E+01  4.0966666667E+01  0.00000E+00  0.00000E+00
  4.0966666667E+01  4.0970833333E+01  0.00000E+00  0.00000E+00
  4.0970833333E+01  4.0975000000E+01  9.29460E-15  1.00000E+02
  4.0975000000E+01  4.0979166667E+01  1.36153E-14  1.00000E+02
  4.0979166667E+01  4.0983333333E+01  4.34299E-14  8.14602E+01
  4.0983333333E+01  4.0987500000E+01  0.00000E+00  0.00000E+00
  4.0987500000E+01  4.0991666667E+01  0.00000E+00  0.00000E+00
  4.0991666667E+01  4.0995833333E+01  0.00000E+00  0.00000E+00
  4.0995833333E+01  4.1000000000E+01  0.00000E+00  0.00000E+00
  4.1000000000E+01  4.1004166667E+01  0.00000E+00  0.00000E+00
  4.1004166667E+01  4.1008333333E+01  0.00000E+00  0.00000E+00
  4.1008333333E+01  4.1012500000E+01  0.00000E+00  0.00000E+00
  4.1012500000E+01  4.1016666667E+01  0.00000E+00  0.00000E+00
  4.1016666667E+01  4.1020833333E+01  7.35086E-15  1.00000E+02
  4.1020833333E+01  4.1025000000E+01  0.00000E+00  0.00000E+00
  4.1025000000E+01  4.1029166667E+01  0.00000E+00  0.00000E+00
  4.1029166667E+01  4.1033333333E+01  0.00000E+00  0.00000E+00
  4.1033333333E+01  4.1037500000E+01  4.78307E-07  1.00000E+02
  4.1037500000E+01  4.1041666667E+01  2.37430E-14  1.00000E+02
  4.1041666667E+01  4.1045833333E+01  0.00000E+00  0.00000E+00
  4.1045833333E+01  4.1050000000E+01  0.00000E+00  0.00000E+00
  4.1050000000E+01  4.1054166667E+01  1.13082E-14  1.00000E+02
  4.1054166667E+01  4.1058333333E+01  0.00000E+00  0.00000E+00
  4.1058333333E+01  4.1062500000E+01  0.00000E+00  0.00000E+00
  4.1062500000E+01  4.1066666667E+01  0.00000E+00  0.00000E+00
  4.1066666667E+01  4.1070833333E+01  2.92163E-14  1.00000E+02
  4.1070833333E+01  4.1075000000E+01  0.00000E+00  0.00000E+00
  4.1075000000E+01  4.1079166667E+01  0.00000E+00  0.00000E+00
  4.1079166667E+01  4.1083333333E+01  0.00000E+00  0.00000E+00
  4.1083333333E+01  4.1087500000E+01  0.00000E+00  0.00000E+00
  4.1087500000E+01  4.1091666667E+01  0.00000E+00  0.00000E+00
  4.1091666667E+01  4.1095833333E+01  0.00000E+00  0.00000E+00
  4.1095833333E+01  4.1100000000E+01  0.00000E+00  0.00000E+00
  4.1100000000E+01  4.1104166667E+01  0.00000E+00  0.00000E+00
  4.1104166667E+01  4.1108333333E+01  0.00000E+00  0.00000E+00
  4.1108333333E+01  4.1112500000E+01  0.00000E+00  0.00000E+00
  4.1112500000E+01  4.1116666667E+01  0.00000E+00  0.00000E+00
  4.1116666667E+01  4.1120833333E+01  0.00000E+00  0.00000E+00
  4.1120833333E+01  4.1125000000E+01  0.00000E+00  0.00000E+00
  4.1125000000E+01  4.1129166667E+01  0.00000E+00  0.00000E+00
  4.1129166667E+01  4.1133333333E+01  0.00000E+00  0.00000E+00
  4.1133333333E+01  4.1137500000E+01  0.00000E+00  0.00000E+00
  4.1137500000E+01  4.1141666667E+01  0.00000E+00  0.00000E+00
  4.1141666667E+01  4.1145833333E+01  0.00000E+00  0.00000E+00
  4.1145833333E+01  4.1150000000E+01  0.00000E+00  0.00000E+00
  4.1150000000E+01  4.1154166667E+01  0.00000E+00  0.00000E+00
  4.1154166667E+01  4.1158333333E+01  0.00000E+00  0.00000E+00
  4.1158333333E+01  4.1162500000E+01  0.00000E+00  0.00000E+00
  4.1162500000E+01  4.1166666667E+01  0.00000E+00  0.00000E+00
  4.1166666667E+01  4.1170833333E+01  0.00000E+00  0.00000E+00
  4.1170833333E+01  4.1175000000E+01  0.00000E+00  0.00000E+00
  4.1175000000E+01  4.1179166667E+01  0.00000E+00  0.00000E+00
  4.1179166667E+01  4.1183333333E+01  0.00000E+00  0.00000E+00
  4.1183333333E+01  4.1187500000E+01  0.00000E+00  0.00000E+00
  4.1187500000E+01  4.1191666667E+01  0.00000E+00  0.00000E+00
  4.1191666667E+01  4.1195833333E+01  0.00000E+00  0.00000E+00
  4.1195833333E+01  4.1200000000E+01  0.00000E+00  0.00000E+00
  4.1200000000E+01  4.1204166667E+01  0.00000E+00  0.00000E+00
  4.1204166667E+01  4.1208333333E+01  0.00000E+00  0.00000E+00
  4.1208333333E+01  4.1212500000E+01  0.00000E+00  0.00000E+00
  4.1212500000E+01  4.1216666667E+01  0.00000E+00  0.00000E+00
  4.1216666667E+01  4.1220833333E+01  0.00000E+00  0.00000E+00
  4.1220833333E+01  4.1225000000E+01  7.35086E-15  1.00000E+02
  4.1225000000E+01  4.1229166667E+01  7.35086E-15  1.00000E+02
  4.1229166667E+01  4.1233333333E+01  0.00000E+00  0.00000E+00
  4.1233333333E+01  4.1237500000E+01  0.00000E+00  0.00000E+00
  4.1237500000E+01  4.1241666667E+01  0.00000E+00  0.00000E+00
  4.1241666667E+01  4.1245833333E+01  0.00000E+00  0.00000E+00
  4.1245833333E+01  4.1250000000E+01  4.22830E-08  1.00000E+02
  4.1250000000E+01  4.1254166667E+01  0.00000E+00  0.00000E+00
  4.1254166667E+01  4.1258333333E+01  0.00000E+00  0.00000E+00
  4.1258333333E+01  4.1262500000E+01  0.00000E+00  0.00000E+00
  4.1262500000E+01  4.1266666667E+01  0.00000E+00  0.00000E+00
  4.1266666667E+01  4.1270833333E+01  0.00000E+00  0.00000E+00
  4.1270833333E+01  4.1275000000E+01  7.35086E-15  1.00000E+02
  4.1275000000E+01  4.1279166667E+01  2.43742E-08  1.00000E+02
  4.1279166667E+01  4.1283333333E+01  0.00000E+00  0.00000E+00
  4.1283333333E+01  4.1287500000E+01  0.00000E+00  0.00000E+00
  4.1287500000E+01  4.1291666667E+01  0.00000E+00  0.00000E+00
  4.1291666667E+01  4.1295833333E+01  0.00000E+00  0.00000E+00
  4.1295833333E+01  4.1300000000E+01  0.00000E+00  0.00000E+00
  4.1300000000E+01  4.1304166667E+01  0.00000E+00  0.00000E+00
  4.1304166667E+01  4.1308333333E+01  0.00000E+00  0.00000E+00
  4.1308333333E+01  4.1312500000E+01  0.00000E+00  0.00000E+00
  4.1312500000E+01  4.1316666667E+01  0.00000E+00  0.00000E+00
  4.1316666667E+01  4.1320833333E+01  1.99446E-14  1.00000E+02
  4.1320833333E+01  4.1325000000E+01  6.48368E-07  1.00000E+02
  4.1325000000E+01  4.1329166667E+01  7.41977E-07  6.10421E+01
  4.1329166667E+01  4.1333333333E+01  8.10292E-07  1.00000E+02
  4.1333333333E+01  4.1337500000E+01  8.42201E-07  1.00000E+02
  4.1337500000E+01  4.1341666667E+01  3.54198E-07  1.00000E+02
  4.1341666667E+01  4.1345833333E+01  0.00000E+00  0.00000E+00
  4.1345833333E+01  4.1350000000E+01  2.89096E-08  1.00000E+02
  4.1350000000E+01  4.1354166667E+01  0.00000E+00  0.00000E+00
  4.1354166667E+01  4.1358333333E+01  0.00000E+00  0.00000E+00
  4.1358333333E+01  4.1362500000E+01  0.00000E+00  0.00000E+00
  4.1362500000E+01  4.1366666667E+01  0.00000E+00  0.00000E+00
  4.1366666667E+01  4.1370833333E+01  1.49857E-14  1.00000E+02
  4.1370833333E+01  4.1375000000E+01  0.00000E+00  0.00000E+00
  4.1375000000E+01  4.1379166667E+01  0.00000E+00  0.00000E+00
  4.1379166667E+01  4.1383333333E+01  0.00000E+00  0.00000E+00
  4.1383333333E+01  4.1387500000E+01  1.64193E-14  1.00000E+02
  4.1387500000E+01  4.1391666667E+01  0.00000E+00  0.00000E+00
  4.1391666667E+01  4.1395833333E+01  0.00000E+00  0.00000E+00
  4.1395833333E+01  4.1400000000E+01  0.00000E+00  0.00000E+00
  4.1400000000E+01  4.1404166667E+01  0.00000E+00  0.00000E+00
  4.1404166667E+01  4.1408333333E+01  0.00000E+00  0.00000E+00
  4.1408333333E+01  4.1412500000E+01  0.00000E+00  0.00000E+00
  4.1412500000E+01  4.1416666667E+01  0.00000E+00  0.00000E+00
  4.1416666667E+01  4.1420833333E+01  0.00000E+00  0.00000E+00
  4.1420833333E+01  4.1425000000E+01  0.00000E+00  0.00000E+00
  4.1425000000E+01  4.1429166667E+01  0.00000E+00  0.00000E+00
  4.1429166667E+01  4.1433333333E+01  0.00000E+00  0.00000E+00
  4.1433333333E+01  4.1437500000E+01  0.00000E+00  0.00000E+00
  4.1437500000E+01  4.1441666667E+01  0.00000E+00  0.00000E+00
  4.1441666667E+01  4.1445833333E+01  0.00000E+00  0.00000E+00
  4.1445833333E+01  4.1450000000E+01  0.00000E+00  0.00000E+00
  4.1450000000E+01  4.1454166667E+01  0.00000E+00  0.00000E+00
  4.1454166667E+01  4.1458333333E+01  0.00000E+00  0.00000E+00
  4.1458333333E+01  4.1462500000E+01  1.32388E-06  1.00000E+02
  4.1462500000E+01  4.1466666667E+01  1.65896E-06  1.00000E+02
  4.1466666667E+01  4.1470833333E+01  7.68140E-08  1.00000E+02
  4.1470833333E+01  4.1475000000E+01  0.00000E+00  0.00000E+00
  4.1475000000E+01  4.1479166667E+01  0.00000E+00  0.00000E+00
  4.1479166667E+01  4.1483333333E+01  0.00000E+00  0.00000E+00
  4.1483333333E+01  4.1487500000E+01  0.00000E+00  0.00000E+00
  4.1487500000E+01  4.1491666667E+01  0.00000E+00  0.00000E+00
  4.1491666667E+01  4.1495833333E+01  0.00000E+00  0.00000E+00
  4.1495833333E+01  4.1500000000E+01  0.00000E+00  0.00000E+00
  4.1500000000E+01  4.1500000000E+01  0.00000E+00  0.00000E+00