# Detector n: 1D Projection
  5.0099998474E+01  5.0104165141E+01  1.13185E-03  3.92148E-01
  5.0104165141E+01  5.0108331807E+01  1.14301E-03  4.67416E-01
  5.0108331807E+01  5.0112498474E+01  1.14382E-03  4.83066E-01
  5.0112498474E+01  5.0116665141E+01  1.14361E-03  4.88553E-01
  5.0116665141E+01  5.0120831807E+01  1.14388E-03  4.58202E-01
  5.0120831807E+01  5.0124998474E+01  1.14559E-03  5.03432E-01
  5.0124998474E+01  5.0129165141E+01  1.14744E-03  4.87177E-01
  5.0129165141E+01  5.0133331807E+01  1.14408E-03  4.34657E-01
  5.0133331807E+01  5.0137498474E+01  1.14349E-03  4.47517E-01
  5.0137498474E+01  5.0141665141E+01  1.14342E-03  4.08251E-01
  5.0141665141E+01  5.0145831807E+01  1.14439E-03  4.11412E-01
  5.0145831807E+01  5.0149998474E+01  1.14953E-03  4.76715E-01
  5.0149998474E+01  5.0154165141E+01  1.15060E-03  4.30782E-01
  5.0154165141E+01  5.0158331807E+01  1.15650E-03  3.75807E-01
  5.0158331807E+01  5.0162498474E+01  1.15800E-03  4.44662E-01
  5.0162498474E+01  5.0166665141E+01  1.15721E-03  4.32524E-01
  5.0166665141E+01  5.0170831807E+01  1.15414E-03  4.55636E-01
  5.0170831807E+01  5.0174998474E+01  1.15349E-03  3.55970E-01
  5.0174998474E+01  5.0179165141E+01  1.15118E-03  3.30679E-01
  5.0179165141E+01  5.0183331807E+01  1.15368E-03  3.52722E-01
  5.0183331807E+01  5.0187498474E+01  1.15903E-03  4.41426E-01
  5.0187498474E+01  5.0191665141E+01  1.16206E-03  4.48884E-01
  5.0191665141E+01  5.0195831807E+01  1.15827E-03  4.01547E-01
  5.0195831807E+01  5.0199998474E+01  1.15745E-03  3.84578E-01
  5.0199998474E+01  5.0204165141E+01  1.15710E-03  3.57161E-01
  5.0204165141E+01  5.0208331807E+01  1.15651E-03  3.71915E-01
  5.0208331807E+01  5.0212498474E+01  1.15254E-03  3.23554E-01
  5.0212498474E+01  5.0216665141E+01  1.15587E-03  3.44178E-01
  5.0216665141E+01  5.0220831807E+01  1.16533E-03  5.13095E-01
  5.0220831807E+01  5.0224998474E+01  1.15888E-03  3.76036E-01
  5.0224998474E+01  5.0229165141E+01  1.15823E-03  3.83304E-01
  5.0229165141E+01  5.0233331807E+01  1.16178E-03  4.18805E-01
  5.0233331807E+01  5.0237498474E+01  1.16185E-03  4.14587E-01
  5.0237498474E+01  5.0241665141E+01  1.16313E-03  4.39142E-01
  5.0241665141E+01  5.0245831807E+01  1.15568E-03  3.29571E-01
  5.0245831807E+01  5.0249998474E+01  1.16636E-03  5.48578E-01
  5.0249998474E+01  5.0254165141E+01  1.16870E-03  4.48622E-01
  5.0254165141E+01  5.0258331807E+01  1.17874E-03  4.81582E-01
  5.0258331807E+01  5.0262498474E+01  1.18314E-03  4.56839E-01
  5.0262498474E+01  5.0266665141E+01  1.18442E-03  4.14769E-01
  5.0266665141E+01  5.0270831807E+01  1.18559E-03  4.06221E-01
  5.0270831807E+01  5.0274998474E+01  1.18199E-03  3.47043E-01
  5.0274998474E+01  5.0279165141E+01  1.18427E-03  3.87830E-01
  5.0279165141E+01  5.0283331807E+01  1.18715E-03  4.27120E-01
  5.0283331807E+01  5.0287498474E+01  1.18911E-03  4.33147E-01
  5.0287498474E+01  5.0291665141E+01  1.18836E-03  3.87042E-01
  5.0291665141E+01  5.0295831807E+01  1.19187E-03  4.69903E-01
  5.0295831807E+01  5.0299998474E+01  1.18626E-03  4.13428E-01
  5.0299998474E+01  5.0304165141E+01  1.18790E-03  4.30637E-01
  5.0304165141E+01  5.0308331807E+01  1.18978E-03  4.01731E-01
  5.0308331807E+01  5.0312498474E+01  1.18692E-03  3.84427E-01
  5.0312498474E+01  5.0316665141E+01  1.19296E-03  4.80047E-01
  5.0316665141E+01  5.0320831807E+01  1.18901E-03  3.97523E-01
  5.0320831807E+01  5.0324998474E+01  1.19109E-03  4.50150E-01
  5.0324998474E+01  5.0329165141E+01  1.18576E-03  3.32402E-01
  5.0329165141E+01  5.0333331807E+01  1.18761E-03  3.81043E-01
  5.0333331807E+01  5.0337498474E+01  1.18788E-03  3.86886E-01
  5.0337498474E+01  5.0341665141E+01  1.18993E-03  3.68733E-01
  5.0341665141E+01  5.0345831807E+01  1.19064E-03  3.79938E-01
  5.0345831807E+01  5.0349998474E+01  1.18793E-03  3.41398E-01
  5.0349998474E+01  5.0354165141E+01  1.19624E-03  4.17129E-01
  5.0354165141E+01  5.0358331807E+01  1.19145E-03  3.66985E-01
  5.0358331807E+01  5.0362498474E+01  1.19210E-03  3.63088E-01
  5.0362498474E+01  5.0366665141E+01  1.18782E-03  3.64006E-01
  5.0366665141E+01  5.0370831807E+01  1.19205E-03  4.56398E-01
  5.0370831807E+01  5.0374998474E+01  1.18730E-03  3.30709E-01
  5.0374998474E+01  5.0379165141E+01  1.19083E-03  3.61464E-01
  5.0379165141E+01  5.0383331807E+01  1.18991E-03  3.55159E-01
  5.0383331807E+01  5.0387498474E+01  1.19615E-03  4.44105E-01
  5.0387498474E+01  5.0391665141E+01  1.19417E-03  3.72341E-01
  5.0391665141E+01  5.0395831807E+01  1.19840E-03  4.29398E-01
  5.0395831807E+01  5.0399998474E+01  1.19862E-03  4.45629E-01
  5.0399998474E+01  5.0404165141E+01  1.19526E-03  4.02840E-01
  5.0404165141E+01  5.0408331807E+01  1.19515E-03  3.82882E-01
  5.0408331807E+01  5.0412498474E+01  1.19362E-03  3.90729E-01
  5.0412498474E+01  5.0416665141E+01  1.19664E-03  3.92868E-01
  5.0416665141E+01  5.0420831807E+01  1.20455E-03  4.65774E-01
  5.0420831807E+01  5.0424998474E+01  1.19545E-03  3.68322E-01
  5.0424998474E+01  5.0429165141E+01  1.19751E-03  3.82094E-01
  5.0429165141E+01  5.0433331807E+01  1.20829E-03  4.91275E-01
  5.0433331807E+01  5.0437498474E+01  1.19784E-03  4.06189E-01
  5.0437498474E+01  5.0441665141E+01  1.19823E-03  3.89090E-01
  5.0441665141E+01  5.0445831807E+01  1.19671E-03  3.52150E-01
  5.0445831807E+01  5.0449998474E+01  1.19852E-03  3.54646E-01
  5.0449998474E+01  5.0454165141E+01  1.20173E-03  3.51811E-01
  5.0454165141E+01  5.0458331807E+01  1.21265E-03  4.40696E-01
  5.0458331807E+01  5.0462498474E+01  1.22732E-03  5.07286E-01
  5.0462498474E+01  5.0466665141E+01  1.22798E-03  3.87999E-01
  5.0466665141E+01  5.0470831807E+01  1.22876E-03  3.64837E-01
  5.0470831807E+01  5.0474998474E+01  1.23588E-03  3.88711E-01
  5.0474998474E+01  5.0479165141E+01  1.23794E-03  4.45738E-01
  5.0479165141E+01  5.0483331807E+01  1.23632E-03  4.28521E-01
  5.0483331807E+01  5.0487498474E+01  1.23009E-03  3.38340E-01
  5.0487498474E+01  5.0491665141E+01  1.23144E-03  3.48459E-01
  5.0491665141E+01  5.0495831807E+01  1.24723E-03  5.89413E-01
  5.0495831807E+01  5.0499998474E+01  1.23600E-03  4.38986E-01
  5.0499998474E+01  5.0504165141E+01  1.23237E-03  4.15984E-01
  5.0504165141E+01  5.0508331807E+01  1.23012E-03  3.65858E-01
  5.0508331807E+01  5.0512498474E+01  1.23922E-03  4.61555E-01
  5.0512498474E+01  5.0516665141E+01  1.23566E-03  4.09489E-01
  5.0516665141E+01  5.0520831807E+01  1.23129E-03  3.55010E-01
  5.0520831807E+01  5.0524998474E+01  1.23115E-03  3.51325E-01
  5.0524998474E+01  5.0529165141E+01  1.23301E-03  3.58294E-01
  5.0529165141E+01  5.0533331807E+01  1.23328E-03  3.66146E-01
  5.0533331807E+01  5.0537498474E+01  1.23645E-03  4.12612E-01
  5.0537498474E+01  5.0541665141E+01  1.23166E-03  3.37244E-01
  5.0541665141E+01  5.0545831807E+01  1.24106E-03  4.40389E-01
  5.0545831807E+01  5.0549998474E+01  1.24046E-03  4.81972E-01
  5.0549998474E+01  5.0554165141E+01  1.23893E-03  3.87679E-01
  5.0554165141E+01  5.0558331807E+01  1.23963E-03  3.82455E-01
  5.0558331807E+01  5.0562498474E+01  1.23534E-03  3.85327E-01
  5.0562498474E+01  5.0566665141E+01  1.23238E-03  3.16916E-01
  5.0566665141E+01  5.0570831807E+01  1.24190E-03  4.34712E-01
  5.0570831807E+01  5.0574998474E+01  1.24192E-03  4.39422E-01
  5.0574998474E+01  5.0579165141E+01  1.23809E-03  4.03973E-01
  5.0579165141E+01  5.0583331807E+01  1.23159E-03  3.29692E-01
  5.0583331807E+01  5.0587498474E+01  1.23123E-03  3.20030E-01
  5.0587498474E+01  5.0591665141E+01  1.23383E-03  3.31171E-01
  5.0591665141E+01  5.0595831807E+01  1.24113E-03  3.86807E-01
  5.0595831807E+01  5.0599998474E+01  1.23942E-03  3.58871E-01
  5.0599998474E+01  5.0604165141E+01  1.24638E-03  4.80316E-01
  5.0604165141E+01  5.0608331807E+01  1.24080E-03  4.46633E-01
  5.0608331807E+01  5.0612498474E+01  1.24840E-03  4.86379E-01
  5.0612498474E+01  5.0616665141E+01  1.24089E-03  3.89039E-01
  5.0616665141E+01  5.0620831807E+01  1.24752E-03  4.13550E-01
  5.0620831807E+01  5.0624998474E+01  1.24353E-03  3.91924E-01
  5.0624998474E+01  5.0629165141E+01  1.24534E-03  3.62886E-01
  5.0629165141E+01  5.0633331807E+01  1.24108E-03  3.52097E-01
  5.0633331807E+01  5.0637498474E+01  1.23997E-03  3.30645E-01
  5.0637498474E+01  5.0641665141E+01  1.24414E-03  3.46955E-01
  5.0641665141E+01  5.0645831807E+01  1.24961E-03  4.10419E-01
  5.0645831807E+01  5.0649998474E+01  1.24503E-03  3.80632E-01
  5.0649998474E+01  5.0654165141E+01  1.25127E-03  4.79715E-01
  5.0654165141E+01  5.0658331807E+01  1.25178E-03  4.91736E-01
  5.0658331807E+01  5.0662498474E+01  1.25258E-03  4.42225E-01
  5.0662498474E+01  5.0666665141E+01  1.24942E-03  4.09560E-01
  5.0666665141E+01  5.0670831807E+01  1.25129E-03  4.94552E-01
  5.0670831807E+01  5.0674998474E+01  1.24853E-03  3.89740E-01
  5.0674998474E+01  5.0679165141E+01  1.24440E-03  3.30464E-01
  5.0679165141E+01  5.0683331807E+01  1.26463E-03  5.62002E-01
  5.0683331807E+01  5.0687498474E+01  1.25257E-03  4.42315E-01
  5.0687498474E+01  5.0691665141E+01  1.25531E-03  4.09588E-01
  5.0691665141E+01  5.0695831807E+01  1.25653E-03  4.68365E-01
  5.0695831807E+01  5.0699998474E+01  1.25470E-03  4.27851E-01
  5.0699998474E+01  5.0704165141E+01  1.25491E-03  4.41845E-01
  5.0704165141E+01  5.0708331807E+01  1.25301E-03  3.61195E-01
  5.0708331807E+01  5.0712498474E+01  1.26012E-03  4.14965E-01
  5.0712498474E+01  5.0716665141E+01  1.25554E-03  3.79019E-01
  5.0716665141E+01  5.0720831807E+01  1.26222E-03  4.58015E-01
  5.0720831807E+01  5.0724998474E+01  1.25806E-03  4.18901E-01
  5.0724998474E+01  5.0729165141E+01  1.25169E-03  3.39206E-01
  5.0729165141E+01  5.0733331807E+01  1.25468E-03  3.51880E-01
  5.0733331807E+01  5.0737498474E+01  1.26241E-03  4.21101E-01
  5.0737498474E+01  5.0741665141E+01  1.26156E-03  4.43186E-01
  5.0741665141E+01  5.0745831807E+01  1.26184E-03  4.27389E-01
  5.0745831807E+01  5.0749998474E+01  1.27003E-03  4.77522E-01
  5.0749998474E+01  5.0754165141E+01  1.25987E-03  3.80683E-01
  5.0754165141E+01  5.0758331807E+01  1.25643E-03  3.34542E-01
  5.0758331807E+01  5.0762498474E+01  1.25636E-03  3.24954E-01
  5.0762498474E+01  5.0766665141E+01  1.26552E-03  3.97316E-01
  5.0766665141E+01  5.0770831807E+01  1.26488E-03  3.85249E-01
  5.0770831807E+01  5.0774998474E+01  1.26783E-03  4.04686E-01
  5.0774998474E+01  5.0779165141E+01  1.26524E-03  3.92744E-01
  5.0779165141E+01  5.0783331807E+01  1.26314E-03  3.48594E-01
  5.0783331807E+01  5.0787498474E+01  1.26455E-03  3.56522E-01
  5.0787498474E+01  5.0791665141E+01  1.26873E-03  4.06958E-01
  5.0791665141E+01  5.0795831807E+01  1.26747E-03  3.60326E-01
  5.0795831807E+01  5.0799998474E+01  1.27369E-03  4.43316E-01
  5.0799998474E+01  5.0804165141E+01  1.27882E-03  4.45261E-01
  5.0804165141E+01  5.0808331807E+01  1.27754E-03  4.22953E-01
  5.0808331807E+01  5.0812498474E+01  1.27417E-03  3.64218E-01
  5.0812498474E+01  5.0816665141E+01  1.28418E-03  4.35841E-01
  5.0816665141E+01  5.0820831807E+01  1.28135E-03  3.95601E-01
  5.0820831807E+01  5.0824998474E+01  1.28146E-03  3.92786E-01
  5.0824998474E+01  5.0829165141E+01  1.28171E-03  3.42318E-01
  5.0829165141E+01  5.0833331807E+01  1.29205E-03  4.23168E-01
  5.0833331807E+01  5.0837498474E+01  1.29119E-03  3.80977E-01
  5.0837498474E+01  5.0841665141E+01  1.29839E-03  4.04230E-01
  5.0841665141E+01  5.0845831807E+01  1.30573E-03  4.70864E-01
  5.0845831807E+01  5.0849998474E+01  1.30340E-03  4.04894E-01
  5.0849998474E+01  5.0854165141E+01  1.29965E-03  3.47969E-01
  5.0854165141E+01  5.0858331807E+01  1.30205E-03  3.52978E-01
  5.0858331807E+01  5.0862498474E+01  1.30720E-03  3.90578E-01
  5.0862498474E+01  5.0866665141E+01  1.31031E-03  3.88562E-01
  5.0866665141E+01  5.0870831807E+01  1.31071E-03  3.80861E-01
  5.0870831807E+01  5.0874998474E+01  1.31917E-03  4.36071E-01
  5.0874998474E+01  5.0879165141E+01  1.30820E-03  3.83049E-01
  5.0879165141E+01  5.0883331807E+01  1.30665E-03  3.69372E-01
  5.0883331807E+01  5.0887498474E+01  1.31429E-03  3.95520E-01
  5.0887498474E+01  5.0891665141E+01  1.31434E-03  4.01975E-01
  5.0891665141E+01  5.0895831807E+01  1.31912E-03  4.20635E-01
  5.0895831807E+01  5.0899998474E+01  1.31710E-03  3.92540E-01
  5.0899998474E+01  5.0904165141E+01  1.31446E-03  4.25863E-01
  5.0904165141E+01  5.0908331807E+01  1.31784E-03  4.55172E-01
  5.0908331807E+01  5.0912498474E+01  1.31356E-03  3.78292E-01
  5.0912498474E+01  5.0916665141E+01  1.31595E-03  3.82090E-01
  5.0916665141E+01  5.0920831807E+01  1.32466E-03  4.63402E-01
  5.0920831807E+01  5.0924998474E+01  1.31447E-03  3.33616E-01
  5.0924998474E+01  5.0929165141E+01  1.31271E-03  3.27946E-01
  5.0929165141E+01  5.0933331807E+01  1.32406E-03  4.38385E-01
  5.0933331807E+01  5.0937498474E+01  1.31964E-03  3.56121E-01
  5.0937498474E+01  5.0941665141E+01  1.32780E-03  4.18042E-01
  5.0941665141E+01  5.0945831807E+01  1.32314E-03  3.86027E-01
  5.0945831807E+01  5.0949998474E+01  1.32873E-03  4.49322E-01
  5.0949998474E+01  5.0954165141E+01  1.32637E-03  3.48588E-01
  5.0954165141E+01  5.0958331807E+01  1.32515E-03  3.74001E-01
  5.0958331807E+01  5.0962498474E+01  1.32649E-03  3.61353E-01
  5.0962498474E+01  5.0966665141E+01  1.32833E-03  4.06068E-01
  5.0966665141E+01  5.0970831807E+01  1.32581E-03  3.52271E-01
  5.0970831807E+01  5.0974998474E+01  1.33570E-03  4.44226E-01
  5.0974998474E+01  5.0979165141E+01  1.34448E-03  5.26759E-01
  5.0979165141E+01  5.0983331807E+01  1.33865E-03  4.40556E-01
  5.0983331807E+01  5.0987498474E+01  1.33648E-03  4.27845E-01
  5.0987498474E+01  5.0991665141E+01  1.33535E-03  3.69479E-01
  5.0991665141E+01  5.0995831807E+01  1.34143E-03  4.57514E-01
  5.0995831807E+01  5.0999998474E+01  1.34024E-03  4.42719E-01
  5.0999998474E+01  5.1004165141E+01  1.33261E-03  3.81611E-01
  5.1004165141E+01  5.1008331807E+01  1.33335E-03  3.62553E-01
  5.1008331807E+01  5.1012498474E+01  1.33685E-03  4.42194E-01
  5.1012498474E+01  5.1016665141E+01  1.33648E-03  3.73968E-01
  5.1016665141E+01  5.1020831807E+01  1.33792E-03  3.79689E-01
  5.1020831807E+01  5.1024998474E+01  1.33994E-03  3.81644E-01
  5.1024998474E+01  5.1029165141E+01  1.34552E-03  4.38245E-01
  5.1029165141E+01  5.1033331807E+01  1.33990E-03  3.69714E-01
  5.1033331807E+01  5.1037498474E+01  1.34290E-03  3.73204E-01
  5.1037498474E+01  5.1041665141E+01  1.34389E-03  4.22149E-01
  5.1041665141E+01  5.1045831807E+01  1.34618E-03  4.43186E-01
  5.1045831807E+01  5.1049998474E+01  1.34113E-03  3.85219E-01
  5.1049998474E+01  5.1054165141E+01  1.34557E-03  3.88626E-01
  5.1054165141E+01  5.1058331807E+01  1.34316E-03  3.74354E-01
  5.1058331807E+01  5.1062498474E+01  1.34228E-03  3.50829E-01
  5.1062498474E+01  5.1066665141E+01  1.35451E-03  4.42145E-01
  5.1066665141E+01  5.1070831807E+01  1.35229E-03  4.01721E-01
  5.1070831807E+01  5.1074998474E+01  1.35400E-03  4.14362E-01
  5.1074998474E+01  5.1079165141E+01  1.35386E-03  3.97876E-01
  5.1079165141E+01  5.1083331807E+01  1.35202E-03  3.88822E-01
  5.1083331807E+01  5.1087498474E+01  1.36336E-03  4.82597E-01
  5.1087498474E+01  5.1091665141E+01  1.35178E-03  3.69548E-01
  5.1091665141E+01  5.1095831807E+01  1.35656E-03  3.92555E-01
  5.1095831807E+01  5.1099998474E+01  1.36012E-03  4.54143E-01
  5.1099998474E+01  5.1104165141E+01  1.35555E-03  3.92376E-01
  5.1104165141E+01  5.1108331807E+01  1.36237E-03  4.32552E-01
  5.1108331807E+01  5.1112498474E+01  1.37009E-03  5.05263E-01
  5.1112498474E+01  5.1116665141E+01  1.37183E-03  4.57847E-01
  5.1116665141E+01  5.1120831807E+01  1.36985E-03  4.65313E-01
  5.1120831807E+01  5.1124998474E+01  1.36806E-03  4.24217E-01
  5.1124998474E+01  5.1129165141E+01  1.37109E-03  4.26211E-01
  5.1129165141E+01  5.1133331807E+01  1.37171E-03  3.80319E-01
  5.1133331807E+01  5.1137498474E+01  1.37871E-03  4.63998E-01
  5.1137498474E+01  5.1141665141E+01  1.37391E-03  3.64724E-01
  5.1141665141E+01  5.1145831807E+01  1.37994E-03  3.92744E-01
  5.1145831807E+01  5.1149998474E+01  1.38268E-03  4.12509E-01
  5.1149998474E+01  5.1154165141E+01  1.38314E-03  4.26517E-01
  5.1154165141E+01  5.1158331807E+01  1.38575E-03  3.94346E-01
  5.1158331807E+01  5.1162498474E+01  1.38233E-03  3.50758E-01
  5.1162498474E+01  5.1166665141E+01  1.38329E-03  3.51613E-01
  5.1166665141E+01  5.1170831807E+01  1.38401E-03  3.57293E-01
  5.1170831807E+01  5.1174998474E+01  1.38944E-03  3.95282E-01
  5.1174998474E+01  5.1179165141E+01  1.39455E-03  4.10442E-01
  5.1179165141E+01  5.1183331807E+01  1.39637E-03  4.00565E-01
  5.1183331807E+01  5.1187498474E+01  1.39962E-03  3.93770E-01
  5.1187498474E+01  5.1191665141E+01  1.40107E-03  3.72343E-01
  5.1191665141E+01  5.1195831807E+01  1.39610E-03  3.45285E-01
  5.1195831807E+01  5.1199998474E+01  1.40057E-03  4.18112E-01
  5.1199998474E+01  5.1204165141E+01  1.39815E-03  3.49095E-01
  5.1204165141E+01  5.1208331807E+01  1.40339E-03  3.77879E-01
  5.1208331807E+01  5.1212498474E+01  1.41787E-03  5.60637E-01
  5.1212498474E+01  5.1216665141E+01  1.40738E-03  4.13380E-01
  5.1216665141E+01  5.1220831807E+01  1.40869E-03  3.93303E-01
  5.1220831807E+01  5.1224998474E+01  1.40638E-03  3.64377E-01
  5.1224998474E+01  5.1229165141E+01  1.41327E-03  4.51298E-01
  5.1229165141E+01  5.1233331807E+01  1.41167E-03  4.04598E-01
  5.1233331807E+01  5.1237498474E+01  1.40873E-03  3.71262E-01
  5.1237498474E+01  5.1241665141E+01  1.41121E-03  3.75904E-01
  5.1241665141E+01  5.1245831807E+01  1.40968E-03  3.65762E-01
  5.1245831807E+01  5.1249998474E+01  1.41203E-03  3.76707E-01
  5.1249998474E+01  5.1254165141E+01  1.40923E-03  3.73988E-01
  5.1254165141E+01  5.1258331807E+01  1.40891E-03  3.57859E-01
  5.1258331807E+01  5.1262498474E+01  1.41530E-03  3.95093E-01
  5.1262498474E+01  5.1266665141E+01  1.42077E-03  4.25034E-01
  5.1266665141E+01  5.1270831807E+01  1.41508E-03  3.62091E-01
  5.1270831807E+01  5.1274998474E+01  1.42716E-03  4.93167E-01
  5.1274998474E+01  5.1279165141E+01  1.41419E-03  4.18313E-01
  5.1279165141E+01  5.1283331807E+01  1.41498E-03  3.43199E-01
  5.1283331807E+01  5.1287498474E+01  1.42548E-03  4.30202E-01
  5.1287498474E+01  5.1291665141E+01  1.42269E-03  4.17207E-01
  5.1291665141E+01  5.1295831807E+01  1.41886E-03  3.71550E-01
  5.1295831807E+01  5.1299998474E+01  1.42098E-03  3.54709E-01
  5.1299998474E+01  5.1304165141E+01  1.42044E-03  3.50704E-01
  5.1304165141E+01  5.1308331807E+01  1.42863E-03  3.97601E-01
  5.1308331807E+01  5.1312498474E+01  1.43013E-03  4.36277E-01
  5.1312498474E+01  5.1316665141E+01  1.43220E-03  4.30079E-01
  5.1316665141E+01  5.1320831807E+01  1.42956E-03  4.13785E-01
  5.1320831807E+01  5.1324998474E+01  1.42878E-03  3.81001E-01
  5.1324998474E+01  5.1329165141E+01  1.43493E-03  4.06666E-01
  5.1329165141E+01  5.1333331807E+01  1.43741E-03  4.18823E-01
  5.1333331807E+01  5.1337498474E+01  1.43749E-03  4.02941E-01
  5.1337498474E+01  5.1341665141E+01  1.44411E-03  4.84711E-01
  5.1341665141E+01  5.1345831807E+01  1.43855E-03  4.41942E-01
  5.1345831807E+01  5.1349998474E+01  1.43555E-03  3.54673E-01
  5.1349998474E+01  5.1354165141E+01  1.43438E-03  3.31708E-01
  5.1354165141E+01  5.1358331807E+01  1.43925E-03  3.76581E-01
  5.1358331807E+01  5.1362498474E+01  1.44561E-03  4.13683E-01
  5.1362498474E+01  5.1366665141E+01  1.44119E-03  3.67081E-01
  5.1366665141E+01  5.1370831807E+01  1.44925E-03  3.86774E-01
  5.1370831807E+01  5.1374998474E+01  1.44091E-03  3.23704E-01
  5.1374998474E+01  5.1379165141E+01  1.44640E-03  3.63710E-01
  5.1379165141E+01  5.1383331807E+01  1.44935E-03  3.58429E-01
  5.1383331807E+01  5.1387498474E+01  1.45143E-03  3.68946E-01
  5.1387498474E+01  5.1391665141E+01  1.45464E-03  4.07180E-01
  5.1391665141E+01  5.1395831807E+01  1.45938E-03  4.25136E-01
  5.1395831807E+01  5.1399998474E+01  1.46679E-03  4.27156E-01
  5.1399998474E+01  5.1404165141E+01  1.46638E-03  4.00583E-01
  5.1404165141E+01  5.1408331807E+01  1.46434E-03  3.56303E-01
  5.1408331807E+01  5.1412498474E+01  1.47285E-03  4.09185E-01
  5.1412498474E+01  5.1416665141E+01  1.47326E-03  3.86377E-01
  5.1416665141E+01  5.1420831807E+01  1.47327E-03  3.96081E-01
  5.1420831807E+01  5.1424998474E+01  1.47850E-03  4.10280E-01
  5.1424998474E+01  5.1429165141E+01  1.47432E-03  3.38350E-01
  5.1429165141E+01  5.1433331807E+01  1.47662E-03  3.53890E-01
  5.1433331807E+01  5.1437498474E+01  1.47464E-03  3.29732E-01
  5.1437498474E+01  5.1441665141E+01  1.48281E-03  3.55745E-01
  5.1441665141E+01  5.1445831807E+01  1.48710E-03  3.83599E-01
  5.1445831807E+01  5.1449998474E+01  1.49921E-03  4.16869E-01
  5.1449998474E+01  5.1454165141E+01  1.48929E-03  3.59346E-01
  5.1454165141E+01  5.1458331807E+01  1.49415E-03  4.02391E-01
  5.1458331807E+01  5.1462498474E+01  1.50072E-03  4.19315E-01
  5.1462498474E+01  5.1466665141E+01  1.49121E-03  3.58283E-01
  5.1466665141E+01  5.1470831807E+01  1.49621E-03  3.75058E-01
  5.1470831807E+01  5.1474998474E+01  1.49723E-03  3.73785E-01
  5.1474998474E+01  5.1479165141E+01  1.50114E-03  3.58546E-01
  5.1479165141E+01  5.1483331807E+01  1.50436E-03  3.96298E-01
  5.1483331807E+01  5.1487498474E+01  1.50164E-03  3.92200E-01
  5.1487498474E+01  5.1491665141E+01  1.50247E-03  3.52832E-01
  5.1491665141E+01  5.1495831807E+01  1.50347E-03  3.45624E-01
  5.1495831807E+01  5.1499998474E+01  1.50936E-03  4.06434E-01
  5.1499998474E+01  5.1504165141E+01  1.51229E-03  4.00619E-01
  5.1504165141E+01  5.1508331807E+01  1.51319E-03  3.99978E-01
  5.1508331807E+01  5.1512498474E+01  1.51131E-03  3.49577E-01
  5.1512498474E+01  5.1516665141E+01  1.51584E-03  3.90852E-01
  5.1516665141E+01  5.1520831807E+01  1.51743E-03  3.91231E-01
  5.1520831807E+01  5.1524998474E+01  1.52208E-03  3.81011E-01
  5.1524998474E+01  5.1529165141E+01  1.52552E-03  4.41537E-01
  5.1529165141E+01  5.1533331807E+01  1.52426E-03  3.62560E-01
  5.1533331807E+01  5.1537498474E+01  1.52794E-03  3.89367E-01
  5.1537498474E+01  5.1541665141E+01  1.52728E-03  3.77936E-01
  5.1541665141E+01  5.1545831807E+01  1.52901E-03  3.84126E-01
  5.1545831807E+01  5.1549998474E+01  1.53161E-03  4.06204E-01
  5.1549998474E+01  5.1554165141E+01  1.53793E-03  4.54074E-01
  5.1554165141E+01  5.1558331807E+01  1.52919E-03  3.64684E-01
  5.1558331807E+01  5.1562498474E+01  1.53277E-03  3.66175E-01
  5.1562498474E+01  5.1566665141E+01  1.54333E-03  4.16205E-01
  5.1566665141E+01  5.1570831807E+01  1.54142E-03  3.85983E-01
  5.1570831807E+01  5.1574998474E+01  1.53474E-03  3.38716E-01
  5.1574998474E+01  5.1579165141E+01  1.54858E-03  4.40858E-01
  5.1579165141E+01  5.1583331807E+01  1.54453E-03  3.60412E-01
  5.1583331807E+01  5.1587498474E+01  1.55641E-03  4.28748E-01
  5.1587498474E+01  5.1591665141E+01  1.54673E-03  3.48258E-01
  5.1591665141E+01  5.1595831807E+01  1.55262E-03  3.84018E-01
  5.1595831807E+01  5.1599998474E+01  1.55502E-03  3.88782E-01
  5.1599998474E+01  5.1604165141E+01  1.55785E-03  3.93962E-01
  5.1604165141E+01  5.1608331807E+01  1.55372E-03  3.38304E-01
  5.1608331807E+01  5.1612498474E+01  1.55879E-03  3.65409E-01
  5.1612498474E+01  5.1616665141E+01  1.56273E-03  3.71791E-01
  5.1616665141E+01  5.1620831807E+01  1.56957E-03  4.18689E-01
  5.1620831807E+01  5.1624998474E+01  1.56769E-03  3.75169E-01
  5.1624998474E+01  5.1629165141E+01  1.56815E-03  3.45183E-01
  5.1629165141E+01  5.1633331807E+01  1.56917E-03  3.44221E-01
  5.1633331807E+01  5.1637498474E+01  1.57235E-03  3.51420E-01
  5.1637498474E+01  5.1641665141E+01  1.57400E-03  3.42277E-01
  5.1641665141E+01  5.1645831807E+01  1.58220E-03  4.17711E-01
  5.1645831807E+01  5.1649998474E+01  1.58297E-03  3.69869E-01
  5.1649998474E+01  5.1654165141E+01  1.58851E-03  4.04116E-01
  5.1654165141E+01  5.1658331807E+01  1.58312E-03  3.71467E-01
  5.1658331807E+01  5.1662498474E+01  1.58998E-03  3.92198E-01
  5.1662498474E+01  5.1666665141E+01  1.58635E-03  3.66199E-01
  5.1666665141E+01  5.1670831807E+01  1.58701E-03  3.48939E-01
  5.1670831807E+01  5.1674998474E+01  1.58972E-03  3.54500E-01
  5.1674998474E+01  5.1679165141E+01  1.59259E-03  3.47308E-01
  5.1679165141E+01  5.1683331807E+01  1.59436E-03  3.41062E-01
  5.1683331807E+01  5.1687498474E+01  1.59316E-03  3.31120E-01
  5.1687498474E+01  5.1691665141E+01  1.59777E-03  3.54761E-01
  5.1691665141E+01  5.1695831807E+01  1.59842E-03  3.32302E-01
  5.1695831807E+01  5.1699998474E+01  1.60506E-03  3.77624E-01
  5.1699998474E+01  5.1704165141E+01  1.60431E-03  3.38314E-01
  5.1704165141E+01  5.1708331807E+01  1.60543E-03  3.43860E-01
  5.1708331807E+01  5.1712498474E+01  1.61190E-03  3.61010E-01
  5.1712498474E+01  5.1716665141E+01  1.61536E-03  3.81811E-01
  5.1716665141E+01  5.1720831807E+01  1.61334E-03  3.54923E-01
  5.1720831807E+01  5.1724998474E+01  1.62246E-03  4.03102E-01
  5.1724998474E+01  5.1729165141E+01  1.62172E-03  3.80642E-01
  5.1729165141E+01  5.1733331807E+01  1.62255E-03  3.67589E-01
  5.1733331807E+01  5.1737498474E+01  1.62636E-03  4.16311E-01
  5.1737498474E+01  5.1741665141E+01  1.62970E-03  3.78524E-01
  5.1741665141E+01  5.1745831807E+01  1.62424E-03  3.30692E-01
  5.1745831807E+01  5.1749998474E+01  1.62803E-03  3.48115E-01
  5.1749998474E+01  5.1754165141E+01  1.63507E-03  3.49087E-01
  5.1754165141E+01  5.1758331807E+01  1.63627E-03  3.48328E-01
  5.1758331807E+01  5.1762498474E+01  1.64001E-03  3.52174E-01
  5.1762498474E+01  5.1766665141E+01  1.64490E-03  3.49165E-01
  5.1766665141E+01  5.1770831807E+01  1.65063E-03  3.59453E-01
  5.1770831807E+01  5.1774998474E+01  1.66500E-03  4.74498E-01
  5.1774998474E+01  5.1779165141E+01  1.65472E-03  3.50451E-01
  5.1779165141E+01  5.1783331807E+01  1.65930E-03  3.61039E-01
  5.1783331807E+01  5.1787498474E+01  1.66385E-03  3.86754E-01
  5.1787498474E+01  5.1791665141E+01  1.66768E-03  3.83807E-01
  5.1791665141E+01  5.1795831807E+01  1.66907E-03  3.76148E-01
  5.1795831807E+01  5.1799998474E+01  1.67474E-03  3.70412E-01
  5.1799998474E+01  5.1804165141E+01  1.67489E-03  3.65830E-01
  5.1804165141E+01  5.1808331807E+01  1.67760E-03  3.57449E-01
  5.1808331807E+01  5.1812498474E+01  1.68006E-03  3.59510E-01
  5.1812498474E+01  5.1816665141E+01  1.68549E-03  3.71898E-01
  5.1816665141E+01  5.1820831807E+01  1.68116E-03  3.24979E-01
  5.1820831807E+01  5.1824998474E+01  1.69003E-03  3.73053E-01
  5.1824998474E+01  5.1829165141E+01  1.68726E-03  3.36123E-01
  5.1829165141E+01  5.1833331807E+01  1.69693E-03  3.61358E-01
  5.1833331807E+01  5.1837498474E+01  1.70304E-03  3.96656E-01
  5.1837498474E+01  5.1841665141E+01  1.70553E-03  3.95789E-01
  5.1841665141E+01  5.1845831807E+01  1.71227E-03  4.04721E-01
  5.1845831807E+01  5.1849998474E+01  1.71095E-03  3.98879E-01
  5.1849998474E+01  5.1854165141E+01  1.71100E-03  3.49988E-01
  5.1854165141E+01  5.1858331807E+01  1.71777E-03  3.75085E-01
  5.1858331807E+01  5.1862498474E+01  1.72527E-03  3.91214E-01
  5.1862498474E+01  5.1866665141E+01  1.72170E-03  3.52107E-01
  5.1866665141E+01  5.1870831807E+01  1.72414E-03  3.64672E-01
  5.1870831807E+01  5.1874998474E+01  1.72368E-03  3.34232E-01
  5.1874998474E+01  5.1879165141E+01  1.72856E-03  3.45527E-01
  5.1879165141E+01  5.1883331807E+01  1.74235E-03  3.99407E-01
  5.1883331807E+01  5.1887498474E+01  1.74130E-03  3.85715E-01
  5.1887498474E+01  5.1891665141E+01  1.74779E-03  3.82564E-01
  5.1891665141E+01  5.1895831807E+01  1.74719E-03  3.62257E-01
  5.1895831807E+01  5.1899998474E+01  1.74985E-03  3.38475E-01
  5.1899998474E+01  5.1904165141E+01  1.75802E-03  3.81321E-01
  5.1904165141E+01  5.1908331807E+01  1.75508E-03  3.50434E-01
  5.1908331807E+01  5.1912498474E+01  1.76246E-03  3.61794E-01
  5.1912498474E+01  5.1916665141E+01  1.76525E-03  3.59788E-01
  5.1916665141E+01  5.1920831807E+01  1.76956E-03  3.49574E-01
  5.1920831807E+01  5.1924998474E+01  1.77580E-03  3.78098E-01
  5.1924998474E+01  5.1929165141E+01  1.77842E-03  3.77279E-01
  5.1929165141E+01  5.1933331807E+01  1.78331E-03  3.66499E-01
  5.1933331807E+01  5.1937498474E+01  1.79120E-03  3.83101E-01
  5.1937498474E+01  5.1941665141E+01  1.79227E-03  3.66737E-01
  5.1941665141E+01  5.1945831807E+01  1.78959E-03  3.45249E-01
  5.1945831807E+01  5.1949998474E+01  1.79567E-03  3.66387E-01
  5.1949998474E+01  5.1954165141E+01  1.80067E-03  3.62408E-01
  5.1954165141E+01  5.1958331807E+01  1.80589E-03  3.50077E-01
  5.1958331807E+01  5.1962498474E+01  1.81792E-03  3.85566E-01
  5.1962498474E+01  5.1966665141E+01  1.81675E-03  3.76383E-01
  5.1966665141E+01  5.1970831807E+01  1.81686E-03  3.46205E-01
  5.1970831807E+01  5.1974998474E+01  1.82462E-03  3.61098E-01
  5.1974998474E+01  5.1979165141E+01  1.82470E-03  3.40224E-01
  5.1979165141E+01  5.1983331807E+01  1.83821E-03  3.67600E-01
  5.1983331807E+01  5.1987498474E+01  1.83748E-03  3.54745E-01
  5.1987498474E+01  5.1991665141E+01  1.84312E-03  3.58299E-01
  5.1991665141E+01  5.1995831807E+01  1.84701E-03  3.56358E-01
  5.1995831807E+01  5.1999998474E+01  1.84470E-03  3.26529E-01
  5.1999998474E+01  5.2004165141E+01  1.85475E-03  3.47647E-01
  5.2004165141E+01  5.2008331807E+01  1.85755E-03  3.36897E-01
  5.2008331807E+01  5.2012498474E+01  1.86387E-03  3.42966E-01
  5.2012498474E+01  5.2016665141E+01  1.87018E-03  3.53371E-01
  5.2016665141E+01  5.2020831807E+01  1.87234E-03  3.33238E-01
  5.2020831807E+01  5.2024998474E+01  1.87876E-03  3.42207E-01
  5.2024998474E+01  5.2029165141E+01  1.88861E-03  3.59836E-01
  5.2029165141E+01  5.2033331807E+01  1.89543E-03  3.60884E-01
  5.2033331807E+01  5.2037498474E+01  1.89402E-03  3.40102E-01
  5.2037498474E+01  5.2041665141E+01  1.89990E-03  3.41083E-01
  5.2041665141E+01  5.2045831807E+01  1.90980E-03  3.72102E-01
  5.2045831807E+01  5.2049998474E+01  1.90447E-03  3.42019E-01
  5.2049998474E+01  5.2054165141E+01  1.91384E-03  3.52267E-01
  5.2054165141E+01  5.2058331807E+01  1.91520E-03  3.30973E-01
  5.2058331807E+01  5.2062498474E+01  1.92492E-03  3.39610E-01
  5.2062498474E+01  5.2066665141E+01  1.93725E-03  3.70746E-01
  5.2066665141E+01  5.2070831807E+01  1.93885E-03  3.46831E-01
  5.2070831807E+01  5.2074998474E+01  1.94322E-03  3.37167E-01
  5.2074998474E+01  5.2079165141E+01  1.95507E-03  3.61675E-01
  5.2079165141E+01  5.2083331807E+01  1.95430E-03  3.45705E-01
  5.2083331807E+01  5.2087498474E+01  1.96043E-03  3.36402E-01
  5.2087498474E+01  5.2091665141E+01  1.96655E-03  3.41882E-01
  5.2091665141E+01  5.2095831807E+01  1.97232E-03  3.47977E-01
  5.2095831807E+01  5.2099998474E+01  1.98045E-03  3.42591E-01
  5.2099998474E+01  5.2104165141E+01  1.98146E-03  3.39163E-01
  5.2104165141E+01  5.2108331807E+01  1.98822E-03  3.37244E-01
  5.2108331807E+01  5.2112498474E+01  1.99502E-03  3.37897E-01
  5.2112498474E+01  5.2116665141E+01  2.00120E-03  3.38405E-01
  5.2116665141E+01  5.2120831807E+01  2.00944E-03  3.35694E-01
  5.2120831807E+01  5.2124998474E+01  2.02222E-03  3.51288E-01
  5.2124998474E+01  5.2129165141E+01  2.02623E-03  3.45059E-01
  5.2129165141E+01  5.2133331807E+01  2.03551E-03  3.36554E-01
  5.2133331807E+01  5.2137498474E+01  2.04217E-03  3.38242E-01
  5.2137498474E+01  5.2141665141E+01  2.04981E-03  3.41275E-01
  5.2141665141E+01  5.2145831807E+01  2.05641E-03  3.36852E-01
  5.2145831807E+01  5.2149998474E+01  2.05997E-03  3.26548E-01
  5.2149998474E+01  5.2154165141E+01  2.07644E-03  3.51388E-01
  5.2154165141E+01  5.2158331807E+01  2.08078E-03  3.39693E-01
  5.2158331807E+01  5.2162498474E+01  2.08744E-03  3.35421E-01
  5.2162498474E+01  5.2166665141E+01  2.09313E-03  3.38022E-01
  5.2166665141E+01  5.2170831807E+01  2.10082E-03  3.36497E-01
  5.2170831807E+01  5.2174998474E+01  2.10969E-03  3.40999E-01
  5.2174998474E+01  5.2179165141E+01  2.11657E-03  3.35707E-01
  5.2179165141E+01  5.2183331807E+01  2.12431E-03  3.33579E-01
  5.2183331807E+01  5.2187498474E+01  2.13105E-03  3.29474E-01
  5.2187498474E+01  5.2191665141E+01  2.14072E-03  3.34969E-01
  5.2191665141E+01  5.2195831807E+01  2.14535E-03  3.16977E-01
  5.2195831807E+01  5.2199998474E+01  2.15996E-03  3.21519E-01
  5.2199998474E+01  5.2204165141E+01  2.16994E-03  3.29466E-01
  5.2204165141E+01  5.2208331807E+01  2.17550E-03  3.22360E-01
  5.2208331807E+01  5.2212498474E+01  2.18662E-03  3.21653E-01
  5.2212498474E+01  5.2216665141E+01  2.19921E-03  3.27719E-01
  5.2216665141E+01  5.2220831807E+01  2.21108E-03  3.33718E-01
  5.2220831807E+01  5.2224998474E+01  2.22187E-03  3.25823E-01
  5.2224998474E+01  5.2229165141E+01  2.22402E-03  3.19280E-01
  5.2229165141E+01  5.2233331807E+01  2.23849E-03  3.28237E-01
  5.2233331807E+01  5.2237498474E+01  2.24799E-03  3.36866E-01
  5.2237498474E+01  5.2241665141E+01  2.26706E-03  3.46175E-01
  5.2241665141E+01  5.2245831807E+01  2.27272E-03  3.34518E-01
  5.2245831807E+01  5.2249998474E+01  2.28599E-03  3.30371E-01
  5.2249998474E+01  5.2254165141E+01  2.29573E-03  3.22026E-01
  5.2254165141E+01  5.2258331807E+01  2.30534E-03  3.24818E-01
  5.2258331807E+01  5.2262498474E+01  2.32041E-03  3.26123E-01
  5.2262498474E+01  5.2266665141E+01  2.32799E-03  3.24273E-01
  5.2266665141E+01  5.2270831807E+01  2.34422E-03  3.25598E-01
  5.2270831807E+01  5.2274998474E+01  2.35815E-03  3.26809E-01
  5.2274998474E+01  5.2279165141E+01  2.37577E-03  3.34800E-01
  5.2279165141E+01  5.2283331807E+01  2.37825E-03  3.14954E-01
  5.2283331807E+01  5.2287498474E+01  2.39616E-03  3.22858E-01
  5.2287498474E+01  5.2291665141E+01  2.41406E-03  3.29111E-01
  5.2291665141E+01  5.2295831807E+01  2.42671E-03  3.22799E-01
  5.2295831807E+01  5.2299998474E+01  2.43925E-03  3.15972E-01
  5.2299998474E+01  5.2304165141E+01  2.45635E-03  3.21845E-01
  5.2304165141E+01  5.2308331807E+01  2.47413E-03  3.36765E-01
  5.2308331807E+01  5.2312498474E+01  2.48615E-03  3.22989E-01
  5.2312498474E+01  5.2316665141E+01  2.50698E-03  3.28140E-01
  5.2316665141E+01  5.2320831807E+01  2.52445E-03  3.28504E-01
  5.2320831807E+01  5.2324998474E+01  2.53960E-03  3.21596E-01
  5.2324998474E+01  5.2329165141E+01  2.55654E-03  3.16031E-01
  5.2329165141E+01  5.2333331807E+01  2.57696E-03  3.19536E-01
  5.2333331807E+01  5.2337498474E+01  2.59803E-03  3.25203E-01
  5.2337498474E+01  5.2341665141E+01  2.61704E-03  3.23616E-01
  5.2341665141E+01  5.2345831807E+01  2.63799E-03  3.21511E-01
  5.2345831807E+01  5.2349998474E+01  2.65806E-03  3.24342E-01
  5.2349998474E+01  5.2354165141E+01  2.68692E-03  3.30036E-01
  5.2354165141E+01  5.2358331807E+01  2.70105E-03  3.19729E-01
  5.2358331807E+01  5.2362498474E+01  2.72460E-03  3.23396E-01
  5.2362498474E+01  5.2366665141E+01  2.74916E-03  3.22301E-01
  5.2366665141E+01  5.2370831807E+01  2.77226E-03  3.18711E-01
  5.2370831807E+01  5.2374998474E+01  2.79646E-03  3.21754E-01
  5.2374998474E+01  5.2379165141E+01  2.82013E-03  3.20910E-01
  5.2379165141E+01  5.2383331807E+01  2.85158E-03  3.27160E-01
  5.2383331807E+01  5.2387498474E+01  2.87586E-03  3.23617E-01
  5.2387498474E+01  5.2391665141E+01  2.90670E-03  3.29047E-01
  5.2391665141E+01  5.2395831807E+01  2.93481E-03  3.22945E-01
  5.2395831807E+01  5.2399998474E+01  2.96101E-03  3.22320E-01
  5.2399998474E+01  5.2404165141E+01  2.99823E-03  3.24441E-01
  5.2404165141E+01  5.2408331807E+01  3.03401E-03  3.29973E-01
  5.2408331807E+01  5.2412498474E+01  3.06691E-03  3.24264E-01
  5.2412498474E+01  5.2416665141E+01  3.10751E-03  3.31226E-01
  5.2416665141E+01  5.2420831807E+01  3.13986E-03  3.26148E-01
  5.2420831807E+01  5.2424998474E+01  3.17533E-03  3.25472E-01
  5.2424998474E+01  5.2429165141E+01  3.21716E-03  3.31038E-01
  5.2429165141E+01  5.2433331807E+01  3.25519E-03  3.30992E-01
  5.2433331807E+01  5.2437498474E+01  3.29968E-03  3.29553E-01
  5.2437498474E+01  5.2441665141E+01  3.34457E-03  3.36908E-01
  5.2441665141E+01  5.2445831807E+01  3.38557E-03  3.35323E-01
  5.2445831807E+01  5.2449998474E+01  3.43726E-03  3.37267E-01
  5.2449998474E+01  5.2454165141E+01  3.48200E-03  3.34019E-01
  5.2454165141E+01  5.2458331807E+01  3.52839E-03  3.37330E-01
  5.2458331807E+01  5.2462498474E+01  3.57222E-03  3.43628E-01
  5.2462498474E+01  5.2466665141E+01  3.61769E-03  3.45904E-01
  5.2466665141E+01  5.2470831807E+01  3.66680E-03  3.48225E-01
  5.2470831807E+01  5.2474998474E+01  3.71239E-03  3.47135E-01
  5.2474998474E+01  5.2479165141E+01  3.76591E-03  3.47167E-01
  5.2479165141E+01  5.2483331807E+01  3.81085E-03  3.46460E-01
  5.2483331807E+01  5.2487498474E+01  3.86622E-03  3.54276E-01
  5.2487498474E+01  5.2491665141E+01  3.89997E-03  3.52133E-01
  5.2491665141E+01  5.2495831807E+01  3.94699E-03  3.53705E-01
  5.2495831807E+01  5.2499998474E+01  3.98184E-03  3.59459E-01
  5.2499998474E+01  5.2504165141E+01  4.02848E-03  3.63716E-01
  5.2504165141E+01  5.2508331807E+01  4.06935E-03  3.65623E-01
  5.2508331807E+01  5.2512498474E+01  4.10192E-03  3.74043E-01
  5.2512498474E+01  5.2516665141E+01  4.12157E-03  3.71161E-01
  5.2516665141E+01  5.2520831807E+01  4.14045E-03  3.78954E-01
  5.2520831807E+01  5.2524998474E+01  4.15198E-03  3.80189E-01
  5.2524998474E+01  5.2529165141E+01  4.17306E-03  3.85121E-01
  5.2529165141E+01  5.2533331807E+01  4.18686E-03  3.84798E-01
  5.2533331807E+01  5.2537498474E+01  4.19547E-03  3.90056E-01
  5.2537498474E+01  5.2541665141E+01  4.18149E-03  3.96180E-01
  5.2541665141E+01  5.2545831807E+01  4.16189E-03  4.03298E-01
  5.2545831807E+01  5.2549998474E+01  4.15622E-03  4.15039E-01
  5.2549998474E+01  5.2554165141E+01  4.12121E-03  4.16493E-01
  5.2554165141E+01  5.2558331807E+01  4.08974E-03  4.15855E-01
  5.2558331807E+01  5.2562498474E+01  4.02979E-03  4.21849E-01
  5.2562498474E+01  5.2566665141E+01  3.99110E-03  4.34648E-01
  5.2566665141E+01  5.2570831807E+01  3.93787E-03  4.43720E-01
  5.2570831807E+01  5.2574998474E+01  3.86462E-03  4.52423E-01
  5.2574998474E+01  5.2579165141E+01  3.78266E-03  4.65103E-01
  5.2579165141E+01  5.2583331807E+01  3.72137E-03  4.69508E-01
  5.2583331807E+01  5.2587498474E+01  3.64045E-03  4.76935E-01
  5.2587498474E+01  5.2591665141E+01  3.54850E-03  4.86754E-01
  5.2591665141E+01  5.2595831807E+01  3.44077E-03  4.94786E-01
  5.2595831807E+01  5.2599998474E+01  3.34060E-03  5.02914E-01
  5.2599998474E+01  5.2604165141E+01  3.23871E-03  5.15686E-01
  5.2604165141E+01  5.2608331807E+01  3.11658E-03  5.29704E-01
  5.2608331807E+01  5.2612498474E+01  3.00530E-03  5.47451E-01
  5.2612498474E+01  5.2616665141E+01  2.88269E-03  5.67818E-01
  5.2616665141E+01  5.2620831807E+01  2.75023E-03  5.84196E-01
  5.2620831807E+01  5.2624998474E+01  2.63825E-03  5.93690E-01
  5.2624998474E+01  5.2629165141E+01  2.51296E-03  6.03710E-01
  5.2629165141E+01  5.2633331807E+01  2.40033E-03  6.20828E-01
  5.2633331807E+01  5.2637498474E+01  2.27142E-03  6.50977E-01
  5.2637498474E+01  5.2641665141E+01  2.13551E-03  6.80743E-01
  5.2641665141E+01  5.2645831807E+01  1.99532E-03  7.09005E-01
  5.2645831807E+01  5.2649998474E+01  1.87588E-03  7.35361E-01
  5.2649998474E+01  5.2654165141E+01  1.74896E-03  7.60548E-01
  5.2654165141E+01  5.2658331807E+01  1.62659E-03  7.79402E-01
  5.2658331807E+01  5.2662498474E+01  1.50821E-03  8.05449E-01
  5.2662498474E+01  5.2666665141E+01  1.39591E-03  8.45367E-01
  5.2666665141E+01  5.2670831807E+01  1.30230E-03  8.82291E-01
  5.2670831807E+01  5.2674998474E+01  1.20414E-03  8.96395E-01
  5.2674998474E+01  5.2679165141E+01  1.10604E-03  9.48360E-01
  5.2679165141E+01  5.2683331807E+01  1.00566E-03  1.01668E+00
  5.2683331807E+01  5.2687498474E+01  9.24038E-04  1.06324E+00
  5.2687498474E+01  5.2691665141E+01  8.33715E-04  1.11743E+00
  5.2691665141E+01  5.2695831807E+01  7.50501E-04  1.19070E+00
  5.2695831807E+01  5.2699998474E+01  6.80463E-04  1.27092E+00
  5.2699998474E+01  5.2704165141E+01  6.09877E-04  1.33940E+00
  5.2704165141E+01  5.2708331807E+01  5.41769E-04  1.39628E+00
  5.2708331807E+01  5.2712498474E+01  4.85839E-04  1.50994E+00
  5.2712498474E+01  5.2716665141E+01  4.30467E-04  1.60049E+00
  5.2716665141E+01  5.2720831807E+01  3.83715E-04  1.68925E+00
  5.2720831807E+01  5.2724998474E+01  3.51362E-04  1.82506E+00
  5.2724998474E+01  5.2729165141E+01  3.02374E-04  1.91635E+00
  5.2729165141E+01  5.2733331807E+01  2.69159E-04  2.02180E+00
  5.2733331807E+01  5.2737498474E+01  2.33962E-04  2.18571E+00
  5.2737498474E+01  5.2741665141E+01  2.08904E-04  2.37497E+00
  5.2741665141E+01  5.2745831807E+01  1.78311E-04  2.57830E+00
  5.2745831807E+01  5.2749998474E+01  1.54430E-04  2.72004E+00
  5.2749998474E+01  5.2754165141E+01  1.34890E-04  2.92279E+00
  5.2754165141E+01  5.2758331807E+01  1.17582E-04  3.17694E+00
  5.2758331807E+01  5.2762498474E+01  9.84294E-05  3.43047E+00
  5.2762498474E+01  5.2766665141E+01  8.52235E-05  3.77906E+00
  5.2766665141E+01  5.2770831807E+01  7.37255E-05  4.08405E+00
  5.2770831807E+01  5.2774998474E+01  6.36390E-05  4.43807E+00
  5.2774998474E+01  5.2779165141E+01  5.33255E-05  4.79078E+00
  5.2779165141E+01  5.2783331807E+01  4.30671E-05  5.16427E+00
  5.2783331807E+01  5.2787498474E+01  3.66584E-05  5.82422E+00
  5.2787498474E+01  5.2791665141E+01  3.03738E-05  6.18083E+00
  5.2791665141E+01  5.2795831807E+01  2.52409E-05  6.75564E+00
  5.2795831807E+01  5.2799998474E+01  2.35192E-05  7.32460E+00
  5.2799998474E+01  5.2804165141E+01  1.96589E-05  8.19288E+00
  5.2804165141E+01  5.2808331807E+01  1.40160E-05  9.55271E+00
  5.2808331807E+01  5.2812498474E+01  1.15501E-05  1.04321E+01
  5.2812498474E+01  5.2816665141E+01  8.75192E-06  1.15440E+01
  5.2816665141E+01  5.2820831807E+01  8.16266E-06  1.23609E+01
  5.2820831807E+01  5.2824998474E+01  7.04387E-06  1.34853E+01
  5.2824998474E+01  5.2829165141E+01  5.21329E-06  1.48063E+01
  5.2829165141E+01  5.2833331807E+01  4.55134E-06  1.65737E+01
  5.2833331807E+01  5.2837498474E+01  3.38842E-06  1.78233E+01
  5.2837498474E+01  5.2841665141E+01  3.29525E-06  1.91245E+01
  5.2841665141E+01  5.2845831807E+01  2.19719E-06  2.14624E+01
  5.2845831807E+01  5.2849998474E+01  2.23132E-06  2.26887E+01
  5.2849998474E+01  5.2854165141E+01  2.10907E-06  2.48555E+01
  5.2854165141E+01  5.2858331807E+01  1.84172E-06  2.95294E+01
  5.2858331807E+01  5.2862498474E+01  6.85336E-07  3.91516E+01
  5.2862498474E+01  5.2866665141E+01  7.29134E-07  3.87546E+01
  5.2866665141E+01  5.2870831807E+01  7.48979E-07  4.24311E+01
  5.2870831807E+01  5.2874998474E+01  6.01883E-07  4.73249E+01
  5.2874998474E+01  5.2879165141E+01  4.03501E-07  6.20824E+01
  5.2879165141E+01  5.2883331807E+01  1.01516E-07  8.80880E+01
  5.2883331807E+01  5.2887498474E+01  1.25589E-07  8.97810E+01
  5.2887498474E+01  5.2891665141E+01  1.79046E-07  9.29012E+01
  5.2891665141E+01  5.2895831807E+01  1.17727E-07  8.92802E+01
  5.2895831807E+01  5.2899998474E+01  1.29409E-08  3.69143E+01
  5.2899998474E+01  5.2904165141E+01  1.22262E-08  3.41047E+01
  5.2904165141E+01  5.2908331807E+01  1.12986E-08  4.17166E+01
  5.2908331807E+01  5.2912498474E+01  1.11681E-08  4.16899E+01
  5.2912498474E+01  5.2916665141E+01  1.10741E-08  4.16869E+01
  5.2916665141E+01  5.2920831807E+01  1.11999E-08  3.94056E+01
  5.2920831807E+01  5.2924998474E+01  3.16832E-08  6.81252E+01
  5.2924998474E+01  5.2929165141E+01  1.02484E-08  4.00582E+01
  5.2929165141E+01  5.2933331807E+01  9.96870E-09  4.03343E+01
  5.2933331807E+01  5.2937498474E+01  9.64269E-09  3.96813E+01
  5.2937498474E+01  5.2941665141E+01  9.64269E-09  4.12158E+01
  5.2941665141E+01  5.2945831807E+01  9.64269E-09  4.12158E+01
  5.2945831807E+01  5.2949998474E+01  9.07299E-07  6.43807E+01
  5.2949998474E+01  5.2954165141E+01  7.07327E-08  8.87969E+01
  5.2954165141E+01  5.2958331807E+01  8.02940E-09  4.52356E+01
  5.2958331807E+01  5.2962498474E+01  8.51658E-09  4.58840E+01
  5.2962498474E+01  5.2966665141E+01  8.94072E-09  4.61225E+01
  5.2966665141E+01  5.2970831807E+01  8.94072E-09  4.50580E+01
  5.2970831807E+01  5.2974998474E+01  8.94072E-09  4.52938E+01
  5.2974998474E+01  5.2979165141E+01  8.68994E-09  4.70159E+01
  5.2979165141E+01  5.2983331807E+01  7.95136E-09  4.80489E+01
  5.2983331807E+01  5.2987498474E+01  7.95136E-09  4.30847E+01
  5.2987498474E+01  5.2991665141E+01  8.99251E-09  4.18961E+01
  5.2991665141E+01  5.2995831807E+01  1.03781E-08  4.38535E+01
  5.2995831807E+01  5.2999998474E+01  1.51652E-08  4.88657E+01
  5.2999998474E+01  5.3004165141E+01  2.92785E-08  6.62925E+01
  5.3004165141E+01  5.3008331807E+01  1.23389E-08  3.88698E+01
  5.3008331807E+01  5.3012498474E+01  1.20831E-08  3.91089E+01
  5.3012498474E+01  5.3016665141E+01  9.27790E-09  4.21162E+01
  5.3016665141E+01  5.3020831807E+01  9.27790E-09  4.12645E+01
  5.3020831807E+01  5.3024998474E+01  9.45372E-09  4.14843E+01
  5.3024998474E+01  5.3029165141E+01  1.09436E-08  3.91505E+01
  5.3029165141E+01  5.3033331807E+01  1.33441E-08  3.76520E+01
  5.3033331807E+01  5.3037498474E+01  1.33441E-08  4.10324E+01
  5.3037498474E+01  5.3041665141E+01  1.33441E-08  4.09438E+01
  5.3041665141E+01  5.3045831807E+01  1.33441E-08  3.46051E+01
  5.3045831807E+01  5.3049998474E+01  1.49977E-07  9.11721E+01
  5.3049998474E+01  5.3054165141E+01  3.76046E-07  9.62398E+01
  5.3054165141E+01  5.3058331807E+01  1.72007E-08  3.81803E+01
  5.3058331807E+01  5.3062498474E+01  2.59110E-08  4.02412E+01
  5.3062498474E+01  5.3066665141E+01  8.01753E-08  7.26494E+01
  5.3066665141E+01  5.3070831807E+01  9.17836E-08  6.50911E+01
  5.3070831807E+01  5.3074998474E+01  7.87000E-08  7.60871E+01
  5.3074998474E+01  5.3079165141E+01  7.36440E-08  8.64806E+01
  5.3079165141E+01  5.3083331807E+01  7.37450E-08  8.64555E+01
  5.3083331807E+01  5.3087498474E+01  1.10449E-07  5.78810E+01
  5.3087498474E+01  5.3091665141E+01  8.71341E-08  7.95581E+01
  5.3091665141E+01  5.3095831807E+01  8.49093E-08  6.48264E+01
  5.3095831807E+01  5.3099998474E+01  9.08617E-08  8.69838E+01
  5.3099998474E+01  5.3104165141E+01  9.40910E-08  9.23364E+01
  5.3104165141E+01  5.3108331807E+01  1.07226E-07  8.93462E+01
  5.3108331807E+01  5.3112498474E+01  1.15157E-07  8.82360E+01
  5.3112498474E+01  5.3116665141E+01  1.22291E-07  7.18775E+01
  5.3116665141E+01  5.3120831807E+01  1.47293E-07  9.24672E+01
  5.3120831807E+01  5.3124998474E+01  2.14608E-07  9.48622E+01
  5.3124998474E+01  5.3129165141E+01  2.61681E-07  6.88683E+01
  5.3129165141E+01  5.3133331807E+01  5.73979E-09  5.30475E+01
  5.3133331807E+01  5.3137498474E+01  5.73979E-09  5.86343E+01
  5.3137498474E+01  5.3141665141E+01  5.73979E-09  5.86343E+01
  5.3141665141E+01  5.3145831807E+01  1.40103E-08  6.36912E+01
  5.3145831807E+01  5.3149998474E+01  2.86131E-08  8.07721E+01
  5.3149998474E+01  5.3154165141E+01  1.38237E-08  6.33441E+01
  5.3154165141E+01  5.3158331807E+01  3.33658E-08  8.32607E+01
  5.3158331807E+01  5.3162498474E+01  3.69745E-08  7.59463E+01
  5.3162498474E+01  5.3166665141E+01  3.96295E-08  7.25639E+01
  5.3166665141E+01  5.3170831807E+01  4.03538E-08  7.04990E+01
  5.3170831807E+01  5.3174998474E+01  5.58844E-08  5.95389E+01
  5.3174998474E+01  5.3179165141E+01  3.92668E-08  6.14054E+01
  5.3179165141E+01  5.3183331807E+01  3.92668E-08  7.21307E+01
  5.3183331807E+01  5.3187498474E+01  3.82557E-08  7.50819E+01
  5.3187498474E+01  5.3191665141E+01  4.37758E-08  7.81510E+01
  5.3191665141E+01  5.3195831807E+01  4.57292E-08  7.49264E+01
  5.3195831807E+01  5.3199998474E+01  4.44998E-08  7.64891E+01
  5.3199998474E+01  5.3204165141E+01  3.84057E-08  8.79684E+01
  5.3204165141E+01  5.3208331807E+01  3.91005E-08  8.64206E+01
  5.3208331807E+01  5.3212498474E+01  3.84292E-08  8.79102E+01
  5.3212498474E+01  5.3216665141E+01  3.77774E-08  8.92537E+01
  5.3216665141E+01  5.3220831807E+01  2.28620E-07  6.27690E+01
  5.3220831807E+01  5.3224998474E+01  3.74108E-08  7.09010E+01
  5.3224998474E+01  5.3229165141E+01  3.74108E-08  8.91512E+01
  5.3229165141E+01  5.3233331807E+01  3.74108E-08  8.91512E+01
  5.3233331807E+01  5.3237498474E+01  6.52018E-08  5.85699E+01
  5.3237498474E+01  5.3241665141E+01  4.63094E-08  7.93280E+01
  5.3241665141E+01  5.3245831807E+01  5.04002E-08  8.03596E+01
  5.3245831807E+01  5.3249998474E+01  5.06505E-08  8.03994E+01
  5.3249998474E+01  5.3254165141E+01  1.32759E-07  6.90618E+01
  5.3254165141E+01  5.3258331807E+01  5.05750E-08  8.00891E+01
  5.3258331807E+01  5.3262498474E+01  5.29000E-08  8.02206E+01
  5.3262498474E+01  5.3266665141E+01  8.12531E-08  5.89230E+01
  5.3266665141E+01  5.3270831807E+01  6.04207E-08  6.31116E+01
  5.3270831807E+01  5.3274998474E+01  5.91121E-08  6.46077E+01
  5.3274998474E+01  5.3279165141E+01  7.38131E-08  6.52074E+01
  5.3279165141E+01  5.3283331807E+01  6.62448E-08  7.23877E+01
  5.3283331807E+01  5.3287498474E+01  6.62448E-08  7.30308E+01
  5.3287498474E+01  5.3291665141E+01  6.46512E-08  7.56984E+01
  5.3291665141E+01  5.3295831807E+01  6.37191E-08  7.73819E+01
  5.3295831807E+01  5.3299998474E+01  6.75378E-08  7.33497E+01
  5.3299998474E+01  5.3304165141E+01  7.64506E-08  7.61578E+01
  5.3304165141E+01  5.3308331807E+01  7.67695E-08  7.59725E+01
  5.3308331807E+01  5.3312498474E+01  8.32591E-08  7.16170E+01
  5.3312498474E+01  5.3316665141E+01  8.87051E-08  6.79903E+01
  5.3316665141E+01  5.3320831807E+01  7.71230E-08  5.89371E+01
  5.3320831807E+01  5.3324998474E+01  7.98640E-08  8.75192E+01
  5.3324998474E+01  5.3329165141E+01  8.47249E-08  8.80967E+01
  5.3329165141E+01  5.3333331807E+01  9.99150E-08  8.37554E+01
  5.3333331807E+01  5.3337498474E+01  9.89705E-08  9.25651E+01
  5.3337498474E+01  5.3341665141E+01  1.02048E-07  9.76294E+01
  5.3341665141E+01  5.3345831807E+01  1.28845E-07  9.84268E+01
  5.3345831807E+01  5.3349998474E+01  1.90670E-07  9.94070E+01
  5.3349998474E+01  5.3354165141E+01  9.33328E-08  9.87924E+01
  5.3354165141E+01  5.3358331807E+01  1.13406E-09  1.00000E+02
  5.3358331807E+01  5.3362498474E+01  4.90010E-09  8.02653E+01
  5.3362498474E+01  5.3366665141E+01  8.08917E-08  9.86080E+01
  5.3366665141E+01  5.3370831807E+01  9.06930E-08  9.87575E+01
  5.3370831807E+01  5.3374998474E+01  1.05481E-07  9.89297E+01
  5.3374998474E+01  5.3379165141E+01  1.27612E-07  9.91153E+01
  5.3379165141E+01  5.3383331807E+01  1.91893E-07  7.94022E+01
  5.3383331807E+01  5.3387498474E+01  3.18479E-07  8.17180E+01
  5.3387498474E+01  5.3391665141E+01  1.06330E-07  6.64917E+01
  5.3391665141E+01  5.3395831807E+01  6.65843E-08  9.54899E+01
  5.3395831807E+01  5.3399998474E+01  7.62967E-08  9.63800E+01
  5.3399998474E+01  5.3404165141E+01  8.39297E-08  9.67743E+01
  5.3404165141E+01  5.3408331807E+01  8.96634E-08  9.69098E+01
  5.3408331807E+01  5.3412498474E+01  8.93222E-08  7.57238E+01
  5.3412498474E+01  5.3416665141E+01  1.03693E-07  9.72910E+01
  5.3416665141E+01  5.3420831807E+01  1.13777E-07  9.21092E+01
  5.3420831807E+01  5.3424998474E+01  1.31058E-07  9.61210E+01
  5.3424998474E+01  5.3429165141E+01  2.01967E-07  9.74601E+01
  5.3429165141E+01  5.3433331807E+01  1.53494E-07  9.76570E+01
  5.3433331807E+01  5.3437498474E+01  2.37803E-09  6.25980E+01
  5.3437498474E+01  5.3441665141E+01  2.37803E-09  7.07862E+01
  5.3441665141E+01  5.3445831807E+01  2.37803E-09  7.07862E+01
  5.3445831807E+01  5.3449998474E+01  2.37803E-09  6.43268E+01
  5.3449998474E+01  5.3454165141E+01  2.37803E-09  7.07862E+01
  5.3454165141E+01  5.3458331807E+01  2.37803E-09  7.07862E+01
  5.3458331807E+01  5.3462498474E+01  2.37803E-09  7.07862E+01
  5.3462498474E+01  5.3466665141E+01  2.37803E-09  6.77422E+01
  5.3466665141E+01  5.3470831807E+01  2.37803E-09  7.07862E+01
  5.3470831807E+01  5.3474998474E+01  2.37803E-09  7.07862E+01
  5.3474998474E+01  5.3479165141E+01  2.37803E-09  7.07862E+01
  5.3479165141E+01  5.3483331807E+01  2.37803E-09  7.07862E+01
  5.3483331807E+01  5.3487498474E+01  2.37803E-09  7.07862E+01
  5.3487498474E+01  5.3491665141E+01  2.37803E-09  7.00902E+01
  5.3491665141E+01  5.3495831807E+01  2.37803E-09  7.07862E+01
  5.3495831807E+01  5.3499998474E+01  2.37803E-09  6.38069E+01
  5.3499998474E+01  5.3504165141E+01  4.63615E-09  6.07508E+01
  5.3504165141E+01  5.3508331807E+01  2.37803E-09  7.07862E+01
  5.3508331807E+01  5.3512498474E+01  1.49998E-08  7.49876E+01
  5.3512498474E+01  5.3516665141E+01  3.10284E-08  9.64144E+01
  5.3516665141E+01  5.3520831807E+01  3.10284E-08  9.64144E+01
  5.3520831807E+01  5.3524998474E+01  3.10284E-08  9.64144E+01
  5.3524998474E+01  5.3529165141E+01  3.10284E-08  9.64144E+01
  5.3529165141E+01  5.3533331807E+01  3.58030E-08  8.42286E+01
  5.3533331807E+01  5.3537498474E+01  3.22820E-08  9.27516E+01
  5.3537498474E+01  5.3541665141E+01  3.27350E-08  9.14785E+01
  5.3541665141E+01  5.3545831807E+01  3.36578E-08  8.90170E+01
  5.3545831807E+01  5.3549998474E+01  3.33013E-08  8.69810E+01
  5.3549998474E+01  5.3554165141E+01  3.52091E-08  7.50615E+01
  5.3554165141E+01  5.3558331807E+01  3.52091E-08  8.27327E+01
  5.3558331807E+01  5.3562498474E+01  3.52092E-08  8.25731E+01
  5.3562498474E+01  5.3566665141E+01  3.50030E-08  8.31963E+01
  5.3566665141E+01  5.3570831807E+01  2.78658E-08  7.92752E+01
  5.3570831807E+01  5.3574998474E+01  6.15542E-09  6.87512E+01
  5.3574998474E+01  5.3579165141E+01  6.15542E-09  6.87512E+01
  5.3579165141E+01  5.3583331807E+01  6.15542E-09  6.54665E+01
  5.3583331807E+01  5.3587498474E+01  6.15542E-09  6.87512E+01
  5.3587498474E+01  5.3591665141E+01  6.15542E-09  6.03942E+01
  5.3591665141E+01  5.3595831807E+01  6.48335E-09  6.67599E+01
  5.3595831807E+01  5.3599998474E+01  6.54303E-09  5.51351E+01
  5.3599998474E+01  5.3604165141E+01  6.54303E-09  6.51327E+01
  5.3604165141E+01  5.3608331807E+01  6.54303E-09  5.25565E+01
  5.3608331807E+01  5.3612498474E+01  8.67989E-09  5.31864E+01
  5.3612498474E+01  5.3616665141E+01  9.48877E-09  4.15192E+01
  5.3616665141E+01  5.3620831807E+01  1.12847E-08  4.65235E+01
  5.3620831807E+01  5.3624998474E+01  1.12855E-08  4.07909E+01
  5.3624998474E+01  5.3629165141E+01  1.13641E-08  4.65627E+01
  5.3629165141E+01  5.3633331807E+01  1.18596E-08  4.62732E+01
  5.3633331807E+01  5.3637498474E+01  1.18537E-08  4.37923E+01
  5.3637498474E+01  5.3641665141E+01  1.16445E-08  4.58195E+01
  5.3641665141E+01  5.3645831807E+01  1.16445E-08  3.48177E+01
  5.3645831807E+01  5.3649998474E+01  1.04696E-08  4.99087E+01
  5.3649998474E+01  5.3654165141E+01  1.03784E-08  4.53467E+01
  5.3654165141E+01  5.3658331807E+01  1.03784E-08  5.09149E+01
  5.3658331807E+01  5.3662498474E+01  1.03784E-08  4.99597E+01
  5.3662498474E+01  5.3666665141E+01  1.03784E-08  4.60290E+01
  5.3666665141E+01  5.3670831807E+01  1.03784E-08  5.00378E+01
  5.3670831807E+01  5.3674998474E+01  1.03784E-08  4.17019E+01
  5.3674998474E+01  5.3679165141E+01  1.63386E-08  5.29190E+01
  5.3679165141E+01  5.3683331807E+01  2.78225E-08  4.39691E+01
  5.3683331807E+01  5.3687498474E+01  1.25525E-08  4.48896E+01
  5.3687498474E+01  5.3691665141E+01  9.85603E-09  3.90163E+01
  5.3691665141E+01  5.3695831807E+01  9.93727E-09  4.15259E+01
  5.3695831807E+01  5.3699998474E+01  9.95342E-09  3.98333E+01
  5.3699998474E+01  5.3704165141E+01  1.02931E-08  4.17636E+01
  5.3704165141E+01  5.3708331807E+01  1.05584E-08  4.20651E+01
  5.3708331807E+01  5.3712498474E+01  2.70284E-08  6.61189E+01
  5.3712498474E+01  5.3716665141E+01  8.07617E-09  4.31890E+01
  5.3716665141E+01  5.3720831807E+01  6.79111E-09  3.79127E+01
  5.3720831807E+01  5.3724998474E+01  6.34865E-09  5.09520E+01
  5.3724998474E+01  5.3729165141E+01  6.70224E-09  5.13672E+01
  5.3729165141E+01  5.3733331807E+01  6.61701E-09  5.14885E+01
  5.3733331807E+01  5.3737498474E+01  6.60897E-09  5.15015E+01
  5.3737498474E+01  5.3741665141E+01  6.60897E-09  4.68273E+01
  5.3741665141E+01  5.3745831807E+01  6.82425E-09  4.62327E+01
  5.3745831807E+01  5.3749998474E+01  2.62134E-08  7.43733E+01
  5.3749998474E+01  5.3754165141E+01  3.65185E-08  6.47409E+01
  5.3754165141E+01  5.3758331807E+01  4.77274E-08  7.63703E+01
  5.3758331807E+01  5.3762498474E+01  7.12040E-08  6.08480E+01
  5.3762498474E+01  5.3766665141E+01  4.77988E-08  6.08772E+01
  5.3766665141E+01  5.3770831807E+01  4.86495E-08  7.52383E+01
  5.3770831807E+01  5.3774998474E+01  4.90937E-08  7.46213E+01
  5.3774998474E+01  5.3779165141E+01  4.94289E-08  7.39532E+01
  5.3779165141E+01  5.3783331807E+01  6.84121E-08  6.03625E+01
  5.3783331807E+01  5.3787498474E+01  5.38076E-08  7.60143E+01
  5.3787498474E+01  5.3791665141E+01  5.42236E-08  7.53747E+01
  5.3791665141E+01  5.3795831807E+01  5.22181E-08  7.79054E+01
  5.3795831807E+01  5.3799998474E+01  7.00211E-08  5.85945E+01
  5.3799998474E+01  5.3804165141E+01  5.51327E-08  7.40484E+01
  5.3804165141E+01  5.3808331807E+01  6.08302E-08  7.32892E+01
  5.3808331807E+01  5.3812498474E+01  6.12392E-08  5.78648E+01
  5.3812498474E+01  5.3816665141E+01  6.17687E-08  7.29329E+01
  5.3816665141E+01  5.3820831807E+01  6.44731E-08  7.03444E+01
  5.3820831807E+01  5.3824998474E+01  6.58267E-08  6.97144E+01
  5.3824998474E+01  5.3829165141E+01  6.13682E-08  5.67322E+01
  5.3829165141E+01  5.3833331807E+01  6.13682E-08  7.95575E+01
  5.3833331807E+01  5.3837498474E+01  6.13682E-08  7.94194E+01
  5.3837498474E+01  5.3841665141E+01  6.30090E-08  8.00290E+01
  5.3841665141E+01  5.3845831807E+01  7.10131E-08  7.50086E+01
  5.3845831807E+01  5.3849998474E+01  8.06444E-08  6.71772E+01
  5.3849998474E+01  5.3854165141E+01  8.32045E-08  6.69328E+01
  5.3854165141E+01  5.3858331807E+01  7.88695E-08  5.39858E+01
  5.3858331807E+01  5.3862498474E+01  8.52998E-08  7.16747E+01
  5.3862498474E+01  5.3866665141E+01  7.16440E-08  8.73144E+01
  5.3866665141E+01  5.3870831807E+01  7.28141E-08  8.74654E+01
  5.3870831807E+01  5.3874998474E+01  7.51653E-08  6.35747E+01
  5.3874998474E+01  5.3879165141E+01  9.41627E-08  7.46858E+01
  5.3879165141E+01  5.3883331807E+01  9.11220E-08  8.40820E+01
  5.3883331807E+01  5.3887498474E+01  8.80239E-08  6.76936E+01
  5.3887498474E+01  5.3891665141E+01  9.32389E-08  9.32899E+01
  5.3891665141E+01  5.3895831807E+01  9.35522E-08  9.33689E+01
  5.3895831807E+01  5.3899998474E+01  1.04984E-07  9.41933E+01
  5.3899998474E+01  5.3904165141E+01  1.17280E-07  9.48052E+01
  5.3904165141E+01  5.3908331807E+01  1.57852E-07  9.61314E+01
  5.3908331807E+01  5.3912498474E+01  2.67584E-07  9.77129E+01
  5.3912498474E+01  5.3916665141E+01  5.53472E-08  8.90778E+01
  5.3916665141E+01  5.3920831807E+01  6.13789E-09  5.17691E+01
  5.3920831807E+01  5.3924998474E+01  6.13789E-09  5.17691E+01
  5.3924998474E+01  5.3929165141E+01  6.27270E-09  5.21609E+01
  5.3929165141E+01  5.3933331807E+01  6.51890E-09  5.29410E+01
  5.3933331807E+01  5.3937498474E+01  6.57921E-09  5.27886E+01
  5.3937498474E+01  5.3941665141E+01  2.32212E-08  7.20964E+01
  5.3941665141E+01  5.3945831807E+01  1.32934E-08  4.46541E+01
  5.3945831807E+01  5.3949998474E+01  1.40126E-08  4.53436E+01
  5.3949998474E+01  5.3954165141E+01  1.38723E-08  4.63570E+01
  5.3954165141E+01  5.3958331807E+01  3.86426E-08  5.02256E+01
  5.3958331807E+01  5.3962498474E+01  8.14220E-09  5.14950E+01
  5.3962498474E+01  5.3966665141E+01  7.85665E-09  5.17446E+01
  5.3966665141E+01  5.3970831807E+01  7.52689E-09  4.70452E+01
  5.3970831807E+01  5.3974998474E+01  8.73618E-09  5.31259E+01
  5.3974998474E+01  5.3979165141E+01  9.05072E-09  5.31620E+01
  5.3979165141E+01  5.3983331807E+01  8.79466E-09  5.16886E+01
  5.3983331807E+01  5.3987498474E+01  8.79466E-09  5.31981E+01
  5.3987498474E+01  5.3991665141E+01  8.79466E-09  4.61524E+01
  5.3991665141E+01  5.3995831807E+01  9.33783E-09  4.30048E+01
  5.3995831807E+01  5.3999998474E+01  9.62467E-09  4.66843E+01
  5.3999998474E+01  5.4004165141E+01  2.02369E-08  5.21573E+01
  5.4004165141E+01  5.4008331807E+01  4.84072E-08  4.02865E+01
  5.4008331807E+01  5.4012498474E+01  8.11395E-09  5.20792E+01
  5.4012498474E+01  5.4016665141E+01  8.11395E-09  5.82432E+01
  5.4016665141E+01  5.4020831807E+01  8.92767E-09  6.33350E+01
  5.4020831807E+01  5.4024998474E+01  7.92406E-09  6.10399E+01
  5.4024998474E+01  5.4029165141E+01  9.48557E-09  4.53359E+01
  5.4029165141E+01  5.4033331807E+01  2.42788E-08  6.08625E+01
  5.4033331807E+01  5.4037498474E+01  9.36873E-09  3.89971E+01
  5.4037498474E+01  5.4041665141E+01  9.36873E-09  5.06812E+01
  5.4041665141E+01  5.4045831807E+01  8.88288E-09  5.16001E+01
  5.4045831807E+01  5.4049998474E+01  8.84966E-09  5.09264E+01
  5.4049998474E+01  5.4054165141E+01  1.08693E-08  4.18672E+01
  5.4054165141E+01  5.4058331807E+01  8.75314E-09  5.14481E+01
  5.4058331807E+01  5.4062498474E+01  1.37998E-08  4.41080E+01
  5.4062498474E+01  5.4066665141E+01  2.07389E-08  5.22696E+01
  5.4066665141E+01  5.4070831807E+01  3.21281E-08  5.91693E+01
  5.4070831807E+01  5.4074998474E+01  1.30139E-08  4.41824E+01
  5.4074998474E+01  5.4079165141E+01  1.26659E-08  5.30697E+01
  5.4079165141E+01  5.4083331807E+01  1.34581E-08  4.54005E+01
  5.4083331807E+01  5.4087498474E+01  1.28549E-08  5.97837E+01
  5.4087498474E+01  5.4091665141E+01  2.85623E-08  7.09076E+01
  5.4091665141E+01  5.4095831807E+01  9.70193E-09  6.01248E+01
  5.4095831807E+01  5.4099998474E+01  3.82564E-09  7.39701E+01
  5.4099998474E+01  5.4104165141E+01  0.00000E+00  0.00000E+00
  5.4104165141E+01  5.4108331807E+01  5.69584E-09  1.00000E+02
  5.4108331807E+01  5.4112498474E+01  0.00000E+00  0.00000E+00
  5.4112498474E+01  5.4116665141E+01  0.00000E+00  0.00000E+00
  5.4116665141E+01  5.4120831807E+01  0.00000E+00  0.00000E+00
  5.4120831807E+01  5.4124998474E+01  0.00000E+00  0.00000E+00
  5.4124998474E+01  5.4129165141E+01  9.45373E-10  1.00000E+02
  5.4129165141E+01  5.4133331807E+01  1.84920E-09  1.00000E+02
  5.4133331807E+01  5.4137498474E+01  1.84920E-09  1.00000E+02
  5.4137498474E+01  5.4141665141E+01  1.84920E-09  1.00000E+02
  5.4141665141E+01  5.4145831807E+01  1.84920E-09  1.00000E+02
  5.4145831807E+01  5.4149998474E+01  1.84920E-09  1.00000E+02
  5.4149998474E+01  5.4154165141E+01  1.84920E-09  1.00000E+02
  5.4154165141E+01  5.4158331807E+01  1.84920E-09  1.00000E+02
  5.4158331807E+01  5.4162498474E+01  1.84920E-09  7.47691E+01
  5.4162498474E+01  5.4166665141E+01  1.84920E-09  1.00000E+02
  5.4166665141E+01  5.4170831807E+01  1.84920E-09  1.00000E+02
  5.4170831807E+01  5.4174998474E+01  1.84920E-09  1.00000E+02
  5.4174998474E+01  5.4179165141E+01  1.84920E-09  1.00000E+02
  5.4179165141E+01  5.4183331807E+01  1.84920E-09  1.00000E+02
  5.4183331807E+01  5.4187498474E+01  2.71501E-09  7.52061E+01
  5.4187498474E+01  5.4191665141E+01  5.18818E-09  7.10685E+01
  5.4191665141E+01  5.4195831807E+01  5.18818E-09  7.11182E+01
  5.4195831807E+01  5.4199998474E+01  5.18818E-09  5.78527E+01
  5.4199998474E+01  5.4204165141E+01  5.18818E-09  7.35682E+01
  5.4204165141E+01  5.4208331807E+01  5.18818E-09  7.15620E+01
  5.4208331807E+01  5.4212498474E+01  5.18818E-09  7.35682E+01
  5.4212498474E+01  5.4216665141E+01  5.18818E-09  5.82088E+01
  5.4216665141E+01  5.4220831807E+01  5.87591E-09  6.60036E+01
  5.4220831807E+01  5.4224998474E+01  2.85419E-07  9.77125E+01
  5.4224998474E+01  5.4229165141E+01  3.52901E-07  9.84128E+01
  5.4229165141E+01  5.4233331807E+01  6.41843E-09  5.86418E+01
  5.4233331807E+01  5.4237498474E+01  7.25776E-09  5.81564E+01
  5.4237498474E+01  5.4241665141E+01  3.04636E-08  5.85294E+01
  5.4241665141E+01  5.4245831807E+01  3.74116E-09  6.71734E+01
  5.4245831807E+01  5.4249998474E+01  3.74347E-09  7.06716E+01
  5.4249998474E+01  5.4254165141E+01  3.74212E-09  7.06970E+01
  5.4254165141E+01  5.4258331807E+01  3.74116E-09  6.60721E+01
  5.4258331807E+01  5.4262498474E+01  3.74116E-09  7.07153E+01
  5.4262498474E+01  5.4266665141E+01  2.24257E-08  8.51299E+01
  5.4266665141E+01  5.4270831807E+01  4.82899E-09  7.26228E+01
  5.4270831807E+01  5.4274998474E+01  9.15892E-09  8.05811E+01
  5.4274998474E+01  5.4279165141E+01  9.18437E-08  9.80073E+01
  5.4279165141E+01  5.4283331807E+01  1.87463E-07  9.90185E+01
  5.4283331807E+01  5.4287498474E+01  1.84920E-09  1.00000E+02
  5.4287498474E+01  5.4291665141E+01  1.84920E-09  7.54378E+01
  5.4291665141E+01  5.4295831807E+01  1.84920E-09  1.00000E+02
  5.4295831807E+01  5.4299998474E+01  1.72319E-08  8.99115E+01
  5.4299998474E+01  5.4304165141E+01  3.54620E-09  7.07758E+01
  5.4304165141E+01  5.4308331807E+01  2.09588E-08  9.16029E+01
  5.4308331807E+01  5.4312498474E+01  1.84920E-09  1.00000E+02
  5.4312498474E+01  5.4316665141E+01  1.84920E-09  1.00000E+02
  5.4316665141E+01  5.4320831807E+01  1.93676E-09  9.55858E+01
  5.4320831807E+01  5.4324998474E+01  1.84920E-09  7.08010E+01
  5.4324998474E+01  5.4329165141E+01  1.84920E-09  1.00000E+02
  5.4329165141E+01  5.4333331807E+01  1.84920E-09  1.00000E+02
  5.4333331807E+01  5.4337498474E+01  1.84920E-09  1.00000E+02
  5.4337498474E+01  5.4341665141E+01  1.84920E-09  7.07481E+01
  5.4341665141E+01  5.4345831807E+01  1.84920E-09  1.00000E+02
  5.4345831807E+01  5.4349998474E+01  1.84920E-09  1.00000E+02
  5.4349998474E+01  5.4354165141E+01  1.84920E-09  9.99998E+01
  5.4354165141E+01  5.4358331807E+01  1.84920E-09  7.32540E+01
  5.4358331807E+01  5.4362498474E+01  1.84920E-09  1.00000E+02
  5.4362498474E+01  5.4366665141E+01  1.84920E-09  1.00000E+02
  5.4366665141E+01  5.4370831807E+01  4.22310E-09  6.09290E+01
  5.4370831807E+01  5.4374998474E+01  8.20231E-09  8.06695E+01
  5.4374998474E+01  5.4379165141E+01  8.20231E-09  6.69471E+01
  5.4379165141E+01  5.4383331807E+01  8.20231E-09  8.06695E+01
  5.4383331807E+01  5.4387498474E+01  7.18561E-09  6.93349E+01
  5.4387498474E+01  5.4391665141E+01  2.80099E-09  1.00000E+02
  5.4391665141E+01  5.4395831807E+01  2.80099E-09  1.00000E+02
  5.4395831807E+01  5.4399998474E+01  2.80099E-09  1.00000E+02
  5.4399998474E+01  5.4404165141E+01  2.80099E-09  5.96570E+01
  5.4404165141E+01  5.4408331807E+01  2.80099E-09  1.00000E+02
  5.4408331807E+01  5.4412498474E+01  2.80099E-09  1.00000E+02
  5.4412498474E+01  5.4416665141E+01  2.80099E-09  1.00000E+02
  5.4416665141E+01  5.4420831807E+01  2.80099E-09  7.09381E+01
  5.4420831807E+01  5.4424998474E+01  2.80099E-09  1.00000E+02
  5.4424998474E+01  5.4429165141E+01  2.80099E-09  1.00000E+02
  5.4429165141E+01  5.4433331807E+01  2.80099E-09  1.00000E+02
  5.4433331807E+01  5.4437498474E+01  2.80099E-09  7.09598E+01
  5.4437498474E+01  5.4441665141E+01  1.00251E-07  9.72462E+01
  5.4441665141E+01  5.4445831807E+01  2.47823E-07  9.93002E+01
  5.4445831807E+01  5.4449998474E+01  1.08566E-12  1.00000E+02
  5.4449998474E+01  5.4454165141E+01  0.00000E+00  0.00000E+00
  5.4454165141E+01  5.4458331807E+01  0.00000E+00  0.00000E+00
  5.4458331807E+01  5.4462498474E+01  5.80830E-09  1.00000E+02
  5.4462498474E+01  5.4466665141E+01  0.00000E+00  0.00000E+00
  5.4466665141E+01  5.4470831807E+01  0.00000E+00  0.00000E+00
  5.4470831807E+01  5.4474998474E+01  0.00000E+00  0.00000E+00
  5.4474998474E+01  5.4479165141E+01  0.00000E+00  0.00000E+00
  5.4479165141E+01  5.4483331807E+01  0.00000E+00  0.00000E+00
  5.4483331807E+01  5.4487498474E+01  0.00000E+00  0.00000E+00
  5.4487498474E+01  5.4491665141E+01  0.00000E+00  0.00000E+00
  5.4491665141E+01  5.4495831807E+01  5.80415E-09  1.00000E+02
  5.4495831807E+01  5.4499998474E+01  0.00000E+00  0.00000E+00
  5.4499998474E+01  5.4504165141E+01  0.00000E+00  0.00000E+00
  5.4504165141E+01  5.4508331807E+01  0.00000E+00  0.00000E+00
  5.4508331807E+01  5.4512498474E+01  0.00000E+00  0.00000E+00
  5.4512498474E+01  5.4516665141E+01  0.00000E+00  0.00000E+00
  5.4516665141E+01  5.4520831807E+01  0.00000E+00  0.00000E+00
  5.4520831807E+01  5.4524998474E+01  0.00000E+00  0.00000E+00
  5.4524998474E+01  5.4529165141E+01  7.20178E-13  1.00000E+02
  5.4529165141E+01  5.4533331807E+01  3.24625E-15  1.00000E+02
  5.4533331807E+01  5.4537498474E+01  6.71498E-09  1.00000E+02
  5.4537498474E+01  5.4541665141E+01  0.00000E+00  0.00000E+00
  5.4541665141E+01  5.4545831807E+01  0.00000E+00  0.00000E+00
  5.4545831807E+01  5.4549998474E+01  7.30932E-11  9.99969E+01
  5.4549998474E+01  5.4554165141E+01  0.00000E+00  0.00000E+00
  5.4554165141E+01  5.4558331807E+01  2.51578E-09  1.00000E+02
  5.4558331807E+01  5.4562498474E+01  1.67476E-11  1.00000E+02
  5.4562498474E+01  5.4566665141E+01  0.00000E+00  0.00000E+00
  5.4566665141E+01  5.4570831807E+01  0.00000E+00  0.00000E+00
  5.4570831807E+01  5.4574998474E+01  0.00000E+00  0.00000E+00
  5.4574998474E+01  5.4579165141E+01  2.30024E-15  1.00000E+02
  5.4579165141E+01  5.4583331807E+01  0.00000E+00  0.00000E+00
  5.4583331807E+01  5.4587498474E+01  0.00000E+00  0.00000E+00
  5.4587498474E+01  5.4591665141E+01  0.00000E+00  0.00000E+00
  5.4591665141E+01  5.4595831807E+01  0.00000E+00  0.00000E+00
  5.4595831807E+01  5.4599998474E+01  1.28734E-09  1.00000E+02
  5.4599998474E+01  5.4604165141E+01  2.16719E-09  8.84355E+01
  5.4604165141E+01  5.4608331807E+01  3.19752E-09  7.19345E+01
  5.4608331807E+01  5.4612498474E+01  3.19752E-09  7.19345E+01
  5.4612498474E+01  5.4616665141E+01  3.19752E-09  7.19345E+01
  5.4616665141E+01  5.4620831807E+01  3.19752E-09  6.50154E+01
  5.4620831807E+01  5.4624998474E+01  3.19752E-09  7.19345E+01
  5.4624998474E+01  5.4629165141E+01  3.19752E-09  7.19345E+01
  5.4629165141E+01  5.4633331807E+01  3.19752E-09  6.29424E+01
  5.4633331807E+01  5.4637498474E+01  3.19752E-09  7.19345E+01
  5.4637498474E+01  5.4641665141E+01  3.19752E-09  7.19345E+01
  5.4641665141E+01  5.4645831807E+01  3.19752E-09  6.69343E+01
  5.4645831807E+01  5.4649998474E+01  3.19752E-09  6.27820E+01
  5.4649998474E+01  5.4654165141E+01  3.19752E-09  7.19345E+01
  5.4654165141E+01  5.4658331807E+01  3.19752E-09  7.19345E+01
  5.4658331807E+01  5.4662498474E+01  3.19752E-09  7.19345E+01
  5.4662498474E+01  5.4666665141E+01  3.19752E-09  6.15120E+01
  5.4666665141E+01  5.4670831807E+01  4.09930E-09  6.02683E+01
  5.4670831807E+01  5.4674998474E+01  4.21530E-09  5.96693E+01
  5.4674998474E+01  5.4679165141E+01  4.21530E-09  5.96693E+01
  5.4679165141E+01  5.4683331807E+01  4.21531E-09  5.09780E+01
  5.4683331807E+01  5.4687498474E+01  4.21530E-09  5.96693E+01
  5.4687498474E+01  5.4691665141E+01  4.21530E-09  5.96693E+01
  5.4691665141E+01  5.4695831807E+01  4.21530E-09  5.96693E+01
  5.4695831807E+01  5.4699998474E+01  4.21530E-09  5.96693E+01
  5.4699998474E+01  5.4704165141E+01  4.21530E-09  5.31694E+01
  5.4704165141E+01  5.4708331807E+01  4.21530E-09  5.96693E+01
  5.4708331807E+01  5.4712498474E+01  4.21530E-09  5.96693E+01
  5.4712498474E+01  5.4716665141E+01  4.21530E-09  5.96413E+01
  5.4716665141E+01  5.4720831807E+01  4.21530E-09  5.96693E+01
  5.4720831807E+01  5.4724998474E+01  1.29222E-07  9.67562E+01
  5.4724998474E+01  5.4729165141E+01  4.21530E-09  5.96693E+01
  5.4729165141E+01  5.4733331807E+01  4.21530E-09  5.96693E+01
  5.4733331807E+01  5.4737498474E+01  3.67570E-09  5.15516E+01
  5.4737498474E+01  5.4741665141E+01  4.53323E-09  5.94135E+01
  5.4741665141E+01  5.4745831807E+01  4.53323E-09  4.54186E+01
  5.4745831807E+01  5.4749998474E+01  4.53323E-09  5.94135E+01
  5.4749998474E+01  5.4754165141E+01  4.53323E-09  5.94135E+01
  5.4754165141E+01  5.4758331807E+01  4.53323E-09  5.94135E+01
  5.4758331807E+01  5.4762498474E+01  4.53323E-09  5.94135E+01
  5.4762498474E+01  5.4766665141E+01  4.53323E-09  5.94135E+01
  5.4766665141E+01  5.4770831807E+01  4.53323E-09  5.94135E+01
  5.4770831807E+01  5.4774998474E+01  4.53323E-09  5.16260E+01
  5.4774998474E+01  5.4779165141E+01  4.53323E-09  5.39757E+01
  5.4779165141E+01  5.4783331807E+01  4.53323E-09  5.94135E+01
  5.4783331807E+01  5.4787498474E+01  4.53323E-09  5.94135E+01
  5.4787498474E+01  5.4791665141E+01  4.53323E-09  5.94135E+01
  5.4791665141E+01  5.4795831807E+01  4.53323E-09  5.94135E+01
  5.4795831807E+01  5.4799998474E+01  4.53323E-09  5.37911E+01
  5.4799998474E+01  5.4804165141E+01  4.53323E-09  5.94135E+01
  5.4804165141E+01  5.4808331807E+01  4.23237E-09  5.67305E+01
  5.4808331807E+01  5.4812498474E+01  2.63574E-09  7.25207E+01
  5.4812498474E+01  5.4816665141E+01  2.63574E-09  7.25207E+01
  5.4816665141E+01  5.4820831807E+01  2.63574E-09  5.90919E+01
  5.4820831807E+01  5.4824998474E+01  2.63574E-09  7.25207E+01
  5.4824998474E+01  5.4829165141E+01  2.63574E-09  7.25207E+01
  5.4829165141E+01  5.4833331807E+01  4.69008E-08  9.46418E+01
  5.4833331807E+01  5.4837498474E+01  2.50936E-09  7.19601E+01
  5.4837498474E+01  5.4841665141E+01  2.50936E-09  7.19601E+01
  5.4841665141E+01  5.4845831807E+01  7.14639E-08  9.65217E+01
  5.4845831807E+01  5.4849998474E+01  2.50936E-09  7.19601E+01
  5.4849998474E+01  5.4854165141E+01  2.50936E-09  7.19601E+01
  5.4854165141E+01  5.4858331807E+01  2.50936E-09  7.19601E+01
  5.4858331807E+01  5.4862498474E+01  2.50936E-09  7.19601E+01
  5.4862498474E+01  5.4866665141E+01  2.50936E-09  7.19601E+01
  5.4866665141E+01  5.4870831807E+01  2.50936E-09  7.19601E+01
  5.4870831807E+01  5.4874998474E+01  2.50936E-09  7.19601E+01
  5.4874998474E+01  5.4879165141E+01  2.50936E-09  7.19601E+01
  5.4879165141E+01  5.4883331807E+01  2.50936E-09  7.19601E+01
  5.4883331807E+01  5.4887498474E+01  2.50936E-09  7.19601E+01
  5.4887498474E+01  5.4891665141E+01  2.50936E-09  7.19601E+01
  5.4891665141E+01  5.4895831807E+01  2.50936E-09  7.19601E+01
  5.4895831807E+01  5.4899998474E+01  2.50936E-09  7.19601E+01
  5.4899998474E+01  5.4904165141E+01  2.50936E-09  5.89955E+01
  5.4904165141E+01  5.4908331807E+01  2.50936E-09  7.19601E+01
  5.4908331807E+01  5.4912498474E+01  2.63017E-09  7.24951E+01
  5.4912498474E+01  5.4916665141E+01  2.67469E-09  7.27014E+01
  5.4916665141E+01  5.4920831807E+01  2.67469E-09  7.27014E+01
  5.4920831807E+01  5.4924998474E+01  2.67469E-09  7.27014E+01
  5.4924998474E+01  5.4929165141E+01  2.57473E-08  5.79270E+01
  5.4929165141E+01  5.4933331807E+01  3.63605E-08  5.49642E+01
  5.4933331807E+01  5.4937498474E+01  2.05889E-08  4.65175E+01
  5.4937498474E+01  5.4941665141E+01  1.91910E-08  3.89152E+01
  5.4941665141E+01  5.4945831807E+01  2.19991E-08  3.88850E+01
  5.4945831807E+01  5.4949998474E+01  1.89670E-08  4.63552E+01
  5.4949998474E+01  5.4954165141E+01  9.73552E-09  4.36395E+01
  5.4954165141E+01  5.4958331807E+01  9.71565E-09  5.25620E+01
  5.4958331807E+01  5.4962498474E+01  1.32787E-08  5.54861E+01
  5.4962498474E+01  5.4966665141E+01  1.14129E-08  4.92988E+01
  5.4966665141E+01  5.4970831807E+01  8.05874E-09  6.45562E+01
  5.4970831807E+01  5.4974998474E+01  8.05874E-09  6.15971E+01
  5.4974998474E+01  5.4979165141E+01  8.05874E-09  5.88373E+01
  5.4979165141E+01  5.4983331807E+01  8.05874E-09  5.91333E+01
  5.4983331807E+01  5.4987498474E+01  1.14454E-08  6.04876E+01
  5.4987498474E+01  5.4991665141E+01  1.72033E-08  5.78353E+01
  5.4991665141E+01  5.4995831807E+01  1.70078E-08  6.14171E+01
  5.4995831807E+01  5.4999998474E+01  1.01778E-09  1.00000E+02
  5.4999998474E+01  5.5004165141E+01  1.01778E-09  9.99999E+01
  5.5004165141E+01  5.5008331807E+01  1.01778E-09  1.00000E+02
  5.5008331807E+01  5.5012498474E+01  1.01778E-09  1.00000E+02
  5.5012498474E+01  5.5016665141E+01  2.54151E-09  7.20982E+01
  5.5016665141E+01  5.5020831807E+01  2.52471E-09  7.20256E+01
  5.5020831807E+01  5.5024998474E+01  2.48248E-09  7.18069E+01
  5.5024998474E+01  5.5029165141E+01  2.90632E-09  6.23013E+01
  5.5029165141E+01  5.5033331807E+01  2.44670E-09  7.17020E+01
  5.5033331807E+01  5.5037498474E+01  2.36885E-09  7.03068E+01
  5.5037498474E+01  5.5041665141E+01  2.37083E-09  7.13478E+01
  5.5041665141E+01  5.5045831807E+01  2.36885E-09  7.14071E+01
  5.5045831807E+01  5.5049998474E+01  2.36885E-09  7.14071E+01
  5.5049998474E+01  5.5054165141E+01  2.36885E-09  7.14071E+01
  5.5054165141E+01  5.5058331807E+01  2.36885E-09  7.14071E+01
  5.5058331807E+01  5.5062498474E+01  2.36885E-09  7.14071E+01
  5.5062498474E+01  5.5066665141E+01  3.15538E-09  5.91196E+01
  5.5066665141E+01  5.5070831807E+01  3.57076E-09  5.81124E+01
  5.5070831807E+01  5.5074998474E+01  3.57076E-09  5.16903E+01
  5.5074998474E+01  5.5079165141E+01  3.96947E-09  5.26463E+01
  5.5079165141E+01  5.5083331807E+01  4.14057E-09  5.81159E+01
  5.5083331807E+01  5.5087498474E+01  4.14057E-09  5.81159E+01
  5.5087498474E+01  5.5091665141E+01  4.14057E-09  5.81159E+01
  5.5091665141E+01  5.5095831807E+01  4.14057E-09  5.81159E+01
  5.5095831807E+01  5.5099998474E+01  4.14057E-09  5.81159E+01
  5.5099998474E+01  5.5099998474E+01  4.14057E-09  5.81159E+01
