# Detector n: 1D Projection
  5.0099998474E+01  5.0104165141E+01  7.85485E-04  5.61541E-01
  5.0104165141E+01  5.0108331807E+01  7.81409E-04  4.59248E-01
  5.0108331807E+01  5.0112498474E+01  7.83924E-04  4.93311E-01
  5.0112498474E+01  5.0116665141E+01  7.85654E-04  4.72120E-01
  5.0116665141E+01  5.0120831807E+01  7.89376E-04  5.48920E-01
  5.0120831807E+01  5.0124998474E+01  7.95714E-04  6.03370E-01
  5.0124998474E+01  5.0129165141E+01  8.03533E-04  6.01806E-01
  5.0129165141E+01  5.0133331807E+01  7.98010E-04  4.77964E-01
  5.0133331807E+01  5.0137498474E+01  7.99342E-04  5.12358E-01
  5.0137498474E+01  5.0141665141E+01  7.99530E-04  5.95268E-01
  5.0141665141E+01  5.0145831807E+01  7.97144E-04  4.75526E-01
  5.0145831807E+01  5.0149998474E+01  7.95241E-04  4.36358E-01
  5.0149998474E+01  5.0154165141E+01  8.00561E-04  5.06017E-01
  5.0154165141E+01  5.0158331807E+01  8.00799E-04  4.99602E-01
  5.0158331807E+01  5.0162498474E+01  8.02973E-04  5.27459E-01
  5.0162498474E+01  5.0166665141E+01  8.07321E-04  6.07351E-01
  5.0166665141E+01  5.0170831807E+01  8.07284E-04  5.34376E-01
  5.0170831807E+01  5.0174998474E+01  8.17049E-04  5.89559E-01
  5.0174998474E+01  5.0179165141E+01  8.20120E-04  4.89843E-01
  5.0179165141E+01  5.0183331807E+01  8.28246E-04  6.37881E-01
  5.0183331807E+01  5.0187498474E+01  8.23003E-04  4.79971E-01
  5.0187498474E+01  5.0191665141E+01  8.23626E-04  4.99447E-01
  5.0191665141E+01  5.0195831807E+01  8.23666E-04  4.92108E-01
  5.0195831807E+01  5.0199998474E+01  8.23436E-04  4.75862E-01
  5.0199998474E+01  5.0204165141E+01  8.22008E-04  4.42799E-01
  5.0204165141E+01  5.0208331807E+01  8.26688E-04  5.30480E-01
  5.0208331807E+01  5.0212498474E+01  8.22450E-04  4.82304E-01
  5.0212498474E+01  5.0216665141E+01  8.20844E-04  4.83860E-01
  5.0216665141E+01  5.0220831807E+01  8.20826E-04  4.51341E-01
  5.0220831807E+01  5.0224998474E+01  8.27046E-04  6.62415E-01
  5.0224998474E+01  5.0229165141E+01  8.23268E-04  4.91593E-01
  5.0229165141E+01  5.0233331807E+01  8.22149E-04  4.64952E-01
  5.0233331807E+01  5.0237498474E+01  8.25941E-04  5.27362E-01
  5.0237498474E+01  5.0241665141E+01  8.25349E-04  4.64183E-01
  5.0241665141E+01  5.0245831807E+01  8.26011E-04  4.97216E-01
  5.0245831807E+01  5.0249998474E+01  8.32528E-04  5.32646E-01
  5.0249998474E+01  5.0254165141E+01  8.36060E-04  5.69382E-01
  5.0254165141E+01  5.0258331807E+01  8.40310E-04  5.51043E-01
  5.0258331807E+01  5.0262498474E+01  8.39743E-04  4.50320E-01
  5.0262498474E+01  5.0266665141E+01  8.50250E-04  5.57981E-01
  5.0266665141E+01  5.0270831807E+01  8.58822E-04  5.17782E-01
  5.0270831807E+01  5.0274998474E+01  8.63674E-04  4.86692E-01
  5.0274998474E+01  5.0279165141E+01  8.69243E-04  5.86730E-01
  5.0279165141E+01  5.0283331807E+01  8.67655E-04  4.66193E-01
  5.0283331807E+01  5.0287498474E+01  8.69611E-04  4.85207E-01
  5.0287498474E+01  5.0291665141E+01  8.67344E-04  4.67066E-01
  5.0291665141E+01  5.0295831807E+01  8.67341E-04  4.72046E-01
  5.0295831807E+01  5.0299998474E+01  8.69655E-04  5.16935E-01
  5.0299998474E+01  5.0304165141E+01  8.68556E-04  4.88719E-01
  5.0304165141E+01  5.0308331807E+01  8.70451E-04  5.01037E-01
  5.0308331807E+01  5.0312498474E+01  8.74758E-04  5.82619E-01
  5.0312498474E+01  5.0316665141E+01  8.72430E-04  5.34910E-01
  5.0316665141E+01  5.0320831807E+01  8.69448E-04  5.07346E-01
  5.0320831807E+01  5.0324998474E+01  8.72559E-04  5.64931E-01
  5.0324998474E+01  5.0329165141E+01  8.72232E-04  4.97167E-01
  5.0329165141E+01  5.0333331807E+01  8.71292E-04  5.16953E-01
  5.0333331807E+01  5.0337498474E+01  8.73265E-04  5.19436E-01
  5.0337498474E+01  5.0341665141E+01  8.74856E-04  5.06833E-01
  5.0341665141E+01  5.0345831807E+01  8.72499E-04  4.92875E-01
  5.0345831807E+01  5.0349998474E+01  8.77270E-04  5.61670E-01
  5.0349998474E+01  5.0354165141E+01  8.77217E-04  5.19338E-01
  5.0354165141E+01  5.0358331807E+01  8.78287E-04  5.47526E-01
  5.0358331807E+01  5.0362498474E+01  8.73179E-04  4.87695E-01
  5.0362498474E+01  5.0366665141E+01  8.70870E-04  4.78339E-01
  5.0366665141E+01  5.0370831807E+01  8.69092E-04  4.63595E-01
  5.0370831807E+01  5.0374998474E+01  8.70604E-04  4.73311E-01
  5.0374998474E+01  5.0379165141E+01  8.70176E-04  5.01486E-01
  5.0379165141E+01  5.0383331807E+01  8.70552E-04  4.66960E-01
  5.0383331807E+01  5.0387498474E+01  8.73833E-04  5.62208E-01
  5.0387498474E+01  5.0391665141E+01  8.72764E-04  5.53632E-01
  5.0391665141E+01  5.0395831807E+01  8.71166E-04  4.71267E-01
  5.0395831807E+01  5.0399998474E+01  8.72636E-04  4.75194E-01
  5.0399998474E+01  5.0404165141E+01  8.78342E-04  5.00931E-01
  5.0404165141E+01  5.0408331807E+01  8.80416E-04  5.37387E-01
  5.0408331807E+01  5.0412498474E+01  8.81383E-04  5.13866E-01
  5.0412498474E+01  5.0416665141E+01  8.84900E-04  4.78870E-01
  5.0416665141E+01  5.0420831807E+01  8.86681E-04  4.70390E-01
  5.0420831807E+01  5.0424998474E+01  9.00086E-04  6.11491E-01
  5.0424998474E+01  5.0429165141E+01  9.01080E-04  5.67623E-01
  5.0429165141E+01  5.0433331807E+01  9.04480E-04  5.21269E-01
  5.0433331807E+01  5.0437498474E+01  9.06757E-04  4.66117E-01
  5.0437498474E+01  5.0441665141E+01  9.15286E-04  5.33882E-01
  5.0441665141E+01  5.0445831807E+01  9.15491E-04  4.58158E-01
  5.0445831807E+01  5.0449998474E+01  9.19596E-04  4.52027E-01
  5.0449998474E+01  5.0454165141E+01  9.22967E-04  4.59837E-01
  5.0454165141E+01  5.0458331807E+01  9.30560E-04  5.20766E-01
  5.0458331807E+01  5.0462498474E+01  9.29764E-04  4.77847E-01
  5.0462498474E+01  5.0466665141E+01  9.33594E-04  4.93074E-01
  5.0466665141E+01  5.0470831807E+01  9.34325E-04  5.09394E-01
  5.0470831807E+01  5.0474998474E+01  9.35731E-04  4.86930E-01
  5.0474998474E+01  5.0479165141E+01  9.36533E-04  5.06309E-01
  5.0479165141E+01  5.0483331807E+01  9.35857E-04  5.42879E-01
  5.0483331807E+01  5.0487498474E+01  9.32427E-04  4.82369E-01
  5.0487498474E+01  5.0491665141E+01  9.33265E-04  4.79198E-01
  5.0491665141E+01  5.0495831807E+01  9.33118E-04  5.06235E-01
  5.0495831807E+01  5.0499998474E+01  9.30620E-04  4.72619E-01
  5.0499998474E+01  5.0504165141E+01  9.30782E-04  4.75877E-01
  5.0504165141E+01  5.0508331807E+01  9.31307E-04  4.96977E-01
  5.0508331807E+01  5.0512498474E+01  9.34622E-04  5.13058E-01
  5.0512498474E+01  5.0516665141E+01  9.31212E-04  4.83141E-01
  5.0516665141E+01  5.0520831807E+01  9.34127E-04  5.28819E-01
  5.0520831807E+01  5.0524998474E+01  9.30094E-04  4.60066E-01
  5.0524998474E+01  5.0529165141E+01  9.31867E-04  4.61920E-01
  5.0529165141E+01  5.0533331807E+01  9.36548E-04  5.35635E-01
  5.0533331807E+01  5.0537498474E+01  9.36937E-04  5.38241E-01
  5.0537498474E+01  5.0541665141E+01  9.38501E-04  4.94353E-01
  5.0541665141E+01  5.0545831807E+01  9.44024E-04  5.18097E-01
  5.0545831807E+01  5.0549998474E+01  9.45030E-04  4.85343E-01
  5.0549998474E+01  5.0554165141E+01  9.51506E-04  5.16847E-01
  5.0554165141E+01  5.0558331807E+01  9.58009E-04  5.86469E-01
  5.0558331807E+01  5.0562498474E+01  9.55820E-04  5.03904E-01
  5.0562498474E+01  5.0566665141E+01  9.58577E-04  4.84738E-01
  5.0566665141E+01  5.0570831807E+01  9.60828E-04  4.95101E-01
  5.0570831807E+01  5.0574998474E+01  9.63283E-04  4.62999E-01
  5.0574998474E+01  5.0579165141E+01  9.70679E-04  5.11736E-01
  5.0579165141E+01  5.0583331807E+01  9.72178E-04  4.77187E-01
  5.0583331807E+01  5.0587498474E+01  9.78516E-04  5.14411E-01
  5.0587498474E+01  5.0591665141E+01  9.82517E-04  5.13291E-01
  5.0591665141E+01  5.0595831807E+01  9.82333E-04  4.85452E-01
  5.0595831807E+01  5.0599998474E+01  9.85556E-04  4.79405E-01
  5.0599998474E+01  5.0604165141E+01  9.88758E-04  4.95993E-01
  5.0604165141E+01  5.0608331807E+01  9.87735E-04  4.64719E-01
  5.0608331807E+01  5.0612498474E+01  9.93771E-04  5.15471E-01
  5.0612498474E+01  5.0616665141E+01  9.94056E-04  5.23236E-01
  5.0616665141E+01  5.0620831807E+01  9.90862E-04  4.75895E-01
  5.0620831807E+01  5.0624998474E+01  9.93145E-04  4.81965E-01
  5.0624998474E+01  5.0629165141E+01  9.94302E-04  4.71576E-01
  5.0629165141E+01  5.0633331807E+01  9.94651E-04  4.82366E-01
  5.0633331807E+01  5.0637498474E+01  9.97834E-04  5.31565E-01
  5.0637498474E+01  5.0641665141E+01  9.93309E-04  4.58877E-01
  5.0641665141E+01  5.0645831807E+01  9.97128E-04  4.63942E-01
  5.0645831807E+01  5.0649998474E+01  1.00066E-03  4.76270E-01
  5.0649998474E+01  5.0654165141E+01  1.00552E-03  4.82432E-01
  5.0654165141E+01  5.0658331807E+01  1.00684E-03  4.79717E-01
  5.0658331807E+01  5.0662498474E+01  1.00818E-03  4.89984E-01
  5.0662498474E+01  5.0666665141E+01  1.01290E-03  5.53416E-01
  5.0666665141E+01  5.0670831807E+01  1.01612E-03  5.70316E-01
  5.0670831807E+01  5.0674998474E+01  1.01993E-03  5.44306E-01
  5.0674998474E+01  5.0679165141E+01  1.02145E-03  5.03397E-01
  5.0679165141E+01  5.0683331807E+01  1.01946E-03  4.68433E-01
  5.0683331807E+01  5.0687498474E+01  1.02366E-03  4.88134E-01
  5.0687498474E+01  5.0691665141E+01  1.02927E-03  4.80126E-01
  5.0691665141E+01  5.0695831807E+01  1.03632E-03  5.15883E-01
  5.0695831807E+01  5.0699998474E+01  1.03377E-03  4.76319E-01
  5.0699998474E+01  5.0704165141E+01  1.03926E-03  5.04645E-01
  5.0704165141E+01  5.0708331807E+01  1.03978E-03  4.99085E-01
  5.0708331807E+01  5.0712498474E+01  1.04043E-03  4.84195E-01
  5.0712498474E+01  5.0716665141E+01  1.04490E-03  4.85789E-01
  5.0716665141E+01  5.0720831807E+01  1.04949E-03  5.17170E-01
  5.0720831807E+01  5.0724998474E+01  1.05510E-03  5.08279E-01
  5.0724998474E+01  5.0729165141E+01  1.05376E-03  4.95486E-01
  5.0729165141E+01  5.0733331807E+01  1.05815E-03  5.19710E-01
  5.0733331807E+01  5.0737498474E+01  1.05813E-03  4.82765E-01
  5.0737498474E+01  5.0741665141E+01  1.06233E-03  4.97882E-01
  5.0741665141E+01  5.0745831807E+01  1.06812E-03  4.94655E-01
  5.0745831807E+01  5.0749998474E+01  1.06412E-03  4.71640E-01
  5.0749998474E+01  5.0754165141E+01  1.06844E-03  4.75963E-01
  5.0754165141E+01  5.0758331807E+01  1.07366E-03  4.90948E-01
  5.0758331807E+01  5.0762498474E+01  1.08059E-03  5.04924E-01
  5.0762498474E+01  5.0766665141E+01  1.08284E-03  5.25579E-01
  5.0766665141E+01  5.0770831807E+01  1.08246E-03  4.90016E-01
  5.0770831807E+01  5.0774998474E+01  1.08335E-03  4.77727E-01
  5.0774998474E+01  5.0779165141E+01  1.08703E-03  4.75843E-01
  5.0779165141E+01  5.0783331807E+01  1.09231E-03  4.87159E-01
  5.0783331807E+01  5.0787498474E+01  1.09388E-03  4.75210E-01
  5.0787498474E+01  5.0791665141E+01  1.10277E-03  4.93369E-01
  5.0791665141E+01  5.0795831807E+01  1.10078E-03  4.81704E-01
  5.0795831807E+01  5.0799998474E+01  1.10536E-03  4.91728E-01
  5.0799998474E+01  5.0804165141E+01  1.10654E-03  4.61380E-01
  5.0804165141E+01  5.0808331807E+01  1.11587E-03  4.94661E-01
  5.0808331807E+01  5.0812498474E+01  1.11973E-03  4.86654E-01
  5.0812498474E+01  5.0816665141E+01  1.12480E-03  5.07401E-01
  5.0816665141E+01  5.0820831807E+01  1.12790E-03  5.24965E-01
  5.0820831807E+01  5.0824998474E+01  1.12790E-03  4.76704E-01
  5.0824998474E+01  5.0829165141E+01  1.13258E-03  4.74039E-01
  5.0829165141E+01  5.0833331807E+01  1.13443E-03  4.76771E-01
  5.0833331807E+01  5.0837498474E+01  1.14477E-03  4.96888E-01
  5.0837498474E+01  5.0841665141E+01  1.14461E-03  4.71014E-01
  5.0841665141E+01  5.0845831807E+01  1.15075E-03  4.90951E-01
  5.0845831807E+01  5.0849998474E+01  1.15025E-03  4.54048E-01
  5.0849998474E+01  5.0854165141E+01  1.15699E-03  4.60368E-01
  5.0854165141E+01  5.0858331807E+01  1.16350E-03  4.88975E-01
  5.0858331807E+01  5.0862498474E+01  1.16941E-03  4.88700E-01
  5.0862498474E+01  5.0866665141E+01  1.16785E-03  4.66859E-01
  5.0866665141E+01  5.0870831807E+01  1.17482E-03  4.96191E-01
  5.0870831807E+01  5.0874998474E+01  1.18033E-03  4.91715E-01
  5.0874998474E+01  5.0879165141E+01  1.18088E-03  4.53522E-01
  5.0879165141E+01  5.0883331807E+01  1.18886E-03  4.57649E-01
  5.0883331807E+01  5.0887498474E+01  1.19843E-03  4.79075E-01
  5.0887498474E+01  5.0891665141E+01  1.20289E-03  4.78200E-01
  5.0891665141E+01  5.0895831807E+01  1.21209E-03  5.04693E-01
  5.0895831807E+01  5.0899998474E+01  1.21689E-03  4.91459E-01
  5.0899998474E+01  5.0904165141E+01  1.21984E-03  4.57229E-01
  5.0904165141E+01  5.0908331807E+01  1.22925E-03  4.89253E-01
  5.0908331807E+01  5.0912498474E+01  1.23112E-03  4.74879E-01
  5.0912498474E+01  5.0916665141E+01  1.23450E-03  4.55864E-01
  5.0916665141E+01  5.0920831807E+01  1.24413E-03  4.87806E-01
  5.0920831807E+01  5.0924998474E+01  1.24986E-03  4.50682E-01
  5.0924998474E+01  5.0929165141E+01  1.25841E-03  4.64814E-01
  5.0929165141E+01  5.0933331807E+01  1.26291E-03  4.54298E-01
  5.0933331807E+01  5.0937498474E+01  1.27043E-03  4.64329E-01
  5.0937498474E+01  5.0941665141E+01  1.27837E-03  4.64115E-01
  5.0941665141E+01  5.0945831807E+01  1.28770E-03  4.64701E-01
  5.0945831807E+01  5.0949998474E+01  1.29799E-03  4.54762E-01
  5.0949998474E+01  5.0954165141E+01  1.30505E-03  4.59404E-01
  5.0954165141E+01  5.0958331807E+01  1.31536E-03  4.63360E-01
  5.0958331807E+01  5.0962498474E+01  1.32633E-03  4.62305E-01
  5.0962498474E+01  5.0966665141E+01  1.33447E-03  4.55033E-01
  5.0966665141E+01  5.0970831807E+01  1.34839E-03  4.65366E-01
  5.0970831807E+01  5.0974998474E+01  1.36063E-03  4.71141E-01
  5.0974998474E+01  5.0979165141E+01  1.36887E-03  4.56168E-01
  5.0979165141E+01  5.0983331807E+01  1.38324E-03  4.63624E-01
  5.0983331807E+01  5.0987498474E+01  1.39151E-03  4.64062E-01
  5.0987498474E+01  5.0991665141E+01  1.40193E-03  4.54438E-01
  5.0991665141E+01  5.0995831807E+01  1.41935E-03  4.72444E-01
  5.0995831807E+01  5.0999998474E+01  1.42807E-03  4.60634E-01
  5.0999998474E+01  5.1004165141E+01  1.44539E-03  4.69053E-01
  5.1004165141E+01  5.1008331807E+01  1.45802E-03  4.67814E-01
  5.1008331807E+01  5.1012498474E+01  1.47353E-03  4.70551E-01
  5.1012498474E+01  5.1016665141E+01  1.48790E-03  4.69398E-01
  5.1016665141E+01  5.1020831807E+01  1.50308E-03  4.70174E-01
  5.1020831807E+01  5.1024998474E+01  1.52150E-03  4.71815E-01
  5.1024998474E+01  5.1029165141E+01  1.53775E-03  4.73629E-01
  5.1029165141E+01  5.1033331807E+01  1.55324E-03  4.78511E-01
  5.1033331807E+01  5.1037498474E+01  1.57288E-03  4.76577E-01
  5.1037498474E+01  5.1041665141E+01  1.58950E-03  4.74349E-01
  5.1041665141E+01  5.1045831807E+01  1.60897E-03  4.75695E-01
  5.1045831807E+01  5.1049998474E+01  1.62952E-03  4.75673E-01
  5.1049998474E+01  5.1054165141E+01  1.65330E-03  4.91413E-01
  5.1054165141E+01  5.1058331807E+01  1.67393E-03  4.83106E-01
  5.1058331807E+01  5.1062498474E+01  1.69749E-03  4.80118E-01
  5.1062498474E+01  5.1066665141E+01  1.71793E-03  4.78647E-01
  5.1066665141E+01  5.1070831807E+01  1.73994E-03  4.80411E-01
  5.1070831807E+01  5.1074998474E+01  1.76635E-03  4.85512E-01
  5.1074998474E+01  5.1079165141E+01  1.79600E-03  4.86217E-01
  5.1079165141E+01  5.1083331807E+01  1.81715E-03  4.90762E-01
  5.1083331807E+01  5.1087498474E+01  1.84473E-03  4.95818E-01
  5.1087498474E+01  5.1091665141E+01  1.86992E-03  5.00934E-01
  5.1091665141E+01  5.1095831807E+01  1.88693E-03  4.95743E-01
  5.1095831807E+01  5.1099998474E+01  1.90916E-03  4.99363E-01
  5.1099998474E+01  5.1104165141E+01  1.93428E-03  5.05264E-01
  5.1104165141E+01  5.1108331807E+01  1.95494E-03  5.09587E-01
  5.1108331807E+01  5.1112498474E+01  1.97033E-03  5.13560E-01
  5.1112498474E+01  5.1116665141E+01  1.99569E-03  5.26558E-01
  5.1116665141E+01  5.1120831807E+01  2.01240E-03  5.32941E-01
  5.1120831807E+01  5.1124998474E+01  2.02489E-03  5.38555E-01
  5.1124998474E+01  5.1129165141E+01  2.04507E-03  5.44930E-01
  5.1129165141E+01  5.1133331807E+01  2.05448E-03  5.45491E-01
  5.1133331807E+01  5.1137498474E+01  2.06105E-03  5.45722E-01
  5.1137498474E+01  5.1141665141E+01  2.06740E-03  5.43916E-01
  5.1141665141E+01  5.1145831807E+01  2.06804E-03  5.56277E-01
  5.1145831807E+01  5.1149998474E+01  2.07138E-03  5.66023E-01
  5.1149998474E+01  5.1154165141E+01  2.07630E-03  5.68666E-01
  5.1154165141E+01  5.1158331807E+01  2.07742E-03  5.73036E-01
  5.1158331807E+01  5.1162498474E+01  2.07428E-03  5.77442E-01
  5.1162498474E+01  5.1166665141E+01  2.05203E-03  5.85015E-01
  5.1166665141E+01  5.1170831807E+01  2.03187E-03  5.90663E-01
  5.1170831807E+01  5.1174998474E+01  2.00479E-03  6.04134E-01
  5.1174998474E+01  5.1179165141E+01  1.98397E-03  6.11358E-01
  5.1179165141E+01  5.1183331807E+01  1.95328E-03  6.17638E-01
  5.1183331807E+01  5.1187498474E+01  1.93374E-03  6.30860E-01
  5.1187498474E+01  5.1191665141E+01  1.89944E-03  6.46957E-01
  5.1191665141E+01  5.1195831807E+01  1.86719E-03  6.59935E-01
  5.1195831807E+01  5.1199998474E+01  1.83135E-03  6.74435E-01
  5.1199998474E+01  5.1204165141E+01  1.76891E-03  6.80414E-01
  5.1204165141E+01  5.1208331807E+01  1.71844E-03  6.97781E-01
  5.1208331807E+01  5.1212498474E+01  1.66330E-03  6.97554E-01
  5.1212498474E+01  5.1216665141E+01  1.61511E-03  7.24373E-01
  5.1216665141E+01  5.1220831807E+01  1.55893E-03  7.35196E-01
  5.1220831807E+01  5.1224998474E+01  1.49994E-03  7.58869E-01
  5.1224998474E+01  5.1229165141E+01  1.43815E-03  7.73410E-01
  5.1229165141E+01  5.1233331807E+01  1.37851E-03  7.97076E-01
  5.1233331807E+01  5.1237498474E+01  1.31702E-03  8.29434E-01
  5.1237498474E+01  5.1241665141E+01  1.25703E-03  8.51543E-01
  5.1241665141E+01  5.1245831807E+01  1.19506E-03  8.67569E-01
  5.1245831807E+01  5.1249998474E+01  1.13011E-03  8.88315E-01
  5.1249998474E+01  5.1254165141E+01  1.06730E-03  9.24530E-01
  5.1254165141E+01  5.1258331807E+01  1.00614E-03  9.69641E-01
  5.1258331807E+01  5.1262498474E+01  9.32222E-04  1.01919E+00
  5.1262498474E+01  5.1266665141E+01  8.77756E-04  1.05095E+00
  5.1266665141E+01  5.1270831807E+01  8.22399E-04  1.08231E+00
  5.1270831807E+01  5.1274998474E+01  7.66243E-04  1.12694E+00
  5.1274998474E+01  5.1279165141E+01  7.10177E-04  1.16637E+00
  5.1279165141E+01  5.1283331807E+01  6.54957E-04  1.23321E+00
  5.1283331807E+01  5.1287498474E+01  6.08087E-04  1.28845E+00
  5.1287498474E+01  5.1291665141E+01  5.62808E-04  1.35301E+00
  5.1291665141E+01  5.1295831807E+01  5.15317E-04  1.40671E+00
  5.1295831807E+01  5.1299998474E+01  4.69437E-04  1.49887E+00
  5.1299998474E+01  5.1304165141E+01  4.18041E-04  1.57220E+00
  5.1304165141E+01  5.1308331807E+01  3.89463E-04  1.65657E+00
  5.1308331807E+01  5.1312498474E+01  3.47294E-04  1.74690E+00
  5.1312498474E+01  5.1316665141E+01  3.05828E-04  1.86267E+00
  5.1316665141E+01  5.1320831807E+01  2.74901E-04  1.98045E+00
  5.1320831807E+01  5.1324998474E+01  2.47601E-04  2.08863E+00
  5.1324998474E+01  5.1329165141E+01  2.18841E-04  2.23477E+00
  5.1329165141E+01  5.1333331807E+01  1.99400E-04  2.37017E+00
  5.1333331807E+01  5.1337498474E+01  1.75656E-04  2.50913E+00
  5.1337498474E+01  5.1341665141E+01  1.60135E-04  2.64819E+00
  5.1341665141E+01  5.1345831807E+01  1.39419E-04  2.84502E+00
  5.1345831807E+01  5.1349998474E+01  1.23836E-04  2.99648E+00
  5.1349998474E+01  5.1354165141E+01  1.09849E-04  3.19698E+00
  5.1354165141E+01  5.1358331807E+01  9.43687E-05  3.38583E+00
  5.1358331807E+01  5.1362498474E+01  8.18219E-05  3.71443E+00
  5.1362498474E+01  5.1366665141E+01  7.09075E-05  4.13293E+00
  5.1366665141E+01  5.1370831807E+01  6.05287E-05  4.46388E+00
  5.1370831807E+01  5.1374998474E+01  5.31341E-05  4.86832E+00
  5.1374998474E+01  5.1379165141E+01  4.48747E-05  5.16322E+00
  5.1379165141E+01  5.1383331807E+01  3.72582E-05  5.73389E+00
  5.1383331807E+01  5.1387498474E+01  2.72744E-05  6.42333E+00
  5.1387498474E+01  5.1391665141E+01  2.36284E-05  7.03409E+00
  5.1391665141E+01  5.1395831807E+01  2.10471E-05  7.71556E+00
  5.1395831807E+01  5.1399998474E+01  1.75579E-05  8.80602E+00
  5.1399998474E+01  5.1404165141E+01  1.36862E-05  9.50462E+00
  5.1404165141E+01  5.1408331807E+01  1.16675E-05  1.04461E+01
  5.1408331807E+01  5.1412498474E+01  8.60625E-06  1.13986E+01
  5.1412498474E+01  5.1416665141E+01  7.42865E-06  1.26863E+01
  5.1416665141E+01  5.1420831807E+01  6.70477E-06  1.37160E+01
  5.1420831807E+01  5.1424998474E+01  4.98524E-06  1.56254E+01
  5.1424998474E+01  5.1429165141E+01  3.74497E-06  1.76151E+01
  5.1429165141E+01  5.1433331807E+01  3.12736E-06  1.96038E+01
  5.1433331807E+01  5.1437498474E+01  2.91704E-06  2.02767E+01
  5.1437498474E+01  5.1441665141E+01  2.45411E-06  2.25947E+01
  5.1441665141E+01  5.1445831807E+01  2.05206E-06  2.50506E+01
  5.1445831807E+01  5.1449998474E+01  1.36098E-06  3.07759E+01
  5.1449998474E+01  5.1454165141E+01  8.47240E-07  3.49917E+01
  5.1454165141E+01  5.1458331807E+01  8.31168E-07  3.83146E+01
  5.1458331807E+01  5.1462498474E+01  7.10374E-07  3.69351E+01
  5.1462498474E+01  5.1466665141E+01  6.00266E-07  4.00687E+01
  5.1466665141E+01  5.1470831807E+01  7.49899E-07  4.08937E+01
  5.1470831807E+01  5.1474998474E+01  5.66713E-07  4.37470E+01
  5.1474998474E+01  5.1479165141E+01  3.22518E-07  5.00326E+01
  5.1479165141E+01  5.1483331807E+01  4.23645E-07  4.73397E+01
  5.1483331807E+01  5.1487498474E+01  5.47355E-07  5.36152E+01
  5.1487498474E+01  5.1491665141E+01  4.96620E-07  6.02529E+01
  5.1491665141E+01  5.1495831807E+01  1.98475E-07  7.08047E+01
  5.1495831807E+01  5.1499998474E+01  2.22774E-07  9.88593E+01
  5.1499998474E+01  5.1504165141E+01  2.85748E-08  8.60581E+01
  5.1504165141E+01  5.1508331807E+01  4.69005E-09  5.91135E+01
  5.1508331807E+01  5.1512498474E+01  4.73652E-09  7.95578E+01
  5.1512498474E+01  5.1516665141E+01  4.18114E-09  7.75783E+01
  5.1516665141E+01  5.1520831807E+01  1.14708E-09  1.00000E+02
  5.1520831807E+01  5.1524998474E+01  1.14708E-09  1.00000E+02
  5.1524998474E+01  5.1529165141E+01  1.14708E-09  1.00000E+02
  5.1529165141E+01  5.1533331807E+01  1.14708E-09  1.00000E+02
  5.1533331807E+01  5.1537498474E+01  1.14708E-09  1.00000E+02
  5.1537498474E+01  5.1541665141E+01  1.14708E-09  1.00000E+02
  5.1541665141E+01  5.1545831807E+01  1.93396E-09  6.60337E+01
  5.1545831807E+01  5.1549998474E+01  2.48785E-08  8.47854E+01
  5.1549998474E+01  5.1554165141E+01  7.13729E-09  6.15380E+01
  5.1554165141E+01  5.1558331807E+01  8.84576E-09  5.39270E+01
  5.1558331807E+01  5.1562498474E+01  9.81400E-09  5.26322E+01
  5.1562498474E+01  5.1566665141E+01  6.27350E-09  6.08541E+01
  5.1566665141E+01  5.1570831807E+01  5.11109E-09  5.99868E+01
  5.1570831807E+01  5.1574998474E+01  5.25290E-09  6.04355E+01
  5.1574998474E+01  5.1579165141E+01  5.43271E-09  4.57575E+01
  5.1579165141E+01  5.1583331807E+01  5.43271E-09  6.10371E+01
  5.1583331807E+01  5.1587498474E+01  5.43271E-09  5.79875E+01
  5.1587498474E+01  5.1591665141E+01  6.35211E-09  6.43289E+01
  5.1591665141E+01  5.1595831807E+01  6.38237E-09  6.44374E+01
  5.1595831807E+01  5.1599998474E+01  6.38237E-09  6.44374E+01
  5.1599998474E+01  5.1604165141E+01  9.44798E-09  4.72652E+01
  5.1604165141E+01  5.1608331807E+01  6.38237E-09  6.44374E+01
  5.1608331807E+01  5.1612498474E+01  1.48321E-08  4.90903E+01
  5.1612498474E+01  5.1616665141E+01  1.88451E-08  5.09467E+01
  5.1616665141E+01  5.1620831807E+01  1.21021E-08  5.93467E+01
  5.1620831807E+01  5.1624998474E+01  2.79163E-09  5.85509E+01
  5.1624998474E+01  5.1629165141E+01  2.79163E-09  7.18246E+01
  5.1629165141E+01  5.1633331807E+01  2.79163E-09  6.01948E+01
  5.1633331807E+01  5.1637498474E+01  2.79163E-09  6.83513E+01
  5.1637498474E+01  5.1641665141E+01  2.60412E-09  7.12098E+01
  5.1641665141E+01  5.1645831807E+01  2.48927E-09  7.09276E+01
  5.1645831807E+01  5.1649998474E+01  2.48927E-09  7.09276E+01
  5.1649998474E+01  5.1654165141E+01  2.48927E-09  7.09276E+01
  5.1654165141E+01  5.1658331807E+01  2.48927E-09  7.09276E+01
  5.1658331807E+01  5.1662498474E+01  2.48927E-09  7.09276E+01
  5.1662498474E+01  5.1666665141E+01  2.48927E-09  6.39172E+01
  5.1666665141E+01  5.1670831807E+01  2.48927E-09  7.09276E+01
  5.1670831807E+01  5.1674998474E+01  2.48927E-09  7.09276E+01
  5.1674998474E+01  5.1679165141E+01  2.48927E-09  7.09276E+01
  5.1679165141E+01  5.1683331807E+01  2.48927E-09  7.09276E+01
  5.1683331807E+01  5.1687498474E+01  2.49515E-09  7.07610E+01
  5.1687498474E+01  5.1691665141E+01  4.09251E-09  5.82742E+01
  5.1691665141E+01  5.1695831807E+01  6.28382E-09  6.21778E+01
  5.1695831807E+01  5.1699998474E+01  7.02914E-09  5.37952E+01
  5.1699998474E+01  5.1704165141E+01  7.02914E-09  5.10685E+01
  5.1704165141E+01  5.1708331807E+01  7.02914E-09  5.30273E+01
  5.1708331807E+01  5.1712498474E+01  6.17285E-09  5.10814E+01
  5.1712498474E+01  5.1716665141E+01  5.89090E-09  5.32673E+01
  5.1716665141E+01  5.1720831807E+01  5.87826E-09  5.23504E+01
  5.1720831807E+01  5.1724998474E+01  5.83506E-09  4.58269E+01
  5.1724998474E+01  5.1729165141E+01  5.83506E-09  5.04663E+01
  5.1729165141E+01  5.1733331807E+01  5.83506E-09  5.34347E+01
  5.1733331807E+01  5.1737498474E+01  5.83506E-09  4.75642E+01
  5.1737498474E+01  5.1741665141E+01  5.83506E-09  5.34347E+01
  5.1741665141E+01  5.1745831807E+01  5.83506E-09  4.49306E+01
  5.1745831807E+01  5.1749998474E+01  5.83506E-09  5.59314E+01
  5.1749998474E+01  5.1754165141E+01  5.83506E-09  6.04587E+01
  5.1754165141E+01  5.1758331807E+01  5.83506E-09  6.04587E+01
  5.1758331807E+01  5.1762498474E+01  5.83507E-09  6.04586E+01
  5.1762498474E+01  5.1766665141E+01  5.35952E-09  6.01163E+01
  5.1766665141E+01  5.1770831807E+01  3.42662E-09  7.52273E+01
  5.1770831807E+01  5.1774998474E+01  2.39532E-09  7.09893E+01
  5.1774998474E+01  5.1779165141E+01  2.29894E-09  7.08014E+01
  5.1779165141E+01  5.1783331807E+01  2.29894E-09  7.08014E+01
  5.1783331807E+01  5.1787498474E+01  2.29894E-09  7.08014E+01
  5.1787498474E+01  5.1791665141E+01  2.29894E-09  7.08014E+01
  5.1791665141E+01  5.1795831807E+01  2.29894E-09  7.08014E+01
  5.1795831807E+01  5.1799998474E+01  2.29894E-09  7.08013E+01
  5.1799998474E+01  5.1804165141E+01  2.29894E-09  6.47249E+01
  5.1804165141E+01  5.1808331807E+01  2.29894E-09  7.08014E+01
  5.1808331807E+01  5.1812498474E+01  2.29894E-09  7.08014E+01
  5.1812498474E+01  5.1816665141E+01  2.29894E-09  7.08014E+01
  5.1816665141E+01  5.1820831807E+01  2.30431E-09  7.06367E+01
  5.1820831807E+01  5.1824998474E+01  1.13419E-09  9.62874E+01
  5.1824998474E+01  5.1829165141E+01  1.09124E-09  1.00000E+02
  5.1829165141E+01  5.1833331807E+01  1.09124E-09  1.00000E+02
  5.1833331807E+01  5.1837498474E+01  1.09124E-09  1.00000E+02
  5.1837498474E+01  5.1841665141E+01  1.09124E-09  1.00000E+02
  5.1841665141E+01  5.1845831807E+01  1.14913E-08  9.10006E+01
  5.1845831807E+01  5.1849998474E+01  1.09124E-09  9.99998E+01
  5.1849998474E+01  5.1854165141E+01  1.09124E-09  1.00000E+02
  5.1854165141E+01  5.1858331807E+01  1.09124E-09  1.00000E+02
  5.1858331807E+01  5.1862498474E+01  1.09124E-09  1.00000E+02
  5.1862498474E+01  5.1866665141E+01  1.09124E-09  1.00000E+02
  5.1866665141E+01  5.1870831807E+01  1.09124E-09  1.00000E+02
  5.1870831807E+01  5.1874998474E+01  1.09124E-09  1.00000E+02
  5.1874998474E+01  5.1879165141E+01  1.09124E-09  8.27465E+01
  5.1879165141E+01  5.1883331807E+01  2.89448E-09  7.28186E+01
  5.1883331807E+01  5.1887498474E+01  8.41026E-08  9.87110E+01
  5.1887498474E+01  5.1891665141E+01  1.09124E-09  1.00000E+02
  5.1891665141E+01  5.1895831807E+01  1.09124E-09  1.00000E+02
  5.1895831807E+01  5.1899998474E+01  1.09124E-09  1.00000E+02
  5.1899998474E+01  5.1904165141E+01  2.26337E-09  7.07558E+01
  5.1904165141E+01  5.1908331807E+01  2.65027E-09  6.54429E+01
  5.1908331807E+01  5.1912498474E+01  1.27508E-08  8.86206E+01
  5.1912498474E+01  5.1916665141E+01  5.79927E-09  7.79023E+01
  5.1916665141E+01  5.1920831807E+01  2.41015E-08  8.56598E+01
  5.1920831807E+01  5.1924998474E+01  2.81764E-09  7.11115E+01
  5.1924998474E+01  5.1929165141E+01  2.81764E-09  7.11115E+01
  5.1929165141E+01  5.1933331807E+01  2.81764E-09  7.11115E+01
  5.1933331807E+01  5.1937498474E+01  2.81764E-09  7.11115E+01
  5.1937498474E+01  5.1941665141E+01  2.81764E-09  6.90624E+01
  5.1941665141E+01  5.1945831807E+01  2.81764E-09  5.50646E+01
  5.1945831807E+01  5.1949998474E+01  2.81764E-09  7.11115E+01
  5.1949998474E+01  5.1954165141E+01  2.81764E-09  7.11115E+01
  5.1954165141E+01  5.1958331807E+01  2.81764E-09  7.11115E+01
  5.1958331807E+01  5.1962498474E+01  2.81764E-09  7.11115E+01
  5.1962498474E+01  5.1966665141E+01  2.81764E-09  7.11115E+01
  5.1966665141E+01  5.1970831807E+01  2.81764E-09  6.10218E+01
  5.1970831807E+01  5.1974998474E+01  2.81764E-09  7.11115E+01
  5.1974998474E+01  5.1979165141E+01  2.75872E-09  7.09811E+01
  5.1979165141E+01  5.1983331807E+01  2.62180E-09  6.08193E+01
  5.1983331807E+01  5.1987498474E+01  2.62180E-09  6.60491E+01
  5.1987498474E+01  5.1991665141E+01  2.62180E-09  7.07669E+01
  5.1991665141E+01  5.1995831807E+01  2.62181E-09  7.07667E+01
  5.1995831807E+01  5.1999998474E+01  2.62465E-09  7.06902E+01
  5.1999998474E+01  5.2004165141E+01  2.62180E-09  7.07669E+01
  5.2004165141E+01  5.2008331807E+01  2.62180E-09  7.07669E+01
  5.2008331807E+01  5.2012498474E+01  2.62180E-09  7.07669E+01
  5.2012498474E+01  5.2016665141E+01  2.62180E-09  6.08636E+01
  5.2016665141E+01  5.2020831807E+01  2.62180E-09  7.07669E+01
  5.2020831807E+01  5.2024998474E+01  2.62180E-09  7.07669E+01
  5.2024998474E+01  5.2029165141E+01  3.10664E-09  6.17281E+01
  5.2029165141E+01  5.2033331807E+01  5.11608E-09  6.07627E+01
  5.2033331807E+01  5.2037498474E+01  5.19229E-09  4.62233E+01
  5.2037498474E+01  5.2041665141E+01  2.35789E-08  7.26750E+01
  5.2041665141E+01  5.2045831807E+01  1.09297E-08  4.71642E+01
  5.2045831807E+01  5.2049998474E+01  1.09447E-08  4.18248E+01
  5.2049998474E+01  5.2054165141E+01  9.75759E-09  4.71392E+01
  5.2054165141E+01  5.2058331807E+01  1.29740E-08  5.18570E+01
  5.2058331807E+01  5.2062498474E+01  1.43487E-08  6.86873E+01
  5.2062498474E+01  5.2066665141E+01  1.46207E-08  6.91850E+01
  5.2066665141E+01  5.2070831807E+01  1.50336E-08  5.44660E+01
  5.2070831807E+01  5.2074998474E+01  1.32376E-08  5.93572E+01
  5.2074998474E+01  5.2079165141E+01  9.26554E-09  3.89202E+01
  5.2079165141E+01  5.2083331807E+01  1.40582E-08  4.45875E+01
  5.2083331807E+01  5.2087498474E+01  1.32901E-08  4.66264E+01
  5.2087498474E+01  5.2091665141E+01  1.34523E-08  6.18483E+01
  5.2091665141E+01  5.2095831807E+01  6.90749E-09  5.71601E+01
  5.2095831807E+01  5.2099998474E+01  4.16554E-09  7.78910E+01
  5.2099998474E+01  5.2104165141E+01  1.12063E-09  1.00000E+02
  5.2104165141E+01  5.2108331807E+01  1.12063E-09  1.00000E+02
  5.2108331807E+01  5.2112498474E+01  1.12184E-09  9.98923E+01
  5.2112498474E+01  5.2116665141E+01  1.12063E-09  1.00000E+02
  5.2116665141E+01  5.2120831807E+01  1.12063E-09  1.00000E+02
  5.2120831807E+01  5.2124998474E+01  1.55708E-09  7.72358E+01
  5.2124998474E+01  5.2129165141E+01  2.97584E-09  7.28332E+01
  5.2129165141E+01  5.2133331807E+01  2.97584E-09  7.28332E+01
  5.2133331807E+01  5.2137498474E+01  2.97584E-09  7.28332E+01
  5.2137498474E+01  5.2141665141E+01  2.97584E-09  7.28332E+01
  5.2141665141E+01  5.2145831807E+01  2.97584E-09  7.28332E+01
  5.2145831807E+01  5.2149998474E+01  1.99414E-08  7.18498E+01
  5.2149998474E+01  5.2154165141E+01  1.12063E-09  6.86904E+01
  5.2154165141E+01  5.2158331807E+01  1.12063E-09  1.00000E+02
  5.2158331807E+01  5.2162498474E+01  1.12063E-09  1.00000E+02
  5.2162498474E+01  5.2166665141E+01  1.12063E-09  1.00000E+02
  5.2166665141E+01  5.2170831807E+01  2.50657E-09  7.11057E+01
  5.2170831807E+01  5.2174998474E+01  1.12063E-09  1.00000E+02
  5.2174998474E+01  5.2179165141E+01  1.12063E-09  1.00000E+02
  5.2179165141E+01  5.2183331807E+01  1.12063E-09  1.00000E+02
  5.2183331807E+01  5.2187498474E+01  5.86636E-08  4.89701E+01
  5.2187498474E+01  5.2191665141E+01  4.53961E-09  7.92568E+01
  5.2191665141E+01  5.2195831807E+01  4.53961E-09  7.92568E+01
  5.2195831807E+01  5.2199998474E+01  4.53961E-09  7.92568E+01
  5.2199998474E+01  5.2204165141E+01  4.53961E-09  5.69302E+01
  5.2204165141E+01  5.2208331807E+01  4.53961E-09  5.74442E+01
  5.2208331807E+01  5.2212498474E+01  4.53961E-09  7.92568E+01
  5.2212498474E+01  5.2216665141E+01  4.49259E-09  7.90924E+01
  5.2216665141E+01  5.2220831807E+01  3.62350E-09  7.56808E+01
  5.2220831807E+01  5.2224998474E+01  3.62350E-09  6.48733E+01
  5.2224998474E+01  5.2229165141E+01  5.85888E-09  5.69714E+01
  5.2229165141E+01  5.2233331807E+01  7.35114E-09  6.29519E+01
  5.2233331807E+01  5.2237498474E+01  7.35114E-09  6.29519E+01
  5.2237498474E+01  5.2241665141E+01  7.35114E-09  4.97496E+01
  5.2241665141E+01  5.2245831807E+01  7.35114E-09  6.29519E+01
  5.2245831807E+01  5.2249998474E+01  7.35114E-09  5.32706E+01
  5.2249998474E+01  5.2254165141E+01  1.05846E-08  6.54941E+01
  5.2254165141E+01  5.2258331807E+01  1.44835E-08  5.20939E+01
  5.2258331807E+01  5.2262498474E+01  1.46570E-08  4.18410E+01
  5.2262498474E+01  5.2266665141E+01  1.14353E-08  5.85551E+01
  5.2266665141E+01  5.2270831807E+01  2.25199E-09  7.07115E+01
  5.2270831807E+01  5.2274998474E+01  2.25199E-09  7.07115E+01
  5.2274998474E+01  5.2279165141E+01  2.25199E-09  7.07115E+01
  5.2279165141E+01  5.2283331807E+01  2.25199E-09  7.07115E+01
  5.2283331807E+01  5.2287498474E+01  2.25199E-09  7.07115E+01
  5.2287498474E+01  5.2291665141E+01  2.25199E-09  7.07115E+01
  5.2291665141E+01  5.2295831807E+01  2.55368E-09  6.86848E+01
  5.2295831807E+01  5.2299998474E+01  4.20708E-09  7.78972E+01
  5.2299998474E+01  5.2304165141E+01  4.22285E-09  7.77361E+01
  5.2304165141E+01  5.2308331807E+01  4.35039E-09  7.65308E+01
  5.2308331807E+01  5.2312498474E+01  4.35039E-09  7.14813E+01
  5.2312498474E+01  5.2316665141E+01  4.35039E-09  5.92034E+01
  5.2316665141E+01  5.2320831807E+01  5.11992E-09  6.22785E+01
  5.2320831807E+01  5.2324998474E+01  6.12748E-09  6.64612E+01
  5.2324998474E+01  5.2329165141E+01  6.13662E-09  6.63624E+01
  5.2329165141E+01  5.2333331807E+01  6.12748E-09  6.64612E+01
  5.2333331807E+01  5.2337498474E+01  6.12748E-09  5.68646E+01
  5.2337498474E+01  5.2341665141E+01  5.64687E-09  6.45105E+01
  5.2341665141E+01  5.2345831807E+01  4.97169E-09  6.07914E+01
  5.2345831807E+01  5.2349998474E+01  2.04224E-08  7.69489E+01
  5.2349998474E+01  5.2354165141E+01  9.33324E-09  5.19871E+01
  5.2354165141E+01  5.2358331807E+01  1.40418E-08  5.19587E+01
  5.2358331807E+01  5.2362498474E+01  2.58493E-09  7.10564E+01
  5.2362498474E+01  5.2366665141E+01  2.58493E-09  7.10564E+01
  5.2366665141E+01  5.2370831807E+01  2.58493E-09  7.10564E+01
  5.2370831807E+01  5.2374998474E+01  2.90274E-09  7.20786E+01
  5.2374998474E+01  5.2379165141E+01  3.14991E-09  7.30725E+01
  5.2379165141E+01  5.2383331807E+01  3.14991E-09  7.30725E+01
  5.2383331807E+01  5.2387498474E+01  3.14991E-09  6.93901E+01
  5.2387498474E+01  5.2391665141E+01  3.14991E-09  7.30725E+01
  5.2391665141E+01  5.2395831807E+01  3.25759E-09  7.35274E+01
  5.2395831807E+01  5.2399998474E+01  3.58338E-09  7.49179E+01
  5.2399998474E+01  5.2404165141E+01  3.58338E-09  7.49179E+01
  5.2404165141E+01  5.2408331807E+01  3.58338E-09  7.49179E+01
  5.2408331807E+01  5.2412498474E+01  3.71465E-09  7.54700E+01
  5.2412498474E+01  5.2416665141E+01  3.88740E-09  7.61809E+01
  5.2416665141E+01  5.2420831807E+01  3.88740E-09  7.61809E+01
  5.2420831807E+01  5.2424998474E+01  4.78204E-09  7.94713E+01
  5.2424998474E+01  5.2429165141E+01  2.05472E-08  9.45026E+01
  5.2429165141E+01  5.2433331807E+01  1.16450E-09  1.00000E+02
  5.2433331807E+01  5.2437498474E+01  1.16450E-09  1.00000E+02
  5.2437498474E+01  5.2441665141E+01  3.51479E-08  9.67436E+01
  5.2441665141E+01  5.2445831807E+01  1.16450E-09  1.00000E+02
  5.2445831807E+01  5.2449998474E+01  1.16451E-09  9.99999E+01
  5.2449998474E+01  5.2454165141E+01  1.16450E-09  1.00000E+02
  5.2454165141E+01  5.2458331807E+01  1.16451E-09  9.99998E+01
  5.2458331807E+01  5.2462498474E+01  1.16450E-09  1.00000E+02
  5.2462498474E+01  5.2466665141E+01  1.16451E-09  9.99998E+01
  5.2466665141E+01  5.2470831807E+01  1.16450E-09  8.37076E+01
  5.2470831807E+01  5.2474998474E+01  1.16450E-09  7.09803E+01
  5.2474998474E+01  5.2479165141E+01  1.16450E-09  1.00000E+02
  5.2479165141E+01  5.2483331807E+01  1.16450E-09  1.00000E+02
  5.2483331807E+01  5.2487498474E+01  1.16450E-09  1.00000E+02
  5.2487498474E+01  5.2491665141E+01  1.16450E-09  1.00000E+02
  5.2491665141E+01  5.2495831807E+01  1.16450E-09  1.00000E+02
  5.2495831807E+01  5.2499998474E+01  1.16450E-09  1.00000E+02
  5.2499998474E+01  5.2504165141E+01  1.16450E-09  1.00000E+02
  5.2504165141E+01  5.2508331807E+01  1.16450E-09  1.00000E+02
  5.2508331807E+01  5.2512498474E+01  1.16450E-09  1.00000E+02
  5.2512498474E+01  5.2516665141E+01  1.16450E-09  1.00000E+02
  5.2516665141E+01  5.2520831807E+01  1.16450E-09  1.00000E+02
  5.2520831807E+01  5.2524998474E+01  1.16450E-09  1.00000E+02
  5.2524998474E+01  5.2529165141E+01  1.16450E-09  1.00000E+02
  5.2529165141E+01  5.2533331807E+01  1.16450E-09  1.00000E+02
  5.2533331807E+01  5.2537498474E+01  1.16450E-09  1.00000E+02
  5.2537498474E+01  5.2541665141E+01  1.16450E-09  1.00000E+02
  5.2541665141E+01  5.2545831807E+01  1.16450E-09  1.00000E+02
  5.2545831807E+01  5.2549998474E+01  1.16450E-09  1.00000E+02
  5.2549998474E+01  5.2554165141E+01  1.16450E-09  1.00000E+02
  5.2554165141E+01  5.2558331807E+01  1.16450E-09  1.00000E+02
  5.2558331807E+01  5.2562498474E+01  2.16802E-09  7.09054E+01
  5.2562498474E+01  5.2566665141E+01  2.60885E-09  7.11163E+01
  5.2566665141E+01  5.2570831807E+01  2.92129E-09  6.44046E+01
  5.2570831807E+01  5.2574998474E+01  3.47343E-09  5.89295E+01
  5.2574998474E+01  5.2579165141E+01  3.47561E-09  5.89191E+01
  5.2579165141E+01  5.2583331807E+01  4.28349E-09  5.13945E+01
  5.2583331807E+01  5.2587498474E+01  3.47856E-09  5.89051E+01
  5.2587498474E+01  5.2591665141E+01  3.59499E-09  5.84456E+01
  5.2591665141E+01  5.2595831807E+01  2.20468E-08  8.79245E+01
  5.2595831807E+01  5.2599998474E+01  4.16435E-09  6.04710E+01
  5.2599998474E+01  5.2604165141E+01  4.16435E-09  6.04710E+01
  5.2604165141E+01  5.2608331807E+01  4.34086E-09  5.97979E+01
  5.2608331807E+01  5.2612498474E+01  4.44192E-09  5.95331E+01
  5.2612498474E+01  5.2616665141E+01  4.44192E-09  5.95331E+01
  5.2616665141E+01  5.2620831807E+01  4.44192E-09  5.95331E+01
  5.2620831807E+01  5.2624998474E+01  6.68743E-09  6.85312E+01
  5.2624998474E+01  5.2629165141E+01  6.90174E-09  6.92876E+01
  5.2629165141E+01  5.2633331807E+01  6.71555E-09  7.04982E+01
  5.2633331807E+01  5.2637498474E+01  6.73704E-09  7.18365E+01
  5.2637498474E+01  5.2641665141E+01  7.96122E-09  7.61104E+01
  5.2641665141E+01  5.2645831807E+01  2.14664E-08  8.36008E+01
  5.2645831807E+01  5.2649998474E+01  2.08546E-09  7.09730E+01
  5.2649998474E+01  5.2654165141E+01  2.08546E-09  7.09730E+01
  5.2654165141E+01  5.2658331807E+01  2.08546E-09  6.66166E+01
  5.2658331807E+01  5.2662498474E+01  2.08546E-09  7.09730E+01
  5.2662498474E+01  5.2666665141E+01  2.08742E-09  6.63205E+01
  5.2666665141E+01  5.2670831807E+01  2.12031E-09  7.09077E+01
  5.2670831807E+01  5.2674998474E+01  2.17973E-09  7.07835E+01
  5.2674998474E+01  5.2679165141E+01  2.17973E-09  7.07835E+01
  5.2679165141E+01  5.2683331807E+01  5.04366E-09  5.99961E+01
  5.2683331807E+01  5.2687498474E+01  5.50353E-09  6.16916E+01
  5.2687498474E+01  5.2691665141E+01  1.13190E-07  9.56956E+01
  5.2691665141E+01  5.2695831807E+01  1.68355E-07  9.70241E+01
  5.2695831807E+01  5.2699998474E+01  1.23653E-07  9.52777E+01
  5.2699998474E+01  5.2704165141E+01  1.80206E-08  8.82270E+01
  5.2704165141E+01  5.2708331807E+01  2.19780E-09  7.07586E+01
  5.2708331807E+01  5.2712498474E+01  2.19780E-09  7.07586E+01
  5.2712498474E+01  5.2716665141E+01  2.29380E-09  7.07121E+01
  5.2716665141E+01  5.2720831807E+01  2.38508E-09  7.07810E+01
  5.2720831807E+01  5.2724998474E+01  2.38508E-09  6.34441E+01
  5.2724998474E+01  5.2729165141E+01  2.38508E-09  7.07810E+01
  5.2729165141E+01  5.2733331807E+01  2.38508E-09  7.07810E+01
  5.2733331807E+01  5.2737498474E+01  2.38508E-09  7.07810E+01
  5.2737498474E+01  5.2741665141E+01  2.17203E-09  6.03440E+01
  5.2741665141E+01  5.2745831807E+01  2.04454E-09  7.11729E+01
  5.2745831807E+01  5.2749998474E+01  2.04454E-09  7.11729E+01
  5.2749998474E+01  5.2754165141E+01  2.04454E-09  7.11729E+01
  5.2754165141E+01  5.2758331807E+01  2.04454E-09  7.11729E+01
  5.2758331807E+01  5.2762498474E+01  2.04454E-09  7.11729E+01
  5.2762498474E+01  5.2766665141E+01  2.04454E-09  7.11727E+01
  5.2766665141E+01  5.2770831807E+01  2.04454E-09  7.11729E+01
  5.2770831807E+01  5.2774998474E+01  2.04454E-09  7.11729E+01
  5.2774998474E+01  5.2779165141E+01  2.24908E-09  7.07168E+01
  5.2779165141E+01  5.2783331807E+01  2.26189E-09  7.07126E+01
  5.2783331807E+01  5.2787498474E+01  2.26189E-09  7.07126E+01
  5.2787498474E+01  5.2791665141E+01  2.26189E-09  7.07126E+01
  5.2791665141E+01  5.2795831807E+01  2.26189E-09  7.07126E+01
  5.2795831807E+01  5.2799998474E+01  2.26189E-09  7.07126E+01
  5.2799998474E+01  5.2804165141E+01  2.26189E-09  7.07126E+01
  5.2804165141E+01  5.2808331807E+01  2.26189E-09  6.51027E+01
  5.2808331807E+01  5.2812498474E+01  2.26189E-09  7.07126E+01
  5.2812498474E+01  5.2816665141E+01  2.26189E-09  7.07126E+01
  5.2816665141E+01  5.2820831807E+01  2.26189E-09  6.12196E+01
  5.2820831807E+01  5.2824998474E+01  2.26189E-09  7.07126E+01
  5.2824998474E+01  5.2829165141E+01  2.23082E-09  7.07270E+01
  5.2829165141E+01  5.2833331807E+01  2.13208E-09  7.08777E+01
  5.2833331807E+01  5.2837498474E+01  2.13208E-09  7.08777E+01
  5.2837498474E+01  5.2841665141E+01  2.13208E-09  7.08777E+01
  5.2841665141E+01  5.2845831807E+01  2.13208E-09  7.08777E+01
  5.2845831807E+01  5.2849998474E+01  2.13208E-09  7.08777E+01
  5.2849998474E+01  5.2854165141E+01  2.13208E-09  7.08777E+01
  5.2854165141E+01  5.2858331807E+01  2.13208E-09  7.08777E+01
  5.2858331807E+01  5.2862498474E+01  2.13208E-09  7.08777E+01
  5.2862498474E+01  5.2866665141E+01  2.13208E-09  7.08777E+01
  5.2866665141E+01  5.2870831807E+01  2.13208E-09  7.08777E+01
  5.2870831807E+01  5.2874998474E+01  2.13208E-09  7.08777E+01
  5.2874998474E+01  5.2879165141E+01  1.67456E-09  7.51719E+01
  5.2879165141E+01  5.2883331807E+01  1.13935E-09  1.00000E+02
  5.2883331807E+01  5.2887498474E+01  1.13935E-09  1.00000E+02
  5.2887498474E+01  5.2891665141E+01  1.13935E-09  1.00000E+02
  5.2891665141E+01  5.2895831807E+01  1.13935E-09  1.00000E+02
  5.2895831807E+01  5.2899998474E+01  1.13935E-09  7.35677E+01
  5.2899998474E+01  5.2904165141E+01  1.13935E-09  1.00000E+02
  5.2904165141E+01  5.2908331807E+01  1.13935E-09  1.00000E+02
  5.2908331807E+01  5.2912498474E+01  1.13935E-09  1.00000E+02
  5.2912498474E+01  5.2916665141E+01  1.13935E-09  1.00000E+02
  5.2916665141E+01  5.2920831807E+01  1.13935E-09  1.00000E+02
  5.2920831807E+01  5.2924998474E+01  1.13935E-09  1.00000E+02
  5.2924998474E+01  5.2929165141E+01  1.13935E-09  1.00000E+02
  5.2929165141E+01  5.2933331807E+01  1.13935E-09  1.00000E+02
  5.2933331807E+01  5.2937498474E+01  1.13935E-09  1.00000E+02
  5.2937498474E+01  5.2941665141E+01  1.13935E-09  1.00000E+02
  5.2941665141E+01  5.2945831807E+01  1.13935E-09  1.00000E+02
  5.2945831807E+01  5.2949998474E+01  1.13935E-09  1.00000E+02
  5.2949998474E+01  5.2954165141E+01  1.13935E-09  1.00000E+02
  5.2954165141E+01  5.2958331807E+01  1.13935E-09  1.00000E+02
  5.2958331807E+01  5.2962498474E+01  1.13935E-09  1.00000E+02
  5.2962498474E+01  5.2966665141E+01  1.13935E-09  1.00000E+02
  5.2966665141E+01  5.2970831807E+01  2.29268E-09  1.00000E+02
  5.2970831807E+01  5.2974998474E+01  3.33015E-09  7.07147E+01
  5.2974998474E+01  5.2979165141E+01  3.33015E-09  6.93387E+01
  5.2979165141E+01  5.2983331807E+01  3.33015E-09  7.16207E+01
  5.2983331807E+01  5.2987498474E+01  3.33015E-09  7.16207E+01
  5.2987498474E+01  5.2991665141E+01  3.33015E-09  7.16207E+01
  5.2991665141E+01  5.2995831807E+01  3.33015E-09  6.04434E+01
  5.2995831807E+01  5.2999998474E+01  3.33015E-09  7.16207E+01
  5.2999998474E+01  5.3004165141E+01  3.33015E-09  7.16207E+01
  5.3004165141E+01  5.3008331807E+01  3.33015E-09  7.16207E+01
  5.3008331807E+01  5.3012498474E+01  3.33015E-09  7.16206E+01
  5.3012498474E+01  5.3016665141E+01  2.97102E-09  7.10980E+01
  5.3016665141E+01  5.3020831807E+01  5.60484E-09  8.01397E+01
  5.3020831807E+01  5.3024998474E+01  1.30772E-09  9.99999E+01
  5.3024998474E+01  5.3029165141E+01  1.30772E-09  1.00000E+02
  5.3029165141E+01  5.3033331807E+01  1.30772E-09  1.00000E+02
  5.3033331807E+01  5.3037498474E+01  1.30772E-09  1.00000E+02
  5.3037498474E+01  5.3041665141E+01  1.30772E-09  1.00000E+02
  5.3041665141E+01  5.3045831807E+01  1.30772E-09  1.00000E+02
  5.3045831807E+01  5.3049998474E+01  1.31340E-09  1.00000E+02
  5.3049998474E+01  5.3054165141E+01  1.57866E-09  1.00000E+02
  5.3054165141E+01  5.3058331807E+01  1.57866E-09  1.00000E+02
  5.3058331807E+01  5.3062498474E+01  1.57866E-09  1.00000E+02
  5.3062498474E+01  5.3066665141E+01  1.57866E-09  1.00000E+02
  5.3066665141E+01  5.3070831807E+01  1.57866E-09  1.00000E+02
  5.3070831807E+01  5.3074998474E+01  1.57866E-09  1.00000E+02
  5.3074998474E+01  5.3079165141E+01  6.62473E-09  8.39433E+01
  5.3079165141E+01  5.3083331807E+01  7.42330E-09  1.00000E+02
  5.3083331807E+01  5.3087498474E+01  6.52393E-09  1.00000E+02
  5.3087498474E+01  5.3091665141E+01  1.04572E-08  9.99525E+01
  5.3091665141E+01  5.3095831807E+01  1.59147E-08  1.00000E+02
  5.3095831807E+01  5.3099998474E+01  0.00000E+00  0.00000E+00
  5.3099998474E+01  5.3104165141E+01  0.00000E+00  0.00000E+00
  5.3104165141E+01  5.3108331807E+01  0.00000E+00  0.00000E+00
  5.3108331807E+01  5.3112498474E+01  0.00000E+00  0.00000E+00
  5.3112498474E+01  5.3116665141E+01  0.00000E+00  0.00000E+00
  5.3116665141E+01  5.3120831807E+01  0.00000E+00  0.00000E+00
  5.3120831807E+01  5.3124998474E+01  0.00000E+00  0.00000E+00
  5.3124998474E+01  5.3129165141E+01  0.00000E+00  0.00000E+00
  5.3129165141E+01  5.3133331807E+01  9.95745E-08  1.00000E+02
  5.3133331807E+01  5.3137498474E+01  0.00000E+00  0.00000E+00
  5.3137498474E+01  5.3141665141E+01  0.00000E+00  0.00000E+00
  5.3141665141E+01  5.3145831807E+01  0.00000E+00  0.00000E+00
  5.3145831807E+01  5.3149998474E+01  0.00000E+00  0.00000E+00
  5.3149998474E+01  5.3154165141E+01  0.00000E+00  0.00000E+00
  5.3154165141E+01  5.3158331807E+01  0.00000E+00  0.00000E+00
  5.3158331807E+01  5.3162498474E+01  0.00000E+00  0.00000E+00
  5.3162498474E+01  5.3166665141E+01  0.00000E+00  0.00000E+00
  5.3166665141E+01  5.3170831807E+01  0.00000E+00  0.00000E+00
  5.3170831807E+01  5.3174998474E+01  0.00000E+00  0.00000E+00
  5.3174998474E+01  5.3179165141E+01  8.96410E-10  1.00000E+02
  5.3179165141E+01  5.3183331807E+01  1.17542E-09  7.90141E+01
  5.3183331807E+01  5.3187498474E+01  1.17542E-09  1.00000E+02
  5.3187498474E+01  5.3191665141E+01  1.17542E-09  1.00000E+02
  5.3191665141E+01  5.3195831807E+01  1.17542E-09  1.00000E+02
  5.3195831807E+01  5.3199998474E+01  1.17542E-09  1.00000E+02
  5.3199998474E+01  5.3204165141E+01  1.17542E-09  1.00000E+02
  5.3204165141E+01  5.3208331807E+01  1.17542E-09  1.00000E+02
  5.3208331807E+01  5.3212498474E+01  1.17542E-09  1.00000E+02
  5.3212498474E+01  5.3216665141E+01  1.17542E-09  1.00000E+02
  5.3216665141E+01  5.3220831807E+01  1.17542E-09  1.00000E+02
  5.3220831807E+01  5.3224998474E+01  1.17542E-09  1.00000E+02
  5.3224998474E+01  5.3229165141E+01  1.17542E-09  1.00000E+02
  5.3229165141E+01  5.3233331807E+01  1.17542E-09  1.00000E+02
  5.3233331807E+01  5.3237498474E+01  1.17542E-09  1.00000E+02
  5.3237498474E+01  5.3241665141E+01  1.17542E-09  1.00000E+02
  5.3241665141E+01  5.3245831807E+01  1.17542E-09  8.77534E+01
  5.3245831807E+01  5.3249998474E+01  1.17542E-09  1.00000E+02
  5.3249998474E+01  5.3254165141E+01  1.17542E-09  1.00000E+02
  5.3254165141E+01  5.3258331807E+01  1.17542E-09  7.16814E+01
  5.3258331807E+01  5.3262498474E+01  1.17542E-09  1.00000E+02
  5.3262498474E+01  5.3266665141E+01  1.17542E-09  1.00000E+02
  5.3266665141E+01  5.3270831807E+01  1.17542E-09  1.00000E+02
  5.3270831807E+01  5.3274998474E+01  1.17542E-09  1.00000E+02
  5.3274998474E+01  5.3279165141E+01  1.17542E-09  1.00000E+02
  5.3279165141E+01  5.3283331807E+01  1.17542E-09  1.00000E+02
  5.3283331807E+01  5.3287498474E+01  1.17542E-09  1.00000E+02
  5.3287498474E+01  5.3291665141E+01  1.17542E-09  1.00000E+02
  5.3291665141E+01  5.3295831807E+01  1.17542E-09  1.00000E+02
  5.3295831807E+01  5.3299998474E+01  1.17542E-09  1.00000E+02
  5.3299998474E+01  5.3304165141E+01  1.17542E-09  1.00000E+02
  5.3304165141E+01  5.3308331807E+01  1.17542E-09  1.00000E+02
  5.3308331807E+01  5.3312498474E+01  1.17542E-09  1.00000E+02
  5.3312498474E+01  5.3316665141E+01  1.17542E-09  1.00000E+02
  5.3316665141E+01  5.3320831807E+01  1.17542E-09  1.00000E+02
  5.3320831807E+01  5.3324998474E+01  1.17542E-09  1.00000E+02
  5.3324998474E+01  5.3329165141E+01  1.17542E-09  1.00000E+02
  5.3329165141E+01  5.3333331807E+01  1.17542E-09  7.16796E+01
  5.3333331807E+01  5.3337498474E+01  1.17542E-09  1.00000E+02
  5.3337498474E+01  5.3341665141E+01  1.17542E-09  1.00000E+02
  5.3341665141E+01  5.3345831807E+01  1.17542E-09  1.00000E+02
  5.3345831807E+01  5.3349998474E+01  1.17542E-09  7.26337E+01
  5.3349998474E+01  5.3354165141E+01  1.17542E-09  1.00000E+02
  5.3354165141E+01  5.3358331807E+01  1.17542E-09  1.00000E+02
  5.3358331807E+01  5.3362498474E+01  1.17542E-09  1.00000E+02
  5.3362498474E+01  5.3366665141E+01  1.17542E-09  1.00000E+02
  5.3366665141E+01  5.3370831807E+01  1.17542E-09  1.00000E+02
  5.3370831807E+01  5.3374998474E+01  1.17542E-09  1.00000E+02
  5.3374998474E+01  5.3379165141E+01  1.17542E-09  1.00000E+02
  5.3379165141E+01  5.3383331807E+01  1.17542E-09  1.00000E+02
  5.3383331807E+01  5.3387498474E+01  1.17542E-09  1.00000E+02
  5.3387498474E+01  5.3391665141E+01  1.17542E-09  1.00000E+02
  5.3391665141E+01  5.3395831807E+01  1.17542E-09  1.00000E+02
  5.3395831807E+01  5.3399998474E+01  1.17542E-09  1.00000E+02
  5.3399998474E+01  5.3404165141E+01  1.17542E-09  1.00000E+02
  5.3404165141E+01  5.3408331807E+01  1.17542E-09  7.90093E+01
  5.3408331807E+01  5.3412498474E+01  1.17542E-09  1.00000E+02
  5.3412498474E+01  5.3416665141E+01  1.17542E-09  1.00000E+02
  5.3416665141E+01  5.3420831807E+01  1.17542E-09  1.00000E+02
  5.3420831807E+01  5.3424998474E+01  1.17542E-09  1.00000E+02
  5.3424998474E+01  5.3429165141E+01  1.18939E-09  1.00000E+02
  5.3429165141E+01  5.3433331807E+01  2.02501E-07  9.93091E+01
  5.3433331807E+01  5.3437498474E+01  6.31009E-08  9.78005E+01
  5.3437498474E+01  5.3441665141E+01  1.40389E-09  8.59735E+01
  5.3441665141E+01  5.3445831807E+01  1.40389E-09  1.00000E+02
  5.3445831807E+01  5.3449998474E+01  1.40389E-09  1.00000E+02
  5.3449998474E+01  5.3454165141E+01  1.40389E-09  9.99999E+01
  5.3454165141E+01  5.3458331807E+01  1.40389E-09  1.00000E+02
  5.3458331807E+01  5.3462498474E+01  1.40389E-09  1.00000E+02
  5.3462498474E+01  5.3466665141E+01  1.40389E-09  1.00000E+02
  5.3466665141E+01  5.3470831807E+01  1.40389E-09  9.99999E+01
  5.3470831807E+01  5.3474998474E+01  2.35853E-10  1.00000E+02
  5.3474998474E+01  5.3479165141E+01  0.00000E+00  0.00000E+00
  5.3479165141E+01  5.3483331807E+01  0.00000E+00  0.00000E+00
  5.3483331807E+01  5.3487498474E+01  0.00000E+00  0.00000E+00
  5.3487498474E+01  5.3491665141E+01  0.00000E+00  0.00000E+00
  5.3491665141E+01  5.3495831807E+01  0.00000E+00  0.00000E+00
  5.3495831807E+01  5.3499998474E+01  0.00000E+00  0.00000E+00
  5.3499998474E+01  5.3504165141E+01  0.00000E+00  0.00000E+00
  5.3504165141E+01  5.3508331807E+01  0.00000E+00  0.00000E+00
  5.3508331807E+01  5.3512498474E+01  0.00000E+00  0.00000E+00
  5.3512498474E+01  5.3516665141E+01  0.00000E+00  0.00000E+00
  5.3516665141E+01  5.3520831807E+01  0.00000E+00  0.00000E+00
  5.3520831807E+01  5.3524998474E+01  0.00000E+00  0.00000E+00
  5.3524998474E+01  5.3529165141E+01  0.00000E+00  0.00000E+00
  5.3529165141E+01  5.3533331807E+01  8.62907E-16  1.00000E+02
  5.3533331807E+01  5.3537498474E+01  9.14437E-12  1.00000E+02
  5.3537498474E+01  5.3541665141E+01  0.00000E+00  0.00000E+00
  5.3541665141E+01  5.3545831807E+01  0.00000E+00  0.00000E+00
  5.3545831807E+01  5.3549998474E+01  0.00000E+00  0.00000E+00
  5.3549998474E+01  5.3554165141E+01  0.00000E+00  0.00000E+00
  5.3554165141E+01  5.3558331807E+01  0.00000E+00  0.00000E+00
  5.3558331807E+01  5.3562498474E+01  0.00000E+00  0.00000E+00
  5.3562498474E+01  5.3566665141E+01  0.00000E+00  0.00000E+00
  5.3566665141E+01  5.3570831807E+01  0.00000E+00  0.00000E+00
  5.3570831807E+01  5.3574998474E+01  0.00000E+00  0.00000E+00
  5.3574998474E+01  5.3579165141E+01  0.00000E+00  0.00000E+00
  5.3579165141E+01  5.3583331807E+01  0.00000E+00  0.00000E+00
  5.3583331807E+01  5.3587498474E+01  0.00000E+00  0.00000E+00
  5.3587498474E+01  5.3591665141E+01  0.00000E+00  0.00000E+00
  5.3591665141E+01  5.3595831807E+01  0.00000E+00  0.00000E+00
  5.3595831807E+01  5.3599998474E+01  0.00000E+00  0.00000E+00
  5.3599998474E+01  5.3604165141E+01  0.00000E+00  0.00000E+00
  5.3604165141E+01  5.3608331807E+01  0.00000E+00  0.00000E+00
  5.3608331807E+01  5.3612498474E+01  0.00000E+00  0.00000E+00
  5.3612498474E+01  5.3616665141E+01  0.00000E+00  0.00000E+00
  5.3616665141E+01  5.3620831807E+01  0.00000E+00  0.00000E+00
  5.3620831807E+01  5.3624998474E+01  0.00000E+00  0.00000E+00
  5.3624998474E+01  5.3629165141E+01  0.00000E+00  0.00000E+00
  5.3629165141E+01  5.3633331807E+01  0.00000E+00  0.00000E+00
  5.3633331807E+01  5.3637498474E+01  0.00000E+00  0.00000E+00
  5.3637498474E+01  5.3641665141E+01  4.75533E-15  1.00000E+02
  5.3641665141E+01  5.3645831807E+01  0.00000E+00  0.00000E+00
  5.3645831807E+01  5.3649998474E+01  0.00000E+00  0.00000E+00
  5.3649998474E+01  5.3654165141E+01  0.00000E+00  0.00000E+00
  5.3654165141E+01  5.3658331807E+01  0.00000E+00  0.00000E+00
  5.3658331807E+01  5.3662498474E+01  0.00000E+00  0.00000E+00
  5.3662498474E+01  5.3666665141E+01  0.00000E+00  0.00000E+00
  5.3666665141E+01  5.3670831807E+01  0.00000E+00  0.00000E+00
  5.3670831807E+01  5.3674998474E+01  0.00000E+00  0.00000E+00
  5.3674998474E+01  5.3679165141E+01  0.00000E+00  0.00000E+00
  5.3679165141E+01  5.3683331807E+01  0.00000E+00  0.00000E+00
  5.3683331807E+01  5.3687498474E+01  0.00000E+00  0.00000E+00
  5.3687498474E+01  5.3691665141E+01  0.00000E+00  0.00000E+00
  5.3691665141E+01  5.3695831807E+01  0.00000E+00  0.00000E+00
  5.3695831807E+01  5.3699998474E+01  0.00000E+00  0.00000E+00
  5.3699998474E+01  5.3704165141E+01  0.00000E+00  0.00000E+00
  5.3704165141E+01  5.3708331807E+01  0.00000E+00  0.00000E+00
  5.3708331807E+01  5.3712498474E+01  0.00000E+00  0.00000E+00
  5.3712498474E+01  5.3716665141E+01  0.00000E+00  0.00000E+00
  5.3716665141E+01  5.3720831807E+01  4.48574E-12  1.00000E+02
  5.3720831807E+01  5.3724998474E+01  0.00000E+00  0.00000E+00
  5.3724998474E+01  5.3729165141E+01  0.00000E+00  0.00000E+00
  5.3729165141E+01  5.3733331807E+01  0.00000E+00  0.00000E+00
  5.3733331807E+01  5.3737498474E+01  0.00000E+00  0.00000E+00
  5.3737498474E+01  5.3741665141E+01  0.00000E+00  0.00000E+00
  5.3741665141E+01  5.3745831807E+01  0.00000E+00  0.00000E+00
  5.3745831807E+01  5.3749998474E+01  0.00000E+00  0.00000E+00
  5.3749998474E+01  5.3754165141E+01  1.51052E-09  1.00000E+02
  5.3754165141E+01  5.3758331807E+01  0.00000E+00  0.00000E+00
  5.3758331807E+01  5.3762498474E+01  0.00000E+00  0.00000E+00
  5.3762498474E+01  5.3766665141E+01  0.00000E+00  0.00000E+00
  5.3766665141E+01  5.3770831807E+01  0.00000E+00  0.00000E+00
  5.3770831807E+01  5.3774998474E+01  0.00000E+00  0.00000E+00
  5.3774998474E+01  5.3779165141E+01  0.00000E+00  0.00000E+00
  5.3779165141E+01  5.3783331807E+01  0.00000E+00  0.00000E+00
  5.3783331807E+01  5.3787498474E+01  0.00000E+00  0.00000E+00
  5.3787498474E+01  5.3791665141E+01  0.00000E+00  0.00000E+00
  5.3791665141E+01  5.3795831807E+01  0.00000E+00  0.00000E+00
  5.3795831807E+01  5.3799998474E+01  0.00000E+00  0.00000E+00
  5.3799998474E+01  5.3804165141E+01  7.68263E-12  1.00000E+02
  5.3804165141E+01  5.3808331807E+01  0.00000E+00  0.00000E+00
  5.3808331807E+01  5.3812498474E+01  4.46248E-15  1.00000E+02
  5.3812498474E+01  5.3816665141E+01  0.00000E+00  0.00000E+00
  5.3816665141E+01  5.3820831807E+01  0.00000E+00  0.00000E+00
  5.3820831807E+01  5.3824998474E+01  0.00000E+00  0.00000E+00
  5.3824998474E+01  5.3829165141E+01  0.00000E+00  0.00000E+00
  5.3829165141E+01  5.3833331807E+01  0.00000E+00  0.00000E+00
  5.3833331807E+01  5.3837498474E+01  0.00000E+00  0.00000E+00
  5.3837498474E+01  5.3841665141E+01  0.00000E+00  0.00000E+00
  5.3841665141E+01  5.3845831807E+01  0.00000E+00  0.00000E+00
  5.3845831807E+01  5.3849998474E+01  0.00000E+00  0.00000E+00
  5.3849998474E+01  5.3854165141E+01  0.00000E+00  0.00000E+00
  5.3854165141E+01  5.3858331807E+01  0.00000E+00  0.00000E+00
  5.3858331807E+01  5.3862498474E+01  0.00000E+00  0.00000E+00
  5.3862498474E+01  5.3866665141E+01  0.00000E+00  0.00000E+00
  5.3866665141E+01  5.3870831807E+01  0.00000E+00  0.00000E+00
  5.3870831807E+01  5.3874998474E+01  0.00000E+00  0.00000E+00
  5.3874998474E+01  5.3879165141E+01  0.00000E+00  0.00000E+00
  5.3879165141E+01  5.3883331807E+01  0.00000E+00  0.00000E+00
  5.3883331807E+01  5.3887498474E+01  0.00000E+00  0.00000E+00
  5.3887498474E+01  5.3891665141E+01  1.35773E-08  1.00000E+02
  5.3891665141E+01  5.3895831807E+01  0.00000E+00  0.00000E+00
  5.3895831807E+01  5.3899998474E+01  0.00000E+00  0.00000E+00
  5.3899998474E+01  5.3904165141E+01  0.00000E+00  0.00000E+00
  5.3904165141E+01  5.3908331807E+01  0.00000E+00  0.00000E+00
  5.3908331807E+01  5.3912498474E+01  0.00000E+00  0.00000E+00
  5.3912498474E+01  5.3916665141E+01  0.00000E+00  0.00000E+00
  5.3916665141E+01  5.3920831807E+01  0.00000E+00  0.00000E+00
  5.3920831807E+01  5.3924998474E+01  0.00000E+00  0.00000E+00
  5.3924998474E+01  5.3929165141E+01  0.00000E+00  0.00000E+00
  5.3929165141E+01  5.3933331807E+01  0.00000E+00  0.00000E+00
  5.3933331807E+01  5.3937498474E+01  0.00000E+00  0.00000E+00
  5.3937498474E+01  5.3941665141E+01  0.00000E+00  0.00000E+00
  5.3941665141E+01  5.3945831807E+01  0.00000E+00  0.00000E+00
  5.3945831807E+01  5.3949998474E+01  0.00000E+00  0.00000E+00
  5.3949998474E+01  5.3954165141E+01  0.00000E+00  0.00000E+00
  5.3954165141E+01  5.3958331807E+01  0.00000E+00  0.00000E+00
  5.3958331807E+01  5.3962498474E+01  0.00000E+00  0.00000E+00
  5.3962498474E+01  5.3966665141E+01  0.00000E+00  0.00000E+00
  5.3966665141E+01  5.3970831807E+01  0.00000E+00  0.00000E+00
  5.3970831807E+01  5.3974998474E+01  0.00000E+00  0.00000E+00
  5.3974998474E+01  5.3979165141E+01  0.00000E+00  0.00000E+00
  5.3979165141E+01  5.3983331807E+01  0.00000E+00  0.00000E+00
  5.3983331807E+01  5.3987498474E+01  0.00000E+00  0.00000E+00
  5.3987498474E+01  5.3991665141E+01  0.00000E+00  0.00000E+00
  5.3991665141E+01  5.3995831807E+01  0.00000E+00  0.00000E+00
  5.3995831807E+01  5.3999998474E+01  0.00000E+00  0.00000E+00
  5.3999998474E+01  5.4004165141E+01  0.00000E+00  0.00000E+00
  5.4004165141E+01  5.4008331807E+01  0.00000E+00  0.00000E+00
  5.4008331807E+01  5.4012498474E+01  0.00000E+00  0.00000E+00
  5.4012498474E+01  5.4016665141E+01  0.00000E+00  0.00000E+00
  5.4016665141E+01  5.4020831807E+01  0.00000E+00  0.00000E+00
  5.4020831807E+01  5.4024998474E+01  0.00000E+00  0.00000E+00
  5.4024998474E+01  5.4029165141E+01  1.45812E-09  1.00000E+02
  5.4029165141E+01  5.4033331807E+01  0.00000E+00  0.00000E+00
  5.4033331807E+01  5.4037498474E+01  0.00000E+00  0.00000E+00
  5.4037498474E+01  5.4041665141E+01  0.00000E+00  0.00000E+00
  5.4041665141E+01  5.4045831807E+01  0.00000E+00  0.00000E+00
  5.4045831807E+01  5.4049998474E+01  0.00000E+00  0.00000E+00
  5.4049998474E+01  5.4054165141E+01  0.00000E+00  0.00000E+00
  5.4054165141E+01  5.4058331807E+01  0.00000E+00  0.00000E+00
  5.4058331807E+01  5.4062498474E+01  0.00000E+00  0.00000E+00
  5.4062498474E+01  5.4066665141E+01  5.92114E-09  1.00000E+02
  5.4066665141E+01  5.4070831807E+01  0.00000E+00  0.00000E+00
  5.4070831807E+01  5.4074998474E+01  3.67495E-10  1.00000E+02
  5.4074998474E+01  5.4079165141E+01  0.00000E+00  0.00000E+00
  5.4079165141E+01  5.4083331807E+01  0.00000E+00  0.00000E+00
  5.4083331807E+01  5.4087498474E+01  0.00000E+00  0.00000E+00
  5.4087498474E+01  5.4091665141E+01  0.00000E+00  0.00000E+00
  5.4091665141E+01  5.4095831807E+01  0.00000E+00  0.00000E+00
  5.4095831807E+01  5.4099998474E+01  0.00000E+00  0.00000E+00
  5.4099998474E+01  5.4104165141E+01  0.00000E+00  0.00000E+00
  5.4104165141E+01  5.4108331807E+01  0.00000E+00  0.00000E+00
  5.4108331807E+01  5.4112498474E+01  9.14902E-09  1.00000E+02
  5.4112498474E+01  5.4116665141E+01  0.00000E+00  0.00000E+00
  5.4116665141E+01  5.4120831807E+01  0.00000E+00  0.00000E+00
  5.4120831807E+01  5.4124998474E+01  0.00000E+00  0.00000E+00
  5.4124998474E+01  5.4129165141E+01  0.00000E+00  0.00000E+00
  5.4129165141E+01  5.4133331807E+01  0.00000E+00  0.00000E+00
  5.4133331807E+01  5.4137498474E+01  0.00000E+00  0.00000E+00
  5.4137498474E+01  5.4141665141E+01  0.00000E+00  0.00000E+00
  5.4141665141E+01  5.4145831807E+01  0.00000E+00  0.00000E+00
  5.4145831807E+01  5.4149998474E+01  0.00000E+00  0.00000E+00
  5.4149998474E+01  5.4154165141E+01  0.00000E+00  0.00000E+00
  5.4154165141E+01  5.4158331807E+01  0.00000E+00  0.00000E+00
  5.4158331807E+01  5.4162498474E+01  1.07498E-09  1.00000E+02
  5.4162498474E+01  5.4166665141E+01  1.50972E-09  1.00000E+02
  5.4166665141E+01  5.4170831807E+01  1.50973E-09  9.99994E+01
  5.4170831807E+01  5.4174998474E+01  1.50972E-09  1.00000E+02
  5.4174998474E+01  5.4179165141E+01  1.50972E-09  1.00000E+02
  5.4179165141E+01  5.4183331807E+01  1.50972E-09  1.00000E+02
  5.4183331807E+01  5.4187498474E+01  1.50972E-09  1.00000E+02
  5.4187498474E+01  5.4191665141E+01  1.50972E-09  1.00000E+02
  5.4191665141E+01  5.4195831807E+01  1.50972E-09  1.00000E+02
  5.4195831807E+01  5.4199998474E+01  1.50972E-09  7.11695E+01
  5.4199998474E+01  5.4204165141E+01  1.50972E-09  1.00000E+02
  5.4204165141E+01  5.4208331807E+01  1.50972E-09  1.00000E+02
  5.4208331807E+01  5.4212498474E+01  1.50972E-09  1.00000E+02
  5.4212498474E+01  5.4216665141E+01  3.79066E-07  9.95887E+01
  5.4216665141E+01  5.4220831807E+01  1.50972E-09  1.00000E+02
  5.4220831807E+01  5.4224998474E+01  1.50972E-09  1.00000E+02
  5.4224998474E+01  5.4229165141E+01  1.50972E-09  1.00000E+02
  5.4229165141E+01  5.4233331807E+01  1.39458E-09  1.00000E+02
  5.4233331807E+01  5.4237498474E+01  1.10841E-09  1.00000E+02
  5.4237498474E+01  5.4241665141E+01  1.10841E-09  1.00000E+02
  5.4241665141E+01  5.4245831807E+01  1.10841E-09  1.00000E+02
  5.4245831807E+01  5.4249998474E+01  1.10841E-09  1.00000E+02
  5.4249998474E+01  5.4254165141E+01  1.10841E-09  1.00000E+02
  5.4254165141E+01  5.4258331807E+01  1.10841E-09  1.00000E+02
  5.4258331807E+01  5.4262498474E+01  1.10841E-09  1.00000E+02
  5.4262498474E+01  5.4266665141E+01  1.10841E-09  1.00000E+02
  5.4266665141E+01  5.4270831807E+01  1.10841E-09  1.00000E+02
  5.4270831807E+01  5.4274998474E+01  1.10841E-09  1.00000E+02
  5.4274998474E+01  5.4279165141E+01  1.10841E-09  1.00000E+02
  5.4279165141E+01  5.4283331807E+01  1.66990E-09  7.44064E+01
  5.4283331807E+01  5.4287498474E+01  1.10841E-09  1.00000E+02
  5.4287498474E+01  5.4291665141E+01  1.10841E-09  1.00000E+02
  5.4291665141E+01  5.4295831807E+01  1.10841E-09  1.00000E+02
  5.4295831807E+01  5.4299998474E+01  1.10841E-09  1.00000E+02
  5.4299998474E+01  5.4304165141E+01  2.55198E-09  7.08692E+01
  5.4304165141E+01  5.4308331807E+01  2.98260E-09  1.00000E+02
  5.4308331807E+01  5.4312498474E+01  2.98260E-09  1.00000E+02
  5.4312498474E+01  5.4316665141E+01  2.98260E-09  9.20812E+01
  5.4316665141E+01  5.4320831807E+01  2.98260E-09  7.78312E+01
  5.4320831807E+01  5.4324998474E+01  2.98260E-09  1.00000E+02
  5.4324998474E+01  5.4329165141E+01  6.65771E-09  1.00000E+02
  5.4329165141E+01  5.4333331807E+01  7.29512E-09  8.51163E+01
  5.4333331807E+01  5.4337498474E+01  6.70963E-09  9.55541E+01
  5.4337498474E+01  5.4341665141E+01  6.08611E-09  1.00000E+02
  5.4341665141E+01  5.4345831807E+01  5.35496E-09  7.54112E+01
  5.4345831807E+01  5.4349998474E+01  9.55627E-09  1.00000E+02
  5.4349998474E+01  5.4354165141E+01  3.43843E-08  6.64175E+01
  5.4354165141E+01  5.4358331807E+01  2.83456E-09  1.00000E+02
  5.4358331807E+01  5.4362498474E+01  0.00000E+00  0.00000E+00
  5.4362498474E+01  5.4366665141E+01  0.00000E+00  0.00000E+00
  5.4366665141E+01  5.4370831807E+01  0.00000E+00  0.00000E+00
  5.4370831807E+01  5.4374998474E+01  0.00000E+00  0.00000E+00
  5.4374998474E+01  5.4379165141E+01  0.00000E+00  0.00000E+00
  5.4379165141E+01  5.4383331807E+01  0.00000E+00  0.00000E+00
  5.4383331807E+01  5.4387498474E+01  0.00000E+00  0.00000E+00
  5.4387498474E+01  5.4391665141E+01  0.00000E+00  0.00000E+00
  5.4391665141E+01  5.4395831807E+01  0.00000E+00  0.00000E+00
  5.4395831807E+01  5.4399998474E+01  0.00000E+00  0.00000E+00
  5.4399998474E+01  5.4404165141E+01  0.00000E+00  0.00000E+00
  5.4404165141E+01  5.4408331807E+01  0.00000E+00  0.00000E+00
  5.4408331807E+01  5.4412498474E+01  0.00000E+00  0.00000E+00
  5.4412498474E+01  5.4416665141E+01  0.00000E+00  0.00000E+00
  5.4416665141E+01  5.4420831807E+01  0.00000E+00  0.00000E+00
  5.4420831807E+01  5.4424998474E+01  0.00000E+00  0.00000E+00
  5.4424998474E+01  5.4429165141E+01  0.00000E+00  0.00000E+00
  5.4429165141E+01  5.4433331807E+01  0.00000E+00  0.00000E+00
  5.4433331807E+01  5.4437498474E+01  0.00000E+00  0.00000E+00
  5.4437498474E+01  5.4441665141E+01  0.00000E+00  0.00000E+00
  5.4441665141E+01  5.4445831807E+01  0.00000E+00  0.00000E+00
  5.4445831807E+01  5.4449998474E+01  0.00000E+00  0.00000E+00
  5.4449998474E+01  5.4454165141E+01  0.00000E+00  0.00000E+00
  5.4454165141E+01  5.4458331807E+01  0.00000E+00  0.00000E+00
  5.4458331807E+01  5.4462498474E+01  0.00000E+00  0.00000E+00
  5.4462498474E+01  5.4466665141E+01  0.00000E+00  0.00000E+00
  5.4466665141E+01  5.4470831807E+01  0.00000E+00  0.00000E+00
  5.4470831807E+01  5.4474998474E+01  0.00000E+00  0.00000E+00
  5.4474998474E+01  5.4479165141E+01  0.00000E+00  0.00000E+00
  5.4479165141E+01  5.4483331807E+01  0.00000E+00  0.00000E+00
  5.4483331807E+01  5.4487498474E+01  0.00000E+00  0.00000E+00
  5.4487498474E+01  5.4491665141E+01  0.00000E+00  0.00000E+00
  5.4491665141E+01  5.4495831807E+01  0.00000E+00  0.00000E+00
  5.4495831807E+01  5.4499998474E+01  0.00000E+00  0.00000E+00
  5.4499998474E+01  5.4504165141E+01  0.00000E+00  0.00000E+00
  5.4504165141E+01  5.4508331807E+01  0.00000E+00  0.00000E+00
  5.4508331807E+01  5.4512498474E+01  0.00000E+00  0.00000E+00
  5.4512498474E+01  5.4516665141E+01  0.00000E+00  0.00000E+00
  5.4516665141E+01  5.4520831807E+01  0.00000E+00  0.00000E+00
  5.4520831807E+01  5.4524998474E+01  0.00000E+00  0.00000E+00
  5.4524998474E+01  5.4529165141E+01  0.00000E+00  0.00000E+00
  5.4529165141E+01  5.4533331807E+01  0.00000E+00  0.00000E+00
  5.4533331807E+01  5.4537498474E+01  0.00000E+00  0.00000E+00
  5.4537498474E+01  5.4541665141E+01  0.00000E+00  0.00000E+00
  5.4541665141E+01  5.4545831807E+01  0.00000E+00  0.00000E+00
  5.4545831807E+01  5.4549998474E+01  0.00000E+00  0.00000E+00
  5.4549998474E+01  5.4554165141E+01  0.00000E+00  0.00000E+00
  5.4554165141E+01  5.4558331807E+01  0.00000E+00  0.00000E+00
  5.4558331807E+01  5.4562498474E+01  0.00000E+00  0.00000E+00
  5.4562498474E+01  5.4566665141E+01  0.00000E+00  0.00000E+00
  5.4566665141E+01  5.4570831807E+01  0.00000E+00  0.00000E+00
  5.4570831807E+01  5.4574998474E+01  0.00000E+00  0.00000E+00
  5.4574998474E+01  5.4579165141E+01  0.00000E+00  0.00000E+00
  5.4579165141E+01  5.4583331807E+01  0.00000E+00  0.00000E+00
  5.4583331807E+01  5.4587498474E+01  0.00000E+00  0.00000E+00
  5.4587498474E+01  5.4591665141E+01  0.00000E+00  0.00000E+00
  5.4591665141E+01  5.4595831807E+01  0.00000E+00  0.00000E+00
  5.4595831807E+01  5.4599998474E+01  0.00000E+00  0.00000E+00
  5.4599998474E+01  5.4604165141E+01  2.82654E-09  1.00000E+02
  5.4604165141E+01  5.4608331807E+01  7.57976E-08  1.00000E+02
  5.4608331807E+01  5.4612498474E+01  7.73314E-08  1.00000E+02
  5.4612498474E+01  5.4616665141E+01  7.78316E-08  1.00000E+02
  5.4616665141E+01  5.4620831807E+01  0.00000E+00  0.00000E+00
  5.4620831807E+01  5.4624998474E+01  0.00000E+00  0.00000E+00
  5.4624998474E+01  5.4629165141E+01  0.00000E+00  0.00000E+00
  5.4629165141E+01  5.4633331807E+01  0.00000E+00  0.00000E+00
  5.4633331807E+01  5.4637498474E+01  0.00000E+00  0.00000E+00
  5.4637498474E+01  5.4641665141E+01  0.00000E+00  0.00000E+00
  5.4641665141E+01  5.4645831807E+01  0.00000E+00  0.00000E+00
  5.4645831807E+01  5.4649998474E+01  0.00000E+00  0.00000E+00
  5.4649998474E+01  5.4654165141E+01  0.00000E+00  0.00000E+00
  5.4654165141E+01  5.4658331807E+01  0.00000E+00  0.00000E+00
  5.4658331807E+01  5.4662498474E+01  0.00000E+00  0.00000E+00
  5.4662498474E+01  5.4666665141E+01  0.00000E+00  0.00000E+00
  5.4666665141E+01  5.4670831807E+01  0.00000E+00  0.00000E+00
  5.4670831807E+01  5.4674998474E+01  0.00000E+00  0.00000E+00
  5.4674998474E+01  5.4679165141E+01  0.00000E+00  0.00000E+00
  5.4679165141E+01  5.4683331807E+01  0.00000E+00  0.00000E+00
  5.4683331807E+01  5.4687498474E+01  0.00000E+00  0.00000E+00
  5.4687498474E+01  5.4691665141E+01  0.00000E+00  0.00000E+00
  5.4691665141E+01  5.4695831807E+01  0.00000E+00  0.00000E+00
  5.4695831807E+01  5.4699998474E+01  0.00000E+00  0.00000E+00
  5.4699998474E+01  5.4704165141E+01  0.00000E+00  0.00000E+00
  5.4704165141E+01  5.4708331807E+01  0.00000E+00  0.00000E+00
  5.4708331807E+01  5.4712498474E+01  0.00000E+00  0.00000E+00
  5.4712498474E+01  5.4716665141E+01  0.00000E+00  0.00000E+00
  5.4716665141E+01  5.4720831807E+01  0.00000E+00  0.00000E+00
  5.4720831807E+01  5.4724998474E+01  0.00000E+00  0.00000E+00
  5.4724998474E+01  5.4729165141E+01  0.00000E+00  0.00000E+00
  5.4729165141E+01  5.4733331807E+01  0.00000E+00  0.00000E+00
  5.4733331807E+01  5.4737498474E+01  0.00000E+00  0.00000E+00
  5.4737498474E+01  5.4741665141E+01  0.00000E+00  0.00000E+00
  5.4741665141E+01  5.4745831807E+01  0.00000E+00  0.00000E+00
  5.4745831807E+01  5.4749998474E+01  0.00000E+00  0.00000E+00
  5.4749998474E+01  5.4754165141E+01  0.00000E+00  0.00000E+00
  5.4754165141E+01  5.4758331807E+01  0.00000E+00  0.00000E+00
  5.4758331807E+01  5.4762498474E+01  0.00000E+00  0.00000E+00
  5.4762498474E+01  5.4766665141E+01  0.00000E+00  0.00000E+00
  5.4766665141E+01  5.4770831807E+01  0.00000E+00  0.00000E+00
  5.4770831807E+01  5.4774998474E+01  0.00000E+00  0.00000E+00
  5.4774998474E+01  5.4779165141E+01  0.00000E+00  0.00000E+00
  5.4779165141E+01  5.4783331807E+01  0.00000E+00  0.00000E+00
  5.4783331807E+01  5.4787498474E+01  0.00000E+00  0.00000E+00
  5.4787498474E+01  5.4791665141E+01  0.00000E+00  0.00000E+00
  5.4791665141E+01  5.4795831807E+01  0.00000E+00  0.00000E+00
  5.4795831807E+01  5.4799998474E+01  0.00000E+00  0.00000E+00
  5.4799998474E+01  5.4804165141E+01  0.00000E+00  0.00000E+00
  5.4804165141E+01  5.4808331807E+01  0.00000E+00  0.00000E+00
  5.4808331807E+01  5.4812498474E+01  0.00000E+00  0.00000E+00
  5.4812498474E+01  5.4816665141E+01  0.00000E+00  0.00000E+00
  5.4816665141E+01  5.4820831807E+01  0.00000E+00  0.00000E+00
  5.4820831807E+01  5.4824998474E+01  0.00000E+00  0.00000E+00
  5.4824998474E+01  5.4829165141E+01  0.00000E+00  0.00000E+00
  5.4829165141E+01  5.4833331807E+01  0.00000E+00  0.00000E+00
  5.4833331807E+01  5.4837498474E+01  0.00000E+00  0.00000E+00
  5.4837498474E+01  5.4841665141E+01  0.00000E+00  0.00000E+00
  5.4841665141E+01  5.4845831807E+01  0.00000E+00  0.00000E+00
  5.4845831807E+01  5.4849998474E+01  0.00000E+00  0.00000E+00
  5.4849998474E+01  5.4854165141E+01  0.00000E+00  0.00000E+00
  5.4854165141E+01  5.4858331807E+01  0.00000E+00  0.00000E+00
  5.4858331807E+01  5.4862498474E+01  0.00000E+00  0.00000E+00
  5.4862498474E+01  5.4866665141E+01  0.00000E+00  0.00000E+00
  5.4866665141E+01  5.4870831807E+01  0.00000E+00  0.00000E+00
  5.4870831807E+01  5.4874998474E+01  0.00000E+00  0.00000E+00
  5.4874998474E+01  5.4879165141E+01  0.00000E+00  0.00000E+00
  5.4879165141E+01  5.4883331807E+01  0.00000E+00  0.00000E+00
  5.4883331807E+01  5.4887498474E+01  0.00000E+00  0.00000E+00
  5.4887498474E+01  5.4891665141E+01  0.00000E+00  0.00000E+00
  5.4891665141E+01  5.4895831807E+01  0.00000E+00  0.00000E+00
  5.4895831807E+01  5.4899998474E+01  0.00000E+00  0.00000E+00
  5.4899998474E+01  5.4904165141E+01  0.00000E+00  0.00000E+00
  5.4904165141E+01  5.4908331807E+01  0.00000E+00  0.00000E+00
  5.4908331807E+01  5.4912498474E+01  0.00000E+00  0.00000E+00
  5.4912498474E+01  5.4916665141E+01  0.00000E+00  0.00000E+00
  5.4916665141E+01  5.4920831807E+01  0.00000E+00  0.00000E+00
  5.4920831807E+01  5.4924998474E+01  0.00000E+00  0.00000E+00
  5.4924998474E+01  5.4929165141E+01  0.00000E+00  0.00000E+00
  5.4929165141E+01  5.4933331807E+01  0.00000E+00  0.00000E+00
  5.4933331807E+01  5.4937498474E+01  0.00000E+00  0.00000E+00
  5.4937498474E+01  5.4941665141E+01  0.00000E+00  0.00000E+00
  5.4941665141E+01  5.4945831807E+01  0.00000E+00  0.00000E+00
  5.4945831807E+01  5.4949998474E+01  0.00000E+00  0.00000E+00
  5.4949998474E+01  5.4954165141E+01  0.00000E+00  0.00000E+00
  5.4954165141E+01  5.4958331807E+01  0.00000E+00  0.00000E+00
  5.4958331807E+01  5.4962498474E+01  0.00000E+00  0.00000E+00
  5.4962498474E+01  5.4966665141E+01  0.00000E+00  0.00000E+00
  5.4966665141E+01  5.4970831807E+01  0.00000E+00  0.00000E+00
  5.4970831807E+01  5.4974998474E+01  0.00000E+00  0.00000E+00
  5.4974998474E+01  5.4979165141E+01  0.00000E+00  0.00000E+00
  5.4979165141E+01  5.4983331807E+01  0.00000E+00  0.00000E+00
  5.4983331807E+01  5.4987498474E+01  0.00000E+00  0.00000E+00
  5.4987498474E+01  5.4991665141E+01  0.00000E+00  0.00000E+00
  5.4991665141E+01  5.4995831807E+01  0.00000E+00  0.00000E+00
  5.4995831807E+01  5.4999998474E+01  0.00000E+00  0.00000E+00
  5.4999998474E+01  5.5004165141E+01  0.00000E+00  0.00000E+00
  5.5004165141E+01  5.5008331807E+01  0.00000E+00  0.00000E+00
  5.5008331807E+01  5.5012498474E+01  0.00000E+00  0.00000E+00
  5.5012498474E+01  5.5016665141E+01  0.00000E+00  0.00000E+00
  5.5016665141E+01  5.5020831807E+01  0.00000E+00  0.00000E+00
  5.5020831807E+01  5.5024998474E+01  0.00000E+00  0.00000E+00
  5.5024998474E+01  5.5029165141E+01  0.00000E+00  0.00000E+00
  5.5029165141E+01  5.5033331807E+01  0.00000E+00  0.00000E+00
  5.5033331807E+01  5.5037498474E+01  0.00000E+00  0.00000E+00
  5.5037498474E+01  5.5041665141E+01  0.00000E+00  0.00000E+00
  5.5041665141E+01  5.5045831807E+01  0.00000E+00  0.00000E+00
  5.5045831807E+01  5.5049998474E+01  0.00000E+00  0.00000E+00
  5.5049998474E+01  5.5054165141E+01  0.00000E+00  0.00000E+00
  5.5054165141E+01  5.5058331807E+01  0.00000E+00  0.00000E+00
  5.5058331807E+01  5.5062498474E+01  0.00000E+00  0.00000E+00
  5.5062498474E+01  5.5066665141E+01  0.00000E+00  0.00000E+00
  5.5066665141E+01  5.5070831807E+01  0.00000E+00  0.00000E+00
  5.5070831807E+01  5.5074998474E+01  0.00000E+00  0.00000E+00
  5.5074998474E+01  5.5079165141E+01  0.00000E+00  0.00000E+00
  5.5079165141E+01  5.5083331807E+01  0.00000E+00  0.00000E+00
  5.5083331807E+01  5.5087498474E+01  0.00000E+00  0.00000E+00
  5.5087498474E+01  5.5091665141E+01  0.00000E+00  0.00000E+00
  5.5091665141E+01  5.5095831807E+01  0.00000E+00  0.00000E+00
  5.5095831807E+01  5.5099998474E+01  0.00000E+00  0.00000E+00
  5.5099998474E+01  5.5099998474E+01  0.00000E+00  0.00000E+00
