# Detector n: 1D Projection
  5.0099998474E+01  5.0104165141E+01  2.05381E-03  2.78429E-01
  5.0104165141E+01  5.0108331807E+01  2.07951E-03  3.54481E-01
  5.0108331807E+01  5.0112498474E+01  2.08886E-03  3.40121E-01
  5.0112498474E+01  5.0116665141E+01  2.09254E-03  3.43102E-01
  5.0116665141E+01  5.0120831807E+01  2.09527E-03  2.97957E-01
  5.0120831807E+01  5.0124998474E+01  2.09374E-03  2.83077E-01
  5.0124998474E+01  5.0129165141E+01  2.09703E-03  3.35848E-01
  5.0129165141E+01  5.0133331807E+01  2.10395E-03  3.94633E-01
  5.0133331807E+01  5.0137498474E+01  2.10162E-03  3.43833E-01
  5.0137498474E+01  5.0141665141E+01  2.09327E-03  3.04496E-01
  5.0141665141E+01  5.0145831807E+01  2.09712E-03  3.42877E-01
  5.0145831807E+01  5.0149998474E+01  2.09136E-03  2.66415E-01
  5.0149998474E+01  5.0154165141E+01  2.08611E-03  2.65388E-01
  5.0154165141E+01  5.0158331807E+01  2.09361E-03  3.07099E-01
  5.0158331807E+01  5.0162498474E+01  2.09920E-03  3.21958E-01
  5.0162498474E+01  5.0166665141E+01  2.10207E-03  3.17728E-01
  5.0166665141E+01  5.0170831807E+01  2.09831E-03  2.85928E-01
  5.0170831807E+01  5.0174998474E+01  2.10155E-03  3.13318E-01
  5.0174998474E+01  5.0179165141E+01  2.10133E-03  3.12794E-01
  5.0179165141E+01  5.0183331807E+01  2.13159E-03  3.49811E-01
  5.0183331807E+01  5.0187498474E+01  2.12878E-03  3.40265E-01
  5.0187498474E+01  5.0191665141E+01  2.12335E-03  2.99950E-01
  5.0191665141E+01  5.0195831807E+01  2.13686E-03  3.78765E-01
  5.0195831807E+01  5.0199998474E+01  2.13469E-03  3.16292E-01
  5.0199998474E+01  5.0204165141E+01  2.12698E-03  3.01114E-01
  5.0204165141E+01  5.0208331807E+01  2.13037E-03  3.50523E-01
  5.0208331807E+01  5.0212498474E+01  2.13005E-03  3.45531E-01
  5.0212498474E+01  5.0216665141E+01  2.13340E-03  4.11456E-01
  5.0216665141E+01  5.0220831807E+01  2.12149E-03  2.59607E-01
  5.0220831807E+01  5.0224998474E+01  2.11713E-03  2.61151E-01
  5.0224998474E+01  5.0229165141E+01  2.12782E-03  3.18302E-01
  5.0229165141E+01  5.0233331807E+01  2.13455E-03  3.49559E-01
  5.0233331807E+01  5.0237498474E+01  2.15252E-03  4.25956E-01
  5.0237498474E+01  5.0241665141E+01  2.12517E-03  2.87316E-01
  5.0241665141E+01  5.0245831807E+01  2.11961E-03  2.74342E-01
  5.0245831807E+01  5.0249998474E+01  2.12126E-03  2.59946E-01
  5.0249998474E+01  5.0254165141E+01  2.13024E-03  3.02473E-01
  5.0254165141E+01  5.0258331807E+01  2.13574E-03  3.49363E-01
  5.0258331807E+01  5.0262498474E+01  2.13343E-03  3.40777E-01
  5.0262498474E+01  5.0266665141E+01  2.14530E-03  3.91540E-01
  5.0266665141E+01  5.0270831807E+01  2.13369E-03  3.23580E-01
  5.0270831807E+01  5.0274998474E+01  2.13944E-03  3.28289E-01
  5.0274998474E+01  5.0279165141E+01  2.14001E-03  3.21121E-01
  5.0279165141E+01  5.0283331807E+01  2.13820E-03  3.27506E-01
  5.0283331807E+01  5.0287498474E+01  2.15109E-03  4.38579E-01
  5.0287498474E+01  5.0291665141E+01  2.13933E-03  3.13979E-01
  5.0291665141E+01  5.0295831807E+01  2.14254E-03  3.37615E-01
  5.0295831807E+01  5.0299998474E+01  2.13379E-03  2.96902E-01
  5.0299998474E+01  5.0304165141E+01  2.13408E-03  2.98088E-01
  5.0304165141E+01  5.0308331807E+01  2.13695E-03  2.93657E-01
  5.0308331807E+01  5.0312498474E+01  2.13272E-03  3.02134E-01
  5.0312498474E+01  5.0316665141E+01  2.14425E-03  3.54909E-01
  5.0316665141E+01  5.0320831807E+01  2.13674E-03  2.97436E-01
  5.0320831807E+01  5.0324998474E+01  2.13328E-03  2.81002E-01
  5.0324998474E+01  5.0329165141E+01  2.13891E-03  3.14532E-01
  5.0329165141E+01  5.0333331807E+01  2.14970E-03  2.87631E-01
  5.0333331807E+01  5.0337498474E+01  2.17276E-03  3.55350E-01
  5.0337498474E+01  5.0341665141E+01  2.17962E-03  3.67786E-01
  5.0341665141E+01  5.0345831807E+01  2.17472E-03  3.39088E-01
  5.0345831807E+01  5.0349998474E+01  2.16621E-03  2.72504E-01
  5.0349998474E+01  5.0354165141E+01  2.18118E-03  3.58193E-01
  5.0354165141E+01  5.0358331807E+01  2.18178E-03  3.67928E-01
  5.0358331807E+01  5.0362498474E+01  2.18789E-03  3.88776E-01
  5.0362498474E+01  5.0366665141E+01  2.17668E-03  2.73573E-01
  5.0366665141E+01  5.0370831807E+01  2.18554E-03  3.99255E-01
  5.0370831807E+01  5.0374998474E+01  2.17521E-03  2.96951E-01
  5.0374998474E+01  5.0379165141E+01  2.17416E-03  2.76523E-01
  5.0379165141E+01  5.0383331807E+01  2.17315E-03  3.03209E-01
  5.0383331807E+01  5.0387498474E+01  2.18002E-03  3.23977E-01
  5.0387498474E+01  5.0391665141E+01  2.18791E-03  3.41304E-01
  5.0391665141E+01  5.0395831807E+01  2.18880E-03  3.44160E-01
  5.0395831807E+01  5.0399998474E+01  2.18354E-03  3.16895E-01
  5.0399998474E+01  5.0404165141E+01  2.18160E-03  3.25705E-01
  5.0404165141E+01  5.0408331807E+01  2.19021E-03  3.51402E-01
  5.0408331807E+01  5.0412498474E+01  2.18273E-03  3.04803E-01
  5.0412498474E+01  5.0416665141E+01  2.19505E-03  4.09367E-01
  5.0416665141E+01  5.0420831807E+01  2.18574E-03  3.15451E-01
  5.0420831807E+01  5.0424998474E+01  2.18749E-03  3.27868E-01
  5.0424998474E+01  5.0429165141E+01  2.18093E-03  2.88896E-01
  5.0429165141E+01  5.0433331807E+01  2.18871E-03  3.37452E-01
  5.0433331807E+01  5.0437498474E+01  2.18737E-03  3.56961E-01
  5.0437498474E+01  5.0441665141E+01  2.18869E-03  3.19017E-01
  5.0441665141E+01  5.0445831807E+01  2.18522E-03  3.21947E-01
  5.0445831807E+01  5.0449998474E+01  2.18953E-03  3.35174E-01
  5.0449998474E+01  5.0454165141E+01  2.18663E-03  3.07626E-01
  5.0454165141E+01  5.0458331807E+01  2.18289E-03  3.02231E-01
  5.0458331807E+01  5.0462498474E+01  2.19064E-03  3.17315E-01
  5.0462498474E+01  5.0466665141E+01  2.18120E-03  2.83647E-01
  5.0466665141E+01  5.0470831807E+01  2.18610E-03  3.43026E-01
  5.0470831807E+01  5.0474998474E+01  2.18430E-03  3.20497E-01
  5.0474998474E+01  5.0479165141E+01  2.17918E-03  2.73290E-01
  5.0479165141E+01  5.0483331807E+01  2.18174E-03  2.90530E-01
  5.0483331807E+01  5.0487498474E+01  2.18715E-03  3.45346E-01
  5.0487498474E+01  5.0491665141E+01  2.18323E-03  2.87114E-01
  5.0491665141E+01  5.0495831807E+01  2.18856E-03  3.48325E-01
  5.0495831807E+01  5.0499998474E+01  2.18885E-03  3.22334E-01
  5.0499998474E+01  5.0504165141E+01  2.19503E-03  3.97285E-01
  5.0504165141E+01  5.0508331807E+01  2.19854E-03  3.62470E-01
  5.0508331807E+01  5.0512498474E+01  2.20232E-03  4.09592E-01
  5.0512498474E+01  5.0516665141E+01  2.19319E-03  3.60491E-01
  5.0516665141E+01  5.0520831807E+01  2.19130E-03  3.62297E-01
  5.0520831807E+01  5.0524998474E+01  2.19073E-03  3.03607E-01
  5.0524998474E+01  5.0529165141E+01  2.19147E-03  3.45186E-01
  5.0529165141E+01  5.0533331807E+01  2.19573E-03  3.52507E-01
  5.0533331807E+01  5.0537498474E+01  2.19924E-03  3.64987E-01
  5.0537498474E+01  5.0541665141E+01  2.19246E-03  2.95242E-01
  5.0541665141E+01  5.0545831807E+01  2.18645E-03  3.01975E-01
  5.0545831807E+01  5.0549998474E+01  2.18437E-03  2.65572E-01
  5.0549998474E+01  5.0554165141E+01  2.19597E-03  3.20348E-01
  5.0554165141E+01  5.0558331807E+01  2.19233E-03  2.82941E-01
  5.0558331807E+01  5.0562498474E+01  2.19897E-03  3.39401E-01
  5.0562498474E+01  5.0566665141E+01  2.18981E-03  2.82494E-01
  5.0566665141E+01  5.0570831807E+01  2.18465E-03  2.70189E-01
  5.0570831807E+01  5.0574998474E+01  2.19076E-03  2.63817E-01
  5.0574998474E+01  5.0579165141E+01  2.20069E-03  3.41437E-01
  5.0579165141E+01  5.0583331807E+01  2.20454E-03  3.42399E-01
  5.0583331807E+01  5.0587498474E+01  2.19272E-03  2.75433E-01
  5.0587498474E+01  5.0591665141E+01  2.19953E-03  3.34556E-01
  5.0591665141E+01  5.0595831807E+01  2.20462E-03  3.44654E-01
  5.0595831807E+01  5.0599998474E+01  2.19612E-03  2.95206E-01
  5.0599998474E+01  5.0604165141E+01  2.19609E-03  3.11264E-01
  5.0604165141E+01  5.0608331807E+01  2.19973E-03  3.31527E-01
  5.0608331807E+01  5.0612498474E+01  2.19119E-03  2.54814E-01
  5.0612498474E+01  5.0616665141E+01  2.20994E-03  3.53130E-01
  5.0616665141E+01  5.0620831807E+01  2.19652E-03  2.72135E-01
  5.0620831807E+01  5.0624998474E+01  2.20571E-03  3.35076E-01
  5.0624998474E+01  5.0629165141E+01  2.21001E-03  3.10849E-01
  5.0629165141E+01  5.0633331807E+01  2.22326E-03  3.23548E-01
  5.0633331807E+01  5.0637498474E+01  2.22796E-03  3.56339E-01
  5.0637498474E+01  5.0641665141E+01  2.23167E-03  3.27945E-01
  5.0641665141E+01  5.0645831807E+01  2.22214E-03  2.75770E-01
  5.0645831807E+01  5.0649998474E+01  2.23478E-03  3.32784E-01
  5.0649998474E+01  5.0654165141E+01  2.22818E-03  2.73546E-01
  5.0654165141E+01  5.0658331807E+01  2.23847E-03  3.32959E-01
  5.0658331807E+01  5.0662498474E+01  2.22964E-03  2.84462E-01
  5.0662498474E+01  5.0666665141E+01  2.23505E-03  3.22615E-01
  5.0666665141E+01  5.0670831807E+01  2.23218E-03  2.82574E-01
  5.0670831807E+01  5.0674998474E+01  2.23245E-03  2.96870E-01
  5.0674998474E+01  5.0679165141E+01  2.23189E-03  2.83495E-01
  5.0679165141E+01  5.0683331807E+01  2.23830E-03  3.19814E-01
  5.0683331807E+01  5.0687498474E+01  2.24121E-03  2.99098E-01
  5.0687498474E+01  5.0691665141E+01  2.24920E-03  3.47917E-01
  5.0691665141E+01  5.0695831807E+01  2.24143E-03  3.17683E-01
  5.0695831807E+01  5.0699998474E+01  2.24242E-03  3.16669E-01
  5.0699998474E+01  5.0704165141E+01  2.23235E-03  2.92111E-01
  5.0704165141E+01  5.0708331807E+01  2.23737E-03  3.48419E-01
  5.0708331807E+01  5.0712498474E+01  2.24475E-03  3.43682E-01
  5.0712498474E+01  5.0716665141E+01  2.24852E-03  3.81431E-01
  5.0716665141E+01  5.0720831807E+01  2.23635E-03  2.81303E-01
  5.0720831807E+01  5.0724998474E+01  2.23790E-03  2.93660E-01
  5.0724998474E+01  5.0729165141E+01  2.24431E-03  3.12359E-01
  5.0729165141E+01  5.0733331807E+01  2.24556E-03  3.06119E-01
  5.0733331807E+01  5.0737498474E+01  2.23888E-03  2.66896E-01
  5.0737498474E+01  5.0741665141E+01  2.24743E-03  3.27958E-01
  5.0741665141E+01  5.0745831807E+01  2.24102E-03  3.00918E-01
  5.0745831807E+01  5.0749998474E+01  2.24210E-03  2.92005E-01
  5.0749998474E+01  5.0754165141E+01  2.25165E-03  3.70882E-01
  5.0754165141E+01  5.0758331807E+01  2.25543E-03  3.63099E-01
  5.0758331807E+01  5.0762498474E+01  2.24718E-03  2.88061E-01
  5.0762498474E+01  5.0766665141E+01  2.25328E-03  3.36762E-01
  5.0766665141E+01  5.0770831807E+01  2.25132E-03  3.50626E-01
  5.0770831807E+01  5.0774998474E+01  2.24900E-03  2.98328E-01
  5.0774998474E+01  5.0779165141E+01  2.25200E-03  3.03600E-01
  5.0779165141E+01  5.0783331807E+01  2.25024E-03  2.80101E-01
  5.0783331807E+01  5.0787498474E+01  2.24867E-03  2.62343E-01
  5.0787498474E+01  5.0791665141E+01  2.27170E-03  3.54218E-01
  5.0791665141E+01  5.0795831807E+01  2.26406E-03  3.41740E-01
  5.0795831807E+01  5.0799998474E+01  2.26086E-03  3.18408E-01
  5.0799998474E+01  5.0804165141E+01  2.26329E-03  3.20891E-01
  5.0804165141E+01  5.0808331807E+01  2.26190E-03  3.26654E-01
  5.0808331807E+01  5.0812498474E+01  2.25549E-03  3.11685E-01
  5.0812498474E+01  5.0816665141E+01  2.25407E-03  2.56898E-01
  5.0816665141E+01  5.0820831807E+01  2.25808E-03  2.80898E-01
  5.0820831807E+01  5.0824998474E+01  2.26743E-03  3.01351E-01
  5.0824998474E+01  5.0829165141E+01  2.27610E-03  3.35406E-01
  5.0829165141E+01  5.0833331807E+01  2.27954E-03  3.84620E-01
  5.0833331807E+01  5.0837498474E+01  2.26005E-03  2.79837E-01
  5.0837498474E+01  5.0841665141E+01  2.26420E-03  3.29239E-01
  5.0841665141E+01  5.0845831807E+01  2.26858E-03  2.92127E-01
  5.0845831807E+01  5.0849998474E+01  2.27280E-03  3.15959E-01
  5.0849998474E+01  5.0854165141E+01  2.26927E-03  2.82537E-01
  5.0854165141E+01  5.0858331807E+01  2.27542E-03  3.08897E-01
  5.0858331807E+01  5.0862498474E+01  2.27487E-03  3.18057E-01
  5.0862498474E+01  5.0866665141E+01  2.28128E-03  3.67714E-01
  5.0866665141E+01  5.0870831807E+01  2.27243E-03  3.28975E-01
  5.0870831807E+01  5.0874998474E+01  2.27200E-03  3.22831E-01
  5.0874998474E+01  5.0879165141E+01  2.27719E-03  3.11727E-01
  5.0879165141E+01  5.0883331807E+01  2.28717E-03  3.77769E-01
  5.0883331807E+01  5.0887498474E+01  2.27356E-03  3.12384E-01
  5.0887498474E+01  5.0891665141E+01  2.28149E-03  3.55638E-01
  5.0891665141E+01  5.0895831807E+01  2.26690E-03  2.66947E-01
  5.0895831807E+01  5.0899998474E+01  2.27519E-03  3.17119E-01
  5.0899998474E+01  5.0904165141E+01  2.27934E-03  3.24257E-01
  5.0904165141E+01  5.0908331807E+01  2.27107E-03  2.70509E-01
  5.0908331807E+01  5.0912498474E+01  2.28640E-03  3.46191E-01
  5.0912498474E+01  5.0916665141E+01  2.28123E-03  3.12371E-01
  5.0916665141E+01  5.0920831807E+01  2.29327E-03  3.62052E-01
  5.0920831807E+01  5.0924998474E+01  2.28529E-03  2.99520E-01
  5.0924998474E+01  5.0929165141E+01  2.29081E-03  3.46190E-01
  5.0929165141E+01  5.0933331807E+01  2.28312E-03  2.98672E-01
  5.0933331807E+01  5.0937498474E+01  2.28426E-03  3.11574E-01
  5.0937498474E+01  5.0941665141E+01  2.28276E-03  2.89061E-01
  5.0941665141E+01  5.0945831807E+01  2.28416E-03  3.04157E-01
  5.0945831807E+01  5.0949998474E+01  2.28582E-03  2.81157E-01
  5.0949998474E+01  5.0954165141E+01  2.28929E-03  3.40636E-01
  5.0954165141E+01  5.0958331807E+01  2.30093E-03  3.79450E-01
  5.0958331807E+01  5.0962498474E+01  2.30032E-03  3.30339E-01
  5.0962498474E+01  5.0966665141E+01  2.29440E-03  2.90422E-01
  5.0966665141E+01  5.0970831807E+01  2.29995E-03  3.31330E-01
  5.0970831807E+01  5.0974998474E+01  2.30285E-03  3.29607E-01
  5.0974998474E+01  5.0979165141E+01  2.29962E-03  3.32947E-01
  5.0979165141E+01  5.0983331807E+01  2.29303E-03  2.71799E-01
  5.0983331807E+01  5.0987498474E+01  2.30741E-03  3.51621E-01
  5.0987498474E+01  5.0991665141E+01  2.29978E-03  3.16789E-01
  5.0991665141E+01  5.0995831807E+01  2.29704E-03  2.90547E-01
  5.0995831807E+01  5.0999998474E+01  2.30484E-03  3.06609E-01
  5.0999998474E+01  5.1004165141E+01  2.30112E-03  2.93561E-01
  5.1004165141E+01  5.1008331807E+01  2.29936E-03  2.67759E-01
  5.1008331807E+01  5.1012498474E+01  2.30122E-03  2.90228E-01
  5.1012498474E+01  5.1016665141E+01  2.30232E-03  2.93779E-01
  5.1016665141E+01  5.1020831807E+01  2.30868E-03  3.23824E-01
  5.1020831807E+01  5.1024998474E+01  2.30644E-03  3.27568E-01
  5.1024998474E+01  5.1029165141E+01  2.30903E-03  2.96940E-01
  5.1029165141E+01  5.1033331807E+01  2.31149E-03  3.01823E-01
  5.1033331807E+01  5.1037498474E+01  2.29932E-03  2.45088E-01
  5.1037498474E+01  5.1041665141E+01  2.30129E-03  2.77396E-01
  5.1041665141E+01  5.1045831807E+01  2.30767E-03  2.85845E-01
  5.1045831807E+01  5.1049998474E+01  2.30747E-03  3.08808E-01
  5.1049998474E+01  5.1054165141E+01  2.30540E-03  2.82588E-01
  5.1054165141E+01  5.1058331807E+01  2.30639E-03  2.88015E-01
  5.1058331807E+01  5.1062498474E+01  2.31122E-03  2.73310E-01
  5.1062498474E+01  5.1066665141E+01  2.31152E-03  3.05700E-01
  5.1066665141E+01  5.1070831807E+01  2.30911E-03  2.97719E-01
  5.1070831807E+01  5.1074998474E+01  2.31492E-03  3.12937E-01
  5.1074998474E+01  5.1079165141E+01  2.31768E-03  3.42192E-01
  5.1079165141E+01  5.1083331807E+01  2.31077E-03  2.64843E-01
  5.1083331807E+01  5.1087498474E+01  2.32049E-03  3.06040E-01
  5.1087498474E+01  5.1091665141E+01  2.32454E-03  3.38459E-01
  5.1091665141E+01  5.1095831807E+01  2.33632E-03  3.88295E-01
  5.1095831807E+01  5.1099998474E+01  2.32551E-03  3.22776E-01
  5.1099998474E+01  5.1104165141E+01  2.31999E-03  3.01569E-01
  5.1104165141E+01  5.1108331807E+01  2.32591E-03  3.26866E-01
  5.1108331807E+01  5.1112498474E+01  2.32628E-03  2.90869E-01
  5.1112498474E+01  5.1116665141E+01  2.32004E-03  2.50300E-01
  5.1116665141E+01  5.1120831807E+01  2.33707E-03  3.17731E-01
  5.1120831807E+01  5.1124998474E+01  2.34389E-03  3.40376E-01
  5.1124998474E+01  5.1129165141E+01  2.33177E-03  3.04963E-01
  5.1129165141E+01  5.1133331807E+01  2.33128E-03  3.10451E-01
  5.1133331807E+01  5.1137498474E+01  2.33634E-03  3.09703E-01
  5.1137498474E+01  5.1141665141E+01  2.34515E-03  3.88892E-01
  5.1141665141E+01  5.1145831807E+01  2.33739E-03  3.05518E-01
  5.1145831807E+01  5.1149998474E+01  2.33113E-03  2.85614E-01
  5.1149998474E+01  5.1154165141E+01  2.33330E-03  2.99023E-01
  5.1154165141E+01  5.1158331807E+01  2.34602E-03  3.47267E-01
  5.1158331807E+01  5.1162498474E+01  2.34431E-03  3.29882E-01
  5.1162498474E+01  5.1166665141E+01  2.33610E-03  2.84837E-01
  5.1166665141E+01  5.1170831807E+01  2.33877E-03  3.13227E-01
  5.1170831807E+01  5.1174998474E+01  2.33828E-03  2.87935E-01
  5.1174998474E+01  5.1179165141E+01  2.34674E-03  3.02787E-01
  5.1179165141E+01  5.1183331807E+01  2.34153E-03  2.60209E-01
  5.1183331807E+01  5.1187498474E+01  2.34779E-03  2.78014E-01
  5.1187498474E+01  5.1191665141E+01  2.35101E-03  2.78291E-01
  5.1191665141E+01  5.1195831807E+01  2.34986E-03  2.78527E-01
  5.1195831807E+01  5.1199998474E+01  2.36181E-03  3.21266E-01
  5.1199998474E+01  5.1204165141E+01  2.35804E-03  2.88276E-01
  5.1204165141E+01  5.1208331807E+01  2.36404E-03  3.01340E-01
  5.1208331807E+01  5.1212498474E+01  2.36579E-03  2.99164E-01
  5.1212498474E+01  5.1216665141E+01  2.36811E-03  2.99456E-01
  5.1216665141E+01  5.1220831807E+01  2.36376E-03  2.81043E-01
  5.1220831807E+01  5.1224998474E+01  2.36372E-03  2.82961E-01
  5.1224998474E+01  5.1229165141E+01  2.37232E-03  3.26145E-01
  5.1229165141E+01  5.1233331807E+01  2.36756E-03  3.03320E-01
  5.1233331807E+01  5.1237498474E+01  2.36938E-03  3.19930E-01
  5.1237498474E+01  5.1241665141E+01  2.36259E-03  2.58892E-01
  5.1241665141E+01  5.1245831807E+01  2.36311E-03  2.83951E-01
  5.1245831807E+01  5.1249998474E+01  2.36061E-03  2.43576E-01
  5.1249998474E+01  5.1254165141E+01  2.37993E-03  3.99813E-01
  5.1254165141E+01  5.1258331807E+01  2.36210E-03  2.74874E-01
  5.1258331807E+01  5.1262498474E+01  2.36730E-03  2.73651E-01
  5.1262498474E+01  5.1266665141E+01  2.37115E-03  2.86106E-01
  5.1266665141E+01  5.1270831807E+01  2.38049E-03  3.46771E-01
  5.1270831807E+01  5.1274998474E+01  2.38082E-03  3.31513E-01
  5.1274998474E+01  5.1279165141E+01  2.37373E-03  2.82379E-01
  5.1279165141E+01  5.1283331807E+01  2.37042E-03  2.67925E-01
  5.1283331807E+01  5.1287498474E+01  2.38328E-03  3.43958E-01
  5.1287498474E+01  5.1291665141E+01  2.37767E-03  2.89346E-01
  5.1291665141E+01  5.1295831807E+01  2.38015E-03  3.07731E-01
  5.1295831807E+01  5.1299998474E+01  2.38084E-03  3.05053E-01
  5.1299998474E+01  5.1304165141E+01  2.37102E-03  2.62277E-01
  5.1304165141E+01  5.1308331807E+01  2.37978E-03  2.86056E-01
  5.1308331807E+01  5.1312498474E+01  2.39046E-03  3.31969E-01
  5.1312498474E+01  5.1316665141E+01  2.38537E-03  3.14978E-01
  5.1316665141E+01  5.1320831807E+01  2.39011E-03  3.06375E-01
  5.1320831807E+01  5.1324998474E+01  2.38449E-03  2.80719E-01
  5.1324998474E+01  5.1329165141E+01  2.39497E-03  3.10877E-01
  5.1329165141E+01  5.1333331807E+01  2.38550E-03  2.75205E-01
  5.1333331807E+01  5.1337498474E+01  2.38250E-03  2.50956E-01
  5.1337498474E+01  5.1341665141E+01  2.38921E-03  2.86174E-01
  5.1341665141E+01  5.1345831807E+01  2.38823E-03  2.64575E-01
  5.1345831807E+01  5.1349998474E+01  2.39338E-03  3.03772E-01
  5.1349998474E+01  5.1354165141E+01  2.39360E-03  2.76925E-01
  5.1354165141E+01  5.1358331807E+01  2.39221E-03  2.66623E-01
  5.1358331807E+01  5.1362498474E+01  2.39995E-03  2.95306E-01
  5.1362498474E+01  5.1366665141E+01  2.40035E-03  2.88893E-01
  5.1366665141E+01  5.1370831807E+01  2.40462E-03  3.17164E-01
  5.1370831807E+01  5.1374998474E+01  2.39907E-03  2.76336E-01
  5.1374998474E+01  5.1379165141E+01  2.40285E-03  2.88907E-01
  5.1379165141E+01  5.1383331807E+01  2.40971E-03  3.23938E-01
  5.1383331807E+01  5.1387498474E+01  2.41333E-03  3.06037E-01
  5.1387498474E+01  5.1391665141E+01  2.41296E-03  2.94861E-01
  5.1391665141E+01  5.1395831807E+01  2.40428E-03  2.73891E-01
  5.1395831807E+01  5.1399998474E+01  2.41428E-03  3.32107E-01
  5.1399998474E+01  5.1404165141E+01  2.41608E-03  3.00903E-01
  5.1404165141E+01  5.1408331807E+01  2.42097E-03  3.03778E-01
  5.1408331807E+01  5.1412498474E+01  2.42121E-03  3.32332E-01
  5.1412498474E+01  5.1416665141E+01  2.41090E-03  2.80968E-01
  5.1416665141E+01  5.1420831807E+01  2.41537E-03  3.04189E-01
  5.1420831807E+01  5.1424998474E+01  2.41980E-03  2.92266E-01
  5.1424998474E+01  5.1429165141E+01  2.41571E-03  2.68100E-01
  5.1429165141E+01  5.1433331807E+01  2.41945E-03  2.89329E-01
  5.1433331807E+01  5.1437498474E+01  2.42257E-03  2.80997E-01
  5.1437498474E+01  5.1441665141E+01  2.41854E-03  2.72880E-01
  5.1441665141E+01  5.1445831807E+01  2.42673E-03  3.17265E-01
  5.1445831807E+01  5.1449998474E+01  2.42478E-03  2.68945E-01
  5.1449998474E+01  5.1454165141E+01  2.43838E-03  3.14422E-01
  5.1454165141E+01  5.1458331807E+01  2.43361E-03  3.01786E-01
  5.1458331807E+01  5.1462498474E+01  2.43600E-03  3.17170E-01
  5.1462498474E+01  5.1466665141E+01  2.44745E-03  3.68807E-01
  5.1466665141E+01  5.1470831807E+01  2.43139E-03  2.63129E-01
  5.1470831807E+01  5.1474998474E+01  2.43650E-03  3.12472E-01
  5.1474998474E+01  5.1479165141E+01  2.43917E-03  3.06597E-01
  5.1479165141E+01  5.1483331807E+01  2.44325E-03  3.06874E-01
  5.1483331807E+01  5.1487498474E+01  2.45240E-03  3.58646E-01
  5.1487498474E+01  5.1491665141E+01  2.44490E-03  3.12565E-01
  5.1491665141E+01  5.1495831807E+01  2.43718E-03  2.77010E-01
  5.1495831807E+01  5.1499998474E+01  2.44062E-03  3.02129E-01
  5.1499998474E+01  5.1504165141E+01  2.44997E-03  3.34841E-01
  5.1504165141E+01  5.1508331807E+01  2.44399E-03  2.75011E-01
  5.1508331807E+01  5.1512498474E+01  2.43915E-03  2.80734E-01
  5.1512498474E+01  5.1516665141E+01  2.44260E-03  2.82856E-01
  5.1516665141E+01  5.1520831807E+01  2.44797E-03  3.08000E-01
  5.1520831807E+01  5.1524998474E+01  2.44933E-03  2.97482E-01
  5.1524998474E+01  5.1529165141E+01  2.44053E-03  2.52272E-01
  5.1529165141E+01  5.1533331807E+01  2.45841E-03  3.41245E-01
  5.1533331807E+01  5.1537498474E+01  2.44413E-03  2.63373E-01
  5.1537498474E+01  5.1541665141E+01  2.44149E-03  2.48670E-01
  5.1541665141E+01  5.1545831807E+01  2.45438E-03  2.91963E-01
  5.1545831807E+01  5.1549998474E+01  2.44798E-03  2.77106E-01
  5.1549998474E+01  5.1554165141E+01  2.44804E-03  2.72041E-01
  5.1554165141E+01  5.1558331807E+01  2.45414E-03  2.93325E-01
  5.1558331807E+01  5.1562498474E+01  2.46264E-03  3.28951E-01
  5.1562498474E+01  5.1566665141E+01  2.45263E-03  2.66794E-01
  5.1566665141E+01  5.1570831807E+01  2.45918E-03  2.98885E-01
  5.1570831807E+01  5.1574998474E+01  2.45575E-03  2.65675E-01
  5.1574998474E+01  5.1579165141E+01  2.46050E-03  3.00479E-01
  5.1579165141E+01  5.1583331807E+01  2.45564E-03  2.70761E-01
  5.1583331807E+01  5.1587498474E+01  2.46287E-03  2.84745E-01
  5.1587498474E+01  5.1591665141E+01  2.46610E-03  2.79004E-01
  5.1591665141E+01  5.1595831807E+01  2.46433E-03  2.69271E-01
  5.1595831807E+01  5.1599998474E+01  2.46934E-03  2.96811E-01
  5.1599998474E+01  5.1604165141E+01  2.47728E-03  2.96037E-01
  5.1604165141E+01  5.1608331807E+01  2.47139E-03  2.76105E-01
  5.1608331807E+01  5.1612498474E+01  2.47910E-03  3.64964E-01
  5.1612498474E+01  5.1616665141E+01  2.48351E-03  3.18094E-01
  5.1616665141E+01  5.1620831807E+01  2.48375E-03  2.84458E-01
  5.1620831807E+01  5.1624998474E+01  2.47929E-03  2.59554E-01
  5.1624998474E+01  5.1629165141E+01  2.48520E-03  3.10120E-01
  5.1629165141E+01  5.1633331807E+01  2.48267E-03  2.79506E-01
  5.1633331807E+01  5.1637498474E+01  2.49417E-03  3.29719E-01
  5.1637498474E+01  5.1641665141E+01  2.49593E-03  3.04350E-01
  5.1641665141E+01  5.1645831807E+01  2.49678E-03  3.05090E-01
  5.1645831807E+01  5.1649998474E+01  2.50014E-03  3.23780E-01
  5.1649998474E+01  5.1654165141E+01  2.49430E-03  2.85408E-01
  5.1654165141E+01  5.1658331807E+01  2.48616E-03  2.39098E-01
  5.1658331807E+01  5.1662498474E+01  2.49832E-03  2.82408E-01
  5.1662498474E+01  5.1666665141E+01  2.49499E-03  2.73703E-01
  5.1666665141E+01  5.1670831807E+01  2.51161E-03  3.25434E-01
  5.1670831807E+01  5.1674998474E+01  2.51102E-03  3.02207E-01
  5.1674998474E+01  5.1679165141E+01  2.50126E-03  2.85200E-01
  5.1679165141E+01  5.1683331807E+01  2.49781E-03  2.51673E-01
  5.1683331807E+01  5.1687498474E+01  2.50734E-03  2.83493E-01
  5.1687498474E+01  5.1691665141E+01  2.50727E-03  2.79592E-01
  5.1691665141E+01  5.1695831807E+01  2.51310E-03  2.91505E-01
  5.1695831807E+01  5.1699998474E+01  2.51152E-03  2.56313E-01
  5.1699998474E+01  5.1704165141E+01  2.50778E-03  2.52188E-01
  5.1704165141E+01  5.1708331807E+01  2.51226E-03  2.70070E-01
  5.1708331807E+01  5.1712498474E+01  2.51592E-03  2.66457E-01
  5.1712498474E+01  5.1716665141E+01  2.52157E-03  3.11565E-01
  5.1716665141E+01  5.1720831807E+01  2.51563E-03  2.64776E-01
  5.1720831807E+01  5.1724998474E+01  2.51678E-03  2.63121E-01
  5.1724998474E+01  5.1729165141E+01  2.52381E-03  2.79204E-01
  5.1729165141E+01  5.1733331807E+01  2.52570E-03  3.11675E-01
  5.1733331807E+01  5.1737498474E+01  2.52580E-03  2.72238E-01
  5.1737498474E+01  5.1741665141E+01  2.53400E-03  3.03686E-01
  5.1741665141E+01  5.1745831807E+01  2.53829E-03  3.02695E-01
  5.1745831807E+01  5.1749998474E+01  2.52866E-03  2.95580E-01
  5.1749998474E+01  5.1754165141E+01  2.53536E-03  2.93655E-01
  5.1754165141E+01  5.1758331807E+01  2.54410E-03  3.12839E-01
  5.1758331807E+01  5.1762498474E+01  2.54366E-03  3.04774E-01
  5.1762498474E+01  5.1766665141E+01  2.53564E-03  2.89467E-01
  5.1766665141E+01  5.1770831807E+01  2.53500E-03  2.61851E-01
  5.1770831807E+01  5.1774998474E+01  2.54079E-03  2.93299E-01
  5.1774998474E+01  5.1779165141E+01  2.53942E-03  2.94472E-01
  5.1779165141E+01  5.1783331807E+01  2.54360E-03  3.15533E-01
  5.1783331807E+01  5.1787498474E+01  2.55606E-03  3.47890E-01
  5.1787498474E+01  5.1791665141E+01  2.55469E-03  3.36431E-01
  5.1791665141E+01  5.1795831807E+01  2.54511E-03  2.71991E-01
  5.1795831807E+01  5.1799998474E+01  2.55796E-03  3.03732E-01
  5.1799998474E+01  5.1804165141E+01  2.55802E-03  3.15869E-01
  5.1804165141E+01  5.1808331807E+01  2.55790E-03  3.12612E-01
  5.1808331807E+01  5.1812498474E+01  2.55565E-03  2.74585E-01
  5.1812498474E+01  5.1816665141E+01  2.55575E-03  2.80842E-01
  5.1816665141E+01  5.1820831807E+01  2.55434E-03  2.70432E-01
  5.1820831807E+01  5.1824998474E+01  2.55523E-03  2.85533E-01
  5.1824998474E+01  5.1829165141E+01  2.55452E-03  2.65501E-01
  5.1829165141E+01  5.1833331807E+01  2.55463E-03  2.94442E-01
  5.1833331807E+01  5.1837498474E+01  2.55333E-03  2.43496E-01
  5.1837498474E+01  5.1841665141E+01  2.56059E-03  2.84089E-01
  5.1841665141E+01  5.1845831807E+01  2.56143E-03  2.64916E-01
  5.1845831807E+01  5.1849998474E+01  2.56141E-03  2.67687E-01
  5.1849998474E+01  5.1854165141E+01  2.55838E-03  2.44181E-01
  5.1854165141E+01  5.1858331807E+01  2.56941E-03  2.98802E-01
  5.1858331807E+01  5.1862498474E+01  2.57322E-03  2.74809E-01
  5.1862498474E+01  5.1866665141E+01  2.57060E-03  2.71191E-01
  5.1866665141E+01  5.1870831807E+01  2.57561E-03  2.80494E-01
  5.1870831807E+01  5.1874998474E+01  2.57396E-03  2.71319E-01
  5.1874998474E+01  5.1879165141E+01  2.58936E-03  3.22615E-01
  5.1879165141E+01  5.1883331807E+01  2.58854E-03  3.00893E-01
  5.1883331807E+01  5.1887498474E+01  2.58097E-03  2.81349E-01
  5.1887498474E+01  5.1891665141E+01  2.58676E-03  2.75299E-01
  5.1891665141E+01  5.1895831807E+01  2.59143E-03  2.85163E-01
  5.1895831807E+01  5.1899998474E+01  2.59936E-03  3.40348E-01
  5.1899998474E+01  5.1904165141E+01  2.59142E-03  2.69683E-01
  5.1904165141E+01  5.1908331807E+01  2.59721E-03  2.96624E-01
  5.1908331807E+01  5.1912498474E+01  2.59858E-03  3.01524E-01
  5.1912498474E+01  5.1916665141E+01  2.59654E-03  3.07908E-01
  5.1916665141E+01  5.1920831807E+01  2.60265E-03  3.16535E-01
  5.1920831807E+01  5.1924998474E+01  2.59461E-03  2.53836E-01
  5.1924998474E+01  5.1929165141E+01  2.59400E-03  2.66402E-01
  5.1929165141E+01  5.1933331807E+01  2.60712E-03  2.96310E-01
  5.1933331807E+01  5.1937498474E+01  2.60738E-03  2.91009E-01
  5.1937498474E+01  5.1941665141E+01  2.60901E-03  2.89275E-01
  5.1941665141E+01  5.1945831807E+01  2.60115E-03  2.55315E-01
  5.1945831807E+01  5.1949998474E+01  2.60689E-03  2.85805E-01
  5.1949998474E+01  5.1954165141E+01  2.60232E-03  2.68625E-01
  5.1954165141E+01  5.1958331807E+01  2.60407E-03  2.66472E-01
  5.1958331807E+01  5.1962498474E+01  2.61362E-03  3.12664E-01
  5.1962498474E+01  5.1966665141E+01  2.61240E-03  2.62070E-01
  5.1966665141E+01  5.1970831807E+01  2.60695E-03  2.49611E-01
  5.1970831807E+01  5.1974998474E+01  2.62039E-03  2.98389E-01
  5.1974998474E+01  5.1979165141E+01  2.62331E-03  2.85607E-01
  5.1979165141E+01  5.1983331807E+01  2.62167E-03  3.02288E-01
  5.1983331807E+01  5.1987498474E+01  2.61871E-03  2.63499E-01
  5.1987498474E+01  5.1991665141E+01  2.62653E-03  2.81831E-01
  5.1991665141E+01  5.1995831807E+01  2.62412E-03  3.00555E-01
  5.1995831807E+01  5.1999998474E+01  2.62192E-03  2.58120E-01
  5.1999998474E+01  5.2004165141E+01  2.62833E-03  2.59855E-01
  5.2004165141E+01  5.2008331807E+01  2.63752E-03  3.12683E-01
  5.2008331807E+01  5.2012498474E+01  2.62811E-03  2.63382E-01
  5.2012498474E+01  5.2016665141E+01  2.62982E-03  2.52997E-01
  5.2016665141E+01  5.2020831807E+01  2.63435E-03  2.94254E-01
  5.2020831807E+01  5.2024998474E+01  2.63357E-03  2.71553E-01
  5.2024998474E+01  5.2029165141E+01  2.64180E-03  2.71708E-01
  5.2029165141E+01  5.2033331807E+01  2.63729E-03  2.62407E-01
  5.2033331807E+01  5.2037498474E+01  2.63543E-03  2.47291E-01
  5.2037498474E+01  5.2041665141E+01  2.63974E-03  2.53537E-01
  5.2041665141E+01  5.2045831807E+01  2.64693E-03  2.86152E-01
  5.2045831807E+01  5.2049998474E+01  2.64802E-03  2.84685E-01
  5.2049998474E+01  5.2054165141E+01  2.65797E-03  2.98275E-01
  5.2054165141E+01  5.2058331807E+01  2.65030E-03  2.62259E-01
  5.2058331807E+01  5.2062498474E+01  2.65297E-03  2.86126E-01
  5.2062498474E+01  5.2066665141E+01  2.65515E-03  2.74027E-01
  5.2066665141E+01  5.2070831807E+01  2.65551E-03  2.57538E-01
  5.2070831807E+01  5.2074998474E+01  2.66541E-03  3.09645E-01
  5.2074998474E+01  5.2079165141E+01  2.65711E-03  2.58821E-01
  5.2079165141E+01  5.2083331807E+01  2.65602E-03  2.58141E-01
  5.2083331807E+01  5.2087498474E+01  2.66059E-03  2.65334E-01
  5.2087498474E+01  5.2091665141E+01  2.66456E-03  2.67244E-01
  5.2091665141E+01  5.2095831807E+01  2.65855E-03  2.40304E-01
  5.2095831807E+01  5.2099998474E+01  2.66526E-03  2.59230E-01
  5.2099998474E+01  5.2104165141E+01  2.67278E-03  3.14551E-01
  5.2104165141E+01  5.2108331807E+01  2.67571E-03  2.71817E-01
  5.2108331807E+01  5.2112498474E+01  2.67263E-03  2.62762E-01
  5.2112498474E+01  5.2116665141E+01  2.69181E-03  3.46154E-01
  5.2116665141E+01  5.2120831807E+01  2.67916E-03  2.53165E-01
  5.2120831807E+01  5.2124998474E+01  2.69195E-03  3.17532E-01
  5.2124998474E+01  5.2129165141E+01  2.68627E-03  2.85178E-01
  5.2129165141E+01  5.2133331807E+01  2.68573E-03  2.56286E-01
  5.2133331807E+01  5.2137498474E+01  2.69003E-03  2.69072E-01
  5.2137498474E+01  5.2141665141E+01  2.69590E-03  2.91844E-01
  5.2141665141E+01  5.2145831807E+01  2.68929E-03  2.37398E-01
  5.2145831807E+01  5.2149998474E+01  2.69722E-03  2.59855E-01
  5.2149998474E+01  5.2154165141E+01  2.69918E-03  2.65650E-01
  5.2154165141E+01  5.2158331807E+01  2.69829E-03  2.66930E-01
  5.2158331807E+01  5.2162498474E+01  2.69454E-03  2.48844E-01
  5.2162498474E+01  5.2166665141E+01  2.70130E-03  2.58064E-01
  5.2166665141E+01  5.2170831807E+01  2.71126E-03  2.93945E-01
  5.2170831807E+01  5.2174998474E+01  2.71189E-03  3.02281E-01
  5.2174998474E+01  5.2179165141E+01  2.70344E-03  2.33137E-01
  5.2179165141E+01  5.2183331807E+01  2.71995E-03  2.83919E-01
  5.2183331807E+01  5.2187498474E+01  2.71156E-03  2.47824E-01
  5.2187498474E+01  5.2191665141E+01  2.71848E-03  2.82052E-01
  5.2191665141E+01  5.2195831807E+01  2.72850E-03  3.43033E-01
  5.2195831807E+01  5.2199998474E+01  2.72494E-03  2.69669E-01
  5.2199998474E+01  5.2204165141E+01  2.72067E-03  2.49336E-01
  5.2204165141E+01  5.2208331807E+01  2.72645E-03  2.61084E-01
  5.2208331807E+01  5.2212498474E+01  2.73015E-03  2.82091E-01
  5.2212498474E+01  5.2216665141E+01  2.73689E-03  2.85558E-01
  5.2216665141E+01  5.2220831807E+01  2.73472E-03  2.55977E-01
  5.2220831807E+01  5.2224998474E+01  2.74593E-03  2.93677E-01
  5.2224998474E+01  5.2229165141E+01  2.74167E-03  2.92883E-01
  5.2229165141E+01  5.2233331807E+01  2.72508E-03  2.30135E-01
  5.2233331807E+01  5.2237498474E+01  2.73503E-03  2.52950E-01
  5.2237498474E+01  5.2241665141E+01  2.74015E-03  2.62911E-01
  5.2241665141E+01  5.2245831807E+01  2.74627E-03  2.64464E-01
  5.2245831807E+01  5.2249998474E+01  2.74524E-03  2.50305E-01
  5.2249998474E+01  5.2254165141E+01  2.75460E-03  2.73402E-01
  5.2254165141E+01  5.2258331807E+01  2.75166E-03  2.52575E-01
  5.2258331807E+01  5.2262498474E+01  2.76283E-03  2.88550E-01
  5.2262498474E+01  5.2266665141E+01  2.76935E-03  2.91701E-01
  5.2266665141E+01  5.2270831807E+01  2.76124E-03  2.58940E-01
  5.2270831807E+01  5.2274998474E+01  2.76617E-03  2.61999E-01
  5.2274998474E+01  5.2279165141E+01  2.76718E-03  2.90155E-01
  5.2279165141E+01  5.2283331807E+01  2.76344E-03  2.59907E-01
  5.2283331807E+01  5.2287498474E+01  2.76706E-03  2.47643E-01
  5.2287498474E+01  5.2291665141E+01  2.77417E-03  2.59774E-01
  5.2291665141E+01  5.2295831807E+01  2.77961E-03  2.83917E-01
  5.2295831807E+01  5.2299998474E+01  2.78496E-03  3.00702E-01
  5.2299998474E+01  5.2304165141E+01  2.77931E-03  2.68847E-01
  5.2304165141E+01  5.2308331807E+01  2.78254E-03  2.86802E-01
  5.2308331807E+01  5.2312498474E+01  2.78182E-03  2.62859E-01
  5.2312498474E+01  5.2316665141E+01  2.79123E-03  2.96166E-01
  5.2316665141E+01  5.2320831807E+01  2.79323E-03  2.82141E-01
  5.2320831807E+01  5.2324998474E+01  2.79025E-03  2.76257E-01
  5.2324998474E+01  5.2329165141E+01  2.79327E-03  2.53658E-01
  5.2329165141E+01  5.2333331807E+01  2.80512E-03  2.70409E-01
  5.2333331807E+01  5.2337498474E+01  2.80878E-03  2.96755E-01
  5.2337498474E+01  5.2341665141E+01  2.80199E-03  2.75618E-01
  5.2341665141E+01  5.2345831807E+01  2.80350E-03  2.62164E-01
  5.2345831807E+01  5.2349998474E+01  2.81029E-03  2.85104E-01
  5.2349998474E+01  5.2354165141E+01  2.81930E-03  2.99206E-01
  5.2354165141E+01  5.2358331807E+01  2.81454E-03  2.86775E-01
  5.2358331807E+01  5.2362498474E+01  2.81270E-03  2.77593E-01
  5.2362498474E+01  5.2366665141E+01  2.81552E-03  2.80958E-01
  5.2366665141E+01  5.2370831807E+01  2.81839E-03  2.67847E-01
  5.2370831807E+01  5.2374998474E+01  2.81996E-03  2.64393E-01
  5.2374998474E+01  5.2379165141E+01  2.82297E-03  2.62538E-01
  5.2379165141E+01  5.2383331807E+01  2.82729E-03  2.75798E-01
  5.2383331807E+01  5.2387498474E+01  2.83018E-03  2.90027E-01
  5.2387498474E+01  5.2391665141E+01  2.82773E-03  2.55533E-01
  5.2391665141E+01  5.2395831807E+01  2.84403E-03  2.77983E-01
  5.2395831807E+01  5.2399998474E+01  2.83705E-03  2.70543E-01
  5.2399998474E+01  5.2404165141E+01  2.84766E-03  3.07552E-01
  5.2404165141E+01  5.2408331807E+01  2.84799E-03  3.02515E-01
  5.2408331807E+01  5.2412498474E+01  2.84351E-03  2.59254E-01
  5.2412498474E+01  5.2416665141E+01  2.84371E-03  2.52538E-01
  5.2416665141E+01  5.2420831807E+01  2.85323E-03  2.67965E-01
  5.2420831807E+01  5.2424998474E+01  2.85798E-03  2.59351E-01
  5.2424998474E+01  5.2429165141E+01  2.85725E-03  2.60998E-01
  5.2429165141E+01  5.2433331807E+01  2.86861E-03  2.80333E-01
  5.2433331807E+01  5.2437498474E+01  2.86386E-03  2.63097E-01
  5.2437498474E+01  5.2441665141E+01  2.86730E-03  2.80743E-01
  5.2441665141E+01  5.2445831807E+01  2.86826E-03  2.70329E-01
  5.2445831807E+01  5.2449998474E+01  2.87235E-03  3.00355E-01
  5.2449998474E+01  5.2454165141E+01  2.87273E-03  2.72470E-01
  5.2454165141E+01  5.2458331807E+01  2.87303E-03  2.69228E-01
  5.2458331807E+01  5.2462498474E+01  2.88055E-03  2.66886E-01
  5.2462498474E+01  5.2466665141E+01  2.87925E-03  2.58845E-01
  5.2466665141E+01  5.2470831807E+01  2.87435E-03  2.36482E-01
  5.2470831807E+01  5.2474998474E+01  2.88940E-03  2.65624E-01
  5.2474998474E+01  5.2479165141E+01  2.89833E-03  3.06666E-01
  5.2479165141E+01  5.2483331807E+01  2.88957E-03  2.48662E-01
  5.2483331807E+01  5.2487498474E+01  2.89855E-03  2.73561E-01
  5.2487498474E+01  5.2491665141E+01  2.90601E-03  2.68334E-01
  5.2491665141E+01  5.2495831807E+01  2.90880E-03  2.64838E-01
  5.2495831807E+01  5.2499998474E+01  2.90793E-03  2.53300E-01
  5.2499998474E+01  5.2504165141E+01  2.91704E-03  2.74237E-01
  5.2504165141E+01  5.2508331807E+01  2.91677E-03  2.73802E-01
  5.2508331807E+01  5.2512498474E+01  2.91193E-03  2.56898E-01
  5.2512498474E+01  5.2516665141E+01  2.91432E-03  2.71034E-01
  5.2516665141E+01  5.2520831807E+01  2.91435E-03  2.61315E-01
  5.2520831807E+01  5.2524998474E+01  2.92673E-03  2.82157E-01
  5.2524998474E+01  5.2529165141E+01  2.92695E-03  2.69262E-01
  5.2529165141E+01  5.2533331807E+01  2.92523E-03  2.43331E-01
  5.2533331807E+01  5.2537498474E+01  2.92371E-03  2.40497E-01
  5.2537498474E+01  5.2541665141E+01  2.94171E-03  2.83948E-01
  5.2541665141E+01  5.2545831807E+01  2.94425E-03  2.72148E-01
  5.2545831807E+01  5.2549998474E+01  2.94621E-03  2.79707E-01
  5.2549998474E+01  5.2554165141E+01  2.94333E-03  2.61338E-01
  5.2554165141E+01  5.2558331807E+01  2.95766E-03  2.99638E-01
  5.2558331807E+01  5.2562498474E+01  2.94738E-03  2.63852E-01
  5.2562498474E+01  5.2566665141E+01  2.94439E-03  2.33439E-01
  5.2566665141E+01  5.2570831807E+01  2.95213E-03  2.61647E-01
  5.2570831807E+01  5.2574998474E+01  2.95828E-03  2.69424E-01
  5.2574998474E+01  5.2579165141E+01  2.95329E-03  2.43373E-01
  5.2579165141E+01  5.2583331807E+01  2.96836E-03  2.77677E-01
  5.2583331807E+01  5.2587498474E+01  2.97122E-03  2.71019E-01
  5.2587498474E+01  5.2591665141E+01  2.98459E-03  3.01768E-01
  5.2591665141E+01  5.2595831807E+01  2.97443E-03  2.54284E-01
  5.2595831807E+01  5.2599998474E+01  2.97488E-03  2.54691E-01
  5.2599998474E+01  5.2604165141E+01  2.97549E-03  2.54279E-01
  5.2604165141E+01  5.2608331807E+01  2.98785E-03  2.81363E-01
  5.2608331807E+01  5.2612498474E+01  2.98634E-03  2.61070E-01
  5.2612498474E+01  5.2616665141E+01  2.99093E-03  2.79718E-01
  5.2616665141E+01  5.2620831807E+01  2.99530E-03  2.63782E-01
  5.2620831807E+01  5.2624998474E+01  2.99555E-03  2.59854E-01
  5.2624998474E+01  5.2629165141E+01  3.00653E-03  2.90437E-01
  5.2629165141E+01  5.2633331807E+01  3.00690E-03  2.62733E-01
  5.2633331807E+01  5.2637498474E+01  3.00927E-03  2.59380E-01
  5.2637498474E+01  5.2641665141E+01  3.01082E-03  2.59486E-01
  5.2641665141E+01  5.2645831807E+01  3.01226E-03  2.50929E-01
  5.2645831807E+01  5.2649998474E+01  3.02192E-03  2.72903E-01
  5.2649998474E+01  5.2654165141E+01  3.01830E-03  2.39297E-01
  5.2654165141E+01  5.2658331807E+01  3.02520E-03  2.61720E-01
  5.2658331807E+01  5.2662498474E+01  3.04000E-03  3.02988E-01
  5.2662498474E+01  5.2666665141E+01  3.03910E-03  2.78873E-01
  5.2666665141E+01  5.2670831807E+01  3.03425E-03  2.52669E-01
  5.2670831807E+01  5.2674998474E+01  3.05238E-03  2.96898E-01
  5.2674998474E+01  5.2679165141E+01  3.04072E-03  2.48769E-01
  5.2679165141E+01  5.2683331807E+01  3.03862E-03  2.39486E-01
  5.2683331807E+01  5.2687498474E+01  3.04561E-03  2.50695E-01
  5.2687498474E+01  5.2691665141E+01  3.06423E-03  2.89944E-01
  5.2691665141E+01  5.2695831807E+01  3.05314E-03  2.45779E-01
  5.2695831807E+01  5.2699998474E+01  3.06316E-03  2.67874E-01
  5.2699998474E+01  5.2704165141E+01  3.07849E-03  2.99636E-01
  5.2704165141E+01  5.2708331807E+01  3.07672E-03  2.84046E-01
  5.2708331807E+01  5.2712498474E+01  3.06738E-03  2.36901E-01
  5.2712498474E+01  5.2716665141E+01  3.07630E-03  2.59283E-01
  5.2716665141E+01  5.2720831807E+01  3.07561E-03  2.43921E-01
  5.2720831807E+01  5.2724998474E+01  3.08193E-03  2.59100E-01
  5.2724998474E+01  5.2729165141E+01  3.08581E-03  2.55934E-01
  5.2729165141E+01  5.2733331807E+01  3.08998E-03  2.53554E-01
  5.2733331807E+01  5.2737498474E+01  3.09708E-03  2.60127E-01
  5.2737498474E+01  5.2741665141E+01  3.09501E-03  2.46816E-01
  5.2741665141E+01  5.2745831807E+01  3.10695E-03  2.91416E-01
  5.2745831807E+01  5.2749998474E+01  3.10085E-03  2.45362E-01
  5.2749998474E+01  5.2754165141E+01  3.10460E-03  2.72296E-01
  5.2754165141E+01  5.2758331807E+01  3.10502E-03  2.51203E-01
  5.2758331807E+01  5.2762498474E+01  3.11283E-03  2.63784E-01
  5.2762498474E+01  5.2766665141E+01  3.11088E-03  2.33360E-01
  5.2766665141E+01  5.2770831807E+01  3.11988E-03  2.48564E-01
  5.2770831807E+01  5.2774998474E+01  3.12810E-03  2.63853E-01
  5.2774998474E+01  5.2779165141E+01  3.13973E-03  2.86924E-01
  5.2779165141E+01  5.2783331807E+01  3.13919E-03  2.64996E-01
  5.2783331807E+01  5.2787498474E+01  3.14109E-03  2.62821E-01
  5.2787498474E+01  5.2791665141E+01  3.14333E-03  2.63870E-01
  5.2791665141E+01  5.2795831807E+01  3.15100E-03  2.62658E-01
  5.2795831807E+01  5.2799998474E+01  3.15584E-03  2.70554E-01
  5.2799998474E+01  5.2804165141E+01  3.16628E-03  2.79030E-01
  5.2804165141E+01  5.2808331807E+01  3.16808E-03  2.61891E-01
  5.2808331807E+01  5.2812498474E+01  3.17217E-03  2.53861E-01
  5.2812498474E+01  5.2816665141E+01  3.16682E-03  2.41435E-01
  5.2816665141E+01  5.2820831807E+01  3.16631E-03  2.32518E-01
  5.2820831807E+01  5.2824998474E+01  3.17185E-03  2.36081E-01
  5.2824998474E+01  5.2829165141E+01  3.18664E-03  2.61041E-01
  5.2829165141E+01  5.2833331807E+01  3.18342E-03  2.41248E-01
  5.2833331807E+01  5.2837498474E+01  3.18505E-03  2.78519E-01
  5.2837498474E+01  5.2841665141E+01  3.18837E-03  2.44695E-01
  5.2841665141E+01  5.2845831807E+01  3.19492E-03  2.45645E-01
  5.2845831807E+01  5.2849998474E+01  3.20265E-03  2.52878E-01
  5.2849998474E+01  5.2854165141E+01  3.20272E-03  2.37357E-01
  5.2854165141E+01  5.2858331807E+01  3.21782E-03  2.77708E-01
  5.2858331807E+01  5.2862498474E+01  3.21242E-03  2.42874E-01
  5.2862498474E+01  5.2866665141E+01  3.22404E-03  2.53501E-01
  5.2866665141E+01  5.2870831807E+01  3.22413E-03  2.39025E-01
  5.2870831807E+01  5.2874998474E+01  3.22965E-03  2.43160E-01
  5.2874998474E+01  5.2879165141E+01  3.23928E-03  2.73909E-01
  5.2879165141E+01  5.2883331807E+01  3.24222E-03  2.52530E-01
  5.2883331807E+01  5.2887498474E+01  3.25316E-03  2.67192E-01
  5.2887498474E+01  5.2891665141E+01  3.25545E-03  2.67654E-01
  5.2891665141E+01  5.2895831807E+01  3.25540E-03  2.50048E-01
  5.2895831807E+01  5.2899998474E+01  3.27319E-03  2.86882E-01
  5.2899998474E+01  5.2904165141E+01  3.28019E-03  2.71925E-01
  5.2904165141E+01  5.2908331807E+01  3.26488E-03  2.31368E-01
  5.2908331807E+01  5.2912498474E+01  3.27098E-03  2.29708E-01
  5.2912498474E+01  5.2916665141E+01  3.28435E-03  2.57622E-01
  5.2916665141E+01  5.2920831807E+01  3.28164E-03  2.46586E-01
  5.2920831807E+01  5.2924998474E+01  3.28994E-03  2.42813E-01
  5.2924998474E+01  5.2929165141E+01  3.29140E-03  2.37720E-01
  5.2929165141E+01  5.2933331807E+01  3.29969E-03  2.45371E-01
  5.2933331807E+01  5.2937498474E+01  3.31295E-03  2.73283E-01
  5.2937498474E+01  5.2941665141E+01  3.30830E-03  2.37552E-01
  5.2941665141E+01  5.2945831807E+01  3.32531E-03  2.56598E-01
  5.2945831807E+01  5.2949998474E+01  3.32526E-03  2.42952E-01
  5.2949998474E+01  5.2954165141E+01  3.33347E-03  2.61720E-01
  5.2954165141E+01  5.2958331807E+01  3.33658E-03  2.49074E-01
  5.2958331807E+01  5.2962498474E+01  3.34150E-03  2.38508E-01
  5.2962498474E+01  5.2966665141E+01  3.35166E-03  2.62877E-01
  5.2966665141E+01  5.2970831807E+01  3.35674E-03  2.65837E-01
  5.2970831807E+01  5.2974998474E+01  3.36972E-03  2.79072E-01
  5.2974998474E+01  5.2979165141E+01  3.36240E-03  2.51957E-01
  5.2979165141E+01  5.2983331807E+01  3.36666E-03  2.49676E-01
  5.2983331807E+01  5.2987498474E+01  3.37577E-03  2.53483E-01
  5.2987498474E+01  5.2991665141E+01  3.37795E-03  2.38758E-01
  5.2991665141E+01  5.2995831807E+01  3.38235E-03  2.38713E-01
  5.2995831807E+01  5.2999998474E+01  3.38866E-03  2.52639E-01
  5.2999998474E+01  5.3004165141E+01  3.40021E-03  2.52031E-01
  5.3004165141E+01  5.3008331807E+01  3.41138E-03  2.60982E-01
  5.3008331807E+01  5.3012498474E+01  3.41483E-03  2.56537E-01
  5.3012498474E+01  5.3016665141E+01  3.41625E-03  2.51056E-01
  5.3016665141E+01  5.3020831807E+01  3.41821E-03  2.42770E-01
  5.3020831807E+01  5.3024998474E+01  3.42754E-03  2.56804E-01
  5.3024998474E+01  5.3029165141E+01  3.43226E-03  2.43267E-01
  5.3029165141E+01  5.3033331807E+01  3.43674E-03  2.49703E-01
  5.3033331807E+01  5.3037498474E+01  3.43700E-03  2.43058E-01
  5.3037498474E+01  5.3041665141E+01  3.45854E-03  2.61180E-01
  5.3041665141E+01  5.3045831807E+01  3.45794E-03  2.54346E-01
  5.3045831807E+01  5.3049998474E+01  3.46102E-03  2.51091E-01
  5.3049998474E+01  5.3054165141E+01  3.47197E-03  2.55011E-01
  5.3054165141E+01  5.3058331807E+01  3.46696E-03  2.47026E-01
  5.3058331807E+01  5.3062498474E+01  3.47518E-03  2.42571E-01
  5.3062498474E+01  5.3066665141E+01  3.48010E-03  2.32197E-01
  5.3066665141E+01  5.3070831807E+01  3.48635E-03  2.47656E-01
  5.3070831807E+01  5.3074998474E+01  3.49536E-03  2.54709E-01
  5.3074998474E+01  5.3079165141E+01  3.49432E-03  2.23740E-01
  5.3079165141E+01  5.3083331807E+01  3.51027E-03  2.53525E-01
  5.3083331807E+01  5.3087498474E+01  3.52789E-03  2.71223E-01
  5.3087498474E+01  5.3091665141E+01  3.52692E-03  2.53252E-01
  5.3091665141E+01  5.3095831807E+01  3.53733E-03  2.56904E-01
  5.3095831807E+01  5.3099998474E+01  3.54332E-03  2.74462E-01
  5.3099998474E+01  5.3104165141E+01  3.54896E-03  2.67056E-01
  5.3104165141E+01  5.3108331807E+01  3.55117E-03  2.52363E-01
  5.3108331807E+01  5.3112498474E+01  3.55293E-03  2.45868E-01
  5.3112498474E+01  5.3116665141E+01  3.55767E-03  2.32352E-01
  5.3116665141E+01  5.3120831807E+01  3.57618E-03  2.59213E-01
  5.3120831807E+01  5.3124998474E+01  3.57522E-03  2.30376E-01
  5.3124998474E+01  5.3129165141E+01  3.58278E-03  2.33156E-01
  5.3129165141E+01  5.3133331807E+01  3.59365E-03  2.38521E-01
  5.3133331807E+01  5.3137498474E+01  3.59938E-03  2.37683E-01
  5.3137498474E+01  5.3141665141E+01  3.61062E-03  2.44347E-01
  5.3141665141E+01  5.3145831807E+01  3.61813E-03  2.40276E-01
  5.3145831807E+01  5.3149998474E+01  3.62322E-03  2.44367E-01
  5.3149998474E+01  5.3154165141E+01  3.62781E-03  2.31220E-01
  5.3154165141E+01  5.3158331807E+01  3.64592E-03  2.45852E-01
  5.3158331807E+01  5.3162498474E+01  3.64774E-03  2.44573E-01
  5.3162498474E+01  5.3166665141E+01  3.66330E-03  2.58539E-01
  5.3166665141E+01  5.3170831807E+01  3.66577E-03  2.51287E-01
  5.3170831807E+01  5.3174998474E+01  3.67518E-03  2.45263E-01
  5.3174998474E+01  5.3179165141E+01  3.67953E-03  2.42286E-01
  5.3179165141E+01  5.3183331807E+01  3.69635E-03  2.55652E-01
  5.3183331807E+01  5.3187498474E+01  3.69601E-03  2.42312E-01
  5.3187498474E+01  5.3191665141E+01  3.70625E-03  2.38283E-01
  5.3191665141E+01  5.3195831807E+01  3.72132E-03  2.42856E-01
  5.3195831807E+01  5.3199998474E+01  3.71937E-03  2.29680E-01
  5.3199998474E+01  5.3204165141E+01  3.73502E-03  2.49592E-01
  5.3204165141E+01  5.3208331807E+01  3.74655E-03  2.55114E-01
  5.3208331807E+01  5.3212498474E+01  3.74353E-03  2.40491E-01
  5.3212498474E+01  5.3216665141E+01  3.74738E-03  2.26823E-01
  5.3216665141E+01  5.3220831807E+01  3.76916E-03  2.45148E-01
  5.3220831807E+01  5.3224998474E+01  3.77059E-03  2.29854E-01
  5.3224998474E+01  5.3229165141E+01  3.78084E-03  2.32912E-01
  5.3229165141E+01  5.3233331807E+01  3.80425E-03  2.47509E-01
  5.3233331807E+01  5.3237498474E+01  3.80243E-03  2.35211E-01
  5.3237498474E+01  5.3241665141E+01  3.81661E-03  2.47166E-01
  5.3241665141E+01  5.3245831807E+01  3.81940E-03  2.35888E-01
  5.3245831807E+01  5.3249998474E+01  3.82863E-03  2.42361E-01
  5.3249998474E+01  5.3254165141E+01  3.83493E-03  2.36557E-01
  5.3254165141E+01  5.3258331807E+01  3.84198E-03  2.38719E-01
  5.3258331807E+01  5.3262498474E+01  3.85486E-03  2.34911E-01
  5.3262498474E+01  5.3266665141E+01  3.87349E-03  2.47706E-01
  5.3266665141E+01  5.3270831807E+01  3.87623E-03  2.42076E-01
  5.3270831807E+01  5.3274998474E+01  3.88370E-03  2.32541E-01
  5.3274998474E+01  5.3279165141E+01  3.89541E-03  2.38988E-01
  5.3279165141E+01  5.3283331807E+01  3.90618E-03  2.33223E-01
  5.3283331807E+01  5.3287498474E+01  3.91696E-03  2.34838E-01
  5.3287498474E+01  5.3291665141E+01  3.92997E-03  2.39805E-01
  5.3291665141E+01  5.3295831807E+01  3.94360E-03  2.39614E-01
  5.3295831807E+01  5.3299998474E+01  3.94135E-03  2.26529E-01
  5.3299998474E+01  5.3304165141E+01  3.96092E-03  2.45045E-01
  5.3304165141E+01  5.3308331807E+01  3.96819E-03  2.37645E-01
  5.3308331807E+01  5.3312498474E+01  3.98920E-03  2.46699E-01
  5.3312498474E+01  5.3316665141E+01  4.00149E-03  2.52063E-01
  5.3316665141E+01  5.3320831807E+01  4.00029E-03  2.29648E-01
  5.3320831807E+01  5.3324998474E+01  4.02562E-03  2.48962E-01
  5.3324998474E+01  5.3329165141E+01  4.03125E-03  2.35702E-01
  5.3329165141E+01  5.3333331807E+01  4.04594E-03  2.46519E-01
  5.3333331807E+01  5.3337498474E+01  4.05079E-03  2.33368E-01
  5.3337498474E+01  5.3341665141E+01  4.06573E-03  2.38410E-01
  5.3341665141E+01  5.3345831807E+01  4.07541E-03  2.38925E-01
  5.3345831807E+01  5.3349998474E+01  4.09013E-03  2.46538E-01
  5.3349998474E+01  5.3354165141E+01  4.09950E-03  2.34834E-01
  5.3354165141E+01  5.3358331807E+01  4.11418E-03  2.42061E-01
  5.3358331807E+01  5.3362498474E+01  4.13493E-03  2.46904E-01
  5.3362498474E+01  5.3366665141E+01  4.13963E-03  2.40561E-01
  5.3366665141E+01  5.3370831807E+01  4.15627E-03  2.41475E-01
  5.3370831807E+01  5.3374998474E+01  4.15940E-03  2.34096E-01
  5.3374998474E+01  5.3379165141E+01  4.17216E-03  2.34474E-01
  5.3379165141E+01  5.3383331807E+01  4.18546E-03  2.32015E-01
  5.3383331807E+01  5.3387498474E+01  4.19724E-03  2.39046E-01
  5.3387498474E+01  5.3391665141E+01  4.20929E-03  2.28582E-01
  5.3391665141E+01  5.3395831807E+01  4.23098E-03  2.37654E-01
  5.3395831807E+01  5.3399998474E+01  4.25095E-03  2.41488E-01
  5.3399998474E+01  5.3404165141E+01  4.25364E-03  2.28133E-01
  5.3404165141E+01  5.3408331807E+01  4.26990E-03  2.32478E-01
  5.3408331807E+01  5.3412498474E+01  4.28344E-03  2.33019E-01
  5.3412498474E+01  5.3416665141E+01  4.30208E-03  2.40635E-01
  5.3416665141E+01  5.3420831807E+01  4.31882E-03  2.31577E-01
  5.3420831807E+01  5.3424998474E+01  4.32784E-03  2.31846E-01
  5.3424998474E+01  5.3429165141E+01  4.34152E-03  2.26893E-01
  5.3429165141E+01  5.3433331807E+01  4.36024E-03  2.33202E-01
  5.3433331807E+01  5.3437498474E+01  4.37544E-03  2.27946E-01
  5.3437498474E+01  5.3441665141E+01  4.39457E-03  2.25621E-01
  5.3441665141E+01  5.3445831807E+01  4.41386E-03  2.30298E-01
  5.3445831807E+01  5.3449998474E+01  4.41753E-03  2.22036E-01
  5.3449998474E+01  5.3454165141E+01  4.44511E-03  2.33117E-01
  5.3454165141E+01  5.3458331807E+01  4.46203E-03  2.32181E-01
  5.3458331807E+01  5.3462498474E+01  4.47407E-03  2.23769E-01
  5.3462498474E+01  5.3466665141E+01  4.49175E-03  2.24314E-01
  5.3466665141E+01  5.3470831807E+01  4.51609E-03  2.31919E-01
  5.3470831807E+01  5.3474998474E+01  4.52841E-03  2.24014E-01
  5.3474998474E+01  5.3479165141E+01  4.55279E-03  2.29604E-01
  5.3479165141E+01  5.3483331807E+01  4.57805E-03  2.38241E-01
  5.3483331807E+01  5.3487498474E+01  4.58392E-03  2.20313E-01
  5.3487498474E+01  5.3491665141E+01  4.60349E-03  2.23163E-01
  5.3491665141E+01  5.3495831807E+01  4.63401E-03  2.30222E-01
  5.3495831807E+01  5.3499998474E+01  4.64421E-03  2.28135E-01
  5.3499998474E+01  5.3504165141E+01  4.66293E-03  2.20961E-01
  5.3504165141E+01  5.3508331807E+01  4.68641E-03  2.21598E-01
  5.3508331807E+01  5.3512498474E+01  4.71115E-03  2.28797E-01
  5.3512498474E+01  5.3516665141E+01  4.73367E-03  2.24464E-01
  5.3516665141E+01  5.3520831807E+01  4.75597E-03  2.25620E-01
  5.3520831807E+01  5.3524998474E+01  4.77773E-03  2.27936E-01
  5.3524998474E+01  5.3529165141E+01  4.80324E-03  2.33720E-01
  5.3529165141E+01  5.3533331807E+01  4.82542E-03  2.32770E-01
  5.3533331807E+01  5.3537498474E+01  4.84453E-03  2.19101E-01
  5.3537498474E+01  5.3541665141E+01  4.86710E-03  2.20726E-01
  5.3541665141E+01  5.3545831807E+01  4.90468E-03  2.30110E-01
  5.3545831807E+01  5.3549998474E+01  4.92769E-03  2.27676E-01
  5.3549998474E+01  5.3554165141E+01  4.94649E-03  2.24354E-01
  5.3554165141E+01  5.3558331807E+01  4.96917E-03  2.20889E-01
  5.3558331807E+01  5.3562498474E+01  5.00205E-03  2.29881E-01
  5.3562498474E+01  5.3566665141E+01  5.02062E-03  2.21809E-01
  5.3566665141E+01  5.3570831807E+01  5.04610E-03  2.20511E-01
  5.3570831807E+01  5.3574998474E+01  5.07406E-03  2.21424E-01
  5.3574998474E+01  5.3579165141E+01  5.09829E-03  2.17287E-01
  5.3579165141E+01  5.3583331807E+01  5.13461E-03  2.21584E-01
  5.3583331807E+01  5.3587498474E+01  5.16606E-03  2.18847E-01
  5.3587498474E+01  5.3591665141E+01  5.20583E-03  2.22056E-01
  5.3591665141E+01  5.3595831807E+01  5.24096E-03  2.27527E-01
  5.3595831807E+01  5.3599998474E+01  5.25859E-03  2.19766E-01
  5.3599998474E+01  5.3604165141E+01  5.29031E-03  2.17600E-01
  5.3604165141E+01  5.3608331807E+01  5.32758E-03  2.21726E-01
  5.3608331807E+01  5.3612498474E+01  5.36288E-03  2.23273E-01
  5.3612498474E+01  5.3616665141E+01  5.40244E-03  2.21749E-01
  5.3616665141E+01  5.3620831807E+01  5.43736E-03  2.19329E-01
  5.3620831807E+01  5.3624998474E+01  5.47371E-03  2.18458E-01
  5.3624998474E+01  5.3629165141E+01  5.50550E-03  2.19247E-01
  5.3629165141E+01  5.3633331807E+01  5.54690E-03  2.18396E-01
  5.3633331807E+01  5.3637498474E+01  5.59273E-03  2.19919E-01
  5.3637498474E+01  5.3641665141E+01  5.63364E-03  2.19355E-01
  5.3641665141E+01  5.3645831807E+01  5.67421E-03  2.19780E-01
  5.3645831807E+01  5.3649998474E+01  5.71542E-03  2.20168E-01
  5.3649998474E+01  5.3654165141E+01  5.76506E-03  2.19008E-01
  5.3654165141E+01  5.3658331807E+01  5.81046E-03  2.23258E-01
  5.3658331807E+01  5.3662498474E+01  5.86441E-03  2.24310E-01
  5.3662498474E+01  5.3666665141E+01  5.91181E-03  2.22229E-01
  5.3666665141E+01  5.3670831807E+01  5.96312E-03  2.20873E-01
  5.3670831807E+01  5.3674998474E+01  6.02110E-03  2.23579E-01
  5.3674998474E+01  5.3679165141E+01  6.06731E-03  2.21662E-01
  5.3679165141E+01  5.3683331807E+01  6.12560E-03  2.24095E-01
  5.3683331807E+01  5.3687498474E+01  6.18483E-03  2.24872E-01
  5.3687498474E+01  5.3691665141E+01  6.24079E-03  2.21122E-01
  5.3691665141E+01  5.3695831807E+01  6.29687E-03  2.19905E-01
  5.3695831807E+01  5.3699998474E+01  6.36481E-03  2.22728E-01
  5.3699998474E+01  5.3704165141E+01  6.43610E-03  2.23017E-01
  5.3704165141E+01  5.3708331807E+01  6.50842E-03  2.20803E-01
  5.3708331807E+01  5.3712498474E+01  6.57207E-03  2.20981E-01
  5.3712498474E+01  5.3716665141E+01  6.64813E-03  2.21993E-01
  5.3716665141E+01  5.3720831807E+01  6.72463E-03  2.21281E-01
  5.3720831807E+01  5.3724998474E+01  6.80176E-03  2.22060E-01
  5.3724998474E+01  5.3729165141E+01  6.88709E-03  2.21619E-01
  5.3729165141E+01  5.3733331807E+01  6.97770E-03  2.26534E-01
  5.3733331807E+01  5.3737498474E+01  7.05746E-03  2.26474E-01
  5.3737498474E+01  5.3741665141E+01  7.14409E-03  2.25496E-01
  5.3741665141E+01  5.3745831807E+01  7.22556E-03  2.26132E-01
  5.3745831807E+01  5.3749998474E+01  7.32329E-03  2.28691E-01
  5.3749998474E+01  5.3754165141E+01  7.42631E-03  2.30162E-01
  5.3754165141E+01  5.3758331807E+01  7.51985E-03  2.27854E-01
  5.3758331807E+01  5.3762498474E+01  7.62801E-03  2.31079E-01
  5.3762498474E+01  5.3766665141E+01  7.72610E-03  2.31042E-01
  5.3766665141E+01  5.3770831807E+01  7.81155E-03  2.29568E-01
  5.3770831807E+01  5.3774998474E+01  7.91842E-03  2.31746E-01
  5.3774998474E+01  5.3779165141E+01  8.02860E-03  2.33924E-01
  5.3779165141E+01  5.3783331807E+01  8.14573E-03  2.35186E-01
  5.3783331807E+01  5.3787498474E+01  8.23518E-03  2.36718E-01
  5.3787498474E+01  5.3791665141E+01  8.31511E-03  2.37005E-01
  5.3791665141E+01  5.3795831807E+01  8.41890E-03  2.39407E-01
  5.3795831807E+01  5.3799998474E+01  8.52466E-03  2.42249E-01
  5.3799998474E+01  5.3804165141E+01  8.60855E-03  2.42772E-01
  5.3804165141E+01  5.3808331807E+01  8.69652E-03  2.44397E-01
  5.3808331807E+01  5.3812498474E+01  8.76442E-03  2.48823E-01
  5.3812498474E+01  5.3816665141E+01  8.82527E-03  2.48533E-01
  5.3816665141E+01  5.3820831807E+01  8.86565E-03  2.50546E-01
  5.3820831807E+01  5.3824998474E+01  8.92856E-03  2.53820E-01
  5.3824998474E+01  5.3829165141E+01  8.96779E-03  2.55440E-01
  5.3829165141E+01  5.3833331807E+01  8.97887E-03  2.56589E-01
  5.3833331807E+01  5.3837498474E+01  9.00800E-03  2.59167E-01
  5.3837498474E+01  5.3841665141E+01  9.02856E-03  2.62045E-01
  5.3841665141E+01  5.3845831807E+01  9.03760E-03  2.67867E-01
  5.3845831807E+01  5.3849998474E+01  9.01618E-03  2.65877E-01
  5.3849998474E+01  5.3854165141E+01  8.94292E-03  2.70113E-01
  5.3854165141E+01  5.3858331807E+01  8.88691E-03  2.75520E-01
  5.3858331807E+01  5.3862498474E+01  8.84787E-03  2.78994E-01
  5.3862498474E+01  5.3866665141E+01  8.78038E-03  2.83437E-01
  5.3866665141E+01  5.3870831807E+01  8.67496E-03  2.89982E-01
  5.3870831807E+01  5.3874998474E+01  8.54763E-03  2.93732E-01
  5.3874998474E+01  5.3879165141E+01  8.41607E-03  3.01510E-01
  5.3879165141E+01  5.3883331807E+01  8.27906E-03  3.05463E-01
  5.3883331807E+01  5.3887498474E+01  8.12062E-03  3.12597E-01
  5.3887498474E+01  5.3891665141E+01  7.94810E-03  3.19081E-01
  5.3891665141E+01  5.3895831807E+01  7.76272E-03  3.22105E-01
  5.3895831807E+01  5.3899998474E+01  7.56163E-03  3.26304E-01
  5.3899998474E+01  5.3904165141E+01  7.34811E-03  3.31222E-01
  5.3904165141E+01  5.3908331807E+01  7.12340E-03  3.49264E-01
  5.3908331807E+01  5.3912498474E+01  6.86126E-03  3.54436E-01
  5.3912498474E+01  5.3916665141E+01  6.60596E-03  3.61252E-01
  5.3916665141E+01  5.3920831807E+01  6.35590E-03  3.73609E-01
  5.3920831807E+01  5.3924998474E+01  6.08530E-03  3.77457E-01
  5.3924998474E+01  5.3929165141E+01  5.82020E-03  3.87748E-01
  5.3929165141E+01  5.3933331807E+01  5.56730E-03  3.98425E-01
  5.3933331807E+01  5.3937498474E+01  5.28981E-03  4.11738E-01
  5.3937498474E+01  5.3941665141E+01  5.02695E-03  4.22596E-01
  5.3941665141E+01  5.3945831807E+01  4.76628E-03  4.36406E-01
  5.3945831807E+01  5.3949998474E+01  4.49177E-03  4.64227E-01
  5.3949998474E+01  5.3954165141E+01  4.20241E-03  4.73308E-01
  5.3954165141E+01  5.3958331807E+01  3.94898E-03  4.98170E-01
  5.3958331807E+01  5.3962498474E+01  3.67464E-03  5.17117E-01
  5.3962498474E+01  5.3966665141E+01  3.41328E-03  5.36755E-01
  5.3966665141E+01  5.3970831807E+01  3.17104E-03  5.54952E-01
  5.3970831807E+01  5.3974998474E+01  2.94069E-03  5.80039E-01
  5.3974998474E+01  5.3979165141E+01  2.69778E-03  6.03656E-01
  5.3979165141E+01  5.3983331807E+01  2.47661E-03  6.43382E-01
  5.3983331807E+01  5.3987498474E+01  2.27734E-03  6.68215E-01
  5.3987498474E+01  5.3991665141E+01  2.08325E-03  7.02455E-01
  5.3991665141E+01  5.3995831807E+01  1.89156E-03  7.34208E-01
  5.3995831807E+01  5.3999998474E+01  1.72966E-03  7.75673E-01
  5.3999998474E+01  5.4004165141E+01  1.57176E-03  8.18184E-01
  5.4004165141E+01  5.4008331807E+01  1.41827E-03  8.70294E-01
  5.4008331807E+01  5.4012498474E+01  1.26409E-03  9.39355E-01
  5.4012498474E+01  5.4016665141E+01  1.12628E-03  9.78352E-01
  5.4016665141E+01  5.4020831807E+01  9.99807E-04  1.03026E+00
  5.4020831807E+01  5.4024998474E+01  8.98597E-04  1.08843E+00
  5.4024998474E+01  5.4029165141E+01  8.04999E-04  1.14824E+00
  5.4029165141E+01  5.4033331807E+01  7.20018E-04  1.23895E+00
  5.4033331807E+01  5.4037498474E+01  6.25227E-04  1.32283E+00
  5.4037498474E+01  5.4041665141E+01  5.42640E-04  1.45124E+00
  5.4041665141E+01  5.4045831807E+01  4.72680E-04  1.52061E+00
  5.4045831807E+01  5.4049998474E+01  4.12718E-04  1.66237E+00
  5.4049998474E+01  5.4054165141E+01  3.65102E-04  1.79370E+00
  5.4054165141E+01  5.4058331807E+01  3.18225E-04  1.91187E+00
  5.4058331807E+01  5.4062498474E+01  2.71469E-04  2.04738E+00
  5.4062498474E+01  5.4066665141E+01  2.32197E-04  2.18343E+00
  5.4066665141E+01  5.4070831807E+01  2.02583E-04  2.38117E+00
  5.4070831807E+01  5.4074998474E+01  1.80147E-04  2.60139E+00
  5.4074998474E+01  5.4079165141E+01  1.50119E-04  2.80971E+00
  5.4079165141E+01  5.4083331807E+01  1.25805E-04  3.01374E+00
  5.4083331807E+01  5.4087498474E+01  1.07413E-04  3.26898E+00
  5.4087498474E+01  5.4091665141E+01  9.12707E-05  3.60108E+00
  5.4091665141E+01  5.4095831807E+01  7.62721E-05  3.89133E+00
  5.4095831807E+01  5.4099998474E+01  6.20388E-05  4.27303E+00
  5.4099998474E+01  5.4104165141E+01  5.39629E-05  4.60357E+00
  5.4104165141E+01  5.4108331807E+01  4.72071E-05  4.99231E+00
  5.4108331807E+01  5.4112498474E+01  3.80670E-05  5.59006E+00
  5.4112498474E+01  5.4116665141E+01  3.11536E-05  6.15094E+00
  5.4116665141E+01  5.4120831807E+01  2.58645E-05  6.67626E+00
  5.4120831807E+01  5.4124998474E+01  2.02592E-05  7.47796E+00
  5.4124998474E+01  5.4129165141E+01  1.69781E-05  8.06371E+00
  5.4129165141E+01  5.4133331807E+01  1.45580E-05  8.83554E+00
  5.4133331807E+01  5.4137498474E+01  1.25503E-05  9.50375E+00
  5.4137498474E+01  5.4141665141E+01  1.07502E-05  1.03162E+01
  5.4141665141E+01  5.4145831807E+01  9.81083E-06  1.14634E+01
  5.4145831807E+01  5.4149998474E+01  7.58764E-06  1.25069E+01
  5.4149998474E+01  5.4154165141E+01  6.35904E-06  1.45192E+01
  5.4154165141E+01  5.4158331807E+01  4.81458E-06  1.63217E+01
  5.4158331807E+01  5.4162498474E+01  3.59982E-06  1.78312E+01
  5.4162498474E+01  5.4166665141E+01  2.75043E-06  1.95627E+01
  5.4166665141E+01  5.4170831807E+01  2.47915E-06  2.26102E+01
  5.4170831807E+01  5.4174998474E+01  1.90046E-06  2.51141E+01
  5.4174998474E+01  5.4179165141E+01  1.71738E-06  2.64376E+01
  5.4179165141E+01  5.4183331807E+01  1.58689E-06  2.64585E+01
  5.4183331807E+01  5.4187498474E+01  1.00078E-06  2.94232E+01
  5.4187498474E+01  5.4191665141E+01  1.54606E-06  3.25421E+01
  5.4191665141E+01  5.4195831807E+01  1.18580E-06  3.34279E+01
  5.4195831807E+01  5.4199998474E+01  6.99420E-07  4.48202E+01
  5.4199998474E+01  5.4204165141E+01  6.41938E-07  4.71470E+01
  5.4204165141E+01  5.4208331807E+01  2.67208E-07  5.82731E+01
  5.4208331807E+01  5.4212498474E+01  3.69910E-07  6.44242E+01
  5.4212498474E+01  5.4216665141E+01  1.57794E-07  6.53807E+01
  5.4216665141E+01  5.4220831807E+01  1.97391E-07  6.28628E+01
  5.4220831807E+01  5.4224998474E+01  2.90451E-07  5.58184E+01
  5.4224998474E+01  5.4229165141E+01  4.10305E-07  6.18057E+01
  5.4229165141E+01  5.4233331807E+01  2.15148E-07  6.45939E+01
  5.4233331807E+01  5.4237498474E+01  3.85935E-07  5.48387E+01
  5.4237498474E+01  5.4241665141E+01  4.19616E-07  6.75318E+01
  5.4241665141E+01  5.4245831807E+01  1.59383E-07  6.31429E+01
  5.4245831807E+01  5.4249998474E+01  1.81350E-08  2.73049E+01
  5.4249998474E+01  5.4254165141E+01  2.04398E-08  3.02347E+01
  5.4254165141E+01  5.4258331807E+01  2.20716E-08  3.16028E+01
  5.4258331807E+01  5.4262498474E+01  9.03801E-08  5.42065E+01
  5.4262498474E+01  5.4266665141E+01  3.01895E-08  3.07880E+01
  5.4266665141E+01  5.4270831807E+01  9.23904E-08  3.57795E+01
  5.4270831807E+01  5.4274998474E+01  5.13193E-08  4.17734E+01
  5.4274998474E+01  5.4279165141E+01  3.70563E-07  8.52230E+01
  5.4279165141E+01  5.4283331807E+01  4.46543E-08  2.95138E+01
  5.4283331807E+01  5.4287498474E+01  5.18802E-08  4.02873E+01
  5.4287498474E+01  5.4291665141E+01  4.49558E-08  4.21516E+01
  5.4291665141E+01  5.4295831807E+01  4.61712E-08  4.23978E+01
  5.4295831807E+01  5.4299998474E+01  2.79546E-08  3.02801E+01
  5.4299998474E+01  5.4304165141E+01  2.80586E-08  2.62953E+01
  5.4304165141E+01  5.4308331807E+01  3.07196E-08  3.57823E+01
  5.4308331807E+01  5.4312498474E+01  1.28246E-08  3.14457E+01
  5.4312498474E+01  5.4316665141E+01  1.17726E-08  3.35720E+01
  5.4316665141E+01  5.4320831807E+01  7.43844E-08  8.43299E+01
  5.4320831807E+01  5.4324998474E+01  5.19131E-08  5.53327E+01
  5.4324998474E+01  5.4329165141E+01  1.58189E-08  3.47853E+01
  5.4329165141E+01  5.4333331807E+01  1.95492E-08  3.68098E+01
  5.4333331807E+01  5.4337498474E+01  2.63596E-08  3.75215E+01
  5.4337498474E+01  5.4341665141E+01  2.64935E-08  3.70376E+01
  5.4341665141E+01  5.4345831807E+01  2.57634E-08  4.02734E+01
  5.4345831807E+01  5.4349998474E+01  1.09800E-07  6.50274E+01
  5.4349998474E+01  5.4354165141E+01  1.61646E-07  8.41900E+01
  5.4354165141E+01  5.4358331807E+01  1.93047E-07  8.56699E+01
  5.4358331807E+01  5.4362498474E+01  2.45739E-07  7.25381E+01
  5.4362498474E+01  5.4366665141E+01  3.62120E-07  9.23551E+01
  5.4366665141E+01  5.4370831807E+01  3.37081E-07  9.16309E+01
  5.4370831807E+01  5.4374998474E+01  3.14538E-07  8.85959E+01
  5.4374998474E+01  5.4379165141E+01  4.53326E-07  7.07012E+01
  5.4379165141E+01  5.4383331807E+01  2.71318E-08  3.53656E+01
  5.4383331807E+01  5.4387498474E+01  2.83309E-08  3.28353E+01
  5.4387498474E+01  5.4391665141E+01  2.68472E-08  3.48196E+01
  5.4391665141E+01  5.4395831807E+01  3.02252E-08  4.77560E+01
  5.4395831807E+01  5.4399998474E+01  1.63580E-08  3.22494E+01
  5.4399998474E+01  5.4404165141E+01  1.96751E-08  3.17566E+01
  5.4404165141E+01  5.4408331807E+01  4.14238E-08  4.48134E+01
  5.4408331807E+01  5.4412498474E+01  2.28807E-08  3.26507E+01
  5.4412498474E+01  5.4416665141E+01  2.31084E-08  2.99548E+01
  5.4416665141E+01  5.4420831807E+01  3.20735E-08  4.47617E+01
  5.4420831807E+01  5.4424998474E+01  1.30832E-07  7.13720E+01
  5.4424998474E+01  5.4429165141E+01  1.49496E-08  3.33780E+01
  5.4429165141E+01  5.4433331807E+01  1.51051E-08  3.31434E+01
  5.4433331807E+01  5.4437498474E+01  1.51081E-08  3.27773E+01
  5.4437498474E+01  5.4441665141E+01  1.52485E-08  3.28139E+01
  5.4441665141E+01  5.4445831807E+01  1.56092E-08  3.15133E+01
  5.4445831807E+01  5.4449998474E+01  1.62700E-08  3.36394E+01
  5.4449998474E+01  5.4454165141E+01  2.04933E-08  3.03285E+01
  5.4454165141E+01  5.4458331807E+01  3.91857E-08  4.80547E+01
  5.4458331807E+01  5.4462498474E+01  2.97058E-08  2.91207E+01
  5.4462498474E+01  5.4466665141E+01  4.56140E-08  4.39573E+01
  5.4466665141E+01  5.4470831807E+01  2.86497E-08  3.32849E+01
  5.4470831807E+01  5.4474998474E+01  2.86497E-08  3.74803E+01
  5.4474998474E+01  5.4479165141E+01  2.86497E-08  3.74263E+01
  5.4479165141E+01  5.4483331807E+01  1.47548E-08  2.99496E+01
  5.4483331807E+01  5.4487498474E+01  3.64423E-08  6.50968E+01
  5.4487498474E+01  5.4491665141E+01  1.28995E-08  3.64599E+01
  5.4491665141E+01  5.4495831807E+01  1.28995E-08  3.28837E+01
  5.4495831807E+01  5.4499998474E+01  1.28995E-08  3.53506E+01
  5.4499998474E+01  5.4504165141E+01  1.74704E-08  3.31014E+01
  5.4504165141E+01  5.4508331807E+01  5.41789E-08  4.54461E+01
  5.4508331807E+01  5.4512498474E+01  2.47909E-08  3.14797E+01
  5.4512498474E+01  5.4516665141E+01  2.46240E-08  3.21280E+01
  5.4516665141E+01  5.4520831807E+01  2.42939E-08  2.90354E+01
  5.4520831807E+01  5.4524998474E+01  2.84152E-08  3.20463E+01
  5.4524998474E+01  5.4529165141E+01  2.86879E-08  2.81147E+01
  5.4529165141E+01  5.4533331807E+01  2.89512E-08  3.40718E+01
  5.4533331807E+01  5.4537498474E+01  3.76237E-08  2.93310E+01
  5.4537498474E+01  5.4541665141E+01  7.83924E-08  4.00007E+01
  5.4541665141E+01  5.4545831807E+01  3.30302E-08  3.57158E+01
  5.4545831807E+01  5.4549998474E+01  3.16433E-08  3.34221E+01
  5.4549998474E+01  5.4554165141E+01  1.39248E-07  6.93135E+01
  5.4554165141E+01  5.4558331807E+01  2.43788E-08  3.21136E+01
  5.4558331807E+01  5.4562498474E+01  2.46618E-08  3.78460E+01
  5.4562498474E+01  5.4566665141E+01  2.40014E-08  2.89812E+01
  5.4566665141E+01  5.4570831807E+01  2.31064E-08  4.02690E+01
  5.4570831807E+01  5.4574998474E+01  2.61177E-07  9.10180E+01
  5.4574998474E+01  5.4579165141E+01  2.29872E-08  4.03840E+01
  5.4579165141E+01  5.4583331807E+01  7.45767E-08  3.31268E+01
  5.4583331807E+01  5.4587498474E+01  2.50332E-07  8.73261E+01
  5.4587498474E+01  5.4591665141E+01  1.19466E-08  3.49121E+01
  5.4591665141E+01  5.4595831807E+01  5.23104E-08  6.19243E+01
  5.4595831807E+01  5.4599998474E+01  1.19466E-08  3.48230E+01
  5.4599998474E+01  5.4604165141E+01  1.19466E-08  3.45487E+01
  5.4604165141E+01  5.4608331807E+01  1.69064E-07  9.29663E+01
  5.4608331807E+01  5.4612498474E+01  1.05844E-07  8.68349E+01
  5.4612498474E+01  5.4616665141E+01  1.43358E-08  3.85099E+01
  5.4616665141E+01  5.4620831807E+01  1.76188E-07  7.53544E+01
  5.4620831807E+01  5.4624998474E+01  3.84969E-07  7.17136E+01
  5.4624998474E+01  5.4629165141E+01  5.29343E-08  7.36599E+01
  5.4629165141E+01  5.4633331807E+01  5.29343E-08  7.36599E+01
  5.4633331807E+01  5.4637498474E+01  5.29343E-08  7.36502E+01
  5.4637498474E+01  5.4641665141E+01  5.11668E-08  7.59190E+01
  5.4641665141E+01  5.4645831807E+01  5.08879E-08  7.62931E+01
  5.4645831807E+01  5.4649998474E+01  5.38352E-08  7.75992E+01
  5.4649998474E+01  5.4654165141E+01  6.68683E-08  6.56964E+01
  5.4654165141E+01  5.4658331807E+01  1.12340E-07  5.87188E+01
  5.4658331807E+01  5.4662498474E+01  1.13978E-07  6.44365E+01
  5.4662498474E+01  5.4666665141E+01  1.18446E-07  6.46866E+01
  5.4666665141E+01  5.4670831807E+01  1.33901E-07  6.66950E+01
  5.4670831807E+01  5.4674998474E+01  1.29427E-07  6.59490E+01
  5.4674998474E+01  5.4679165141E+01  1.41082E-07  6.72576E+01
  5.4679165141E+01  5.4683331807E+01  2.88788E-07  5.87067E+01
  5.4683331807E+01  5.4687498474E+01  1.77548E-07  6.60228E+01
  5.4687498474E+01  5.4691665141E+01  2.17161E-07  6.12670E+01
  5.4691665141E+01  5.4695831807E+01  2.72200E-07  7.76003E+01
  5.4695831807E+01  5.4699998474E+01  2.99022E-07  7.92640E+01
  5.4699998474E+01  5.4704165141E+01  7.06123E-08  8.39786E+01
  5.4704165141E+01  5.4708331807E+01  2.07493E-07  7.21862E+01
  5.4708331807E+01  5.4712498474E+01  7.42438E-08  8.34578E+01
  5.4712498474E+01  5.4716665141E+01  7.97633E-08  6.80662E+01
  5.4716665141E+01  5.4720831807E+01  8.92031E-08  8.60233E+01
  5.4720831807E+01  5.4724998474E+01  9.67031E-08  8.70898E+01
  5.4724998474E+01  5.4729165141E+01  9.98509E-08  8.71568E+01
  5.4729165141E+01  5.4733331807E+01  1.30116E-07  7.80849E+01
  5.4733331807E+01  5.4737498474E+01  1.30625E-07  8.81033E+01
  5.4737498474E+01  5.4741665141E+01  1.97945E-07  8.80932E+01
  5.4741665141E+01  5.4745831807E+01  1.83396E-07  7.66096E+01
  5.4745831807E+01  5.4749998474E+01  2.74282E-08  6.00121E+01
  5.4749998474E+01  5.4754165141E+01  1.14669E-08  3.55911E+01
  5.4754165141E+01  5.4758331807E+01  1.14669E-08  3.37864E+01
  5.4758331807E+01  5.4762498474E+01  1.14669E-08  3.55911E+01
  5.4762498474E+01  5.4766665141E+01  1.14669E-08  3.49011E+01
  5.4766665141E+01  5.4770831807E+01  1.14669E-08  3.55911E+01
  5.4770831807E+01  5.4774998474E+01  1.14669E-08  3.53658E+01
  5.4774998474E+01  5.4779165141E+01  1.14669E-08  3.55911E+01
  5.4779165141E+01  5.4783331807E+01  1.14669E-08  3.55911E+01
  5.4783331807E+01  5.4787498474E+01  1.14669E-08  3.50748E+01
  5.4787498474E+01  5.4791665141E+01  1.26697E-08  3.36557E+01
  5.4791665141E+01  5.4795831807E+01  1.27197E-08  3.36257E+01
  5.4795831807E+01  5.4799998474E+01  1.27197E-08  3.22623E+01
  5.4799998474E+01  5.4804165141E+01  1.27197E-08  3.36257E+01
  5.4804165141E+01  5.4808331807E+01  1.68915E-07  9.25023E+01
  5.4808331807E+01  5.4812498474E+01  1.27141E-08  3.32907E+01
  5.4812498474E+01  5.4816665141E+01  1.22518E-08  3.37899E+01
  5.4816665141E+01  5.4820831807E+01  1.22518E-08  3.29811E+01
  5.4820831807E+01  5.4824998474E+01  1.22518E-08  3.37899E+01
  5.4824998474E+01  5.4829165141E+01  1.19035E-08  3.36437E+01
  5.4829165141E+01  5.4833331807E+01  1.14671E-08  3.36558E+01
  5.4833331807E+01  5.4837498474E+01  2.25404E-08  4.03092E+01
  5.4837498474E+01  5.4841665141E+01  2.74437E-08  4.45438E+01
  5.4841665141E+01  5.4845831807E+01  1.92162E-08  3.60239E+01
  5.4845831807E+01  5.4849998474E+01  1.91565E-08  3.49814E+01
  5.4849998474E+01  5.4854165141E+01  2.16796E-08  4.60676E+01
  5.4854165141E+01  5.4858331807E+01  1.90029E-08  3.56059E+01
  5.4858331807E+01  5.4862498474E+01  2.95529E-08  5.37655E+01
  5.4862498474E+01  5.4866665141E+01  3.11703E-08  6.09295E+01
  5.4866665141E+01  5.4870831807E+01  1.19613E-08  3.28168E+01
  5.4870831807E+01  5.4874998474E+01  1.14720E-08  3.35646E+01
  5.4874998474E+01  5.4879165141E+01  1.14720E-08  3.35646E+01
  5.4879165141E+01  5.4883331807E+01  1.22952E-08  3.20363E+01
  5.4883331807E+01  5.4887498474E+01  3.78853E-08  7.02633E+01
  5.4887498474E+01  5.4891665141E+01  4.76199E-08  7.06040E+01
  5.4891665141E+01  5.4895831807E+01  1.45020E-07  6.23099E+01
  5.4895831807E+01  5.4899998474E+01  3.40781E-07  8.25857E+01
  5.4899998474E+01  5.4904165141E+01  4.39121E-08  7.60931E+01
  5.4904165141E+01  5.4908331807E+01  4.73540E-08  7.09279E+01
  5.4908331807E+01  5.4912498474E+01  4.39121E-08  7.60931E+01
  5.4912498474E+01  5.4916665141E+01  4.90643E-08  7.68683E+01
  5.4916665141E+01  5.4920831807E+01  6.20971E-08  5.56732E+01
  5.4920831807E+01  5.4924998474E+01  5.29289E-08  7.76842E+01
  5.4924998474E+01  5.4929165141E+01  6.66956E-08  6.57155E+01
  5.4929165141E+01  5.4933331807E+01  5.50366E-08  7.49404E+01
  5.4933331807E+01  5.4937498474E+01  5.46270E-08  5.86818E+01
  5.4937498474E+01  5.4941665141E+01  1.25328E-07  6.42013E+01
  5.4941665141E+01  5.4945831807E+01  2.09473E-07  7.55100E+01
  5.4945831807E+01  5.4949998474E+01  5.60135E-08  7.02535E+01
  5.4949998474E+01  5.4954165141E+01  5.88084E-08  6.77579E+01
  5.4954165141E+01  5.4958331807E+01  5.61216E-08  7.06203E+01
  5.4958331807E+01  5.4962498474E+01  7.44353E-08  6.68313E+01
  5.4962498474E+01  5.4966665141E+01  5.93506E-08  7.54760E+01
  5.4966665141E+01  5.4970831807E+01  6.01964E-08  7.84958E+01
  5.4970831807E+01  5.4974998474E+01  6.08260E-08  7.85595E+01
  5.4974998474E+01  5.4979165141E+01  6.34106E-08  7.84284E+01
  5.4979165141E+01  5.4983331807E+01  1.50786E-07  6.63767E+01
  5.4983331807E+01  5.4987498474E+01  6.51239E-08  7.72055E+01
  5.4987498474E+01  5.4991665141E+01  6.88783E-08  7.75380E+01
  5.4991665141E+01  5.4995831807E+01  6.91833E-08  7.72798E+01
  5.4995831807E+01  5.4999998474E+01  7.39854E-08  7.30921E+01
  5.4999998474E+01  5.5004165141E+01  7.05293E-08  7.69064E+01
  5.5004165141E+01  5.5008331807E+01  6.62988E-08  7.11228E+01
  5.5008331807E+01  5.5012498474E+01  6.87301E-08  8.68543E+01
  5.5012498474E+01  5.5016665141E+01  7.15870E-08  8.73835E+01
  5.5016665141E+01  5.5020831807E+01  7.75133E-08  8.83373E+01
  5.5020831807E+01  5.5024998474E+01  8.42162E-08  8.89153E+01
  5.5024998474E+01  5.5029165141E+01  8.75508E-08  8.91380E+01
  5.5029165141E+01  5.5033331807E+01  9.62298E-08  9.01153E+01
  5.5033331807E+01  5.5037498474E+01  1.10367E-07  9.16033E+01
  5.5037498474E+01  5.5041665141E+01  6.14528E-07  8.06131E+01
  5.5041665141E+01  5.5045831807E+01  2.24937E-07  8.37632E+01
  5.5045831807E+01  5.5049998474E+01  1.29755E-07  9.29509E+01
  5.5049998474E+01  5.5054165141E+01  3.02050E-08  6.61479E+01
  5.5054165141E+01  5.5058331807E+01  2.09550E-08  5.39731E+01
  5.5058331807E+01  5.5062498474E+01  9.09861E-09  3.89377E+01
  5.5062498474E+01  5.5066665141E+01  8.19466E-09  4.17580E+01
  5.5066665141E+01  5.5070831807E+01  8.42886E-09  4.69394E+01
  5.5070831807E+01  5.5074998474E+01  8.41837E-09  4.69978E+01
  5.5074998474E+01  5.5079165141E+01  8.41837E-09  4.50162E+01
  5.5079165141E+01  5.5083331807E+01  8.44064E-09  4.69147E+01
  5.5083331807E+01  5.5087498474E+01  9.80612E-09  4.41184E+01
  5.5087498474E+01  5.5091665141E+01  1.03470E-08  4.28989E+01
  5.5091665141E+01  5.5095831807E+01  2.25177E-08  5.72578E+01
  5.5095831807E+01  5.5099998474E+01  4.53195E-08  5.57372E+01
  5.5099998474E+01  5.5099998474E+01  4.53195E-08  5.57372E+01
