# Detector n: 1D Projection
  5.0099998474E+01  5.0104165141E+01  1.72834E-03  4.07041E-01
  5.0104165141E+01  5.0108331807E+01  1.74013E-03  3.90331E-01
  5.0108331807E+01  5.0112498474E+01  1.74752E-03  4.10175E-01
  5.0112498474E+01  5.0116665141E+01  1.74413E-03  3.32431E-01
  5.0116665141E+01  5.0120831807E+01  1.74754E-03  3.66643E-01
  5.0120831807E+01  5.0124998474E+01  1.74999E-03  3.69391E-01
  5.0124998474E+01  5.0129165141E+01  1.74347E-03  3.02750E-01
  5.0129165141E+01  5.0133331807E+01  1.76003E-03  4.21617E-01
  5.0133331807E+01  5.0137498474E+01  1.74808E-03  3.24235E-01
  5.0137498474E+01  5.0141665141E+01  1.75504E-03  3.57387E-01
  5.0141665141E+01  5.0145831807E+01  1.75902E-03  4.12704E-01
  5.0145831807E+01  5.0149998474E+01  1.76840E-03  4.76022E-01
  5.0149998474E+01  5.0154165141E+01  1.75842E-03  3.76967E-01
  5.0154165141E+01  5.0158331807E+01  1.76318E-03  3.87565E-01
  5.0158331807E+01  5.0162498474E+01  1.75874E-03  3.38131E-01
  5.0162498474E+01  5.0166665141E+01  1.74987E-03  2.88998E-01
  5.0166665141E+01  5.0170831807E+01  1.75112E-03  3.25405E-01
  5.0170831807E+01  5.0174998474E+01  1.76991E-03  3.81634E-01
  5.0174998474E+01  5.0179165141E+01  1.77106E-03  3.30133E-01
  5.0179165141E+01  5.0183331807E+01  1.76805E-03  2.92363E-01
  5.0183331807E+01  5.0187498474E+01  1.76928E-03  3.40315E-01
  5.0187498474E+01  5.0191665141E+01  1.77061E-03  3.45535E-01
  5.0191665141E+01  5.0195831807E+01  1.77036E-03  3.15207E-01
  5.0195831807E+01  5.0199998474E+01  1.76858E-03  3.25281E-01
  5.0199998474E+01  5.0204165141E+01  1.77287E-03  3.08863E-01
  5.0204165141E+01  5.0208331807E+01  1.77463E-03  3.51329E-01
  5.0208331807E+01  5.0212498474E+01  1.78890E-03  5.18147E-01
  5.0212498474E+01  5.0216665141E+01  1.78704E-03  4.14231E-01
  5.0216665141E+01  5.0220831807E+01  1.77443E-03  3.06884E-01
  5.0220831807E+01  5.0224998474E+01  1.78065E-03  3.46851E-01
  5.0224998474E+01  5.0229165141E+01  1.77784E-03  3.61387E-01
  5.0229165141E+01  5.0233331807E+01  1.78366E-03  3.88025E-01
  5.0233331807E+01  5.0237498474E+01  1.77503E-03  3.01964E-01
  5.0237498474E+01  5.0241665141E+01  1.77851E-03  3.16645E-01
  5.0241665141E+01  5.0245831807E+01  1.77380E-03  2.81767E-01
  5.0245831807E+01  5.0249998474E+01  1.78024E-03  3.70983E-01
  5.0249998474E+01  5.0254165141E+01  1.78281E-03  3.42905E-01
  5.0254165141E+01  5.0258331807E+01  1.78356E-03  3.59604E-01
  5.0258331807E+01  5.0262498474E+01  1.77745E-03  3.18869E-01
  5.0262498474E+01  5.0266665141E+01  1.79176E-03  4.42345E-01
  5.0266665141E+01  5.0270831807E+01  1.78482E-03  3.90589E-01
  5.0270831807E+01  5.0274998474E+01  1.77606E-03  3.21837E-01
  5.0274998474E+01  5.0279165141E+01  1.77848E-03  3.27678E-01
  5.0279165141E+01  5.0283331807E+01  1.78920E-03  4.06946E-01
  5.0283331807E+01  5.0287498474E+01  1.79263E-03  4.04201E-01
  5.0287498474E+01  5.0291665141E+01  1.78410E-03  3.46906E-01
  5.0291665141E+01  5.0295831807E+01  1.78235E-03  2.93741E-01
  5.0295831807E+01  5.0299998474E+01  1.78864E-03  3.46894E-01
  5.0299998474E+01  5.0304165141E+01  1.78780E-03  3.30320E-01
  5.0304165141E+01  5.0308331807E+01  1.78627E-03  3.19174E-01
  5.0308331807E+01  5.0312498474E+01  1.79132E-03  3.47481E-01
  5.0312498474E+01  5.0316665141E+01  1.79620E-03  3.10595E-01
  5.0316665141E+01  5.0320831807E+01  1.81013E-03  3.32036E-01
  5.0320831807E+01  5.0324998474E+01  1.81124E-03  3.64559E-01
  5.0324998474E+01  5.0329165141E+01  1.81673E-03  3.33582E-01
  5.0329165141E+01  5.0333331807E+01  1.82242E-03  4.20472E-01
  5.0333331807E+01  5.0337498474E+01  1.81956E-03  4.30788E-01
  5.0337498474E+01  5.0341665141E+01  1.81380E-03  3.84385E-01
  5.0341665141E+01  5.0345831807E+01  1.80903E-03  3.10705E-01
  5.0345831807E+01  5.0349998474E+01  1.81157E-03  2.96279E-01
  5.0349998474E+01  5.0354165141E+01  1.81707E-03  3.51130E-01
  5.0354165141E+01  5.0358331807E+01  1.81387E-03  3.09272E-01
  5.0358331807E+01  5.0362498474E+01  1.81634E-03  3.18942E-01
  5.0362498474E+01  5.0366665141E+01  1.82017E-03  3.92365E-01
  5.0366665141E+01  5.0370831807E+01  1.81480E-03  3.82458E-01
  5.0370831807E+01  5.0374998474E+01  1.81092E-03  3.23829E-01
  5.0374998474E+01  5.0379165141E+01  1.81760E-03  3.60174E-01
  5.0379165141E+01  5.0383331807E+01  1.81059E-03  2.95103E-01
  5.0383331807E+01  5.0387498474E+01  1.80727E-03  2.99778E-01
  5.0387498474E+01  5.0391665141E+01  1.80701E-03  2.83496E-01
  5.0391665141E+01  5.0395831807E+01  1.81034E-03  3.09979E-01
  5.0395831807E+01  5.0399998474E+01  1.81840E-03  3.73140E-01
  5.0399998474E+01  5.0404165141E+01  1.81939E-03  3.93799E-01
  5.0404165141E+01  5.0408331807E+01  1.82327E-03  3.50892E-01
  5.0408331807E+01  5.0412498474E+01  1.82250E-03  3.60929E-01
  5.0412498474E+01  5.0416665141E+01  1.83206E-03  4.01926E-01
  5.0416665141E+01  5.0420831807E+01  1.82315E-03  3.73982E-01
  5.0420831807E+01  5.0424998474E+01  1.81251E-03  2.80683E-01
  5.0424998474E+01  5.0429165141E+01  1.82682E-03  4.20329E-01
  5.0429165141E+01  5.0433331807E+01  1.82413E-03  3.57235E-01
  5.0433331807E+01  5.0437498474E+01  1.82299E-03  3.47962E-01
  5.0437498474E+01  5.0441665141E+01  1.82513E-03  3.45605E-01
  5.0441665141E+01  5.0445831807E+01  1.82049E-03  3.47902E-01
  5.0445831807E+01  5.0449998474E+01  1.83442E-03  4.39007E-01
  5.0449998474E+01  5.0454165141E+01  1.82088E-03  3.27649E-01
  5.0454165141E+01  5.0458331807E+01  1.83078E-03  4.16804E-01
  5.0458331807E+01  5.0462498474E+01  1.81870E-03  3.00735E-01
  5.0462498474E+01  5.0466665141E+01  1.82265E-03  3.37941E-01
  5.0466665141E+01  5.0470831807E+01  1.81659E-03  2.65850E-01
  5.0470831807E+01  5.0474998474E+01  1.82105E-03  2.98803E-01
  5.0474998474E+01  5.0479165141E+01  1.82509E-03  3.50401E-01
  5.0479165141E+01  5.0483331807E+01  1.82767E-03  3.26684E-01
  5.0483331807E+01  5.0487498474E+01  1.83190E-03  3.62563E-01
  5.0487498474E+01  5.0491665141E+01  1.82701E-03  3.27916E-01
  5.0491665141E+01  5.0495831807E+01  1.82768E-03  2.95445E-01
  5.0495831807E+01  5.0499998474E+01  1.82649E-03  3.37143E-01
  5.0499998474E+01  5.0504165141E+01  1.82283E-03  2.94780E-01
  5.0504165141E+01  5.0508331807E+01  1.83259E-03  4.20283E-01
  5.0508331807E+01  5.0512498474E+01  1.82378E-03  2.83374E-01
  5.0512498474E+01  5.0516665141E+01  1.83664E-03  3.66099E-01
  5.0516665141E+01  5.0520831807E+01  1.83738E-03  3.49410E-01
  5.0520831807E+01  5.0524998474E+01  1.83747E-03  3.66298E-01
  5.0524998474E+01  5.0529165141E+01  1.82743E-03  3.06865E-01
  5.0529165141E+01  5.0533331807E+01  1.83223E-03  3.26430E-01
  5.0533331807E+01  5.0537498474E+01  1.83638E-03  3.28396E-01
  5.0537498474E+01  5.0541665141E+01  1.84611E-03  4.19933E-01
  5.0541665141E+01  5.0545831807E+01  1.84311E-03  3.87593E-01
  5.0545831807E+01  5.0549998474E+01  1.84258E-03  4.04986E-01
  5.0549998474E+01  5.0554165141E+01  1.84068E-03  3.98179E-01
  5.0554165141E+01  5.0558331807E+01  1.84516E-03  3.89720E-01
  5.0558331807E+01  5.0562498474E+01  1.84047E-03  3.64398E-01
  5.0562498474E+01  5.0566665141E+01  1.83279E-03  3.25768E-01
  5.0566665141E+01  5.0570831807E+01  1.83497E-03  3.28495E-01
  5.0570831807E+01  5.0574998474E+01  1.83091E-03  2.79963E-01
  5.0574998474E+01  5.0579165141E+01  1.83210E-03  3.08433E-01
  5.0579165141E+01  5.0583331807E+01  1.84246E-03  3.48364E-01
  5.0583331807E+01  5.0587498474E+01  1.84550E-03  3.26104E-01
  5.0587498474E+01  5.0591665141E+01  1.84900E-03  3.33169E-01
  5.0591665141E+01  5.0595831807E+01  1.86450E-03  3.63096E-01
  5.0595831807E+01  5.0599998474E+01  1.86146E-03  3.36043E-01
  5.0599998474E+01  5.0604165141E+01  1.86071E-03  3.05972E-01
  5.0604165141E+01  5.0608331807E+01  1.86684E-03  3.66377E-01
  5.0608331807E+01  5.0612498474E+01  1.86836E-03  3.68134E-01
  5.0612498474E+01  5.0616665141E+01  1.87067E-03  3.44053E-01
  5.0616665141E+01  5.0620831807E+01  1.86885E-03  3.26025E-01
  5.0620831807E+01  5.0624998474E+01  1.86757E-03  3.28742E-01
  5.0624998474E+01  5.0629165141E+01  1.86766E-03  3.33872E-01
  5.0629165141E+01  5.0633331807E+01  1.86869E-03  3.54347E-01
  5.0633331807E+01  5.0637498474E+01  1.87030E-03  3.09180E-01
  5.0637498474E+01  5.0641665141E+01  1.88253E-03  4.27856E-01
  5.0641665141E+01  5.0645831807E+01  1.86940E-03  3.67471E-01
  5.0645831807E+01  5.0649998474E+01  1.86922E-03  3.29736E-01
  5.0649998474E+01  5.0654165141E+01  1.87253E-03  3.25408E-01
  5.0654165141E+01  5.0658331807E+01  1.87479E-03  3.58699E-01
  5.0658331807E+01  5.0662498474E+01  1.87767E-03  4.00490E-01
  5.0662498474E+01  5.0666665141E+01  1.87671E-03  3.75556E-01
  5.0666665141E+01  5.0670831807E+01  1.87654E-03  3.41672E-01
  5.0670831807E+01  5.0674998474E+01  1.87980E-03  3.89544E-01
  5.0674998474E+01  5.0679165141E+01  1.87436E-03  3.21284E-01
  5.0679165141E+01  5.0683331807E+01  1.87931E-03  3.85903E-01
  5.0683331807E+01  5.0687498474E+01  1.87231E-03  3.10059E-01
  5.0687498474E+01  5.0691665141E+01  1.87776E-03  3.50633E-01
  5.0691665141E+01  5.0695831807E+01  1.87862E-03  3.64404E-01
  5.0695831807E+01  5.0699998474E+01  1.87473E-03  3.33161E-01
  5.0699998474E+01  5.0704165141E+01  1.88146E-03  3.47712E-01
  5.0704165141E+01  5.0708331807E+01  1.88364E-03  3.63195E-01
  5.0708331807E+01  5.0712498474E+01  1.88265E-03  3.86896E-01
  5.0712498474E+01  5.0716665141E+01  1.87896E-03  3.05482E-01
  5.0716665141E+01  5.0720831807E+01  1.88576E-03  3.87186E-01
  5.0720831807E+01  5.0724998474E+01  1.87992E-03  3.15808E-01
  5.0724998474E+01  5.0729165141E+01  1.88617E-03  3.88485E-01
  5.0729165141E+01  5.0733331807E+01  1.88111E-03  3.12454E-01
  5.0733331807E+01  5.0737498474E+01  1.89229E-03  3.51800E-01
  5.0737498474E+01  5.0741665141E+01  1.88908E-03  3.32158E-01
  5.0741665141E+01  5.0745831807E+01  1.88248E-03  3.60640E-01
  5.0745831807E+01  5.0749998474E+01  1.88362E-03  3.31762E-01
  5.0749998474E+01  5.0754165141E+01  1.88277E-03  3.30218E-01
  5.0754165141E+01  5.0758331807E+01  1.87884E-03  3.08525E-01
  5.0758331807E+01  5.0762498474E+01  1.88508E-03  3.57983E-01
  5.0762498474E+01  5.0766665141E+01  1.87785E-03  3.00019E-01
  5.0766665141E+01  5.0770831807E+01  1.87851E-03  2.97262E-01
  5.0770831807E+01  5.0774998474E+01  1.87639E-03  2.56221E-01
  5.0774998474E+01  5.0779165141E+01  1.88715E-03  3.39300E-01
  5.0779165141E+01  5.0783331807E+01  1.88238E-03  2.81419E-01
  5.0783331807E+01  5.0787498474E+01  1.88936E-03  3.09956E-01
  5.0787498474E+01  5.0791665141E+01  1.89586E-03  3.80120E-01
  5.0791665141E+01  5.0795831807E+01  1.88615E-03  2.98247E-01
  5.0795831807E+01  5.0799998474E+01  1.89737E-03  3.76419E-01
  5.0799998474E+01  5.0804165141E+01  1.90054E-03  4.07441E-01
  5.0804165141E+01  5.0808331807E+01  1.88930E-03  2.90631E-01
  5.0808331807E+01  5.0812498474E+01  1.89593E-03  3.51978E-01
  5.0812498474E+01  5.0816665141E+01  1.88965E-03  2.83550E-01
  5.0816665141E+01  5.0820831807E+01  1.90716E-03  3.99565E-01
  5.0820831807E+01  5.0824998474E+01  1.89843E-03  3.37914E-01
  5.0824998474E+01  5.0829165141E+01  1.90538E-03  3.98733E-01
  5.0829165141E+01  5.0833331807E+01  1.90088E-03  3.75160E-01
  5.0833331807E+01  5.0837498474E+01  1.90523E-03  3.76646E-01
  5.0837498474E+01  5.0841665141E+01  1.90375E-03  3.33851E-01
  5.0841665141E+01  5.0845831807E+01  1.89947E-03  3.18968E-01
  5.0845831807E+01  5.0849998474E+01  1.90341E-03  3.31842E-01
  5.0849998474E+01  5.0854165141E+01  1.91338E-03  3.88398E-01
  5.0854165141E+01  5.0858331807E+01  1.90744E-03  3.39968E-01
  5.0858331807E+01  5.0862498474E+01  1.90121E-03  3.18336E-01
  5.0862498474E+01  5.0866665141E+01  1.90737E-03  3.73208E-01
  5.0866665141E+01  5.0870831807E+01  1.89780E-03  2.81186E-01
  5.0870831807E+01  5.0874998474E+01  1.89659E-03  2.76784E-01
  5.0874998474E+01  5.0879165141E+01  1.90549E-03  3.06202E-01
  5.0879165141E+01  5.0883331807E+01  1.90980E-03  3.34122E-01
  5.0883331807E+01  5.0887498474E+01  1.90547E-03  3.11192E-01
  5.0887498474E+01  5.0891665141E+01  1.91038E-03  3.34538E-01
  5.0891665141E+01  5.0895831807E+01  1.90855E-03  3.11965E-01
  5.0895831807E+01  5.0899998474E+01  1.90342E-03  2.89740E-01
  5.0899998474E+01  5.0904165141E+01  1.90755E-03  2.98226E-01
  5.0904165141E+01  5.0908331807E+01  1.91016E-03  3.31640E-01
  5.0908331807E+01  5.0912498474E+01  1.91722E-03  4.12432E-01
  5.0912498474E+01  5.0916665141E+01  1.91196E-03  3.50220E-01
  5.0916665141E+01  5.0920831807E+01  1.91945E-03  4.09204E-01
  5.0920831807E+01  5.0924998474E+01  1.92697E-03  4.14552E-01
  5.0924998474E+01  5.0929165141E+01  1.91816E-03  3.34026E-01
  5.0929165141E+01  5.0933331807E+01  1.91154E-03  3.01059E-01
  5.0933331807E+01  5.0937498474E+01  1.91635E-03  3.47090E-01
  5.0937498474E+01  5.0941665141E+01  1.91626E-03  3.11767E-01
  5.0941665141E+01  5.0945831807E+01  1.91400E-03  3.14399E-01
  5.0945831807E+01  5.0949998474E+01  1.91602E-03  3.58394E-01
  5.0949998474E+01  5.0954165141E+01  1.92014E-03  3.83659E-01
  5.0954165141E+01  5.0958331807E+01  1.90968E-03  2.65049E-01
  5.0958331807E+01  5.0962498474E+01  1.91198E-03  2.83613E-01
  5.0962498474E+01  5.0966665141E+01  1.92968E-03  4.12334E-01
  5.0966665141E+01  5.0970831807E+01  1.92551E-03  3.81249E-01
  5.0970831807E+01  5.0974998474E+01  1.92302E-03  3.23333E-01
  5.0974998474E+01  5.0979165141E+01  1.92731E-03  3.27597E-01
  5.0979165141E+01  5.0983331807E+01  1.92589E-03  3.30253E-01
  5.0983331807E+01  5.0987498474E+01  1.92258E-03  2.99862E-01
  5.0987498474E+01  5.0991665141E+01  1.92084E-03  3.28235E-01
  5.0991665141E+01  5.0995831807E+01  1.92053E-03  3.02003E-01
  5.0995831807E+01  5.0999998474E+01  1.92101E-03  2.86161E-01
  5.0999998474E+01  5.1004165141E+01  1.92385E-03  3.21800E-01
  5.1004165141E+01  5.1008331807E+01  1.92933E-03  3.30549E-01
  5.1008331807E+01  5.1012498474E+01  1.93309E-03  3.64775E-01
  5.1012498474E+01  5.1016665141E+01  1.93869E-03  3.77945E-01
  5.1016665141E+01  5.1020831807E+01  1.93385E-03  3.31407E-01
  5.1020831807E+01  5.1024998474E+01  1.93522E-03  3.16062E-01
  5.1024998474E+01  5.1029165141E+01  1.93574E-03  3.52024E-01
  5.1029165141E+01  5.1033331807E+01  1.93702E-03  3.44406E-01
  5.1033331807E+01  5.1037498474E+01  1.92556E-03  2.77158E-01
  5.1037498474E+01  5.1041665141E+01  1.93558E-03  3.08617E-01
  5.1041665141E+01  5.1045831807E+01  1.93911E-03  3.46539E-01
  5.1045831807E+01  5.1049998474E+01  1.93923E-03  3.36964E-01
  5.1049998474E+01  5.1054165141E+01  1.93632E-03  2.85712E-01
  5.1054165141E+01  5.1058331807E+01  1.94337E-03  3.58281E-01
  5.1058331807E+01  5.1062498474E+01  1.95112E-03  4.12007E-01
  5.1062498474E+01  5.1066665141E+01  1.95070E-03  3.48928E-01
  5.1066665141E+01  5.1070831807E+01  1.94565E-03  3.06614E-01
  5.1070831807E+01  5.1074998474E+01  1.94451E-03  2.98149E-01
  5.1074998474E+01  5.1079165141E+01  1.94456E-03  2.78709E-01
  5.1079165141E+01  5.1083331807E+01  1.95210E-03  3.46355E-01
  5.1083331807E+01  5.1087498474E+01  1.94733E-03  2.80909E-01
  5.1087498474E+01  5.1091665141E+01  1.95611E-03  2.95165E-01
  5.1091665141E+01  5.1095831807E+01  1.96049E-03  3.34847E-01
  5.1095831807E+01  5.1099998474E+01  1.96327E-03  3.56105E-01
  5.1099998474E+01  5.1104165141E+01  1.96555E-03  3.24683E-01
  5.1104165141E+01  5.1108331807E+01  1.96073E-03  3.27359E-01
  5.1108331807E+01  5.1112498474E+01  1.96841E-03  3.53845E-01
  5.1112498474E+01  5.1116665141E+01  1.96359E-03  3.22494E-01
  5.1116665141E+01  5.1120831807E+01  1.96295E-03  3.14366E-01
  5.1120831807E+01  5.1124998474E+01  1.96549E-03  3.06007E-01
  5.1124998474E+01  5.1129165141E+01  1.95793E-03  2.87134E-01
  5.1129165141E+01  5.1133331807E+01  1.96425E-03  2.84191E-01
  5.1133331807E+01  5.1137498474E+01  1.96601E-03  3.16008E-01
  5.1137498474E+01  5.1141665141E+01  1.97368E-03  3.81686E-01
  5.1141665141E+01  5.1145831807E+01  1.96581E-03  2.67689E-01
  5.1145831807E+01  5.1149998474E+01  1.96997E-03  3.01335E-01
  5.1149998474E+01  5.1154165141E+01  1.98563E-03  4.13356E-01
  5.1154165141E+01  5.1158331807E+01  1.97444E-03  3.00887E-01
  5.1158331807E+01  5.1162498474E+01  1.97807E-03  3.40408E-01
  5.1162498474E+01  5.1166665141E+01  1.98373E-03  3.61867E-01
  5.1166665141E+01  5.1170831807E+01  1.98419E-03  3.57300E-01
  5.1170831807E+01  5.1174998474E+01  1.98064E-03  3.35670E-01
  5.1174998474E+01  5.1179165141E+01  1.99157E-03  3.77272E-01
  5.1179165141E+01  5.1183331807E+01  1.98527E-03  3.12382E-01
  5.1183331807E+01  5.1187498474E+01  1.98352E-03  2.94307E-01
  5.1187498474E+01  5.1191665141E+01  1.98919E-03  3.48649E-01
  5.1191665141E+01  5.1195831807E+01  1.98488E-03  2.93599E-01
  5.1195831807E+01  5.1199998474E+01  1.99770E-03  3.64624E-01
  5.1199998474E+01  5.1204165141E+01  1.98440E-03  2.88462E-01
  5.1204165141E+01  5.1208331807E+01  1.99062E-03  3.22168E-01
  5.1208331807E+01  5.1212498474E+01  1.99223E-03  3.25153E-01
  5.1212498474E+01  5.1216665141E+01  1.98542E-03  2.84080E-01
  5.1216665141E+01  5.1220831807E+01  1.98741E-03  2.89300E-01
  5.1220831807E+01  5.1224998474E+01  1.99062E-03  3.17090E-01
  5.1224998474E+01  5.1229165141E+01  1.98784E-03  3.07925E-01
  5.1229165141E+01  5.1233331807E+01  1.99468E-03  3.29188E-01
  5.1233331807E+01  5.1237498474E+01  1.99326E-03  3.23719E-01
  5.1237498474E+01  5.1241665141E+01  1.99177E-03  2.81684E-01
  5.1241665141E+01  5.1245831807E+01  1.99177E-03  2.85931E-01
  5.1245831807E+01  5.1249998474E+01  1.99752E-03  3.41573E-01
  5.1249998474E+01  5.1254165141E+01  1.99978E-03  3.01447E-01
  5.1254165141E+01  5.1258331807E+01  2.00064E-03  3.31809E-01
  5.1258331807E+01  5.1262498474E+01  1.99802E-03  2.85682E-01
  5.1262498474E+01  5.1266665141E+01  2.00830E-03  3.35795E-01
  5.1266665141E+01  5.1270831807E+01  2.00909E-03  3.29844E-01
  5.1270831807E+01  5.1274998474E+01  2.00543E-03  3.22918E-01
  5.1274998474E+01  5.1279165141E+01  2.01317E-03  3.37588E-01
  5.1279165141E+01  5.1283331807E+01  2.00847E-03  3.10062E-01
  5.1283331807E+01  5.1287498474E+01  2.01143E-03  3.85904E-01
  5.1287498474E+01  5.1291665141E+01  2.01382E-03  3.44326E-01
  5.1291665141E+01  5.1295831807E+01  2.01252E-03  3.05726E-01
  5.1295831807E+01  5.1299998474E+01  2.00620E-03  2.80939E-01
  5.1299998474E+01  5.1304165141E+01  2.01499E-03  3.10174E-01
  5.1304165141E+01  5.1308331807E+01  2.02684E-03  3.57934E-01
  5.1308331807E+01  5.1312498474E+01  2.02049E-03  3.23235E-01
  5.1312498474E+01  5.1316665141E+01  2.01933E-03  3.13072E-01
  5.1316665141E+01  5.1320831807E+01  2.03017E-03  3.63094E-01
  5.1320831807E+01  5.1324998474E+01  2.02416E-03  3.48696E-01
  5.1324998474E+01  5.1329165141E+01  2.03514E-03  4.18753E-01
  5.1329165141E+01  5.1333331807E+01  2.02009E-03  2.93238E-01
  5.1333331807E+01  5.1337498474E+01  2.02670E-03  3.31241E-01
  5.1337498474E+01  5.1341665141E+01  2.01985E-03  2.81244E-01
  5.1341665141E+01  5.1345831807E+01  2.02751E-03  3.10225E-01
  5.1345831807E+01  5.1349998474E+01  2.02404E-03  2.98302E-01
  5.1349998474E+01  5.1354165141E+01  2.02755E-03  3.02209E-01
  5.1354165141E+01  5.1358331807E+01  2.02977E-03  3.03009E-01
  5.1358331807E+01  5.1362498474E+01  2.03775E-03  3.42651E-01
  5.1362498474E+01  5.1366665141E+01  2.03245E-03  3.31594E-01
  5.1366665141E+01  5.1370831807E+01  2.03297E-03  3.32152E-01
  5.1370831807E+01  5.1374998474E+01  2.04035E-03  3.71387E-01
  5.1374998474E+01  5.1379165141E+01  2.03234E-03  3.02281E-01
  5.1379165141E+01  5.1383331807E+01  2.04073E-03  3.38777E-01
  5.1383331807E+01  5.1387498474E+01  2.04489E-03  3.69171E-01
  5.1387498474E+01  5.1391665141E+01  2.03858E-03  2.96674E-01
  5.1391665141E+01  5.1395831807E+01  2.04011E-03  3.26849E-01
  5.1395831807E+01  5.1399998474E+01  2.03832E-03  3.13305E-01
  5.1399998474E+01  5.1404165141E+01  2.04005E-03  2.93263E-01
  5.1404165141E+01  5.1408331807E+01  2.05466E-03  3.71533E-01
  5.1408331807E+01  5.1412498474E+01  2.03647E-03  2.85154E-01
  5.1412498474E+01  5.1416665141E+01  2.03568E-03  2.62975E-01
  5.1416665141E+01  5.1420831807E+01  2.04638E-03  3.56828E-01
  5.1420831807E+01  5.1424998474E+01  2.04905E-03  3.43666E-01
  5.1424998474E+01  5.1429165141E+01  2.04865E-03  3.15791E-01
  5.1429165141E+01  5.1433331807E+01  2.04771E-03  2.91121E-01
  5.1433331807E+01  5.1437498474E+01  2.04312E-03  2.75641E-01
  5.1437498474E+01  5.1441665141E+01  2.04768E-03  2.97519E-01
  5.1441665141E+01  5.1445831807E+01  2.06106E-03  3.56462E-01
  5.1445831807E+01  5.1449998474E+01  2.06734E-03  3.58146E-01
  5.1449998474E+01  5.1454165141E+01  2.05983E-03  3.12238E-01
  5.1454165141E+01  5.1458331807E+01  2.06253E-03  3.27233E-01
  5.1458331807E+01  5.1462498474E+01  2.06605E-03  3.48026E-01
  5.1462498474E+01  5.1466665141E+01  2.06238E-03  3.50006E-01
  5.1466665141E+01  5.1470831807E+01  2.06803E-03  3.56603E-01
  5.1470831807E+01  5.1474998474E+01  2.05949E-03  2.90574E-01
  5.1474998474E+01  5.1479165141E+01  2.06762E-03  3.38748E-01
  5.1479165141E+01  5.1483331807E+01  2.07203E-03  3.41508E-01
  5.1483331807E+01  5.1487498474E+01  2.07520E-03  3.69566E-01
  5.1487498474E+01  5.1491665141E+01  2.06709E-03  3.10370E-01
  5.1491665141E+01  5.1495831807E+01  2.06714E-03  2.95913E-01
  5.1495831807E+01  5.1499998474E+01  2.07559E-03  3.68105E-01
  5.1499998474E+01  5.1504165141E+01  2.07129E-03  2.88674E-01
  5.1504165141E+01  5.1508331807E+01  2.07656E-03  3.32085E-01
  5.1508331807E+01  5.1512498474E+01  2.07450E-03  3.17292E-01
  5.1512498474E+01  5.1516665141E+01  2.07094E-03  2.90021E-01
  5.1516665141E+01  5.1520831807E+01  2.07599E-03  2.94916E-01
  5.1520831807E+01  5.1524998474E+01  2.07666E-03  3.11336E-01
  5.1524998474E+01  5.1529165141E+01  2.08089E-03  2.81557E-01
  5.1529165141E+01  5.1533331807E+01  2.08370E-03  3.03587E-01
  5.1533331807E+01  5.1537498474E+01  2.08475E-03  2.98683E-01
  5.1537498474E+01  5.1541665141E+01  2.08536E-03  2.93878E-01
  5.1541665141E+01  5.1545831807E+01  2.08823E-03  3.03918E-01
  5.1545831807E+01  5.1549998474E+01  2.09168E-03  3.05738E-01
  5.1549998474E+01  5.1554165141E+01  2.10070E-03  3.42444E-01
  5.1554165141E+01  5.1558331807E+01  2.09752E-03  3.06556E-01
  5.1558331807E+01  5.1562498474E+01  2.09900E-03  3.09700E-01
  5.1562498474E+01  5.1566665141E+01  2.09509E-03  2.91046E-01
  5.1566665141E+01  5.1570831807E+01  2.09899E-03  2.91662E-01
  5.1570831807E+01  5.1574998474E+01  2.10522E-03  3.23655E-01
  5.1574998474E+01  5.1579165141E+01  2.10509E-03  3.21723E-01
  5.1579165141E+01  5.1583331807E+01  2.09990E-03  3.07540E-01
  5.1583331807E+01  5.1587498474E+01  2.10682E-03  3.08191E-01
  5.1587498474E+01  5.1591665141E+01  2.10943E-03  3.27583E-01
  5.1591665141E+01  5.1595831807E+01  2.11060E-03  3.47738E-01
  5.1595831807E+01  5.1599998474E+01  2.10234E-03  2.83155E-01
  5.1599998474E+01  5.1604165141E+01  2.10878E-03  3.21115E-01
  5.1604165141E+01  5.1608331807E+01  2.10391E-03  2.84326E-01
  5.1608331807E+01  5.1612498474E+01  2.10972E-03  3.10933E-01
  5.1612498474E+01  5.1616665141E+01  2.11238E-03  3.24703E-01
  5.1616665141E+01  5.1620831807E+01  2.11218E-03  3.42296E-01
  5.1620831807E+01  5.1624998474E+01  2.10403E-03  2.71577E-01
  5.1624998474E+01  5.1629165141E+01  2.11247E-03  3.17627E-01
  5.1629165141E+01  5.1633331807E+01  2.11925E-03  3.36537E-01
  5.1633331807E+01  5.1637498474E+01  2.10804E-03  2.66976E-01
  5.1637498474E+01  5.1641665141E+01  2.11255E-03  3.00795E-01
  5.1641665141E+01  5.1645831807E+01  2.12482E-03  3.44151E-01
  5.1645831807E+01  5.1649998474E+01  2.11703E-03  2.85702E-01
  5.1649998474E+01  5.1654165141E+01  2.12177E-03  3.16164E-01
  5.1654165141E+01  5.1658331807E+01  2.12609E-03  3.54097E-01
  5.1658331807E+01  5.1662498474E+01  2.11425E-03  2.64103E-01
  5.1662498474E+01  5.1666665141E+01  2.12043E-03  2.67361E-01
  5.1666665141E+01  5.1670831807E+01  2.12591E-03  3.19334E-01
  5.1670831807E+01  5.1674998474E+01  2.13882E-03  3.78186E-01
  5.1674998474E+01  5.1679165141E+01  2.14051E-03  3.59233E-01
  5.1679165141E+01  5.1683331807E+01  2.14491E-03  3.57066E-01
  5.1683331807E+01  5.1687498474E+01  2.13868E-03  3.37563E-01
  5.1687498474E+01  5.1691665141E+01  2.13253E-03  2.87883E-01
  5.1691665141E+01  5.1695831807E+01  2.13345E-03  2.97401E-01
  5.1695831807E+01  5.1699998474E+01  2.13715E-03  3.01324E-01
  5.1699998474E+01  5.1704165141E+01  2.13450E-03  2.89157E-01
  5.1704165141E+01  5.1708331807E+01  2.14824E-03  3.91000E-01
  5.1708331807E+01  5.1712498474E+01  2.15122E-03  3.28804E-01
  5.1712498474E+01  5.1716665141E+01  2.15408E-03  3.41718E-01
  5.1716665141E+01  5.1720831807E+01  2.14828E-03  3.33248E-01
  5.1720831807E+01  5.1724998474E+01  2.15114E-03  3.25257E-01
  5.1724998474E+01  5.1729165141E+01  2.15963E-03  3.69890E-01
  5.1729165141E+01  5.1733331807E+01  2.14654E-03  3.12495E-01
  5.1733331807E+01  5.1737498474E+01  2.14647E-03  2.79303E-01
  5.1737498474E+01  5.1741665141E+01  2.14264E-03  2.57024E-01
  5.1741665141E+01  5.1745831807E+01  2.14317E-03  2.62516E-01
  5.1745831807E+01  5.1749998474E+01  2.15184E-03  3.43834E-01
  5.1749998474E+01  5.1754165141E+01  2.15286E-03  2.86354E-01
  5.1754165141E+01  5.1758331807E+01  2.16242E-03  3.28493E-01
  5.1758331807E+01  5.1762498474E+01  2.15521E-03  2.95776E-01
  5.1762498474E+01  5.1766665141E+01  2.15433E-03  2.63130E-01
  5.1766665141E+01  5.1770831807E+01  2.16399E-03  3.27800E-01
  5.1770831807E+01  5.1774998474E+01  2.17466E-03  3.40571E-01
  5.1774998474E+01  5.1779165141E+01  2.17397E-03  3.26196E-01
  5.1779165141E+01  5.1783331807E+01  2.16911E-03  2.91331E-01
  5.1783331807E+01  5.1787498474E+01  2.17675E-03  3.21372E-01
  5.1787498474E+01  5.1791665141E+01  2.17527E-03  3.34558E-01
  5.1791665141E+01  5.1795831807E+01  2.17116E-03  2.88704E-01
  5.1795831807E+01  5.1799998474E+01  2.16811E-03  2.74656E-01
  5.1799998474E+01  5.1804165141E+01  2.17662E-03  3.17889E-01
  5.1804165141E+01  5.1808331807E+01  2.17966E-03  3.17484E-01
  5.1808331807E+01  5.1812498474E+01  2.18320E-03  3.08813E-01
  5.1812498474E+01  5.1816665141E+01  2.18024E-03  2.93936E-01
  5.1816665141E+01  5.1820831807E+01  2.19179E-03  3.42317E-01
  5.1820831807E+01  5.1824998474E+01  2.18491E-03  2.81101E-01
  5.1824998474E+01  5.1829165141E+01  2.17909E-03  2.62799E-01
  5.1829165141E+01  5.1833331807E+01  2.19580E-03  3.31893E-01
  5.1833331807E+01  5.1837498474E+01  2.19351E-03  3.06506E-01
  5.1837498474E+01  5.1841665141E+01  2.19762E-03  3.21712E-01
  5.1841665141E+01  5.1845831807E+01  2.20257E-03  3.30960E-01
  5.1845831807E+01  5.1849998474E+01  2.20143E-03  3.47169E-01
  5.1849998474E+01  5.1854165141E+01  2.20042E-03  3.02623E-01
  5.1854165141E+01  5.1858331807E+01  2.19787E-03  3.09340E-01
  5.1858331807E+01  5.1862498474E+01  2.19494E-03  2.75788E-01
  5.1862498474E+01  5.1866665141E+01  2.19215E-03  2.48157E-01
  5.1866665141E+01  5.1870831807E+01  2.19760E-03  2.79227E-01
  5.1870831807E+01  5.1874998474E+01  2.20659E-03  3.06398E-01
  5.1874998474E+01  5.1879165141E+01  2.20195E-03  2.81018E-01
  5.1879165141E+01  5.1883331807E+01  2.20528E-03  2.84606E-01
  5.1883331807E+01  5.1887498474E+01  2.21353E-03  3.15139E-01
  5.1887498474E+01  5.1891665141E+01  2.20662E-03  2.54521E-01
  5.1891665141E+01  5.1895831807E+01  2.20950E-03  2.65063E-01
  5.1895831807E+01  5.1899998474E+01  2.21356E-03  2.83580E-01
  5.1899998474E+01  5.1904165141E+01  2.21359E-03  2.66724E-01
  5.1904165141E+01  5.1908331807E+01  2.21805E-03  2.81924E-01
  5.1908331807E+01  5.1912498474E+01  2.21535E-03  2.78289E-01
  5.1912498474E+01  5.1916665141E+01  2.21618E-03  2.65573E-01
  5.1916665141E+01  5.1920831807E+01  2.22087E-03  2.67621E-01
  5.1920831807E+01  5.1924998474E+01  2.22737E-03  2.89573E-01
  5.1924998474E+01  5.1929165141E+01  2.23162E-03  2.80342E-01
  5.1929165141E+01  5.1933331807E+01  2.23751E-03  3.14882E-01
  5.1933331807E+01  5.1937498474E+01  2.24114E-03  3.28694E-01
  5.1937498474E+01  5.1941665141E+01  2.24688E-03  3.42065E-01
  5.1941665141E+01  5.1945831807E+01  2.24033E-03  3.16486E-01
  5.1945831807E+01  5.1949998474E+01  2.24390E-03  3.08880E-01
  5.1949998474E+01  5.1954165141E+01  2.24596E-03  3.20302E-01
  5.1954165141E+01  5.1958331807E+01  2.24189E-03  2.91804E-01
  5.1958331807E+01  5.1962498474E+01  2.24624E-03  3.16343E-01
  5.1962498474E+01  5.1966665141E+01  2.23851E-03  2.61346E-01
  5.1966665141E+01  5.1970831807E+01  2.25365E-03  3.42383E-01
  5.1970831807E+01  5.1974998474E+01  2.25610E-03  3.17225E-01
  5.1974998474E+01  5.1979165141E+01  2.24869E-03  2.97142E-01
  5.1979165141E+01  5.1983331807E+01  2.24519E-03  2.76180E-01
  5.1983331807E+01  5.1987498474E+01  2.25164E-03  2.80802E-01
  5.1987498474E+01  5.1991665141E+01  2.26886E-03  3.64575E-01
  5.1991665141E+01  5.1995831807E+01  2.25780E-03  2.93362E-01
  5.1995831807E+01  5.1999998474E+01  2.25755E-03  2.66638E-01
  5.1999998474E+01  5.2004165141E+01  2.27083E-03  3.40223E-01
  5.2004165141E+01  5.2008331807E+01  2.26631E-03  3.02855E-01
  5.2008331807E+01  5.2012498474E+01  2.26028E-03  2.63356E-01
  5.2012498474E+01  5.2016665141E+01  2.27358E-03  3.34009E-01
  5.2016665141E+01  5.2020831807E+01  2.26428E-03  2.77248E-01
  5.2020831807E+01  5.2024998474E+01  2.26722E-03  2.89873E-01
  5.2024998474E+01  5.2029165141E+01  2.27601E-03  3.16815E-01
  5.2029165141E+01  5.2033331807E+01  2.27179E-03  2.78452E-01
  5.2033331807E+01  5.2037498474E+01  2.28728E-03  3.86028E-01
  5.2037498474E+01  5.2041665141E+01  2.27608E-03  3.21575E-01
  5.2041665141E+01  5.2045831807E+01  2.27577E-03  2.84384E-01
  5.2045831807E+01  5.2049998474E+01  2.28209E-03  2.99563E-01
  5.2049998474E+01  5.2054165141E+01  2.28463E-03  2.93040E-01
  5.2054165141E+01  5.2058331807E+01  2.28654E-03  3.25513E-01
  5.2058331807E+01  5.2062498474E+01  2.28851E-03  3.01329E-01
  5.2062498474E+01  5.2066665141E+01  2.28859E-03  3.13871E-01
  5.2066665141E+01  5.2070831807E+01  2.29166E-03  3.03040E-01
  5.2070831807E+01  5.2074998474E+01  2.29272E-03  2.93649E-01
  5.2074998474E+01  5.2079165141E+01  2.29323E-03  2.80186E-01
  5.2079165141E+01  5.2083331807E+01  2.29574E-03  2.94115E-01
  5.2083331807E+01  5.2087498474E+01  2.29974E-03  3.00551E-01
  5.2087498474E+01  5.2091665141E+01  2.30409E-03  2.98098E-01
  5.2091665141E+01  5.2095831807E+01  2.31252E-03  3.28882E-01
  5.2095831807E+01  5.2099998474E+01  2.31355E-03  3.16112E-01
  5.2099998474E+01  5.2104165141E+01  2.30979E-03  2.96180E-01
  5.2104165141E+01  5.2108331807E+01  2.31051E-03  2.83935E-01
  5.2108331807E+01  5.2112498474E+01  2.32008E-03  3.18224E-01
  5.2112498474E+01  5.2116665141E+01  2.32151E-03  3.26256E-01
  5.2116665141E+01  5.2120831807E+01  2.31624E-03  2.94894E-01
  5.2120831807E+01  5.2124998474E+01  2.31646E-03  2.75206E-01
  5.2124998474E+01  5.2129165141E+01  2.31400E-03  2.49835E-01
  5.2129165141E+01  5.2133331807E+01  2.31901E-03  2.71524E-01
  5.2133331807E+01  5.2137498474E+01  2.32154E-03  2.70483E-01
  5.2137498474E+01  5.2141665141E+01  2.33145E-03  3.10775E-01
  5.2141665141E+01  5.2145831807E+01  2.33928E-03  3.29630E-01
  5.2145831807E+01  5.2149998474E+01  2.34045E-03  3.24815E-01
  5.2149998474E+01  5.2154165141E+01  2.33802E-03  3.11319E-01
  5.2154165141E+01  5.2158331807E+01  2.34746E-03  3.34252E-01
  5.2158331807E+01  5.2162498474E+01  2.34332E-03  2.93611E-01
  5.2162498474E+01  5.2166665141E+01  2.34640E-03  3.11012E-01
  5.2166665141E+01  5.2170831807E+01  2.34914E-03  3.01693E-01
  5.2170831807E+01  5.2174998474E+01  2.34174E-03  2.60758E-01
  5.2174998474E+01  5.2179165141E+01  2.35843E-03  3.27478E-01
  5.2179165141E+01  5.2183331807E+01  2.35184E-03  2.79973E-01
  5.2183331807E+01  5.2187498474E+01  2.35808E-03  2.82061E-01
  5.2187498474E+01  5.2191665141E+01  2.36323E-03  3.02652E-01
  5.2191665141E+01  5.2195831807E+01  2.36206E-03  2.85509E-01
  5.2195831807E+01  5.2199998474E+01  2.36653E-03  3.07505E-01
  5.2199998474E+01  5.2204165141E+01  2.36855E-03  3.03692E-01
  5.2204165141E+01  5.2208331807E+01  2.38391E-03  3.62339E-01
  5.2208331807E+01  5.2212498474E+01  2.36588E-03  2.72313E-01
  5.2212498474E+01  5.2216665141E+01  2.37006E-03  2.81300E-01
  5.2216665141E+01  5.2220831807E+01  2.37380E-03  2.79008E-01
  5.2220831807E+01  5.2224998474E+01  2.37901E-03  2.81573E-01
  5.2224998474E+01  5.2229165141E+01  2.38541E-03  2.89607E-01
  5.2229165141E+01  5.2233331807E+01  2.38741E-03  3.25503E-01
  5.2233331807E+01  5.2237498474E+01  2.38311E-03  2.71641E-01
  5.2237498474E+01  5.2241665141E+01  2.39099E-03  2.97776E-01
  5.2241665141E+01  5.2245831807E+01  2.39888E-03  3.16978E-01
  5.2245831807E+01  5.2249998474E+01  2.40064E-03  3.14514E-01
  5.2249998474E+01  5.2254165141E+01  2.40353E-03  3.16363E-01
  5.2254165141E+01  5.2258331807E+01  2.40404E-03  3.05145E-01
  5.2258331807E+01  5.2262498474E+01  2.40591E-03  2.97208E-01
  5.2262498474E+01  5.2266665141E+01  2.40315E-03  2.82748E-01
  5.2266665141E+01  5.2270831807E+01  2.41043E-03  3.07707E-01
  5.2270831807E+01  5.2274998474E+01  2.40512E-03  2.86535E-01
  5.2274998474E+01  5.2279165141E+01  2.40856E-03  2.95740E-01
  5.2279165141E+01  5.2283331807E+01  2.42050E-03  3.40552E-01
  5.2283331807E+01  5.2287498474E+01  2.41442E-03  2.88262E-01
  5.2287498474E+01  5.2291665141E+01  2.41388E-03  2.77936E-01
  5.2291665141E+01  5.2295831807E+01  2.42037E-03  2.94028E-01
  5.2295831807E+01  5.2299998474E+01  2.42554E-03  3.05084E-01
  5.2299998474E+01  5.2304165141E+01  2.43339E-03  3.47594E-01
  5.2304165141E+01  5.2308331807E+01  2.42841E-03  2.87467E-01
  5.2308331807E+01  5.2312498474E+01  2.43266E-03  2.95412E-01
  5.2312498474E+01  5.2316665141E+01  2.43208E-03  2.80371E-01
  5.2316665141E+01  5.2320831807E+01  2.44857E-03  3.18753E-01
  5.2320831807E+01  5.2324998474E+01  2.45190E-03  3.42913E-01
  5.2324998474E+01  5.2329165141E+01  2.43952E-03  3.00956E-01
  5.2329165141E+01  5.2333331807E+01  2.44763E-03  3.02346E-01
  5.2333331807E+01  5.2337498474E+01  2.44563E-03  2.93142E-01
  5.2337498474E+01  5.2341665141E+01  2.45919E-03  3.10699E-01
  5.2341665141E+01  5.2345831807E+01  2.45329E-03  2.77778E-01
  5.2345831807E+01  5.2349998474E+01  2.45412E-03  2.95322E-01
  5.2349998474E+01  5.2354165141E+01  2.45624E-03  2.77917E-01
  5.2354165141E+01  5.2358331807E+01  2.46524E-03  2.92879E-01
  5.2358331807E+01  5.2362498474E+01  2.47832E-03  3.34408E-01
  5.2362498474E+01  5.2366665141E+01  2.47093E-03  2.94526E-01
  5.2366665141E+01  5.2370831807E+01  2.46983E-03  3.04016E-01
  5.2370831807E+01  5.2374998474E+01  2.46876E-03  2.75732E-01
  5.2374998474E+01  5.2379165141E+01  2.47256E-03  2.81673E-01
  5.2379165141E+01  5.2383331807E+01  2.46636E-03  2.60802E-01
  5.2383331807E+01  5.2387498474E+01  2.48165E-03  2.94138E-01
  5.2387498474E+01  5.2391665141E+01  2.49184E-03  3.32357E-01
  5.2391665141E+01  5.2395831807E+01  2.48623E-03  2.86283E-01
  5.2395831807E+01  5.2399998474E+01  2.48972E-03  3.21592E-01
  5.2399998474E+01  5.2404165141E+01  2.48848E-03  2.89296E-01
  5.2404165141E+01  5.2408331807E+01  2.49123E-03  2.80061E-01
  5.2408331807E+01  5.2412498474E+01  2.49227E-03  2.70368E-01
  5.2412498474E+01  5.2416665141E+01  2.49680E-03  2.70300E-01
  5.2416665141E+01  5.2420831807E+01  2.49622E-03  2.61510E-01
  5.2420831807E+01  5.2424998474E+01  2.51191E-03  3.11274E-01
  5.2424998474E+01  5.2429165141E+01  2.51126E-03  3.00111E-01
  5.2429165141E+01  5.2433331807E+01  2.50652E-03  2.59309E-01
  5.2433331807E+01  5.2437498474E+01  2.52370E-03  3.22381E-01
  5.2437498474E+01  5.2441665141E+01  2.51655E-03  2.68185E-01
  5.2441665141E+01  5.2445831807E+01  2.52120E-03  2.68008E-01
  5.2445831807E+01  5.2449998474E+01  2.52781E-03  3.05685E-01
  5.2449998474E+01  5.2454165141E+01  2.53398E-03  3.01193E-01
  5.2454165141E+01  5.2458331807E+01  2.53710E-03  2.80122E-01
  5.2458331807E+01  5.2462498474E+01  2.53934E-03  2.83252E-01
  5.2462498474E+01  5.2466665141E+01  2.54208E-03  2.88157E-01
  5.2466665141E+01  5.2470831807E+01  2.54504E-03  2.86833E-01
  5.2470831807E+01  5.2474998474E+01  2.54465E-03  2.80870E-01
  5.2474998474E+01  5.2479165141E+01  2.54945E-03  2.79222E-01
  5.2479165141E+01  5.2483331807E+01  2.55513E-03  2.80307E-01
  5.2483331807E+01  5.2487498474E+01  2.56114E-03  2.97351E-01
  5.2487498474E+01  5.2491665141E+01  2.56258E-03  2.87177E-01
  5.2491665141E+01  5.2495831807E+01  2.57264E-03  2.87965E-01
  5.2495831807E+01  5.2499998474E+01  2.57589E-03  3.03868E-01
  5.2499998474E+01  5.2504165141E+01  2.57135E-03  2.72345E-01
  5.2504165141E+01  5.2508331807E+01  2.58146E-03  2.94249E-01
  5.2508331807E+01  5.2512498474E+01  2.59035E-03  3.16492E-01
  5.2512498474E+01  5.2516665141E+01  2.59048E-03  3.05317E-01
  5.2516665141E+01  5.2520831807E+01  2.58886E-03  2.93290E-01
  5.2520831807E+01  5.2524998474E+01  2.59121E-03  2.86559E-01
  5.2524998474E+01  5.2529165141E+01  2.59889E-03  2.96297E-01
  5.2529165141E+01  5.2533331807E+01  2.60331E-03  2.95860E-01
  5.2533331807E+01  5.2537498474E+01  2.60142E-03  2.75169E-01
  5.2537498474E+01  5.2541665141E+01  2.60319E-03  2.83766E-01
  5.2541665141E+01  5.2545831807E+01  2.60780E-03  2.97716E-01
  5.2545831807E+01  5.2549998474E+01  2.60716E-03  2.79335E-01
  5.2549998474E+01  5.2554165141E+01  2.60991E-03  2.91932E-01
  5.2554165141E+01  5.2558331807E+01  2.61696E-03  3.02469E-01
  5.2558331807E+01  5.2562498474E+01  2.62176E-03  3.12269E-01
  5.2562498474E+01  5.2566665141E+01  2.61950E-03  2.95670E-01
  5.2566665141E+01  5.2570831807E+01  2.62532E-03  2.72286E-01
  5.2570831807E+01  5.2574998474E+01  2.63184E-03  2.92517E-01
  5.2574998474E+01  5.2579165141E+01  2.63895E-03  2.96815E-01
  5.2579165141E+01  5.2583331807E+01  2.63947E-03  2.91248E-01
  5.2583331807E+01  5.2587498474E+01  2.64697E-03  2.96441E-01
  5.2587498474E+01  5.2591665141E+01  2.64975E-03  2.94547E-01
  5.2591665141E+01  5.2595831807E+01  2.65006E-03  3.05953E-01
  5.2595831807E+01  5.2599998474E+01  2.65624E-03  2.90064E-01
  5.2599998474E+01  5.2604165141E+01  2.66020E-03  3.01045E-01
  5.2604165141E+01  5.2608331807E+01  2.65858E-03  2.86280E-01
  5.2608331807E+01  5.2612498474E+01  2.66633E-03  2.94455E-01
  5.2612498474E+01  5.2616665141E+01  2.66795E-03  2.96520E-01
  5.2616665141E+01  5.2620831807E+01  2.66462E-03  2.79975E-01
  5.2620831807E+01  5.2624998474E+01  2.66436E-03  2.66015E-01
  5.2624998474E+01  5.2629165141E+01  2.67330E-03  2.62661E-01
  5.2629165141E+01  5.2633331807E+01  2.67952E-03  2.81873E-01
  5.2633331807E+01  5.2637498474E+01  2.68838E-03  2.83033E-01
  5.2637498474E+01  5.2641665141E+01  2.69711E-03  2.92069E-01
  5.2641665141E+01  5.2645831807E+01  2.69518E-03  2.86646E-01
  5.2645831807E+01  5.2649998474E+01  2.69755E-03  2.77464E-01
  5.2649998474E+01  5.2654165141E+01  2.70180E-03  3.04920E-01
  5.2654165141E+01  5.2658331807E+01  2.69806E-03  2.52393E-01
  5.2658331807E+01  5.2662498474E+01  2.71107E-03  2.82298E-01
  5.2662498474E+01  5.2666665141E+01  2.71957E-03  2.69925E-01
  5.2666665141E+01  5.2670831807E+01  2.72658E-03  2.84628E-01
  5.2670831807E+01  5.2674998474E+01  2.73272E-03  2.91347E-01
  5.2674998474E+01  5.2679165141E+01  2.72974E-03  2.57559E-01
  5.2679165141E+01  5.2683331807E+01  2.74018E-03  2.90347E-01
  5.2683331807E+01  5.2687498474E+01  2.74041E-03  2.75613E-01
  5.2687498474E+01  5.2691665141E+01  2.74006E-03  2.53681E-01
  5.2691665141E+01  5.2695831807E+01  2.74748E-03  2.71098E-01
  5.2695831807E+01  5.2699998474E+01  2.75478E-03  2.77958E-01
  5.2699998474E+01  5.2704165141E+01  2.75408E-03  2.54040E-01
  5.2704165141E+01  5.2708331807E+01  2.76764E-03  2.82998E-01
  5.2708331807E+01  5.2712498474E+01  2.77072E-03  2.75652E-01
  5.2712498474E+01  5.2716665141E+01  2.77792E-03  2.76584E-01
  5.2716665141E+01  5.2720831807E+01  2.77771E-03  2.54945E-01
  5.2720831807E+01  5.2724998474E+01  2.78698E-03  2.81051E-01
  5.2724998474E+01  5.2729165141E+01  2.78827E-03  2.56745E-01
  5.2729165141E+01  5.2733331807E+01  2.80010E-03  2.77391E-01
  5.2733331807E+01  5.2737498474E+01  2.80124E-03  2.61310E-01
  5.2737498474E+01  5.2741665141E+01  2.81254E-03  2.70582E-01
  5.2741665141E+01  5.2745831807E+01  2.81659E-03  2.78318E-01
  5.2745831807E+01  5.2749998474E+01  2.81778E-03  2.59662E-01
  5.2749998474E+01  5.2754165141E+01  2.83188E-03  2.90040E-01
  5.2754165141E+01  5.2758331807E+01  2.83689E-03  2.90689E-01
  5.2758331807E+01  5.2762498474E+01  2.83486E-03  2.76307E-01
  5.2762498474E+01  5.2766665141E+01  2.84500E-03  2.84049E-01
  5.2766665141E+01  5.2770831807E+01  2.84134E-03  2.53509E-01
  5.2770831807E+01  5.2774998474E+01  2.84803E-03  2.78950E-01
  5.2774998474E+01  5.2779165141E+01  2.85180E-03  2.59559E-01
  5.2779165141E+01  5.2783331807E+01  2.86034E-03  2.72083E-01
  5.2783331807E+01  5.2787498474E+01  2.86097E-03  2.62644E-01
  5.2787498474E+01  5.2791665141E+01  2.86758E-03  2.70864E-01
  5.2791665141E+01  5.2795831807E+01  2.87740E-03  2.70940E-01
  5.2795831807E+01  5.2799998474E+01  2.87450E-03  2.61542E-01
  5.2799998474E+01  5.2804165141E+01  2.88607E-03  2.71633E-01
  5.2804165141E+01  5.2808331807E+01  2.89107E-03  2.61900E-01
  5.2808331807E+01  5.2812498474E+01  2.90247E-03  2.71054E-01
  5.2812498474E+01  5.2816665141E+01  2.91294E-03  2.88674E-01
  5.2816665141E+01  5.2820831807E+01  2.91664E-03  2.71885E-01
  5.2820831807E+01  5.2824998474E+01  2.92721E-03  2.99127E-01
  5.2824998474E+01  5.2829165141E+01  2.93029E-03  2.75330E-01
  5.2829165141E+01  5.2833331807E+01  2.93544E-03  2.76365E-01
  5.2833331807E+01  5.2837498474E+01  2.94128E-03  2.76971E-01
  5.2837498474E+01  5.2841665141E+01  2.94936E-03  2.83861E-01
  5.2841665141E+01  5.2845831807E+01  2.96267E-03  2.91560E-01
  5.2845831807E+01  5.2849998474E+01  2.96371E-03  2.73877E-01
  5.2849998474E+01  5.2854165141E+01  2.97042E-03  2.77027E-01
  5.2854165141E+01  5.2858331807E+01  2.97757E-03  2.75448E-01
  5.2858331807E+01  5.2862498474E+01  2.99295E-03  2.91783E-01
  5.2862498474E+01  5.2866665141E+01  2.98391E-03  2.57959E-01
  5.2866665141E+01  5.2870831807E+01  2.99286E-03  2.73875E-01
  5.2870831807E+01  5.2874998474E+01  3.00338E-03  2.77424E-01
  5.2874998474E+01  5.2879165141E+01  3.00965E-03  2.89873E-01
  5.2879165141E+01  5.2883331807E+01  3.01562E-03  2.77276E-01
  5.2883331807E+01  5.2887498474E+01  3.01699E-03  2.71207E-01
  5.2887498474E+01  5.2891665141E+01  3.01976E-03  2.66392E-01
  5.2891665141E+01  5.2895831807E+01  3.03305E-03  2.76005E-01
  5.2895831807E+01  5.2899998474E+01  3.03884E-03  2.62732E-01
  5.2899998474E+01  5.2904165141E+01  3.04750E-03  2.65992E-01
  5.2904165141E+01  5.2908331807E+01  3.05187E-03  2.72790E-01
  5.2908331807E+01  5.2912498474E+01  3.05458E-03  2.59475E-01
  5.2912498474E+01  5.2916665141E+01  3.05816E-03  2.54684E-01
  5.2916665141E+01  5.2920831807E+01  3.07170E-03  2.63707E-01
  5.2920831807E+01  5.2924998474E+01  3.07703E-03  2.56561E-01
  5.2924998474E+01  5.2929165141E+01  3.09210E-03  2.80160E-01
  5.2929165141E+01  5.2933331807E+01  3.09343E-03  2.71416E-01
  5.2933331807E+01  5.2937498474E+01  3.10679E-03  2.76082E-01
  5.2937498474E+01  5.2941665141E+01  3.10946E-03  2.59647E-01
  5.2941665141E+01  5.2945831807E+01  3.12355E-03  2.77823E-01
  5.2945831807E+01  5.2949998474E+01  3.13183E-03  2.81467E-01
  5.2949998474E+01  5.2954165141E+01  3.12699E-03  2.55054E-01
  5.2954165141E+01  5.2958331807E+01  3.13813E-03  2.62695E-01
  5.2958331807E+01  5.2962498474E+01  3.14920E-03  2.70825E-01
  5.2962498474E+01  5.2966665141E+01  3.16421E-03  2.83996E-01
  5.2966665141E+01  5.2970831807E+01  3.16062E-03  2.52335E-01
  5.2970831807E+01  5.2974998474E+01  3.17483E-03  2.72249E-01
  5.2974998474E+01  5.2979165141E+01  3.18451E-03  2.60302E-01
  5.2979165141E+01  5.2983331807E+01  3.19061E-03  2.61657E-01
  5.2983331807E+01  5.2987498474E+01  3.19926E-03  2.78994E-01
  5.2987498474E+01  5.2991665141E+01  3.20257E-03  2.63782E-01
  5.2991665141E+01  5.2995831807E+01  3.21520E-03  2.70171E-01
  5.2995831807E+01  5.2999998474E+01  3.21596E-03  2.48998E-01
  5.2999998474E+01  5.3004165141E+01  3.22706E-03  2.61461E-01
  5.3004165141E+01  5.3008331807E+01  3.24025E-03  2.62875E-01
  5.3008331807E+01  5.3012498474E+01  3.25110E-03  2.78312E-01
  5.3012498474E+01  5.3016665141E+01  3.26589E-03  2.80612E-01
  5.3016665141E+01  5.3020831807E+01  3.27265E-03  2.73489E-01
  5.3020831807E+01  5.3024998474E+01  3.28242E-03  2.74819E-01
  5.3024998474E+01  5.3029165141E+01  3.28774E-03  2.65456E-01
  5.3029165141E+01  5.3033331807E+01  3.30432E-03  2.87470E-01
  5.3033331807E+01  5.3037498474E+01  3.29916E-03  2.46933E-01
  5.3037498474E+01  5.3041665141E+01  3.31292E-03  2.67059E-01
  5.3041665141E+01  5.3045831807E+01  3.32466E-03  2.57701E-01
  5.3045831807E+01  5.3049998474E+01  3.33961E-03  2.62793E-01
  5.3049998474E+01  5.3054165141E+01  3.34152E-03  2.59727E-01
  5.3054165141E+01  5.3058331807E+01  3.34819E-03  2.44875E-01
  5.3058331807E+01  5.3062498474E+01  3.36389E-03  2.55732E-01
  5.3062498474E+01  5.3066665141E+01  3.38031E-03  2.66566E-01
  5.3066665141E+01  5.3070831807E+01  3.39036E-03  2.61423E-01
  5.3070831807E+01  5.3074998474E+01  3.40067E-03  2.63652E-01
  5.3074998474E+01  5.3079165141E+01  3.40314E-03  2.50907E-01
  5.3079165141E+01  5.3083331807E+01  3.41713E-03  2.51018E-01
  5.3083331807E+01  5.3087498474E+01  3.43735E-03  2.71334E-01
  5.3087498474E+01  5.3091665141E+01  3.44893E-03  2.80774E-01
  5.3091665141E+01  5.3095831807E+01  3.45295E-03  2.53766E-01
  5.3095831807E+01  5.3099998474E+01  3.46205E-03  2.51397E-01
  5.3099998474E+01  5.3104165141E+01  3.48207E-03  2.56616E-01
  5.3104165141E+01  5.3108331807E+01  3.49654E-03  2.63136E-01
  5.3108331807E+01  5.3112498474E+01  3.50951E-03  2.64931E-01
  5.3112498474E+01  5.3116665141E+01  3.51759E-03  2.64082E-01
  5.3116665141E+01  5.3120831807E+01  3.52567E-03  2.52193E-01
  5.3120831807E+01  5.3124998474E+01  3.54580E-03  2.64614E-01
  5.3124998474E+01  5.3129165141E+01  3.55387E-03  2.48850E-01
  5.3129165141E+01  5.3133331807E+01  3.57749E-03  2.71809E-01
  5.3133331807E+01  5.3137498474E+01  3.58233E-03  2.58263E-01
  5.3137498474E+01  5.3141665141E+01  3.60173E-03  2.63667E-01
  5.3141665141E+01  5.3145831807E+01  3.61089E-03  2.52842E-01
  5.3145831807E+01  5.3149998474E+01  3.62298E-03  2.56351E-01
  5.3149998474E+01  5.3154165141E+01  3.63490E-03  2.45816E-01
  5.3154165141E+01  5.3158331807E+01  3.65744E-03  2.59320E-01
  5.3158331807E+01  5.3162498474E+01  3.66138E-03  2.43152E-01
  5.3162498474E+01  5.3166665141E+01  3.67980E-03  2.48029E-01
  5.3166665141E+01  5.3170831807E+01  3.69854E-03  2.48210E-01
  5.3170831807E+01  5.3174998474E+01  3.71151E-03  2.42894E-01
  5.3174998474E+01  5.3179165141E+01  3.72989E-03  2.41349E-01
  5.3179165141E+01  5.3183331807E+01  3.74720E-03  2.48884E-01
  5.3183331807E+01  5.3187498474E+01  3.76971E-03  2.59533E-01
  5.3187498474E+01  5.3191665141E+01  3.78100E-03  2.52354E-01
  5.3191665141E+01  5.3195831807E+01  3.79674E-03  2.44613E-01
  5.3195831807E+01  5.3199998474E+01  3.82174E-03  2.50012E-01
  5.3199998474E+01  5.3204165141E+01  3.83445E-03  2.50297E-01
  5.3204165141E+01  5.3208331807E+01  3.84849E-03  2.43727E-01
  5.3208331807E+01  5.3212498474E+01  3.87035E-03  2.47502E-01
  5.3212498474E+01  5.3216665141E+01  3.88654E-03  2.49270E-01
  5.3216665141E+01  5.3220831807E+01  3.90784E-03  2.50398E-01
  5.3220831807E+01  5.3224998474E+01  3.92332E-03  2.44575E-01
  5.3224998474E+01  5.3229165141E+01  3.94624E-03  2.47498E-01
  5.3229165141E+01  5.3233331807E+01  3.97603E-03  2.55591E-01
  5.3233331807E+01  5.3237498474E+01  3.99012E-03  2.47068E-01
  5.3237498474E+01  5.3241665141E+01  4.01284E-03  2.48306E-01
  5.3241665141E+01  5.3245831807E+01  4.03323E-03  2.46234E-01
  5.3245831807E+01  5.3249998474E+01  4.05556E-03  2.49901E-01
  5.3249998474E+01  5.3254165141E+01  4.08041E-03  2.48310E-01
  5.3254165141E+01  5.3258331807E+01  4.10463E-03  2.51425E-01
  5.3258331807E+01  5.3262498474E+01  4.13378E-03  2.57584E-01
  5.3262498474E+01  5.3266665141E+01  4.15660E-03  2.53540E-01
  5.3266665141E+01  5.3270831807E+01  4.18221E-03  2.55170E-01
  5.3270831807E+01  5.3274998474E+01  4.20498E-03  2.53360E-01
  5.3274998474E+01  5.3279165141E+01  4.23042E-03  2.54791E-01
  5.3279165141E+01  5.3283331807E+01  4.25030E-03  2.44916E-01
  5.3283331807E+01  5.3287498474E+01  4.28887E-03  2.56795E-01
  5.3287498474E+01  5.3291665141E+01  4.31398E-03  2.57311E-01
  5.3291665141E+01  5.3295831807E+01  4.33681E-03  2.50878E-01
  5.3295831807E+01  5.3299998474E+01  4.36925E-03  2.52280E-01
  5.3299998474E+01  5.3304165141E+01  4.40436E-03  2.53018E-01
  5.3304165141E+01  5.3308331807E+01  4.43061E-03  2.48656E-01
  5.3308331807E+01  5.3312498474E+01  4.46659E-03  2.54470E-01
  5.3312498474E+01  5.3316665141E+01  4.49580E-03  2.52406E-01
  5.3316665141E+01  5.3320831807E+01  4.52796E-03  2.48076E-01
  5.3320831807E+01  5.3324998474E+01  4.55924E-03  2.48798E-01
  5.3324998474E+01  5.3329165141E+01  4.60127E-03  2.51876E-01
  5.3329165141E+01  5.3333331807E+01  4.62615E-03  2.45896E-01
  5.3333331807E+01  5.3337498474E+01  4.66819E-03  2.46924E-01
  5.3337498474E+01  5.3341665141E+01  4.70778E-03  2.45270E-01
  5.3341665141E+01  5.3345831807E+01  4.75250E-03  2.50736E-01
  5.3345831807E+01  5.3349998474E+01  4.78945E-03  2.46306E-01
  5.3349998474E+01  5.3354165141E+01  4.83518E-03  2.48539E-01
  5.3354165141E+01  5.3358331807E+01  4.87591E-03  2.48697E-01
  5.3358331807E+01  5.3362498474E+01  4.91743E-03  2.46612E-01
  5.3362498474E+01  5.3366665141E+01  4.96635E-03  2.51003E-01
  5.3366665141E+01  5.3370831807E+01  5.02051E-03  2.50507E-01
  5.3370831807E+01  5.3374998474E+01  5.07410E-03  2.51029E-01
  5.3374998474E+01  5.3379165141E+01  5.12957E-03  2.52984E-01
  5.3379165141E+01  5.3383331807E+01  5.18074E-03  2.50430E-01
  5.3383331807E+01  5.3387498474E+01  5.23224E-03  2.51843E-01
  5.3387498474E+01  5.3391665141E+01  5.29400E-03  2.55664E-01
  5.3391665141E+01  5.3395831807E+01  5.35276E-03  2.54701E-01
  5.3395831807E+01  5.3399998474E+01  5.41095E-03  2.52146E-01
  5.3399998474E+01  5.3404165141E+01  5.47722E-03  2.55765E-01
  5.3404165141E+01  5.3408331807E+01  5.54390E-03  2.55707E-01
  5.3408331807E+01  5.3412498474E+01  5.61313E-03  2.55334E-01
  5.3412498474E+01  5.3416665141E+01  5.68312E-03  2.55454E-01
  5.3416665141E+01  5.3420831807E+01  5.76202E-03  2.56213E-01
  5.3420831807E+01  5.3424998474E+01  5.83599E-03  2.61710E-01
  5.3424998474E+01  5.3429165141E+01  5.90697E-03  2.59670E-01
  5.3429165141E+01  5.3433331807E+01  5.99248E-03  2.62179E-01
  5.3433331807E+01  5.3437498474E+01  6.06362E-03  2.61049E-01
  5.3437498474E+01  5.3441665141E+01  6.13285E-03  2.62131E-01
  5.3441665141E+01  5.3445831807E+01  6.22462E-03  2.65800E-01
  5.3445831807E+01  5.3449998474E+01  6.30658E-03  2.65673E-01
  5.3449998474E+01  5.3454165141E+01  6.39193E-03  2.64734E-01
  5.3454165141E+01  5.3458331807E+01  6.46841E-03  2.66341E-01
  5.3458331807E+01  5.3462498474E+01  6.54747E-03  2.68551E-01
  5.3462498474E+01  5.3466665141E+01  6.62303E-03  2.72756E-01
  5.3466665141E+01  5.3470831807E+01  6.69753E-03  2.73516E-01
  5.3470831807E+01  5.3474998474E+01  6.77457E-03  2.73823E-01
  5.3474998474E+01  5.3479165141E+01  6.83897E-03  2.72054E-01
  5.3479165141E+01  5.3483331807E+01  6.90507E-03  2.74349E-01
  5.3483331807E+01  5.3487498474E+01  6.96574E-03  2.78038E-01
  5.3487498474E+01  5.3491665141E+01  7.02596E-03  2.79459E-01
  5.3491665141E+01  5.3495831807E+01  7.08895E-03  2.83151E-01
  5.3495831807E+01  5.3499998474E+01  7.13565E-03  2.87714E-01
  5.3499998474E+01  5.3504165141E+01  7.16417E-03  2.95084E-01
  5.3504165141E+01  5.3508331807E+01  7.17773E-03  2.96110E-01
  5.3508331807E+01  5.3512498474E+01  7.19399E-03  3.00540E-01
  5.3512498474E+01  5.3516665141E+01  7.20385E-03  2.99860E-01
  5.3516665141E+01  5.3520831807E+01  7.20304E-03  3.05478E-01
  5.3520831807E+01  5.3524998474E+01  7.19300E-03  3.12170E-01
  5.3524998474E+01  5.3529165141E+01  7.17079E-03  3.13478E-01
  5.3529165141E+01  5.3533331807E+01  7.13167E-03  3.15762E-01
  5.3533331807E+01  5.3537498474E+01  7.08470E-03  3.16019E-01
  5.3537498474E+01  5.3541665141E+01  7.02272E-03  3.18048E-01
  5.3541665141E+01  5.3545831807E+01  6.96204E-03  3.22121E-01
  5.3545831807E+01  5.3549998474E+01  6.88229E-03  3.25385E-01
  5.3549998474E+01  5.3554165141E+01  6.77573E-03  3.32373E-01
  5.3554165141E+01  5.3558331807E+01  6.66588E-03  3.43211E-01
  5.3558331807E+01  5.3562498474E+01  6.54232E-03  3.44982E-01
  5.3562498474E+01  5.3566665141E+01  6.42086E-03  3.51379E-01
  5.3566665141E+01  5.3570831807E+01  6.26856E-03  3.62118E-01
  5.3570831807E+01  5.3574998474E+01  6.09317E-03  3.73274E-01
  5.3574998474E+01  5.3579165141E+01  5.92026E-03  3.78249E-01
  5.3579165141E+01  5.3583331807E+01  5.71983E-03  3.78709E-01
  5.3583331807E+01  5.3587498474E+01  5.54164E-03  3.92981E-01
  5.3587498474E+01  5.3591665141E+01  5.35140E-03  4.09418E-01
  5.3591665141E+01  5.3595831807E+01  5.13984E-03  4.22593E-01
  5.3595831807E+01  5.3599998474E+01  4.93591E-03  4.29811E-01
  5.3599998474E+01  5.3604165141E+01  4.74457E-03  4.41940E-01
  5.3604165141E+01  5.3608331807E+01  4.52978E-03  4.46562E-01
  5.3608331807E+01  5.3612498474E+01  4.31505E-03  4.60315E-01
  5.3612498474E+01  5.3616665141E+01  4.08845E-03  4.68972E-01
  5.3616665141E+01  5.3620831807E+01  3.89298E-03  4.79886E-01
  5.3620831807E+01  5.3624998474E+01  3.67877E-03  5.05082E-01
  5.3624998474E+01  5.3629165141E+01  3.44157E-03  5.28283E-01
  5.3629165141E+01  5.3633331807E+01  3.21967E-03  5.45804E-01
  5.3633331807E+01  5.3637498474E+01  3.01516E-03  5.58735E-01
  5.3637498474E+01  5.3641665141E+01  2.80747E-03  5.90035E-01
  5.3641665141E+01  5.3645831807E+01  2.61011E-03  6.10071E-01
  5.3645831807E+01  5.3649998474E+01  2.40973E-03  6.33435E-01
  5.3649998474E+01  5.3654165141E+01  2.24016E-03  6.67466E-01
  5.3654165141E+01  5.3658331807E+01  2.06883E-03  6.97067E-01
  5.3658331807E+01  5.3662498474E+01  1.89661E-03  7.39074E-01
  5.3662498474E+01  5.3666665141E+01  1.72703E-03  7.61324E-01
  5.3666665141E+01  5.3670831807E+01  1.58097E-03  7.99847E-01
  5.3670831807E+01  5.3674998474E+01  1.43049E-03  8.45986E-01
  5.3674998474E+01  5.3679165141E+01  1.30337E-03  8.80750E-01
  5.3679165141E+01  5.3683331807E+01  1.18038E-03  9.48080E-01
  5.3683331807E+01  5.3687498474E+01  1.06768E-03  1.00208E+00
  5.3687498474E+01  5.3691665141E+01  9.49964E-04  1.07566E+00
  5.3691665141E+01  5.3695831807E+01  8.50106E-04  1.12675E+00
  5.3695831807E+01  5.3699998474E+01  7.58254E-04  1.20397E+00
  5.3699998474E+01  5.3704165141E+01  6.74885E-04  1.29617E+00
  5.3704165141E+01  5.3708331807E+01  5.93633E-04  1.38062E+00
  5.3708331807E+01  5.3712498474E+01  5.17807E-04  1.47444E+00
  5.3712498474E+01  5.3716665141E+01  4.59582E-04  1.56376E+00
  5.3716665141E+01  5.3720831807E+01  3.96793E-04  1.64852E+00
  5.3720831807E+01  5.3724998474E+01  3.46704E-04  1.80774E+00
  5.3724998474E+01  5.3729165141E+01  2.98773E-04  1.94273E+00
  5.3729165141E+01  5.3733331807E+01  2.59996E-04  2.04995E+00
  5.3733331807E+01  5.3737498474E+01  2.24634E-04  2.26250E+00
  5.3737498474E+01  5.3741665141E+01  1.93119E-04  2.42276E+00
  5.3741665141E+01  5.3745831807E+01  1.65199E-04  2.63279E+00
  5.3745831807E+01  5.3749998474E+01  1.42077E-04  2.85409E+00
  5.3749998474E+01  5.3754165141E+01  1.23280E-04  3.08329E+00
  5.3754165141E+01  5.3758331807E+01  1.04809E-04  3.38820E+00
  5.3758331807E+01  5.3762498474E+01  8.64365E-05  3.75117E+00
  5.3762498474E+01  5.3766665141E+01  7.03838E-05  4.05286E+00
  5.3766665141E+01  5.3770831807E+01  6.18514E-05  4.37747E+00
  5.3770831807E+01  5.3774998474E+01  5.31575E-05  4.73759E+00
  5.3774998474E+01  5.3779165141E+01  4.56525E-05  5.22579E+00
  5.3779165141E+01  5.3783331807E+01  3.71485E-05  5.79244E+00
  5.3783331807E+01  5.3787498474E+01  2.86120E-05  6.41654E+00
  5.3787498474E+01  5.3791665141E+01  2.23632E-05  6.93529E+00
  5.3791665141E+01  5.3795831807E+01  1.99635E-05  7.48076E+00
  5.3795831807E+01  5.3799998474E+01  1.76502E-05  8.02821E+00
  5.3799998474E+01  5.3804165141E+01  1.63380E-05  8.67157E+00
  5.3804165141E+01  5.3808331807E+01  1.37641E-05  9.48741E+00
  5.3808331807E+01  5.3812498474E+01  1.06749E-05  1.04863E+01
  5.3812498474E+01  5.3816665141E+01  8.73568E-06  1.15660E+01
  5.3816665141E+01  5.3820831807E+01  6.78453E-06  1.28886E+01
  5.3820831807E+01  5.3824998474E+01  5.42522E-06  1.42976E+01
  5.3824998474E+01  5.3829165141E+01  5.56553E-06  1.50754E+01
  5.3829165141E+01  5.3833331807E+01  4.10843E-06  1.73744E+01
  5.3833331807E+01  5.3837498474E+01  3.35525E-06  2.14181E+01
  5.3837498474E+01  5.3841665141E+01  2.81877E-06  2.27788E+01
  5.3841665141E+01  5.3845831807E+01  1.48657E-06  2.61196E+01
  5.3845831807E+01  5.3849998474E+01  1.09336E-06  3.00682E+01
  5.3849998474E+01  5.3854165141E+01  1.06521E-06  3.12941E+01
  5.3854165141E+01  5.3858331807E+01  9.93974E-07  3.20522E+01
  5.3858331807E+01  5.3862498474E+01  8.97722E-07  3.70539E+01
  5.3862498474E+01  5.3866665141E+01  6.21908E-07  3.91255E+01
  5.3866665141E+01  5.3870831807E+01  7.51271E-07  4.19684E+01
  5.3870831807E+01  5.3874998474E+01  4.97528E-07  4.79041E+01
  5.3874998474E+01  5.3879165141E+01  5.21308E-07  3.91853E+01
  5.3879165141E+01  5.3883331807E+01  5.93241E-07  4.93912E+01
  5.3883331807E+01  5.3887498474E+01  4.11765E-07  5.24349E+01
  5.3887498474E+01  5.3891665141E+01  5.24799E-07  5.53981E+01
  5.3891665141E+01  5.3895831807E+01  1.43706E-07  6.19021E+01
  5.3895831807E+01  5.3899998474E+01  1.99840E-07  5.88090E+01
  5.3899998474E+01  5.3904165141E+01  1.81354E-07  6.97286E+01
  5.3904165141E+01  5.3908331807E+01  2.75062E-07  8.11025E+01
  5.3908331807E+01  5.3912498474E+01  7.65761E-08  4.15826E+01
  5.3912498474E+01  5.3916665141E+01  9.54380E-08  4.36703E+01
  5.3916665141E+01  5.3920831807E+01  5.63491E-08  4.75387E+01
  5.3920831807E+01  5.3924998474E+01  5.72227E-08  4.73177E+01
  5.3924998474E+01  5.3929165141E+01  9.54016E-08  4.92791E+01
  5.3929165141E+01  5.3933331807E+01  5.65103E-08  4.79169E+01
  5.3933331807E+01  5.3937498474E+01  5.69720E-08  4.73195E+01
  5.3937498474E+01  5.3941665141E+01  5.69721E-08  4.54644E+01
  5.3941665141E+01  5.3945831807E+01  5.80173E-08  4.68684E+01
  5.3945831807E+01  5.3949998474E+01  7.49398E-08  4.24902E+01
  5.3949998474E+01  5.3954165141E+01  5.70592E-08  4.72311E+01
  5.3954165141E+01  5.3958331807E+01  5.37529E-08  4.96298E+01
  5.3958331807E+01  5.3962498474E+01  5.31110E-08  5.00764E+01
  5.3962498474E+01  5.3966665141E+01  6.36476E-08  4.75237E+01
  5.3966665141E+01  5.3970831807E+01  6.65473E-07  6.84267E+01
  5.3970831807E+01  5.3974998474E+01  1.05467E-07  5.22092E+01
  5.3974998474E+01  5.3979165141E+01  5.56609E-08  4.92079E+01
  5.3979165141E+01  5.3983331807E+01  6.03812E-08  4.79375E+01
  5.3983331807E+01  5.3987498474E+01  4.86765E-08  5.47386E+01
  5.3987498474E+01  5.3991665141E+01  3.17649E-07  7.56671E+01
  5.3991665141E+01  5.3995831807E+01  3.46784E-07  7.91172E+01
  5.3995831807E+01  5.3999998474E+01  8.36050E-08  4.86362E+01
  5.3999998474E+01  5.4004165141E+01  7.76756E-08  5.13220E+01
  5.4004165141E+01  5.4008331807E+01  7.65712E-08  5.20359E+01
  5.4008331807E+01  5.4012498474E+01  1.59396E-07  5.65187E+01
  5.4012498474E+01  5.4016665141E+01  7.89132E-08  5.31087E+01
  5.4016665141E+01  5.4020831807E+01  7.82553E-08  5.35913E+01
  5.4020831807E+01  5.4024998474E+01  4.01294E-07  8.01646E+01
  5.4024998474E+01  5.4029165141E+01  8.42249E-08  5.49216E+01
  5.4029165141E+01  5.4033331807E+01  8.42269E-08  5.48920E+01
  5.4033331807E+01  5.4037498474E+01  8.42249E-08  4.77490E+01
  5.4037498474E+01  5.4041665141E+01  8.42249E-08  5.49326E+01
  5.4041665141E+01  5.4045831807E+01  8.43845E-08  5.49382E+01
  5.4045831807E+01  5.4049998474E+01  8.70187E-08  5.59160E+01
  5.4049998474E+01  5.4054165141E+01  3.17272E-07  5.35934E+01
  5.4054165141E+01  5.4058331807E+01  4.68551E-07  6.60091E+01
  5.4058331807E+01  5.4062498474E+01  8.79536E-08  5.61646E+01
  5.4062498474E+01  5.4066665141E+01  5.87071E-08  6.85857E+01
  5.4066665141E+01  5.4070831807E+01  4.63381E-07  8.77619E+01
  5.4070831807E+01  5.4074998474E+01  6.31494E-08  7.03850E+01
  5.4074998474E+01  5.4079165141E+01  6.39245E-08  7.06566E+01
  5.4079165141E+01  5.4083331807E+01  6.91425E-08  6.60991E+01
  5.4083331807E+01  5.4087498474E+01  1.93953E-07  6.69174E+01
  5.4087498474E+01  5.4091665141E+01  1.90997E-07  6.56738E+01
  5.4091665141E+01  5.4095831807E+01  7.14581E-08  6.64782E+01
  5.4095831807E+01  5.4099998474E+01  7.14581E-08  6.68205E+01
  5.4099998474E+01  5.4104165141E+01  7.16250E-08  6.65191E+01
  5.4104165141E+01  5.4108331807E+01  8.94300E-08  5.93432E+01
  5.4108331807E+01  5.4112498474E+01  7.58425E-08  6.62113E+01
  5.4112498474E+01  5.4116665141E+01  7.29450E-08  6.91743E+01
  5.4116665141E+01  5.4120831807E+01  7.63106E-08  6.89764E+01
  5.4120831807E+01  5.4124998474E+01  8.41246E-08  6.31619E+01
  5.4124998474E+01  5.4129165141E+01  9.24208E-08  6.32043E+01
  5.4129165141E+01  5.4133331807E+01  2.05736E-07  6.17816E+01
  5.4133331807E+01  5.4137498474E+01  1.12730E-07  6.12726E+01
  5.4137498474E+01  5.4141665141E+01  8.27349E-08  7.70087E+01
  5.4141665141E+01  5.4145831807E+01  9.44036E-08  6.78478E+01
  5.4145831807E+01  5.4149998474E+01  9.77829E-08  7.91973E+01
  5.4149998474E+01  5.4154165141E+01  9.90288E-08  7.88864E+01
  5.4154165141E+01  5.4158331807E+01  1.92779E-07  5.94170E+01
  5.4158331807E+01  5.4162498474E+01  3.69844E-07  7.13574E+01
  5.4162498474E+01  5.4166665141E+01  1.41137E-07  8.33899E+01
  5.4166665141E+01  5.4170831807E+01  1.94739E-07  8.77716E+01
  5.4170831807E+01  5.4174998474E+01  1.82837E-07  8.69218E+01
  5.4174998474E+01  5.4179165141E+01  2.46884E-08  6.34874E+01
  5.4179165141E+01  5.4183331807E+01  2.46884E-08  6.03279E+01
  5.4183331807E+01  5.4187498474E+01  2.67760E-08  5.91181E+01
  5.4187498474E+01  5.4191665141E+01  2.92889E-08  5.72315E+01
  5.4191665141E+01  5.4195831807E+01  2.96490E-08  5.68286E+01
  5.4195831807E+01  5.4199998474E+01  2.78401E-07  8.95396E+01
  5.4199998474E+01  5.4204165141E+01  1.37161E-07  7.19353E+01
  5.4204165141E+01  5.4208331807E+01  6.28136E-08  6.00586E+01
  5.4208331807E+01  5.4212498474E+01  6.96295E-08  5.51032E+01
  5.4212498474E+01  5.4216665141E+01  6.00582E-08  6.23680E+01
  5.4216665141E+01  5.4220831807E+01  5.96011E-08  6.28575E+01
  5.4220831807E+01  5.4224998474E+01  3.38515E-07  8.31204E+01
  5.4224998474E+01  5.4229165141E+01  6.41867E-08  6.53362E+01
  5.4229165141E+01  5.4233331807E+01  6.40664E-08  6.55211E+01
  5.4233331807E+01  5.4237498474E+01  8.28330E-08  5.45720E+01
  5.4237498474E+01  5.4241665141E+01  1.27190E-07  5.02308E+01
  5.4241665141E+01  5.4245831807E+01  1.13760E-07  5.41381E+01
  5.4245831807E+01  5.4249998474E+01  1.16595E-07  5.39237E+01
  5.4249998474E+01  5.4254165141E+01  2.15496E-07  3.54224E+01
  5.4254165141E+01  5.4258331807E+01  1.42439E-07  4.63007E+01
  5.4258331807E+01  5.4262498474E+01  1.13710E-07  5.70634E+01
  5.4262498474E+01  5.4266665141E+01  1.20136E-07  5.72947E+01
  5.4266665141E+01  5.4270831807E+01  1.20161E-07  5.72698E+01
  5.4270831807E+01  5.4274998474E+01  1.23868E-07  4.82509E+01
  5.4274998474E+01  5.4279165141E+01  1.29212E-07  5.76254E+01
  5.4279165141E+01  5.4283331807E+01  1.31478E-07  5.75095E+01
  5.4283331807E+01  5.4287498474E+01  1.36372E-07  5.75293E+01
  5.4287498474E+01  5.4291665141E+01  1.50995E-07  5.75467E+01
  5.4291665141E+01  5.4295831807E+01  1.54947E-07  5.74480E+01
  5.4295831807E+01  5.4299998474E+01  1.82249E-07  5.43978E+01
  5.4299998474E+01  5.4304165141E+01  1.66613E-07  6.11342E+01
  5.4304165141E+01  5.4308331807E+01  1.88091E-07  6.00639E+01
  5.4308331807E+01  5.4312498474E+01  2.09572E-07  6.54369E+01
  5.4312498474E+01  5.4316665141E+01  3.31393E-07  7.54002E+01
  5.4316665141E+01  5.4320831807E+01  1.07694E-07  6.83115E+01
  5.4320831807E+01  5.4324998474E+01  1.35565E-07  6.31118E+01
  5.4324998474E+01  5.4329165141E+01  1.12958E-07  7.67317E+01
  5.4329165141E+01  5.4333331807E+01  1.21170E-07  7.94080E+01
  5.4333331807E+01  5.4337498474E+01  1.41611E-07  8.22012E+01
  5.4337498474E+01  5.4341665141E+01  1.96373E-07  8.70077E+01
  5.4341665141E+01  5.4345831807E+01  1.38548E-07  8.14349E+01
  5.4345831807E+01  5.4349998474E+01  2.73967E-08  5.90282E+01
  5.4349998474E+01  5.4354165141E+01  2.78943E-08  5.77934E+01
  5.4354165141E+01  5.4358331807E+01  2.81253E-08  5.77966E+01
  5.4358331807E+01  5.4362498474E+01  2.86997E-08  5.68001E+01
  5.4362498474E+01  5.4366665141E+01  4.20371E-08  5.44730E+01
  5.4366665141E+01  5.4370831807E+01  2.57324E-08  6.24241E+01
  5.4370831807E+01  5.4374998474E+01  2.57324E-08  6.22601E+01
  5.4374998474E+01  5.4379165141E+01  2.68308E-08  6.36463E+01
  5.4379165141E+01  5.4383331807E+01  2.76357E-08  6.47471E+01
  5.4383331807E+01  5.4387498474E+01  2.76287E-08  6.46774E+01
  5.4387498474E+01  5.4391665141E+01  2.76287E-08  6.49024E+01
  5.4391665141E+01  5.4395831807E+01  2.76287E-08  6.49024E+01
  5.4395831807E+01  5.4399998474E+01  2.75901E-08  6.49826E+01
  5.4399998474E+01  5.4404165141E+01  2.74932E-08  4.72642E+01
  5.4404165141E+01  5.4408331807E+01  7.82126E-08  6.87580E+01
  5.4408331807E+01  5.4412498474E+01  2.74932E-08  6.51855E+01
  5.4412498474E+01  5.4416665141E+01  2.74932E-08  6.51660E+01
  5.4416665141E+01  5.4420831807E+01  6.13639E-08  6.45770E+01
  5.4420831807E+01  5.4424998474E+01  2.53388E-08  7.02149E+01
  5.4424998474E+01  5.4429165141E+01  2.53388E-08  7.02149E+01
  5.4429165141E+01  5.4433331807E+01  2.53388E-08  7.02149E+01
  5.4433331807E+01  5.4437498474E+01  2.53388E-08  7.01326E+01
  5.4437498474E+01  5.4441665141E+01  2.53388E-08  7.02085E+01
  5.4441665141E+01  5.4445831807E+01  2.53388E-08  7.01836E+01
  5.4445831807E+01  5.4449998474E+01  2.58345E-08  6.87150E+01
  5.4449998474E+01  5.4454165141E+01  2.94400E-08  6.12312E+01
  5.4454165141E+01  5.4458331807E+01  2.94493E-08  6.19987E+01
  5.4458331807E+01  5.4462498474E+01  3.04274E-08  5.96141E+01
  5.4462498474E+01  5.4466665141E+01  3.77162E-07  9.17811E+01
  5.4466665141E+01  5.4470831807E+01  3.19384E-08  6.11324E+01
  5.4470831807E+01  5.4474998474E+01  3.04459E-08  6.39654E+01
  5.4474998474E+01  5.4479165141E+01  3.04460E-08  6.38178E+01
  5.4479165141E+01  5.4483331807E+01  1.77869E-07  8.36003E+01
  5.4483331807E+01  5.4487498474E+01  3.04459E-08  6.38080E+01
  5.4487498474E+01  5.4491665141E+01  3.04459E-08  6.38909E+01
  5.4491665141E+01  5.4495831807E+01  3.04459E-08  6.38952E+01
  5.4495831807E+01  5.4499998474E+01  4.51536E-08  4.93156E+01
  5.4499998474E+01  5.4504165141E+01  5.36593E-08  4.49403E+01
  5.4504165141E+01  5.4508331807E+01  4.96354E-08  4.78268E+01
  5.4508331807E+01  5.4512498474E+01  4.06304E-08  3.94444E+01
  5.4512498474E+01  5.4516665141E+01  5.53540E-08  4.62342E+01
  5.4516665141E+01  5.4520831807E+01  3.45139E-08  5.66559E+01
  5.4520831807E+01  5.4524998474E+01  3.40309E-08  5.76734E+01
  5.4524998474E+01  5.4529165141E+01  3.51655E-08  5.59930E+01
  5.4529165141E+01  5.4533331807E+01  3.44159E-08  5.69203E+01
  5.4533331807E+01  5.4537498474E+01  3.61004E-08  5.57017E+01
  5.4537498474E+01  5.4541665141E+01  3.63974E-08  5.52000E+01
  5.4541665141E+01  5.4545831807E+01  3.84760E-08  5.31597E+01
  5.4545831807E+01  5.4549998474E+01  4.10016E-08  5.01059E+01
  5.4549998474E+01  5.4554165141E+01  3.99536E-08  5.14478E+01
  5.4554165141E+01  5.4558331807E+01  7.54344E-08  4.64699E+01
  5.4558331807E+01  5.4562498474E+01  4.98231E-08  4.80158E+01
  5.4562498474E+01  5.4566665141E+01  8.41410E-08  5.49015E+01
  5.4566665141E+01  5.4570831807E+01  3.68416E-08  5.49407E+01
  5.4570831807E+01  5.4574998474E+01  3.68416E-08  5.50205E+01
  5.4574998474E+01  5.4579165141E+01  3.68416E-08  5.48692E+01
  5.4579165141E+01  5.4583331807E+01  3.59327E-08  5.72208E+01
  5.4583331807E+01  5.4587498474E+01  3.01365E-08  6.55189E+01
  5.4587498474E+01  5.4591665141E+01  3.10931E-08  6.36327E+01
  5.4591665141E+01  5.4595831807E+01  3.15974E-08  6.27446E+01
  5.4595831807E+01  5.4599998474E+01  3.69171E-08  6.78622E+01
  5.4599998474E+01  5.4604165141E+01  3.78088E-08  6.85888E+01
  5.4604165141E+01  5.4608331807E+01  3.79877E-08  6.82616E+01
  5.4608331807E+01  5.4612498474E+01  3.67231E-07  7.84328E+01
  5.4612498474E+01  5.4616665141E+01  3.79932E-08  6.82408E+01
  5.4616665141E+01  5.4620831807E+01  3.79255E-08  6.74527E+01
  5.4620831807E+01  5.4624998474E+01  3.78686E-08  6.84881E+01
  5.4624998474E+01  5.4629165141E+01  3.78686E-08  6.84443E+01
  5.4629165141E+01  5.4633331807E+01  4.73002E-08  5.81942E+01
  5.4633331807E+01  5.4637498474E+01  3.93537E-08  6.61294E+01
  5.4637498474E+01  5.4641665141E+01  3.99023E-08  6.53658E+01
  5.4641665141E+01  5.4645831807E+01  3.99023E-08  6.52311E+01
  5.4645831807E+01  5.4649998474E+01  5.92399E-08  5.65945E+01
  5.4649998474E+01  5.4654165141E+01  4.63743E-08  6.02872E+01
  5.4654165141E+01  5.4658331807E+01  4.52054E-08  6.15540E+01
  5.4658331807E+01  5.4662498474E+01  5.06918E-08  5.72912E+01
  5.4662498474E+01  5.4666665141E+01  5.41459E-08  5.42486E+01
  5.4666665141E+01  5.4670831807E+01  5.51243E-08  5.37798E+01
  5.4670831807E+01  5.4674998474E+01  7.46122E-08  4.47268E+01
  5.4674998474E+01  5.4679165141E+01  5.80304E-08  4.99432E+01
  5.4679165141E+01  5.4683331807E+01  2.96632E-07  7.86345E+01
  5.4683331807E+01  5.4687498474E+01  4.93001E-08  5.75189E+01
  5.4687498474E+01  5.4691665141E+01  1.15369E-07  6.23077E+01
  5.4691665141E+01  5.4695831807E+01  7.51061E-08  5.17162E+01
  5.4695831807E+01  5.4699998474E+01  1.78950E-07  6.12395E+01
  5.4699998474E+01  5.4704165141E+01  1.93328E-07  8.12191E+01
  5.4704165141E+01  5.4708331807E+01  2.46933E-07  8.50317E+01
  5.4708331807E+01  5.4712498474E+01  3.70376E-07  6.39664E+01
  5.4712498474E+01  5.4716665141E+01  3.88582E-08  7.25224E+01
  5.4716665141E+01  5.4720831807E+01  4.02914E-08  7.32853E+01
  5.4720831807E+01  5.4724998474E+01  4.28994E-08  7.10610E+01
  5.4724998474E+01  5.4729165141E+01  4.28994E-08  7.49639E+01
  5.4729165141E+01  5.4733331807E+01  4.29961E-08  7.47691E+01
  5.4733331807E+01  5.4737498474E+01  4.32616E-08  7.44355E+01
  5.4737498474E+01  5.4741665141E+01  4.32105E-08  7.44706E+01
  5.4741665141E+01  5.4745831807E+01  4.30773E-08  7.47065E+01
  5.4745831807E+01  5.4749998474E+01  4.50097E-08  7.57788E+01
  5.4749998474E+01  5.4754165141E+01  4.52708E-08  7.58947E+01
  5.4754165141E+01  5.4758331807E+01  4.52708E-08  7.58946E+01
  5.4758331807E+01  5.4762498474E+01  4.82914E-08  7.14065E+01
  5.4762498474E+01  5.4766665141E+01  4.87870E-08  7.07543E+01
  5.4766665141E+01  5.4770831807E+01  5.04193E-08  7.12919E+01
  5.4770831807E+01  5.4774998474E+01  5.16202E-08  7.12173E+01
  5.4774998474E+01  5.4779165141E+01  5.14205E-08  6.57272E+01
  5.4779165141E+01  5.4783331807E+01  5.14204E-08  7.14928E+01
  5.4783331807E+01  5.4787498474E+01  5.16323E-08  7.15852E+01
  5.4787498474E+01  5.4791665141E+01  5.20498E-08  7.16628E+01
  5.4791665141E+01  5.4795831807E+01  5.43648E-08  6.87468E+01
  5.4795831807E+01  5.4799998474E+01  5.21836E-08  7.14453E+01
  5.4799998474E+01  5.4804165141E+01  6.05795E-08  7.52281E+01
  5.4804165141E+01  5.4808331807E+01  6.41304E-08  7.41326E+01
  5.4808331807E+01  5.4812498474E+01  6.78275E-08  7.04052E+01
  5.4812498474E+01  5.4816665141E+01  7.79614E-08  6.28715E+01
  5.4816665141E+01  5.4820831807E+01  7.83781E-08  4.74868E+01
  5.4820831807E+01  5.4824998474E+01  8.04556E-08  6.34368E+01
  5.4824998474E+01  5.4829165141E+01  7.58923E-08  6.94455E+01
  5.4829165141E+01  5.4833331807E+01  7.59918E-08  7.16200E+01
  5.4833331807E+01  5.4837498474E+01  7.67853E-08  7.25778E+01
  5.4837498474E+01  5.4841665141E+01  8.58794E-08  7.62112E+01
  5.4841665141E+01  5.4845831807E+01  8.51146E-08  7.95277E+01
  5.4845831807E+01  5.4849998474E+01  9.00665E-08  8.09805E+01
  5.4849998474E+01  5.4854165141E+01  9.51103E-08  8.19555E+01
  5.4854165141E+01  5.4858331807E+01  1.75051E-07  6.37950E+01
  5.4858331807E+01  5.4862498474E+01  3.18872E-07  7.04707E+01
  5.4862498474E+01  5.4866665141E+01  1.67505E-07  7.92798E+01
  5.4866665141E+01  5.4870831807E+01  2.26755E-07  9.09547E+01
  5.4870831807E+01  5.4874998474E+01  2.40118E-08  3.36468E+01
  5.4874998474E+01  5.4879165141E+01  2.03645E-08  3.57347E+01
  5.4879165141E+01  5.4883331807E+01  1.44263E-07  9.01456E+01
  5.4883331807E+01  5.4887498474E+01  1.38079E-08  3.20120E+01
  5.4887498474E+01  5.4891665141E+01  1.35847E-08  3.19435E+01
  5.4891665141E+01  5.4895831807E+01  5.14069E-08  7.39876E+01
  5.4895831807E+01  5.4899998474E+01  1.16553E-07  8.63941E+01
  5.4899998474E+01  5.4904165141E+01  1.39481E-07  9.02359E+01
  5.4904165141E+01  5.4908331807E+01  2.24176E-07  9.02678E+01
  5.4908331807E+01  5.4912498474E+01  1.06423E-07  7.77790E+01
  5.4912498474E+01  5.4916665141E+01  4.05312E-08  5.18060E+01
  5.4916665141E+01  5.4920831807E+01  1.22790E-08  3.37637E+01
  5.4920831807E+01  5.4924998474E+01  1.12042E-08  3.57375E+01
  5.4924998474E+01  5.4929165141E+01  1.12042E-08  3.44264E+01
  5.4929165141E+01  5.4933331807E+01  1.12042E-08  3.57375E+01
  5.4933331807E+01  5.4937498474E+01  1.12042E-08  3.57375E+01
  5.4937498474E+01  5.4941665141E+01  1.12042E-08  3.57375E+01
  5.4941665141E+01  5.4945831807E+01  1.12042E-08  3.31628E+01
  5.4945831807E+01  5.4949998474E+01  1.12042E-08  3.45784E+01
  5.4949998474E+01  5.4954165141E+01  1.20731E-08  3.39374E+01
  5.4954165141E+01  5.4958331807E+01  1.12042E-08  3.57375E+01
  5.4958331807E+01  5.4962498474E+01  1.12042E-08  3.41141E+01
  5.4962498474E+01  5.4966665141E+01  1.12325E-08  3.53023E+01
  5.4966665141E+01  5.4970831807E+01  1.14227E-08  3.50891E+01
  5.4970831807E+01  5.4974998474E+01  1.16882E-08  3.36036E+01
  5.4974998474E+01  5.4979165141E+01  1.89783E-07  6.64381E+01
  5.4979165141E+01  5.4983331807E+01  1.20760E-08  3.75020E+01
  5.4983331807E+01  5.4987498474E+01  1.20106E-08  3.43257E+01
  5.4987498474E+01  5.4991665141E+01  1.04719E-08  3.82016E+01
  5.4991665141E+01  5.4995831807E+01  1.04719E-08  3.82016E+01
  5.4995831807E+01  5.4999998474E+01  1.61270E-08  4.04148E+01
  5.4999998474E+01  5.5004165141E+01  8.61303E-09  4.10897E+01
  5.5004165141E+01  5.5008331807E+01  8.70936E-09  4.05821E+01
  5.5008331807E+01  5.5012498474E+01  8.76760E-09  4.08307E+01
  5.5012498474E+01  5.5016665141E+01  8.70936E-09  3.91668E+01
  5.5016665141E+01  5.5020831807E+01  8.70936E-09  3.90484E+01
  5.5020831807E+01  5.5024998474E+01  8.70936E-09  4.05330E+01
  5.5024998474E+01  5.5029165141E+01  1.90252E-07  9.54391E+01
  5.5029165141E+01  5.5033331807E+01  7.57627E-08  8.86304E+01
  5.5033331807E+01  5.5037498474E+01  8.70936E-09  4.10983E+01
  5.5037498474E+01  5.5041665141E+01  8.70936E-09  4.10983E+01
  5.5041665141E+01  5.5045831807E+01  8.70936E-09  4.06565E+01
  5.5045831807E+01  5.5049998474E+01  3.55994E-07  9.75587E+01
  5.5049998474E+01  5.5054165141E+01  8.70936E-09  4.10983E+01
  5.5054165141E+01  5.5058331807E+01  1.29804E-07  9.09860E+01
  5.5058331807E+01  5.5062498474E+01  2.74105E-07  9.45477E+01
  5.5062498474E+01  5.5066665141E+01  1.03323E-08  3.46111E+01
  5.5066665141E+01  5.5070831807E+01  1.03269E-08  3.67340E+01
  5.5070831807E+01  5.5074998474E+01  1.03218E-08  3.68443E+01
  5.5074998474E+01  5.5079165141E+01  1.03218E-08  3.71400E+01
  5.5079165141E+01  5.5083331807E+01  1.03218E-08  3.80381E+01
  5.5083331807E+01  5.5087498474E+01  1.03218E-08  3.80381E+01
  5.5087498474E+01  5.5091665141E+01  1.33385E-08  3.63389E+01
  5.5091665141E+01  5.5095831807E+01  1.02853E-08  3.79817E+01
  5.5095831807E+01  5.5099998474E+01  1.00011E-08  3.68111E+01
  5.5099998474E+01  5.5099998474E+01  1.00011E-08  3.68111E+01
