# Detector n: 1D Projection
  1.5000000000E+01  1.5004166667E+01  1.70006E-02  4.02386E-01
  1.5004166667E+01  1.5008333333E+01  1.70464E-02  3.42969E-01
  1.5008333333E+01  1.5012500000E+01  1.71102E-02  4.59415E-01
  1.5012500000E+01  1.5016666667E+01  1.70100E-02  3.32539E-01
  1.5016666667E+01  1.5020833333E+01  1.71509E-02  5.80351E-01
  1.5020833333E+01  1.5025000000E+01  1.70640E-02  3.70509E-01
  1.5025000000E+01  1.5029166667E+01  1.70541E-02  5.35926E-01
  1.5029166667E+01  1.5033333333E+01  1.71983E-02  6.26097E-01
  1.5033333333E+01  1.5037500000E+01  1.71303E-02  4.47925E-01
  1.5037500000E+01  1.5041666667E+01  1.72964E-02  7.19903E-01
  1.5041666667E+01  1.5045833333E+01  1.71326E-02  4.64955E-01
  1.5045833333E+01  1.5050000000E+01  1.71682E-02  5.39427E-01
  1.5050000000E+01  1.5054166667E+01  1.71678E-02  4.34960E-01
  1.5054166667E+01  1.5058333333E+01  1.70485E-02  3.79073E-01
  1.5058333333E+01  1.5062500000E+01  1.71488E-02  4.84765E-01
  1.5062500000E+01  1.5066666667E+01  1.72137E-02  4.76573E-01
  1.5066666667E+01  1.5070833333E+01  1.73336E-02  4.34391E-01
  1.5070833333E+01  1.5075000000E+01  1.72884E-02  4.04364E-01
  1.5075000000E+01  1.5079166667E+01  1.73908E-02  5.63013E-01
  1.5079166667E+01  1.5083333333E+01  1.73072E-02  5.31694E-01
  1.5083333333E+01  1.5087500000E+01  1.73523E-02  5.20606E-01
  1.5087500000E+01  1.5091666667E+01  1.73767E-02  4.98856E-01
  1.5091666667E+01  1.5095833333E+01  1.73913E-02  6.28950E-01
  1.5095833333E+01  1.5100000000E+01  1.72428E-02  3.83515E-01
  1.5100000000E+01  1.5104166667E+01  1.73897E-02  5.03458E-01
  1.5104166667E+01  1.5108333333E+01  1.72971E-02  4.70450E-01
  1.5108333333E+01  1.5112500000E+01  1.73148E-02  4.69426E-01
  1.5112500000E+01  1.5116666667E+01  1.72295E-02  3.30287E-01
  1.5116666667E+01  1.5120833333E+01  1.72214E-02  3.66670E-01
  1.5120833333E+01  1.5125000000E+01  1.71855E-02  3.42562E-01
  1.5125000000E+01  1.5129166667E+01  1.72011E-02  3.71895E-01
  1.5129166667E+01  1.5133333333E+01  1.73444E-02  4.31340E-01
  1.5133333333E+01  1.5137500000E+01  1.74321E-02  4.90066E-01
  1.5137500000E+01  1.5141666667E+01  1.74088E-02  5.38649E-01
  1.5141666667E+01  1.5145833333E+01  1.73943E-02  5.25056E-01
  1.5145833333E+01  1.5150000000E+01  1.74119E-02  5.11430E-01
  1.5150000000E+01  1.5154166667E+01  1.73565E-02  5.45454E-01
  1.5154166667E+01  1.5158333333E+01  1.73192E-02  4.54795E-01
  1.5158333333E+01  1.5162500000E+01  1.72610E-02  4.20180E-01
  1.5162500000E+01  1.5166666667E+01  1.73719E-02  4.43943E-01
  1.5166666667E+01  1.5170833333E+01  1.73445E-02  5.05533E-01
  1.5170833333E+01  1.5175000000E+01  1.72892E-02  4.11163E-01
  1.5175000000E+01  1.5179166667E+01  1.72812E-02  4.43725E-01
  1.5179166667E+01  1.5183333333E+01  1.71895E-02  3.69326E-01
  1.5183333333E+01  1.5187500000E+01  1.72541E-02  5.49583E-01
  1.5187500000E+01  1.5191666667E+01  1.72348E-02  4.72229E-01
  1.5191666667E+01  1.5195833333E+01  1.72367E-02  3.99295E-01
  1.5195833333E+01  1.5200000000E+01  1.75713E-02  6.18350E-01
  1.5200000000E+01  1.5204166667E+01  1.76665E-02  6.47592E-01
  1.5204166667E+01  1.5208333333E+01  1.76365E-02  4.71982E-01
  1.5208333333E+01  1.5212500000E+01  1.75311E-02  3.95180E-01
  1.5212500000E+01  1.5216666667E+01  1.76340E-02  4.89269E-01
  1.5216666667E+01  1.5220833333E+01  1.75063E-02  3.58110E-01
  1.5220833333E+01  1.5225000000E+01  1.76082E-02  4.67968E-01
  1.5225000000E+01  1.5229166667E+01  1.77494E-02  6.05000E-01
  1.5229166667E+01  1.5233333333E+01  1.76238E-02  4.51754E-01
  1.5233333333E+01  1.5237500000E+01  1.75234E-02  4.79695E-01
  1.5237500000E+01  1.5241666667E+01  1.76504E-02  5.79744E-01
  1.5241666667E+01  1.5245833333E+01  1.75057E-02  3.95818E-01
  1.5245833333E+01  1.5250000000E+01  1.76640E-02  5.42638E-01
  1.5250000000E+01  1.5254166667E+01  1.74854E-02  3.89238E-01
  1.5254166667E+01  1.5258333333E+01  1.75413E-02  4.22184E-01
  1.5258333333E+01  1.5262500000E+01  1.76601E-02  5.35190E-01
  1.5262500000E+01  1.5266666667E+01  1.76206E-02  4.62489E-01
  1.5266666667E+01  1.5270833333E+01  1.76524E-02  4.83960E-01
  1.5270833333E+01  1.5275000000E+01  1.75317E-02  4.34379E-01
  1.5275000000E+01  1.5279166667E+01  1.75771E-02  4.35481E-01
  1.5279166667E+01  1.5283333333E+01  1.75689E-02  4.88880E-01
  1.5283333333E+01  1.5287500000E+01  1.75467E-02  5.90441E-01
  1.5287500000E+01  1.5291666667E+01  1.75012E-02  4.66711E-01
  1.5291666667E+01  1.5295833333E+01  1.76105E-02  5.22323E-01
  1.5295833333E+01  1.5300000000E+01  1.75459E-02  4.30460E-01
  1.5300000000E+01  1.5304166667E+01  1.75101E-02  4.08770E-01
  1.5304166667E+01  1.5308333333E+01  1.75447E-02  4.74739E-01
  1.5308333333E+01  1.5312500000E+01  1.75771E-02  5.74010E-01
  1.5312500000E+01  1.5316666667E+01  1.74839E-02  4.45730E-01
  1.5316666667E+01  1.5320833333E+01  1.75768E-02  5.26248E-01
  1.5320833333E+01  1.5325000000E+01  1.75375E-02  5.25710E-01
  1.5325000000E+01  1.5329166667E+01  1.75074E-02  4.50966E-01
  1.5329166667E+01  1.5333333333E+01  1.76192E-02  5.83104E-01
  1.5333333333E+01  1.5337500000E+01  1.75845E-02  5.04005E-01
  1.5337500000E+01  1.5341666667E+01  1.76545E-02  5.28094E-01
  1.5341666667E+01  1.5345833333E+01  1.75591E-02  4.42450E-01
  1.5345833333E+01  1.5350000000E+01  1.75550E-02  4.33390E-01
  1.5350000000E+01  1.5354166667E+01  1.75483E-02  3.55877E-01
  1.5354166667E+01  1.5358333333E+01  1.75527E-02  4.86660E-01
  1.5358333333E+01  1.5362500000E+01  1.76166E-02  6.32274E-01
  1.5362500000E+01  1.5366666667E+01  1.74897E-02  3.84238E-01
  1.5366666667E+01  1.5370833333E+01  1.75911E-02  5.27615E-01
  1.5370833333E+01  1.5375000000E+01  1.74545E-02  4.11357E-01
  1.5375000000E+01  1.5379166667E+01  1.75201E-02  4.22614E-01
  1.5379166667E+01  1.5383333333E+01  1.75148E-02  4.33782E-01
  1.5383333333E+01  1.5387500000E+01  1.75668E-02  5.27324E-01
  1.5387500000E+01  1.5391666667E+01  1.75882E-02  5.73274E-01
  1.5391666667E+01  1.5395833333E+01  1.76118E-02  6.65412E-01
  1.5395833333E+01  1.5400000000E+01  1.76050E-02  5.00765E-01
  1.5400000000E+01  1.5404166667E+01  1.76251E-02  4.70903E-01
  1.5404166667E+01  1.5408333333E+01  1.76530E-02  5.26619E-01
  1.5408333333E+01  1.5412500000E+01  1.76241E-02  4.81425E-01
  1.5412500000E+01  1.5416666667E+01  1.76733E-02  6.41480E-01
  1.5416666667E+01  1.5420833333E+01  1.75387E-02  4.87028E-01
  1.5420833333E+01  1.5425000000E+01  1.75453E-02  4.18145E-01
  1.5425000000E+01  1.5429166667E+01  1.75676E-02  4.85654E-01
  1.5429166667E+01  1.5433333333E+01  1.75213E-02  4.54321E-01
  1.5433333333E+01  1.5437500000E+01  1.74946E-02  4.01136E-01
  1.5437500000E+01  1.5441666667E+01  1.75653E-02  4.75047E-01
  1.5441666667E+01  1.5445833333E+01  1.76806E-02  5.23067E-01
  1.5445833333E+01  1.5450000000E+01  1.77263E-02  5.54091E-01
  1.5450000000E+01  1.5454166667E+01  1.78057E-02  4.71287E-01
  1.5454166667E+01  1.5458333333E+01  1.80117E-02  6.28982E-01
  1.5458333333E+01  1.5462500000E+01  1.79905E-02  5.86720E-01
  1.5462500000E+01  1.5466666667E+01  1.79020E-02  4.37704E-01
  1.5466666667E+01  1.5470833333E+01  1.78622E-02  4.31960E-01
  1.5470833333E+01  1.5475000000E+01  1.79254E-02  4.65645E-01
  1.5475000000E+01  1.5479166667E+01  1.78917E-02  4.65241E-01
  1.5479166667E+01  1.5483333333E+01  1.78642E-02  4.97534E-01
  1.5483333333E+01  1.5487500000E+01  1.77244E-02  3.22201E-01
  1.5487500000E+01  1.5491666667E+01  1.77777E-02  4.82464E-01
  1.5491666667E+01  1.5495833333E+01  1.77732E-02  4.42917E-01
  1.5495833333E+01  1.5500000000E+01  1.77743E-02  3.55140E-01
  1.5500000000E+01  1.5504166667E+01  1.78161E-02  4.44491E-01
  1.5504166667E+01  1.5508333333E+01  1.77341E-02  3.20882E-01
  1.5508333333E+01  1.5512500000E+01  1.78848E-02  4.75454E-01
  1.5512500000E+01  1.5516666667E+01  1.78884E-02  6.09666E-01
  1.5516666667E+01  1.5520833333E+01  1.78322E-02  4.24804E-01
  1.5520833333E+01  1.5525000000E+01  1.78408E-02  4.74340E-01
  1.5525000000E+01  1.5529166667E+01  1.77590E-02  3.61683E-01
  1.5529166667E+01  1.5533333333E+01  1.78119E-02  4.58557E-01
  1.5533333333E+01  1.5537500000E+01  1.78396E-02  5.38378E-01
  1.5537500000E+01  1.5541666667E+01  1.77317E-02  3.71283E-01
  1.5541666667E+01  1.5545833333E+01  1.77592E-02  3.95497E-01
  1.5545833333E+01  1.5550000000E+01  1.77522E-02  5.17176E-01
  1.5550000000E+01  1.5554166667E+01  1.77528E-02  4.12408E-01
  1.5554166667E+01  1.5558333333E+01  1.76917E-02  3.17369E-01
  1.5558333333E+01  1.5562500000E+01  1.77071E-02  3.52446E-01
  1.5562500000E+01  1.5566666667E+01  1.77493E-02  3.31366E-01
  1.5566666667E+01  1.5570833333E+01  1.77656E-02  3.91996E-01
  1.5570833333E+01  1.5575000000E+01  1.77919E-02  4.80502E-01
  1.5575000000E+01  1.5579166667E+01  1.77469E-02  3.56011E-01
  1.5579166667E+01  1.5583333333E+01  1.78837E-02  5.38367E-01
  1.5583333333E+01  1.5587500000E+01  1.78518E-02  4.27297E-01
  1.5587500000E+01  1.5591666667E+01  1.78563E-02  5.72581E-01
  1.5591666667E+01  1.5595833333E+01  1.78871E-02  5.65346E-01
  1.5595833333E+01  1.5600000000E+01  1.78678E-02  5.57871E-01
  1.5600000000E+01  1.5604166667E+01  1.77860E-02  4.12611E-01
  1.5604166667E+01  1.5608333333E+01  1.78068E-02  3.83992E-01
  1.5608333333E+01  1.5612500000E+01  1.78810E-02  5.37555E-01
  1.5612500000E+01  1.5616666667E+01  1.77952E-02  3.67575E-01
  1.5616666667E+01  1.5620833333E+01  1.79004E-02  5.17385E-01
  1.5620833333E+01  1.5625000000E+01  1.78757E-02  5.14871E-01
  1.5625000000E+01  1.5629166667E+01  1.78111E-02  3.90660E-01
  1.5629166667E+01  1.5633333333E+01  1.78594E-02  4.47324E-01
  1.5633333333E+01  1.5637500000E+01  1.79278E-02  4.97821E-01
  1.5637500000E+01  1.5641666667E+01  1.78232E-02  3.84958E-01
  1.5641666667E+01  1.5645833333E+01  1.79961E-02  6.50301E-01
  1.5645833333E+01  1.5650000000E+01  1.79232E-02  4.47155E-01
  1.5650000000E+01  1.5654166667E+01  1.78833E-02  3.92928E-01
  1.5654166667E+01  1.5658333333E+01  1.79364E-02  5.39899E-01
  1.5658333333E+01  1.5662500000E+01  1.79402E-02  6.79998E-01
  1.5662500000E+01  1.5666666667E+01  1.78558E-02  3.98526E-01
  1.5666666667E+01  1.5670833333E+01  1.80405E-02  6.63922E-01
  1.5670833333E+01  1.5675000000E+01  1.80262E-02  5.50860E-01
  1.5675000000E+01  1.5679166667E+01  1.79821E-02  5.10802E-01
  1.5679166667E+01  1.5683333333E+01  1.79591E-02  4.48945E-01
  1.5683333333E+01  1.5687500000E+01  1.78992E-02  4.03424E-01
  1.5687500000E+01  1.5691666667E+01  1.78510E-02  3.99248E-01
  1.5691666667E+01  1.5695833333E+01  1.79123E-02  4.46853E-01
  1.5695833333E+01  1.5700000000E+01  1.79859E-02  5.89361E-01
  1.5700000000E+01  1.5704166667E+01  1.79175E-02  4.86006E-01
  1.5704166667E+01  1.5708333333E+01  1.80581E-02  5.95407E-01
  1.5708333333E+01  1.5712500000E+01  1.78650E-02  4.15955E-01
  1.5712500000E+01  1.5716666667E+01  1.80124E-02  5.98727E-01
  1.5716666667E+01  1.5720833333E+01  1.80361E-02  5.62220E-01
  1.5720833333E+01  1.5725000000E+01  1.79494E-02  4.63603E-01
  1.5725000000E+01  1.5729166667E+01  1.79138E-02  5.18064E-01
  1.5729166667E+01  1.5733333333E+01  1.80479E-02  6.18433E-01
  1.5733333333E+01  1.5737500000E+01  1.79790E-02  4.81515E-01
  1.5737500000E+01  1.5741666667E+01  1.79961E-02  5.54087E-01
  1.5741666667E+01  1.5745833333E+01  1.79428E-02  4.64210E-01
  1.5745833333E+01  1.5750000000E+01  1.78906E-02  4.32765E-01
  1.5750000000E+01  1.5754166667E+01  1.79936E-02  5.83420E-01
  1.5754166667E+01  1.5758333333E+01  1.79474E-02  4.43513E-01
  1.5758333333E+01  1.5762500000E+01  1.79729E-02  5.08206E-01
  1.5762500000E+01  1.5766666667E+01  1.79806E-02  5.01021E-01
  1.5766666667E+01  1.5770833333E+01  1.79774E-02  5.26206E-01
  1.5770833333E+01  1.5775000000E+01  1.78858E-02  3.70659E-01
  1.5775000000E+01  1.5779166667E+01  1.78630E-02  3.81257E-01
  1.5779166667E+01  1.5783333333E+01  1.80248E-02  5.29155E-01
  1.5783333333E+01  1.5787500000E+01  1.79167E-02  4.29850E-01
  1.5787500000E+01  1.5791666667E+01  1.79376E-02  3.75693E-01
  1.5791666667E+01  1.5795833333E+01  1.80320E-02  4.72220E-01
  1.5795833333E+01  1.5800000000E+01  1.80228E-02  4.59682E-01
  1.5800000000E+01  1.5804166667E+01  1.79771E-02  4.58506E-01
  1.5804166667E+01  1.5808333333E+01  1.80822E-02  6.41129E-01
  1.5808333333E+01  1.5812500000E+01  1.80094E-02  3.98990E-01
  1.5812500000E+01  1.5816666667E+01  1.79089E-02  3.66968E-01
  1.5816666667E+01  1.5820833333E+01  1.80120E-02  4.52607E-01
  1.5820833333E+01  1.5825000000E+01  1.81344E-02  6.01675E-01
  1.5825000000E+01  1.5829166667E+01  1.80585E-02  3.69264E-01
  1.5829166667E+01  1.5833333333E+01  1.80583E-02  3.77534E-01
  1.5833333333E+01  1.5837500000E+01  1.79917E-02  3.71411E-01
  1.5837500000E+01  1.5841666667E+01  1.79120E-02  3.20439E-01
  1.5841666667E+01  1.5845833333E+01  1.82083E-02  6.06523E-01
  1.5845833333E+01  1.5850000000E+01  1.80500E-02  4.17426E-01
  1.5850000000E+01  1.5854166667E+01  1.81212E-02  4.73773E-01
  1.5854166667E+01  1.5858333333E+01  1.80677E-02  4.43777E-01
  1.5858333333E+01  1.5862500000E+01  1.80203E-02  4.11435E-01
  1.5862500000E+01  1.5866666667E+01  1.80330E-02  5.18788E-01
  1.5866666667E+01  1.5870833333E+01  1.81079E-02  5.28446E-01
  1.5870833333E+01  1.5875000000E+01  1.80193E-02  3.76525E-01
  1.5875000000E+01  1.5879166667E+01  1.80268E-02  4.28823E-01
  1.5879166667E+01  1.5883333333E+01  1.81040E-02  5.95510E-01
  1.5883333333E+01  1.5887500000E+01  1.80705E-02  4.71113E-01
  1.5887500000E+01  1.5891666667E+01  1.81322E-02  5.14447E-01
  1.5891666667E+01  1.5895833333E+01  1.80990E-02  5.03976E-01
  1.5895833333E+01  1.5900000000E+01  1.80840E-02  5.51764E-01
  1.5900000000E+01  1.5904166667E+01  1.81389E-02  4.70905E-01
  1.5904166667E+01  1.5908333333E+01  1.80465E-02  4.20812E-01
  1.5908333333E+01  1.5912500000E+01  1.80200E-02  3.76329E-01
  1.5912500000E+01  1.5916666667E+01  1.81704E-02  4.16868E-01
  1.5916666667E+01  1.5920833333E+01  1.81635E-02  4.37714E-01
  1.5920833333E+01  1.5925000000E+01  1.84347E-02  6.86992E-01
  1.5925000000E+01  1.5929166667E+01  1.82055E-02  4.42207E-01
  1.5929166667E+01  1.5933333333E+01  1.83248E-02  4.96861E-01
  1.5933333333E+01  1.5937500000E+01  1.82650E-02  4.15411E-01
  1.5937500000E+01  1.5941666667E+01  1.83732E-02  4.67533E-01
  1.5941666667E+01  1.5945833333E+01  1.83021E-02  4.96490E-01
  1.5945833333E+01  1.5950000000E+01  1.82748E-02  4.67337E-01
  1.5950000000E+01  1.5954166667E+01  1.82980E-02  4.68487E-01
  1.5954166667E+01  1.5958333333E+01  1.83582E-02  5.07518E-01
  1.5958333333E+01  1.5962500000E+01  1.83068E-02  5.16775E-01
  1.5962500000E+01  1.5966666667E+01  1.84450E-02  5.73026E-01
  1.5966666667E+01  1.5970833333E+01  1.85239E-02  5.65098E-01
  1.5970833333E+01  1.5975000000E+01  1.83982E-02  4.29673E-01
  1.5975000000E+01  1.5979166667E+01  1.84350E-02  5.35276E-01
  1.5979166667E+01  1.5983333333E+01  1.82303E-02  3.35597E-01
  1.5983333333E+01  1.5987500000E+01  1.84551E-02  5.34212E-01
  1.5987500000E+01  1.5991666667E+01  1.83495E-02  3.88357E-01
  1.5991666667E+01  1.5995833333E+01  1.83195E-02  3.63714E-01
  1.5995833333E+01  1.6000000000E+01  1.84688E-02  5.58237E-01
  1.6000000000E+01  1.6004166667E+01  1.83621E-02  4.59944E-01
  1.6004166667E+01  1.6008333333E+01  1.84825E-02  6.57601E-01
  1.6008333333E+01  1.6012500000E+01  1.85426E-02  6.09933E-01
  1.6012500000E+01  1.6016666667E+01  1.84448E-02  5.15811E-01
  1.6016666667E+01  1.6020833333E+01  1.83059E-02  3.52334E-01
  1.6020833333E+01  1.6025000000E+01  1.84039E-02  4.43577E-01
  1.6025000000E+01  1.6029166667E+01  1.84283E-02  5.24592E-01
  1.6029166667E+01  1.6033333333E+01  1.84826E-02  5.34076E-01
  1.6033333333E+01  1.6037500000E+01  1.83842E-02  4.22932E-01
  1.6037500000E+01  1.6041666667E+01  1.85127E-02  5.20187E-01
  1.6041666667E+01  1.6045833333E+01  1.83641E-02  4.62792E-01
  1.6045833333E+01  1.6050000000E+01  1.84278E-02  6.32589E-01
  1.6050000000E+01  1.6054166667E+01  1.85550E-02  6.20883E-01
  1.6054166667E+01  1.6058333333E+01  1.84715E-02  4.79131E-01
  1.6058333333E+01  1.6062500000E+01  1.84604E-02  4.12916E-01
  1.6062500000E+01  1.6066666667E+01  1.85185E-02  5.07785E-01
  1.6066666667E+01  1.6070833333E+01  1.85670E-02  5.29273E-01
  1.6070833333E+01  1.6075000000E+01  1.85584E-02  4.42307E-01
  1.6075000000E+01  1.6079166667E+01  1.84185E-02  3.56809E-01
  1.6079166667E+01  1.6083333333E+01  1.85017E-02  4.25860E-01
  1.6083333333E+01  1.6087500000E+01  1.84545E-02  4.32660E-01
  1.6087500000E+01  1.6091666667E+01  1.85988E-02  5.21431E-01
  1.6091666667E+01  1.6095833333E+01  1.85515E-02  3.80066E-01
  1.6095833333E+01  1.6100000000E+01  1.84649E-02  4.38713E-01
  1.6100000000E+01  1.6104166667E+01  1.85393E-02  4.22923E-01
  1.6104166667E+01  1.6108333333E+01  1.85890E-02  5.46385E-01
  1.6108333333E+01  1.6112500000E+01  1.85321E-02  4.40572E-01
  1.6112500000E+01  1.6116666667E+01  1.86434E-02  5.55230E-01
  1.6116666667E+01  1.6120833333E+01  1.86757E-02  6.42370E-01
  1.6120833333E+01  1.6125000000E+01  1.85925E-02  5.11016E-01
  1.6125000000E+01  1.6129166667E+01  1.85753E-02  4.81598E-01
  1.6129166667E+01  1.6133333333E+01  1.86424E-02  5.37487E-01
  1.6133333333E+01  1.6137500000E+01  1.86061E-02  5.20614E-01
  1.6137500000E+01  1.6141666667E+01  1.85861E-02  4.40477E-01
  1.6141666667E+01  1.6145833333E+01  1.86481E-02  4.53122E-01
  1.6145833333E+01  1.6150000000E+01  1.86041E-02  4.61273E-01
  1.6150000000E+01  1.6154166667E+01  1.85862E-02  3.77552E-01
  1.6154166667E+01  1.6158333333E+01  1.87331E-02  5.01082E-01
  1.6158333333E+01  1.6162500000E+01  1.86868E-02  4.84059E-01
  1.6162500000E+01  1.6166666667E+01  1.86195E-02  4.17192E-01
  1.6166666667E+01  1.6170833333E+01  1.86512E-02  5.66614E-01
  1.6170833333E+01  1.6175000000E+01  1.86908E-02  5.32105E-01
  1.6175000000E+01  1.6179166667E+01  1.87012E-02  5.20348E-01
  1.6179166667E+01  1.6183333333E+01  1.86821E-02  4.17587E-01
  1.6183333333E+01  1.6187500000E+01  1.86522E-02  4.65252E-01
  1.6187500000E+01  1.6191666667E+01  1.86640E-02  4.53307E-01
  1.6191666667E+01  1.6195833333E+01  1.86973E-02  4.24975E-01
  1.6195833333E+01  1.6200000000E+01  1.87240E-02  4.37008E-01
  1.6200000000E+01  1.6204166667E+01  1.86956E-02  4.08099E-01
  1.6204166667E+01  1.6208333333E+01  1.86832E-02  3.95957E-01
  1.6208333333E+01  1.6212500000E+01  1.87998E-02  4.86742E-01
  1.6212500000E+01  1.6216666667E+01  1.87928E-02  5.52199E-01
  1.6216666667E+01  1.6220833333E+01  1.87293E-02  4.95249E-01
  1.6220833333E+01  1.6225000000E+01  1.87789E-02  4.57986E-01
  1.6225000000E+01  1.6229166667E+01  1.87243E-02  4.62352E-01
  1.6229166667E+01  1.6233333333E+01  1.87320E-02  4.73625E-01
  1.6233333333E+01  1.6237500000E+01  1.87095E-02  4.31026E-01
  1.6237500000E+01  1.6241666667E+01  1.87472E-02  4.67081E-01
  1.6241666667E+01  1.6245833333E+01  1.87338E-02  4.16568E-01
  1.6245833333E+01  1.6250000000E+01  1.86206E-02  3.50099E-01
  1.6250000000E+01  1.6254166667E+01  1.87448E-02  3.92767E-01
  1.6254166667E+01  1.6258333333E+01  1.86296E-02  3.16932E-01
  1.6258333333E+01  1.6262500000E+01  1.87100E-02  4.03882E-01
  1.6262500000E+01  1.6266666667E+01  1.87142E-02  4.54579E-01
  1.6266666667E+01  1.6270833333E+01  1.87578E-02  3.94468E-01
  1.6270833333E+01  1.6275000000E+01  1.88371E-02  4.03776E-01
  1.6275000000E+01  1.6279166667E+01  1.88575E-02  4.62418E-01
  1.6279166667E+01  1.6283333333E+01  1.88134E-02  4.46764E-01
  1.6283333333E+01  1.6287500000E+01  1.88619E-02  5.36211E-01
  1.6287500000E+01  1.6291666667E+01  1.88180E-02  4.76349E-01
  1.6291666667E+01  1.6295833333E+01  1.88020E-02  3.96769E-01
  1.6295833333E+01  1.6300000000E+01  1.87682E-02  4.05350E-01
  1.6300000000E+01  1.6304166667E+01  1.87887E-02  3.74765E-01
  1.6304166667E+01  1.6308333333E+01  1.88722E-02  4.40325E-01
  1.6308333333E+01  1.6312500000E+01  1.89084E-02  4.34723E-01
  1.6312500000E+01  1.6316666667E+01  1.89512E-02  4.68872E-01
  1.6316666667E+01  1.6320833333E+01  1.88939E-02  4.53270E-01
  1.6320833333E+01  1.6325000000E+01  1.89269E-02  4.00083E-01
  1.6325000000E+01  1.6329166667E+01  1.88727E-02  3.29682E-01
  1.6329166667E+01  1.6333333333E+01  1.89973E-02  4.92567E-01
  1.6333333333E+01  1.6337500000E+01  1.90722E-02  5.85093E-01
  1.6337500000E+01  1.6341666667E+01  1.90892E-02  5.60320E-01
  1.6341666667E+01  1.6345833333E+01  1.89746E-02  4.20467E-01
  1.6345833333E+01  1.6350000000E+01  1.89080E-02  4.24045E-01
  1.6350000000E+01  1.6354166667E+01  1.89748E-02  4.28638E-01
  1.6354166667E+01  1.6358333333E+01  1.89874E-02  5.32669E-01
  1.6358333333E+01  1.6362500000E+01  1.90590E-02  4.97633E-01
  1.6362500000E+01  1.6366666667E+01  1.91756E-02  5.96524E-01
  1.6366666667E+01  1.6370833333E+01  1.91209E-02  4.74899E-01
  1.6370833333E+01  1.6375000000E+01  1.90165E-02  4.37132E-01
  1.6375000000E+01  1.6379166667E+01  1.90340E-02  3.89296E-01
  1.6379166667E+01  1.6383333333E+01  1.91426E-02  4.70470E-01
  1.6383333333E+01  1.6387500000E+01  1.91493E-02  6.01548E-01
  1.6387500000E+01  1.6391666667E+01  1.92306E-02  5.85587E-01
  1.6391666667E+01  1.6395833333E+01  1.92584E-02  6.56542E-01
  1.6395833333E+01  1.6400000000E+01  1.91420E-02  4.60728E-01
  1.6400000000E+01  1.6404166667E+01  1.92497E-02  5.47733E-01
  1.6404166667E+01  1.6408333333E+01  1.91617E-02  5.13462E-01
  1.6408333333E+01  1.6412500000E+01  1.91234E-02  4.33504E-01
  1.6412500000E+01  1.6416666667E+01  1.91123E-02  5.30718E-01
  1.6416666667E+01  1.6420833333E+01  1.91150E-02  4.51920E-01
  1.6420833333E+01  1.6425000000E+01  1.90834E-02  4.01362E-01
  1.6425000000E+01  1.6429166667E+01  1.91714E-02  4.39751E-01
  1.6429166667E+01  1.6433333333E+01  1.90982E-02  3.69205E-01
  1.6433333333E+01  1.6437500000E+01  1.91769E-02  4.88166E-01
  1.6437500000E+01  1.6441666667E+01  1.91492E-02  5.52854E-01
  1.6441666667E+01  1.6445833333E+01  1.91968E-02  4.55239E-01
  1.6445833333E+01  1.6450000000E+01  1.92936E-02  5.65911E-01
  1.6450000000E+01  1.6454166667E+01  1.92889E-02  5.31315E-01
  1.6454166667E+01  1.6458333333E+01  1.92566E-02  4.84630E-01
  1.6458333333E+01  1.6462500000E+01  1.91657E-02  4.02093E-01
  1.6462500000E+01  1.6466666667E+01  1.92595E-02  4.58062E-01
  1.6466666667E+01  1.6470833333E+01  1.93833E-02  5.84875E-01
  1.6470833333E+01  1.6475000000E+01  1.92358E-02  4.29382E-01
  1.6475000000E+01  1.6479166667E+01  1.93130E-02  4.65789E-01
  1.6479166667E+01  1.6483333333E+01  1.94266E-02  5.81815E-01
  1.6483333333E+01  1.6487500000E+01  1.93771E-02  5.50651E-01
  1.6487500000E+01  1.6491666667E+01  1.92878E-02  4.33496E-01
  1.6491666667E+01  1.6495833333E+01  1.93472E-02  4.21183E-01
  1.6495833333E+01  1.6500000000E+01  1.92331E-02  3.61672E-01
  1.6500000000E+01  1.6504166667E+01  1.91728E-02  3.24990E-01
  1.6504166667E+01  1.6508333333E+01  1.93199E-02  4.96983E-01
  1.6508333333E+01  1.6512500000E+01  1.92943E-02  4.35779E-01
  1.6512500000E+01  1.6516666667E+01  1.94313E-02  5.17262E-01
  1.6516666667E+01  1.6520833333E+01  1.94926E-02  5.15752E-01
  1.6520833333E+01  1.6525000000E+01  1.95128E-02  5.13594E-01
  1.6525000000E+01  1.6529166667E+01  1.93099E-02  4.03015E-01
  1.6529166667E+01  1.6533333333E+01  1.94455E-02  4.97593E-01
  1.6533333333E+01  1.6537500000E+01  1.94042E-02  4.50436E-01
  1.6537500000E+01  1.6541666667E+01  1.94804E-02  4.52543E-01
  1.6541666667E+01  1.6545833333E+01  1.94402E-02  4.13092E-01
  1.6545833333E+01  1.6550000000E+01  1.94880E-02  3.86683E-01
  1.6550000000E+01  1.6554166667E+01  1.95898E-02  6.01480E-01
  1.6554166667E+01  1.6558333333E+01  1.95705E-02  5.27474E-01
  1.6558333333E+01  1.6562500000E+01  1.96466E-02  5.11972E-01
  1.6562500000E+01  1.6566666667E+01  1.95276E-02  4.78699E-01
  1.6566666667E+01  1.6570833333E+01  1.94791E-02  4.45918E-01
  1.6570833333E+01  1.6575000000E+01  1.94428E-02  3.80516E-01
  1.6575000000E+01  1.6579166667E+01  1.94263E-02  4.18637E-01
  1.6579166667E+01  1.6583333333E+01  1.95563E-02  4.41870E-01
  1.6583333333E+01  1.6587500000E+01  1.95141E-02  3.71888E-01
  1.6587500000E+01  1.6591666667E+01  1.95981E-02  5.12075E-01
  1.6591666667E+01  1.6595833333E+01  1.96247E-02  4.41140E-01
  1.6595833333E+01  1.6600000000E+01  1.95801E-02  4.15092E-01
  1.6600000000E+01  1.6604166667E+01  1.96288E-02  4.88340E-01
  1.6604166667E+01  1.6608333333E+01  1.95210E-02  4.23497E-01
  1.6608333333E+01  1.6612500000E+01  1.96161E-02  5.05992E-01
  1.6612500000E+01  1.6616666667E+01  1.96608E-02  4.59579E-01
  1.6616666667E+01  1.6620833333E+01  1.97046E-02  5.54796E-01
  1.6620833333E+01  1.6625000000E+01  1.96957E-02  4.47024E-01
  1.6625000000E+01  1.6629166667E+01  1.96381E-02  4.52872E-01
  1.6629166667E+01  1.6633333333E+01  1.96313E-02  3.95508E-01
  1.6633333333E+01  1.6637500000E+01  1.97126E-02  3.97439E-01
  1.6637500000E+01  1.6641666667E+01  1.98292E-02  5.22752E-01
  1.6641666667E+01  1.6645833333E+01  1.96837E-02  3.55000E-01
  1.6645833333E+01  1.6650000000E+01  1.97426E-02  3.86074E-01
  1.6650000000E+01  1.6654166667E+01  1.96980E-02  3.53560E-01
  1.6654166667E+01  1.6658333333E+01  1.97057E-02  4.45419E-01
  1.6658333333E+01  1.6662500000E+01  1.98514E-02  4.77300E-01
  1.6662500000E+01  1.6666666667E+01  1.99133E-02  4.73103E-01
  1.6666666667E+01  1.6670833333E+01  1.99300E-02  5.23917E-01
  1.6670833333E+01  1.6675000000E+01  1.98734E-02  4.16713E-01
  1.6675000000E+01  1.6679166667E+01  1.99901E-02  4.85455E-01
  1.6679166667E+01  1.6683333333E+01  1.99197E-02  4.94982E-01
  1.6683333333E+01  1.6687500000E+01  1.99025E-02  3.86980E-01
  1.6687500000E+01  1.6691666667E+01  2.00272E-02  4.96318E-01
  1.6691666667E+01  1.6695833333E+01  1.98903E-02  4.66985E-01
  1.6695833333E+01  1.6700000000E+01  1.98764E-02  3.75227E-01
  1.6700000000E+01  1.6704166667E+01  2.00540E-02  5.38849E-01
  1.6704166667E+01  1.6708333333E+01  2.00775E-02  5.35169E-01
  1.6708333333E+01  1.6712500000E+01  2.00668E-02  4.99826E-01
  1.6712500000E+01  1.6716666667E+01  2.01162E-02  5.26751E-01
  1.6716666667E+01  1.6720833333E+01  2.01796E-02  5.90158E-01
  1.6720833333E+01  1.6725000000E+01  2.00681E-02  6.17571E-01
  1.6725000000E+01  1.6729166667E+01  2.00159E-02  4.35821E-01
  1.6729166667E+01  1.6733333333E+01  1.99713E-02  3.91672E-01
  1.6733333333E+01  1.6737500000E+01  2.01928E-02  5.00635E-01
  1.6737500000E+01  1.6741666667E+01  2.01443E-02  4.02624E-01
  1.6741666667E+01  1.6745833333E+01  1.99688E-02  3.46750E-01
  1.6745833333E+01  1.6750000000E+01  1.99676E-02  3.28067E-01
  1.6750000000E+01  1.6754166667E+01  1.99473E-02  3.29149E-01
  1.6754166667E+01  1.6758333333E+01  2.01747E-02  5.27467E-01
  1.6758333333E+01  1.6762500000E+01  2.00883E-02  3.75412E-01
  1.6762500000E+01  1.6766666667E+01  2.01132E-02  4.32153E-01
  1.6766666667E+01  1.6770833333E+01  2.01196E-02  3.98112E-01
  1.6770833333E+01  1.6775000000E+01  2.02517E-02  5.02888E-01
  1.6775000000E+01  1.6779166667E+01  2.01894E-02  4.58899E-01
  1.6779166667E+01  1.6783333333E+01  2.01661E-02  4.19787E-01
  1.6783333333E+01  1.6787500000E+01  2.02957E-02  4.90651E-01
  1.6787500000E+01  1.6791666667E+01  2.02906E-02  4.45801E-01
  1.6791666667E+01  1.6795833333E+01  2.03051E-02  4.25147E-01
  1.6795833333E+01  1.6800000000E+01  2.03749E-02  4.90635E-01
  1.6800000000E+01  1.6804166667E+01  2.03514E-02  4.88417E-01
  1.6804166667E+01  1.6808333333E+01  2.02624E-02  3.42545E-01
  1.6808333333E+01  1.6812500000E+01  2.03378E-02  4.81813E-01
  1.6812500000E+01  1.6816666667E+01  2.02996E-02  4.60562E-01
  1.6816666667E+01  1.6820833333E+01  2.03349E-02  5.17995E-01
  1.6820833333E+01  1.6825000000E+01  2.02851E-02  4.35206E-01
  1.6825000000E+01  1.6829166667E+01  2.02953E-02  3.93979E-01
  1.6829166667E+01  1.6833333333E+01  2.04698E-02  4.75143E-01
  1.6833333333E+01  1.6837500000E+01  2.03312E-02  3.58610E-01
  1.6837500000E+01  1.6841666667E+01  2.05321E-02  5.49227E-01
  1.6841666667E+01  1.6845833333E+01  2.05107E-02  6.22852E-01
  1.6845833333E+01  1.6850000000E+01  2.05004E-02  5.66590E-01
  1.6850000000E+01  1.6854166667E+01  2.05128E-02  5.04884E-01
  1.6854166667E+01  1.6858333333E+01  2.04275E-02  4.51386E-01
  1.6858333333E+01  1.6862500000E+01  2.04671E-02  4.07364E-01
  1.6862500000E+01  1.6866666667E+01  2.05116E-02  4.50646E-01
  1.6866666667E+01  1.6870833333E+01  2.06058E-02  4.30862E-01
  1.6870833333E+01  1.6875000000E+01  2.06400E-02  4.52711E-01
  1.6875000000E+01  1.6879166667E+01  2.05964E-02  4.17677E-01
  1.6879166667E+01  1.6883333333E+01  2.05678E-02  4.48593E-01
  1.6883333333E+01  1.6887500000E+01  2.05114E-02  3.68813E-01
  1.6887500000E+01  1.6891666667E+01  2.05786E-02  3.99361E-01
  1.6891666667E+01  1.6895833333E+01  2.05628E-02  3.38605E-01
  1.6895833333E+01  1.6900000000E+01  2.05851E-02  4.43056E-01
  1.6900000000E+01  1.6904166667E+01  2.07172E-02  3.97072E-01
  1.6904166667E+01  1.6908333333E+01  2.06143E-02  3.80421E-01
  1.6908333333E+01  1.6912500000E+01  2.07013E-02  4.44366E-01
  1.6912500000E+01  1.6916666667E+01  2.07612E-02  4.73601E-01
  1.6916666667E+01  1.6920833333E+01  2.06892E-02  4.09077E-01
  1.6920833333E+01  1.6925000000E+01  2.07071E-02  4.17434E-01
  1.6925000000E+01  1.6929166667E+01  2.07999E-02  4.44117E-01
  1.6929166667E+01  1.6933333333E+01  2.08391E-02  4.46370E-01
  1.6933333333E+01  1.6937500000E+01  2.08320E-02  5.19422E-01
  1.6937500000E+01  1.6941666667E+01  2.09011E-02  5.00435E-01
  1.6941666667E+01  1.6945833333E+01  2.09230E-02  4.43172E-01
  1.6945833333E+01  1.6950000000E+01  2.08443E-02  4.31204E-01
  1.6950000000E+01  1.6954166667E+01  2.08180E-02  3.95841E-01
  1.6954166667E+01  1.6958333333E+01  2.09986E-02  5.07457E-01
  1.6958333333E+01  1.6962500000E+01  2.09270E-02  4.82341E-01
  1.6962500000E+01  1.6966666667E+01  2.09430E-02  4.49246E-01
  1.6966666667E+01  1.6970833333E+01  2.08672E-02  3.07749E-01
  1.6970833333E+01  1.6975000000E+01  2.09865E-02  3.73349E-01
  1.6975000000E+01  1.6979166667E+01  2.11328E-02  4.99941E-01
  1.6979166667E+01  1.6983333333E+01  2.10335E-02  3.83936E-01
  1.6983333333E+01  1.6987500000E+01  2.11014E-02  4.55406E-01
  1.6987500000E+01  1.6991666667E+01  2.10854E-02  4.46823E-01
  1.6991666667E+01  1.6995833333E+01  2.10227E-02  3.14815E-01
  1.6995833333E+01  1.7000000000E+01  2.11596E-02  4.85997E-01
  1.7000000000E+01  1.7004166667E+01  2.12610E-02  5.31013E-01
  1.7004166667E+01  1.7008333333E+01  2.12163E-02  4.43326E-01
  1.7008333333E+01  1.7012500000E+01  2.12190E-02  3.85937E-01
  1.7012500000E+01  1.7016666667E+01  2.12304E-02  4.12171E-01
  1.7016666667E+01  1.7020833333E+01  2.11958E-02  3.73668E-01
  1.7020833333E+01  1.7025000000E+01  2.12909E-02  4.57680E-01
  1.7025000000E+01  1.7029166667E+01  2.11447E-02  3.24764E-01
  1.7029166667E+01  1.7033333333E+01  2.12316E-02  3.48846E-01
  1.7033333333E+01  1.7037500000E+01  2.12398E-02  4.02779E-01
  1.7037500000E+01  1.7041666667E+01  2.13519E-02  4.58409E-01
  1.7041666667E+01  1.7045833333E+01  2.13110E-02  4.47117E-01
  1.7045833333E+01  1.7050000000E+01  2.14467E-02  5.19701E-01
  1.7050000000E+01  1.7054166667E+01  2.13818E-02  4.59332E-01
  1.7054166667E+01  1.7058333333E+01  2.14122E-02  3.89752E-01
  1.7058333333E+01  1.7062500000E+01  2.14332E-02  4.01264E-01
  1.7062500000E+01  1.7066666667E+01  2.15036E-02  4.46153E-01
  1.7066666667E+01  1.7070833333E+01  2.15163E-02  4.92280E-01
  1.7070833333E+01  1.7075000000E+01  2.15034E-02  4.41227E-01
  1.7075000000E+01  1.7079166667E+01  2.16448E-02  4.74802E-01
  1.7079166667E+01  1.7083333333E+01  2.16269E-02  3.76814E-01
  1.7083333333E+01  1.7087500000E+01  2.14788E-02  4.70539E-01
  1.7087500000E+01  1.7091666667E+01  2.16091E-02  4.46521E-01
  1.7091666667E+01  1.7095833333E+01  2.16772E-02  4.63760E-01
  1.7095833333E+01  1.7100000000E+01  2.16630E-02  4.24286E-01
  1.7100000000E+01  1.7104166667E+01  2.16345E-02  4.00305E-01
  1.7104166667E+01  1.7108333333E+01  2.17405E-02  4.13439E-01
  1.7108333333E+01  1.7112500000E+01  2.16715E-02  4.06232E-01
  1.7112500000E+01  1.7116666667E+01  2.17619E-02  5.13930E-01
  1.7116666667E+01  1.7120833333E+01  2.17676E-02  4.52813E-01
  1.7120833333E+01  1.7125000000E+01  2.18254E-02  4.09399E-01
  1.7125000000E+01  1.7129166667E+01  2.17256E-02  3.76690E-01
  1.7129166667E+01  1.7133333333E+01  2.17716E-02  4.42788E-01
  1.7133333333E+01  1.7137500000E+01  2.17605E-02  3.62265E-01
  1.7137500000E+01  1.7141666667E+01  2.19001E-02  5.03357E-01
  1.7141666667E+01  1.7145833333E+01  2.19486E-02  3.77980E-01
  1.7145833333E+01  1.7150000000E+01  2.19672E-02  4.54512E-01
  1.7150000000E+01  1.7154166667E+01  2.20872E-02  4.63288E-01
  1.7154166667E+01  1.7158333333E+01  2.20706E-02  4.91158E-01
  1.7158333333E+01  1.7162500000E+01  2.20381E-02  4.54690E-01
  1.7162500000E+01  1.7166666667E+01  2.19831E-02  3.38601E-01
  1.7166666667E+01  1.7170833333E+01  2.20617E-02  4.23765E-01
  1.7170833333E+01  1.7175000000E+01  2.21931E-02  4.35509E-01
  1.7175000000E+01  1.7179166667E+01  2.21277E-02  3.87266E-01
  1.7179166667E+01  1.7183333333E+01  2.20972E-02  3.73266E-01
  1.7183333333E+01  1.7187500000E+01  2.20807E-02  3.84340E-01
  1.7187500000E+01  1.7191666667E+01  2.21898E-02  3.90719E-01
  1.7191666667E+01  1.7195833333E+01  2.22349E-02  3.89874E-01
  1.7195833333E+01  1.7200000000E+01  2.21528E-02  3.27479E-01
  1.7200000000E+01  1.7204166667E+01  2.23500E-02  4.78297E-01
  1.7204166667E+01  1.7208333333E+01  2.23172E-02  4.25461E-01
  1.7208333333E+01  1.7212500000E+01  2.23618E-02  3.88630E-01
  1.7212500000E+01  1.7216666667E+01  2.24683E-02  4.74021E-01
  1.7216666667E+01  1.7220833333E+01  2.25085E-02  4.36903E-01
  1.7220833333E+01  1.7225000000E+01  2.23647E-02  3.70849E-01
  1.7225000000E+01  1.7229166667E+01  2.24503E-02  3.38583E-01
  1.7229166667E+01  1.7233333333E+01  2.24947E-02  3.93230E-01
  1.7233333333E+01  1.7237500000E+01  2.25478E-02  3.97577E-01
  1.7237500000E+01  1.7241666667E+01  2.25112E-02  3.79278E-01
  1.7241666667E+01  1.7245833333E+01  2.26437E-02  4.48109E-01
  1.7245833333E+01  1.7250000000E+01  2.25309E-02  4.05470E-01
  1.7250000000E+01  1.7254166667E+01  2.26315E-02  4.41826E-01
  1.7254166667E+01  1.7258333333E+01  2.27901E-02  5.01072E-01
  1.7258333333E+01  1.7262500000E+01  2.26695E-02  3.95948E-01
  1.7262500000E+01  1.7266666667E+01  2.26626E-02  3.24140E-01
  1.7266666667E+01  1.7270833333E+01  2.28598E-02  4.53948E-01
  1.7270833333E+01  1.7275000000E+01  2.27959E-02  3.93141E-01
  1.7275000000E+01  1.7279166667E+01  2.28924E-02  4.48914E-01
  1.7279166667E+01  1.7283333333E+01  2.29185E-02  3.79708E-01
  1.7283333333E+01  1.7287500000E+01  2.30131E-02  4.68733E-01
  1.7287500000E+01  1.7291666667E+01  2.30015E-02  3.66340E-01
  1.7291666667E+01  1.7295833333E+01  2.29053E-02  3.45283E-01
  1.7295833333E+01  1.7300000000E+01  2.31731E-02  6.03667E-01
  1.7300000000E+01  1.7304166667E+01  2.29923E-02  3.41339E-01
  1.7304166667E+01  1.7308333333E+01  2.30733E-02  3.68614E-01
  1.7308333333E+01  1.7312500000E+01  2.32265E-02  4.69524E-01
  1.7312500000E+01  1.7316666667E+01  2.31729E-02  4.44491E-01
  1.7316666667E+01  1.7320833333E+01  2.31581E-02  4.20042E-01
  1.7320833333E+01  1.7325000000E+01  2.32505E-02  3.73120E-01
  1.7325000000E+01  1.7329166667E+01  2.31656E-02  3.26195E-01
  1.7329166667E+01  1.7333333333E+01  2.33112E-02  4.71440E-01
  1.7333333333E+01  1.7337500000E+01  2.32793E-02  3.70398E-01
  1.7337500000E+01  1.7341666667E+01  2.33224E-02  3.59756E-01
  1.7341666667E+01  1.7345833333E+01  2.33833E-02  3.72818E-01
  1.7345833333E+01  1.7350000000E+01  2.34233E-02  4.53141E-01
  1.7350000000E+01  1.7354166667E+01  2.34411E-02  3.73624E-01
  1.7354166667E+01  1.7358333333E+01  2.34512E-02  3.86198E-01
  1.7358333333E+01  1.7362500000E+01  2.36107E-02  4.68840E-01
  1.7362500000E+01  1.7366666667E+01  2.36341E-02  4.18115E-01
  1.7366666667E+01  1.7370833333E+01  2.34725E-02  3.08638E-01
  1.7370833333E+01  1.7375000000E+01  2.36730E-02  3.69717E-01
  1.7375000000E+01  1.7379166667E+01  2.37201E-02  4.09754E-01
  1.7379166667E+01  1.7383333333E+01  2.38496E-02  4.39996E-01
  1.7383333333E+01  1.7387500000E+01  2.39055E-02  4.41896E-01
  1.7387500000E+01  1.7391666667E+01  2.38433E-02  4.06206E-01
  1.7391666667E+01  1.7395833333E+01  2.38394E-02  3.93365E-01
  1.7395833333E+01  1.7400000000E+01  2.37896E-02  3.37787E-01
  1.7400000000E+01  1.7404166667E+01  2.39036E-02  3.46906E-01
  1.7404166667E+01  1.7408333333E+01  2.39138E-02  3.52565E-01
  1.7408333333E+01  1.7412500000E+01  2.40636E-02  3.62304E-01
  1.7412500000E+01  1.7416666667E+01  2.41633E-02  4.16665E-01
  1.7416666667E+01  1.7420833333E+01  2.41385E-02  3.91448E-01
  1.7420833333E+01  1.7425000000E+01  2.42400E-02  4.19144E-01
  1.7425000000E+01  1.7429166667E+01  2.41951E-02  3.36588E-01
  1.7429166667E+01  1.7433333333E+01  2.42351E-02  3.63595E-01
  1.7433333333E+01  1.7437500000E+01  2.43878E-02  4.24211E-01
  1.7437500000E+01  1.7441666667E+01  2.42574E-02  3.61167E-01
  1.7441666667E+01  1.7445833333E+01  2.44042E-02  4.86976E-01
  1.7445833333E+01  1.7450000000E+01  2.42811E-02  3.66732E-01
  1.7450000000E+01  1.7454166667E+01  2.44393E-02  4.14455E-01
  1.7454166667E+01  1.7458333333E+01  2.45101E-02  4.26733E-01
  1.7458333333E+01  1.7462500000E+01  2.45424E-02  3.54663E-01
  1.7462500000E+01  1.7466666667E+01  2.46041E-02  3.49023E-01
  1.7466666667E+01  1.7470833333E+01  2.47597E-02  4.34180E-01
  1.7470833333E+01  1.7475000000E+01  2.47082E-02  3.29532E-01
  1.7475000000E+01  1.7479166667E+01  2.47414E-02  3.60732E-01
  1.7479166667E+01  1.7483333333E+01  2.47733E-02  3.80166E-01
  1.7483333333E+01  1.7487500000E+01  2.48200E-02  3.94682E-01
  1.7487500000E+01  1.7491666667E+01  2.49687E-02  4.33637E-01
  1.7491666667E+01  1.7495833333E+01  2.48618E-02  2.97723E-01
  1.7495833333E+01  1.7500000000E+01  2.50008E-02  3.92753E-01
  1.7500000000E+01  1.7504166667E+01  2.50986E-02  4.15311E-01
  1.7504166667E+01  1.7508333333E+01  2.51572E-02  3.86150E-01
  1.7508333333E+01  1.7512500000E+01  2.53208E-02  4.20574E-01
  1.7512500000E+01  1.7516666667E+01  2.52519E-02  3.92112E-01
  1.7516666667E+01  1.7520833333E+01  2.53617E-02  4.41928E-01
  1.7520833333E+01  1.7525000000E+01  2.53883E-02  4.40004E-01
  1.7525000000E+01  1.7529166667E+01  2.54248E-02  4.21737E-01
  1.7529166667E+01  1.7533333333E+01  2.54934E-02  4.40020E-01
  1.7533333333E+01  1.7537500000E+01  2.55205E-02  4.00808E-01
  1.7537500000E+01  1.7541666667E+01  2.57324E-02  4.43235E-01
  1.7541666667E+01  1.7545833333E+01  2.56751E-02  4.32544E-01
  1.7545833333E+01  1.7550000000E+01  2.57034E-02  3.99408E-01
  1.7550000000E+01  1.7554166667E+01  2.57865E-02  4.56489E-01
  1.7554166667E+01  1.7558333333E+01  2.58940E-02  4.35298E-01
  1.7558333333E+01  1.7562500000E+01  2.59232E-02  4.24181E-01
  1.7562500000E+01  1.7566666667E+01  2.59157E-02  3.72442E-01
  1.7566666667E+01  1.7570833333E+01  2.59422E-02  4.00731E-01
  1.7570833333E+01  1.7575000000E+01  2.60778E-02  4.55783E-01
  1.7575000000E+01  1.7579166667E+01  2.61443E-02  3.80516E-01
  1.7579166667E+01  1.7583333333E+01  2.61907E-02  3.86192E-01
  1.7583333333E+01  1.7587500000E+01  2.61836E-02  3.39725E-01
  1.7587500000E+01  1.7591666667E+01  2.62769E-02  3.78331E-01
  1.7591666667E+01  1.7595833333E+01  2.64010E-02  4.07180E-01
  1.7595833333E+01  1.7600000000E+01  2.63958E-02  4.17229E-01
  1.7600000000E+01  1.7604166667E+01  2.64970E-02  4.23771E-01
  1.7604166667E+01  1.7608333333E+01  2.65651E-02  4.01966E-01
  1.7608333333E+01  1.7612500000E+01  2.65804E-02  3.45817E-01
  1.7612500000E+01  1.7616666667E+01  2.66836E-02  4.20402E-01
  1.7616666667E+01  1.7620833333E+01  2.67860E-02  4.28061E-01
  1.7620833333E+01  1.7625000000E+01  2.68856E-02  3.82166E-01
  1.7625000000E+01  1.7629166667E+01  2.68429E-02  3.53943E-01
  1.7629166667E+01  1.7633333333E+01  2.69966E-02  3.64451E-01
  1.7633333333E+01  1.7637500000E+01  2.72337E-02  4.46240E-01
  1.7637500000E+01  1.7641666667E+01  2.71809E-02  4.00042E-01
  1.7641666667E+01  1.7645833333E+01  2.72705E-02  4.01397E-01
  1.7645833333E+01  1.7650000000E+01  2.72727E-02  3.46684E-01
  1.7650000000E+01  1.7654166667E+01  2.73497E-02  3.94222E-01
  1.7654166667E+01  1.7658333333E+01  2.75751E-02  4.39201E-01
  1.7658333333E+01  1.7662500000E+01  2.76647E-02  4.46369E-01
  1.7662500000E+01  1.7666666667E+01  2.76992E-02  4.56341E-01
  1.7666666667E+01  1.7670833333E+01  2.77087E-02  4.08444E-01
  1.7670833333E+01  1.7675000000E+01  2.78385E-02  4.17098E-01
  1.7675000000E+01  1.7679166667E+01  2.79003E-02  4.29910E-01
  1.7679166667E+01  1.7683333333E+01  2.80285E-02  4.72324E-01
  1.7683333333E+01  1.7687500000E+01  2.80320E-02  4.31142E-01
  1.7687500000E+01  1.7691666667E+01  2.82017E-02  4.27516E-01
  1.7691666667E+01  1.7695833333E+01  2.81600E-02  3.77593E-01
  1.7695833333E+01  1.7700000000E+01  2.82639E-02  3.97405E-01
  1.7700000000E+01  1.7704166667E+01  2.84047E-02  4.02667E-01
  1.7704166667E+01  1.7708333333E+01  2.85236E-02  3.92263E-01
  1.7708333333E+01  1.7712500000E+01  2.85020E-02  3.96356E-01
  1.7712500000E+01  1.7716666667E+01  2.86664E-02  3.67291E-01
  1.7716666667E+01  1.7720833333E+01  2.87875E-02  4.07889E-01
  1.7720833333E+01  1.7725000000E+01  2.89494E-02  4.15780E-01
  1.7725000000E+01  1.7729166667E+01  2.89112E-02  4.09580E-01
  1.7729166667E+01  1.7733333333E+01  2.90119E-02  3.82567E-01
  1.7733333333E+01  1.7737500000E+01  2.92018E-02  4.15368E-01
  1.7737500000E+01  1.7741666667E+01  2.92961E-02  3.72610E-01
  1.7741666667E+01  1.7745833333E+01  2.94412E-02  4.21878E-01
  1.7745833333E+01  1.7750000000E+01  2.94757E-02  3.83688E-01
  1.7750000000E+01  1.7754166667E+01  2.95561E-02  3.68079E-01
  1.7754166667E+01  1.7758333333E+01  2.96061E-02  3.56679E-01
  1.7758333333E+01  1.7762500000E+01  2.99185E-02  4.03344E-01
  1.7762500000E+01  1.7766666667E+01  2.99244E-02  3.92954E-01
  1.7766666667E+01  1.7770833333E+01  3.01113E-02  4.44347E-01
  1.7770833333E+01  1.7775000000E+01  3.02205E-02  4.09491E-01
  1.7775000000E+01  1.7779166667E+01  3.03317E-02  3.76952E-01
  1.7779166667E+01  1.7783333333E+01  3.04754E-02  3.86403E-01
  1.7783333333E+01  1.7787500000E+01  3.06506E-02  3.79595E-01
  1.7787500000E+01  1.7791666667E+01  3.07787E-02  3.54473E-01
  1.7791666667E+01  1.7795833333E+01  3.07962E-02  3.90913E-01
  1.7795833333E+01  1.7800000000E+01  3.09509E-02  3.93403E-01
  1.7800000000E+01  1.7804166667E+01  3.10447E-02  3.78340E-01
  1.7804166667E+01  1.7808333333E+01  3.11462E-02  3.57330E-01
  1.7808333333E+01  1.7812500000E+01  3.13526E-02  3.79927E-01
  1.7812500000E+01  1.7816666667E+01  3.15879E-02  4.16852E-01
  1.7816666667E+01  1.7820833333E+01  3.16302E-02  3.86129E-01
  1.7820833333E+01  1.7825000000E+01  3.19484E-02  4.53631E-01
  1.7825000000E+01  1.7829166667E+01  3.19944E-02  3.98106E-01
  1.7829166667E+01  1.7833333333E+01  3.21223E-02  3.88696E-01
  1.7833333333E+01  1.7837500000E+01  3.22871E-02  3.88749E-01
  1.7837500000E+01  1.7841666667E+01  3.24101E-02  3.84178E-01
  1.7841666667E+01  1.7845833333E+01  3.25516E-02  3.85122E-01
  1.7845833333E+01  1.7850000000E+01  3.27491E-02  3.86912E-01
  1.7850000000E+01  1.7854166667E+01  3.28082E-02  3.65307E-01
  1.7854166667E+01  1.7858333333E+01  3.30350E-02  4.05365E-01
  1.7858333333E+01  1.7862500000E+01  3.31584E-02  3.69150E-01
  1.7862500000E+01  1.7866666667E+01  3.33618E-02  3.47467E-01
  1.7866666667E+01  1.7870833333E+01  3.35753E-02  3.79277E-01
  1.7870833333E+01  1.7875000000E+01  3.37124E-02  3.71801E-01
  1.7875000000E+01  1.7879166667E+01  3.38900E-02  3.97869E-01
  1.7879166667E+01  1.7883333333E+01  3.40776E-02  3.65365E-01
  1.7883333333E+01  1.7887500000E+01  3.43682E-02  4.36199E-01
  1.7887500000E+01  1.7891666667E+01  3.45010E-02  3.90209E-01
  1.7891666667E+01  1.7895833333E+01  3.46694E-02  3.89450E-01
  1.7895833333E+01  1.7900000000E+01  3.49126E-02  4.14469E-01
  1.7900000000E+01  1.7904166667E+01  3.51547E-02  4.05503E-01
  1.7904166667E+01  1.7908333333E+01  3.53557E-02  3.78953E-01
  1.7908333333E+01  1.7912500000E+01  3.56049E-02  3.61295E-01
  1.7912500000E+01  1.7916666667E+01  3.58908E-02  3.60146E-01
  1.7916666667E+01  1.7920833333E+01  3.62034E-02  3.46411E-01
  1.7920833333E+01  1.7925000000E+01  3.64556E-02  3.60901E-01
  1.7925000000E+01  1.7929166667E+01  3.65359E-02  3.63552E-01
  1.7929166667E+01  1.7933333333E+01  3.68806E-02  3.86486E-01
  1.7933333333E+01  1.7937500000E+01  3.72405E-02  3.80567E-01
  1.7937500000E+01  1.7941666667E+01  3.75956E-02  3.78261E-01
  1.7941666667E+01  1.7945833333E+01  3.77555E-02  3.47678E-01
  1.7945833333E+01  1.7950000000E+01  3.80062E-02  3.82337E-01
  1.7950000000E+01  1.7954166667E+01  3.83599E-02  3.70810E-01
  1.7954166667E+01  1.7958333333E+01  3.86205E-02  3.80421E-01
  1.7958333333E+01  1.7962500000E+01  3.89941E-02  3.80074E-01
  1.7962500000E+01  1.7966666667E+01  3.92948E-02  3.64490E-01
  1.7966666667E+01  1.7970833333E+01  3.96941E-02  3.67458E-01
  1.7970833333E+01  1.7975000000E+01  3.99501E-02  3.70260E-01
  1.7975000000E+01  1.7979166667E+01  4.04024E-02  3.92535E-01
  1.7979166667E+01  1.7983333333E+01  4.09096E-02  3.95196E-01
  1.7983333333E+01  1.7987500000E+01  4.12645E-02  3.80609E-01
  1.7987500000E+01  1.7991666667E+01  4.17265E-02  4.01590E-01
  1.7991666667E+01  1.7995833333E+01  4.22373E-02  4.22395E-01
  1.7995833333E+01  1.8000000000E+01  4.27025E-02  4.08788E-01
  1.8000000000E+01  1.8004166667E+01  4.31974E-02  4.25559E-01
  1.8004166667E+01  1.8008333333E+01  4.36421E-02  4.06363E-01
  1.8008333333E+01  1.8012500000E+01  4.42463E-02  3.79654E-01
  1.8012500000E+01  1.8016666667E+01  4.47942E-02  3.62403E-01
  1.8016666667E+01  1.8020833333E+01  4.54187E-02  3.64059E-01
  1.8020833333E+01  1.8025000000E+01  4.60213E-02  3.82121E-01
  1.8025000000E+01  1.8029166667E+01  4.66570E-02  3.69712E-01
  1.8029166667E+01  1.8033333333E+01  4.72669E-02  3.53307E-01
  1.8033333333E+01  1.8037500000E+01  4.80678E-02  3.62623E-01
  1.8037500000E+01  1.8041666667E+01  4.89037E-02  4.16879E-01
  1.8041666667E+01  1.8045833333E+01  4.96688E-02  3.70363E-01
  1.8045833333E+01  1.8050000000E+01  5.04891E-02  3.90402E-01
  1.8050000000E+01  1.8054166667E+01  5.13101E-02  3.86620E-01
  1.8054166667E+01  1.8058333333E+01  5.21204E-02  3.91878E-01
  1.8058333333E+01  1.8062500000E+01  5.30397E-02  4.19848E-01
  1.8062500000E+01  1.8066666667E+01  5.39018E-02  4.39214E-01
  1.8066666667E+01  1.8070833333E+01  5.47476E-02  3.84357E-01
  1.8070833333E+01  1.8075000000E+01  5.56903E-02  4.10455E-01
  1.8075000000E+01  1.8079166667E+01  5.66811E-02  4.15280E-01
  1.8079166667E+01  1.8083333333E+01  5.76747E-02  4.04644E-01
  1.8083333333E+01  1.8087500000E+01  5.88433E-02  4.32085E-01
  1.8087500000E+01  1.8091666667E+01  5.97207E-02  4.00650E-01
  1.8091666667E+01  1.8095833333E+01  6.06061E-02  3.94470E-01
  1.8095833333E+01  1.8100000000E+01  6.15930E-02  4.38541E-01
  1.8100000000E+01  1.8104166667E+01  6.23361E-02  4.29736E-01
  1.8104166667E+01  1.8108333333E+01  6.31512E-02  3.88702E-01
  1.8108333333E+01  1.8112500000E+01  6.37929E-02  4.28232E-01
  1.8112500000E+01  1.8116666667E+01  6.45740E-02  4.45960E-01
  1.8116666667E+01  1.8120833333E+01  6.49988E-02  4.27799E-01
  1.8120833333E+01  1.8125000000E+01  6.56247E-02  4.16647E-01
  1.8125000000E+01  1.8129166667E+01  6.58090E-02  4.33476E-01
  1.8129166667E+01  1.8133333333E+01  6.58482E-02  4.39229E-01
  1.8133333333E+01  1.8137500000E+01  6.57331E-02  4.40245E-01
  1.8137500000E+01  1.8141666667E+01  6.54562E-02  4.50426E-01
  1.8141666667E+01  1.8145833333E+01  6.47766E-02  4.42631E-01
  1.8145833333E+01  1.8150000000E+01  6.40811E-02  4.41373E-01
  1.8150000000E+01  1.8154166667E+01  6.29602E-02  4.33902E-01
  1.8154166667E+01  1.8158333333E+01  6.21189E-02  4.23195E-01
  1.8158333333E+01  1.8162500000E+01  6.09494E-02  3.90769E-01
  1.8162500000E+01  1.8166666667E+01  5.95568E-02  4.24406E-01
  1.8166666667E+01  1.8170833333E+01  5.78167E-02  4.25238E-01
  1.8170833333E+01  1.8175000000E+01  5.61027E-02  4.22257E-01
  1.8175000000E+01  1.8179166667E+01  5.39500E-02  4.63203E-01
  1.8179166667E+01  1.8183333333E+01  5.14728E-02  4.74116E-01
  1.8183333333E+01  1.8187500000E+01  4.89768E-02  5.21921E-01
  1.8187500000E+01  1.8191666667E+01  4.62798E-02  5.72445E-01
  1.8191666667E+01  1.8195833333E+01  4.36818E-02  4.93417E-01
  1.8195833333E+01  1.8200000000E+01  4.12142E-02  5.76095E-01
  1.8200000000E+01  1.8204166667E+01  3.83310E-02  6.18552E-01
  1.8204166667E+01  1.8208333333E+01  3.58125E-02  6.19085E-01
  1.8208333333E+01  1.8212500000E+01  3.30759E-02  6.04801E-01
  1.8212500000E+01  1.8216666667E+01  3.03641E-02  6.57623E-01
  1.8216666667E+01  1.8220833333E+01  2.75924E-02  7.39107E-01
  1.8220833333E+01  1.8225000000E+01  2.49798E-02  8.21263E-01
  1.8225000000E+01  1.8229166667E+01  2.24843E-02  8.10411E-01
  1.8229166667E+01  1.8233333333E+01  2.02451E-02  8.04309E-01
  1.8233333333E+01  1.8237500000E+01  1.80915E-02  9.86379E-01
  1.8237500000E+01  1.8241666667E+01  1.61273E-02  1.06357E+00
  1.8241666667E+01  1.8245833333E+01  1.43558E-02  1.00596E+00
  1.8245833333E+01  1.8250000000E+01  1.24712E-02  1.22207E+00
  1.8250000000E+01  1.8254166667E+01  1.07332E-02  1.19061E+00
  1.8254166667E+01  1.8258333333E+01  9.21234E-03  1.16145E+00
  1.8258333333E+01  1.8262500000E+01  8.02968E-03  1.41971E+00
  1.8262500000E+01  1.8266666667E+01  6.75837E-03  1.65047E+00
  1.8266666667E+01  1.8270833333E+01  5.71166E-03  1.72956E+00
  1.8270833333E+01  1.8275000000E+01  4.81373E-03  2.07341E+00
  1.8275000000E+01  1.8279166667E+01  3.99944E-03  2.46144E+00
  1.8279166667E+01  1.8283333333E+01  3.30095E-03  2.50568E+00
  1.8283333333E+01  1.8287500000E+01  2.69955E-03  2.70634E+00
  1.8287500000E+01  1.8291666667E+01  2.24049E-03  2.79666E+00
  1.8291666667E+01  1.8295833333E+01  1.86578E-03  3.39321E+00
  1.8295833333E+01  1.8300000000E+01  1.48176E-03  3.45956E+00
  1.8300000000E+01  1.8304166667E+01  1.18295E-03  4.48770E+00
  1.8304166667E+01  1.8308333333E+01  9.33514E-04  4.90388E+00
  1.8308333333E+01  1.8312500000E+01  7.17778E-04  5.05156E+00
  1.8312500000E+01  1.8316666667E+01  5.54117E-04  5.41406E+00
  1.8316666667E+01  1.8320833333E+01  4.48051E-04  6.60154E+00
  1.8320833333E+01  1.8325000000E+01  3.37749E-04  7.97082E+00
  1.8325000000E+01  1.8329166667E+01  2.57175E-04  8.33750E+00
  1.8329166667E+01  1.8333333333E+01  2.01129E-04  1.01393E+01
  1.8333333333E+01  1.8337500000E+01  1.64789E-04  9.83328E+00
  1.8337500000E+01  1.8341666667E+01  1.27705E-04  1.28525E+01
  1.8341666667E+01  1.8345833333E+01  9.79646E-05  1.60482E+01
  1.8345833333E+01  1.8350000000E+01  5.92594E-05  1.85156E+01
  1.8350000000E+01  1.8354166667E+01  4.66575E-05  2.33943E+01
  1.8354166667E+01  1.8358333333E+01  2.96805E-05  2.98399E+01
  1.8358333333E+01  1.8362500000E+01  1.70120E-05  3.38966E+01
  1.8362500000E+01  1.8366666667E+01  1.38310E-05  4.09829E+01
  1.8366666667E+01  1.8370833333E+01  8.49984E-06  5.17972E+01
  1.8370833333E+01  1.8375000000E+01  2.25077E-06  7.05817E+01
  1.8375000000E+01  1.8379166667E+01  2.44041E-06  7.11126E+01
  1.8379166667E+01  1.8383333333E+01  3.03023E-06  7.14310E+01
  1.8383333333E+01  1.8387500000E+01  4.88966E-06  7.08545E+01
  1.8387500000E+01  1.8391666667E+01  3.26195E-06  6.30013E+01
  1.8391666667E+01  1.8395833333E+01  3.89618E-06  8.96737E+01
  1.8395833333E+01  1.8400000000E+01  8.18787E-07  1.00000E+02
  1.8400000000E+01  1.8404166667E+01  1.02895E-06  8.51476E+01
  1.8404166667E+01  1.8408333333E+01  9.24794E-07  1.00000E+02
  1.8408333333E+01  1.8412500000E+01  9.26306E-07  1.00000E+02
  1.8412500000E+01  1.8416666667E+01  9.59987E-07  1.00000E+02
  1.8416666667E+01  1.8420833333E+01  1.05880E-06  1.00000E+02
  1.8420833333E+01  1.8425000000E+01  1.09798E-06  1.00000E+02
  1.8425000000E+01  1.8429166667E+01  1.36581E-06  1.00000E+02
  1.8429166667E+01  1.8433333333E+01  1.56328E-06  1.00000E+02
  1.8433333333E+01  1.8437500000E+01  1.87105E-06  1.00000E+02
  1.8437500000E+01  1.8441666667E+01  2.49817E-06  1.00000E+02
  1.8441666667E+01  1.8445833333E+01  2.38917E-06  1.00000E+02
  1.8445833333E+01  1.8450000000E+01  0.00000E+00  0.00000E+00
  1.8450000000E+01  1.8454166667E+01  0.00000E+00  0.00000E+00
  1.8454166667E+01  1.8458333333E+01  0.00000E+00  0.00000E+00
  1.8458333333E+01  1.8462500000E+01  0.00000E+00  0.00000E+00
  1.8462500000E+01  1.8466666667E+01  0.00000E+00  0.00000E+00
  1.8466666667E+01  1.8470833333E+01  0.00000E+00  0.00000E+00
  1.8470833333E+01  1.8475000000E+01  0.00000E+00  0.00000E+00
  1.8475000000E+01  1.8479166667E+01  0.00000E+00  0.00000E+00
  1.8479166667E+01  1.8483333333E+01  0.00000E+00  0.00000E+00
  1.8483333333E+01  1.8487500000E+01  0.00000E+00  0.00000E+00
  1.8487500000E+01  1.8491666667E+01  3.45036E-14  1.00000E+02
  1.8491666667E+01  1.8495833333E+01  0.00000E+00  0.00000E+00
  1.8495833333E+01  1.8500000000E+01  0.00000E+00  0.00000E+00
  1.8500000000E+01  1.8504166667E+01  0.00000E+00  0.00000E+00
  1.8504166667E+01  1.8508333333E+01  0.00000E+00  0.00000E+00
  1.8508333333E+01  1.8512500000E+01  0.00000E+00  0.00000E+00
  1.8512500000E+01  1.8516666667E+01  0.00000E+00  0.00000E+00
  1.8516666667E+01  1.8520833333E+01  0.00000E+00  0.00000E+00
  1.8520833333E+01  1.8525000000E+01  0.00000E+00  0.00000E+00
  1.8525000000E+01  1.8529166667E+01  0.00000E+00  0.00000E+00
  1.8529166667E+01  1.8533333333E+01  0.00000E+00  0.00000E+00
  1.8533333333E+01  1.8537500000E+01  0.00000E+00  0.00000E+00
  1.8537500000E+01  1.8541666667E+01  0.00000E+00  0.00000E+00
  1.8541666667E+01  1.8545833333E+01  0.00000E+00  0.00000E+00
  1.8545833333E+01  1.8550000000E+01  0.00000E+00  0.00000E+00
  1.8550000000E+01  1.8554166667E+01  1.71818E-07  1.00000E+02
  1.8554166667E+01  1.8558333333E+01  0.00000E+00  0.00000E+00
  1.8558333333E+01  1.8562500000E+01  0.00000E+00  0.00000E+00
  1.8562500000E+01  1.8566666667E+01  0.00000E+00  0.00000E+00
  1.8566666667E+01  1.8570833333E+01  0.00000E+00  0.00000E+00
  1.8570833333E+01  1.8575000000E+01  0.00000E+00  0.00000E+00
  1.8575000000E+01  1.8579166667E+01  0.00000E+00  0.00000E+00
  1.8579166667E+01  1.8583333333E+01  0.00000E+00  0.00000E+00
  1.8583333333E+01  1.8587500000E+01  0.00000E+00  0.00000E+00
  1.8587500000E+01  1.8591666667E+01  0.00000E+00  0.00000E+00
  1.8591666667E+01  1.8595833333E+01  0.00000E+00  0.00000E+00
  1.8595833333E+01  1.8600000000E+01  0.00000E+00  0.00000E+00
  1.8600000000E+01  1.8604166667E+01  0.00000E+00  0.00000E+00
  1.8604166667E+01  1.8608333333E+01  0.00000E+00  0.00000E+00
  1.8608333333E+01  1.8612500000E+01  0.00000E+00  0.00000E+00
  1.8612500000E+01  1.8616666667E+01  0.00000E+00  0.00000E+00
  1.8616666667E+01  1.8620833333E+01  0.00000E+00  0.00000E+00
  1.8620833333E+01  1.8625000000E+01  0.00000E+00  0.00000E+00
  1.8625000000E+01  1.8629166667E+01  0.00000E+00  0.00000E+00
  1.8629166667E+01  1.8633333333E+01  0.00000E+00  0.00000E+00
  1.8633333333E+01  1.8637500000E+01  0.00000E+00  0.00000E+00
  1.8637500000E+01  1.8641666667E+01  0.00000E+00  0.00000E+00
  1.8641666667E+01  1.8645833333E+01  0.00000E+00  0.00000E+00
  1.8645833333E+01  1.8650000000E+01  0.00000E+00  0.00000E+00
  1.8650000000E+01  1.8654166667E+01  0.00000E+00  0.00000E+00
  1.8654166667E+01  1.8658333333E+01  0.00000E+00  0.00000E+00
  1.8658333333E+01  1.8662500000E+01  0.00000E+00  0.00000E+00
  1.8662500000E+01  1.8666666667E+01  2.73323E-10  1.00000E+02
  1.8666666667E+01  1.8670833333E+01  0.00000E+00  0.00000E+00
  1.8670833333E+01  1.8675000000E+01  0.00000E+00  0.00000E+00
  1.8675000000E+01  1.8679166667E+01  0.00000E+00  0.00000E+00
  1.8679166667E+01  1.8683333333E+01  5.10532E-08  1.00000E+02
  1.8683333333E+01  1.8687500000E+01  0.00000E+00  0.00000E+00
  1.8687500000E+01  1.8691666667E+01  0.00000E+00  0.00000E+00
  1.8691666667E+01  1.8695833333E+01  0.00000E+00  0.00000E+00
  1.8695833333E+01  1.8700000000E+01  0.00000E+00  0.00000E+00
  1.8700000000E+01  1.8704166667E+01  0.00000E+00  0.00000E+00
  1.8704166667E+01  1.8708333333E+01  0.00000E+00  0.00000E+00
  1.8708333333E+01  1.8712500000E+01  0.00000E+00  0.00000E+00
  1.8712500000E+01  1.8716666667E+01  0.00000E+00  0.00000E+00
  1.8716666667E+01  1.8720833333E+01  0.00000E+00  0.00000E+00
  1.8720833333E+01  1.8725000000E+01  0.00000E+00  0.00000E+00
  1.8725000000E+01  1.8729166667E+01  0.00000E+00  0.00000E+00
  1.8729166667E+01  1.8733333333E+01  0.00000E+00  0.00000E+00
  1.8733333333E+01  1.8737500000E+01  0.00000E+00  0.00000E+00
  1.8737500000E+01  1.8741666667E+01  0.00000E+00  0.00000E+00
  1.8741666667E+01  1.8745833333E+01  0.00000E+00  0.00000E+00
  1.8745833333E+01  1.8750000000E+01  4.24701E-06  1.00000E+02
  1.8750000000E+01  1.8754166667E+01  0.00000E+00  0.00000E+00
  1.8754166667E+01  1.8758333333E+01  0.00000E+00  0.00000E+00
  1.8758333333E+01  1.8762500000E+01  0.00000E+00  0.00000E+00
  1.8762500000E+01  1.8766666667E+01  0.00000E+00  0.00000E+00
  1.8766666667E+01  1.8770833333E+01  0.00000E+00  0.00000E+00
  1.8770833333E+01  1.8775000000E+01  0.00000E+00  0.00000E+00
  1.8775000000E+01  1.8779166667E+01  0.00000E+00  0.00000E+00
  1.8779166667E+01  1.8783333333E+01  0.00000E+00  0.00000E+00
  1.8783333333E+01  1.8787500000E+01  0.00000E+00  0.00000E+00
  1.8787500000E+01  1.8791666667E+01  0.00000E+00  0.00000E+00
  1.8791666667E+01  1.8795833333E+01  0.00000E+00  0.00000E+00
  1.8795833333E+01  1.8800000000E+01  0.00000E+00  0.00000E+00
  1.8800000000E+01  1.8804166667E+01  0.00000E+00  0.00000E+00
  1.8804166667E+01  1.8808333333E+01  0.00000E+00  0.00000E+00
  1.8808333333E+01  1.8812500000E+01  0.00000E+00  0.00000E+00
  1.8812500000E+01  1.8816666667E+01  0.00000E+00  0.00000E+00
  1.8816666667E+01  1.8820833333E+01  0.00000E+00  0.00000E+00
  1.8820833333E+01  1.8825000000E+01  0.00000E+00  0.00000E+00
  1.8825000000E+01  1.8829166667E+01  0.00000E+00  0.00000E+00
  1.8829166667E+01  1.8833333333E+01  0.00000E+00  0.00000E+00
  1.8833333333E+01  1.8837500000E+01  0.00000E+00  0.00000E+00
  1.8837500000E+01  1.8841666667E+01  0.00000E+00  0.00000E+00
  1.8841666667E+01  1.8845833333E+01  0.00000E+00  0.00000E+00
  1.8845833333E+01  1.8850000000E+01  0.00000E+00  0.00000E+00
  1.8850000000E+01  1.8854166667E+01  0.00000E+00  0.00000E+00
  1.8854166667E+01  1.8858333333E+01  0.00000E+00  0.00000E+00
  1.8858333333E+01  1.8862500000E+01  0.00000E+00  0.00000E+00
  1.8862500000E+01  1.8866666667E+01  0.00000E+00  0.00000E+00
  1.8866666667E+01  1.8870833333E+01  0.00000E+00  0.00000E+00
  1.8870833333E+01  1.8875000000E+01  0.00000E+00  0.00000E+00
  1.8875000000E+01  1.8879166667E+01  0.00000E+00  0.00000E+00
  1.8879166667E+01  1.8883333333E+01  1.64575E-06  1.00000E+02
  1.8883333333E+01  1.8887500000E+01  0.00000E+00  0.00000E+00
  1.8887500000E+01  1.8891666667E+01  0.00000E+00  0.00000E+00
  1.8891666667E+01  1.8895833333E+01  0.00000E+00  0.00000E+00
  1.8895833333E+01  1.8900000000E+01  3.73593E-08  1.00000E+02
  1.8900000000E+01  1.8904166667E+01  3.00209E-07  1.00000E+02
  1.8904166667E+01  1.8908333333E+01  3.00209E-07  1.00000E+02
  1.8908333333E+01  1.8912500000E+01  3.00209E-07  1.00000E+02
  1.8912500000E+01  1.8916666667E+01  3.00209E-07  1.00000E+02
  1.8916666667E+01  1.8920833333E+01  4.70215E-06  9.37249E+01
  1.8920833333E+01  1.8925000000E+01  3.67946E-06  9.20648E+01
  1.8925000000E+01  1.8929166667E+01  3.00209E-07  1.00000E+02
  1.8929166667E+01  1.8933333333E+01  3.00209E-07  1.00000E+02
  1.8933333333E+01  1.8937500000E+01  3.00209E-07  1.00000E+02
  1.8937500000E+01  1.8941666667E+01  3.00209E-07  1.00000E+02
  1.8941666667E+01  1.8945833333E+01  3.00209E-07  1.00000E+02
  1.8945833333E+01  1.8950000000E+01  3.00209E-07  1.00000E+02
  1.8950000000E+01  1.8954166667E+01  3.00209E-07  1.00000E+02
  1.8954166667E+01  1.8958333333E+01  3.00209E-07  1.00000E+02
  1.8958333333E+01  1.8962500000E+01  3.00209E-07  1.00000E+02
  1.8962500000E+01  1.8966666667E+01  3.00209E-07  1.00000E+02
  1.8966666667E+01  1.8970833333E+01  3.00209E-07  1.00000E+02
  1.8970833333E+01  1.8975000000E+01  3.07898E-07  1.00000E+02
  1.8975000000E+01  1.8979166667E+01  3.24261E-07  1.00000E+02
  1.8979166667E+01  1.8983333333E+01  5.31611E-07  7.18413E+01
  1.8983333333E+01  1.8987500000E+01  3.24261E-07  1.00000E+02
  1.8987500000E+01  1.8991666667E+01  3.24261E-07  1.00000E+02
  1.8991666667E+01  1.8995833333E+01  3.24261E-07  1.00000E+02
  1.8995833333E+01  1.9000000000E+01  1.05907E-06  7.53615E+01
  1.9000000000E+01  1.9004166667E+01  3.24261E-07  1.00000E+02
  1.9004166667E+01  1.9008333333E+01  3.24261E-07  1.00000E+02
  1.9008333333E+01  1.9012500000E+01  3.24261E-07  1.00000E+02
  1.9012500000E+01  1.9016666667E+01  3.24261E-07  1.00000E+02
  1.9016666667E+01  1.9020833333E+01  3.24261E-07  1.00000E+02
  1.9020833333E+01  1.9025000000E+01  3.24261E-07  1.00000E+02
  1.9025000000E+01  1.9029166667E+01  3.24261E-07  1.00000E+02
  1.9029166667E+01  1.9033333333E+01  3.24261E-07  1.00000E+02
  1.9033333333E+01  1.9037500000E+01  3.55922E-07  1.00000E+02
  1.9037500000E+01  1.9041666667E+01  3.62762E-07  1.00000E+02
  1.9041666667E+01  1.9045833333E+01  3.62762E-07  1.00000E+02
  1.9045833333E+01  1.9050000000E+01  3.62762E-07  1.00000E+02
  1.9050000000E+01  1.9054166667E+01  3.62762E-07  1.00000E+02
  1.9054166667E+01  1.9058333333E+01  3.62762E-07  1.00000E+02
  1.9058333333E+01  1.9062500000E+01  3.62762E-07  1.00000E+02
  1.9062500000E+01  1.9066666667E+01  3.62762E-07  1.00000E+02
  1.9066666667E+01  1.9070833333E+01  3.62762E-07  1.00000E+02
  1.9070833333E+01  1.9075000000E+01  3.62762E-07  1.00000E+02
  1.9075000000E+01  1.9079166667E+01  3.62762E-07  1.00000E+02
  1.9079166667E+01  1.9083333333E+01  3.62762E-07  1.00000E+02
  1.9083333333E+01  1.9087500000E+01  3.60504E-07  1.00000E+02
  1.9087500000E+01  1.9091666667E+01  3.60260E-07  1.00000E+02
  1.9091666667E+01  1.9095833333E+01  3.60260E-07  1.00000E+02
  1.9095833333E+01  1.9100000000E+01  3.60260E-07  1.00000E+02
  1.9100000000E+01  1.9104166667E+01  3.60260E-07  1.00000E+02
  1.9104166667E+01  1.9108333333E+01  3.60260E-07  1.00000E+02
  1.9108333333E+01  1.9112500000E+01  3.60260E-07  1.00000E+02
  1.9112500000E+01  1.9116666667E+01  3.60260E-07  1.00000E+02
  1.9116666667E+01  1.9120833333E+01  3.60260E-07  1.00000E+02
  1.9120833333E+01  1.9125000000E+01  3.65121E-07  1.00000E+02
  1.9125000000E+01  1.9129166667E+01  4.18726E-07  1.00000E+02
  1.9129166667E+01  1.9133333333E+01  4.18726E-07  1.00000E+02
  1.9133333333E+01  1.9137500000E+01  4.18726E-07  1.00000E+02
  1.9137500000E+01  1.9141666667E+01  4.18726E-07  1.00000E+02
  1.9141666667E+01  1.9145833333E+01  4.18726E-07  1.00000E+02
  1.9145833333E+01  1.9150000000E+01  4.18726E-07  1.00000E+02
  1.9150000000E+01  1.9154166667E+01  4.18726E-07  1.00000E+02
  1.9154166667E+01  1.9158333333E+01  4.18726E-07  1.00000E+02
  1.9158333333E+01  1.9162500000E+01  4.54233E-07  1.00000E+02
  1.9162500000E+01  1.9166666667E+01  4.59778E-07  1.00000E+02
  1.9166666667E+01  1.9170833333E+01  4.59778E-07  1.00000E+02
  1.9170833333E+01  1.9175000000E+01  4.59778E-07  1.00000E+02
  1.9175000000E+01  1.9179166667E+01  4.59778E-07  1.00000E+02
  1.9179166667E+01  1.9183333333E+01  4.59778E-07  1.00000E+02
  1.9183333333E+01  1.9187500000E+01  4.61481E-07  1.00000E+02
  1.9187500000E+01  1.9191666667E+01  4.80800E-07  1.00000E+02
  1.9191666667E+01  1.9195833333E+01  4.80800E-07  1.00000E+02
  1.9195833333E+01  1.9200000000E+01  4.80800E-07  1.00000E+02
  1.9200000000E+01  1.9204166667E+01  4.80800E-07  1.00000E+02
  1.9204166667E+01  1.9208333333E+01  4.80800E-07  1.00000E+02
  1.9208333333E+01  1.9212500000E+01  5.12355E-07  1.00000E+02
  1.9212500000E+01  1.9216666667E+01  1.24998E-06  7.07659E+01
  1.9216666667E+01  1.9220833333E+01  5.40669E-07  1.00000E+02
  1.9220833333E+01  1.9225000000E+01  5.40669E-07  1.00000E+02
  1.9225000000E+01  1.9229166667E+01  5.40669E-07  1.00000E+02
  1.9229166667E+01  1.9233333333E+01  5.88888E-07  1.00000E+02
  1.9233333333E+01  1.9237500000E+01  5.92195E-07  1.00000E+02
  1.9237500000E+01  1.9241666667E+01  5.92196E-07  1.00000E+02
  1.9241666667E+01  1.9245833333E+01  6.13629E-07  1.00000E+02
  1.9245833333E+01  1.9250000000E+01  7.28731E-07  1.00000E+02
  1.9250000000E+01  1.9254166667E+01  7.28731E-07  1.00000E+02
  1.9254166667E+01  1.9258333333E+01  7.27241E-07  1.00000E+02
  1.9258333333E+01  1.9262500000E+01  7.07928E-07  1.00000E+02
  1.9262500000E+01  1.9266666667E+01  7.07928E-07  1.00000E+02
  1.9266666667E+01  1.9270833333E+01  7.42140E-07  1.00000E+02
  1.9270833333E+01  1.9275000000E+01  7.62552E-07  1.00000E+02
  1.9275000000E+01  1.9279166667E+01  8.27238E-07  1.00000E+02
  1.9279166667E+01  1.9283333333E+01  8.69077E-07  1.00000E+02
  1.9283333333E+01  1.9287500000E+01  9.52309E-07  1.00000E+02
  1.9287500000E+01  1.9291666667E+01  9.70677E-07  1.00000E+02
  1.9291666667E+01  1.9295833333E+01  9.98853E-07  1.00000E+02
  1.9295833333E+01  1.9300000000E+01  1.05396E-06  1.00000E+02
  1.9300000000E+01  1.9304166667E+01  1.22062E-06  1.00000E+02
  1.9304166667E+01  1.9308333333E+01  1.40109E-06  1.00000E+02
  1.9308333333E+01  1.9312500000E+01  1.78609E-06  1.00000E+02
  1.9312500000E+01  1.9316666667E+01  2.87770E-06  1.00000E+02
  1.9316666667E+01  1.9320833333E+01  1.16659E-06  1.00000E+02
  1.9320833333E+01  1.9325000000E+01  0.00000E+00  0.00000E+00
  1.9325000000E+01  1.9329166667E+01  0.00000E+00  0.00000E+00
  1.9329166667E+01  1.9333333333E+01  0.00000E+00  0.00000E+00
  1.9333333333E+01  1.9337500000E+01  0.00000E+00  0.00000E+00
  1.9337500000E+01  1.9341666667E+01  0.00000E+00  0.00000E+00
  1.9341666667E+01  1.9345833333E+01  0.00000E+00  0.00000E+00
  1.9345833333E+01  1.9350000000E+01  0.00000E+00  0.00000E+00
  1.9350000000E+01  1.9354166667E+01  0.00000E+00  0.00000E+00
  1.9354166667E+01  1.9358333333E+01  0.00000E+00  0.00000E+00
  1.9358333333E+01  1.9362500000E+01  0.00000E+00  0.00000E+00
  1.9362500000E+01  1.9366666667E+01  0.00000E+00  0.00000E+00
  1.9366666667E+01  1.9370833333E+01  0.00000E+00  0.00000E+00
  1.9370833333E+01  1.9375000000E+01  0.00000E+00  0.00000E+00
  1.9375000000E+01  1.9379166667E+01  0.00000E+00  0.00000E+00
  1.9379166667E+01  1.9383333333E+01  0.00000E+00  0.00000E+00
  1.9383333333E+01  1.9387500000E+01  0.00000E+00  0.00000E+00
  1.9387500000E+01  1.9391666667E+01  0.00000E+00  0.00000E+00
  1.9391666667E+01  1.9395833333E+01  0.00000E+00  0.00000E+00
  1.9395833333E+01  1.9400000000E+01  0.00000E+00  0.00000E+00
  1.9400000000E+01  1.9404166667E+01  0.00000E+00  0.00000E+00
  1.9404166667E+01  1.9408333333E+01  0.00000E+00  0.00000E+00
  1.9408333333E+01  1.9412500000E+01  0.00000E+00  0.00000E+00
  1.9412500000E+01  1.9416666667E+01  0.00000E+00  0.00000E+00
  1.9416666667E+01  1.9420833333E+01  0.00000E+00  0.00000E+00
  1.9420833333E+01  1.9425000000E+01  0.00000E+00  0.00000E+00
  1.9425000000E+01  1.9429166667E+01  0.00000E+00  0.00000E+00
  1.9429166667E+01  1.9433333333E+01  0.00000E+00  0.00000E+00
  1.9433333333E+01  1.9437500000E+01  0.00000E+00  0.00000E+00
  1.9437500000E+01  1.9441666667E+01  0.00000E+00  0.00000E+00
  1.9441666667E+01  1.9445833333E+01  0.00000E+00  0.00000E+00
  1.9445833333E+01  1.9450000000E+01  0.00000E+00  0.00000E+00
  1.9450000000E+01  1.9454166667E+01  0.00000E+00  0.00000E+00
  1.9454166667E+01  1.9458333333E+01  0.00000E+00  0.00000E+00
  1.9458333333E+01  1.9462500000E+01  0.00000E+00  0.00000E+00
  1.9462500000E+01  1.9466666667E+01  0.00000E+00  0.00000E+00
  1.9466666667E+01  1.9470833333E+01  0.00000E+00  0.00000E+00
  1.9470833333E+01  1.9475000000E+01  0.00000E+00  0.00000E+00
  1.9475000000E+01  1.9479166667E+01  0.00000E+00  0.00000E+00
  1.9479166667E+01  1.9483333333E+01  0.00000E+00  0.00000E+00
  1.9483333333E+01  1.9487500000E+01  0.00000E+00  0.00000E+00
  1.9487500000E+01  1.9491666667E+01  0.00000E+00  0.00000E+00
  1.9491666667E+01  1.9495833333E+01  0.00000E+00  0.00000E+00
  1.9495833333E+01  1.9500000000E+01  0.00000E+00  0.00000E+00
  1.9500000000E+01  1.9504166667E+01  0.00000E+00  0.00000E+00
  1.9504166667E+01  1.9508333333E+01  0.00000E+00  0.00000E+00
  1.9508333333E+01  1.9512500000E+01  0.00000E+00  0.00000E+00
  1.9512500000E+01  1.9516666667E+01  0.00000E+00  0.00000E+00
  1.9516666667E+01  1.9520833333E+01  0.00000E+00  0.00000E+00
  1.9520833333E+01  1.9525000000E+01  0.00000E+00  0.00000E+00
  1.9525000000E+01  1.9529166667E+01  0.00000E+00  0.00000E+00
  1.9529166667E+01  1.9533333333E+01  0.00000E+00  0.00000E+00
  1.9533333333E+01  1.9537500000E+01  0.00000E+00  0.00000E+00
  1.9537500000E+01  1.9541666667E+01  0.00000E+00  0.00000E+00
  1.9541666667E+01  1.9545833333E+01  0.00000E+00  0.00000E+00
  1.9545833333E+01  1.9550000000E+01  0.00000E+00  0.00000E+00
  1.9550000000E+01  1.9554166667E+01  0.00000E+00  0.00000E+00
  1.9554166667E+01  1.9558333333E+01  0.00000E+00  0.00000E+00
  1.9558333333E+01  1.9562500000E+01  0.00000E+00  0.00000E+00
  1.9562500000E+01  1.9566666667E+01  0.00000E+00  0.00000E+00
  1.9566666667E+01  1.9570833333E+01  0.00000E+00  0.00000E+00
  1.9570833333E+01  1.9575000000E+01  0.00000E+00  0.00000E+00
  1.9575000000E+01  1.9579166667E+01  0.00000E+00  0.00000E+00
  1.9579166667E+01  1.9583333333E+01  0.00000E+00  0.00000E+00
  1.9583333333E+01  1.9587500000E+01  0.00000E+00  0.00000E+00
  1.9587500000E+01  1.9591666667E+01  0.00000E+00  0.00000E+00
  1.9591666667E+01  1.9595833333E+01  0.00000E+00  0.00000E+00
  1.9595833333E+01  1.9600000000E+01  0.00000E+00  0.00000E+00
  1.9600000000E+01  1.9604166667E+01  0.00000E+00  0.00000E+00
  1.9604166667E+01  1.9608333333E+01  0.00000E+00  0.00000E+00
  1.9608333333E+01  1.9612500000E+01  0.00000E+00  0.00000E+00
  1.9612500000E+01  1.9616666667E+01  0.00000E+00  0.00000E+00
  1.9616666667E+01  1.9620833333E+01  1.76774E-14  1.00000E+02
  1.9620833333E+01  1.9625000000E+01  1.76774E-14  1.00000E+02
  1.9625000000E+01  1.9629166667E+01  0.00000E+00  0.00000E+00
  1.9629166667E+01  1.9633333333E+01  3.32410E-14  1.00000E+02
  1.9633333333E+01  1.9637500000E+01  4.62126E-14  1.00000E+02
  1.9637500000E+01  1.9641666667E+01  0.00000E+00  0.00000E+00
  1.9641666667E+01  1.9645833333E+01  0.00000E+00  0.00000E+00
  1.9645833333E+01  1.9650000000E+01  0.00000E+00  0.00000E+00
  1.9650000000E+01  1.9654166667E+01  0.00000E+00  0.00000E+00
  1.9654166667E+01  1.9658333333E+01  0.00000E+00  0.00000E+00
  1.9658333333E+01  1.9662500000E+01  0.00000E+00  0.00000E+00
  1.9662500000E+01  1.9666666667E+01  0.00000E+00  0.00000E+00
  1.9666666667E+01  1.9670833333E+01  0.00000E+00  0.00000E+00
  1.9670833333E+01  1.9675000000E+01  0.00000E+00  0.00000E+00
  1.9675000000E+01  1.9679166667E+01  0.00000E+00  0.00000E+00
  1.9679166667E+01  1.9683333333E+01  0.00000E+00  0.00000E+00
  1.9683333333E+01  1.9687500000E+01  0.00000E+00  0.00000E+00
  1.9687500000E+01  1.9691666667E+01  0.00000E+00  0.00000E+00
  1.9691666667E+01  1.9695833333E+01  0.00000E+00  0.00000E+00
  1.9695833333E+01  1.9700000000E+01  0.00000E+00  0.00000E+00
  1.9700000000E+01  1.9704166667E+01  0.00000E+00  0.00000E+00
  1.9704166667E+01  1.9708333333E+01  0.00000E+00  0.00000E+00
  1.9708333333E+01  1.9712500000E+01  0.00000E+00  0.00000E+00
  1.9712500000E+01  1.9716666667E+01  0.00000E+00  0.00000E+00
  1.9716666667E+01  1.9720833333E+01  0.00000E+00  0.00000E+00
  1.9720833333E+01  1.9725000000E+01  0.00000E+00  0.00000E+00
  1.9725000000E+01  1.9729166667E+01  0.00000E+00  0.00000E+00
  1.9729166667E+01  1.9733333333E+01  0.00000E+00  0.00000E+00
  1.9733333333E+01  1.9737500000E+01  0.00000E+00  0.00000E+00
  1.9737500000E+01  1.9741666667E+01  0.00000E+00  0.00000E+00
  1.9741666667E+01  1.9745833333E+01  0.00000E+00  0.00000E+00
  1.9745833333E+01  1.9750000000E+01  0.00000E+00  0.00000E+00
  1.9750000000E+01  1.9754166667E+01  0.00000E+00  0.00000E+00
  1.9754166667E+01  1.9758333333E+01  0.00000E+00  0.00000E+00
  1.9758333333E+01  1.9762500000E+01  0.00000E+00  0.00000E+00
  1.9762500000E+01  1.9766666667E+01  0.00000E+00  0.00000E+00
  1.9766666667E+01  1.9770833333E+01  0.00000E+00  0.00000E+00
  1.9770833333E+01  1.9775000000E+01  0.00000E+00  0.00000E+00
  1.9775000000E+01  1.9779166667E+01  0.00000E+00  0.00000E+00
  1.9779166667E+01  1.9783333333E+01  0.00000E+00  0.00000E+00
  1.9783333333E+01  1.9787500000E+01  0.00000E+00  0.00000E+00
  1.9787500000E+01  1.9791666667E+01  0.00000E+00  0.00000E+00
  1.9791666667E+01  1.9795833333E+01  0.00000E+00  0.00000E+00
  1.9795833333E+01  1.9800000000E+01  0.00000E+00  0.00000E+00
  1.9800000000E+01  1.9804166667E+01  0.00000E+00  0.00000E+00
  1.9804166667E+01  1.9808333333E+01  7.13300E-14  1.00000E+02
  1.9808333333E+01  1.9812500000E+01  0.00000E+00  0.00000E+00
  1.9812500000E+01  1.9816666667E+01  0.00000E+00  0.00000E+00
  1.9816666667E+01  1.9820833333E+01  0.00000E+00  0.00000E+00
  1.9820833333E+01  1.9825000000E+01  0.00000E+00  0.00000E+00
  1.9825000000E+01  1.9829166667E+01  0.00000E+00  0.00000E+00
  1.9829166667E+01  1.9833333333E+01  4.86937E-14  1.00000E+02
  1.9833333333E+01  1.9837500000E+01  0.00000E+00  0.00000E+00
  1.9837500000E+01  1.9841666667E+01  0.00000E+00  0.00000E+00
  1.9841666667E+01  1.9845833333E+01  3.32410E-14  1.00000E+02
  1.9845833333E+01  1.9850000000E+01  0.00000E+00  0.00000E+00
  1.9850000000E+01  1.9854166667E+01  0.00000E+00  0.00000E+00
  1.9854166667E+01  1.9858333333E+01  2.49761E-14  1.00000E+02
  1.9858333333E+01  1.9862500000E+01  0.00000E+00  0.00000E+00
  1.9862500000E+01  1.9866666667E+01  0.00000E+00  0.00000E+00
  1.9866666667E+01  1.9870833333E+01  0.00000E+00  0.00000E+00
  1.9870833333E+01  1.9875000000E+01  0.00000E+00  0.00000E+00
  1.9875000000E+01  1.9879166667E+01  0.00000E+00  0.00000E+00
  1.9879166667E+01  1.9883333333E+01  0.00000E+00  0.00000E+00
  1.9883333333E+01  1.9887500000E+01  0.00000E+00  0.00000E+00
  1.9887500000E+01  1.9891666667E+01  0.00000E+00  0.00000E+00
  1.9891666667E+01  1.9895833333E+01  0.00000E+00  0.00000E+00
  1.9895833333E+01  1.9900000000E+01  0.00000E+00  0.00000E+00
  1.9900000000E+01  1.9904166667E+01  0.00000E+00  0.00000E+00
  1.9904166667E+01  1.9908333333E+01  0.00000E+00  0.00000E+00
  1.9908333333E+01  1.9912500000E+01  0.00000E+00  0.00000E+00
  1.9912500000E+01  1.9916666667E+01  0.00000E+00  0.00000E+00
  1.9916666667E+01  1.9920833333E+01  0.00000E+00  0.00000E+00
  1.9920833333E+01  1.9925000000E+01  0.00000E+00  0.00000E+00
  1.9925000000E+01  1.9929166667E+01  0.00000E+00  0.00000E+00
  1.9929166667E+01  1.9933333333E+01  0.00000E+00  0.00000E+00
  1.9933333333E+01  1.9937500000E+01  0.00000E+00  0.00000E+00
  1.9937500000E+01  1.9941666667E+01  0.00000E+00  0.00000E+00
  1.9941666667E+01  1.9945833333E+01  0.00000E+00  0.00000E+00
  1.9945833333E+01  1.9950000000E+01  0.00000E+00  0.00000E+00
  1.9950000000E+01  1.9954166667E+01  0.00000E+00  0.00000E+00
  1.9954166667E+01  1.9958333333E+01  0.00000E+00  0.00000E+00
  1.9958333333E+01  1.9962500000E+01  0.00000E+00  0.00000E+00
  1.9962500000E+01  1.9966666667E+01  0.00000E+00  0.00000E+00
  1.9966666667E+01  1.9970833333E+01  0.00000E+00  0.00000E+00
  1.9970833333E+01  1.9975000000E+01  0.00000E+00  0.00000E+00
  1.9975000000E+01  1.9979166667E+01  0.00000E+00  0.00000E+00
  1.9979166667E+01  1.9983333333E+01  0.00000E+00  0.00000E+00
  1.9983333333E+01  1.9987500000E+01  0.00000E+00  0.00000E+00
  1.9987500000E+01  1.9991666667E+01  0.00000E+00  0.00000E+00
  1.9991666667E+01  1.9995833333E+01  0.00000E+00  0.00000E+00
  1.9995833333E+01  2.0000000000E+01  0.00000E+00  0.00000E+00
  2.0000000000E+01  2.0000000000E+01  0.00000E+00  0.00000E+00