# Detector n: 1D Projection
  1.5000000000E+01  1.5004166667E+01  1.41161E-02  6.55781E-01
  1.5004166667E+01  1.5008333333E+01  1.41173E-02  5.05141E-01
  1.5008333333E+01  1.5012500000E+01  1.41484E-02  5.88104E-01
  1.5012500000E+01  1.5016666667E+01  1.40679E-02  5.06634E-01
  1.5016666667E+01  1.5020833333E+01  1.41366E-02  5.66486E-01
  1.5020833333E+01  1.5025000000E+01  1.41478E-02  7.32057E-01
  1.5025000000E+01  1.5029166667E+01  1.41212E-02  5.36659E-01
  1.5029166667E+01  1.5033333333E+01  1.41381E-02  6.19841E-01
  1.5033333333E+01  1.5037500000E+01  1.41615E-02  6.25848E-01
  1.5037500000E+01  1.5041666667E+01  1.41030E-02  4.11550E-01
  1.5041666667E+01  1.5045833333E+01  1.42948E-02  8.18641E-01
  1.5045833333E+01  1.5050000000E+01  1.42351E-02  7.21447E-01
  1.5050000000E+01  1.5054166667E+01  1.42100E-02  5.65138E-01
  1.5054166667E+01  1.5058333333E+01  1.42404E-02  6.11024E-01
  1.5058333333E+01  1.5062500000E+01  1.43764E-02  7.24266E-01
  1.5062500000E+01  1.5066666667E+01  1.43927E-02  7.74062E-01
  1.5066666667E+01  1.5070833333E+01  1.42182E-02  3.93077E-01
  1.5070833333E+01  1.5075000000E+01  1.44830E-02  7.87969E-01
  1.5075000000E+01  1.5079166667E+01  1.42760E-02  5.19015E-01
  1.5079166667E+01  1.5083333333E+01  1.42111E-02  4.35442E-01
  1.5083333333E+01  1.5087500000E+01  1.43841E-02  6.43075E-01
  1.5087500000E+01  1.5091666667E+01  1.42912E-02  5.36779E-01
  1.5091666667E+01  1.5095833333E+01  1.43137E-02  5.70919E-01
  1.5095833333E+01  1.5100000000E+01  1.43270E-02  5.98265E-01
  1.5100000000E+01  1.5104166667E+01  1.42943E-02  5.39878E-01
  1.5104166667E+01  1.5108333333E+01  1.42443E-02  4.95164E-01
  1.5108333333E+01  1.5112500000E+01  1.42163E-02  4.59473E-01
  1.5112500000E+01  1.5116666667E+01  1.41905E-02  4.30917E-01
  1.5116666667E+01  1.5120833333E+01  1.42556E-02  4.93637E-01
  1.5120833333E+01  1.5125000000E+01  1.43506E-02  7.03366E-01
  1.5125000000E+01  1.5129166667E+01  1.42495E-02  5.16221E-01
  1.5129166667E+01  1.5133333333E+01  1.43354E-02  5.94779E-01
  1.5133333333E+01  1.5137500000E+01  1.43589E-02  6.21624E-01
  1.5137500000E+01  1.5141666667E+01  1.42654E-02  4.93662E-01
  1.5141666667E+01  1.5145833333E+01  1.44342E-02  8.71955E-01
  1.5145833333E+01  1.5150000000E+01  1.43400E-02  5.87225E-01
  1.5150000000E+01  1.5154166667E+01  1.42768E-02  4.45625E-01
  1.5154166667E+01  1.5158333333E+01  1.44423E-02  6.40079E-01
  1.5158333333E+01  1.5162500000E+01  1.43511E-02  5.77838E-01
  1.5162500000E+01  1.5166666667E+01  1.43109E-02  4.77531E-01
  1.5166666667E+01  1.5170833333E+01  1.43203E-02  5.64057E-01
  1.5170833333E+01  1.5175000000E+01  1.44014E-02  8.12345E-01
  1.5175000000E+01  1.5179166667E+01  1.44588E-02  6.37454E-01
  1.5179166667E+01  1.5183333333E+01  1.44632E-02  4.11769E-01
  1.5183333333E+01  1.5187500000E+01  1.45446E-02  5.51637E-01
  1.5187500000E+01  1.5191666667E+01  1.45774E-02  5.85600E-01
  1.5191666667E+01  1.5195833333E+01  1.45337E-02  4.82681E-01
  1.5195833333E+01  1.5200000000E+01  1.45472E-02  5.23967E-01
  1.5200000000E+01  1.5204166667E+01  1.45839E-02  6.00972E-01
  1.5204166667E+01  1.5208333333E+01  1.46134E-02  6.06105E-01
  1.5208333333E+01  1.5212500000E+01  1.46299E-02  7.69390E-01
  1.5212500000E+01  1.5216666667E+01  1.46504E-02  6.47028E-01
  1.5216666667E+01  1.5220833333E+01  1.45799E-02  5.19375E-01
  1.5220833333E+01  1.5225000000E+01  1.47041E-02  8.20205E-01
  1.5225000000E+01  1.5229166667E+01  1.46052E-02  6.19785E-01
  1.5229166667E+01  1.5233333333E+01  1.45703E-02  5.31838E-01
  1.5233333333E+01  1.5237500000E+01  1.45441E-02  4.58992E-01
  1.5237500000E+01  1.5241666667E+01  1.45371E-02  4.88659E-01
  1.5241666667E+01  1.5245833333E+01  1.46250E-02  6.11720E-01
  1.5245833333E+01  1.5250000000E+01  1.46020E-02  5.89634E-01
  1.5250000000E+01  1.5254166667E+01  1.46001E-02  6.22471E-01
  1.5254166667E+01  1.5258333333E+01  1.46990E-02  8.93954E-01
  1.5258333333E+01  1.5262500000E+01  1.46985E-02  7.58256E-01
  1.5262500000E+01  1.5266666667E+01  1.47622E-02  1.00822E+00
  1.5266666667E+01  1.5270833333E+01  1.46272E-02  6.40800E-01
  1.5270833333E+01  1.5275000000E+01  1.46617E-02  6.32543E-01
  1.5275000000E+01  1.5279166667E+01  1.46265E-02  6.40601E-01
  1.5279166667E+01  1.5283333333E+01  1.46033E-02  5.49365E-01
  1.5283333333E+01  1.5287500000E+01  1.46510E-02  5.90191E-01
  1.5287500000E+01  1.5291666667E+01  1.45592E-02  5.44236E-01
  1.5291666667E+01  1.5295833333E+01  1.45643E-02  6.30889E-01
  1.5295833333E+01  1.5300000000E+01  1.44388E-02  4.87206E-01
  1.5300000000E+01  1.5304166667E+01  1.45450E-02  5.96386E-01
  1.5304166667E+01  1.5308333333E+01  1.45536E-02  5.09670E-01
  1.5308333333E+01  1.5312500000E+01  1.45063E-02  4.81404E-01
  1.5312500000E+01  1.5316666667E+01  1.46129E-02  6.49781E-01
  1.5316666667E+01  1.5320833333E+01  1.45777E-02  6.03080E-01
  1.5320833333E+01  1.5325000000E+01  1.46198E-02  5.56560E-01
  1.5325000000E+01  1.5329166667E+01  1.44279E-02  4.31744E-01
  1.5329166667E+01  1.5333333333E+01  1.44641E-02  5.31503E-01
  1.5333333333E+01  1.5337500000E+01  1.45283E-02  8.00741E-01
  1.5337500000E+01  1.5341666667E+01  1.45398E-02  5.71616E-01
  1.5341666667E+01  1.5345833333E+01  1.46182E-02  6.58997E-01
  1.5345833333E+01  1.5350000000E+01  1.45227E-02  5.29793E-01
  1.5350000000E+01  1.5354166667E+01  1.45357E-02  6.61741E-01
  1.5354166667E+01  1.5358333333E+01  1.46471E-02  7.35120E-01
  1.5358333333E+01  1.5362500000E+01  1.44323E-02  4.97070E-01
  1.5362500000E+01  1.5366666667E+01  1.45025E-02  5.04156E-01
  1.5366666667E+01  1.5370833333E+01  1.44448E-02  4.82891E-01
  1.5370833333E+01  1.5375000000E+01  1.44256E-02  4.53240E-01
  1.5375000000E+01  1.5379166667E+01  1.44259E-02  4.53703E-01
  1.5379166667E+01  1.5383333333E+01  1.44947E-02  6.32939E-01
  1.5383333333E+01  1.5387500000E+01  1.45151E-02  6.59541E-01
  1.5387500000E+01  1.5391666667E+01  1.44474E-02  5.96814E-01
  1.5391666667E+01  1.5395833333E+01  1.45520E-02  7.79011E-01
  1.5395833333E+01  1.5400000000E+01  1.45529E-02  6.97674E-01
  1.5400000000E+01  1.5404166667E+01  1.46297E-02  6.29898E-01
  1.5404166667E+01  1.5408333333E+01  1.47330E-02  6.04385E-01
  1.5408333333E+01  1.5412500000E+01  1.47163E-02  5.75300E-01
  1.5412500000E+01  1.5416666667E+01  1.47597E-02  5.09824E-01
  1.5416666667E+01  1.5420833333E+01  1.49133E-02  6.77937E-01
  1.5420833333E+01  1.5425000000E+01  1.49954E-02  6.80607E-01
  1.5425000000E+01  1.5429166667E+01  1.48611E-02  6.03257E-01
  1.5429166667E+01  1.5433333333E+01  1.47674E-02  4.38397E-01
  1.5433333333E+01  1.5437500000E+01  1.49058E-02  6.70512E-01
  1.5437500000E+01  1.5441666667E+01  1.47987E-02  4.74987E-01
  1.5441666667E+01  1.5445833333E+01  1.47985E-02  5.21171E-01
  1.5445833333E+01  1.5450000000E+01  1.47212E-02  4.54203E-01
  1.5450000000E+01  1.5454166667E+01  1.48587E-02  5.84875E-01
  1.5454166667E+01  1.5458333333E+01  1.48662E-02  5.31707E-01
  1.5458333333E+01  1.5462500000E+01  1.48502E-02  4.63542E-01
  1.5462500000E+01  1.5466666667E+01  1.48970E-02  7.12547E-01
  1.5466666667E+01  1.5470833333E+01  1.48539E-02  5.07791E-01
  1.5470833333E+01  1.5475000000E+01  1.48152E-02  4.36228E-01
  1.5475000000E+01  1.5479166667E+01  1.47934E-02  4.52813E-01
  1.5479166667E+01  1.5483333333E+01  1.49199E-02  7.07520E-01
  1.5483333333E+01  1.5487500000E+01  1.48524E-02  5.86946E-01
  1.5487500000E+01  1.5491666667E+01  1.47977E-02  4.88131E-01
  1.5491666667E+01  1.5495833333E+01  1.47994E-02  5.47109E-01
  1.5495833333E+01  1.5500000000E+01  1.47685E-02  4.57378E-01
  1.5500000000E+01  1.5504166667E+01  1.49331E-02  6.30920E-01
  1.5504166667E+01  1.5508333333E+01  1.48893E-02  5.57921E-01
  1.5508333333E+01  1.5512500000E+01  1.48166E-02  5.26578E-01
  1.5512500000E+01  1.5516666667E+01  1.48758E-02  6.16152E-01
  1.5516666667E+01  1.5520833333E+01  1.48558E-02  6.38316E-01
  1.5520833333E+01  1.5525000000E+01  1.48625E-02  6.21787E-01
  1.5525000000E+01  1.5529166667E+01  1.48432E-02  5.11601E-01
  1.5529166667E+01  1.5533333333E+01  1.48247E-02  4.90356E-01
  1.5533333333E+01  1.5537500000E+01  1.48973E-02  6.10935E-01
  1.5537500000E+01  1.5541666667E+01  1.48870E-02  6.02343E-01
  1.5541666667E+01  1.5545833333E+01  1.48187E-02  6.15503E-01
  1.5545833333E+01  1.5550000000E+01  1.48750E-02  5.94504E-01
  1.5550000000E+01  1.5554166667E+01  1.47682E-02  4.57065E-01
  1.5554166667E+01  1.5558333333E+01  1.48165E-02  4.96216E-01
  1.5558333333E+01  1.5562500000E+01  1.50561E-02  9.14562E-01
  1.5562500000E+01  1.5566666667E+01  1.49758E-02  6.19826E-01
  1.5566666667E+01  1.5570833333E+01  1.48812E-02  5.41717E-01
  1.5570833333E+01  1.5575000000E+01  1.50353E-02  7.83622E-01
  1.5575000000E+01  1.5579166667E+01  1.47959E-02  4.55652E-01
  1.5579166667E+01  1.5583333333E+01  1.48735E-02  5.35489E-01
  1.5583333333E+01  1.5587500000E+01  1.49483E-02  6.15003E-01
  1.5587500000E+01  1.5591666667E+01  1.48134E-02  4.20351E-01
  1.5591666667E+01  1.5595833333E+01  1.47874E-02  5.32939E-01
  1.5595833333E+01  1.5600000000E+01  1.48391E-02  4.92374E-01
  1.5600000000E+01  1.5604166667E+01  1.48288E-02  4.16978E-01
  1.5604166667E+01  1.5608333333E+01  1.49365E-02  6.40430E-01
  1.5608333333E+01  1.5612500000E+01  1.48085E-02  4.65710E-01
  1.5612500000E+01  1.5616666667E+01  1.48840E-02  5.04360E-01
  1.5616666667E+01  1.5620833333E+01  1.49079E-02  6.99183E-01
  1.5620833333E+01  1.5625000000E+01  1.49235E-02  6.53085E-01
  1.5625000000E+01  1.5629166667E+01  1.49259E-02  6.39594E-01
  1.5629166667E+01  1.5633333333E+01  1.47686E-02  3.81851E-01
  1.5633333333E+01  1.5637500000E+01  1.48071E-02  4.68390E-01
  1.5637500000E+01  1.5641666667E+01  1.48920E-02  5.21227E-01
  1.5641666667E+01  1.5645833333E+01  1.48380E-02  4.78175E-01
  1.5645833333E+01  1.5650000000E+01  1.49433E-02  6.41434E-01
  1.5650000000E+01  1.5654166667E+01  1.48066E-02  3.86103E-01
  1.5654166667E+01  1.5658333333E+01  1.48771E-02  4.83109E-01
  1.5658333333E+01  1.5662500000E+01  1.48124E-02  4.07472E-01
  1.5662500000E+01  1.5666666667E+01  1.49502E-02  6.85230E-01
  1.5666666667E+01  1.5670833333E+01  1.48358E-02  4.85088E-01
  1.5670833333E+01  1.5675000000E+01  1.48240E-02  5.08252E-01
  1.5675000000E+01  1.5679166667E+01  1.49031E-02  5.37592E-01
  1.5679166667E+01  1.5683333333E+01  1.50536E-02  6.68116E-01
  1.5683333333E+01  1.5687500000E+01  1.48687E-02  4.65513E-01
  1.5687500000E+01  1.5691666667E+01  1.49770E-02  5.94999E-01
  1.5691666667E+01  1.5695833333E+01  1.48159E-02  4.11777E-01
  1.5695833333E+01  1.5700000000E+01  1.48839E-02  4.77585E-01
  1.5700000000E+01  1.5704166667E+01  1.48780E-02  5.25055E-01
  1.5704166667E+01  1.5708333333E+01  1.49036E-02  4.82193E-01
  1.5708333333E+01  1.5712500000E+01  1.49882E-02  6.27485E-01
  1.5712500000E+01  1.5716666667E+01  1.49054E-02  4.91740E-01
  1.5716666667E+01  1.5720833333E+01  1.50537E-02  6.66663E-01
  1.5720833333E+01  1.5725000000E+01  1.49411E-02  4.58174E-01
  1.5725000000E+01  1.5729166667E+01  1.49465E-02  4.97895E-01
  1.5729166667E+01  1.5733333333E+01  1.51008E-02  7.06489E-01
  1.5733333333E+01  1.5737500000E+01  1.49017E-02  4.84775E-01
  1.5737500000E+01  1.5741666667E+01  1.49595E-02  5.19858E-01
  1.5741666667E+01  1.5745833333E+01  1.50972E-02  6.89560E-01
  1.5745833333E+01  1.5750000000E+01  1.48719E-02  3.30009E-01
  1.5750000000E+01  1.5754166667E+01  1.50122E-02  6.81036E-01
  1.5754166667E+01  1.5758333333E+01  1.49390E-02  5.28458E-01
  1.5758333333E+01  1.5762500000E+01  1.48610E-02  4.46332E-01
  1.5762500000E+01  1.5766666667E+01  1.49601E-02  5.44366E-01
  1.5766666667E+01  1.5770833333E+01  1.49091E-02  4.70574E-01
  1.5770833333E+01  1.5775000000E+01  1.50670E-02  6.79075E-01
  1.5775000000E+01  1.5779166667E+01  1.49355E-02  5.01005E-01
  1.5779166667E+01  1.5783333333E+01  1.50979E-02  7.38842E-01
  1.5783333333E+01  1.5787500000E+01  1.50366E-02  5.74721E-01
  1.5787500000E+01  1.5791666667E+01  1.49274E-02  4.40842E-01
  1.5791666667E+01  1.5795833333E+01  1.50121E-02  6.18618E-01
  1.5795833333E+01  1.5800000000E+01  1.49762E-02  4.09857E-01
  1.5800000000E+01  1.5804166667E+01  1.50290E-02  6.58002E-01
  1.5804166667E+01  1.5808333333E+01  1.49777E-02  4.40117E-01
  1.5808333333E+01  1.5812500000E+01  1.50956E-02  6.68447E-01
  1.5812500000E+01  1.5816666667E+01  1.50717E-02  4.94649E-01
  1.5816666667E+01  1.5820833333E+01  1.51161E-02  5.58769E-01
  1.5820833333E+01  1.5825000000E+01  1.51996E-02  5.96552E-01
  1.5825000000E+01  1.5829166667E+01  1.52243E-02  5.65158E-01
  1.5829166667E+01  1.5833333333E+01  1.52571E-02  6.91893E-01
  1.5833333333E+01  1.5837500000E+01  1.52737E-02  6.19427E-01
  1.5837500000E+01  1.5841666667E+01  1.52359E-02  5.22460E-01
  1.5841666667E+01  1.5845833333E+01  1.53860E-02  7.03333E-01
  1.5845833333E+01  1.5850000000E+01  1.54339E-02  6.33988E-01
  1.5850000000E+01  1.5854166667E+01  1.53058E-02  4.94958E-01
  1.5854166667E+01  1.5858333333E+01  1.53717E-02  5.88395E-01
  1.5858333333E+01  1.5862500000E+01  1.52981E-02  4.47487E-01
  1.5862500000E+01  1.5866666667E+01  1.52687E-02  5.18834E-01
  1.5866666667E+01  1.5870833333E+01  1.53003E-02  4.79885E-01
  1.5870833333E+01  1.5875000000E+01  1.53357E-02  5.22236E-01
  1.5875000000E+01  1.5879166667E+01  1.53148E-02  4.22126E-01
  1.5879166667E+01  1.5883333333E+01  1.53427E-02  4.80620E-01
  1.5883333333E+01  1.5887500000E+01  1.52840E-02  4.51978E-01
  1.5887500000E+01  1.5891666667E+01  1.53677E-02  5.36729E-01
  1.5891666667E+01  1.5895833333E+01  1.54346E-02  6.35155E-01
  1.5895833333E+01  1.5900000000E+01  1.53214E-02  4.52573E-01
  1.5900000000E+01  1.5904166667E+01  1.54380E-02  5.30933E-01
  1.5904166667E+01  1.5908333333E+01  1.53797E-02  4.13043E-01
  1.5908333333E+01  1.5912500000E+01  1.54887E-02  7.58553E-01
  1.5912500000E+01  1.5916666667E+01  1.53879E-02  5.42226E-01
  1.5916666667E+01  1.5920833333E+01  1.53872E-02  4.82281E-01
  1.5920833333E+01  1.5925000000E+01  1.54253E-02  7.25227E-01
  1.5925000000E+01  1.5929166667E+01  1.54246E-02  6.17836E-01
  1.5929166667E+01  1.5933333333E+01  1.52948E-02  4.44343E-01
  1.5933333333E+01  1.5937500000E+01  1.53766E-02  4.42395E-01
  1.5937500000E+01  1.5941666667E+01  1.53277E-02  4.54878E-01
  1.5941666667E+01  1.5945833333E+01  1.53386E-02  4.71818E-01
  1.5945833333E+01  1.5950000000E+01  1.53703E-02  4.39786E-01
  1.5950000000E+01  1.5954166667E+01  1.53434E-02  4.13480E-01
  1.5954166667E+01  1.5958333333E+01  1.54241E-02  4.92329E-01
  1.5958333333E+01  1.5962500000E+01  1.53829E-02  4.57542E-01
  1.5962500000E+01  1.5966666667E+01  1.54540E-02  5.43764E-01
  1.5966666667E+01  1.5970833333E+01  1.54614E-02  6.89874E-01
  1.5970833333E+01  1.5975000000E+01  1.53854E-02  5.34042E-01
  1.5975000000E+01  1.5979166667E+01  1.54853E-02  7.08496E-01
  1.5979166667E+01  1.5983333333E+01  1.55292E-02  5.65177E-01
  1.5983333333E+01  1.5987500000E+01  1.53880E-02  4.40832E-01
  1.5987500000E+01  1.5991666667E+01  1.54110E-02  4.85488E-01
  1.5991666667E+01  1.5995833333E+01  1.55684E-02  5.75410E-01
  1.5995833333E+01  1.6000000000E+01  1.55504E-02  6.47758E-01
  1.6000000000E+01  1.6004166667E+01  1.53976E-02  4.26173E-01
  1.6004166667E+01  1.6008333333E+01  1.54189E-02  4.82803E-01
  1.6008333333E+01  1.6012500000E+01  1.54741E-02  5.10839E-01
  1.6012500000E+01  1.6016666667E+01  1.54348E-02  4.57531E-01
  1.6016666667E+01  1.6020833333E+01  1.55227E-02  5.57542E-01
  1.6020833333E+01  1.6025000000E+01  1.54672E-02  5.16892E-01
  1.6025000000E+01  1.6029166667E+01  1.55838E-02  7.30465E-01
  1.6029166667E+01  1.6033333333E+01  1.54737E-02  4.41474E-01
  1.6033333333E+01  1.6037500000E+01  1.57326E-02  7.09606E-01
  1.6037500000E+01  1.6041666667E+01  1.54538E-02  4.39760E-01
  1.6041666667E+01  1.6045833333E+01  1.57427E-02  8.60727E-01
  1.6045833333E+01  1.6050000000E+01  1.54544E-02  4.25771E-01
  1.6050000000E+01  1.6054166667E+01  1.55124E-02  5.33688E-01
  1.6054166667E+01  1.6058333333E+01  1.55788E-02  5.20637E-01
  1.6058333333E+01  1.6062500000E+01  1.54768E-02  4.56827E-01
  1.6062500000E+01  1.6066666667E+01  1.55749E-02  4.57595E-01
  1.6066666667E+01  1.6070833333E+01  1.54806E-02  4.06487E-01
  1.6070833333E+01  1.6075000000E+01  1.54866E-02  4.21366E-01
  1.6075000000E+01  1.6079166667E+01  1.57217E-02  6.92957E-01
  1.6079166667E+01  1.6083333333E+01  1.55942E-02  6.59661E-01
  1.6083333333E+01  1.6087500000E+01  1.55707E-02  5.22207E-01
  1.6087500000E+01  1.6091666667E+01  1.55325E-02  4.58018E-01
  1.6091666667E+01  1.6095833333E+01  1.55723E-02  5.75285E-01
  1.6095833333E+01  1.6100000000E+01  1.55744E-02  5.01614E-01
  1.6100000000E+01  1.6104166667E+01  1.56202E-02  4.77532E-01
  1.6104166667E+01  1.6108333333E+01  1.56342E-02  4.26423E-01
  1.6108333333E+01  1.6112500000E+01  1.56541E-02  5.19669E-01
  1.6112500000E+01  1.6116666667E+01  1.58365E-02  8.75120E-01
  1.6116666667E+01  1.6120833333E+01  1.56264E-02  4.92411E-01
  1.6120833333E+01  1.6125000000E+01  1.56885E-02  5.95007E-01
  1.6125000000E+01  1.6129166667E+01  1.56488E-02  5.37390E-01
  1.6129166667E+01  1.6133333333E+01  1.57299E-02  6.05288E-01
  1.6133333333E+01  1.6137500000E+01  1.56334E-02  4.59959E-01
  1.6137500000E+01  1.6141666667E+01  1.56847E-02  6.26990E-01
  1.6141666667E+01  1.6145833333E+01  1.56214E-02  5.03198E-01
  1.6145833333E+01  1.6150000000E+01  1.56293E-02  4.24335E-01
  1.6150000000E+01  1.6154166667E+01  1.56496E-02  5.29080E-01
  1.6154166667E+01  1.6158333333E+01  1.57553E-02  6.53709E-01
  1.6158333333E+01  1.6162500000E+01  1.57405E-02  5.59267E-01
  1.6162500000E+01  1.6166666667E+01  1.57564E-02  6.06429E-01
  1.6166666667E+01  1.6170833333E+01  1.57766E-02  5.62856E-01
  1.6170833333E+01  1.6175000000E+01  1.57732E-02  4.38913E-01
  1.6175000000E+01  1.6179166667E+01  1.58040E-02  4.78599E-01
  1.6179166667E+01  1.6183333333E+01  1.58471E-02  5.00344E-01
  1.6183333333E+01  1.6187500000E+01  1.59725E-02  6.18775E-01
  1.6187500000E+01  1.6191666667E+01  1.59351E-02  6.23806E-01
  1.6191666667E+01  1.6195833333E+01  1.58538E-02  5.72189E-01
  1.6195833333E+01  1.6200000000E+01  1.59718E-02  7.33166E-01
  1.6200000000E+01  1.6204166667E+01  1.58107E-02  4.26421E-01
  1.6204166667E+01  1.6208333333E+01  1.59172E-02  5.21565E-01
  1.6208333333E+01  1.6212500000E+01  1.59815E-02  5.10287E-01
  1.6212500000E+01  1.6216666667E+01  1.60277E-02  6.88882E-01
  1.6216666667E+01  1.6220833333E+01  1.59739E-02  5.53831E-01
  1.6220833333E+01  1.6225000000E+01  1.58975E-02  4.54969E-01
  1.6225000000E+01  1.6229166667E+01  1.59242E-02  4.36132E-01
  1.6229166667E+01  1.6233333333E+01  1.59472E-02  5.39474E-01
  1.6233333333E+01  1.6237500000E+01  1.59371E-02  5.25177E-01
  1.6237500000E+01  1.6241666667E+01  1.60434E-02  6.17952E-01
  1.6241666667E+01  1.6245833333E+01  1.59865E-02  5.48492E-01
  1.6245833333E+01  1.6250000000E+01  1.60280E-02  6.30757E-01
  1.6250000000E+01  1.6254166667E+01  1.59432E-02  4.91334E-01
  1.6254166667E+01  1.6258333333E+01  1.59104E-02  4.49887E-01
  1.6258333333E+01  1.6262500000E+01  1.59480E-02  4.95967E-01
  1.6262500000E+01  1.6266666667E+01  1.59824E-02  4.60385E-01
  1.6266666667E+01  1.6270833333E+01  1.59851E-02  4.59313E-01
  1.6270833333E+01  1.6275000000E+01  1.60188E-02  5.14673E-01
  1.6275000000E+01  1.6279166667E+01  1.60129E-02  4.53379E-01
  1.6279166667E+01  1.6283333333E+01  1.59841E-02  4.67993E-01
  1.6283333333E+01  1.6287500000E+01  1.60353E-02  6.16847E-01
  1.6287500000E+01  1.6291666667E+01  1.60602E-02  5.88519E-01
  1.6291666667E+01  1.6295833333E+01  1.60405E-02  4.44735E-01
  1.6295833333E+01  1.6300000000E+01  1.61926E-02  6.98841E-01
  1.6300000000E+01  1.6304166667E+01  1.60728E-02  4.68877E-01
  1.6304166667E+01  1.6308333333E+01  1.60902E-02  5.23277E-01
  1.6308333333E+01  1.6312500000E+01  1.60859E-02  4.92706E-01
  1.6312500000E+01  1.6316666667E+01  1.60773E-02  4.99560E-01
  1.6316666667E+01  1.6320833333E+01  1.61218E-02  5.03659E-01
  1.6320833333E+01  1.6325000000E+01  1.62362E-02  6.12198E-01
  1.6325000000E+01  1.6329166667E+01  1.62203E-02  5.40980E-01
  1.6329166667E+01  1.6333333333E+01  1.61994E-02  5.15578E-01
  1.6333333333E+01  1.6337500000E+01  1.61332E-02  4.42662E-01
  1.6337500000E+01  1.6341666667E+01  1.61563E-02  4.79805E-01
  1.6341666667E+01  1.6345833333E+01  1.61698E-02  5.22775E-01
  1.6345833333E+01  1.6350000000E+01  1.62146E-02  5.10942E-01
  1.6350000000E+01  1.6354166667E+01  1.62904E-02  5.73040E-01
  1.6354166667E+01  1.6358333333E+01  1.62976E-02  5.54637E-01
  1.6358333333E+01  1.6362500000E+01  1.62012E-02  4.78525E-01
  1.6362500000E+01  1.6366666667E+01  1.62146E-02  4.12942E-01
  1.6366666667E+01  1.6370833333E+01  1.62036E-02  4.05408E-01
  1.6370833333E+01  1.6375000000E+01  1.63508E-02  5.63650E-01
  1.6375000000E+01  1.6379166667E+01  1.63776E-02  5.84491E-01
  1.6379166667E+01  1.6383333333E+01  1.62142E-02  3.24521E-01
  1.6383333333E+01  1.6387500000E+01  1.62501E-02  3.80416E-01
  1.6387500000E+01  1.6391666667E+01  1.62788E-02  3.77710E-01
  1.6391666667E+01  1.6395833333E+01  1.63661E-02  5.54117E-01
  1.6395833333E+01  1.6400000000E+01  1.63026E-02  4.02500E-01
  1.6400000000E+01  1.6404166667E+01  1.63386E-02  5.29452E-01
  1.6404166667E+01  1.6408333333E+01  1.63195E-02  4.40515E-01
  1.6408333333E+01  1.6412500000E+01  1.63376E-02  4.39148E-01
  1.6412500000E+01  1.6416666667E+01  1.64315E-02  5.45534E-01
  1.6416666667E+01  1.6420833333E+01  1.63227E-02  4.98747E-01
  1.6420833333E+01  1.6425000000E+01  1.64082E-02  5.49709E-01
  1.6425000000E+01  1.6429166667E+01  1.64790E-02  5.02380E-01
  1.6429166667E+01  1.6433333333E+01  1.64291E-02  4.42561E-01
  1.6433333333E+01  1.6437500000E+01  1.63365E-02  3.73048E-01
  1.6437500000E+01  1.6441666667E+01  1.63891E-02  4.40978E-01
  1.6441666667E+01  1.6445833333E+01  1.63665E-02  4.54985E-01
  1.6445833333E+01  1.6450000000E+01  1.63936E-02  4.73497E-01
  1.6450000000E+01  1.6454166667E+01  1.64187E-02  5.16958E-01
  1.6454166667E+01  1.6458333333E+01  1.64887E-02  6.50424E-01
  1.6458333333E+01  1.6462500000E+01  1.64250E-02  4.23458E-01
  1.6462500000E+01  1.6466666667E+01  1.65790E-02  6.72831E-01
  1.6466666667E+01  1.6470833333E+01  1.66111E-02  4.61215E-01
  1.6470833333E+01  1.6475000000E+01  1.66857E-02  6.51110E-01
  1.6475000000E+01  1.6479166667E+01  1.65564E-02  4.04938E-01
  1.6479166667E+01  1.6483333333E+01  1.66416E-02  4.81783E-01
  1.6483333333E+01  1.6487500000E+01  1.67351E-02  5.17475E-01
  1.6487500000E+01  1.6491666667E+01  1.66230E-02  4.51613E-01
  1.6491666667E+01  1.6495833333E+01  1.67424E-02  4.96978E-01
  1.6495833333E+01  1.6500000000E+01  1.67505E-02  5.90192E-01
  1.6500000000E+01  1.6504166667E+01  1.67445E-02  5.00544E-01
  1.6504166667E+01  1.6508333333E+01  1.67293E-02  5.46122E-01
  1.6508333333E+01  1.6512500000E+01  1.67237E-02  4.50959E-01
  1.6512500000E+01  1.6516666667E+01  1.67451E-02  5.65773E-01
  1.6516666667E+01  1.6520833333E+01  1.66694E-02  3.69892E-01
  1.6520833333E+01  1.6525000000E+01  1.67694E-02  4.94645E-01
  1.6525000000E+01  1.6529166667E+01  1.67824E-02  5.12352E-01
  1.6529166667E+01  1.6533333333E+01  1.67867E-02  4.20598E-01
  1.6533333333E+01  1.6537500000E+01  1.67098E-02  3.87990E-01
  1.6537500000E+01  1.6541666667E+01  1.68407E-02  5.39235E-01
  1.6541666667E+01  1.6545833333E+01  1.68929E-02  5.61935E-01
  1.6545833333E+01  1.6550000000E+01  1.68851E-02  4.32429E-01
  1.6550000000E+01  1.6554166667E+01  1.68289E-02  5.53361E-01
  1.6554166667E+01  1.6558333333E+01  1.67885E-02  4.29470E-01
  1.6558333333E+01  1.6562500000E+01  1.69081E-02  5.74743E-01
  1.6562500000E+01  1.6566666667E+01  1.68414E-02  4.27332E-01
  1.6566666667E+01  1.6570833333E+01  1.68777E-02  4.85823E-01
  1.6570833333E+01  1.6575000000E+01  1.69425E-02  5.84878E-01
  1.6575000000E+01  1.6579166667E+01  1.68872E-02  4.26360E-01
  1.6579166667E+01  1.6583333333E+01  1.69251E-02  5.25312E-01
  1.6583333333E+01  1.6587500000E+01  1.68688E-02  4.41454E-01
  1.6587500000E+01  1.6591666667E+01  1.69173E-02  5.03535E-01
  1.6591666667E+01  1.6595833333E+01  1.69046E-02  4.85718E-01
  1.6595833333E+01  1.6600000000E+01  1.68936E-02  4.18308E-01
  1.6600000000E+01  1.6604166667E+01  1.69866E-02  5.84764E-01
  1.6604166667E+01  1.6608333333E+01  1.69943E-02  4.41133E-01
  1.6608333333E+01  1.6612500000E+01  1.71019E-02  5.55118E-01
  1.6612500000E+01  1.6616666667E+01  1.70224E-02  5.01337E-01
  1.6616666667E+01  1.6620833333E+01  1.70949E-02  5.13639E-01
  1.6620833333E+01  1.6625000000E+01  1.69947E-02  4.07006E-01
  1.6625000000E+01  1.6629166667E+01  1.70449E-02  3.98118E-01
  1.6629166667E+01  1.6633333333E+01  1.71040E-02  6.04976E-01
  1.6633333333E+01  1.6637500000E+01  1.70016E-02  3.74517E-01
  1.6637500000E+01  1.6641666667E+01  1.71466E-02  5.27422E-01
  1.6641666667E+01  1.6645833333E+01  1.71391E-02  4.95913E-01
  1.6645833333E+01  1.6650000000E+01  1.70776E-02  3.88085E-01
  1.6650000000E+01  1.6654166667E+01  1.71672E-02  4.35736E-01
  1.6654166667E+01  1.6658333333E+01  1.70957E-02  3.50807E-01
  1.6658333333E+01  1.6662500000E+01  1.71004E-02  4.68400E-01
  1.6662500000E+01  1.6666666667E+01  1.71598E-02  3.88037E-01
  1.6666666667E+01  1.6670833333E+01  1.73304E-02  7.11235E-01
  1.6670833333E+01  1.6675000000E+01  1.73142E-02  5.00824E-01
  1.6675000000E+01  1.6679166667E+01  1.72471E-02  4.18860E-01
  1.6679166667E+01  1.6683333333E+01  1.72284E-02  3.76604E-01
  1.6683333333E+01  1.6687500000E+01  1.73642E-02  4.95267E-01
  1.6687500000E+01  1.6691666667E+01  1.72814E-02  4.17141E-01
  1.6691666667E+01  1.6695833333E+01  1.72568E-02  4.04424E-01
  1.6695833333E+01  1.6700000000E+01  1.73640E-02  5.64829E-01
  1.6700000000E+01  1.6704166667E+01  1.73802E-02  4.78501E-01
  1.6704166667E+01  1.6708333333E+01  1.73035E-02  3.80476E-01
  1.6708333333E+01  1.6712500000E+01  1.73170E-02  3.35209E-01
  1.6712500000E+01  1.6716666667E+01  1.73489E-02  3.64312E-01
  1.6716666667E+01  1.6720833333E+01  1.74274E-02  4.19424E-01
  1.6720833333E+01  1.6725000000E+01  1.74374E-02  3.33449E-01
  1.6725000000E+01  1.6729166667E+01  1.75127E-02  4.03866E-01
  1.6729166667E+01  1.6733333333E+01  1.74614E-02  3.65372E-01
  1.6733333333E+01  1.6737500000E+01  1.75373E-02  4.43592E-01
  1.6737500000E+01  1.6741666667E+01  1.75809E-02  5.42618E-01
  1.6741666667E+01  1.6745833333E+01  1.76011E-02  4.20337E-01
  1.6745833333E+01  1.6750000000E+01  1.78179E-02  6.18574E-01
  1.6750000000E+01  1.6754166667E+01  1.77395E-02  4.79974E-01
  1.6754166667E+01  1.6758333333E+01  1.78045E-02  5.58697E-01
  1.6758333333E+01  1.6762500000E+01  1.78218E-02  5.52954E-01
  1.6762500000E+01  1.6766666667E+01  1.77139E-02  4.14988E-01
  1.6766666667E+01  1.6770833333E+01  1.77590E-02  4.23950E-01
  1.6770833333E+01  1.6775000000E+01  1.78908E-02  5.57212E-01
  1.6775000000E+01  1.6779166667E+01  1.77469E-02  4.37921E-01
  1.6779166667E+01  1.6783333333E+01  1.77737E-02  5.26148E-01
  1.6783333333E+01  1.6787500000E+01  1.77928E-02  4.83458E-01
  1.6787500000E+01  1.6791666667E+01  1.78258E-02  4.53646E-01
  1.6791666667E+01  1.6795833333E+01  1.78084E-02  4.93497E-01
  1.6795833333E+01  1.6800000000E+01  1.78851E-02  5.11528E-01
  1.6800000000E+01  1.6804166667E+01  1.79430E-02  5.77622E-01
  1.6804166667E+01  1.6808333333E+01  1.79034E-02  4.27075E-01
  1.6808333333E+01  1.6812500000E+01  1.79515E-02  4.07468E-01
  1.6812500000E+01  1.6816666667E+01  1.78458E-02  3.16097E-01
  1.6816666667E+01  1.6820833333E+01  1.78679E-02  3.38333E-01
  1.6820833333E+01  1.6825000000E+01  1.80478E-02  5.28422E-01
  1.6825000000E+01  1.6829166667E+01  1.81153E-02  5.78223E-01
  1.6829166667E+01  1.6833333333E+01  1.80682E-02  4.41807E-01
  1.6833333333E+01  1.6837500000E+01  1.80609E-02  4.77250E-01
  1.6837500000E+01  1.6841666667E+01  1.79987E-02  4.34432E-01
  1.6841666667E+01  1.6845833333E+01  1.80864E-02  4.37782E-01
  1.6845833333E+01  1.6850000000E+01  1.80994E-02  5.93372E-01
  1.6850000000E+01  1.6854166667E+01  1.82141E-02  5.13608E-01
  1.6854166667E+01  1.6858333333E+01  1.81052E-02  4.62205E-01
  1.6858333333E+01  1.6862500000E+01  1.81774E-02  4.14402E-01
  1.6862500000E+01  1.6866666667E+01  1.81705E-02  4.19974E-01
  1.6866666667E+01  1.6870833333E+01  1.82307E-02  4.52182E-01
  1.6870833333E+01  1.6875000000E+01  1.83623E-02  5.54965E-01
  1.6875000000E+01  1.6879166667E+01  1.82851E-02  4.90444E-01
  1.6879166667E+01  1.6883333333E+01  1.82945E-02  4.39192E-01
  1.6883333333E+01  1.6887500000E+01  1.83192E-02  4.03332E-01
  1.6887500000E+01  1.6891666667E+01  1.85329E-02  5.49009E-01
  1.6891666667E+01  1.6895833333E+01  1.84187E-02  5.17436E-01
  1.6895833333E+01  1.6900000000E+01  1.83549E-02  4.35922E-01
  1.6900000000E+01  1.6904166667E+01  1.85513E-02  4.89471E-01
  1.6904166667E+01  1.6908333333E+01  1.85455E-02  6.05470E-01
  1.6908333333E+01  1.6912500000E+01  1.84373E-02  3.97393E-01
  1.6912500000E+01  1.6916666667E+01  1.85657E-02  5.62018E-01
  1.6916666667E+01  1.6920833333E+01  1.84981E-02  4.45710E-01
  1.6920833333E+01  1.6925000000E+01  1.86161E-02  5.55527E-01
  1.6925000000E+01  1.6929166667E+01  1.86240E-02  5.06740E-01
  1.6929166667E+01  1.6933333333E+01  1.85705E-02  3.98977E-01
  1.6933333333E+01  1.6937500000E+01  1.87074E-02  5.33097E-01
  1.6937500000E+01  1.6941666667E+01  1.86390E-02  4.22890E-01
  1.6941666667E+01  1.6945833333E+01  1.87329E-02  5.20499E-01
  1.6945833333E+01  1.6950000000E+01  1.87568E-02  4.27286E-01
  1.6950000000E+01  1.6954166667E+01  1.87660E-02  3.93484E-01
  1.6954166667E+01  1.6958333333E+01  1.87846E-02  4.32341E-01
  1.6958333333E+01  1.6962500000E+01  1.88671E-02  4.91623E-01
  1.6962500000E+01  1.6966666667E+01  1.87489E-02  3.50702E-01
  1.6966666667E+01  1.6970833333E+01  1.88304E-02  4.59400E-01
  1.6970833333E+01  1.6975000000E+01  1.89020E-02  5.38872E-01
  1.6975000000E+01  1.6979166667E+01  1.88663E-02  3.54661E-01
  1.6979166667E+01  1.6983333333E+01  1.89397E-02  4.06074E-01
  1.6983333333E+01  1.6987500000E+01  1.89928E-02  4.26080E-01
  1.6987500000E+01  1.6991666667E+01  1.90251E-02  4.50780E-01
  1.6991666667E+01  1.6995833333E+01  1.90589E-02  5.25553E-01
  1.6995833333E+01  1.7000000000E+01  1.89817E-02  3.82017E-01
  1.7000000000E+01  1.7004166667E+01  1.90358E-02  3.91604E-01
  1.7004166667E+01  1.7008333333E+01  1.90998E-02  3.55189E-01
  1.7008333333E+01  1.7012500000E+01  1.91975E-02  4.77986E-01
  1.7012500000E+01  1.7016666667E+01  1.91279E-02  3.84890E-01
  1.7016666667E+01  1.7020833333E+01  1.91948E-02  3.93689E-01
  1.7020833333E+01  1.7025000000E+01  1.92118E-02  3.96300E-01
  1.7025000000E+01  1.7029166667E+01  1.92212E-02  4.17510E-01
  1.7029166667E+01  1.7033333333E+01  1.92151E-02  4.05652E-01
  1.7033333333E+01  1.7037500000E+01  1.92513E-02  4.49918E-01
  1.7037500000E+01  1.7041666667E+01  1.92264E-02  3.65791E-01
  1.7041666667E+01  1.7045833333E+01  1.92805E-02  3.72426E-01
  1.7045833333E+01  1.7050000000E+01  1.94145E-02  4.50402E-01
  1.7050000000E+01  1.7054166667E+01  1.93960E-02  3.68045E-01
  1.7054166667E+01  1.7058333333E+01  1.94743E-02  3.69177E-01
  1.7058333333E+01  1.7062500000E+01  1.94863E-02  4.23916E-01
  1.7062500000E+01  1.7066666667E+01  1.94503E-02  3.58443E-01
  1.7066666667E+01  1.7070833333E+01  1.95848E-02  4.63802E-01
  1.7070833333E+01  1.7075000000E+01  1.96274E-02  3.90187E-01
  1.7075000000E+01  1.7079166667E+01  1.96473E-02  3.70467E-01
  1.7079166667E+01  1.7083333333E+01  1.96625E-02  4.41370E-01
  1.7083333333E+01  1.7087500000E+01  1.97731E-02  4.04227E-01
  1.7087500000E+01  1.7091666667E+01  1.97814E-02  3.96834E-01
  1.7091666667E+01  1.7095833333E+01  1.98832E-02  3.95163E-01
  1.7095833333E+01  1.7100000000E+01  1.98905E-02  4.71902E-01
  1.7100000000E+01  1.7104166667E+01  1.98589E-02  4.25744E-01
  1.7104166667E+01  1.7108333333E+01  1.98479E-02  3.44093E-01
  1.7108333333E+01  1.7112500000E+01  2.00105E-02  4.24901E-01
  1.7112500000E+01  1.7116666667E+01  2.00416E-02  4.79025E-01
  1.7116666667E+01  1.7120833333E+01  2.00456E-02  3.95176E-01
  1.7120833333E+01  1.7125000000E+01  2.01781E-02  5.16019E-01
  1.7125000000E+01  1.7129166667E+01  2.01646E-02  3.83125E-01
  1.7129166667E+01  1.7133333333E+01  2.01401E-02  3.16957E-01
  1.7133333333E+01  1.7137500000E+01  2.01826E-02  3.26212E-01
  1.7137500000E+01  1.7141666667E+01  2.02262E-02  3.57182E-01
  1.7141666667E+01  1.7145833333E+01  2.03347E-02  4.69409E-01
  1.7145833333E+01  1.7150000000E+01  2.03742E-02  3.84993E-01
  1.7150000000E+01  1.7154166667E+01  2.03927E-02  4.18624E-01
  1.7154166667E+01  1.7158333333E+01  2.03884E-02  3.68896E-01
  1.7158333333E+01  1.7162500000E+01  2.05741E-02  4.81303E-01
  1.7162500000E+01  1.7166666667E+01  2.06410E-02  5.10066E-01
  1.7166666667E+01  1.7170833333E+01  2.05763E-02  4.03518E-01
  1.7170833333E+01  1.7175000000E+01  2.05361E-02  3.85619E-01
  1.7175000000E+01  1.7179166667E+01  2.06582E-02  4.68241E-01
  1.7179166667E+01  1.7183333333E+01  2.06653E-02  3.87055E-01
  1.7183333333E+01  1.7187500000E+01  2.07254E-02  3.84356E-01
  1.7187500000E+01  1.7191666667E+01  2.07484E-02  4.27540E-01
  1.7191666667E+01  1.7195833333E+01  2.07607E-02  4.01939E-01
  1.7195833333E+01  1.7200000000E+01  2.08531E-02  3.75359E-01
  1.7200000000E+01  1.7204166667E+01  2.08860E-02  3.90287E-01
  1.7204166667E+01  1.7208333333E+01  2.09138E-02  3.74447E-01
  1.7208333333E+01  1.7212500000E+01  2.10032E-02  3.85101E-01
  1.7212500000E+01  1.7216666667E+01  2.11161E-02  4.26516E-01
  1.7216666667E+01  1.7220833333E+01  2.11019E-02  4.09794E-01
  1.7220833333E+01  1.7225000000E+01  2.10989E-02  3.53418E-01
  1.7225000000E+01  1.7229166667E+01  2.11534E-02  3.99696E-01
  1.7229166667E+01  1.7233333333E+01  2.13105E-02  4.25107E-01
  1.7233333333E+01  1.7237500000E+01  2.13069E-02  3.96998E-01
  1.7237500000E+01  1.7241666667E+01  2.13922E-02  4.56922E-01
  1.7241666667E+01  1.7245833333E+01  2.13438E-02  3.54492E-01
  1.7245833333E+01  1.7250000000E+01  2.14772E-02  3.66669E-01
  1.7250000000E+01  1.7254166667E+01  2.15008E-02  4.34280E-01
  1.7254166667E+01  1.7258333333E+01  2.16252E-02  4.58182E-01
  1.7258333333E+01  1.7262500000E+01  2.15256E-02  3.58267E-01
  1.7262500000E+01  1.7266666667E+01  2.17103E-02  4.43476E-01
  1.7266666667E+01  1.7270833333E+01  2.17103E-02  4.08542E-01
  1.7270833333E+01  1.7275000000E+01  2.17632E-02  4.19218E-01
  1.7275000000E+01  1.7279166667E+01  2.18123E-02  4.36787E-01
  1.7279166667E+01  1.7283333333E+01  2.19300E-02  5.20195E-01
  1.7283333333E+01  1.7287500000E+01  2.19463E-02  4.75496E-01
  1.7287500000E+01  1.7291666667E+01  2.20297E-02  5.11401E-01
  1.7291666667E+01  1.7295833333E+01  2.20173E-02  3.89456E-01
  1.7295833333E+01  1.7300000000E+01  2.20765E-02  3.45671E-01
  1.7300000000E+01  1.7304166667E+01  2.21152E-02  3.16672E-01
  1.7304166667E+01  1.7308333333E+01  2.22246E-02  3.76724E-01
  1.7308333333E+01  1.7312500000E+01  2.22091E-02  3.42676E-01
  1.7312500000E+01  1.7316666667E+01  2.22830E-02  5.07449E-01
  1.7316666667E+01  1.7320833333E+01  2.23720E-02  4.18833E-01
  1.7320833333E+01  1.7325000000E+01  2.23766E-02  3.50072E-01
  1.7325000000E+01  1.7329166667E+01  2.24276E-02  3.82339E-01
  1.7329166667E+01  1.7333333333E+01  2.25525E-02  3.82975E-01
  1.7333333333E+01  1.7337500000E+01  2.25985E-02  3.42816E-01
  1.7337500000E+01  1.7341666667E+01  2.27012E-02  3.91390E-01
  1.7341666667E+01  1.7345833333E+01  2.28186E-02  3.96543E-01
  1.7345833333E+01  1.7350000000E+01  2.28817E-02  3.94778E-01
  1.7350000000E+01  1.7354166667E+01  2.29378E-02  3.72224E-01
  1.7354166667E+01  1.7358333333E+01  2.29820E-02  3.64849E-01
  1.7358333333E+01  1.7362500000E+01  2.30450E-02  4.46083E-01
  1.7362500000E+01  1.7366666667E+01  2.30425E-02  2.99026E-01
  1.7366666667E+01  1.7370833333E+01  2.32080E-02  3.78929E-01
  1.7370833333E+01  1.7375000000E+01  2.33171E-02  3.50086E-01
  1.7375000000E+01  1.7379166667E+01  2.33900E-02  3.76683E-01
  1.7379166667E+01  1.7383333333E+01  2.34334E-02  3.78535E-01
  1.7383333333E+01  1.7387500000E+01  2.35155E-02  3.75169E-01
  1.7387500000E+01  1.7391666667E+01  2.35113E-02  3.35589E-01
  1.7391666667E+01  1.7395833333E+01  2.36448E-02  3.48417E-01
  1.7395833333E+01  1.7400000000E+01  2.37810E-02  4.29907E-01
  1.7400000000E+01  1.7404166667E+01  2.37918E-02  4.09862E-01
  1.7404166667E+01  1.7408333333E+01  2.38611E-02  3.98720E-01
  1.7408333333E+01  1.7412500000E+01  2.39428E-02  3.21678E-01
  1.7412500000E+01  1.7416666667E+01  2.39598E-02  3.17823E-01
  1.7416666667E+01  1.7420833333E+01  2.40762E-02  3.77029E-01
  1.7420833333E+01  1.7425000000E+01  2.41619E-02  3.21929E-01
  1.7425000000E+01  1.7429166667E+01  2.42558E-02  3.34285E-01
  1.7429166667E+01  1.7433333333E+01  2.44014E-02  3.55694E-01
  1.7433333333E+01  1.7437500000E+01  2.45107E-02  3.74246E-01
  1.7437500000E+01  1.7441666667E+01  2.46135E-02  4.22691E-01
  1.7441666667E+01  1.7445833333E+01  2.47021E-02  3.56336E-01
  1.7445833333E+01  1.7450000000E+01  2.48105E-02  4.10563E-01
  1.7450000000E+01  1.7454166667E+01  2.50017E-02  4.52471E-01
  1.7454166667E+01  1.7458333333E+01  2.50580E-02  3.52935E-01
  1.7458333333E+01  1.7462500000E+01  2.51216E-02  3.69597E-01
  1.7462500000E+01  1.7466666667E+01  2.51759E-02  3.84362E-01
  1.7466666667E+01  1.7470833333E+01  2.52956E-02  3.56575E-01
  1.7470833333E+01  1.7475000000E+01  2.53498E-02  3.27543E-01
  1.7475000000E+01  1.7479166667E+01  2.55820E-02  3.57792E-01
  1.7479166667E+01  1.7483333333E+01  2.57031E-02  4.01579E-01
  1.7483333333E+01  1.7487500000E+01  2.57892E-02  3.64599E-01
  1.7487500000E+01  1.7491666667E+01  2.59030E-02  3.45066E-01
  1.7491666667E+01  1.7495833333E+01  2.60142E-02  3.70700E-01
  1.7495833333E+01  1.7500000000E+01  2.62057E-02  3.42797E-01
  1.7500000000E+01  1.7504166667E+01  2.62965E-02  3.62371E-01
  1.7504166667E+01  1.7508333333E+01  2.65160E-02  3.98320E-01
  1.7508333333E+01  1.7512500000E+01  2.66143E-02  3.53247E-01
  1.7512500000E+01  1.7516666667E+01  2.66121E-02  3.77999E-01
  1.7516666667E+01  1.7520833333E+01  2.67291E-02  3.36921E-01
  1.7520833333E+01  1.7525000000E+01  2.69722E-02  4.08070E-01
  1.7525000000E+01  1.7529166667E+01  2.70304E-02  3.44436E-01
  1.7529166667E+01  1.7533333333E+01  2.71671E-02  3.69667E-01
  1.7533333333E+01  1.7537500000E+01  2.72505E-02  3.29510E-01
  1.7537500000E+01  1.7541666667E+01  2.73524E-02  3.20965E-01
  1.7541666667E+01  1.7545833333E+01  2.74988E-02  3.59477E-01
  1.7545833333E+01  1.7550000000E+01  2.76766E-02  3.35604E-01
  1.7550000000E+01  1.7554166667E+01  2.78814E-02  3.27070E-01
  1.7554166667E+01  1.7558333333E+01  2.81100E-02  3.61723E-01
  1.7558333333E+01  1.7562500000E+01  2.82702E-02  3.77232E-01
  1.7562500000E+01  1.7566666667E+01  2.82817E-02  3.21473E-01
  1.7566666667E+01  1.7570833333E+01  2.85575E-02  3.50506E-01
  1.7570833333E+01  1.7575000000E+01  2.87918E-02  3.82857E-01
  1.7575000000E+01  1.7579166667E+01  2.89296E-02  3.49411E-01
  1.7579166667E+01  1.7583333333E+01  2.91015E-02  3.48914E-01
  1.7583333333E+01  1.7587500000E+01  2.93583E-02  3.63037E-01
  1.7587500000E+01  1.7591666667E+01  2.96617E-02  3.74537E-01
  1.7591666667E+01  1.7595833333E+01  2.98223E-02  3.67151E-01
  1.7595833333E+01  1.7600000000E+01  2.99562E-02  3.77582E-01
  1.7600000000E+01  1.7604166667E+01  3.00997E-02  3.52226E-01
  1.7604166667E+01  1.7608333333E+01  3.04551E-02  3.84680E-01
  1.7608333333E+01  1.7612500000E+01  3.06756E-02  3.15320E-01
  1.7612500000E+01  1.7616666667E+01  3.08831E-02  3.30118E-01
  1.7616666667E+01  1.7620833333E+01  3.11256E-02  3.44807E-01
  1.7620833333E+01  1.7625000000E+01  3.14871E-02  3.65725E-01
  1.7625000000E+01  1.7629166667E+01  3.15708E-02  3.27219E-01
  1.7629166667E+01  1.7633333333E+01  3.19092E-02  3.70211E-01
  1.7633333333E+01  1.7637500000E+01  3.21591E-02  3.08348E-01
  1.7637500000E+01  1.7641666667E+01  3.24715E-02  3.58220E-01
  1.7641666667E+01  1.7645833333E+01  3.25949E-02  3.11041E-01
  1.7645833333E+01  1.7650000000E+01  3.30340E-02  3.37688E-01
  1.7650000000E+01  1.7654166667E+01  3.32886E-02  3.49403E-01
  1.7654166667E+01  1.7658333333E+01  3.37127E-02  3.67754E-01
  1.7658333333E+01  1.7662500000E+01  3.38985E-02  3.15258E-01
  1.7662500000E+01  1.7666666667E+01  3.43562E-02  3.23401E-01
  1.7666666667E+01  1.7670833333E+01  3.47855E-02  3.30958E-01
  1.7670833333E+01  1.7675000000E+01  3.51677E-02  3.26223E-01
  1.7675000000E+01  1.7679166667E+01  3.55439E-02  3.30003E-01
  1.7679166667E+01  1.7683333333E+01  3.58393E-02  3.18023E-01
  1.7683333333E+01  1.7687500000E+01  3.63841E-02  3.29647E-01
  1.7687500000E+01  1.7691666667E+01  3.67664E-02  3.41917E-01
  1.7691666667E+01  1.7695833333E+01  3.72131E-02  3.40326E-01
  1.7695833333E+01  1.7700000000E+01  3.77430E-02  3.67363E-01
  1.7700000000E+01  1.7704166667E+01  3.82182E-02  3.31281E-01
  1.7704166667E+01  1.7708333333E+01  3.88107E-02  3.34956E-01
  1.7708333333E+01  1.7712500000E+01  3.93320E-02  3.17951E-01
  1.7712500000E+01  1.7716666667E+01  3.99393E-02  3.08469E-01
  1.7716666667E+01  1.7720833333E+01  4.06828E-02  3.30491E-01
  1.7720833333E+01  1.7725000000E+01  4.12723E-02  3.43947E-01
  1.7725000000E+01  1.7729166667E+01  4.19793E-02  3.34171E-01
  1.7729166667E+01  1.7733333333E+01  4.26108E-02  3.27995E-01
  1.7733333333E+01  1.7737500000E+01  4.33928E-02  3.32249E-01
  1.7737500000E+01  1.7741666667E+01  4.41705E-02  3.57565E-01
  1.7741666667E+01  1.7745833333E+01  4.49614E-02  3.41481E-01
  1.7745833333E+01  1.7750000000E+01  4.56916E-02  3.55926E-01
  1.7750000000E+01  1.7754166667E+01  4.65028E-02  3.54326E-01
  1.7754166667E+01  1.7758333333E+01  4.72411E-02  3.78701E-01
  1.7758333333E+01  1.7762500000E+01  4.81389E-02  3.56347E-01
  1.7762500000E+01  1.7766666667E+01  4.90472E-02  3.87294E-01
  1.7766666667E+01  1.7770833333E+01  4.99472E-02  3.95067E-01
  1.7770833333E+01  1.7775000000E+01  5.05949E-02  3.92140E-01
  1.7775000000E+01  1.7779166667E+01  5.15375E-02  3.91954E-01
  1.7779166667E+01  1.7783333333E+01  5.20717E-02  4.19385E-01
  1.7783333333E+01  1.7787500000E+01  5.27311E-02  4.30221E-01
  1.7787500000E+01  1.7791666667E+01  5.32897E-02  3.99869E-01
  1.7791666667E+01  1.7795833333E+01  5.36108E-02  3.87857E-01
  1.7795833333E+01  1.7800000000E+01  5.40930E-02  3.95433E-01
  1.7800000000E+01  1.7804166667E+01  5.42684E-02  4.30858E-01
  1.7804166667E+01  1.7808333333E+01  5.43197E-02  4.16477E-01
  1.7808333333E+01  1.7812500000E+01  5.44185E-02  4.27163E-01
  1.7812500000E+01  1.7816666667E+01  5.44461E-02  3.65449E-01
  1.7816666667E+01  1.7820833333E+01  5.41921E-02  4.18445E-01
  1.7820833333E+01  1.7825000000E+01  5.38049E-02  4.13236E-01
  1.7825000000E+01  1.7829166667E+01  5.28402E-02  4.37622E-01
  1.7829166667E+01  1.7833333333E+01  5.18634E-02  4.67135E-01
  1.7833333333E+01  1.7837500000E+01  5.06041E-02  4.58275E-01
  1.7837500000E+01  1.7841666667E+01  4.95327E-02  4.27369E-01
  1.7841666667E+01  1.7845833333E+01  4.81450E-02  4.26233E-01
  1.7845833333E+01  1.7850000000E+01  4.64624E-02  3.90378E-01
  1.7850000000E+01  1.7854166667E+01  4.47079E-02  4.19468E-01
  1.7854166667E+01  1.7858333333E+01  4.30012E-02  5.06474E-01
  1.7858333333E+01  1.7862500000E+01  4.09451E-02  5.16525E-01
  1.7862500000E+01  1.7866666667E+01  3.87528E-02  5.19631E-01
  1.7866666667E+01  1.7870833333E+01  3.66847E-02  5.31159E-01
  1.7870833333E+01  1.7875000000E+01  3.44540E-02  6.31868E-01
  1.7875000000E+01  1.7879166667E+01  3.22079E-02  7.70661E-01
  1.7879166667E+01  1.7883333333E+01  3.02429E-02  7.26526E-01
  1.7883333333E+01  1.7887500000E+01  2.78637E-02  6.67448E-01
  1.7887500000E+01  1.7891666667E+01  2.54954E-02  7.89742E-01
  1.7891666667E+01  1.7895833333E+01  2.32317E-02  7.53459E-01
  1.7895833333E+01  1.7900000000E+01  2.10940E-02  7.96537E-01
  1.7900000000E+01  1.7904166667E+01  1.90222E-02  8.59953E-01
  1.7904166667E+01  1.7908333333E+01  1.72409E-02  8.65402E-01
  1.7908333333E+01  1.7912500000E+01  1.52890E-02  9.61579E-01
  1.7912500000E+01  1.7916666667E+01  1.36893E-02  1.13120E+00
  1.7916666667E+01  1.7920833333E+01  1.21457E-02  1.27778E+00
  1.7920833333E+01  1.7925000000E+01  1.06148E-02  1.26633E+00
  1.7925000000E+01  1.7929166667E+01  9.21348E-03  1.37467E+00
  1.7929166667E+01  1.7933333333E+01  7.69196E-03  1.60516E+00
  1.7933333333E+01  1.7937500000E+01  6.72114E-03  1.46204E+00
  1.7937500000E+01  1.7941666667E+01  5.81585E-03  1.53774E+00
  1.7941666667E+01  1.7945833333E+01  4.97154E-03  1.68487E+00
  1.7945833333E+01  1.7950000000E+01  4.28901E-03  2.46277E+00
  1.7950000000E+01  1.7954166667E+01  3.50470E-03  2.47933E+00
  1.7954166667E+01  1.7958333333E+01  2.90930E-03  2.64367E+00
  1.7958333333E+01  1.7962500000E+01  2.42932E-03  2.95156E+00
  1.7962500000E+01  1.7966666667E+01  1.91005E-03  3.06221E+00
  1.7966666667E+01  1.7970833333E+01  1.50530E-03  3.95320E+00
  1.7970833333E+01  1.7975000000E+01  1.25367E-03  3.93171E+00
  1.7975000000E+01  1.7979166667E+01  1.00451E-03  4.67705E+00
  1.7979166667E+01  1.7983333333E+01  8.23862E-04  4.60143E+00
  1.7983333333E+01  1.7987500000E+01  6.62371E-04  5.05577E+00
  1.7987500000E+01  1.7991666667E+01  5.22993E-04  6.33770E+00
  1.7991666667E+01  1.7995833333E+01  3.75638E-04  6.92854E+00
  1.7995833333E+01  1.8000000000E+01  2.59212E-04  8.43618E+00
  1.8000000000E+01  1.8004166667E+01  1.96315E-04  1.02222E+01
  1.8004166667E+01  1.8008333333E+01  1.66860E-04  1.24848E+01
  1.8008333333E+01  1.8012500000E+01  1.23831E-04  1.16286E+01
  1.8012500000E+01  1.8016666667E+01  9.82704E-05  1.45743E+01
  1.8016666667E+01  1.8020833333E+01  7.48945E-05  1.45861E+01
  1.8020833333E+01  1.8025000000E+01  5.26138E-05  1.83344E+01
  1.8025000000E+01  1.8029166667E+01  3.63670E-05  2.54243E+01
  1.8029166667E+01  1.8033333333E+01  2.15052E-05  2.84964E+01
  1.8033333333E+01  1.8037500000E+01  2.15687E-05  3.05095E+01
  1.8037500000E+01  1.8041666667E+01  1.31366E-05  3.34309E+01
  1.8041666667E+01  1.8045833333E+01  1.24669E-05  3.65254E+01
  1.8045833333E+01  1.8050000000E+01  1.29829E-05  3.71073E+01
  1.8050000000E+01  1.8054166667E+01  8.47963E-06  4.13422E+01
  1.8054166667E+01  1.8058333333E+01  6.09614E-06  5.22358E+01
  1.8058333333E+01  1.8062500000E+01  4.25109E-06  5.92224E+01
  1.8062500000E+01  1.8066666667E+01  5.94001E-06  6.23056E+01
  1.8066666667E+01  1.8070833333E+01  3.58820E-06  7.37509E+01
  1.8070833333E+01  1.8075000000E+01  3.26766E-06  7.12760E+01
  1.8075000000E+01  1.8079166667E+01  1.65615E-06  1.00000E+02
  1.8079166667E+01  1.8083333333E+01  2.49932E-06  1.00000E+02
  1.8083333333E+01  1.8087500000E+01  5.17230E-06  7.41714E+01
  1.8087500000E+01  1.8091666667E+01  0.00000E+00  0.00000E+00
  1.8091666667E+01  1.8095833333E+01  0.00000E+00  0.00000E+00
  1.8095833333E+01  1.8100000000E+01  2.04517E-05  1.00000E+02
  1.8100000000E+01  1.8104166667E+01  0.00000E+00  0.00000E+00
  1.8104166667E+01  1.8108333333E+01  0.00000E+00  0.00000E+00
  1.8108333333E+01  1.8112500000E+01  0.00000E+00  0.00000E+00
  1.8112500000E+01  1.8116666667E+01  0.00000E+00  0.00000E+00
  1.8116666667E+01  1.8120833333E+01  0.00000E+00  0.00000E+00
  1.8120833333E+01  1.8125000000E+01  0.00000E+00  0.00000E+00
  1.8125000000E+01  1.8129166667E+01  0.00000E+00  0.00000E+00
  1.8129166667E+01  1.8133333333E+01  0.00000E+00  0.00000E+00
  1.8133333333E+01  1.8137500000E+01  0.00000E+00  0.00000E+00
  1.8137500000E+01  1.8141666667E+01  4.06628E-14  1.00000E+02
  1.8141666667E+01  1.8145833333E+01  0.00000E+00  0.00000E+00
  1.8145833333E+01  1.8150000000E+01  4.59670E-06  1.00000E+02
  1.8150000000E+01  1.8154166667E+01  2.93733E-06  1.00000E+02
  1.8154166667E+01  1.8158333333E+01  0.00000E+00  0.00000E+00
  1.8158333333E+01  1.8162500000E+01  0.00000E+00  0.00000E+00
  1.8162500000E+01  1.8166666667E+01  0.00000E+00  0.00000E+00
  1.8166666667E+01  1.8170833333E+01  0.00000E+00  0.00000E+00
  1.8170833333E+01  1.8175000000E+01  0.00000E+00  0.00000E+00
  1.8175000000E+01  1.8179166667E+01  0.00000E+00  0.00000E+00
  1.8179166667E+01  1.8183333333E+01  0.00000E+00  0.00000E+00
  1.8183333333E+01  1.8187500000E+01  0.00000E+00  0.00000E+00
  1.8187500000E+01  1.8191666667E+01  0.00000E+00  0.00000E+00
  1.8191666667E+01  1.8195833333E+01  0.00000E+00  0.00000E+00
  1.8195833333E+01  1.8200000000E+01  0.00000E+00  0.00000E+00
  1.8200000000E+01  1.8204166667E+01  0.00000E+00  0.00000E+00
  1.8204166667E+01  1.8208333333E+01  0.00000E+00  0.00000E+00
  1.8208333333E+01  1.8212500000E+01  0.00000E+00  0.00000E+00
  1.8212500000E+01  1.8216666667E+01  0.00000E+00  0.00000E+00
  1.8216666667E+01  1.8220833333E+01  0.00000E+00  0.00000E+00
  1.8220833333E+01  1.8225000000E+01  0.00000E+00  0.00000E+00
  1.8225000000E+01  1.8229166667E+01  0.00000E+00  0.00000E+00
  1.8229166667E+01  1.8233333333E+01  0.00000E+00  0.00000E+00
  1.8233333333E+01  1.8237500000E+01  0.00000E+00  0.00000E+00
  1.8237500000E+01  1.8241666667E+01  0.00000E+00  0.00000E+00
  1.8241666667E+01  1.8245833333E+01  0.00000E+00  0.00000E+00
  1.8245833333E+01  1.8250000000E+01  0.00000E+00  0.00000E+00
  1.8250000000E+01  1.8254166667E+01  0.00000E+00  0.00000E+00
  1.8254166667E+01  1.8258333333E+01  0.00000E+00  0.00000E+00
  1.8258333333E+01  1.8262500000E+01  0.00000E+00  0.00000E+00
  1.8262500000E+01  1.8266666667E+01  0.00000E+00  0.00000E+00
  1.8266666667E+01  1.8270833333E+01  0.00000E+00  0.00000E+00
  1.8270833333E+01  1.8275000000E+01  0.00000E+00  0.00000E+00
  1.8275000000E+01  1.8279166667E+01  0.00000E+00  0.00000E+00
  1.8279166667E+01  1.8283333333E+01  0.00000E+00  0.00000E+00
  1.8283333333E+01  1.8287500000E+01  0.00000E+00  0.00000E+00
  1.8287500000E+01  1.8291666667E+01  0.00000E+00  0.00000E+00
  1.8291666667E+01  1.8295833333E+01  0.00000E+00  0.00000E+00
  1.8295833333E+01  1.8300000000E+01  3.32410E-14  1.00000E+02
  1.8300000000E+01  1.8304166667E+01  0.00000E+00  0.00000E+00
  1.8304166667E+01  1.8308333333E+01  3.95717E-14  1.00000E+02
  1.8308333333E+01  1.8312500000E+01  0.00000E+00  0.00000E+00
  1.8312500000E+01  1.8316666667E+01  0.00000E+00  0.00000E+00
  1.8316666667E+01  1.8320833333E+01  0.00000E+00  0.00000E+00
  1.8320833333E+01  1.8325000000E+01  0.00000E+00  0.00000E+00
  1.8325000000E+01  1.8329166667E+01  0.00000E+00  0.00000E+00
  1.8329166667E+01  1.8333333333E+01  0.00000E+00  0.00000E+00
  1.8333333333E+01  1.8337500000E+01  0.00000E+00  0.00000E+00
  1.8337500000E+01  1.8341666667E+01  0.00000E+00  0.00000E+00
  1.8341666667E+01  1.8345833333E+01  0.00000E+00  0.00000E+00
  1.8345833333E+01  1.8350000000E+01  0.00000E+00  0.00000E+00
  1.8350000000E+01  1.8354166667E+01  0.00000E+00  0.00000E+00
  1.8354166667E+01  1.8358333333E+01  0.00000E+00  0.00000E+00
  1.8358333333E+01  1.8362500000E+01  0.00000E+00  0.00000E+00
  1.8362500000E+01  1.8366666667E+01  0.00000E+00  0.00000E+00
  1.8366666667E+01  1.8370833333E+01  0.00000E+00  0.00000E+00
  1.8370833333E+01  1.8375000000E+01  0.00000E+00  0.00000E+00
  1.8375000000E+01  1.8379166667E+01  0.00000E+00  0.00000E+00
  1.8379166667E+01  1.8383333333E+01  0.00000E+00  0.00000E+00
  1.8383333333E+01  1.8387500000E+01  0.00000E+00  0.00000E+00
  1.8387500000E+01  1.8391666667E+01  0.00000E+00  0.00000E+00
  1.8391666667E+01  1.8395833333E+01  0.00000E+00  0.00000E+00
  1.8395833333E+01  1.8400000000E+01  5.96937E-13  1.00000E+02
  1.8400000000E+01  1.8404166667E+01  0.00000E+00  0.00000E+00
  1.8404166667E+01  1.8408333333E+01  0.00000E+00  0.00000E+00
  1.8408333333E+01  1.8412500000E+01  0.00000E+00  0.00000E+00
  1.8412500000E+01  1.8416666667E+01  5.86433E-07  1.00000E+02
  1.8416666667E+01  1.8420833333E+01  2.64293E-06  1.00000E+02
  1.8420833333E+01  1.8425000000E+01  0.00000E+00  0.00000E+00
  1.8425000000E+01  1.8429166667E+01  0.00000E+00  0.00000E+00
  1.8429166667E+01  1.8433333333E+01  0.00000E+00  0.00000E+00
  1.8433333333E+01  1.8437500000E+01  0.00000E+00  0.00000E+00
  1.8437500000E+01  1.8441666667E+01  0.00000E+00  0.00000E+00
  1.8441666667E+01  1.8445833333E+01  0.00000E+00  0.00000E+00
  1.8445833333E+01  1.8450000000E+01  0.00000E+00  0.00000E+00
  1.8450000000E+01  1.8454166667E+01  0.00000E+00  0.00000E+00
  1.8454166667E+01  1.8458333333E+01  0.00000E+00  0.00000E+00
  1.8458333333E+01  1.8462500000E+01  0.00000E+00  0.00000E+00
  1.8462500000E+01  1.8466666667E+01  0.00000E+00  0.00000E+00
  1.8466666667E+01  1.8470833333E+01  0.00000E+00  0.00000E+00
  1.8470833333E+01  1.8475000000E+01  0.00000E+00  0.00000E+00
  1.8475000000E+01  1.8479166667E+01  0.00000E+00  0.00000E+00
  1.8479166667E+01  1.8483333333E+01  0.00000E+00  0.00000E+00
  1.8483333333E+01  1.8487500000E+01  0.00000E+00  0.00000E+00
  1.8487500000E+01  1.8491666667E+01  0.00000E+00  0.00000E+00
  1.8491666667E+01  1.8495833333E+01  0.00000E+00  0.00000E+00
  1.8495833333E+01  1.8500000000E+01  0.00000E+00  0.00000E+00
  1.8500000000E+01  1.8504166667E+01  0.00000E+00  0.00000E+00
  1.8504166667E+01  1.8508333333E+01  0.00000E+00  0.00000E+00
  1.8508333333E+01  1.8512500000E+01  0.00000E+00  0.00000E+00
  1.8512500000E+01  1.8516666667E+01  0.00000E+00  0.00000E+00
  1.8516666667E+01  1.8520833333E+01  0.00000E+00  0.00000E+00
  1.8520833333E+01  1.8525000000E+01  3.32410E-14  1.00000E+02
  1.8525000000E+01  1.8529166667E+01  6.18571E-14  1.00000E+02
  1.8529166667E+01  1.8533333333E+01  8.54938E-13  9.29241E+01
  1.8533333333E+01  1.8537500000E+01  0.00000E+00  0.00000E+00
  1.8537500000E+01  1.8541666667E+01  0.00000E+00  0.00000E+00
  1.8541666667E+01  1.8545833333E+01  0.00000E+00  0.00000E+00
  1.8545833333E+01  1.8550000000E+01  1.88470E-14  1.00000E+02
  1.8550000000E+01  1.8554166667E+01  0.00000E+00  0.00000E+00
  1.8554166667E+01  1.8558333333E+01  0.00000E+00  0.00000E+00
  1.8558333333E+01  1.8562500000E+01  0.00000E+00  0.00000E+00
  1.8562500000E+01  1.8566666667E+01  8.05797E-11  1.00000E+02
  1.8566666667E+01  1.8570833333E+01  0.00000E+00  0.00000E+00
  1.8570833333E+01  1.8575000000E+01  0.00000E+00  0.00000E+00
  1.8575000000E+01  1.8579166667E+01  0.00000E+00  0.00000E+00
  1.8579166667E+01  1.8583333333E+01  0.00000E+00  0.00000E+00
  1.8583333333E+01  1.8587500000E+01  4.86937E-14  1.00000E+02
  1.8587500000E+01  1.8591666667E+01  0.00000E+00  0.00000E+00
  1.8591666667E+01  1.8595833333E+01  0.00000E+00  0.00000E+00
  1.8595833333E+01  1.8600000000E+01  0.00000E+00  0.00000E+00
  1.8600000000E+01  1.8604166667E+01  0.00000E+00  0.00000E+00
  1.8604166667E+01  1.8608333333E+01  0.00000E+00  0.00000E+00
  1.8608333333E+01  1.8612500000E+01  0.00000E+00  0.00000E+00
  1.8612500000E+01  1.8616666667E+01  0.00000E+00  0.00000E+00
  1.8616666667E+01  1.8620833333E+01  0.00000E+00  0.00000E+00
  1.8620833333E+01  1.8625000000E+01  0.00000E+00  0.00000E+00
  1.8625000000E+01  1.8629166667E+01  0.00000E+00  0.00000E+00
  1.8629166667E+01  1.8633333333E+01  0.00000E+00  0.00000E+00
  1.8633333333E+01  1.8637500000E+01  0.00000E+00  0.00000E+00
  1.8637500000E+01  1.8641666667E+01  0.00000E+00  0.00000E+00
  1.8641666667E+01  1.8645833333E+01  0.00000E+00  0.00000E+00
  1.8645833333E+01  1.8650000000E+01  0.00000E+00  0.00000E+00
  1.8650000000E+01  1.8654166667E+01  0.00000E+00  0.00000E+00
  1.8654166667E+01  1.8658333333E+01  0.00000E+00  0.00000E+00
  1.8658333333E+01  1.8662500000E+01  0.00000E+00  0.00000E+00
  1.8662500000E+01  1.8666666667E+01  4.86937E-14  1.00000E+02
  1.8666666667E+01  1.8670833333E+01  0.00000E+00  0.00000E+00
  1.8670833333E+01  1.8675000000E+01  0.00000E+00  0.00000E+00
  1.8675000000E+01  1.8679166667E+01  0.00000E+00  0.00000E+00
  1.8679166667E+01  1.8683333333E+01  0.00000E+00  0.00000E+00
  1.8683333333E+01  1.8687500000E+01  0.00000E+00  0.00000E+00
  1.8687500000E+01  1.8691666667E+01  0.00000E+00  0.00000E+00
  1.8691666667E+01  1.8695833333E+01  0.00000E+00  0.00000E+00
  1.8695833333E+01  1.8700000000E+01  0.00000E+00  0.00000E+00
  1.8700000000E+01  1.8704166667E+01  1.36660E-06  1.00000E+02
  1.8704166667E+01  1.8708333333E+01  3.25748E-06  1.00000E+02
  1.8708333333E+01  1.8712500000E+01  0.00000E+00  0.00000E+00
  1.8712500000E+01  1.8716666667E+01  0.00000E+00  0.00000E+00
  1.8716666667E+01  1.8720833333E+01  0.00000E+00  0.00000E+00
  1.8720833333E+01  1.8725000000E+01  0.00000E+00  0.00000E+00
  1.8725000000E+01  1.8729166667E+01  0.00000E+00  0.00000E+00
  1.8729166667E+01  1.8733333333E+01  0.00000E+00  0.00000E+00
  1.8733333333E+01  1.8737500000E+01  0.00000E+00  0.00000E+00
  1.8737500000E+01  1.8741666667E+01  0.00000E+00  0.00000E+00
  1.8741666667E+01  1.8745833333E+01  3.58839E-07  1.00000E+02
  1.8745833333E+01  1.8750000000E+01  0.00000E+00  0.00000E+00
  1.8750000000E+01  1.8754166667E+01  0.00000E+00  0.00000E+00
  1.8754166667E+01  1.8758333333E+01  0.00000E+00  0.00000E+00
  1.8758333333E+01  1.8762500000E+01  0.00000E+00  0.00000E+00
  1.8762500000E+01  1.8766666667E+01  0.00000E+00  0.00000E+00
  1.8766666667E+01  1.8770833333E+01  0.00000E+00  0.00000E+00
  1.8770833333E+01  1.8775000000E+01  0.00000E+00  0.00000E+00
  1.8775000000E+01  1.8779166667E+01  0.00000E+00  0.00000E+00
  1.8779166667E+01  1.8783333333E+01  0.00000E+00  0.00000E+00
  1.8783333333E+01  1.8787500000E+01  0.00000E+00  0.00000E+00
  1.8787500000E+01  1.8791666667E+01  0.00000E+00  0.00000E+00
  1.8791666667E+01  1.8795833333E+01  0.00000E+00  0.00000E+00
  1.8795833333E+01  1.8800000000E+01  0.00000E+00  0.00000E+00
  1.8800000000E+01  1.8804166667E+01  0.00000E+00  0.00000E+00
  1.8804166667E+01  1.8808333333E+01  0.00000E+00  0.00000E+00
  1.8808333333E+01  1.8812500000E+01  0.00000E+00  0.00000E+00
  1.8812500000E+01  1.8816666667E+01  0.00000E+00  0.00000E+00
  1.8816666667E+01  1.8820833333E+01  0.00000E+00  0.00000E+00
  1.8820833333E+01  1.8825000000E+01  0.00000E+00  0.00000E+00
  1.8825000000E+01  1.8829166667E+01  0.00000E+00  0.00000E+00
  1.8829166667E+01  1.8833333333E+01  0.00000E+00  0.00000E+00
  1.8833333333E+01  1.8837500000E+01  0.00000E+00  0.00000E+00
  1.8837500000E+01  1.8841666667E+01  0.00000E+00  0.00000E+00
  1.8841666667E+01  1.8845833333E+01  0.00000E+00  0.00000E+00
  1.8845833333E+01  1.8850000000E+01  0.00000E+00  0.00000E+00
  1.8850000000E+01  1.8854166667E+01  0.00000E+00  0.00000E+00
  1.8854166667E+01  1.8858333333E+01  0.00000E+00  0.00000E+00
  1.8858333333E+01  1.8862500000E+01  0.00000E+00  0.00000E+00
  1.8862500000E+01  1.8866666667E+01  0.00000E+00  0.00000E+00
  1.8866666667E+01  1.8870833333E+01  0.00000E+00  0.00000E+00
  1.8870833333E+01  1.8875000000E+01  0.00000E+00  0.00000E+00
  1.8875000000E+01  1.8879166667E+01  0.00000E+00  0.00000E+00
  1.8879166667E+01  1.8883333333E+01  0.00000E+00  0.00000E+00
  1.8883333333E+01  1.8887500000E+01  0.00000E+00  0.00000E+00
  1.8887500000E+01  1.8891666667E+01  0.00000E+00  0.00000E+00
  1.8891666667E+01  1.8895833333E+01  0.00000E+00  0.00000E+00
  1.8895833333E+01  1.8900000000E+01  0.00000E+00  0.00000E+00
  1.8900000000E+01  1.8904166667E+01  0.00000E+00  0.00000E+00
  1.8904166667E+01  1.8908333333E+01  0.00000E+00  0.00000E+00
  1.8908333333E+01  1.8912500000E+01  0.00000E+00  0.00000E+00
  1.8912500000E+01  1.8916666667E+01  0.00000E+00  0.00000E+00
  1.8916666667E+01  1.8920833333E+01  0.00000E+00  0.00000E+00
  1.8920833333E+01  1.8925000000E+01  0.00000E+00  0.00000E+00
  1.8925000000E+01  1.8929166667E+01  0.00000E+00  0.00000E+00
  1.8929166667E+01  1.8933333333E+01  0.00000E+00  0.00000E+00
  1.8933333333E+01  1.8937500000E+01  0.00000E+00  0.00000E+00
  1.8937500000E+01  1.8941666667E+01  0.00000E+00  0.00000E+00
  1.8941666667E+01  1.8945833333E+01  0.00000E+00  0.00000E+00
  1.8945833333E+01  1.8950000000E+01  0.00000E+00  0.00000E+00
  1.8950000000E+01  1.8954166667E+01  0.00000E+00  0.00000E+00
  1.8954166667E+01  1.8958333333E+01  0.00000E+00  0.00000E+00
  1.8958333333E+01  1.8962500000E+01  0.00000E+00  0.00000E+00
  1.8962500000E+01  1.8966666667E+01  0.00000E+00  0.00000E+00
  1.8966666667E+01  1.8970833333E+01  0.00000E+00  0.00000E+00
  1.8970833333E+01  1.8975000000E+01  0.00000E+00  0.00000E+00
  1.8975000000E+01  1.8979166667E+01  0.00000E+00  0.00000E+00
  1.8979166667E+01  1.8983333333E+01  0.00000E+00  0.00000E+00
  1.8983333333E+01  1.8987500000E+01  0.00000E+00  0.00000E+00
  1.8987500000E+01  1.8991666667E+01  0.00000E+00  0.00000E+00
  1.8991666667E+01  1.8995833333E+01  0.00000E+00  0.00000E+00
  1.8995833333E+01  1.9000000000E+01  0.00000E+00  0.00000E+00
  1.9000000000E+01  1.9004166667E+01  0.00000E+00  0.00000E+00
  1.9004166667E+01  1.9008333333E+01  0.00000E+00  0.00000E+00
  1.9008333333E+01  1.9012500000E+01  0.00000E+00  0.00000E+00
  1.9012500000E+01  1.9016666667E+01  0.00000E+00  0.00000E+00
  1.9016666667E+01  1.9020833333E+01  0.00000E+00  0.00000E+00
  1.9020833333E+01  1.9025000000E+01  0.00000E+00  0.00000E+00
  1.9025000000E+01  1.9029166667E+01  0.00000E+00  0.00000E+00
  1.9029166667E+01  1.9033333333E+01  0.00000E+00  0.00000E+00
  1.9033333333E+01  1.9037500000E+01  0.00000E+00  0.00000E+00
  1.9037500000E+01  1.9041666667E+01  0.00000E+00  0.00000E+00
  1.9041666667E+01  1.9045833333E+01  0.00000E+00  0.00000E+00
  1.9045833333E+01  1.9050000000E+01  0.00000E+00  0.00000E+00
  1.9050000000E+01  1.9054166667E+01  0.00000E+00  0.00000E+00
  1.9054166667E+01  1.9058333333E+01  0.00000E+00  0.00000E+00
  1.9058333333E+01  1.9062500000E+01  0.00000E+00  0.00000E+00
  1.9062500000E+01  1.9066666667E+01  0.00000E+00  0.00000E+00
  1.9066666667E+01  1.9070833333E+01  0.00000E+00  0.00000E+00
  1.9070833333E+01  1.9075000000E+01  0.00000E+00  0.00000E+00
  1.9075000000E+01  1.9079166667E+01  0.00000E+00  0.00000E+00
  1.9079166667E+01  1.9083333333E+01  0.00000E+00  0.00000E+00
  1.9083333333E+01  1.9087500000E+01  0.00000E+00  0.00000E+00
  1.9087500000E+01  1.9091666667E+01  0.00000E+00  0.00000E+00
  1.9091666667E+01  1.9095833333E+01  0.00000E+00  0.00000E+00
  1.9095833333E+01  1.9100000000E+01  0.00000E+00  0.00000E+00
  1.9100000000E+01  1.9104166667E+01  0.00000E+00  0.00000E+00
  1.9104166667E+01  1.9108333333E+01  0.00000E+00  0.00000E+00
  1.9108333333E+01  1.9112500000E+01  0.00000E+00  0.00000E+00
  1.9112500000E+01  1.9116666667E+01  0.00000E+00  0.00000E+00
  1.9116666667E+01  1.9120833333E+01  0.00000E+00  0.00000E+00
  1.9120833333E+01  1.9125000000E+01  0.00000E+00  0.00000E+00
  1.9125000000E+01  1.9129166667E+01  0.00000E+00  0.00000E+00
  1.9129166667E+01  1.9133333333E+01  0.00000E+00  0.00000E+00
  1.9133333333E+01  1.9137500000E+01  0.00000E+00  0.00000E+00
  1.9137500000E+01  1.9141666667E+01  1.69457E-06  1.00000E+02
  1.9141666667E+01  1.9145833333E+01  2.44395E-06  1.00000E+02
  1.9145833333E+01  1.9150000000E+01  2.59466E-06  1.00000E+02
  1.9150000000E+01  1.9154166667E+01  0.00000E+00  0.00000E+00
  1.9154166667E+01  1.9158333333E+01  4.67020E-14  1.00000E+02
  1.9158333333E+01  1.9162500000E+01  9.17441E-08  1.00000E+02
  1.9162500000E+01  1.9166666667E+01  0.00000E+00  0.00000E+00
  1.9166666667E+01  1.9170833333E+01  1.29436E-14  1.00000E+02
  1.9170833333E+01  1.9175000000E+01  0.00000E+00  0.00000E+00
  1.9175000000E+01  1.9179166667E+01  0.00000E+00  0.00000E+00
  1.9179166667E+01  1.9183333333E+01  0.00000E+00  0.00000E+00
  1.9183333333E+01  1.9187500000E+01  2.18950E-05  1.00000E+02
  1.9187500000E+01  1.9191666667E+01  0.00000E+00  0.00000E+00
  1.9191666667E+01  1.9195833333E+01  0.00000E+00  0.00000E+00
  1.9195833333E+01  1.9200000000E+01  0.00000E+00  0.00000E+00
  1.9200000000E+01  1.9204166667E+01  0.00000E+00  0.00000E+00
  1.9204166667E+01  1.9208333333E+01  0.00000E+00  0.00000E+00
  1.9208333333E+01  1.9212500000E+01  0.00000E+00  0.00000E+00
  1.9212500000E+01  1.9216666667E+01  0.00000E+00  0.00000E+00
  1.9216666667E+01  1.9220833333E+01  0.00000E+00  0.00000E+00
  1.9220833333E+01  1.9225000000E+01  0.00000E+00  0.00000E+00
  1.9225000000E+01  1.9229166667E+01  0.00000E+00  0.00000E+00
  1.9229166667E+01  1.9233333333E+01  0.00000E+00  0.00000E+00
  1.9233333333E+01  1.9237500000E+01  0.00000E+00  0.00000E+00
  1.9237500000E+01  1.9241666667E+01  0.00000E+00  0.00000E+00
  1.9241666667E+01  1.9245833333E+01  0.00000E+00  0.00000E+00
  1.9245833333E+01  1.9250000000E+01  0.00000E+00  0.00000E+00
  1.9250000000E+01  1.9254166667E+01  0.00000E+00  0.00000E+00
  1.9254166667E+01  1.9258333333E+01  0.00000E+00  0.00000E+00
  1.9258333333E+01  1.9262500000E+01  0.00000E+00  0.00000E+00
  1.9262500000E+01  1.9266666667E+01  0.00000E+00  0.00000E+00
  1.9266666667E+01  1.9270833333E+01  0.00000E+00  0.00000E+00
  1.9270833333E+01  1.9275000000E+01  0.00000E+00  0.00000E+00
  1.9275000000E+01  1.9279166667E+01  0.00000E+00  0.00000E+00
  1.9279166667E+01  1.9283333333E+01  0.00000E+00  0.00000E+00
  1.9283333333E+01  1.9287500000E+01  0.00000E+00  0.00000E+00
  1.9287500000E+01  1.9291666667E+01  0.00000E+00  0.00000E+00
  1.9291666667E+01  1.9295833333E+01  0.00000E+00  0.00000E+00
  1.9295833333E+01  1.9300000000E+01  0.00000E+00  0.00000E+00
  1.9300000000E+01  1.9304166667E+01  0.00000E+00  0.00000E+00
  1.9304166667E+01  1.9308333333E+01  0.00000E+00  0.00000E+00
  1.9308333333E+01  1.9312500000E+01  0.00000E+00  0.00000E+00
  1.9312500000E+01  1.9316666667E+01  0.00000E+00  0.00000E+00
  1.9316666667E+01  1.9320833333E+01  0.00000E+00  0.00000E+00
  1.9320833333E+01  1.9325000000E+01  0.00000E+00  0.00000E+00
  1.9325000000E+01  1.9329166667E+01  0.00000E+00  0.00000E+00
  1.9329166667E+01  1.9333333333E+01  0.00000E+00  0.00000E+00
  1.9333333333E+01  1.9337500000E+01  0.00000E+00  0.00000E+00
  1.9337500000E+01  1.9341666667E+01  0.00000E+00  0.00000E+00
  1.9341666667E+01  1.9345833333E+01  0.00000E+00  0.00000E+00
  1.9345833333E+01  1.9350000000E+01  0.00000E+00  0.00000E+00
  1.9350000000E+01  1.9354166667E+01  0.00000E+00  0.00000E+00
  1.9354166667E+01  1.9358333333E+01  0.00000E+00  0.00000E+00
  1.9358333333E+01  1.9362500000E+01  0.00000E+00  0.00000E+00
  1.9362500000E+01  1.9366666667E+01  0.00000E+00  0.00000E+00
  1.9366666667E+01  1.9370833333E+01  0.00000E+00  0.00000E+00
  1.9370833333E+01  1.9375000000E+01  0.00000E+00  0.00000E+00
  1.9375000000E+01  1.9379166667E+01  0.00000E+00  0.00000E+00
  1.9379166667E+01  1.9383333333E+01  0.00000E+00  0.00000E+00
  1.9383333333E+01  1.9387500000E+01  0.00000E+00  0.00000E+00
  1.9387500000E+01  1.9391666667E+01  0.00000E+00  0.00000E+00
  1.9391666667E+01  1.9395833333E+01  0.00000E+00  0.00000E+00
  1.9395833333E+01  1.9400000000E+01  0.00000E+00  0.00000E+00
  1.9400000000E+01  1.9404166667E+01  0.00000E+00  0.00000E+00
  1.9404166667E+01  1.9408333333E+01  0.00000E+00  0.00000E+00
  1.9408333333E+01  1.9412500000E+01  0.00000E+00  0.00000E+00
  1.9412500000E+01  1.9416666667E+01  0.00000E+00  0.00000E+00
  1.9416666667E+01  1.9420833333E+01  0.00000E+00  0.00000E+00
  1.9420833333E+01  1.9425000000E+01  0.00000E+00  0.00000E+00
  1.9425000000E+01  1.9429166667E+01  0.00000E+00  0.00000E+00
  1.9429166667E+01  1.9433333333E+01  0.00000E+00  0.00000E+00
  1.9433333333E+01  1.9437500000E+01  0.00000E+00  0.00000E+00
  1.9437500000E+01  1.9441666667E+01  0.00000E+00  0.00000E+00
  1.9441666667E+01  1.9445833333E+01  0.00000E+00  0.00000E+00
  1.9445833333E+01  1.9450000000E+01  0.00000E+00  0.00000E+00
  1.9450000000E+01  1.9454166667E+01  0.00000E+00  0.00000E+00
  1.9454166667E+01  1.9458333333E+01  0.00000E+00  0.00000E+00
  1.9458333333E+01  1.9462500000E+01  0.00000E+00  0.00000E+00
  1.9462500000E+01  1.9466666667E+01  0.00000E+00  0.00000E+00
  1.9466666667E+01  1.9470833333E+01  0.00000E+00  0.00000E+00
  1.9470833333E+01  1.9475000000E+01  0.00000E+00  0.00000E+00
  1.9475000000E+01  1.9479166667E+01  0.00000E+00  0.00000E+00
  1.9479166667E+01  1.9483333333E+01  0.00000E+00  0.00000E+00
  1.9483333333E+01  1.9487500000E+01  0.00000E+00  0.00000E+00
  1.9487500000E+01  1.9491666667E+01  0.00000E+00  0.00000E+00
  1.9491666667E+01  1.9495833333E+01  0.00000E+00  0.00000E+00
  1.9495833333E+01  1.9500000000E+01  0.00000E+00  0.00000E+00
  1.9500000000E+01  1.9504166667E+01  0.00000E+00  0.00000E+00
  1.9504166667E+01  1.9508333333E+01  0.00000E+00  0.00000E+00
  1.9508333333E+01  1.9512500000E+01  0.00000E+00  0.00000E+00
  1.9512500000E+01  1.9516666667E+01  0.00000E+00  0.00000E+00
  1.9516666667E+01  1.9520833333E+01  0.00000E+00  0.00000E+00
  1.9520833333E+01  1.9525000000E+01  0.00000E+00  0.00000E+00
  1.9525000000E+01  1.9529166667E+01  0.00000E+00  0.00000E+00
  1.9529166667E+01  1.9533333333E+01  0.00000E+00  0.00000E+00
  1.9533333333E+01  1.9537500000E+01  0.00000E+00  0.00000E+00
  1.9537500000E+01  1.9541666667E+01  0.00000E+00  0.00000E+00
  1.9541666667E+01  1.9545833333E+01  0.00000E+00  0.00000E+00
  1.9545833333E+01  1.9550000000E+01  0.00000E+00  0.00000E+00
  1.9550000000E+01  1.9554166667E+01  0.00000E+00  0.00000E+00
  1.9554166667E+01  1.9558333333E+01  0.00000E+00  0.00000E+00
  1.9558333333E+01  1.9562500000E+01  0.00000E+00  0.00000E+00
  1.9562500000E+01  1.9566666667E+01  0.00000E+00  0.00000E+00
  1.9566666667E+01  1.9570833333E+01  0.00000E+00  0.00000E+00
  1.9570833333E+01  1.9575000000E+01  0.00000E+00  0.00000E+00
  1.9575000000E+01  1.9579166667E+01  0.00000E+00  0.00000E+00
  1.9579166667E+01  1.9583333333E+01  0.00000E+00  0.00000E+00
  1.9583333333E+01  1.9587500000E+01  0.00000E+00  0.00000E+00
  1.9587500000E+01  1.9591666667E+01  0.00000E+00  0.00000E+00
  1.9591666667E+01  1.9595833333E+01  0.00000E+00  0.00000E+00
  1.9595833333E+01  1.9600000000E+01  0.00000E+00  0.00000E+00
  1.9600000000E+01  1.9604166667E+01  8.48481E-07  1.00000E+02
  1.9604166667E+01  1.9608333333E+01  0.00000E+00  0.00000E+00
  1.9608333333E+01  1.9612500000E+01  0.00000E+00  0.00000E+00
  1.9612500000E+01  1.9616666667E+01  0.00000E+00  0.00000E+00
  1.9616666667E+01  1.9620833333E+01  0.00000E+00  0.00000E+00
  1.9620833333E+01  1.9625000000E+01  0.00000E+00  0.00000E+00
  1.9625000000E+01  1.9629166667E+01  0.00000E+00  0.00000E+00
  1.9629166667E+01  1.9633333333E+01  0.00000E+00  0.00000E+00
  1.9633333333E+01  1.9637500000E+01  0.00000E+00  0.00000E+00
  1.9637500000E+01  1.9641666667E+01  0.00000E+00  0.00000E+00
  1.9641666667E+01  1.9645833333E+01  1.90719E-08  1.00000E+02
  1.9645833333E+01  1.9650000000E+01  0.00000E+00  0.00000E+00
  1.9650000000E+01  1.9654166667E+01  0.00000E+00  0.00000E+00
  1.9654166667E+01  1.9658333333E+01  0.00000E+00  0.00000E+00
  1.9658333333E+01  1.9662500000E+01  0.00000E+00  0.00000E+00
  1.9662500000E+01  1.9666666667E+01  0.00000E+00  0.00000E+00
  1.9666666667E+01  1.9670833333E+01  1.01727E-07  1.00000E+02
  1.9670833333E+01  1.9675000000E+01  0.00000E+00  0.00000E+00
  1.9675000000E+01  1.9679166667E+01  0.00000E+00  0.00000E+00
  1.9679166667E+01  1.9683333333E+01  0.00000E+00  0.00000E+00
  1.9683333333E+01  1.9687500000E+01  0.00000E+00  0.00000E+00
  1.9687500000E+01  1.9691666667E+01  0.00000E+00  0.00000E+00
  1.9691666667E+01  1.9695833333E+01  1.47417E-06  1.00000E+02
  1.9695833333E+01  1.9700000000E+01  0.00000E+00  0.00000E+00
  1.9700000000E+01  1.9704166667E+01  1.29436E-14  1.00000E+02
  1.9704166667E+01  1.9708333333E+01  0.00000E+00  0.00000E+00
  1.9708333333E+01  1.9712500000E+01  0.00000E+00  0.00000E+00
  1.9712500000E+01  1.9716666667E+01  0.00000E+00  0.00000E+00
  1.9716666667E+01  1.9720833333E+01  0.00000E+00  0.00000E+00
  1.9720833333E+01  1.9725000000E+01  0.00000E+00  0.00000E+00
  1.9725000000E+01  1.9729166667E+01  0.00000E+00  0.00000E+00
  1.9729166667E+01  1.9733333333E+01  0.00000E+00  0.00000E+00
  1.9733333333E+01  1.9737500000E+01  0.00000E+00  0.00000E+00
  1.9737500000E+01  1.9741666667E+01  0.00000E+00  0.00000E+00
  1.9741666667E+01  1.9745833333E+01  0.00000E+00  0.00000E+00
  1.9745833333E+01  1.9750000000E+01  0.00000E+00  0.00000E+00
  1.9750000000E+01  1.9754166667E+01  0.00000E+00  0.00000E+00
  1.9754166667E+01  1.9758333333E+01  0.00000E+00  0.00000E+00
  1.9758333333E+01  1.9762500000E+01  1.03775E-08  1.00000E+02
  1.9762500000E+01  1.9766666667E+01  0.00000E+00  0.00000E+00
  1.9766666667E+01  1.9770833333E+01  0.00000E+00  0.00000E+00
  1.9770833333E+01  1.9775000000E+01  0.00000E+00  0.00000E+00
  1.9775000000E+01  1.9779166667E+01  0.00000E+00  0.00000E+00
  1.9779166667E+01  1.9783333333E+01  0.00000E+00  0.00000E+00
  1.9783333333E+01  1.9787500000E+01  0.00000E+00  0.00000E+00
  1.9787500000E+01  1.9791666667E+01  0.00000E+00  0.00000E+00
  1.9791666667E+01  1.9795833333E+01  0.00000E+00  0.00000E+00
  1.9795833333E+01  1.9800000000E+01  0.00000E+00  0.00000E+00
  1.9800000000E+01  1.9804166667E+01  0.00000E+00  0.00000E+00
  1.9804166667E+01  1.9808333333E+01  0.00000E+00  0.00000E+00
  1.9808333333E+01  1.9812500000E+01  0.00000E+00  0.00000E+00
  1.9812500000E+01  1.9816666667E+01  0.00000E+00  0.00000E+00
  1.9816666667E+01  1.9820833333E+01  0.00000E+00  0.00000E+00
  1.9820833333E+01  1.9825000000E+01  0.00000E+00  0.00000E+00
  1.9825000000E+01  1.9829166667E+01  0.00000E+00  0.00000E+00
  1.9829166667E+01  1.9833333333E+01  0.00000E+00  0.00000E+00
  1.9833333333E+01  1.9837500000E+01  0.00000E+00  0.00000E+00
  1.9837500000E+01  1.9841666667E+01  0.00000E+00  0.00000E+00
  1.9841666667E+01  1.9845833333E+01  0.00000E+00  0.00000E+00
  1.9845833333E+01  1.9850000000E+01  0.00000E+00  0.00000E+00
  1.9850000000E+01  1.9854166667E+01  0.00000E+00  0.00000E+00
  1.9854166667E+01  1.9858333333E+01  0.00000E+00  0.00000E+00
  1.9858333333E+01  1.9862500000E+01  0.00000E+00  0.00000E+00
  1.9862500000E+01  1.9866666667E+01  0.00000E+00  0.00000E+00
  1.9866666667E+01  1.9870833333E+01  0.00000E+00  0.00000E+00
  1.9870833333E+01  1.9875000000E+01  3.12794E-05  1.00000E+02
  1.9875000000E+01  1.9879166667E+01  1.15849E-06  1.00000E+02
  1.9879166667E+01  1.9883333333E+01  1.36545E-06  1.00000E+02
  1.9883333333E+01  1.9887500000E+01  1.53897E-06  1.00000E+02
  1.9887500000E+01  1.9891666667E+01  1.78745E-06  1.00000E+02
  1.9891666667E+01  1.9895833333E+01  2.73025E-06  1.00000E+02
  1.9895833333E+01  1.9900000000E+01  1.71502E-06  1.00000E+02
  1.9900000000E+01  1.9904166667E+01  0.00000E+00  0.00000E+00
  1.9904166667E+01  1.9908333333E+01  0.00000E+00  0.00000E+00
  1.9908333333E+01  1.9912500000E+01  0.00000E+00  0.00000E+00
  1.9912500000E+01  1.9916666667E+01  0.00000E+00  0.00000E+00
  1.9916666667E+01  1.9920833333E+01  0.00000E+00  0.00000E+00
  1.9920833333E+01  1.9925000000E+01  0.00000E+00  0.00000E+00
  1.9925000000E+01  1.9929166667E+01  0.00000E+00  0.00000E+00
  1.9929166667E+01  1.9933333333E+01  0.00000E+00  0.00000E+00
  1.9933333333E+01  1.9937500000E+01  0.00000E+00  0.00000E+00
  1.9937500000E+01  1.9941666667E+01  1.76774E-14  1.00000E+02
  1.9941666667E+01  1.9945833333E+01  0.00000E+00  0.00000E+00
  1.9945833333E+01  1.9950000000E+01  0.00000E+00  0.00000E+00
  1.9950000000E+01  1.9954166667E+01  0.00000E+00  0.00000E+00
  1.9954166667E+01  1.9958333333E+01  0.00000E+00  0.00000E+00
  1.9958333333E+01  1.9962500000E+01  0.00000E+00  0.00000E+00
  1.9962500000E+01  1.9966666667E+01  0.00000E+00  0.00000E+00
  1.9966666667E+01  1.9970833333E+01  0.00000E+00  0.00000E+00
  1.9970833333E+01  1.9975000000E+01  0.00000E+00  0.00000E+00
  1.9975000000E+01  1.9979166667E+01  0.00000E+00  0.00000E+00
  1.9979166667E+01  1.9983333333E+01  0.00000E+00  0.00000E+00
  1.9983333333E+01  1.9987500000E+01  0.00000E+00  0.00000E+00
  1.9987500000E+01  1.9991666667E+01  2.26922E-14  1.00000E+02
  1.9991666667E+01  1.9995833333E+01  0.00000E+00  0.00000E+00
  1.9995833333E+01  2.0000000000E+01  0.00000E+00  0.00000E+00
  2.0000000000E+01  2.0000000000E+01  0.00000E+00  0.00000E+00