# Detector n: 1D Projection
  1.5000000000E+01  1.5004166667E+01  2.86729E-02  4.31512E-01
  1.5004166667E+01  1.5008333333E+01  2.87301E-02  3.95537E-01
  1.5008333333E+01  1.5012500000E+01  2.86477E-02  3.02404E-01
  1.5012500000E+01  1.5016666667E+01  2.87783E-02  4.38223E-01
  1.5016666667E+01  1.5020833333E+01  2.87874E-02  4.63754E-01
  1.5020833333E+01  1.5025000000E+01  2.89144E-02  5.81106E-01
  1.5025000000E+01  1.5029166667E+01  2.88259E-02  3.97998E-01
  1.5029166667E+01  1.5033333333E+01  2.88266E-02  4.36280E-01
  1.5033333333E+01  1.5037500000E+01  2.87806E-02  4.02574E-01
  1.5037500000E+01  1.5041666667E+01  2.89117E-02  4.01492E-01
  1.5041666667E+01  1.5045833333E+01  2.88624E-02  4.16836E-01
  1.5045833333E+01  1.5050000000E+01  2.90168E-02  4.48352E-01
  1.5050000000E+01  1.5054166667E+01  2.88815E-02  3.98714E-01
  1.5054166667E+01  1.5058333333E+01  2.87920E-02  4.43009E-01
  1.5058333333E+01  1.5062500000E+01  2.88958E-02  4.66287E-01
  1.5062500000E+01  1.5066666667E+01  2.87602E-02  3.51327E-01
  1.5066666667E+01  1.5070833333E+01  2.87264E-02  2.98130E-01
  1.5070833333E+01  1.5075000000E+01  2.88336E-02  4.22132E-01
  1.5075000000E+01  1.5079166667E+01  2.87700E-02  3.58843E-01
  1.5079166667E+01  1.5083333333E+01  2.89524E-02  3.70263E-01
  1.5083333333E+01  1.5087500000E+01  2.90710E-02  3.58617E-01
  1.5087500000E+01  1.5091666667E+01  2.90514E-02  3.02462E-01
  1.5091666667E+01  1.5095833333E+01  2.93875E-02  5.23601E-01
  1.5095833333E+01  1.5100000000E+01  2.93964E-02  5.25662E-01
  1.5100000000E+01  1.5104166667E+01  2.92974E-02  4.08751E-01
  1.5104166667E+01  1.5108333333E+01  2.91939E-02  3.59514E-01
  1.5108333333E+01  1.5112500000E+01  2.91846E-02  3.71150E-01
  1.5112500000E+01  1.5116666667E+01  2.92909E-02  4.00849E-01
  1.5116666667E+01  1.5120833333E+01  2.92202E-02  3.35001E-01
  1.5120833333E+01  1.5125000000E+01  2.91055E-02  3.66937E-01
  1.5125000000E+01  1.5129166667E+01  2.91317E-02  3.61670E-01
  1.5129166667E+01  1.5133333333E+01  2.91853E-02  4.10203E-01
  1.5133333333E+01  1.5137500000E+01  2.93220E-02  4.00310E-01
  1.5137500000E+01  1.5141666667E+01  2.92322E-02  3.46351E-01
  1.5141666667E+01  1.5145833333E+01  2.93601E-02  4.80821E-01
  1.5145833333E+01  1.5150000000E+01  2.92840E-02  4.20379E-01
  1.5150000000E+01  1.5154166667E+01  2.92779E-02  3.87390E-01
  1.5154166667E+01  1.5158333333E+01  2.92328E-02  4.11136E-01
  1.5158333333E+01  1.5162500000E+01  2.92974E-02  6.18217E-01
  1.5162500000E+01  1.5166666667E+01  2.91646E-02  3.53412E-01
  1.5166666667E+01  1.5170833333E+01  2.93386E-02  4.40100E-01
  1.5170833333E+01  1.5175000000E+01  2.92776E-02  3.96994E-01
  1.5175000000E+01  1.5179166667E+01  2.92544E-02  3.64269E-01
  1.5179166667E+01  1.5183333333E+01  2.93692E-02  4.18015E-01
  1.5183333333E+01  1.5187500000E+01  2.93222E-02  4.28034E-01
  1.5187500000E+01  1.5191666667E+01  2.93271E-02  4.64203E-01
  1.5191666667E+01  1.5195833333E+01  2.93024E-02  4.38832E-01
  1.5195833333E+01  1.5200000000E+01  2.93503E-02  4.78394E-01
  1.5200000000E+01  1.5204166667E+01  2.92807E-02  3.35441E-01
  1.5204166667E+01  1.5208333333E+01  2.93119E-02  3.78071E-01
  1.5208333333E+01  1.5212500000E+01  2.92959E-02  3.87906E-01
  1.5212500000E+01  1.5216666667E+01  2.92757E-02  3.83873E-01
  1.5216666667E+01  1.5220833333E+01  2.94409E-02  4.91409E-01
  1.5220833333E+01  1.5225000000E+01  2.93071E-02  4.12933E-01
  1.5225000000E+01  1.5229166667E+01  2.92812E-02  3.45925E-01
  1.5229166667E+01  1.5233333333E+01  2.93127E-02  4.64340E-01
  1.5233333333E+01  1.5237500000E+01  2.94632E-02  4.51610E-01
  1.5237500000E+01  1.5241666667E+01  2.92895E-02  3.00929E-01
  1.5241666667E+01  1.5245833333E+01  2.97581E-02  4.86319E-01
  1.5245833333E+01  1.5250000000E+01  2.96846E-02  3.10726E-01
  1.5250000000E+01  1.5254166667E+01  2.97933E-02  4.68368E-01
  1.5254166667E+01  1.5258333333E+01  2.98353E-02  5.22586E-01
  1.5258333333E+01  1.5262500000E+01  2.96753E-02  4.03912E-01
  1.5262500000E+01  1.5266666667E+01  2.95728E-02  3.30363E-01
  1.5266666667E+01  1.5270833333E+01  2.96584E-02  3.46296E-01
  1.5270833333E+01  1.5275000000E+01  2.97510E-02  3.89967E-01
  1.5275000000E+01  1.5279166667E+01  2.97170E-02  3.96618E-01
  1.5279166667E+01  1.5283333333E+01  2.96707E-02  3.49535E-01
  1.5283333333E+01  1.5287500000E+01  2.96427E-02  3.35221E-01
  1.5287500000E+01  1.5291666667E+01  2.96246E-02  3.12483E-01
  1.5291666667E+01  1.5295833333E+01  2.96467E-02  3.32250E-01
  1.5295833333E+01  1.5300000000E+01  2.96014E-02  3.69607E-01
  1.5300000000E+01  1.5304166667E+01  2.95491E-02  3.28187E-01
  1.5304166667E+01  1.5308333333E+01  2.96910E-02  3.61395E-01
  1.5308333333E+01  1.5312500000E+01  2.97475E-02  3.86983E-01
  1.5312500000E+01  1.5316666667E+01  2.96650E-02  3.81168E-01
  1.5316666667E+01  1.5320833333E+01  2.96255E-02  3.30967E-01
  1.5320833333E+01  1.5325000000E+01  2.96550E-02  3.59055E-01
  1.5325000000E+01  1.5329166667E+01  2.96875E-02  3.91452E-01
  1.5329166667E+01  1.5333333333E+01  2.97321E-02  4.35023E-01
  1.5333333333E+01  1.5337500000E+01  2.95763E-02  2.98894E-01
  1.5337500000E+01  1.5341666667E+01  2.96740E-02  3.91117E-01
  1.5341666667E+01  1.5345833333E+01  2.96254E-02  3.50703E-01
  1.5345833333E+01  1.5350000000E+01  2.97182E-02  4.29090E-01
  1.5350000000E+01  1.5354166667E+01  2.95516E-02  3.58397E-01
  1.5354166667E+01  1.5358333333E+01  2.97343E-02  3.69377E-01
  1.5358333333E+01  1.5362500000E+01  2.97284E-02  4.20623E-01
  1.5362500000E+01  1.5366666667E+01  2.96234E-02  3.28364E-01
  1.5366666667E+01  1.5370833333E+01  2.97485E-02  3.77980E-01
  1.5370833333E+01  1.5375000000E+01  2.97369E-02  4.62715E-01
  1.5375000000E+01  1.5379166667E+01  2.96991E-02  4.12547E-01
  1.5379166667E+01  1.5383333333E+01  2.97299E-02  4.54213E-01
  1.5383333333E+01  1.5387500000E+01  2.97056E-02  3.99928E-01
  1.5387500000E+01  1.5391666667E+01  2.96908E-02  3.52790E-01
  1.5391666667E+01  1.5395833333E+01  2.98270E-02  4.15317E-01
  1.5395833333E+01  1.5400000000E+01  2.98218E-02  4.46794E-01
  1.5400000000E+01  1.5404166667E+01  2.96291E-02  3.78394E-01
  1.5404166667E+01  1.5408333333E+01  2.99073E-02  4.67316E-01
  1.5408333333E+01  1.5412500000E+01  2.97701E-02  4.28426E-01
  1.5412500000E+01  1.5416666667E+01  2.96991E-02  3.33805E-01
  1.5416666667E+01  1.5420833333E+01  2.95433E-02  3.39785E-01
  1.5420833333E+01  1.5425000000E+01  2.97551E-02  5.01121E-01
  1.5425000000E+01  1.5429166667E+01  2.97133E-02  4.25133E-01
  1.5429166667E+01  1.5433333333E+01  2.96271E-02  3.66676E-01
  1.5433333333E+01  1.5437500000E+01  2.96473E-02  3.30651E-01
  1.5437500000E+01  1.5441666667E+01  2.95311E-02  2.83202E-01
  1.5441666667E+01  1.5445833333E+01  2.97679E-02  4.05303E-01
  1.5445833333E+01  1.5450000000E+01  2.97329E-02  3.73563E-01
  1.5450000000E+01  1.5454166667E+01  2.97743E-02  4.44776E-01
  1.5454166667E+01  1.5458333333E+01  2.97778E-02  4.81303E-01
  1.5458333333E+01  1.5462500000E+01  2.96576E-02  3.98679E-01
  1.5462500000E+01  1.5466666667E+01  2.96007E-02  3.07768E-01
  1.5466666667E+01  1.5470833333E+01  2.99034E-02  5.74778E-01
  1.5470833333E+01  1.5475000000E+01  2.98586E-02  4.38592E-01
  1.5475000000E+01  1.5479166667E+01  2.96796E-02  3.52100E-01
  1.5479166667E+01  1.5483333333E+01  2.96822E-02  3.20195E-01
  1.5483333333E+01  1.5487500000E+01  2.96772E-02  3.56340E-01
  1.5487500000E+01  1.5491666667E+01  2.97724E-02  3.77959E-01
  1.5491666667E+01  1.5495833333E+01  2.96069E-02  3.71591E-01
  1.5495833333E+01  1.5500000000E+01  2.97233E-02  4.45248E-01
  1.5500000000E+01  1.5504166667E+01  2.98232E-02  3.78222E-01
  1.5504166667E+01  1.5508333333E+01  2.96686E-02  3.82754E-01
  1.5508333333E+01  1.5512500000E+01  2.97510E-02  3.80106E-01
  1.5512500000E+01  1.5516666667E+01  2.99847E-02  5.59748E-01
  1.5516666667E+01  1.5520833333E+01  2.98734E-02  4.05268E-01
  1.5520833333E+01  1.5525000000E+01  2.98426E-02  3.84881E-01
  1.5525000000E+01  1.5529166667E+01  2.98147E-02  3.72041E-01
  1.5529166667E+01  1.5533333333E+01  2.96895E-02  2.84528E-01
  1.5533333333E+01  1.5537500000E+01  2.98014E-02  3.88189E-01
  1.5537500000E+01  1.5541666667E+01  2.99272E-02  4.37481E-01
  1.5541666667E+01  1.5545833333E+01  2.98558E-02  3.80625E-01
  1.5545833333E+01  1.5550000000E+01  3.01057E-02  4.32538E-01
  1.5550000000E+01  1.5554166667E+01  2.99871E-02  3.20307E-01
  1.5554166667E+01  1.5558333333E+01  3.01913E-02  4.28822E-01
  1.5558333333E+01  1.5562500000E+01  3.01567E-02  3.96261E-01
  1.5562500000E+01  1.5566666667E+01  3.02149E-02  4.54278E-01
  1.5566666667E+01  1.5570833333E+01  2.99642E-02  3.15384E-01
  1.5570833333E+01  1.5575000000E+01  3.00732E-02  3.45596E-01
  1.5575000000E+01  1.5579166667E+01  3.00471E-02  3.08105E-01
  1.5579166667E+01  1.5583333333E+01  3.01386E-02  4.62637E-01
  1.5583333333E+01  1.5587500000E+01  3.03756E-02  4.80845E-01
  1.5587500000E+01  1.5591666667E+01  3.00677E-02  3.25979E-01
  1.5591666667E+01  1.5595833333E+01  3.00603E-02  3.62711E-01
  1.5595833333E+01  1.5600000000E+01  3.00680E-02  2.81765E-01
  1.5600000000E+01  1.5604166667E+01  3.00764E-02  4.06439E-01
  1.5604166667E+01  1.5608333333E+01  3.02299E-02  3.99978E-01
  1.5608333333E+01  1.5612500000E+01  3.00614E-02  3.05358E-01
  1.5612500000E+01  1.5616666667E+01  3.04286E-02  4.48951E-01
  1.5616666667E+01  1.5620833333E+01  3.03130E-02  4.71402E-01
  1.5620833333E+01  1.5625000000E+01  3.02295E-02  4.07577E-01
  1.5625000000E+01  1.5629166667E+01  3.01160E-02  4.08798E-01
  1.5629166667E+01  1.5633333333E+01  3.01899E-02  3.59040E-01
  1.5633333333E+01  1.5637500000E+01  3.02424E-02  5.56564E-01
  1.5637500000E+01  1.5641666667E+01  3.02165E-02  4.29086E-01
  1.5641666667E+01  1.5645833333E+01  3.04091E-02  4.78713E-01
  1.5645833333E+01  1.5650000000E+01  3.01313E-02  3.65786E-01
  1.5650000000E+01  1.5654166667E+01  3.00451E-02  3.45248E-01
  1.5654166667E+01  1.5658333333E+01  3.02010E-02  3.84554E-01
  1.5658333333E+01  1.5662500000E+01  3.02134E-02  3.12801E-01
  1.5662500000E+01  1.5666666667E+01  3.04154E-02  4.29736E-01
  1.5666666667E+01  1.5670833333E+01  3.03182E-02  5.45914E-01
  1.5670833333E+01  1.5675000000E+01  3.00342E-02  2.54831E-01
  1.5675000000E+01  1.5679166667E+01  3.02019E-02  4.67469E-01
  1.5679166667E+01  1.5683333333E+01  3.02638E-02  3.87399E-01
  1.5683333333E+01  1.5687500000E+01  3.03784E-02  4.02868E-01
  1.5687500000E+01  1.5691666667E+01  3.01241E-02  3.37784E-01
  1.5691666667E+01  1.5695833333E+01  3.02859E-02  3.93595E-01
  1.5695833333E+01  1.5700000000E+01  3.03224E-02  3.62987E-01
  1.5700000000E+01  1.5704166667E+01  3.02940E-02  3.29063E-01
  1.5704166667E+01  1.5708333333E+01  3.04015E-02  3.94489E-01
  1.5708333333E+01  1.5712500000E+01  3.02422E-02  3.22195E-01
  1.5712500000E+01  1.5716666667E+01  3.02148E-02  4.06164E-01
  1.5716666667E+01  1.5720833333E+01  3.02685E-02  3.50308E-01
  1.5720833333E+01  1.5725000000E+01  3.04178E-02  4.30256E-01
  1.5725000000E+01  1.5729166667E+01  3.05061E-02  4.54752E-01
  1.5729166667E+01  1.5733333333E+01  3.04491E-02  4.30357E-01
  1.5733333333E+01  1.5737500000E+01  3.04662E-02  3.76519E-01
  1.5737500000E+01  1.5741666667E+01  3.01612E-02  2.61561E-01
  1.5741666667E+01  1.5745833333E+01  3.05148E-02  4.13863E-01
  1.5745833333E+01  1.5750000000E+01  3.04800E-02  4.82265E-01
  1.5750000000E+01  1.5754166667E+01  3.04754E-02  4.12228E-01
  1.5754166667E+01  1.5758333333E+01  3.04534E-02  3.71867E-01
  1.5758333333E+01  1.5762500000E+01  3.04275E-02  4.70667E-01
  1.5762500000E+01  1.5766666667E+01  3.03418E-02  3.21390E-01
  1.5766666667E+01  1.5770833333E+01  3.03760E-02  3.19783E-01
  1.5770833333E+01  1.5775000000E+01  3.03735E-02  3.61857E-01
  1.5775000000E+01  1.5779166667E+01  3.03125E-02  3.69375E-01
  1.5779166667E+01  1.5783333333E+01  3.05437E-02  5.32684E-01
  1.5783333333E+01  1.5787500000E+01  3.03626E-02  3.89715E-01
  1.5787500000E+01  1.5791666667E+01  3.04561E-02  3.36038E-01
  1.5791666667E+01  1.5795833333E+01  3.03031E-02  3.21256E-01
  1.5795833333E+01  1.5800000000E+01  3.04404E-02  4.48741E-01
  1.5800000000E+01  1.5804166667E+01  3.05862E-02  4.95881E-01
  1.5804166667E+01  1.5808333333E+01  3.05454E-02  4.26058E-01
  1.5808333333E+01  1.5812500000E+01  3.03536E-02  4.16655E-01
  1.5812500000E+01  1.5816666667E+01  3.03349E-02  3.24141E-01
  1.5816666667E+01  1.5820833333E+01  3.04920E-02  5.11284E-01
  1.5820833333E+01  1.5825000000E+01  3.05732E-02  4.19754E-01
  1.5825000000E+01  1.5829166667E+01  3.05521E-02  3.96976E-01
  1.5829166667E+01  1.5833333333E+01  3.05931E-02  3.89709E-01
  1.5833333333E+01  1.5837500000E+01  3.05176E-02  3.53202E-01
  1.5837500000E+01  1.5841666667E+01  3.04853E-02  3.71973E-01
  1.5841666667E+01  1.5845833333E+01  3.05511E-02  5.04410E-01
  1.5845833333E+01  1.5850000000E+01  3.03756E-02  3.93655E-01
  1.5850000000E+01  1.5854166667E+01  3.03738E-02  2.95267E-01
  1.5854166667E+01  1.5858333333E+01  3.04200E-02  3.43973E-01
  1.5858333333E+01  1.5862500000E+01  3.03198E-02  2.87200E-01
  1.5862500000E+01  1.5866666667E+01  3.04997E-02  3.85575E-01
  1.5866666667E+01  1.5870833333E+01  3.05650E-02  4.38653E-01
  1.5870833333E+01  1.5875000000E+01  3.05470E-02  3.94916E-01
  1.5875000000E+01  1.5879166667E+01  3.07299E-02  4.48769E-01
  1.5879166667E+01  1.5883333333E+01  3.06218E-02  4.68274E-01
  1.5883333333E+01  1.5887500000E+01  3.06214E-02  4.01470E-01
  1.5887500000E+01  1.5891666667E+01  3.07237E-02  5.14490E-01
  1.5891666667E+01  1.5895833333E+01  3.06314E-02  4.23492E-01
  1.5895833333E+01  1.5900000000E+01  3.06954E-02  4.39711E-01
  1.5900000000E+01  1.5904166667E+01  3.05821E-02  3.01190E-01
  1.5904166667E+01  1.5908333333E+01  3.05937E-02  4.06592E-01
  1.5908333333E+01  1.5912500000E+01  3.05318E-02  3.57742E-01
  1.5912500000E+01  1.5916666667E+01  3.05562E-02  4.28921E-01
  1.5916666667E+01  1.5920833333E+01  3.06516E-02  3.51055E-01
  1.5920833333E+01  1.5925000000E+01  3.07933E-02  4.53462E-01
  1.5925000000E+01  1.5929166667E+01  3.07447E-02  3.84556E-01
  1.5929166667E+01  1.5933333333E+01  3.09988E-02  5.68612E-01
  1.5933333333E+01  1.5937500000E+01  3.07904E-02  4.72795E-01
  1.5937500000E+01  1.5941666667E+01  3.06988E-02  3.58766E-01
  1.5941666667E+01  1.5945833333E+01  3.07276E-02  3.89411E-01
  1.5945833333E+01  1.5950000000E+01  3.06530E-02  3.99036E-01
  1.5950000000E+01  1.5954166667E+01  3.06775E-02  4.05825E-01
  1.5954166667E+01  1.5958333333E+01  3.06307E-02  3.66345E-01
  1.5958333333E+01  1.5962500000E+01  3.07396E-02  3.76554E-01
  1.5962500000E+01  1.5966666667E+01  3.07189E-02  3.56878E-01
  1.5966666667E+01  1.5970833333E+01  3.07474E-02  3.99764E-01
  1.5970833333E+01  1.5975000000E+01  3.08948E-02  4.50610E-01
  1.5975000000E+01  1.5979166667E+01  3.07482E-02  2.60370E-01
  1.5979166667E+01  1.5983333333E+01  3.07487E-02  3.29551E-01
  1.5983333333E+01  1.5987500000E+01  3.06491E-02  2.78862E-01
  1.5987500000E+01  1.5991666667E+01  3.07343E-02  3.12068E-01
  1.5991666667E+01  1.5995833333E+01  3.06629E-02  2.64901E-01
  1.5995833333E+01  1.6000000000E+01  3.07438E-02  3.26319E-01
  1.6000000000E+01  1.6004166667E+01  3.09180E-02  4.73782E-01
  1.6004166667E+01  1.6008333333E+01  3.06953E-02  3.62835E-01
  1.6008333333E+01  1.6012500000E+01  3.06557E-02  3.60253E-01
  1.6012500000E+01  1.6016666667E+01  3.08384E-02  4.04433E-01
  1.6016666667E+01  1.6020833333E+01  3.09198E-02  4.07219E-01
  1.6020833333E+01  1.6025000000E+01  3.06372E-02  3.10059E-01
  1.6025000000E+01  1.6029166667E+01  3.07076E-02  3.81497E-01
  1.6029166667E+01  1.6033333333E+01  3.06617E-02  2.57192E-01
  1.6033333333E+01  1.6037500000E+01  3.10841E-02  4.64246E-01
  1.6037500000E+01  1.6041666667E+01  3.10469E-02  3.94152E-01
  1.6041666667E+01  1.6045833333E+01  3.10407E-02  4.29549E-01
  1.6045833333E+01  1.6050000000E+01  3.09842E-02  4.40358E-01
  1.6050000000E+01  1.6054166667E+01  3.08639E-02  3.78877E-01
  1.6054166667E+01  1.6058333333E+01  3.07626E-02  2.98503E-01
  1.6058333333E+01  1.6062500000E+01  3.07993E-02  2.64853E-01
  1.6062500000E+01  1.6066666667E+01  3.09377E-02  3.69002E-01
  1.6066666667E+01  1.6070833333E+01  3.07673E-02  3.32706E-01
  1.6070833333E+01  1.6075000000E+01  3.08713E-02  3.54779E-01
  1.6075000000E+01  1.6079166667E+01  3.09199E-02  3.63770E-01
  1.6079166667E+01  1.6083333333E+01  3.07979E-02  2.72105E-01
  1.6083333333E+01  1.6087500000E+01  3.09614E-02  3.66443E-01
  1.6087500000E+01  1.6091666667E+01  3.08793E-02  3.45401E-01
  1.6091666667E+01  1.6095833333E+01  3.09998E-02  4.59046E-01
  1.6095833333E+01  1.6100000000E+01  3.08911E-02  3.20425E-01
  1.6100000000E+01  1.6104166667E+01  3.09158E-02  2.98660E-01
  1.6104166667E+01  1.6108333333E+01  3.08497E-02  2.91947E-01
  1.6108333333E+01  1.6112500000E+01  3.09749E-02  2.65425E-01
  1.6112500000E+01  1.6116666667E+01  3.09699E-02  2.93532E-01
  1.6116666667E+01  1.6120833333E+01  3.10070E-02  3.32558E-01
  1.6120833333E+01  1.6125000000E+01  3.11515E-02  3.96568E-01
  1.6125000000E+01  1.6129166667E+01  3.11924E-02  3.95266E-01
  1.6129166667E+01  1.6133333333E+01  3.12862E-02  3.90212E-01
  1.6133333333E+01  1.6137500000E+01  3.12692E-02  4.02039E-01
  1.6137500000E+01  1.6141666667E+01  3.11369E-02  3.85641E-01
  1.6141666667E+01  1.6145833333E+01  3.09808E-02  2.80399E-01
  1.6145833333E+01  1.6150000000E+01  3.11059E-02  3.26203E-01
  1.6150000000E+01  1.6154166667E+01  3.11473E-02  3.22032E-01
  1.6154166667E+01  1.6158333333E+01  3.11766E-02  3.55968E-01
  1.6158333333E+01  1.6162500000E+01  3.09950E-02  2.49699E-01
  1.6162500000E+01  1.6166666667E+01  3.12471E-02  4.71104E-01
  1.6166666667E+01  1.6170833333E+01  3.12424E-02  4.03229E-01
  1.6170833333E+01  1.6175000000E+01  3.11773E-02  2.83490E-01
  1.6175000000E+01  1.6179166667E+01  3.13899E-02  4.62521E-01
  1.6179166667E+01  1.6183333333E+01  3.13765E-02  4.01609E-01
  1.6183333333E+01  1.6187500000E+01  3.13681E-02  3.62692E-01
  1.6187500000E+01  1.6191666667E+01  3.14686E-02  3.73761E-01
  1.6191666667E+01  1.6195833333E+01  3.14642E-02  3.91299E-01
  1.6195833333E+01  1.6200000000E+01  3.13395E-02  4.26097E-01
  1.6200000000E+01  1.6204166667E+01  3.13686E-02  3.43676E-01
  1.6204166667E+01  1.6208333333E+01  3.13539E-02  3.89726E-01
  1.6208333333E+01  1.6212500000E+01  3.12152E-02  2.93470E-01
  1.6212500000E+01  1.6216666667E+01  3.13702E-02  3.76176E-01
  1.6216666667E+01  1.6220833333E+01  3.13214E-02  3.48901E-01
  1.6220833333E+01  1.6225000000E+01  3.15791E-02  4.39127E-01
  1.6225000000E+01  1.6229166667E+01  3.12626E-02  3.24195E-01
  1.6229166667E+01  1.6233333333E+01  3.13048E-02  3.28806E-01
  1.6233333333E+01  1.6237500000E+01  3.13414E-02  3.21150E-01
  1.6237500000E+01  1.6241666667E+01  3.14947E-02  3.89155E-01
  1.6241666667E+01  1.6245833333E+01  3.15927E-02  4.16632E-01
  1.6245833333E+01  1.6250000000E+01  3.14844E-02  4.26065E-01
  1.6250000000E+01  1.6254166667E+01  3.13352E-02  3.41191E-01
  1.6254166667E+01  1.6258333333E+01  3.14599E-02  3.91133E-01
  1.6258333333E+01  1.6262500000E+01  3.15886E-02  4.19024E-01
  1.6262500000E+01  1.6266666667E+01  3.14936E-02  3.34771E-01
  1.6266666667E+01  1.6270833333E+01  3.13831E-02  2.90559E-01
  1.6270833333E+01  1.6275000000E+01  3.12566E-02  2.74871E-01
  1.6275000000E+01  1.6279166667E+01  3.15077E-02  3.76670E-01
  1.6279166667E+01  1.6283333333E+01  3.15136E-02  3.44739E-01
  1.6283333333E+01  1.6287500000E+01  3.14616E-02  3.61870E-01
  1.6287500000E+01  1.6291666667E+01  3.15965E-02  3.72054E-01
  1.6291666667E+01  1.6295833333E+01  3.15034E-02  3.85802E-01
  1.6295833333E+01  1.6300000000E+01  3.15912E-02  3.75508E-01
  1.6300000000E+01  1.6304166667E+01  3.15809E-02  4.12585E-01
  1.6304166667E+01  1.6308333333E+01  3.13382E-02  3.04818E-01
  1.6308333333E+01  1.6312500000E+01  3.13011E-02  2.70272E-01
  1.6312500000E+01  1.6316666667E+01  3.14366E-02  3.90577E-01
  1.6316666667E+01  1.6320833333E+01  3.14679E-02  2.92538E-01
  1.6320833333E+01  1.6325000000E+01  3.15809E-02  3.47486E-01
  1.6325000000E+01  1.6329166667E+01  3.15176E-02  3.94478E-01
  1.6329166667E+01  1.6333333333E+01  3.16304E-02  3.70122E-01
  1.6333333333E+01  1.6337500000E+01  3.15204E-02  3.49205E-01
  1.6337500000E+01  1.6341666667E+01  3.16512E-02  4.57517E-01
  1.6341666667E+01  1.6345833333E+01  3.17916E-02  4.89015E-01
  1.6345833333E+01  1.6350000000E+01  3.16281E-02  3.61614E-01
  1.6350000000E+01  1.6354166667E+01  3.15457E-02  3.46300E-01
  1.6354166667E+01  1.6358333333E+01  3.16736E-02  4.29011E-01
  1.6358333333E+01  1.6362500000E+01  3.15342E-02  3.34804E-01
  1.6362500000E+01  1.6366666667E+01  3.16737E-02  2.92209E-01
  1.6366666667E+01  1.6370833333E+01  3.16802E-02  4.60942E-01
  1.6370833333E+01  1.6375000000E+01  3.16186E-02  3.27947E-01
  1.6375000000E+01  1.6379166667E+01  3.15467E-02  3.33194E-01
  1.6379166667E+01  1.6383333333E+01  3.17651E-02  3.80559E-01
  1.6383333333E+01  1.6387500000E+01  3.17540E-02  4.57390E-01
  1.6387500000E+01  1.6391666667E+01  3.19237E-02  4.50773E-01
  1.6391666667E+01  1.6395833333E+01  3.17356E-02  3.93074E-01
  1.6395833333E+01  1.6400000000E+01  3.17112E-02  3.35557E-01
  1.6400000000E+01  1.6404166667E+01  3.16421E-02  2.74920E-01
  1.6404166667E+01  1.6408333333E+01  3.18623E-02  3.93196E-01
  1.6408333333E+01  1.6412500000E+01  3.17963E-02  3.72383E-01
  1.6412500000E+01  1.6416666667E+01  3.17592E-02  3.31707E-01
  1.6416666667E+01  1.6420833333E+01  3.20169E-02  4.18209E-01
  1.6420833333E+01  1.6425000000E+01  3.18761E-02  3.69104E-01
  1.6425000000E+01  1.6429166667E+01  3.17679E-02  3.74449E-01
  1.6429166667E+01  1.6433333333E+01  3.17158E-02  3.17200E-01
  1.6433333333E+01  1.6437500000E+01  3.16308E-02  2.74752E-01
  1.6437500000E+01  1.6441666667E+01  3.19207E-02  3.65117E-01
  1.6441666667E+01  1.6445833333E+01  3.18094E-02  3.27699E-01
  1.6445833333E+01  1.6450000000E+01  3.19161E-02  3.68601E-01
  1.6450000000E+01  1.6454166667E+01  3.18553E-02  3.14035E-01
  1.6454166667E+01  1.6458333333E+01  3.19904E-02  3.74241E-01
  1.6458333333E+01  1.6462500000E+01  3.18301E-02  2.98114E-01
  1.6462500000E+01  1.6466666667E+01  3.19300E-02  3.87834E-01
  1.6466666667E+01  1.6470833333E+01  3.19025E-02  3.58700E-01
  1.6470833333E+01  1.6475000000E+01  3.18814E-02  3.10513E-01
  1.6475000000E+01  1.6479166667E+01  3.20778E-02  3.45374E-01
  1.6479166667E+01  1.6483333333E+01  3.19442E-02  2.74105E-01
  1.6483333333E+01  1.6487500000E+01  3.19034E-02  3.95041E-01
  1.6487500000E+01  1.6491666667E+01  3.18737E-02  3.35640E-01
  1.6491666667E+01  1.6495833333E+01  3.19665E-02  3.46422E-01
  1.6495833333E+01  1.6500000000E+01  3.19731E-02  3.55198E-01
  1.6500000000E+01  1.6504166667E+01  3.19459E-02  3.40759E-01
  1.6504166667E+01  1.6508333333E+01  3.20439E-02  3.46969E-01
  1.6508333333E+01  1.6512500000E+01  3.20533E-02  3.69293E-01
  1.6512500000E+01  1.6516666667E+01  3.21173E-02  4.02313E-01
  1.6516666667E+01  1.6520833333E+01  3.20993E-02  3.31025E-01
  1.6520833333E+01  1.6525000000E+01  3.22242E-02  3.35958E-01
  1.6525000000E+01  1.6529166667E+01  3.22922E-02  3.84387E-01
  1.6529166667E+01  1.6533333333E+01  3.20470E-02  2.90379E-01
  1.6533333333E+01  1.6537500000E+01  3.19351E-02  2.49437E-01
  1.6537500000E+01  1.6541666667E+01  3.22771E-02  3.97928E-01
  1.6541666667E+01  1.6545833333E+01  3.20625E-02  2.98497E-01
  1.6545833333E+01  1.6550000000E+01  3.21561E-02  3.27322E-01
  1.6550000000E+01  1.6554166667E+01  3.21767E-02  3.86026E-01
  1.6554166667E+01  1.6558333333E+01  3.21026E-02  3.75399E-01
  1.6558333333E+01  1.6562500000E+01  3.20909E-02  2.58979E-01
  1.6562500000E+01  1.6566666667E+01  3.21815E-02  3.10518E-01
  1.6566666667E+01  1.6570833333E+01  3.21558E-02  3.36143E-01
  1.6570833333E+01  1.6575000000E+01  3.22122E-02  3.69391E-01
  1.6575000000E+01  1.6579166667E+01  3.21870E-02  3.60869E-01
  1.6579166667E+01  1.6583333333E+01  3.21696E-02  3.59473E-01
  1.6583333333E+01  1.6587500000E+01  3.21479E-02  3.09725E-01
  1.6587500000E+01  1.6591666667E+01  3.21422E-02  3.17035E-01
  1.6591666667E+01  1.6595833333E+01  3.22824E-02  3.84287E-01
  1.6595833333E+01  1.6600000000E+01  3.23426E-02  2.99682E-01
  1.6600000000E+01  1.6604166667E+01  3.22524E-02  2.83433E-01
  1.6604166667E+01  1.6608333333E+01  3.25309E-02  3.77049E-01
  1.6608333333E+01  1.6612500000E+01  3.24806E-02  3.54762E-01
  1.6612500000E+01  1.6616666667E+01  3.23385E-02  3.58031E-01
  1.6616666667E+01  1.6620833333E+01  3.24431E-02  3.94977E-01
  1.6620833333E+01  1.6625000000E+01  3.23491E-02  2.82829E-01
  1.6625000000E+01  1.6629166667E+01  3.23884E-02  3.25592E-01
  1.6629166667E+01  1.6633333333E+01  3.26048E-02  3.64866E-01
  1.6633333333E+01  1.6637500000E+01  3.25653E-02  3.48043E-01
  1.6637500000E+01  1.6641666667E+01  3.23842E-02  3.16857E-01
  1.6641666667E+01  1.6645833333E+01  3.26083E-02  3.22682E-01
  1.6645833333E+01  1.6650000000E+01  3.26651E-02  4.43854E-01
  1.6650000000E+01  1.6654166667E+01  3.24283E-02  3.40326E-01
  1.6654166667E+01  1.6658333333E+01  3.24774E-02  4.24238E-01
  1.6658333333E+01  1.6662500000E+01  3.24923E-02  3.69778E-01
  1.6662500000E+01  1.6666666667E+01  3.26608E-02  4.91188E-01
  1.6666666667E+01  1.6670833333E+01  3.26651E-02  4.26209E-01
  1.6670833333E+01  1.6675000000E+01  3.24222E-02  3.09935E-01
  1.6675000000E+01  1.6679166667E+01  3.25725E-02  3.43363E-01
  1.6679166667E+01  1.6683333333E+01  3.26142E-02  3.18431E-01
  1.6683333333E+01  1.6687500000E+01  3.26431E-02  4.50700E-01
  1.6687500000E+01  1.6691666667E+01  3.24687E-02  2.44689E-01
  1.6691666667E+01  1.6695833333E+01  3.24102E-02  3.01609E-01
  1.6695833333E+01  1.6700000000E+01  3.24585E-02  3.26907E-01
  1.6700000000E+01  1.6704166667E+01  3.25895E-02  3.11211E-01
  1.6704166667E+01  1.6708333333E+01  3.27121E-02  3.48416E-01
  1.6708333333E+01  1.6712500000E+01  3.27151E-02  3.41285E-01
  1.6712500000E+01  1.6716666667E+01  3.27615E-02  4.29073E-01
  1.6716666667E+01  1.6720833333E+01  3.28366E-02  3.92372E-01
  1.6720833333E+01  1.6725000000E+01  3.27622E-02  2.95912E-01
  1.6725000000E+01  1.6729166667E+01  3.27415E-02  3.50348E-01
  1.6729166667E+01  1.6733333333E+01  3.25792E-02  2.36184E-01
  1.6733333333E+01  1.6737500000E+01  3.27671E-02  3.13928E-01
  1.6737500000E+01  1.6741666667E+01  3.26405E-02  2.83178E-01
  1.6741666667E+01  1.6745833333E+01  3.27882E-02  3.28354E-01
  1.6745833333E+01  1.6750000000E+01  3.27068E-02  3.17738E-01
  1.6750000000E+01  1.6754166667E+01  3.29452E-02  4.44623E-01
  1.6754166667E+01  1.6758333333E+01  3.27526E-02  2.94144E-01
  1.6758333333E+01  1.6762500000E+01  3.28961E-02  3.35993E-01
  1.6762500000E+01  1.6766666667E+01  3.28380E-02  3.49600E-01
  1.6766666667E+01  1.6770833333E+01  3.29383E-02  3.18142E-01
  1.6770833333E+01  1.6775000000E+01  3.29962E-02  3.31033E-01
  1.6775000000E+01  1.6779166667E+01  3.29900E-02  3.77551E-01
  1.6779166667E+01  1.6783333333E+01  3.28913E-02  3.41484E-01
  1.6783333333E+01  1.6787500000E+01  3.28739E-02  3.32911E-01
  1.6787500000E+01  1.6791666667E+01  3.27661E-02  2.92845E-01
  1.6791666667E+01  1.6795833333E+01  3.29370E-02  3.81242E-01
  1.6795833333E+01  1.6800000000E+01  3.31252E-02  3.84299E-01
  1.6800000000E+01  1.6804166667E+01  3.32243E-02  4.75063E-01
  1.6804166667E+01  1.6808333333E+01  3.30462E-02  3.52995E-01
  1.6808333333E+01  1.6812500000E+01  3.31178E-02  3.58802E-01
  1.6812500000E+01  1.6816666667E+01  3.28942E-02  2.84102E-01
  1.6816666667E+01  1.6820833333E+01  3.28976E-02  3.33456E-01
  1.6820833333E+01  1.6825000000E+01  3.29015E-02  2.98617E-01
  1.6825000000E+01  1.6829166667E+01  3.29378E-02  2.75614E-01
  1.6829166667E+01  1.6833333333E+01  3.30238E-02  3.89727E-01
  1.6833333333E+01  1.6837500000E+01  3.30937E-02  3.56379E-01
  1.6837500000E+01  1.6841666667E+01  3.30791E-02  3.38067E-01
  1.6841666667E+01  1.6845833333E+01  3.30444E-02  3.87589E-01
  1.6845833333E+01  1.6850000000E+01  3.31280E-02  3.35068E-01
  1.6850000000E+01  1.6854166667E+01  3.30710E-02  3.45099E-01
  1.6854166667E+01  1.6858333333E+01  3.30982E-02  3.07778E-01
  1.6858333333E+01  1.6862500000E+01  3.32484E-02  3.30460E-01
  1.6862500000E+01  1.6866666667E+01  3.31545E-02  3.66447E-01
  1.6866666667E+01  1.6870833333E+01  3.32396E-02  3.87028E-01
  1.6870833333E+01  1.6875000000E+01  3.32992E-02  3.83277E-01
  1.6875000000E+01  1.6879166667E+01  3.31638E-02  3.54812E-01
  1.6879166667E+01  1.6883333333E+01  3.32191E-02  3.28538E-01
  1.6883333333E+01  1.6887500000E+01  3.33143E-02  4.62909E-01
  1.6887500000E+01  1.6891666667E+01  3.32030E-02  3.16626E-01
  1.6891666667E+01  1.6895833333E+01  3.32694E-02  3.83768E-01
  1.6895833333E+01  1.6900000000E+01  3.33439E-02  3.74779E-01
  1.6900000000E+01  1.6904166667E+01  3.32579E-02  3.21174E-01
  1.6904166667E+01  1.6908333333E+01  3.35402E-02  4.63489E-01
  1.6908333333E+01  1.6912500000E+01  3.34124E-02  3.62089E-01
  1.6912500000E+01  1.6916666667E+01  3.34361E-02  3.96040E-01
  1.6916666667E+01  1.6920833333E+01  3.35781E-02  3.96661E-01
  1.6920833333E+01  1.6925000000E+01  3.32976E-02  2.76224E-01
  1.6925000000E+01  1.6929166667E+01  3.35101E-02  4.06423E-01
  1.6929166667E+01  1.6933333333E+01  3.33367E-02  3.66828E-01
  1.6933333333E+01  1.6937500000E+01  3.34019E-02  3.54544E-01
  1.6937500000E+01  1.6941666667E+01  3.34068E-02  3.74747E-01
  1.6941666667E+01  1.6945833333E+01  3.34424E-02  3.59186E-01
  1.6945833333E+01  1.6950000000E+01  3.34251E-02  3.28343E-01
  1.6950000000E+01  1.6954166667E+01  3.33956E-02  2.95115E-01
  1.6954166667E+01  1.6958333333E+01  3.34873E-02  3.65291E-01
  1.6958333333E+01  1.6962500000E+01  3.34452E-02  3.15622E-01
  1.6962500000E+01  1.6966666667E+01  3.34585E-02  3.53970E-01
  1.6966666667E+01  1.6970833333E+01  3.35667E-02  4.43258E-01
  1.6970833333E+01  1.6975000000E+01  3.36467E-02  4.50443E-01
  1.6975000000E+01  1.6979166667E+01  3.37379E-02  3.98922E-01
  1.6979166667E+01  1.6983333333E+01  3.36857E-02  4.63416E-01
  1.6983333333E+01  1.6987500000E+01  3.36378E-02  3.60214E-01
  1.6987500000E+01  1.6991666667E+01  3.37270E-02  3.39027E-01
  1.6991666667E+01  1.6995833333E+01  3.35757E-02  3.27069E-01
  1.6995833333E+01  1.7000000000E+01  3.34405E-02  2.94565E-01
  1.7000000000E+01  1.7004166667E+01  3.36716E-02  4.20432E-01
  1.7004166667E+01  1.7008333333E+01  3.35589E-02  3.14828E-01
  1.7008333333E+01  1.7012500000E+01  3.36213E-02  3.80292E-01
  1.7012500000E+01  1.7016666667E+01  3.35895E-02  3.45112E-01
  1.7016666667E+01  1.7020833333E+01  3.37669E-02  3.99385E-01
  1.7020833333E+01  1.7025000000E+01  3.38315E-02  3.59410E-01
  1.7025000000E+01  1.7029166667E+01  3.36940E-02  2.97877E-01
  1.7029166667E+01  1.7033333333E+01  3.38299E-02  3.78318E-01
  1.7033333333E+01  1.7037500000E+01  3.38711E-02  3.35971E-01
  1.7037500000E+01  1.7041666667E+01  3.37472E-02  3.09989E-01
  1.7041666667E+01  1.7045833333E+01  3.36147E-02  2.84277E-01
  1.7045833333E+01  1.7050000000E+01  3.36754E-02  3.29121E-01
  1.7050000000E+01  1.7054166667E+01  3.37848E-02  3.33319E-01
  1.7054166667E+01  1.7058333333E+01  3.37111E-02  3.28683E-01
  1.7058333333E+01  1.7062500000E+01  3.38009E-02  3.09702E-01
  1.7062500000E+01  1.7066666667E+01  3.37790E-02  3.26415E-01
  1.7066666667E+01  1.7070833333E+01  3.36863E-02  2.44188E-01
  1.7070833333E+01  1.7075000000E+01  3.40786E-02  3.60871E-01
  1.7075000000E+01  1.7079166667E+01  3.40526E-02  4.21835E-01
  1.7079166667E+01  1.7083333333E+01  3.39865E-02  3.05883E-01
  1.7083333333E+01  1.7087500000E+01  3.41128E-02  3.66190E-01
  1.7087500000E+01  1.7091666667E+01  3.39879E-02  3.29057E-01
  1.7091666667E+01  1.7095833333E+01  3.40866E-02  3.69707E-01
  1.7095833333E+01  1.7100000000E+01  3.41427E-02  3.82986E-01
  1.7100000000E+01  1.7104166667E+01  3.39773E-02  2.48337E-01
  1.7104166667E+01  1.7108333333E+01  3.41296E-02  3.88807E-01
  1.7108333333E+01  1.7112500000E+01  3.40964E-02  3.53612E-01
  1.7112500000E+01  1.7116666667E+01  3.40585E-02  3.51261E-01
  1.7116666667E+01  1.7120833333E+01  3.39999E-02  3.00354E-01
  1.7120833333E+01  1.7125000000E+01  3.41823E-02  3.40989E-01
  1.7125000000E+01  1.7129166667E+01  3.42680E-02  4.43592E-01
  1.7129166667E+01  1.7133333333E+01  3.41515E-02  3.27911E-01
  1.7133333333E+01  1.7137500000E+01  3.42394E-02  3.30353E-01
  1.7137500000E+01  1.7141666667E+01  3.43089E-02  3.58231E-01
  1.7141666667E+01  1.7145833333E+01  3.42013E-02  3.12709E-01
  1.7145833333E+01  1.7150000000E+01  3.42821E-02  3.91822E-01
  1.7150000000E+01  1.7154166667E+01  3.42133E-02  3.01810E-01
  1.7154166667E+01  1.7158333333E+01  3.41587E-02  2.86855E-01
  1.7158333333E+01  1.7162500000E+01  3.42913E-02  2.95807E-01
  1.7162500000E+01  1.7166666667E+01  3.45220E-02  4.56594E-01
  1.7166666667E+01  1.7170833333E+01  3.42388E-02  2.81650E-01
  1.7170833333E+01  1.7175000000E+01  3.42321E-02  3.09970E-01
  1.7175000000E+01  1.7179166667E+01  3.44069E-02  4.17028E-01
  1.7179166667E+01  1.7183333333E+01  3.43627E-02  3.13510E-01
  1.7183333333E+01  1.7187500000E+01  3.43293E-02  3.37359E-01
  1.7187500000E+01  1.7191666667E+01  3.44989E-02  3.28506E-01
  1.7191666667E+01  1.7195833333E+01  3.45390E-02  3.40057E-01
  1.7195833333E+01  1.7200000000E+01  3.44794E-02  4.05311E-01
  1.7200000000E+01  1.7204166667E+01  3.44803E-02  3.70638E-01
  1.7204166667E+01  1.7208333333E+01  3.45151E-02  3.82446E-01
  1.7208333333E+01  1.7212500000E+01  3.43207E-02  2.52289E-01
  1.7212500000E+01  1.7216666667E+01  3.44272E-02  3.01166E-01
  1.7216666667E+01  1.7220833333E+01  3.44575E-02  3.33548E-01
  1.7220833333E+01  1.7225000000E+01  3.46277E-02  3.53563E-01
  1.7225000000E+01  1.7229166667E+01  3.45891E-02  3.22993E-01
  1.7229166667E+01  1.7233333333E+01  3.48612E-02  3.70048E-01
  1.7233333333E+01  1.7237500000E+01  3.46852E-02  3.49881E-01
  1.7237500000E+01  1.7241666667E+01  3.46824E-02  3.14912E-01
  1.7241666667E+01  1.7245833333E+01  3.46207E-02  2.86551E-01
  1.7245833333E+01  1.7250000000E+01  3.46315E-02  3.18263E-01
  1.7250000000E+01  1.7254166667E+01  3.47640E-02  3.53730E-01
  1.7254166667E+01  1.7258333333E+01  3.47753E-02  3.58339E-01
  1.7258333333E+01  1.7262500000E+01  3.46970E-02  3.33493E-01
  1.7262500000E+01  1.7266666667E+01  3.47799E-02  3.17965E-01
  1.7266666667E+01  1.7270833333E+01  3.48904E-02  3.35713E-01
  1.7270833333E+01  1.7275000000E+01  3.48147E-02  3.42374E-01
  1.7275000000E+01  1.7279166667E+01  3.49314E-02  3.31195E-01
  1.7279166667E+01  1.7283333333E+01  3.49117E-02  2.95022E-01
  1.7283333333E+01  1.7287500000E+01  3.49148E-02  3.37757E-01
  1.7287500000E+01  1.7291666667E+01  3.50378E-02  3.69715E-01
  1.7291666667E+01  1.7295833333E+01  3.50637E-02  3.69637E-01
  1.7295833333E+01  1.7300000000E+01  3.52461E-02  3.62819E-01
  1.7300000000E+01  1.7304166667E+01  3.52107E-02  3.39747E-01
  1.7304166667E+01  1.7308333333E+01  3.50921E-02  3.93053E-01
  1.7308333333E+01  1.7312500000E+01  3.51670E-02  4.09888E-01
  1.7312500000E+01  1.7316666667E+01  3.52147E-02  4.69288E-01
  1.7316666667E+01  1.7320833333E+01  3.51193E-02  3.76838E-01
  1.7320833333E+01  1.7325000000E+01  3.50870E-02  3.76150E-01
  1.7325000000E+01  1.7329166667E+01  3.52610E-02  3.41007E-01
  1.7329166667E+01  1.7333333333E+01  3.52894E-02  3.39443E-01
  1.7333333333E+01  1.7337500000E+01  3.50803E-02  2.97336E-01
  1.7337500000E+01  1.7341666667E+01  3.51280E-02  3.42980E-01
  1.7341666667E+01  1.7345833333E+01  3.52085E-02  3.38678E-01
  1.7345833333E+01  1.7350000000E+01  3.52453E-02  3.70142E-01
  1.7350000000E+01  1.7354166667E+01  3.50995E-02  2.72179E-01
  1.7354166667E+01  1.7358333333E+01  3.51225E-02  2.85001E-01
  1.7358333333E+01  1.7362500000E+01  3.52382E-02  3.22349E-01
  1.7362500000E+01  1.7366666667E+01  3.51546E-02  2.67946E-01
  1.7366666667E+01  1.7370833333E+01  3.52385E-02  3.14986E-01
  1.7370833333E+01  1.7375000000E+01  3.51488E-02  2.85553E-01
  1.7375000000E+01  1.7379166667E+01  3.53325E-02  3.60915E-01
  1.7379166667E+01  1.7383333333E+01  3.53377E-02  3.02585E-01
  1.7383333333E+01  1.7387500000E+01  3.53076E-02  3.21431E-01
  1.7387500000E+01  1.7391666667E+01  3.52690E-02  2.74766E-01
  1.7391666667E+01  1.7395833333E+01  3.54663E-02  3.11330E-01
  1.7395833333E+01  1.7400000000E+01  3.54190E-02  2.85178E-01
  1.7400000000E+01  1.7404166667E+01  3.57208E-02  3.69003E-01
  1.7404166667E+01  1.7408333333E+01  3.55528E-02  3.65102E-01
  1.7408333333E+01  1.7412500000E+01  3.54255E-02  3.16469E-01
  1.7412500000E+01  1.7416666667E+01  3.56103E-02  3.50723E-01
  1.7416666667E+01  1.7420833333E+01  3.55614E-02  2.95710E-01
  1.7420833333E+01  1.7425000000E+01  3.55893E-02  2.97320E-01
  1.7425000000E+01  1.7429166667E+01  3.57939E-02  3.90583E-01
  1.7429166667E+01  1.7433333333E+01  3.56428E-02  3.24154E-01
  1.7433333333E+01  1.7437500000E+01  3.54844E-02  2.49305E-01
  1.7437500000E+01  1.7441666667E+01  3.56621E-02  3.21373E-01
  1.7441666667E+01  1.7445833333E+01  3.55683E-02  3.45364E-01
  1.7445833333E+01  1.7450000000E+01  3.57560E-02  4.18039E-01
  1.7450000000E+01  1.7454166667E+01  3.56710E-02  3.19382E-01
  1.7454166667E+01  1.7458333333E+01  3.57629E-02  3.55956E-01
  1.7458333333E+01  1.7462500000E+01  3.57910E-02  3.42676E-01
  1.7462500000E+01  1.7466666667E+01  3.56920E-02  2.71944E-01
  1.7466666667E+01  1.7470833333E+01  3.59744E-02  4.31160E-01
  1.7470833333E+01  1.7475000000E+01  3.57945E-02  3.18078E-01
  1.7475000000E+01  1.7479166667E+01  3.59595E-02  3.15479E-01
  1.7479166667E+01  1.7483333333E+01  3.57925E-02  2.84730E-01
  1.7483333333E+01  1.7487500000E+01  3.58944E-02  2.82014E-01
  1.7487500000E+01  1.7491666667E+01  3.58862E-02  2.68703E-01
  1.7491666667E+01  1.7495833333E+01  3.60772E-02  3.41455E-01
  1.7495833333E+01  1.7500000000E+01  3.62055E-02  3.98720E-01
  1.7500000000E+01  1.7504166667E+01  3.60743E-02  3.02983E-01
  1.7504166667E+01  1.7508333333E+01  3.64622E-02  4.28057E-01
  1.7508333333E+01  1.7512500000E+01  3.62813E-02  3.51387E-01
  1.7512500000E+01  1.7516666667E+01  3.62940E-02  3.50600E-01
  1.7516666667E+01  1.7520833333E+01  3.62775E-02  3.91300E-01
  1.7520833333E+01  1.7525000000E+01  3.63119E-02  4.53118E-01
  1.7525000000E+01  1.7529166667E+01  3.63068E-02  2.72020E-01
  1.7529166667E+01  1.7533333333E+01  3.63230E-02  3.47500E-01
  1.7533333333E+01  1.7537500000E+01  3.63790E-02  3.30060E-01
  1.7537500000E+01  1.7541666667E+01  3.64040E-02  3.68636E-01
  1.7541666667E+01  1.7545833333E+01  3.64547E-02  3.20286E-01
  1.7545833333E+01  1.7550000000E+01  3.65014E-02  2.58233E-01
  1.7550000000E+01  1.7554166667E+01  3.65425E-02  3.17609E-01
  1.7554166667E+01  1.7558333333E+01  3.66180E-02  3.52232E-01
  1.7558333333E+01  1.7562500000E+01  3.66514E-02  3.64872E-01
  1.7562500000E+01  1.7566666667E+01  3.66501E-02  3.35601E-01
  1.7566666667E+01  1.7570833333E+01  3.65980E-02  3.22429E-01
  1.7570833333E+01  1.7575000000E+01  3.66661E-02  3.28898E-01
  1.7575000000E+01  1.7579166667E+01  3.66752E-02  3.09390E-01
  1.7579166667E+01  1.7583333333E+01  3.68714E-02  3.78858E-01
  1.7583333333E+01  1.7587500000E+01  3.68959E-02  3.55108E-01
  1.7587500000E+01  1.7591666667E+01  3.68969E-02  3.79173E-01
  1.7591666667E+01  1.7595833333E+01  3.68436E-02  3.34625E-01
  1.7595833333E+01  1.7600000000E+01  3.66983E-02  3.43058E-01
  1.7600000000E+01  1.7604166667E+01  3.67462E-02  3.42325E-01
  1.7604166667E+01  1.7608333333E+01  3.69276E-02  2.84022E-01
  1.7608333333E+01  1.7612500000E+01  3.69743E-02  3.53839E-01
  1.7612500000E+01  1.7616666667E+01  3.69707E-02  3.36649E-01
  1.7616666667E+01  1.7620833333E+01  3.69218E-02  3.12312E-01
  1.7620833333E+01  1.7625000000E+01  3.68774E-02  2.57913E-01
  1.7625000000E+01  1.7629166667E+01  3.69331E-02  3.11968E-01
  1.7629166667E+01  1.7633333333E+01  3.69704E-02  2.81108E-01
  1.7633333333E+01  1.7637500000E+01  3.71526E-02  4.08983E-01
  1.7637500000E+01  1.7641666667E+01  3.70590E-02  3.32444E-01
  1.7641666667E+01  1.7645833333E+01  3.70334E-02  2.93782E-01
  1.7645833333E+01  1.7650000000E+01  3.72413E-02  3.75713E-01
  1.7650000000E+01  1.7654166667E+01  3.73013E-02  3.66178E-01
  1.7654166667E+01  1.7658333333E+01  3.71208E-02  3.07803E-01
  1.7658333333E+01  1.7662500000E+01  3.72945E-02  3.39632E-01
  1.7662500000E+01  1.7666666667E+01  3.74116E-02  3.79931E-01
  1.7666666667E+01  1.7670833333E+01  3.73725E-02  3.47918E-01
  1.7670833333E+01  1.7675000000E+01  3.73704E-02  2.96348E-01
  1.7675000000E+01  1.7679166667E+01  3.73633E-02  2.83006E-01
  1.7679166667E+01  1.7683333333E+01  3.74931E-02  3.56076E-01
  1.7683333333E+01  1.7687500000E+01  3.75751E-02  3.27422E-01
  1.7687500000E+01  1.7691666667E+01  3.76803E-02  3.73489E-01
  1.7691666667E+01  1.7695833333E+01  3.75972E-02  3.12984E-01
  1.7695833333E+01  1.7700000000E+01  3.77018E-02  3.84546E-01
  1.7700000000E+01  1.7704166667E+01  3.77650E-02  3.02627E-01
  1.7704166667E+01  1.7708333333E+01  3.77963E-02  3.36880E-01
  1.7708333333E+01  1.7712500000E+01  3.76186E-02  2.89998E-01
  1.7712500000E+01  1.7716666667E+01  3.77553E-02  3.54400E-01
  1.7716666667E+01  1.7720833333E+01  3.76005E-02  2.71603E-01
  1.7720833333E+01  1.7725000000E+01  3.76084E-02  2.87019E-01
  1.7725000000E+01  1.7729166667E+01  3.78743E-02  3.27098E-01
  1.7729166667E+01  1.7733333333E+01  3.80536E-02  3.40244E-01
  1.7733333333E+01  1.7737500000E+01  3.79434E-02  3.41270E-01
  1.7737500000E+01  1.7741666667E+01  3.78378E-02  3.23239E-01
  1.7741666667E+01  1.7745833333E+01  3.78502E-02  3.23055E-01
  1.7745833333E+01  1.7750000000E+01  3.79069E-02  3.28216E-01
  1.7750000000E+01  1.7754166667E+01  3.79952E-02  3.26099E-01
  1.7754166667E+01  1.7758333333E+01  3.81618E-02  3.49614E-01
  1.7758333333E+01  1.7762500000E+01  3.81957E-02  3.71802E-01
  1.7762500000E+01  1.7766666667E+01  3.80460E-02  3.27785E-01
  1.7766666667E+01  1.7770833333E+01  3.80641E-02  2.79688E-01
  1.7770833333E+01  1.7775000000E+01  3.83271E-02  3.46847E-01
  1.7775000000E+01  1.7779166667E+01  3.81437E-02  2.76518E-01
  1.7779166667E+01  1.7783333333E+01  3.82532E-02  3.39145E-01
  1.7783333333E+01  1.7787500000E+01  3.83236E-02  3.77010E-01
  1.7787500000E+01  1.7791666667E+01  3.84562E-02  3.00048E-01
  1.7791666667E+01  1.7795833333E+01  3.84524E-02  3.09449E-01
  1.7795833333E+01  1.7800000000E+01  3.86280E-02  3.15140E-01
  1.7800000000E+01  1.7804166667E+01  3.84819E-02  3.20390E-01
  1.7804166667E+01  1.7808333333E+01  3.86289E-02  3.09384E-01
  1.7808333333E+01  1.7812500000E+01  3.85387E-02  3.10590E-01
  1.7812500000E+01  1.7816666667E+01  3.87607E-02  3.86665E-01
  1.7816666667E+01  1.7820833333E+01  3.86337E-02  3.67937E-01
  1.7820833333E+01  1.7825000000E+01  3.85969E-02  3.14690E-01
  1.7825000000E+01  1.7829166667E+01  3.87220E-02  3.30959E-01
  1.7829166667E+01  1.7833333333E+01  3.86173E-02  3.28119E-01
  1.7833333333E+01  1.7837500000E+01  3.86931E-02  3.21542E-01
  1.7837500000E+01  1.7841666667E+01  3.88692E-02  3.80351E-01
  1.7841666667E+01  1.7845833333E+01  3.87206E-02  2.98974E-01
  1.7845833333E+01  1.7850000000E+01  3.87812E-02  2.97529E-01
  1.7850000000E+01  1.7854166667E+01  3.88503E-02  2.77440E-01
  1.7854166667E+01  1.7858333333E+01  3.88772E-02  3.10590E-01
  1.7858333333E+01  1.7862500000E+01  3.89445E-02  2.91018E-01
  1.7862500000E+01  1.7866666667E+01  3.90581E-02  3.21711E-01
  1.7866666667E+01  1.7870833333E+01  3.91801E-02  3.66821E-01
  1.7870833333E+01  1.7875000000E+01  3.90434E-02  2.74810E-01
  1.7875000000E+01  1.7879166667E+01  3.89766E-02  2.58456E-01
  1.7879166667E+01  1.7883333333E+01  3.91641E-02  3.41230E-01
  1.7883333333E+01  1.7887500000E+01  3.94700E-02  3.95219E-01
  1.7887500000E+01  1.7891666667E+01  3.93679E-02  3.19682E-01
  1.7891666667E+01  1.7895833333E+01  3.92981E-02  3.52200E-01
  1.7895833333E+01  1.7900000000E+01  3.92314E-02  2.73610E-01
  1.7900000000E+01  1.7904166667E+01  3.94643E-02  3.58454E-01
  1.7904166667E+01  1.7908333333E+01  3.93126E-02  3.02888E-01
  1.7908333333E+01  1.7912500000E+01  3.93371E-02  2.79282E-01
  1.7912500000E+01  1.7916666667E+01  3.95074E-02  3.49418E-01
  1.7916666667E+01  1.7920833333E+01  3.96136E-02  3.49138E-01
  1.7920833333E+01  1.7925000000E+01  3.96513E-02  2.95322E-01
  1.7925000000E+01  1.7929166667E+01  3.97426E-02  3.24369E-01
  1.7929166667E+01  1.7933333333E+01  3.96321E-02  2.98481E-01
  1.7933333333E+01  1.7937500000E+01  3.96921E-02  3.06796E-01
  1.7937500000E+01  1.7941666667E+01  3.98571E-02  3.31400E-01
  1.7941666667E+01  1.7945833333E+01  3.99780E-02  3.37827E-01
  1.7945833333E+01  1.7950000000E+01  3.99074E-02  3.67793E-01
  1.7950000000E+01  1.7954166667E+01  4.00226E-02  3.76748E-01
  1.7954166667E+01  1.7958333333E+01  4.00641E-02  3.28037E-01
  1.7958333333E+01  1.7962500000E+01  4.00139E-02  2.78468E-01
  1.7962500000E+01  1.7966666667E+01  4.00769E-02  2.76719E-01
  1.7966666667E+01  1.7970833333E+01  4.00659E-02  2.85847E-01
  1.7970833333E+01  1.7975000000E+01  4.01445E-02  2.58213E-01
  1.7975000000E+01  1.7979166667E+01  4.02150E-02  3.02857E-01
  1.7979166667E+01  1.7983333333E+01  4.04969E-02  3.51890E-01
  1.7983333333E+01  1.7987500000E+01  4.03866E-02  2.66528E-01
  1.7987500000E+01  1.7991666667E+01  4.03824E-02  2.57957E-01
  1.7991666667E+01  1.7995833333E+01  4.04977E-02  2.75869E-01
  1.7995833333E+01  1.8000000000E+01  4.05853E-02  3.40212E-01
  1.8000000000E+01  1.8004166667E+01  4.05705E-02  2.35056E-01
  1.8004166667E+01  1.8008333333E+01  4.07036E-02  2.91568E-01
  1.8008333333E+01  1.8012500000E+01  4.07454E-02  3.05726E-01
  1.8012500000E+01  1.8016666667E+01  4.09347E-02  3.15758E-01
  1.8016666667E+01  1.8020833333E+01  4.08980E-02  2.87251E-01
  1.8020833333E+01  1.8025000000E+01  4.09560E-02  2.56649E-01
  1.8025000000E+01  1.8029166667E+01  4.09162E-02  2.63170E-01
  1.8029166667E+01  1.8033333333E+01  4.10094E-02  2.84118E-01
  1.8033333333E+01  1.8037500000E+01  4.11238E-02  3.25239E-01
  1.8037500000E+01  1.8041666667E+01  4.11243E-02  2.87278E-01
  1.8041666667E+01  1.8045833333E+01  4.12334E-02  3.35087E-01
  1.8045833333E+01  1.8050000000E+01  4.12418E-02  2.74942E-01
  1.8050000000E+01  1.8054166667E+01  4.11501E-02  2.56614E-01
  1.8054166667E+01  1.8058333333E+01  4.12203E-02  2.63265E-01
  1.8058333333E+01  1.8062500000E+01  4.14818E-02  3.13083E-01
  1.8062500000E+01  1.8066666667E+01  4.14914E-02  2.94071E-01
  1.8066666667E+01  1.8070833333E+01  4.13080E-02  2.18541E-01
  1.8070833333E+01  1.8075000000E+01  4.13959E-02  2.58990E-01
  1.8075000000E+01  1.8079166667E+01  4.16380E-02  3.14379E-01
  1.8079166667E+01  1.8083333333E+01  4.17398E-02  3.00857E-01
  1.8083333333E+01  1.8087500000E+01  4.16535E-02  2.56276E-01
  1.8087500000E+01  1.8091666667E+01  4.18117E-02  2.75216E-01
  1.8091666667E+01  1.8095833333E+01  4.19159E-02  2.85907E-01
  1.8095833333E+01  1.8100000000E+01  4.19459E-02  2.78864E-01
  1.8100000000E+01  1.8104166667E+01  4.19743E-02  2.38146E-01
  1.8104166667E+01  1.8108333333E+01  4.20915E-02  2.82941E-01
  1.8108333333E+01  1.8112500000E+01  4.23197E-02  3.16637E-01
  1.8112500000E+01  1.8116666667E+01  4.21646E-02  2.73235E-01
  1.8116666667E+01  1.8120833333E+01  4.22209E-02  2.71175E-01
  1.8120833333E+01  1.8125000000E+01  4.23606E-02  3.12824E-01
  1.8125000000E+01  1.8129166667E+01  4.23470E-02  2.09756E-01
  1.8129166667E+01  1.8133333333E+01  4.25160E-02  2.73620E-01
  1.8133333333E+01  1.8137500000E+01  4.24247E-02  2.30142E-01
  1.8137500000E+01  1.8141666667E+01  4.26138E-02  2.73330E-01
  1.8141666667E+01  1.8145833333E+01  4.26568E-02  2.57618E-01
  1.8145833333E+01  1.8150000000E+01  4.26868E-02  2.48166E-01
  1.8150000000E+01  1.8154166667E+01  4.28464E-02  2.47144E-01
  1.8154166667E+01  1.8158333333E+01  4.28432E-02  3.02660E-01
  1.8158333333E+01  1.8162500000E+01  4.29990E-02  2.67835E-01
  1.8162500000E+01  1.8166666667E+01  4.31810E-02  2.79811E-01
  1.8166666667E+01  1.8170833333E+01  4.32393E-02  2.60753E-01
  1.8170833333E+01  1.8175000000E+01  4.32524E-02  2.67491E-01
  1.8175000000E+01  1.8179166667E+01  4.35205E-02  3.20549E-01
  1.8179166667E+01  1.8183333333E+01  4.33203E-02  2.61793E-01
  1.8183333333E+01  1.8187500000E+01  4.34702E-02  2.78215E-01
  1.8187500000E+01  1.8191666667E+01  4.35119E-02  2.75492E-01
  1.8191666667E+01  1.8195833333E+01  4.36492E-02  2.54992E-01
  1.8195833333E+01  1.8200000000E+01  4.38121E-02  3.18089E-01
  1.8200000000E+01  1.8204166667E+01  4.39643E-02  3.02950E-01
  1.8204166667E+01  1.8208333333E+01  4.39676E-02  3.16968E-01
  1.8208333333E+01  1.8212500000E+01  4.37278E-02  2.63437E-01
  1.8212500000E+01  1.8216666667E+01  4.40075E-02  2.77802E-01
  1.8216666667E+01  1.8220833333E+01  4.41763E-02  2.90900E-01
  1.8220833333E+01  1.8225000000E+01  4.41061E-02  2.52073E-01
  1.8225000000E+01  1.8229166667E+01  4.41592E-02  2.98244E-01
  1.8229166667E+01  1.8233333333E+01  4.43350E-02  2.81276E-01
  1.8233333333E+01  1.8237500000E+01  4.43716E-02  2.34856E-01
  1.8237500000E+01  1.8241666667E+01  4.44906E-02  2.63892E-01
  1.8241666667E+01  1.8245833333E+01  4.45396E-02  2.68368E-01
  1.8245833333E+01  1.8250000000E+01  4.47495E-02  3.16212E-01
  1.8250000000E+01  1.8254166667E+01  4.48608E-02  3.11733E-01
  1.8254166667E+01  1.8258333333E+01  4.49391E-02  3.02785E-01
  1.8258333333E+01  1.8262500000E+01  4.50137E-02  2.76734E-01
  1.8262500000E+01  1.8266666667E+01  4.49552E-02  2.45002E-01
  1.8266666667E+01  1.8270833333E+01  4.50944E-02  3.17918E-01
  1.8270833333E+01  1.8275000000E+01  4.51419E-02  2.49992E-01
  1.8275000000E+01  1.8279166667E+01  4.53247E-02  2.93979E-01
  1.8279166667E+01  1.8283333333E+01  4.52653E-02  2.54628E-01
  1.8283333333E+01  1.8287500000E+01  4.53777E-02  2.74183E-01
  1.8287500000E+01  1.8291666667E+01  4.54731E-02  2.39545E-01
  1.8291666667E+01  1.8295833333E+01  4.56122E-02  2.39907E-01
  1.8295833333E+01  1.8300000000E+01  4.58519E-02  3.12536E-01
  1.8300000000E+01  1.8304166667E+01  4.58105E-02  2.62063E-01
  1.8304166667E+01  1.8308333333E+01  4.60184E-02  2.97704E-01
  1.8308333333E+01  1.8312500000E+01  4.62007E-02  3.24526E-01
  1.8312500000E+01  1.8316666667E+01  4.62969E-02  3.50223E-01
  1.8316666667E+01  1.8320833333E+01  4.63270E-02  2.78971E-01
  1.8320833333E+01  1.8325000000E+01  4.64010E-02  2.51574E-01
  1.8325000000E+01  1.8329166667E+01  4.64077E-02  2.43013E-01
  1.8329166667E+01  1.8333333333E+01  4.65480E-02  2.86818E-01
  1.8333333333E+01  1.8337500000E+01  4.66085E-02  3.06502E-01
  1.8337500000E+01  1.8341666667E+01  4.67001E-02  2.80533E-01
  1.8341666667E+01  1.8345833333E+01  4.69643E-02  2.81611E-01
  1.8345833333E+01  1.8350000000E+01  4.69541E-02  2.09021E-01
  1.8350000000E+01  1.8354166667E+01  4.72683E-02  2.76289E-01
  1.8354166667E+01  1.8358333333E+01  4.71626E-02  2.70556E-01
  1.8358333333E+01  1.8362500000E+01  4.74087E-02  3.11739E-01
  1.8362500000E+01  1.8366666667E+01  4.74196E-02  2.27021E-01
  1.8366666667E+01  1.8370833333E+01  4.74185E-02  2.18591E-01
  1.8370833333E+01  1.8375000000E+01  4.76295E-02  2.81159E-01
  1.8375000000E+01  1.8379166667E+01  4.80034E-02  2.75704E-01
  1.8379166667E+01  1.8383333333E+01  4.79418E-02  2.56933E-01
  1.8383333333E+01  1.8387500000E+01  4.81704E-02  2.81323E-01
  1.8387500000E+01  1.8391666667E+01  4.81092E-02  2.63207E-01
  1.8391666667E+01  1.8395833333E+01  4.82203E-02  2.27346E-01
  1.8395833333E+01  1.8400000000E+01  4.83618E-02  2.41282E-01
  1.8400000000E+01  1.8404166667E+01  4.86600E-02  2.81475E-01
  1.8404166667E+01  1.8408333333E+01  4.89105E-02  3.05314E-01
  1.8408333333E+01  1.8412500000E+01  4.89157E-02  2.57047E-01
  1.8412500000E+01  1.8416666667E+01  4.90324E-02  2.04516E-01
  1.8416666667E+01  1.8420833333E+01  4.92355E-02  2.48059E-01
  1.8420833333E+01  1.8425000000E+01  4.92445E-02  2.32309E-01
  1.8425000000E+01  1.8429166667E+01  4.94469E-02  2.85874E-01
  1.8429166667E+01  1.8433333333E+01  4.94719E-02  2.16328E-01
  1.8433333333E+01  1.8437500000E+01  4.96279E-02  2.17488E-01
  1.8437500000E+01  1.8441666667E+01  4.96820E-02  2.10961E-01
  1.8441666667E+01  1.8445833333E+01  4.99294E-02  2.59187E-01
  1.8445833333E+01  1.8450000000E+01  5.01528E-02  3.24638E-01
  1.8450000000E+01  1.8454166667E+01  5.01888E-02  2.22980E-01
  1.8454166667E+01  1.8458333333E+01  5.03592E-02  2.24577E-01
  1.8458333333E+01  1.8462500000E+01  5.06168E-02  2.69613E-01
  1.8462500000E+01  1.8466666667E+01  5.06202E-02  2.13922E-01
  1.8466666667E+01  1.8470833333E+01  5.07719E-02  2.15480E-01
  1.8470833333E+01  1.8475000000E+01  5.10236E-02  2.20306E-01
  1.8475000000E+01  1.8479166667E+01  5.12710E-02  2.65923E-01
  1.8479166667E+01  1.8483333333E+01  5.12974E-02  2.17587E-01
  1.8483333333E+01  1.8487500000E+01  5.16025E-02  2.17478E-01
  1.8487500000E+01  1.8491666667E+01  5.16743E-02  2.28454E-01
  1.8491666667E+01  1.8495833333E+01  5.19871E-02  2.69276E-01
  1.8495833333E+01  1.8500000000E+01  5.20810E-02  2.40382E-01
  1.8500000000E+01  1.8504166667E+01  5.22948E-02  2.43720E-01
  1.8504166667E+01  1.8508333333E+01  5.24782E-02  2.43617E-01
  1.8508333333E+01  1.8512500000E+01  5.28288E-02  2.43180E-01
  1.8512500000E+01  1.8516666667E+01  5.29994E-02  2.54540E-01
  1.8516666667E+01  1.8520833333E+01  5.29736E-02  2.15233E-01
  1.8520833333E+01  1.8525000000E+01  5.32727E-02  2.35277E-01
  1.8525000000E+01  1.8529166667E+01  5.33730E-02  2.21447E-01
  1.8529166667E+01  1.8533333333E+01  5.36337E-02  2.70838E-01
  1.8533333333E+01  1.8537500000E+01  5.39333E-02  2.46806E-01
  1.8537500000E+01  1.8541666667E+01  5.41414E-02  2.70682E-01
  1.8541666667E+01  1.8545833333E+01  5.44866E-02  2.56083E-01
  1.8545833333E+01  1.8550000000E+01  5.45914E-02  2.36830E-01
  1.8550000000E+01  1.8554166667E+01  5.45809E-02  2.04482E-01
  1.8554166667E+01  1.8558333333E+01  5.50240E-02  2.64221E-01
  1.8558333333E+01  1.8562500000E+01  5.51837E-02  2.36022E-01
  1.8562500000E+01  1.8566666667E+01  5.54340E-02  2.37436E-01
  1.8566666667E+01  1.8570833333E+01  5.57649E-02  2.92354E-01
  1.8570833333E+01  1.8575000000E+01  5.59840E-02  2.39676E-01
  1.8575000000E+01  1.8579166667E+01  5.62407E-02  2.24982E-01
  1.8579166667E+01  1.8583333333E+01  5.64063E-02  2.27639E-01
  1.8583333333E+01  1.8587500000E+01  5.66010E-02  1.96678E-01
  1.8587500000E+01  1.8591666667E+01  5.69494E-02  2.10606E-01
  1.8591666667E+01  1.8595833333E+01  5.71400E-02  2.49322E-01
  1.8595833333E+01  1.8600000000E+01  5.75180E-02  2.26160E-01
  1.8600000000E+01  1.8604166667E+01  5.76748E-02  2.27505E-01
  1.8604166667E+01  1.8608333333E+01  5.78973E-02  2.40338E-01
  1.8608333333E+01  1.8612500000E+01  5.82332E-02  2.27880E-01
  1.8612500000E+01  1.8616666667E+01  5.85892E-02  2.28827E-01
  1.8616666667E+01  1.8620833333E+01  5.87801E-02  2.51817E-01
  1.8620833333E+01  1.8625000000E+01  5.91900E-02  2.44654E-01
  1.8625000000E+01  1.8629166667E+01  5.95639E-02  2.85065E-01
  1.8629166667E+01  1.8633333333E+01  5.98107E-02  2.35849E-01
  1.8633333333E+01  1.8637500000E+01  6.00213E-02  2.21649E-01
  1.8637500000E+01  1.8641666667E+01  6.05511E-02  2.23390E-01
  1.8641666667E+01  1.8645833333E+01  6.08269E-02  2.36881E-01
  1.8645833333E+01  1.8650000000E+01  6.12527E-02  2.48524E-01
  1.8650000000E+01  1.8654166667E+01  6.16852E-02  2.42461E-01
  1.8654166667E+01  1.8658333333E+01  6.17736E-02  2.01441E-01
  1.8658333333E+01  1.8662500000E+01  6.21734E-02  2.38472E-01
  1.8662500000E+01  1.8666666667E+01  6.26552E-02  2.22051E-01
  1.8666666667E+01  1.8670833333E+01  6.30114E-02  2.58212E-01
  1.8670833333E+01  1.8675000000E+01  6.34199E-02  2.41625E-01
  1.8675000000E+01  1.8679166667E+01  6.38449E-02  2.44758E-01
  1.8679166667E+01  1.8683333333E+01  6.42037E-02  2.49812E-01
  1.8683333333E+01  1.8687500000E+01  6.48401E-02  2.80754E-01
  1.8687500000E+01  1.8691666667E+01  6.52443E-02  2.39098E-01
  1.8691666667E+01  1.8695833333E+01  6.56337E-02  2.20464E-01
  1.8695833333E+01  1.8700000000E+01  6.61458E-02  2.36114E-01
  1.8700000000E+01  1.8704166667E+01  6.67413E-02  2.31284E-01
  1.8704166667E+01  1.8708333333E+01  6.71128E-02  2.25340E-01
  1.8708333333E+01  1.8712500000E+01  6.77133E-02  2.49022E-01
  1.8712500000E+01  1.8716666667E+01  6.82055E-02  2.43225E-01
  1.8716666667E+01  1.8720833333E+01  6.87301E-02  2.34407E-01
  1.8720833333E+01  1.8725000000E+01  6.93520E-02  2.04589E-01
  1.8725000000E+01  1.8729166667E+01  6.99768E-02  2.20715E-01
  1.8729166667E+01  1.8733333333E+01  7.05196E-02  2.22351E-01
  1.8733333333E+01  1.8737500000E+01  7.11664E-02  2.21966E-01
  1.8737500000E+01  1.8741666667E+01  7.18647E-02  2.27580E-01
  1.8741666667E+01  1.8745833333E+01  7.24990E-02  2.28064E-01
  1.8745833333E+01  1.8750000000E+01  7.32645E-02  2.32170E-01
  1.8750000000E+01  1.8754166667E+01  7.40264E-02  2.28229E-01
  1.8754166667E+01  1.8758333333E+01  7.48841E-02  2.41498E-01
  1.8758333333E+01  1.8762500000E+01  7.58262E-02  2.43828E-01
  1.8762500000E+01  1.8766666667E+01  7.65467E-02  2.29205E-01
  1.8766666667E+01  1.8770833333E+01  7.74739E-02  2.25832E-01
  1.8770833333E+01  1.8775000000E+01  7.83409E-02  2.29188E-01
  1.8775000000E+01  1.8779166667E+01  7.93127E-02  2.26464E-01
  1.8779166667E+01  1.8783333333E+01  8.04197E-02  2.47042E-01
  1.8783333333E+01  1.8787500000E+01  8.14483E-02  2.31689E-01
  1.8787500000E+01  1.8791666667E+01  8.27136E-02  2.34636E-01
  1.8791666667E+01  1.8795833333E+01  8.38897E-02  2.43588E-01
  1.8795833333E+01  1.8800000000E+01  8.49779E-02  2.52654E-01
  1.8800000000E+01  1.8804166667E+01  8.62246E-02  2.28606E-01
  1.8804166667E+01  1.8808333333E+01  8.77009E-02  2.20297E-01
  1.8808333333E+01  1.8812500000E+01  8.92737E-02  2.25975E-01
  1.8812500000E+01  1.8816666667E+01  9.07314E-02  2.32062E-01
  1.8816666667E+01  1.8820833333E+01  9.23180E-02  2.33647E-01
  1.8820833333E+01  1.8825000000E+01  9.38921E-02  2.27775E-01
  1.8825000000E+01  1.8829166667E+01  9.57330E-02  2.21067E-01
  1.8829166667E+01  1.8833333333E+01  9.73144E-02  2.41022E-01
  1.8833333333E+01  1.8837500000E+01  9.90461E-02  2.52720E-01
  1.8837500000E+01  1.8841666667E+01  1.00826E-01  2.74828E-01
  1.8841666667E+01  1.8845833333E+01  1.02594E-01  2.46009E-01
  1.8845833333E+01  1.8850000000E+01  1.04269E-01  2.53725E-01
  1.8850000000E+01  1.8854166667E+01  1.05884E-01  2.71513E-01
  1.8854166667E+01  1.8858333333E+01  1.07851E-01  2.50788E-01
  1.8858333333E+01  1.8862500000E+01  1.09247E-01  2.46324E-01
  1.8862500000E+01  1.8866666667E+01  1.10709E-01  2.56445E-01
  1.8866666667E+01  1.8870833333E+01  1.11942E-01  2.85409E-01
  1.8870833333E+01  1.8875000000E+01  1.13379E-01  3.09245E-01
  1.8875000000E+01  1.8879166667E+01  1.14660E-01  2.75883E-01
  1.8879166667E+01  1.8883333333E+01  1.15541E-01  2.90700E-01
  1.8883333333E+01  1.8887500000E+01  1.16118E-01  3.03056E-01
  1.8887500000E+01  1.8891666667E+01  1.16775E-01  2.96191E-01
  1.8891666667E+01  1.8895833333E+01  1.16737E-01  2.74581E-01
  1.8895833333E+01  1.8900000000E+01  1.16732E-01  3.10112E-01
  1.8900000000E+01  1.8904166667E+01  1.16248E-01  3.43938E-01
  1.8904166667E+01  1.8908333333E+01  1.15465E-01  3.36747E-01
  1.8908333333E+01  1.8912500000E+01  1.14564E-01  3.34836E-01
  1.8912500000E+01  1.8916666667E+01  1.13400E-01  3.44858E-01
  1.8916666667E+01  1.8920833333E+01  1.11751E-01  3.42999E-01
  1.8920833333E+01  1.8925000000E+01  1.09511E-01  3.51580E-01
  1.8925000000E+01  1.8929166667E+01  1.07350E-01  4.13075E-01
  1.8929166667E+01  1.8933333333E+01  1.03967E-01  4.23236E-01
  1.8933333333E+01  1.8937500000E+01  1.00501E-01  3.84181E-01
  1.8937500000E+01  1.8941666667E+01  9.66479E-02  4.17801E-01
  1.8941666667E+01  1.8945833333E+01  9.25428E-02  4.02134E-01
  1.8945833333E+01  1.8950000000E+01  8.85763E-02  4.15468E-01
  1.8950000000E+01  1.8954166667E+01  8.39601E-02  4.15954E-01
  1.8954166667E+01  1.8958333333E+01  7.93114E-02  5.07647E-01
  1.8958333333E+01  1.8962500000E+01  7.45215E-02  4.76500E-01
  1.8962500000E+01  1.8966666667E+01  6.98194E-02  5.03611E-01
  1.8966666667E+01  1.8970833333E+01  6.48726E-02  5.68863E-01
  1.8970833333E+01  1.8975000000E+01  5.98939E-02  5.54092E-01
  1.8975000000E+01  1.8979166667E+01  5.50531E-02  5.77908E-01
  1.8979166667E+01  1.8983333333E+01  5.04742E-02  5.76542E-01
  1.8983333333E+01  1.8987500000E+01  4.60845E-02  6.54688E-01
  1.8987500000E+01  1.8991666667E+01  4.16335E-02  6.85290E-01
  1.8991666667E+01  1.8995833333E+01  3.71395E-02  7.43692E-01
  1.8995833333E+01  1.9000000000E+01  3.32504E-02  6.88726E-01
  1.9000000000E+01  1.9004166667E+01  2.95688E-02  8.21291E-01
  1.9004166667E+01  1.9008333333E+01  2.59405E-02  9.17195E-01
  1.9008333333E+01  1.9012500000E+01  2.27766E-02  9.66497E-01
  1.9012500000E+01  1.9016666667E+01  1.99088E-02  1.09693E+00
  1.9016666667E+01  1.9020833333E+01  1.71259E-02  1.09223E+00
  1.9020833333E+01  1.9025000000E+01  1.46312E-02  1.12371E+00
  1.9025000000E+01  1.9029166667E+01  1.26224E-02  1.17792E+00
  1.9029166667E+01  1.9033333333E+01  1.07133E-02  1.29262E+00
  1.9033333333E+01  1.9037500000E+01  8.91206E-03  1.37412E+00
  1.9037500000E+01  1.9041666667E+01  7.38600E-03  1.40793E+00
  1.9041666667E+01  1.9045833333E+01  6.19066E-03  1.43257E+00
  1.9045833333E+01  1.9050000000E+01  5.10202E-03  1.70647E+00
  1.9050000000E+01  1.9054166667E+01  4.11957E-03  1.88123E+00
  1.9054166667E+01  1.9058333333E+01  3.37144E-03  2.12809E+00
  1.9058333333E+01  1.9062500000E+01  2.72424E-03  2.54350E+00
  1.9062500000E+01  1.9066666667E+01  2.17840E-03  2.60046E+00
  1.9066666667E+01  1.9070833333E+01  1.75342E-03  2.80461E+00
  1.9070833333E+01  1.9075000000E+01  1.42962E-03  3.11965E+00
  1.9075000000E+01  1.9079166667E+01  1.10834E-03  3.90388E+00
  1.9079166667E+01  1.9083333333E+01  8.46013E-04  4.37623E+00
  1.9083333333E+01  1.9087500000E+01  6.21736E-04  4.77809E+00
  1.9087500000E+01  1.9091666667E+01  4.67527E-04  5.93838E+00
  1.9091666667E+01  1.9095833333E+01  3.37730E-04  7.79457E+00
  1.9095833333E+01  1.9100000000E+01  3.06452E-04  7.99719E+00
  1.9100000000E+01  1.9104166667E+01  2.33119E-04  8.77290E+00
  1.9104166667E+01  1.9108333333E+01  1.70703E-04  1.15573E+01
  1.9108333333E+01  1.9112500000E+01  1.42188E-04  1.33476E+01
  1.9112500000E+01  1.9116666667E+01  1.14184E-04  1.53055E+01
  1.9116666667E+01  1.9120833333E+01  7.05019E-05  1.83801E+01
  1.9120833333E+01  1.9125000000E+01  4.90403E-05  2.15190E+01
  1.9125000000E+01  1.9129166667E+01  3.85023E-05  2.27110E+01
  1.9129166667E+01  1.9133333333E+01  2.75280E-05  2.86418E+01
  1.9133333333E+01  1.9137500000E+01  2.18628E-05  3.12610E+01
  1.9137500000E+01  1.9141666667E+01  8.67899E-06  5.13947E+01
  1.9141666667E+01  1.9145833333E+01  2.15628E-06  1.00000E+02
  1.9145833333E+01  1.9150000000E+01  2.45727E-06  1.00000E+02
  1.9150000000E+01  1.9154166667E+01  0.00000E+00  0.00000E+00
  1.9154166667E+01  1.9158333333E+01  0.00000E+00  0.00000E+00
  1.9158333333E+01  1.9162500000E+01  0.00000E+00  0.00000E+00
  1.9162500000E+01  1.9166666667E+01  0.00000E+00  0.00000E+00
  1.9166666667E+01  1.9170833333E+01  0.00000E+00  0.00000E+00
  1.9170833333E+01  1.9175000000E+01  0.00000E+00  0.00000E+00
  1.9175000000E+01  1.9179166667E+01  0.00000E+00  0.00000E+00
  1.9179166667E+01  1.9183333333E+01  0.00000E+00  0.00000E+00
  1.9183333333E+01  1.9187500000E+01  0.00000E+00  0.00000E+00
  1.9187500000E+01  1.9191666667E+01  0.00000E+00  0.00000E+00
  1.9191666667E+01  1.9195833333E+01  0.00000E+00  0.00000E+00
  1.9195833333E+01  1.9200000000E+01  0.00000E+00  0.00000E+00
  1.9200000000E+01  1.9204166667E+01  0.00000E+00  0.00000E+00
  1.9204166667E+01  1.9208333333E+01  0.00000E+00  0.00000E+00
  1.9208333333E+01  1.9212500000E+01  0.00000E+00  0.00000E+00
  1.9212500000E+01  1.9216666667E+01  0.00000E+00  0.00000E+00
  1.9216666667E+01  1.9220833333E+01  0.00000E+00  0.00000E+00
  1.9220833333E+01  1.9225000000E+01  0.00000E+00  0.00000E+00
  1.9225000000E+01  1.9229166667E+01  0.00000E+00  0.00000E+00
  1.9229166667E+01  1.9233333333E+01  0.00000E+00  0.00000E+00
  1.9233333333E+01  1.9237500000E+01  0.00000E+00  0.00000E+00
  1.9237500000E+01  1.9241666667E+01  0.00000E+00  0.00000E+00
  1.9241666667E+01  1.9245833333E+01  0.00000E+00  0.00000E+00
  1.9245833333E+01  1.9250000000E+01  0.00000E+00  0.00000E+00
  1.9250000000E+01  1.9254166667E+01  0.00000E+00  0.00000E+00
  1.9254166667E+01  1.9258333333E+01  2.10072E-07  1.00000E+02
  1.9258333333E+01  1.9262500000E+01  7.80365E-07  1.00000E+02
  1.9262500000E+01  1.9266666667E+01  7.80365E-07  1.00000E+02
  1.9266666667E+01  1.9270833333E+01  7.80365E-07  1.00000E+02
  1.9270833333E+01  1.9275000000E+01  8.14967E-07  1.00000E+02
  1.9275000000E+01  1.9279166667E+01  8.43980E-07  1.00000E+02
  1.9279166667E+01  1.9283333333E+01  8.43980E-07  1.00000E+02
  1.9283333333E+01  1.9287500000E+01  8.63363E-07  1.00000E+02
  1.9287500000E+01  1.9291666667E+01  5.60849E-06  8.54337E+01
  1.9291666667E+01  1.9295833333E+01  8.84232E-07  1.00000E+02
  1.9295833333E+01  1.9300000000E+01  9.59610E-07  1.00000E+02
  1.9300000000E+01  1.9304166667E+01  4.72060E-07  1.00000E+02
  1.9304166667E+01  1.9308333333E+01  0.00000E+00  0.00000E+00
  1.9308333333E+01  1.9312500000E+01  0.00000E+00  0.00000E+00
  1.9312500000E+01  1.9316666667E+01  0.00000E+00  0.00000E+00
  1.9316666667E+01  1.9320833333E+01  0.00000E+00  0.00000E+00
  1.9320833333E+01  1.9325000000E+01  0.00000E+00  0.00000E+00
  1.9325000000E+01  1.9329166667E+01  0.00000E+00  0.00000E+00
  1.9329166667E+01  1.9333333333E+01  0.00000E+00  0.00000E+00
  1.9333333333E+01  1.9337500000E+01  0.00000E+00  0.00000E+00
  1.9337500000E+01  1.9341666667E+01  0.00000E+00  0.00000E+00
  1.9341666667E+01  1.9345833333E+01  0.00000E+00  0.00000E+00
  1.9345833333E+01  1.9350000000E+01  0.00000E+00  0.00000E+00
  1.9350000000E+01  1.9354166667E+01  0.00000E+00  0.00000E+00
  1.9354166667E+01  1.9358333333E+01  0.00000E+00  0.00000E+00
  1.9358333333E+01  1.9362500000E+01  0.00000E+00  0.00000E+00
  1.9362500000E+01  1.9366666667E+01  0.00000E+00  0.00000E+00
  1.9366666667E+01  1.9370833333E+01  0.00000E+00  0.00000E+00
  1.9370833333E+01  1.9375000000E+01  0.00000E+00  0.00000E+00
  1.9375000000E+01  1.9379166667E+01  1.56636E-06  1.00000E+02
  1.9379166667E+01  1.9383333333E+01  3.62871E-06  1.00000E+02
  1.9383333333E+01  1.9387500000E+01  0.00000E+00  0.00000E+00
  1.9387500000E+01  1.9391666667E+01  7.90121E-11  1.00000E+02
  1.9391666667E+01  1.9395833333E+01  0.00000E+00  0.00000E+00
  1.9395833333E+01  1.9400000000E+01  0.00000E+00  0.00000E+00
  1.9400000000E+01  1.9404166667E+01  0.00000E+00  0.00000E+00
  1.9404166667E+01  1.9408333333E+01  0.00000E+00  0.00000E+00
  1.9408333333E+01  1.9412500000E+01  0.00000E+00  0.00000E+00
  1.9412500000E+01  1.9416666667E+01  0.00000E+00  0.00000E+00
  1.9416666667E+01  1.9420833333E+01  0.00000E+00  0.00000E+00
  1.9420833333E+01  1.9425000000E+01  0.00000E+00  0.00000E+00
  1.9425000000E+01  1.9429166667E+01  0.00000E+00  0.00000E+00
  1.9429166667E+01  1.9433333333E+01  0.00000E+00  0.00000E+00
  1.9433333333E+01  1.9437500000E+01  0.00000E+00  0.00000E+00
  1.9437500000E+01  1.9441666667E+01  0.00000E+00  0.00000E+00
  1.9441666667E+01  1.9445833333E+01  0.00000E+00  0.00000E+00
  1.9445833333E+01  1.9450000000E+01  0.00000E+00  0.00000E+00
  1.9450000000E+01  1.9454166667E+01  0.00000E+00  0.00000E+00
  1.9454166667E+01  1.9458333333E+01  0.00000E+00  0.00000E+00
  1.9458333333E+01  1.9462500000E+01  0.00000E+00  0.00000E+00
  1.9462500000E+01  1.9466666667E+01  1.76774E-14  1.00000E+02
  1.9466666667E+01  1.9470833333E+01  1.72394E-10  1.00000E+02
  1.9470833333E+01  1.9475000000E+01  1.15240E-10  1.00000E+02
  1.9475000000E+01  1.9479166667E+01  5.08904E-14  1.00000E+02
  1.9479166667E+01  1.9483333333E+01  1.27836E-05  1.00000E+02
  1.9483333333E+01  1.9487500000E+01  0.00000E+00  0.00000E+00
  1.9487500000E+01  1.9491666667E+01  0.00000E+00  0.00000E+00
  1.9491666667E+01  1.9495833333E+01  0.00000E+00  0.00000E+00
  1.9495833333E+01  1.9500000000E+01  7.31470E-09  1.00000E+02
  1.9500000000E+01  1.9504166667E+01  0.00000E+00  0.00000E+00
  1.9504166667E+01  1.9508333333E+01  0.00000E+00  0.00000E+00
  1.9508333333E+01  1.9512500000E+01  0.00000E+00  0.00000E+00
  1.9512500000E+01  1.9516666667E+01  0.00000E+00  0.00000E+00
  1.9516666667E+01  1.9520833333E+01  0.00000E+00  0.00000E+00
  1.9520833333E+01  1.9525000000E+01  0.00000E+00  0.00000E+00
  1.9525000000E+01  1.9529166667E+01  0.00000E+00  0.00000E+00
  1.9529166667E+01  1.9533333333E+01  0.00000E+00  0.00000E+00
  1.9533333333E+01  1.9537500000E+01  0.00000E+00  0.00000E+00
  1.9537500000E+01  1.9541666667E+01  0.00000E+00  0.00000E+00
  1.9541666667E+01  1.9545833333E+01  0.00000E+00  0.00000E+00
  1.9545833333E+01  1.9550000000E+01  0.00000E+00  0.00000E+00
  1.9550000000E+01  1.9554166667E+01  0.00000E+00  0.00000E+00
  1.9554166667E+01  1.9558333333E+01  0.00000E+00  0.00000E+00
  1.9558333333E+01  1.9562500000E+01  0.00000E+00  0.00000E+00
  1.9562500000E+01  1.9566666667E+01  0.00000E+00  0.00000E+00
  1.9566666667E+01  1.9570833333E+01  0.00000E+00  0.00000E+00
  1.9570833333E+01  1.9575000000E+01  0.00000E+00  0.00000E+00
  1.9575000000E+01  1.9579166667E+01  0.00000E+00  0.00000E+00
  1.9579166667E+01  1.9583333333E+01  0.00000E+00  0.00000E+00
  1.9583333333E+01  1.9587500000E+01  9.85398E-10  1.00000E+02
  1.9587500000E+01  1.9591666667E+01  0.00000E+00  0.00000E+00
  1.9591666667E+01  1.9595833333E+01  0.00000E+00  0.00000E+00
  1.9595833333E+01  1.9600000000E+01  0.00000E+00  0.00000E+00
  1.9600000000E+01  1.9604166667E+01  0.00000E+00  0.00000E+00
  1.9604166667E+01  1.9608333333E+01  1.50070E-14  1.00000E+02
  1.9608333333E+01  1.9612500000E+01  0.00000E+00  0.00000E+00
  1.9612500000E+01  1.9616666667E+01  0.00000E+00  0.00000E+00
  1.9616666667E+01  1.9620833333E+01  0.00000E+00  0.00000E+00
  1.9620833333E+01  1.9625000000E+01  2.18158E-14  1.00000E+02
  1.9625000000E+01  1.9629166667E+01  0.00000E+00  0.00000E+00
  1.9629166667E+01  1.9633333333E+01  0.00000E+00  0.00000E+00
  1.9633333333E+01  1.9637500000E+01  0.00000E+00  0.00000E+00
  1.9637500000E+01  1.9641666667E+01  0.00000E+00  0.00000E+00
  1.9641666667E+01  1.9645833333E+01  0.00000E+00  0.00000E+00
  1.9645833333E+01  1.9650000000E+01  0.00000E+00  0.00000E+00
  1.9650000000E+01  1.9654166667E+01  0.00000E+00  0.00000E+00
  1.9654166667E+01  1.9658333333E+01  0.00000E+00  0.00000E+00
  1.9658333333E+01  1.9662500000E+01  0.00000E+00  0.00000E+00
  1.9662500000E+01  1.9666666667E+01  0.00000E+00  0.00000E+00
  1.9666666667E+01  1.9670833333E+01  2.49761E-14  1.00000E+02
  1.9670833333E+01  1.9675000000E+01  3.64800E-11  1.00000E+02
  1.9675000000E+01  1.9679166667E+01  0.00000E+00  0.00000E+00
  1.9679166667E+01  1.9683333333E+01  0.00000E+00  0.00000E+00
  1.9683333333E+01  1.9687500000E+01  0.00000E+00  0.00000E+00
  1.9687500000E+01  1.9691666667E+01  0.00000E+00  0.00000E+00
  1.9691666667E+01  1.9695833333E+01  0.00000E+00  0.00000E+00
  1.9695833333E+01  1.9700000000E+01  0.00000E+00  0.00000E+00
  1.9700000000E+01  1.9704166667E+01  0.00000E+00  0.00000E+00
  1.9704166667E+01  1.9708333333E+01  0.00000E+00  0.00000E+00
  1.9708333333E+01  1.9712500000E+01  0.00000E+00  0.00000E+00
  1.9712500000E+01  1.9716666667E+01  0.00000E+00  0.00000E+00
  1.9716666667E+01  1.9720833333E+01  1.22514E-14  1.00000E+02
  1.9720833333E+01  1.9725000000E+01  0.00000E+00  0.00000E+00
  1.9725000000E+01  1.9729166667E+01  0.00000E+00  0.00000E+00
  1.9729166667E+01  1.9733333333E+01  4.86937E-14  1.00000E+02
  1.9733333333E+01  1.9737500000E+01  0.00000E+00  0.00000E+00
  1.9737500000E+01  1.9741666667E+01  0.00000E+00  0.00000E+00
  1.9741666667E+01  1.9745833333E+01  0.00000E+00  0.00000E+00
  1.9745833333E+01  1.9750000000E+01  0.00000E+00  0.00000E+00
  1.9750000000E+01  1.9754166667E+01  0.00000E+00  0.00000E+00
  1.9754166667E+01  1.9758333333E+01  0.00000E+00  0.00000E+00
  1.9758333333E+01  1.9762500000E+01  0.00000E+00  0.00000E+00
  1.9762500000E+01  1.9766666667E+01  0.00000E+00  0.00000E+00
  1.9766666667E+01  1.9770833333E+01  0.00000E+00  0.00000E+00
  1.9770833333E+01  1.9775000000E+01  0.00000E+00  0.00000E+00
  1.9775000000E+01  1.9779166667E+01  0.00000E+00  0.00000E+00
  1.9779166667E+01  1.9783333333E+01  0.00000E+00  0.00000E+00
  1.9783333333E+01  1.9787500000E+01  0.00000E+00  0.00000E+00
  1.9787500000E+01  1.9791666667E+01  0.00000E+00  0.00000E+00
  1.9791666667E+01  1.9795833333E+01  0.00000E+00  0.00000E+00
  1.9795833333E+01  1.9800000000E+01  1.47496E-06  1.00000E+02
  1.9800000000E+01  1.9804166667E+01  3.01987E-06  1.00000E+02
  1.9804166667E+01  1.9808333333E+01  6.50884E-06  1.00000E+02
  1.9808333333E+01  1.9812500000E+01  0.00000E+00  0.00000E+00
  1.9812500000E+01  1.9816666667E+01  0.00000E+00  0.00000E+00
  1.9816666667E+01  1.9820833333E+01  0.00000E+00  0.00000E+00
  1.9820833333E+01  1.9825000000E+01  0.00000E+00  0.00000E+00
  1.9825000000E+01  1.9829166667E+01  0.00000E+00  0.00000E+00
  1.9829166667E+01  1.9833333333E+01  0.00000E+00  0.00000E+00
  1.9833333333E+01  1.9837500000E+01  0.00000E+00  0.00000E+00
  1.9837500000E+01  1.9841666667E+01  0.00000E+00  0.00000E+00
  1.9841666667E+01  1.9845833333E+01  3.32410E-14  1.00000E+02
  1.9845833333E+01  1.9850000000E+01  0.00000E+00  0.00000E+00
  1.9850000000E+01  1.9854166667E+01  0.00000E+00  0.00000E+00
  1.9854166667E+01  1.9858333333E+01  0.00000E+00  0.00000E+00
  1.9858333333E+01  1.9862500000E+01  0.00000E+00  0.00000E+00
  1.9862500000E+01  1.9866666667E+01  4.86937E-14  1.00000E+02
  1.9866666667E+01  1.9870833333E+01  0.00000E+00  0.00000E+00
  1.9870833333E+01  1.9875000000E+01  0.00000E+00  0.00000E+00
  1.9875000000E+01  1.9879166667E+01  0.00000E+00  0.00000E+00
  1.9879166667E+01  1.9883333333E+01  0.00000E+00  0.00000E+00
  1.9883333333E+01  1.9887500000E+01  0.00000E+00  0.00000E+00
  1.9887500000E+01  1.9891666667E+01  0.00000E+00  0.00000E+00
  1.9891666667E+01  1.9895833333E+01  0.00000E+00  0.00000E+00
  1.9895833333E+01  1.9900000000E+01  2.83137E-07  1.00000E+02
  1.9900000000E+01  1.9904166667E+01  0.00000E+00  0.00000E+00
  1.9904166667E+01  1.9908333333E+01  0.00000E+00  0.00000E+00
  1.9908333333E+01  1.9912500000E+01  0.00000E+00  0.00000E+00
  1.9912500000E+01  1.9916666667E+01  0.00000E+00  0.00000E+00
  1.9916666667E+01  1.9920833333E+01  0.00000E+00  0.00000E+00
  1.9920833333E+01  1.9925000000E+01  7.65674E-07  1.00000E+02
  1.9925000000E+01  1.9929166667E+01  3.17637E-06  7.32869E+01
  1.9929166667E+01  1.9933333333E+01  1.21897E-06  1.00000E+02
  1.9933333333E+01  1.9937500000E+01  1.31227E-06  1.00000E+02
  1.9937500000E+01  1.9941666667E+01  1.43630E-06  1.00000E+02
  1.9941666667E+01  1.9945833333E+01  1.67471E-06  1.00000E+02
  1.9945833333E+01  1.9950000000E+01  1.89448E-06  1.00000E+02
  1.9950000000E+01  1.9954166667E+01  2.87129E-06  1.00000E+02
  1.9954166667E+01  1.9958333333E+01  2.59250E-06  1.00000E+02
  1.9958333333E+01  1.9962500000E+01  0.00000E+00  0.00000E+00
  1.9962500000E+01  1.9966666667E+01  0.00000E+00  0.00000E+00
  1.9966666667E+01  1.9970833333E+01  3.32410E-14  1.00000E+02
  1.9970833333E+01  1.9975000000E+01  0.00000E+00  0.00000E+00
  1.9975000000E+01  1.9979166667E+01  0.00000E+00  0.00000E+00
  1.9979166667E+01  1.9983333333E+01  0.00000E+00  0.00000E+00
  1.9983333333E+01  1.9987500000E+01  0.00000E+00  0.00000E+00
  1.9987500000E+01  1.9991666667E+01  0.00000E+00  0.00000E+00
  1.9991666667E+01  1.9995833333E+01  0.00000E+00  0.00000E+00
  1.9995833333E+01  2.0000000000E+01  0.00000E+00  0.00000E+00
  2.0000000000E+01  2.0000000000E+01  0.00000E+00  0.00000E+00