# Detector n: 1D Projection
  1.5000000000E+01  1.5004166667E+01  1.59306E-02  4.32263E-01
  1.5004166667E+01  1.5008333333E+01  1.59680E-02  5.44938E-01
  1.5008333333E+01  1.5012500000E+01  1.60843E-02  4.73542E-01
  1.5012500000E+01  1.5016666667E+01  1.61338E-02  5.77960E-01
  1.5016666667E+01  1.5020833333E+01  1.60949E-02  4.56256E-01
  1.5020833333E+01  1.5025000000E+01  1.59648E-02  3.50921E-01
  1.5025000000E+01  1.5029166667E+01  1.60707E-02  5.00964E-01
  1.5029166667E+01  1.5033333333E+01  1.60169E-02  3.51028E-01
  1.5033333333E+01  1.5037500000E+01  1.59921E-02  3.95500E-01
  1.5037500000E+01  1.5041666667E+01  1.61280E-02  5.67935E-01
  1.5041666667E+01  1.5045833333E+01  1.60671E-02  5.09071E-01
  1.5045833333E+01  1.5050000000E+01  1.60000E-02  4.48635E-01
  1.5050000000E+01  1.5054166667E+01  1.60984E-02  5.21525E-01
  1.5054166667E+01  1.5058333333E+01  1.60116E-02  3.86479E-01
  1.5058333333E+01  1.5062500000E+01  1.60437E-02  4.61372E-01
  1.5062500000E+01  1.5066666667E+01  1.60423E-02  3.85615E-01
  1.5066666667E+01  1.5070833333E+01  1.61932E-02  4.82767E-01
  1.5070833333E+01  1.5075000000E+01  1.62801E-02  5.52066E-01
  1.5075000000E+01  1.5079166667E+01  1.61688E-02  4.59672E-01
  1.5079166667E+01  1.5083333333E+01  1.62415E-02  4.39977E-01
  1.5083333333E+01  1.5087500000E+01  1.62274E-02  4.77557E-01
  1.5087500000E+01  1.5091666667E+01  1.63212E-02  6.09935E-01
  1.5091666667E+01  1.5095833333E+01  1.62530E-02  4.89911E-01
  1.5095833333E+01  1.5100000000E+01  1.62386E-02  4.47719E-01
  1.5100000000E+01  1.5104166667E+01  1.62860E-02  5.08234E-01
  1.5104166667E+01  1.5108333333E+01  1.62705E-02  5.33284E-01
  1.5108333333E+01  1.5112500000E+01  1.62077E-02  4.05600E-01
  1.5112500000E+01  1.5116666667E+01  1.63444E-02  6.41517E-01
  1.5116666667E+01  1.5120833333E+01  1.63336E-02  5.23608E-01
  1.5120833333E+01  1.5125000000E+01  1.61648E-02  3.97667E-01
  1.5125000000E+01  1.5129166667E+01  1.62037E-02  4.17647E-01
  1.5129166667E+01  1.5133333333E+01  1.61481E-02  4.43245E-01
  1.5133333333E+01  1.5137500000E+01  1.62189E-02  5.34888E-01
  1.5137500000E+01  1.5141666667E+01  1.62686E-02  5.16082E-01
  1.5141666667E+01  1.5145833333E+01  1.62388E-02  6.17146E-01
  1.5145833333E+01  1.5150000000E+01  1.62127E-02  4.69647E-01
  1.5150000000E+01  1.5154166667E+01  1.62795E-02  6.52522E-01
  1.5154166667E+01  1.5158333333E+01  1.62709E-02  5.94251E-01
  1.5158333333E+01  1.5162500000E+01  1.61107E-02  3.48737E-01
  1.5162500000E+01  1.5166666667E+01  1.60442E-02  3.20649E-01
  1.5166666667E+01  1.5170833333E+01  1.61784E-02  6.93430E-01
  1.5170833333E+01  1.5175000000E+01  1.62593E-02  6.13921E-01
  1.5175000000E+01  1.5179166667E+01  1.61884E-02  4.92826E-01
  1.5179166667E+01  1.5183333333E+01  1.61345E-02  4.98117E-01
  1.5183333333E+01  1.5187500000E+01  1.62275E-02  5.27522E-01
  1.5187500000E+01  1.5191666667E+01  1.62825E-02  4.89817E-01
  1.5191666667E+01  1.5195833333E+01  1.65657E-02  5.72515E-01
  1.5195833333E+01  1.5200000000E+01  1.66158E-02  6.59792E-01
  1.5200000000E+01  1.5204166667E+01  1.64336E-02  4.07108E-01
  1.5204166667E+01  1.5208333333E+01  1.64255E-02  4.44307E-01
  1.5208333333E+01  1.5212500000E+01  1.64843E-02  5.69071E-01
  1.5212500000E+01  1.5216666667E+01  1.64537E-02  4.75432E-01
  1.5216666667E+01  1.5220833333E+01  1.64913E-02  4.91385E-01
  1.5220833333E+01  1.5225000000E+01  1.63599E-02  3.29367E-01
  1.5225000000E+01  1.5229166667E+01  1.63838E-02  4.22152E-01
  1.5229166667E+01  1.5233333333E+01  1.63859E-02  3.68683E-01
  1.5233333333E+01  1.5237500000E+01  1.64012E-02  3.79342E-01
  1.5237500000E+01  1.5241666667E+01  1.63690E-02  4.83241E-01
  1.5241666667E+01  1.5245833333E+01  1.64943E-02  6.90828E-01
  1.5245833333E+01  1.5250000000E+01  1.64466E-02  5.75696E-01
  1.5250000000E+01  1.5254166667E+01  1.64659E-02  5.36445E-01
  1.5254166667E+01  1.5258333333E+01  1.64342E-02  4.43322E-01
  1.5258333333E+01  1.5262500000E+01  1.65768E-02  5.06976E-01
  1.5262500000E+01  1.5266666667E+01  1.64330E-02  4.38770E-01
  1.5266666667E+01  1.5270833333E+01  1.64493E-02  5.12599E-01
  1.5270833333E+01  1.5275000000E+01  1.64675E-02  5.74247E-01
  1.5275000000E+01  1.5279166667E+01  1.64259E-02  4.49674E-01
  1.5279166667E+01  1.5283333333E+01  1.64469E-02  5.18317E-01
  1.5283333333E+01  1.5287500000E+01  1.65011E-02  5.93890E-01
  1.5287500000E+01  1.5291666667E+01  1.64637E-02  3.90068E-01
  1.5291666667E+01  1.5295833333E+01  1.65647E-02  7.19174E-01
  1.5295833333E+01  1.5300000000E+01  1.63567E-02  3.52572E-01
  1.5300000000E+01  1.5304166667E+01  1.63608E-02  3.72436E-01
  1.5304166667E+01  1.5308333333E+01  1.64111E-02  5.27683E-01
  1.5308333333E+01  1.5312500000E+01  1.64531E-02  4.73933E-01
  1.5312500000E+01  1.5316666667E+01  1.64251E-02  4.61528E-01
  1.5316666667E+01  1.5320833333E+01  1.64695E-02  4.85314E-01
  1.5320833333E+01  1.5325000000E+01  1.64479E-02  4.09011E-01
  1.5325000000E+01  1.5329166667E+01  1.63335E-02  3.64083E-01
  1.5329166667E+01  1.5333333333E+01  1.63840E-02  4.66826E-01
  1.5333333333E+01  1.5337500000E+01  1.64795E-02  6.18038E-01
  1.5337500000E+01  1.5341666667E+01  1.64218E-02  4.46430E-01
  1.5341666667E+01  1.5345833333E+01  1.64126E-02  5.34667E-01
  1.5345833333E+01  1.5350000000E+01  1.63869E-02  4.15545E-01
  1.5350000000E+01  1.5354166667E+01  1.64545E-02  5.00639E-01
  1.5354166667E+01  1.5358333333E+01  1.65678E-02  6.67740E-01
  1.5358333333E+01  1.5362500000E+01  1.65367E-02  5.84238E-01
  1.5362500000E+01  1.5366666667E+01  1.65882E-02  6.40669E-01
  1.5366666667E+01  1.5370833333E+01  1.65957E-02  6.39514E-01
  1.5370833333E+01  1.5375000000E+01  1.65777E-02  6.60776E-01
  1.5375000000E+01  1.5379166667E+01  1.64495E-02  4.78050E-01
  1.5379166667E+01  1.5383333333E+01  1.64867E-02  5.13971E-01
  1.5383333333E+01  1.5387500000E+01  1.63361E-02  3.84564E-01
  1.5387500000E+01  1.5391666667E+01  1.64246E-02  4.27490E-01
  1.5391666667E+01  1.5395833333E+01  1.65866E-02  5.92954E-01
  1.5395833333E+01  1.5400000000E+01  1.66341E-02  6.19192E-01
  1.5400000000E+01  1.5404166667E+01  1.65177E-02  6.46021E-01
  1.5404166667E+01  1.5408333333E+01  1.63969E-02  4.75149E-01
  1.5408333333E+01  1.5412500000E+01  1.63664E-02  4.96309E-01
  1.5412500000E+01  1.5416666667E+01  1.63722E-02  4.24038E-01
  1.5416666667E+01  1.5420833333E+01  1.63200E-02  4.69432E-01
  1.5420833333E+01  1.5425000000E+01  1.63955E-02  5.55247E-01
  1.5425000000E+01  1.5429166667E+01  1.62831E-02  3.65885E-01
  1.5429166667E+01  1.5433333333E+01  1.64694E-02  5.76718E-01
  1.5433333333E+01  1.5437500000E+01  1.65749E-02  4.67168E-01
  1.5437500000E+01  1.5441666667E+01  1.66705E-02  4.16929E-01
  1.5441666667E+01  1.5445833333E+01  1.68158E-02  6.12754E-01
  1.5445833333E+01  1.5450000000E+01  1.66671E-02  4.92094E-01
  1.5450000000E+01  1.5454166667E+01  1.65842E-02  2.97311E-01
  1.5454166667E+01  1.5458333333E+01  1.66918E-02  4.22044E-01
  1.5458333333E+01  1.5462500000E+01  1.68511E-02  7.35657E-01
  1.5462500000E+01  1.5466666667E+01  1.67724E-02  6.27115E-01
  1.5466666667E+01  1.5470833333E+01  1.68066E-02  6.04561E-01
  1.5470833333E+01  1.5475000000E+01  1.67166E-02  4.84784E-01
  1.5475000000E+01  1.5479166667E+01  1.67473E-02  5.06472E-01
  1.5479166667E+01  1.5483333333E+01  1.67913E-02  6.11455E-01
  1.5483333333E+01  1.5487500000E+01  1.67489E-02  4.42730E-01
  1.5487500000E+01  1.5491666667E+01  1.67214E-02  4.37900E-01
  1.5491666667E+01  1.5495833333E+01  1.69199E-02  6.93949E-01
  1.5495833333E+01  1.5500000000E+01  1.68709E-02  6.74995E-01
  1.5500000000E+01  1.5504166667E+01  1.67219E-02  4.70735E-01
  1.5504166667E+01  1.5508333333E+01  1.68758E-02  6.43820E-01
  1.5508333333E+01  1.5512500000E+01  1.66548E-02  4.21727E-01
  1.5512500000E+01  1.5516666667E+01  1.67390E-02  5.17692E-01
  1.5516666667E+01  1.5520833333E+01  1.66526E-02  3.99206E-01
  1.5520833333E+01  1.5525000000E+01  1.67347E-02  4.74603E-01
  1.5525000000E+01  1.5529166667E+01  1.66630E-02  3.62087E-01
  1.5529166667E+01  1.5533333333E+01  1.66694E-02  3.80275E-01
  1.5533333333E+01  1.5537500000E+01  1.67114E-02  4.60664E-01
  1.5537500000E+01  1.5541666667E+01  1.66924E-02  4.82483E-01
  1.5541666667E+01  1.5545833333E+01  1.66680E-02  4.36891E-01
  1.5545833333E+01  1.5550000000E+01  1.67930E-02  6.04037E-01
  1.5550000000E+01  1.5554166667E+01  1.68588E-02  6.06250E-01
  1.5554166667E+01  1.5558333333E+01  1.66930E-02  3.97102E-01
  1.5558333333E+01  1.5562500000E+01  1.67620E-02  5.77927E-01
  1.5562500000E+01  1.5566666667E+01  1.68515E-02  5.74329E-01
  1.5566666667E+01  1.5570833333E+01  1.66859E-02  3.80709E-01
  1.5570833333E+01  1.5575000000E+01  1.66926E-02  4.27034E-01
  1.5575000000E+01  1.5579166667E+01  1.69042E-02  7.15079E-01
  1.5579166667E+01  1.5583333333E+01  1.67951E-02  5.75198E-01
  1.5583333333E+01  1.5587500000E+01  1.69059E-02  5.85344E-01
  1.5587500000E+01  1.5591666667E+01  1.68483E-02  5.22333E-01
  1.5591666667E+01  1.5595833333E+01  1.67506E-02  5.55208E-01
  1.5595833333E+01  1.5600000000E+01  1.68415E-02  5.52052E-01
  1.5600000000E+01  1.5604166667E+01  1.67606E-02  4.99562E-01
  1.5604166667E+01  1.5608333333E+01  1.67816E-02  5.06943E-01
  1.5608333333E+01  1.5612500000E+01  1.67289E-02  4.52043E-01
  1.5612500000E+01  1.5616666667E+01  1.67041E-02  4.33870E-01
  1.5616666667E+01  1.5620833333E+01  1.67905E-02  3.98223E-01
  1.5620833333E+01  1.5625000000E+01  1.68116E-02  5.24569E-01
  1.5625000000E+01  1.5629166667E+01  1.68117E-02  5.72160E-01
  1.5629166667E+01  1.5633333333E+01  1.68110E-02  5.39531E-01
  1.5633333333E+01  1.5637500000E+01  1.68077E-02  4.62183E-01
  1.5637500000E+01  1.5641666667E+01  1.67021E-02  3.33634E-01
  1.5641666667E+01  1.5645833333E+01  1.67148E-02  3.80213E-01
  1.5645833333E+01  1.5650000000E+01  1.68102E-02  5.06305E-01
  1.5650000000E+01  1.5654166667E+01  1.69528E-02  5.48440E-01
  1.5654166667E+01  1.5658333333E+01  1.67968E-02  4.53200E-01
  1.5658333333E+01  1.5662500000E+01  1.66959E-02  3.29469E-01
  1.5662500000E+01  1.5666666667E+01  1.67504E-02  4.50538E-01
  1.5666666667E+01  1.5670833333E+01  1.67014E-02  4.49889E-01
  1.5670833333E+01  1.5675000000E+01  1.67137E-02  4.23686E-01
  1.5675000000E+01  1.5679166667E+01  1.67848E-02  5.09335E-01
  1.5679166667E+01  1.5683333333E+01  1.68178E-02  4.78104E-01
  1.5683333333E+01  1.5687500000E+01  1.68190E-02  7.11225E-01
  1.5687500000E+01  1.5691666667E+01  1.68267E-02  5.50844E-01
  1.5691666667E+01  1.5695833333E+01  1.67660E-02  4.51261E-01
  1.5695833333E+01  1.5700000000E+01  1.68340E-02  4.99073E-01
  1.5700000000E+01  1.5704166667E+01  1.67658E-02  4.47343E-01
  1.5704166667E+01  1.5708333333E+01  1.67971E-02  4.36251E-01
  1.5708333333E+01  1.5712500000E+01  1.66653E-02  3.09385E-01
  1.5712500000E+01  1.5716666667E+01  1.68539E-02  6.02593E-01
  1.5716666667E+01  1.5720833333E+01  1.68997E-02  5.81528E-01
  1.5720833333E+01  1.5725000000E+01  1.68108E-02  4.74276E-01
  1.5725000000E+01  1.5729166667E+01  1.67364E-02  4.36410E-01
  1.5729166667E+01  1.5733333333E+01  1.69184E-02  6.10621E-01
  1.5733333333E+01  1.5737500000E+01  1.69591E-02  5.35682E-01
  1.5737500000E+01  1.5741666667E+01  1.69042E-02  5.64930E-01
  1.5741666667E+01  1.5745833333E+01  1.68439E-02  5.02786E-01
  1.5745833333E+01  1.5750000000E+01  1.68912E-02  5.43973E-01
  1.5750000000E+01  1.5754166667E+01  1.68801E-02  6.01236E-01
  1.5754166667E+01  1.5758333333E+01  1.68772E-02  4.61549E-01
  1.5758333333E+01  1.5762500000E+01  1.68252E-02  4.53106E-01
  1.5762500000E+01  1.5766666667E+01  1.68826E-02  5.05459E-01
  1.5766666667E+01  1.5770833333E+01  1.69683E-02  5.28000E-01
  1.5770833333E+01  1.5775000000E+01  1.68303E-02  4.53024E-01
  1.5775000000E+01  1.5779166667E+01  1.68913E-02  4.75150E-01
  1.5779166667E+01  1.5783333333E+01  1.68893E-02  5.35814E-01
  1.5783333333E+01  1.5787500000E+01  1.68290E-02  4.42649E-01
  1.5787500000E+01  1.5791666667E+01  1.68747E-02  4.56692E-01
  1.5791666667E+01  1.5795833333E+01  1.67989E-02  5.85488E-01
  1.5795833333E+01  1.5800000000E+01  1.67766E-02  3.49814E-01
  1.5800000000E+01  1.5804166667E+01  1.68489E-02  4.09554E-01
  1.5804166667E+01  1.5808333333E+01  1.68881E-02  4.41669E-01
  1.5808333333E+01  1.5812500000E+01  1.70830E-02  4.91993E-01
  1.5812500000E+01  1.5816666667E+01  1.70275E-02  5.54986E-01
  1.5816666667E+01  1.5820833333E+01  1.69966E-02  5.25478E-01
  1.5820833333E+01  1.5825000000E+01  1.70750E-02  5.83711E-01
  1.5825000000E+01  1.5829166667E+01  1.69063E-02  4.80301E-01
  1.5829166667E+01  1.5833333333E+01  1.69164E-02  4.93376E-01
  1.5833333333E+01  1.5837500000E+01  1.69517E-02  5.35563E-01
  1.5837500000E+01  1.5841666667E+01  1.68065E-02  3.55510E-01
  1.5841666667E+01  1.5845833333E+01  1.68710E-02  4.27512E-01
  1.5845833333E+01  1.5850000000E+01  1.69186E-02  5.17394E-01
  1.5850000000E+01  1.5854166667E+01  1.69228E-02  4.40400E-01
  1.5854166667E+01  1.5858333333E+01  1.69518E-02  4.95024E-01
  1.5858333333E+01  1.5862500000E+01  1.68941E-02  3.93342E-01
  1.5862500000E+01  1.5866666667E+01  1.69279E-02  4.36545E-01
  1.5866666667E+01  1.5870833333E+01  1.70268E-02  5.46316E-01
  1.5870833333E+01  1.5875000000E+01  1.70723E-02  5.46236E-01
  1.5875000000E+01  1.5879166667E+01  1.70780E-02  4.97948E-01
  1.5879166667E+01  1.5883333333E+01  1.70923E-02  4.85674E-01
  1.5883333333E+01  1.5887500000E+01  1.70322E-02  3.61852E-01
  1.5887500000E+01  1.5891666667E+01  1.70814E-02  3.28696E-01
  1.5891666667E+01  1.5895833333E+01  1.71483E-02  5.11580E-01
  1.5895833333E+01  1.5900000000E+01  1.71178E-02  3.41174E-01
  1.5900000000E+01  1.5904166667E+01  1.72127E-02  4.78906E-01
  1.5904166667E+01  1.5908333333E+01  1.72157E-02  5.25211E-01
  1.5908333333E+01  1.5912500000E+01  1.71585E-02  4.13793E-01
  1.5912500000E+01  1.5916666667E+01  1.71488E-02  3.86360E-01
  1.5916666667E+01  1.5920833333E+01  1.71868E-02  5.18070E-01
  1.5920833333E+01  1.5925000000E+01  1.72363E-02  5.62381E-01
  1.5925000000E+01  1.5929166667E+01  1.72470E-02  4.85859E-01
  1.5929166667E+01  1.5933333333E+01  1.72768E-02  5.20549E-01
  1.5933333333E+01  1.5937500000E+01  1.72310E-02  4.71204E-01
  1.5937500000E+01  1.5941666667E+01  1.71603E-02  3.96104E-01
  1.5941666667E+01  1.5945833333E+01  1.72131E-02  3.96892E-01
  1.5945833333E+01  1.5950000000E+01  1.71310E-02  2.84313E-01
  1.5950000000E+01  1.5954166667E+01  1.73276E-02  6.04832E-01
  1.5954166667E+01  1.5958333333E+01  1.73451E-02  5.56533E-01
  1.5958333333E+01  1.5962500000E+01  1.71277E-02  3.15698E-01
  1.5962500000E+01  1.5966666667E+01  1.73203E-02  5.10859E-01
  1.5966666667E+01  1.5970833333E+01  1.72693E-02  3.79346E-01
  1.5970833333E+01  1.5975000000E+01  1.72075E-02  3.28124E-01
  1.5975000000E+01  1.5979166667E+01  1.72469E-02  4.50651E-01
  1.5979166667E+01  1.5983333333E+01  1.73197E-02  5.23962E-01
  1.5983333333E+01  1.5987500000E+01  1.74051E-02  6.13760E-01
  1.5987500000E+01  1.5991666667E+01  1.74477E-02  6.59741E-01
  1.5991666667E+01  1.5995833333E+01  1.73108E-02  4.63975E-01
  1.5995833333E+01  1.6000000000E+01  1.72461E-02  4.18674E-01
  1.6000000000E+01  1.6004166667E+01  1.71785E-02  3.39324E-01
  1.6004166667E+01  1.6008333333E+01  1.72163E-02  4.58101E-01
  1.6008333333E+01  1.6012500000E+01  1.72599E-02  3.98968E-01
  1.6012500000E+01  1.6016666667E+01  1.72383E-02  4.15212E-01
  1.6016666667E+01  1.6020833333E+01  1.72921E-02  3.91676E-01
  1.6020833333E+01  1.6025000000E+01  1.74855E-02  6.16424E-01
  1.6025000000E+01  1.6029166667E+01  1.74695E-02  7.40994E-01
  1.6029166667E+01  1.6033333333E+01  1.73252E-02  4.87319E-01
  1.6033333333E+01  1.6037500000E+01  1.72607E-02  3.96092E-01
  1.6037500000E+01  1.6041666667E+01  1.75236E-02  6.92736E-01
  1.6041666667E+01  1.6045833333E+01  1.73412E-02  4.27129E-01
  1.6045833333E+01  1.6050000000E+01  1.73171E-02  3.66701E-01
  1.6050000000E+01  1.6054166667E+01  1.74953E-02  5.05197E-01
  1.6054166667E+01  1.6058333333E+01  1.75214E-02  5.56962E-01
  1.6058333333E+01  1.6062500000E+01  1.74968E-02  5.00615E-01
  1.6062500000E+01  1.6066666667E+01  1.74406E-02  4.66635E-01
  1.6066666667E+01  1.6070833333E+01  1.73490E-02  4.34890E-01
  1.6070833333E+01  1.6075000000E+01  1.73060E-02  4.28821E-01
  1.6075000000E+01  1.6079166667E+01  1.73978E-02  4.74289E-01
  1.6079166667E+01  1.6083333333E+01  1.73308E-02  4.71735E-01
  1.6083333333E+01  1.6087500000E+01  1.74784E-02  5.91016E-01
  1.6087500000E+01  1.6091666667E+01  1.76348E-02  5.99674E-01
  1.6091666667E+01  1.6095833333E+01  1.74184E-02  4.98721E-01
  1.6095833333E+01  1.6100000000E+01  1.74317E-02  4.85802E-01
  1.6100000000E+01  1.6104166667E+01  1.74216E-02  4.65839E-01
  1.6104166667E+01  1.6108333333E+01  1.74759E-02  4.81110E-01
  1.6108333333E+01  1.6112500000E+01  1.74686E-02  4.45117E-01
  1.6112500000E+01  1.6116666667E+01  1.74338E-02  4.72448E-01
  1.6116666667E+01  1.6120833333E+01  1.74969E-02  5.34537E-01
  1.6120833333E+01  1.6125000000E+01  1.75201E-02  5.92540E-01
  1.6125000000E+01  1.6129166667E+01  1.74603E-02  4.05028E-01
  1.6129166667E+01  1.6133333333E+01  1.75120E-02  4.92570E-01
  1.6133333333E+01  1.6137500000E+01  1.75273E-02  5.39313E-01
  1.6137500000E+01  1.6141666667E+01  1.75061E-02  4.53938E-01
  1.6141666667E+01  1.6145833333E+01  1.75283E-02  5.62489E-01
  1.6145833333E+01  1.6150000000E+01  1.75217E-02  5.18059E-01
  1.6150000000E+01  1.6154166667E+01  1.75865E-02  6.45533E-01
  1.6154166667E+01  1.6158333333E+01  1.76433E-02  6.52322E-01
  1.6158333333E+01  1.6162500000E+01  1.74856E-02  4.42365E-01
  1.6162500000E+01  1.6166666667E+01  1.74611E-02  4.29445E-01
  1.6166666667E+01  1.6170833333E+01  1.73852E-02  3.59694E-01
  1.6170833333E+01  1.6175000000E+01  1.74485E-02  4.03893E-01
  1.6175000000E+01  1.6179166667E+01  1.74967E-02  4.17241E-01
  1.6179166667E+01  1.6183333333E+01  1.75441E-02  4.56900E-01
  1.6183333333E+01  1.6187500000E+01  1.76112E-02  5.39815E-01
  1.6187500000E+01  1.6191666667E+01  1.75506E-02  5.41711E-01
  1.6191666667E+01  1.6195833333E+01  1.76741E-02  5.28630E-01
  1.6195833333E+01  1.6200000000E+01  1.75200E-02  4.03057E-01
  1.6200000000E+01  1.6204166667E+01  1.77564E-02  7.04396E-01
  1.6204166667E+01  1.6208333333E+01  1.75380E-02  3.60537E-01
  1.6208333333E+01  1.6212500000E+01  1.75572E-02  3.84527E-01
  1.6212500000E+01  1.6216666667E+01  1.76017E-02  4.58119E-01
  1.6216666667E+01  1.6220833333E+01  1.76027E-02  4.53689E-01
  1.6220833333E+01  1.6225000000E+01  1.76243E-02  4.51720E-01
  1.6225000000E+01  1.6229166667E+01  1.76543E-02  5.65635E-01
  1.6229166667E+01  1.6233333333E+01  1.75182E-02  4.31474E-01
  1.6233333333E+01  1.6237500000E+01  1.74954E-02  3.38855E-01
  1.6237500000E+01  1.6241666667E+01  1.76353E-02  4.92315E-01
  1.6241666667E+01  1.6245833333E+01  1.76331E-02  4.53727E-01
  1.6245833333E+01  1.6250000000E+01  1.77156E-02  5.16856E-01
  1.6250000000E+01  1.6254166667E+01  1.78179E-02  5.19107E-01
  1.6254166667E+01  1.6258333333E+01  1.80540E-02  8.71204E-01
  1.6258333333E+01  1.6262500000E+01  1.78145E-02  5.20343E-01
  1.6262500000E+01  1.6266666667E+01  1.77732E-02  4.12943E-01
  1.6266666667E+01  1.6270833333E+01  1.77334E-02  4.02557E-01
  1.6270833333E+01  1.6275000000E+01  1.77171E-02  3.48009E-01
  1.6275000000E+01  1.6279166667E+01  1.77244E-02  3.05292E-01
  1.6279166667E+01  1.6283333333E+01  1.77922E-02  3.70910E-01
  1.6283333333E+01  1.6287500000E+01  1.78771E-02  5.74895E-01
  1.6287500000E+01  1.6291666667E+01  1.78770E-02  4.68704E-01
  1.6291666667E+01  1.6295833333E+01  1.78432E-02  4.11095E-01
  1.6295833333E+01  1.6300000000E+01  1.78597E-02  4.31859E-01
  1.6300000000E+01  1.6304166667E+01  1.78188E-02  3.93671E-01
  1.6304166667E+01  1.6308333333E+01  1.78956E-02  4.89790E-01
  1.6308333333E+01  1.6312500000E+01  1.78395E-02  3.75242E-01
  1.6312500000E+01  1.6316666667E+01  1.78288E-02  3.71203E-01
  1.6316666667E+01  1.6320833333E+01  1.79123E-02  4.84472E-01
  1.6320833333E+01  1.6325000000E+01  1.79550E-02  3.46628E-01
  1.6325000000E+01  1.6329166667E+01  1.80000E-02  5.98706E-01
  1.6329166667E+01  1.6333333333E+01  1.80116E-02  4.99313E-01
  1.6333333333E+01  1.6337500000E+01  1.79719E-02  4.93002E-01
  1.6337500000E+01  1.6341666667E+01  1.79226E-02  3.56133E-01
  1.6341666667E+01  1.6345833333E+01  1.80141E-02  5.51253E-01
  1.6345833333E+01  1.6350000000E+01  1.81304E-02  7.94503E-01
  1.6350000000E+01  1.6354166667E+01  1.80153E-02  4.63284E-01
  1.6354166667E+01  1.6358333333E+01  1.79973E-02  4.61173E-01
  1.6358333333E+01  1.6362500000E+01  1.79175E-02  3.93305E-01
  1.6362500000E+01  1.6366666667E+01  1.79639E-02  4.48025E-01
  1.6366666667E+01  1.6370833333E+01  1.80160E-02  4.38452E-01
  1.6370833333E+01  1.6375000000E+01  1.79449E-02  4.08878E-01
  1.6375000000E+01  1.6379166667E+01  1.79350E-02  3.63367E-01
  1.6379166667E+01  1.6383333333E+01  1.80120E-02  4.35738E-01
  1.6383333333E+01  1.6387500000E+01  1.79534E-02  3.59460E-01
  1.6387500000E+01  1.6391666667E+01  1.80514E-02  4.70950E-01
  1.6391666667E+01  1.6395833333E+01  1.80750E-02  4.16912E-01
  1.6395833333E+01  1.6400000000E+01  1.80855E-02  4.52839E-01
  1.6400000000E+01  1.6404166667E+01  1.81291E-02  5.26519E-01
  1.6404166667E+01  1.6408333333E+01  1.80277E-02  3.43316E-01
  1.6408333333E+01  1.6412500000E+01  1.80978E-02  3.98786E-01
  1.6412500000E+01  1.6416666667E+01  1.80770E-02  4.70079E-01
  1.6416666667E+01  1.6420833333E+01  1.80957E-02  4.44581E-01
  1.6420833333E+01  1.6425000000E+01  1.80118E-02  3.66090E-01
  1.6425000000E+01  1.6429166667E+01  1.82157E-02  5.05532E-01
  1.6429166667E+01  1.6433333333E+01  1.81811E-02  4.05073E-01
  1.6433333333E+01  1.6437500000E+01  1.81456E-02  4.61334E-01
  1.6437500000E+01  1.6441666667E+01  1.81967E-02  5.78429E-01
  1.6441666667E+01  1.6445833333E+01  1.82540E-02  6.00872E-01
  1.6445833333E+01  1.6450000000E+01  1.81731E-02  4.07239E-01
  1.6450000000E+01  1.6454166667E+01  1.81841E-02  4.12775E-01
  1.6454166667E+01  1.6458333333E+01  1.81165E-02  3.98685E-01
  1.6458333333E+01  1.6462500000E+01  1.81307E-02  3.80863E-01
  1.6462500000E+01  1.6466666667E+01  1.80825E-02  2.83655E-01
  1.6466666667E+01  1.6470833333E+01  1.82251E-02  4.67191E-01
  1.6470833333E+01  1.6475000000E+01  1.81522E-02  4.12262E-01
  1.6475000000E+01  1.6479166667E+01  1.81888E-02  3.44595E-01
  1.6479166667E+01  1.6483333333E+01  1.82473E-02  4.61903E-01
  1.6483333333E+01  1.6487500000E+01  1.84162E-02  6.43746E-01
  1.6487500000E+01  1.6491666667E+01  1.82059E-02  3.23616E-01
  1.6491666667E+01  1.6495833333E+01  1.84000E-02  5.60967E-01
  1.6495833333E+01  1.6500000000E+01  1.83459E-02  4.20148E-01
  1.6500000000E+01  1.6504166667E+01  1.83807E-02  4.25346E-01
  1.6504166667E+01  1.6508333333E+01  1.83266E-02  4.89216E-01
  1.6508333333E+01  1.6512500000E+01  1.82992E-02  3.26313E-01
  1.6512500000E+01  1.6516666667E+01  1.83393E-02  3.45827E-01
  1.6516666667E+01  1.6520833333E+01  1.83503E-02  4.12113E-01
  1.6520833333E+01  1.6525000000E+01  1.83019E-02  2.86965E-01
  1.6525000000E+01  1.6529166667E+01  1.82916E-02  3.43591E-01
  1.6529166667E+01  1.6533333333E+01  1.83344E-02  3.76005E-01
  1.6533333333E+01  1.6537500000E+01  1.84674E-02  5.12288E-01
  1.6537500000E+01  1.6541666667E+01  1.84005E-02  4.46460E-01
  1.6541666667E+01  1.6545833333E+01  1.83791E-02  4.00115E-01
  1.6545833333E+01  1.6550000000E+01  1.84212E-02  4.60021E-01
  1.6550000000E+01  1.6554166667E+01  1.84036E-02  4.15111E-01
  1.6554166667E+01  1.6558333333E+01  1.84754E-02  4.10628E-01
  1.6558333333E+01  1.6562500000E+01  1.85411E-02  4.87941E-01
  1.6562500000E+01  1.6566666667E+01  1.85617E-02  4.36171E-01
  1.6566666667E+01  1.6570833333E+01  1.85392E-02  3.93748E-01
  1.6570833333E+01  1.6575000000E+01  1.86158E-02  3.95456E-01
  1.6575000000E+01  1.6579166667E+01  1.85750E-02  4.25327E-01
  1.6579166667E+01  1.6583333333E+01  1.87054E-02  5.24850E-01
  1.6583333333E+01  1.6587500000E+01  1.86112E-02  3.92284E-01
  1.6587500000E+01  1.6591666667E+01  1.86292E-02  3.93613E-01
  1.6591666667E+01  1.6595833333E+01  1.86469E-02  3.54301E-01
  1.6595833333E+01  1.6600000000E+01  1.87078E-02  4.19649E-01
  1.6600000000E+01  1.6604166667E+01  1.87460E-02  4.27319E-01
  1.6604166667E+01  1.6608333333E+01  1.89294E-02  6.99868E-01
  1.6608333333E+01  1.6612500000E+01  1.88206E-02  4.76036E-01
  1.6612500000E+01  1.6616666667E+01  1.88371E-02  6.28710E-01
  1.6616666667E+01  1.6620833333E+01  1.87665E-02  4.09211E-01
  1.6620833333E+01  1.6625000000E+01  1.86995E-02  3.83520E-01
  1.6625000000E+01  1.6629166667E+01  1.86921E-02  3.57891E-01
  1.6629166667E+01  1.6633333333E+01  1.88426E-02  5.20737E-01
  1.6633333333E+01  1.6637500000E+01  1.88123E-02  5.09309E-01
  1.6637500000E+01  1.6641666667E+01  1.89041E-02  4.96505E-01
  1.6641666667E+01  1.6645833333E+01  1.88151E-02  3.93441E-01
  1.6645833333E+01  1.6650000000E+01  1.87819E-02  3.98841E-01
  1.6650000000E+01  1.6654166667E+01  1.87926E-02  3.54516E-01
  1.6654166667E+01  1.6658333333E+01  1.87757E-02  3.38859E-01
  1.6658333333E+01  1.6662500000E+01  1.89034E-02  4.44483E-01
  1.6662500000E+01  1.6666666667E+01  1.88638E-02  5.16772E-01
  1.6666666667E+01  1.6670833333E+01  1.88479E-02  3.51527E-01
  1.6670833333E+01  1.6675000000E+01  1.89009E-02  4.12663E-01
  1.6675000000E+01  1.6679166667E+01  1.88244E-02  3.56415E-01
  1.6679166667E+01  1.6683333333E+01  1.89655E-02  4.82206E-01
  1.6683333333E+01  1.6687500000E+01  1.88896E-02  3.54995E-01
  1.6687500000E+01  1.6691666667E+01  1.89471E-02  3.82598E-01
  1.6691666667E+01  1.6695833333E+01  1.89288E-02  3.58184E-01
  1.6695833333E+01  1.6700000000E+01  1.90119E-02  3.89395E-01
  1.6700000000E+01  1.6704166667E+01  1.89717E-02  3.75981E-01
  1.6704166667E+01  1.6708333333E+01  1.90825E-02  4.31557E-01
  1.6708333333E+01  1.6712500000E+01  1.90932E-02  5.51363E-01
  1.6712500000E+01  1.6716666667E+01  1.90317E-02  3.55068E-01
  1.6716666667E+01  1.6720833333E+01  1.91248E-02  5.48901E-01
  1.6720833333E+01  1.6725000000E+01  1.91178E-02  4.35732E-01
  1.6725000000E+01  1.6729166667E+01  1.90372E-02  3.70817E-01
  1.6729166667E+01  1.6733333333E+01  1.90519E-02  4.67898E-01
  1.6733333333E+01  1.6737500000E+01  1.90812E-02  3.86857E-01
  1.6737500000E+01  1.6741666667E+01  1.92721E-02  5.63803E-01
  1.6741666667E+01  1.6745833333E+01  1.93849E-02  6.59295E-01
  1.6745833333E+01  1.6750000000E+01  1.91618E-02  4.24447E-01
  1.6750000000E+01  1.6754166667E+01  1.92024E-02  4.08057E-01
  1.6754166667E+01  1.6758333333E+01  1.90719E-02  3.33342E-01
  1.6758333333E+01  1.6762500000E+01  1.91159E-02  3.75416E-01
  1.6762500000E+01  1.6766666667E+01  1.91557E-02  3.92935E-01
  1.6766666667E+01  1.6770833333E+01  1.91775E-02  3.93593E-01
  1.6770833333E+01  1.6775000000E+01  1.91886E-02  3.21677E-01
  1.6775000000E+01  1.6779166667E+01  1.93386E-02  4.45194E-01
  1.6779166667E+01  1.6783333333E+01  1.94002E-02  5.58804E-01
  1.6783333333E+01  1.6787500000E+01  1.93031E-02  5.14312E-01
  1.6787500000E+01  1.6791666667E+01  1.93041E-02  4.67671E-01
  1.6791666667E+01  1.6795833333E+01  1.92244E-02  4.25941E-01
  1.6795833333E+01  1.6800000000E+01  1.93422E-02  5.43346E-01
  1.6800000000E+01  1.6804166667E+01  1.93301E-02  3.96589E-01
  1.6804166667E+01  1.6808333333E+01  1.93614E-02  3.54197E-01
  1.6808333333E+01  1.6812500000E+01  1.93824E-02  4.19306E-01
  1.6812500000E+01  1.6816666667E+01  1.93562E-02  3.61980E-01
  1.6816666667E+01  1.6820833333E+01  1.93757E-02  3.87541E-01
  1.6820833333E+01  1.6825000000E+01  1.94383E-02  4.25945E-01
  1.6825000000E+01  1.6829166667E+01  1.95022E-02  4.54851E-01
  1.6829166667E+01  1.6833333333E+01  1.95289E-02  5.12510E-01
  1.6833333333E+01  1.6837500000E+01  1.95449E-02  4.94089E-01
  1.6837500000E+01  1.6841666667E+01  1.94928E-02  4.21581E-01
  1.6841666667E+01  1.6845833333E+01  1.96584E-02  5.31555E-01
  1.6845833333E+01  1.6850000000E+01  1.95995E-02  4.92699E-01
  1.6850000000E+01  1.6854166667E+01  1.95408E-02  3.44937E-01
  1.6854166667E+01  1.6858333333E+01  1.95404E-02  3.27814E-01
  1.6858333333E+01  1.6862500000E+01  1.96955E-02  4.90006E-01
  1.6862500000E+01  1.6866666667E+01  1.97229E-02  4.50423E-01
  1.6866666667E+01  1.6870833333E+01  1.98121E-02  4.83323E-01
  1.6870833333E+01  1.6875000000E+01  1.96812E-02  3.93109E-01
  1.6875000000E+01  1.6879166667E+01  1.97843E-02  3.79005E-01
  1.6879166667E+01  1.6883333333E+01  1.98001E-02  4.30545E-01
  1.6883333333E+01  1.6887500000E+01  1.98780E-02  5.69659E-01
  1.6887500000E+01  1.6891666667E+01  1.98993E-02  4.83567E-01
  1.6891666667E+01  1.6895833333E+01  1.98502E-02  4.97410E-01
  1.6895833333E+01  1.6900000000E+01  1.98977E-02  3.86925E-01
  1.6900000000E+01  1.6904166667E+01  1.99204E-02  5.15180E-01
  1.6904166667E+01  1.6908333333E+01  1.99909E-02  5.45064E-01
  1.6908333333E+01  1.6912500000E+01  1.98420E-02  3.47722E-01
  1.6912500000E+01  1.6916666667E+01  2.00293E-02  5.28038E-01
  1.6916666667E+01  1.6920833333E+01  1.98963E-02  3.87559E-01
  1.6920833333E+01  1.6925000000E+01  1.99797E-02  4.82615E-01
  1.6925000000E+01  1.6929166667E+01  1.99450E-02  4.17855E-01
  1.6929166667E+01  1.6933333333E+01  2.00305E-02  4.95891E-01
  1.6933333333E+01  1.6937500000E+01  1.99954E-02  3.95327E-01
  1.6937500000E+01  1.6941666667E+01  1.99431E-02  3.43937E-01
  1.6941666667E+01  1.6945833333E+01  2.00185E-02  4.56974E-01
  1.6945833333E+01  1.6950000000E+01  2.01614E-02  5.09463E-01
  1.6950000000E+01  1.6954166667E+01  2.00478E-02  3.52452E-01
  1.6954166667E+01  1.6958333333E+01  2.01717E-02  4.47652E-01
  1.6958333333E+01  1.6962500000E+01  2.00742E-02  3.77445E-01
  1.6962500000E+01  1.6966666667E+01  2.01165E-02  4.38882E-01
  1.6966666667E+01  1.6970833333E+01  2.01331E-02  4.49356E-01
  1.6970833333E+01  1.6975000000E+01  2.01529E-02  3.58820E-01
  1.6975000000E+01  1.6979166667E+01  2.02288E-02  3.85786E-01
  1.6979166667E+01  1.6983333333E+01  2.01750E-02  3.79967E-01
  1.6983333333E+01  1.6987500000E+01  2.02415E-02  4.19999E-01
  1.6987500000E+01  1.6991666667E+01  2.03604E-02  5.12169E-01
  1.6991666667E+01  1.6995833333E+01  2.03667E-02  5.07045E-01
  1.6995833333E+01  1.7000000000E+01  2.02908E-02  4.15170E-01
  1.7000000000E+01  1.7004166667E+01  2.03217E-02  4.28473E-01
  1.7004166667E+01  1.7008333333E+01  2.04104E-02  4.56088E-01
  1.7008333333E+01  1.7012500000E+01  2.03725E-02  4.17543E-01
  1.7012500000E+01  1.7016666667E+01  2.04786E-02  4.78243E-01
  1.7016666667E+01  1.7020833333E+01  2.04595E-02  4.61041E-01
  1.7020833333E+01  1.7025000000E+01  2.04334E-02  3.89023E-01
  1.7025000000E+01  1.7029166667E+01  2.05145E-02  4.21591E-01
  1.7029166667E+01  1.7033333333E+01  2.04591E-02  4.17836E-01
  1.7033333333E+01  1.7037500000E+01  2.04785E-02  3.52533E-01
  1.7037500000E+01  1.7041666667E+01  2.05727E-02  4.23621E-01
  1.7041666667E+01  1.7045833333E+01  2.05967E-02  4.16446E-01
  1.7045833333E+01  1.7050000000E+01  2.06468E-02  3.63904E-01
  1.7050000000E+01  1.7054166667E+01  2.06670E-02  4.39316E-01
  1.7054166667E+01  1.7058333333E+01  2.07143E-02  4.51402E-01
  1.7058333333E+01  1.7062500000E+01  2.07831E-02  4.63203E-01
  1.7062500000E+01  1.7066666667E+01  2.07519E-02  4.41582E-01
  1.7066666667E+01  1.7070833333E+01  2.07622E-02  4.55404E-01
  1.7070833333E+01  1.7075000000E+01  2.08452E-02  3.87395E-01
  1.7075000000E+01  1.7079166667E+01  2.08112E-02  3.66142E-01
  1.7079166667E+01  1.7083333333E+01  2.07427E-02  3.67594E-01
  1.7083333333E+01  1.7087500000E+01  2.08445E-02  4.09007E-01
  1.7087500000E+01  1.7091666667E+01  2.08701E-02  4.57533E-01
  1.7091666667E+01  1.7095833333E+01  2.09250E-02  3.59470E-01
  1.7095833333E+01  1.7100000000E+01  2.08885E-02  4.05153E-01
  1.7100000000E+01  1.7104166667E+01  2.09542E-02  4.25631E-01
  1.7104166667E+01  1.7108333333E+01  2.10030E-02  4.35482E-01
  1.7108333333E+01  1.7112500000E+01  2.11036E-02  5.17622E-01
  1.7112500000E+01  1.7116666667E+01  2.11553E-02  4.63285E-01
  1.7116666667E+01  1.7120833333E+01  2.10457E-02  3.56474E-01
  1.7120833333E+01  1.7125000000E+01  2.10563E-02  3.98460E-01
  1.7125000000E+01  1.7129166667E+01  2.12969E-02  6.07573E-01
  1.7129166667E+01  1.7133333333E+01  2.10985E-02  3.84242E-01
  1.7133333333E+01  1.7137500000E+01  2.12173E-02  4.58328E-01
  1.7137500000E+01  1.7141666667E+01  2.12474E-02  3.98470E-01
  1.7141666667E+01  1.7145833333E+01  2.12809E-02  3.94341E-01
  1.7145833333E+01  1.7150000000E+01  2.12074E-02  3.30698E-01
  1.7150000000E+01  1.7154166667E+01  2.11613E-02  3.37382E-01
  1.7154166667E+01  1.7158333333E+01  2.13775E-02  4.72953E-01
  1.7158333333E+01  1.7162500000E+01  2.12606E-02  3.46080E-01
  1.7162500000E+01  1.7166666667E+01  2.14195E-02  4.23720E-01
  1.7166666667E+01  1.7170833333E+01  2.15009E-02  5.03553E-01
  1.7170833333E+01  1.7175000000E+01  2.14682E-02  4.32540E-01
  1.7175000000E+01  1.7179166667E+01  2.13470E-02  3.38451E-01
  1.7179166667E+01  1.7183333333E+01  2.13862E-02  3.36636E-01
  1.7183333333E+01  1.7187500000E+01  2.14337E-02  3.50706E-01
  1.7187500000E+01  1.7191666667E+01  2.15695E-02  4.52988E-01
  1.7191666667E+01  1.7195833333E+01  2.15642E-02  5.16140E-01
  1.7195833333E+01  1.7200000000E+01  2.15659E-02  4.30372E-01
  1.7200000000E+01  1.7204166667E+01  2.16872E-02  4.08340E-01
  1.7204166667E+01  1.7208333333E+01  2.17356E-02  4.58014E-01
  1.7208333333E+01  1.7212500000E+01  2.16914E-02  3.49337E-01
  1.7212500000E+01  1.7216666667E+01  2.16896E-02  3.31167E-01
  1.7216666667E+01  1.7220833333E+01  2.18122E-02  4.71146E-01
  1.7220833333E+01  1.7225000000E+01  2.18419E-02  4.28976E-01
  1.7225000000E+01  1.7229166667E+01  2.17703E-02  3.60438E-01
  1.7229166667E+01  1.7233333333E+01  2.18924E-02  4.63042E-01
  1.7233333333E+01  1.7237500000E+01  2.19047E-02  4.19990E-01
  1.7237500000E+01  1.7241666667E+01  2.19195E-02  4.10852E-01
  1.7241666667E+01  1.7245833333E+01  2.19323E-02  3.97787E-01
  1.7245833333E+01  1.7250000000E+01  2.19625E-02  3.47741E-01
  1.7250000000E+01  1.7254166667E+01  2.20420E-02  4.46325E-01
  1.7254166667E+01  1.7258333333E+01  2.21233E-02  4.03965E-01
  1.7258333333E+01  1.7262500000E+01  2.20207E-02  3.24268E-01
  1.7262500000E+01  1.7266666667E+01  2.20693E-02  3.62831E-01
  1.7266666667E+01  1.7270833333E+01  2.21200E-02  3.55540E-01
  1.7270833333E+01  1.7275000000E+01  2.21401E-02  3.66581E-01
  1.7275000000E+01  1.7279166667E+01  2.22717E-02  3.74795E-01
  1.7279166667E+01  1.7283333333E+01  2.22651E-02  3.55302E-01
  1.7283333333E+01  1.7287500000E+01  2.23169E-02  3.31816E-01
  1.7287500000E+01  1.7291666667E+01  2.23715E-02  3.66043E-01
  1.7291666667E+01  1.7295833333E+01  2.24161E-02  3.22610E-01
  1.7295833333E+01  1.7300000000E+01  2.24801E-02  3.55096E-01
  1.7300000000E+01  1.7304166667E+01  2.26034E-02  4.31230E-01
  1.7304166667E+01  1.7308333333E+01  2.25409E-02  3.49765E-01
  1.7308333333E+01  1.7312500000E+01  2.26393E-02  3.80547E-01
  1.7312500000E+01  1.7316666667E+01  2.26127E-02  4.49428E-01
  1.7316666667E+01  1.7320833333E+01  2.26810E-02  4.04745E-01
  1.7320833333E+01  1.7325000000E+01  2.26704E-02  3.97518E-01
  1.7325000000E+01  1.7329166667E+01  2.26731E-02  3.67073E-01
  1.7329166667E+01  1.7333333333E+01  2.27934E-02  3.98502E-01
  1.7333333333E+01  1.7337500000E+01  2.27623E-02  4.00549E-01
  1.7337500000E+01  1.7341666667E+01  2.28558E-02  4.14456E-01
  1.7341666667E+01  1.7345833333E+01  2.28719E-02  3.51254E-01
  1.7345833333E+01  1.7350000000E+01  2.28073E-02  3.24618E-01
  1.7350000000E+01  1.7354166667E+01  2.30182E-02  4.55840E-01
  1.7354166667E+01  1.7358333333E+01  2.30199E-02  3.94287E-01
  1.7358333333E+01  1.7362500000E+01  2.30735E-02  3.71759E-01
  1.7362500000E+01  1.7366666667E+01  2.30832E-02  4.02476E-01
  1.7366666667E+01  1.7370833333E+01  2.30793E-02  3.19159E-01
  1.7370833333E+01  1.7375000000E+01  2.31715E-02  3.49787E-01
  1.7375000000E+01  1.7379166667E+01  2.32035E-02  2.96895E-01
  1.7379166667E+01  1.7383333333E+01  2.31868E-02  2.96656E-01
  1.7383333333E+01  1.7387500000E+01  2.32220E-02  3.25755E-01
  1.7387500000E+01  1.7391666667E+01  2.32913E-02  3.26213E-01
  1.7391666667E+01  1.7395833333E+01  2.33929E-02  3.04098E-01
  1.7395833333E+01  1.7400000000E+01  2.34504E-02  3.35672E-01
  1.7400000000E+01  1.7404166667E+01  2.34789E-02  3.62505E-01
  1.7404166667E+01  1.7408333333E+01  2.36544E-02  3.97121E-01
  1.7408333333E+01  1.7412500000E+01  2.35443E-02  3.28179E-01
  1.7412500000E+01  1.7416666667E+01  2.36659E-02  3.36212E-01
  1.7416666667E+01  1.7420833333E+01  2.37596E-02  3.26796E-01
  1.7420833333E+01  1.7425000000E+01  2.37945E-02  3.25030E-01
  1.7425000000E+01  1.7429166667E+01  2.38371E-02  3.66955E-01
  1.7429166667E+01  1.7433333333E+01  2.38615E-02  3.65614E-01
  1.7433333333E+01  1.7437500000E+01  2.38902E-02  3.34435E-01
  1.7437500000E+01  1.7441666667E+01  2.39196E-02  2.97748E-01
  1.7441666667E+01  1.7445833333E+01  2.40016E-02  3.01676E-01
  1.7445833333E+01  1.7450000000E+01  2.40492E-02  3.37565E-01
  1.7450000000E+01  1.7454166667E+01  2.40878E-02  3.21000E-01
  1.7454166667E+01  1.7458333333E+01  2.42378E-02  3.76338E-01
  1.7458333333E+01  1.7462500000E+01  2.42326E-02  3.28532E-01
  1.7462500000E+01  1.7466666667E+01  2.43210E-02  3.22625E-01
  1.7466666667E+01  1.7470833333E+01  2.43694E-02  4.05606E-01
  1.7470833333E+01  1.7475000000E+01  2.43925E-02  3.10565E-01
  1.7475000000E+01  1.7479166667E+01  2.44238E-02  3.09478E-01
  1.7479166667E+01  1.7483333333E+01  2.45459E-02  3.47645E-01
  1.7483333333E+01  1.7487500000E+01  2.45842E-02  3.29185E-01
  1.7487500000E+01  1.7491666667E+01  2.47066E-02  3.89783E-01
  1.7491666667E+01  1.7495833333E+01  2.46137E-02  2.69605E-01
  1.7495833333E+01  1.7500000000E+01  2.48078E-02  3.79707E-01
  1.7500000000E+01  1.7504166667E+01  2.48391E-02  3.43604E-01
  1.7504166667E+01  1.7508333333E+01  2.49056E-02  3.32595E-01
  1.7508333333E+01  1.7512500000E+01  2.49927E-02  3.42687E-01
  1.7512500000E+01  1.7516666667E+01  2.51085E-02  4.58875E-01
  1.7516666667E+01  1.7520833333E+01  2.51369E-02  3.77337E-01
  1.7520833333E+01  1.7525000000E+01  2.52704E-02  3.38860E-01
  1.7525000000E+01  1.7529166667E+01  2.53798E-02  3.84502E-01
  1.7529166667E+01  1.7533333333E+01  2.54467E-02  3.58666E-01
  1.7533333333E+01  1.7537500000E+01  2.54482E-02  3.45680E-01
  1.7537500000E+01  1.7541666667E+01  2.54924E-02  3.74823E-01
  1.7541666667E+01  1.7545833333E+01  2.55394E-02  3.30685E-01
  1.7545833333E+01  1.7550000000E+01  2.57302E-02  4.06494E-01
  1.7550000000E+01  1.7554166667E+01  2.55960E-02  3.44367E-01
  1.7554166667E+01  1.7558333333E+01  2.57523E-02  3.96849E-01
  1.7558333333E+01  1.7562500000E+01  2.58461E-02  3.54484E-01
  1.7562500000E+01  1.7566666667E+01  2.59021E-02  3.39595E-01
  1.7566666667E+01  1.7570833333E+01  2.59352E-02  3.33036E-01
  1.7570833333E+01  1.7575000000E+01  2.61307E-02  3.60382E-01
  1.7575000000E+01  1.7579166667E+01  2.61700E-02  3.47485E-01
  1.7579166667E+01  1.7583333333E+01  2.62662E-02  3.84463E-01
  1.7583333333E+01  1.7587500000E+01  2.63374E-02  3.43304E-01
  1.7587500000E+01  1.7591666667E+01  2.64424E-02  3.69696E-01
  1.7591666667E+01  1.7595833333E+01  2.65700E-02  4.55840E-01
  1.7595833333E+01  1.7600000000E+01  2.64840E-02  3.17231E-01
  1.7600000000E+01  1.7604166667E+01  2.67590E-02  4.26473E-01
  1.7604166667E+01  1.7608333333E+01  2.67346E-02  4.14126E-01
  1.7608333333E+01  1.7612500000E+01  2.68145E-02  3.82252E-01
  1.7612500000E+01  1.7616666667E+01  2.69023E-02  3.21984E-01
  1.7616666667E+01  1.7620833333E+01  2.70614E-02  4.34567E-01
  1.7620833333E+01  1.7625000000E+01  2.71109E-02  3.66618E-01
  1.7625000000E+01  1.7629166667E+01  2.72036E-02  3.53511E-01
  1.7629166667E+01  1.7633333333E+01  2.73745E-02  3.53151E-01
  1.7633333333E+01  1.7637500000E+01  2.74304E-02  3.83428E-01
  1.7637500000E+01  1.7641666667E+01  2.75328E-02  4.13800E-01
  1.7641666667E+01  1.7645833333E+01  2.75571E-02  3.94387E-01
  1.7645833333E+01  1.7650000000E+01  2.76355E-02  3.43780E-01
  1.7650000000E+01  1.7654166667E+01  2.77804E-02  3.79701E-01
  1.7654166667E+01  1.7658333333E+01  2.78683E-02  3.23048E-01
  1.7658333333E+01  1.7662500000E+01  2.79342E-02  3.15630E-01
  1.7662500000E+01  1.7666666667E+01  2.81902E-02  3.42136E-01
  1.7666666667E+01  1.7670833333E+01  2.82545E-02  3.51968E-01
  1.7670833333E+01  1.7675000000E+01  2.83242E-02  3.05315E-01
  1.7675000000E+01  1.7679166667E+01  2.84203E-02  2.79022E-01
  1.7679166667E+01  1.7683333333E+01  2.85249E-02  3.07612E-01
  1.7683333333E+01  1.7687500000E+01  2.86101E-02  3.32933E-01
  1.7687500000E+01  1.7691666667E+01  2.87368E-02  3.34481E-01
  1.7691666667E+01  1.7695833333E+01  2.88463E-02  3.16937E-01
  1.7695833333E+01  1.7700000000E+01  2.89751E-02  2.94407E-01
  1.7700000000E+01  1.7704166667E+01  2.90642E-02  2.69915E-01
  1.7704166667E+01  1.7708333333E+01  2.92154E-02  2.85602E-01
  1.7708333333E+01  1.7712500000E+01  2.94401E-02  3.04176E-01
  1.7712500000E+01  1.7716666667E+01  2.94748E-02  3.09035E-01
  1.7716666667E+01  1.7720833333E+01  2.96090E-02  3.15989E-01
  1.7720833333E+01  1.7725000000E+01  2.97490E-02  2.87807E-01
  1.7725000000E+01  1.7729166667E+01  2.98628E-02  3.12595E-01
  1.7729166667E+01  1.7733333333E+01  2.99991E-02  2.78146E-01
  1.7733333333E+01  1.7737500000E+01  3.02760E-02  2.97666E-01
  1.7737500000E+01  1.7741666667E+01  3.04104E-02  3.31758E-01
  1.7741666667E+01  1.7745833333E+01  3.05943E-02  3.12703E-01
  1.7745833333E+01  1.7750000000E+01  3.07396E-02  3.19756E-01
  1.7750000000E+01  1.7754166667E+01  3.09354E-02  3.09856E-01
  1.7754166667E+01  1.7758333333E+01  3.10186E-02  3.30055E-01
  1.7758333333E+01  1.7762500000E+01  3.12359E-02  3.14986E-01
  1.7762500000E+01  1.7766666667E+01  3.13351E-02  3.00523E-01
  1.7766666667E+01  1.7770833333E+01  3.16085E-02  3.36412E-01
  1.7770833333E+01  1.7775000000E+01  3.17089E-02  3.22122E-01
  1.7775000000E+01  1.7779166667E+01  3.20067E-02  3.50799E-01
  1.7779166667E+01  1.7783333333E+01  3.22543E-02  3.70584E-01
  1.7783333333E+01  1.7787500000E+01  3.22668E-02  3.11527E-01
  1.7787500000E+01  1.7791666667E+01  3.25423E-02  3.19978E-01
  1.7791666667E+01  1.7795833333E+01  3.26540E-02  3.27196E-01
  1.7795833333E+01  1.7800000000E+01  3.29639E-02  3.74039E-01
  1.7800000000E+01  1.7804166667E+01  3.31285E-02  3.26387E-01
  1.7804166667E+01  1.7808333333E+01  3.33063E-02  2.96328E-01
  1.7808333333E+01  1.7812500000E+01  3.35925E-02  3.20237E-01
  1.7812500000E+01  1.7816666667E+01  3.38174E-02  2.97727E-01
  1.7816666667E+01  1.7820833333E+01  3.40806E-02  2.83466E-01
  1.7820833333E+01  1.7825000000E+01  3.43806E-02  3.06787E-01
  1.7825000000E+01  1.7829166667E+01  3.45354E-02  2.64808E-01
  1.7829166667E+01  1.7833333333E+01  3.47553E-02  2.75233E-01
  1.7833333333E+01  1.7837500000E+01  3.50875E-02  3.12977E-01
  1.7837500000E+01  1.7841666667E+01  3.53561E-02  3.62539E-01
  1.7841666667E+01  1.7845833333E+01  3.56182E-02  3.03723E-01
  1.7845833333E+01  1.7850000000E+01  3.59558E-02  3.32608E-01
  1.7850000000E+01  1.7854166667E+01  3.62471E-02  3.28305E-01
  1.7854166667E+01  1.7858333333E+01  3.65278E-02  2.91840E-01
  1.7858333333E+01  1.7862500000E+01  3.67639E-02  2.73546E-01
  1.7862500000E+01  1.7866666667E+01  3.71066E-02  2.82420E-01
  1.7866666667E+01  1.7870833333E+01  3.74171E-02  2.88792E-01
  1.7870833333E+01  1.7875000000E+01  3.78483E-02  2.95978E-01
  1.7875000000E+01  1.7879166667E+01  3.82051E-02  2.76413E-01
  1.7879166667E+01  1.7883333333E+01  3.87388E-02  3.22419E-01
  1.7883333333E+01  1.7887500000E+01  3.90737E-02  2.89864E-01
  1.7887500000E+01  1.7891666667E+01  3.93659E-02  2.52200E-01
  1.7891666667E+01  1.7895833333E+01  3.98658E-02  2.58370E-01
  1.7895833333E+01  1.7900000000E+01  4.03277E-02  2.67319E-01
  1.7900000000E+01  1.7904166667E+01  4.09387E-02  2.94636E-01
  1.7904166667E+01  1.7908333333E+01  4.13466E-02  3.14737E-01
  1.7908333333E+01  1.7912500000E+01  4.18735E-02  2.98233E-01
  1.7912500000E+01  1.7916666667E+01  4.24278E-02  3.06375E-01
  1.7916666667E+01  1.7920833333E+01  4.30098E-02  2.75009E-01
  1.7920833333E+01  1.7925000000E+01  4.36563E-02  3.01963E-01
  1.7925000000E+01  1.7929166667E+01  4.42970E-02  3.38533E-01
  1.7929166667E+01  1.7933333333E+01  4.50567E-02  3.05974E-01
  1.7933333333E+01  1.7937500000E+01  4.58352E-02  3.12081E-01
  1.7937500000E+01  1.7941666667E+01  4.63038E-02  2.82287E-01
  1.7941666667E+01  1.7945833333E+01  4.71027E-02  2.96595E-01
  1.7945833333E+01  1.7950000000E+01  4.80410E-02  3.24107E-01
  1.7950000000E+01  1.7954166667E+01  4.88459E-02  3.11756E-01
  1.7954166667E+01  1.7958333333E+01  4.96523E-02  3.21985E-01
  1.7958333333E+01  1.7962500000E+01  5.04105E-02  2.89463E-01
  1.7962500000E+01  1.7966666667E+01  5.12177E-02  3.23916E-01
  1.7966666667E+01  1.7970833333E+01  5.22856E-02  3.27244E-01
  1.7970833333E+01  1.7975000000E+01  5.32862E-02  3.54605E-01
  1.7975000000E+01  1.7979166667E+01  5.41289E-02  3.28846E-01
  1.7979166667E+01  1.7983333333E+01  5.49786E-02  3.36521E-01
  1.7983333333E+01  1.7987500000E+01  5.58384E-02  3.17069E-01
  1.7987500000E+01  1.7991666667E+01  5.65469E-02  3.13199E-01
  1.7991666667E+01  1.7995833333E+01  5.72955E-02  3.51047E-01
  1.7995833333E+01  1.8000000000E+01  5.82255E-02  3.34259E-01
  1.8000000000E+01  1.8004166667E+01  5.89768E-02  3.45095E-01
  1.8004166667E+01  1.8008333333E+01  5.97707E-02  3.27943E-01
  1.8008333333E+01  1.8012500000E+01  6.04380E-02  3.44523E-01
  1.8012500000E+01  1.8016666667E+01  6.10111E-02  3.67369E-01
  1.8016666667E+01  1.8020833333E+01  6.14479E-02  3.71559E-01
  1.8020833333E+01  1.8025000000E+01  6.16521E-02  4.03167E-01
  1.8025000000E+01  1.8029166667E+01  6.18438E-02  4.02034E-01
  1.8029166667E+01  1.8033333333E+01  6.17658E-02  4.06057E-01
  1.8033333333E+01  1.8037500000E+01  6.15391E-02  4.11809E-01
  1.8037500000E+01  1.8041666667E+01  6.13228E-02  4.29395E-01
  1.8041666667E+01  1.8045833333E+01  6.06273E-02  4.10839E-01
  1.8045833333E+01  1.8050000000E+01  5.96344E-02  4.22695E-01
  1.8050000000E+01  1.8054166667E+01  5.88222E-02  4.01917E-01
  1.8054166667E+01  1.8058333333E+01  5.75873E-02  3.90001E-01
  1.8058333333E+01  1.8062500000E+01  5.60613E-02  4.12396E-01
  1.8062500000E+01  1.8066666667E+01  5.45016E-02  4.00620E-01
  1.8066666667E+01  1.8070833333E+01  5.27290E-02  4.99619E-01
  1.8070833333E+01  1.8075000000E+01  5.06924E-02  4.69537E-01
  1.8075000000E+01  1.8079166667E+01  4.85504E-02  4.88251E-01
  1.8079166667E+01  1.8083333333E+01  4.63049E-02  4.83322E-01
  1.8083333333E+01  1.8087500000E+01  4.37287E-02  4.52237E-01
  1.8087500000E+01  1.8091666667E+01  4.12838E-02  5.74728E-01
  1.8091666667E+01  1.8095833333E+01  3.87475E-02  5.81284E-01
  1.8095833333E+01  1.8100000000E+01  3.61836E-02  5.87356E-01
  1.8100000000E+01  1.8104166667E+01  3.31955E-02  5.92061E-01
  1.8104166667E+01  1.8108333333E+01  3.08471E-02  6.07312E-01
  1.8108333333E+01  1.8112500000E+01  2.82611E-02  7.16139E-01
  1.8112500000E+01  1.8116666667E+01  2.57539E-02  6.85310E-01
  1.8116666667E+01  1.8120833333E+01  2.33962E-02  7.22469E-01
  1.8120833333E+01  1.8125000000E+01  2.12520E-02  8.79586E-01
  1.8125000000E+01  1.8129166667E+01  1.89622E-02  9.45445E-01
  1.8129166667E+01  1.8133333333E+01  1.66939E-02  9.94433E-01
  1.8133333333E+01  1.8137500000E+01  1.47111E-02  9.57310E-01
  1.8137500000E+01  1.8141666667E+01  1.28268E-02  1.08889E+00
  1.8141666667E+01  1.8145833333E+01  1.12620E-02  1.17426E+00
  1.8145833333E+01  1.8150000000E+01  9.73096E-03  1.19904E+00
  1.8150000000E+01  1.8154166667E+01  8.46751E-03  1.49260E+00
  1.8154166667E+01  1.8158333333E+01  7.29066E-03  1.79520E+00
  1.8158333333E+01  1.8162500000E+01  6.16272E-03  1.67133E+00
  1.8162500000E+01  1.8166666667E+01  5.36649E-03  1.68754E+00
  1.8166666667E+01  1.8170833333E+01  4.48492E-03  1.97460E+00
  1.8170833333E+01  1.8175000000E+01  3.75566E-03  2.36824E+00
  1.8175000000E+01  1.8179166667E+01  3.07927E-03  2.37703E+00
  1.8179166667E+01  1.8183333333E+01  2.53706E-03  2.70153E+00
  1.8183333333E+01  1.8187500000E+01  2.06445E-03  3.32717E+00
  1.8187500000E+01  1.8191666667E+01  1.68017E-03  3.34067E+00
  1.8191666667E+01  1.8195833333E+01  1.34723E-03  3.85225E+00
  1.8195833333E+01  1.8200000000E+01  1.08793E-03  3.96070E+00
  1.8200000000E+01  1.8204166667E+01  8.56386E-04  4.42386E+00
  1.8204166667E+01  1.8208333333E+01  6.63495E-04  5.63296E+00
  1.8208333333E+01  1.8212500000E+01  5.32489E-04  5.52564E+00
  1.8212500000E+01  1.8216666667E+01  3.93862E-04  6.00197E+00
  1.8216666667E+01  1.8220833333E+01  3.01206E-04  7.09013E+00
  1.8220833333E+01  1.8225000000E+01  2.36831E-04  8.27705E+00
  1.8225000000E+01  1.8229166667E+01  1.75301E-04  1.15913E+01
  1.8229166667E+01  1.8233333333E+01  1.38658E-04  1.30248E+01
  1.8233333333E+01  1.8237500000E+01  9.76330E-05  1.41187E+01
  1.8237500000E+01  1.8241666667E+01  7.05236E-05  1.79794E+01
  1.8241666667E+01  1.8245833333E+01  3.79712E-05  2.17979E+01
  1.8245833333E+01  1.8250000000E+01  2.68934E-05  2.52526E+01
  1.8250000000E+01  1.8254166667E+01  2.76828E-05  2.87117E+01
  1.8254166667E+01  1.8258333333E+01  1.39745E-05  3.83472E+01
  1.8258333333E+01  1.8262500000E+01  6.89003E-06  5.08014E+01
  1.8262500000E+01  1.8266666667E+01  7.08558E-06  5.14568E+01
  1.8266666667E+01  1.8270833333E+01  5.66972E-06  6.15816E+01
  1.8270833333E+01  1.8275000000E+01  1.62668E-06  1.00000E+02
  1.8275000000E+01  1.8279166667E+01  2.46173E-06  1.00000E+02
  1.8279166667E+01  1.8283333333E+01  1.74088E-06  1.00000E+02
  1.8283333333E+01  1.8287500000E+01  1.29436E-14  1.00000E+02
  1.8287500000E+01  1.8291666667E+01  0.00000E+00  0.00000E+00
  1.8291666667E+01  1.8295833333E+01  0.00000E+00  0.00000E+00
  1.8295833333E+01  1.8300000000E+01  0.00000E+00  0.00000E+00
  1.8300000000E+01  1.8304166667E+01  0.00000E+00  0.00000E+00
  1.8304166667E+01  1.8308333333E+01  0.00000E+00  0.00000E+00
  1.8308333333E+01  1.8312500000E+01  1.42676E-13  1.00000E+02
  1.8312500000E+01  1.8316666667E+01  0.00000E+00  0.00000E+00
  1.8316666667E+01  1.8320833333E+01  0.00000E+00  0.00000E+00
  1.8320833333E+01  1.8325000000E+01  0.00000E+00  0.00000E+00
  1.8325000000E+01  1.8329166667E+01  0.00000E+00  0.00000E+00
  1.8329166667E+01  1.8333333333E+01  0.00000E+00  0.00000E+00
  1.8333333333E+01  1.8337500000E+01  0.00000E+00  0.00000E+00
  1.8337500000E+01  1.8341666667E+01  0.00000E+00  0.00000E+00
  1.8341666667E+01  1.8345833333E+01  0.00000E+00  0.00000E+00
  1.8345833333E+01  1.8350000000E+01  0.00000E+00  0.00000E+00
  1.8350000000E+01  1.8354166667E+01  0.00000E+00  0.00000E+00
  1.8354166667E+01  1.8358333333E+01  0.00000E+00  0.00000E+00
  1.8358333333E+01  1.8362500000E+01  0.00000E+00  0.00000E+00
  1.8362500000E+01  1.8366666667E+01  0.00000E+00  0.00000E+00
  1.8366666667E+01  1.8370833333E+01  0.00000E+00  0.00000E+00
  1.8370833333E+01  1.8375000000E+01  0.00000E+00  0.00000E+00
  1.8375000000E+01  1.8379166667E+01  0.00000E+00  0.00000E+00
  1.8379166667E+01  1.8383333333E+01  0.00000E+00  0.00000E+00
  1.8383333333E+01  1.8387500000E+01  0.00000E+00  0.00000E+00
  1.8387500000E+01  1.8391666667E+01  0.00000E+00  0.00000E+00
  1.8391666667E+01  1.8395833333E+01  0.00000E+00  0.00000E+00
  1.8395833333E+01  1.8400000000E+01  0.00000E+00  0.00000E+00
  1.8400000000E+01  1.8404166667E+01  0.00000E+00  0.00000E+00
  1.8404166667E+01  1.8408333333E+01  0.00000E+00  0.00000E+00
  1.8408333333E+01  1.8412500000E+01  0.00000E+00  0.00000E+00
  1.8412500000E+01  1.8416666667E+01  0.00000E+00  0.00000E+00
  1.8416666667E+01  1.8420833333E+01  0.00000E+00  0.00000E+00
  1.8420833333E+01  1.8425000000E+01  0.00000E+00  0.00000E+00
  1.8425000000E+01  1.8429166667E+01  0.00000E+00  0.00000E+00
  1.8429166667E+01  1.8433333333E+01  0.00000E+00  0.00000E+00
  1.8433333333E+01  1.8437500000E+01  0.00000E+00  0.00000E+00
  1.8437500000E+01  1.8441666667E+01  0.00000E+00  0.00000E+00
  1.8441666667E+01  1.8445833333E+01  0.00000E+00  0.00000E+00
  1.8445833333E+01  1.8450000000E+01  0.00000E+00  0.00000E+00
  1.8450000000E+01  1.8454166667E+01  0.00000E+00  0.00000E+00
  1.8454166667E+01  1.8458333333E+01  1.91878E-13  1.00000E+02
  1.8458333333E+01  1.8462500000E+01  0.00000E+00  0.00000E+00
  1.8462500000E+01  1.8466666667E+01  3.51787E-07  1.00000E+02
  1.8466666667E+01  1.8470833333E+01  0.00000E+00  0.00000E+00
  1.8470833333E+01  1.8475000000E+01  0.00000E+00  0.00000E+00
  1.8475000000E+01  1.8479166667E+01  0.00000E+00  0.00000E+00
  1.8479166667E+01  1.8483333333E+01  0.00000E+00  0.00000E+00
  1.8483333333E+01  1.8487500000E+01  0.00000E+00  0.00000E+00
  1.8487500000E+01  1.8491666667E+01  0.00000E+00  0.00000E+00
  1.8491666667E+01  1.8495833333E+01  0.00000E+00  0.00000E+00
  1.8495833333E+01  1.8500000000E+01  0.00000E+00  0.00000E+00
  1.8500000000E+01  1.8504166667E+01  0.00000E+00  0.00000E+00
  1.8504166667E+01  1.8508333333E+01  0.00000E+00  0.00000E+00
  1.8508333333E+01  1.8512500000E+01  0.00000E+00  0.00000E+00
  1.8512500000E+01  1.8516666667E+01  0.00000E+00  0.00000E+00
  1.8516666667E+01  1.8520833333E+01  0.00000E+00  0.00000E+00
  1.8520833333E+01  1.8525000000E+01  0.00000E+00  0.00000E+00
  1.8525000000E+01  1.8529166667E+01  0.00000E+00  0.00000E+00
  1.8529166667E+01  1.8533333333E+01  0.00000E+00  0.00000E+00
  1.8533333333E+01  1.8537500000E+01  0.00000E+00  0.00000E+00
  1.8537500000E+01  1.8541666667E+01  0.00000E+00  0.00000E+00
  1.8541666667E+01  1.8545833333E+01  0.00000E+00  0.00000E+00
  1.8545833333E+01  1.8550000000E+01  0.00000E+00  0.00000E+00
  1.8550000000E+01  1.8554166667E+01  0.00000E+00  0.00000E+00
  1.8554166667E+01  1.8558333333E+01  2.11769E-10  1.00000E+02
  1.8558333333E+01  1.8562500000E+01  0.00000E+00  0.00000E+00
  1.8562500000E+01  1.8566666667E+01  0.00000E+00  0.00000E+00
  1.8566666667E+01  1.8570833333E+01  0.00000E+00  0.00000E+00
  1.8570833333E+01  1.8575000000E+01  0.00000E+00  0.00000E+00
  1.8575000000E+01  1.8579166667E+01  0.00000E+00  0.00000E+00
  1.8579166667E+01  1.8583333333E+01  0.00000E+00  0.00000E+00
  1.8583333333E+01  1.8587500000E+01  0.00000E+00  0.00000E+00
  1.8587500000E+01  1.8591666667E+01  1.04571E-13  7.47653E+01
  1.8591666667E+01  1.8595833333E+01  0.00000E+00  0.00000E+00
  1.8595833333E+01  1.8600000000E+01  0.00000E+00  0.00000E+00
  1.8600000000E+01  1.8604166667E+01  0.00000E+00  0.00000E+00
  1.8604166667E+01  1.8608333333E+01  0.00000E+00  0.00000E+00
  1.8608333333E+01  1.8612500000E+01  0.00000E+00  0.00000E+00
  1.8612500000E+01  1.8616666667E+01  0.00000E+00  0.00000E+00
  1.8616666667E+01  1.8620833333E+01  0.00000E+00  0.00000E+00
  1.8620833333E+01  1.8625000000E+01  0.00000E+00  0.00000E+00
  1.8625000000E+01  1.8629166667E+01  0.00000E+00  0.00000E+00
  1.8629166667E+01  1.8633333333E+01  1.98557E-09  9.99909E+01
  1.8633333333E+01  1.8637500000E+01  0.00000E+00  0.00000E+00
  1.8637500000E+01  1.8641666667E+01  7.28987E-09  1.00000E+02
  1.8641666667E+01  1.8645833333E+01  0.00000E+00  0.00000E+00
  1.8645833333E+01  1.8650000000E+01  2.49761E-14  1.00000E+02
  1.8650000000E+01  1.8654166667E+01  0.00000E+00  0.00000E+00
  1.8654166667E+01  1.8658333333E+01  0.00000E+00  0.00000E+00
  1.8658333333E+01  1.8662500000E+01  3.32410E-14  1.00000E+02
  1.8662500000E+01  1.8666666667E+01  0.00000E+00  0.00000E+00
  1.8666666667E+01  1.8670833333E+01  0.00000E+00  0.00000E+00
  1.8670833333E+01  1.8675000000E+01  0.00000E+00  0.00000E+00
  1.8675000000E+01  1.8679166667E+01  0.00000E+00  0.00000E+00
  1.8679166667E+01  1.8683333333E+01  0.00000E+00  0.00000E+00
  1.8683333333E+01  1.8687500000E+01  0.00000E+00  0.00000E+00
  1.8687500000E+01  1.8691666667E+01  0.00000E+00  0.00000E+00
  1.8691666667E+01  1.8695833333E+01  0.00000E+00  0.00000E+00
  1.8695833333E+01  1.8700000000E+01  0.00000E+00  0.00000E+00
  1.8700000000E+01  1.8704166667E+01  0.00000E+00  0.00000E+00
  1.8704166667E+01  1.8708333333E+01  0.00000E+00  0.00000E+00
  1.8708333333E+01  1.8712500000E+01  0.00000E+00  0.00000E+00
  1.8712500000E+01  1.8716666667E+01  0.00000E+00  0.00000E+00
  1.8716666667E+01  1.8720833333E+01  0.00000E+00  0.00000E+00
  1.8720833333E+01  1.8725000000E+01  0.00000E+00  0.00000E+00
  1.8725000000E+01  1.8729166667E+01  0.00000E+00  0.00000E+00
  1.8729166667E+01  1.8733333333E+01  0.00000E+00  0.00000E+00
  1.8733333333E+01  1.8737500000E+01  0.00000E+00  0.00000E+00
  1.8737500000E+01  1.8741666667E+01  0.00000E+00  0.00000E+00
  1.8741666667E+01  1.8745833333E+01  0.00000E+00  0.00000E+00
  1.8745833333E+01  1.8750000000E+01  6.06378E-09  1.00000E+02
  1.8750000000E+01  1.8754166667E+01  0.00000E+00  0.00000E+00
  1.8754166667E+01  1.8758333333E+01  0.00000E+00  0.00000E+00
  1.8758333333E+01  1.8762500000E+01  0.00000E+00  0.00000E+00
  1.8762500000E+01  1.8766666667E+01  0.00000E+00  0.00000E+00
  1.8766666667E+01  1.8770833333E+01  6.18571E-14  1.00000E+02
  1.8770833333E+01  1.8775000000E+01  0.00000E+00  0.00000E+00
  1.8775000000E+01  1.8779166667E+01  0.00000E+00  0.00000E+00
  1.8779166667E+01  1.8783333333E+01  0.00000E+00  0.00000E+00
  1.8783333333E+01  1.8787500000E+01  0.00000E+00  0.00000E+00
  1.8787500000E+01  1.8791666667E+01  0.00000E+00  0.00000E+00
  1.8791666667E+01  1.8795833333E+01  0.00000E+00  0.00000E+00
  1.8795833333E+01  1.8800000000E+01  0.00000E+00  0.00000E+00
  1.8800000000E+01  1.8804166667E+01  0.00000E+00  0.00000E+00
  1.8804166667E+01  1.8808333333E+01  0.00000E+00  0.00000E+00
  1.8808333333E+01  1.8812500000E+01  0.00000E+00  0.00000E+00
  1.8812500000E+01  1.8816666667E+01  0.00000E+00  0.00000E+00
  1.8816666667E+01  1.8820833333E+01  0.00000E+00  0.00000E+00
  1.8820833333E+01  1.8825000000E+01  0.00000E+00  0.00000E+00
  1.8825000000E+01  1.8829166667E+01  0.00000E+00  0.00000E+00
  1.8829166667E+01  1.8833333333E+01  0.00000E+00  0.00000E+00
  1.8833333333E+01  1.8837500000E+01  0.00000E+00  0.00000E+00
  1.8837500000E+01  1.8841666667E+01  0.00000E+00  0.00000E+00
  1.8841666667E+01  1.8845833333E+01  0.00000E+00  0.00000E+00
  1.8845833333E+01  1.8850000000E+01  0.00000E+00  0.00000E+00
  1.8850000000E+01  1.8854166667E+01  0.00000E+00  0.00000E+00
  1.8854166667E+01  1.8858333333E+01  0.00000E+00  0.00000E+00
  1.8858333333E+01  1.8862500000E+01  0.00000E+00  0.00000E+00
  1.8862500000E+01  1.8866666667E+01  0.00000E+00  0.00000E+00
  1.8866666667E+01  1.8870833333E+01  0.00000E+00  0.00000E+00
  1.8870833333E+01  1.8875000000E+01  0.00000E+00  0.00000E+00
  1.8875000000E+01  1.8879166667E+01  0.00000E+00  0.00000E+00
  1.8879166667E+01  1.8883333333E+01  0.00000E+00  0.00000E+00
  1.8883333333E+01  1.8887500000E+01  0.00000E+00  0.00000E+00
  1.8887500000E+01  1.8891666667E+01  0.00000E+00  0.00000E+00
  1.8891666667E+01  1.8895833333E+01  0.00000E+00  0.00000E+00
  1.8895833333E+01  1.8900000000E+01  0.00000E+00  0.00000E+00
  1.8900000000E+01  1.8904166667E+01  0.00000E+00  0.00000E+00
  1.8904166667E+01  1.8908333333E+01  0.00000E+00  0.00000E+00
  1.8908333333E+01  1.8912500000E+01  5.63582E-07  1.00000E+02
  1.8912500000E+01  1.8916666667E+01  6.73014E-07  1.00000E+02
  1.8916666667E+01  1.8920833333E+01  6.73014E-07  1.00000E+02
  1.8920833333E+01  1.8925000000E+01  6.76711E-07  1.00000E+02
  1.8925000000E+01  1.8929166667E+01  7.21229E-07  1.00000E+02
  1.8929166667E+01  1.8933333333E+01  7.21230E-07  9.99998E+01
  1.8933333333E+01  1.8937500000E+01  7.77726E-07  1.00000E+02
  1.8937500000E+01  1.8941666667E+01  8.38500E-07  1.00000E+02
  1.8941666667E+01  1.8945833333E+01  8.39710E-07  1.00000E+02
  1.8945833333E+01  1.8950000000E+01  8.42036E-07  1.00000E+02
  1.8950000000E+01  1.8954166667E+01  9.01617E-07  1.00000E+02
  1.8954166667E+01  1.8958333333E+01  9.53673E-07  1.00000E+02
  1.8958333333E+01  1.8962500000E+01  1.03011E-06  1.00000E+02
  1.8962500000E+01  1.8966666667E+01  1.05024E-06  1.00000E+02
  1.8966666667E+01  1.8970833333E+01  1.20631E-06  1.00000E+02
  1.8970833333E+01  1.8975000000E+01  1.33965E-06  1.00000E+02
  1.8975000000E+01  1.8979166667E+01  1.58447E-06  1.00000E+02
  1.8979166667E+01  1.8983333333E+01  1.99597E-06  1.00000E+02
  1.8983333333E+01  1.8987500000E+01  3.58611E-06  1.00000E+02
  1.8987500000E+01  1.8991666667E+01  3.87152E-07  1.00000E+02
  1.8991666667E+01  1.8995833333E+01  0.00000E+00  0.00000E+00
  1.8995833333E+01  1.9000000000E+01  0.00000E+00  0.00000E+00
  1.9000000000E+01  1.9004166667E+01  3.45036E-14  1.00000E+02
  1.9004166667E+01  1.9008333333E+01  0.00000E+00  0.00000E+00
  1.9008333333E+01  1.9012500000E+01  0.00000E+00  0.00000E+00
  1.9012500000E+01  1.9016666667E+01  0.00000E+00  0.00000E+00
  1.9016666667E+01  1.9020833333E+01  0.00000E+00  0.00000E+00
  1.9020833333E+01  1.9025000000E+01  0.00000E+00  0.00000E+00
  1.9025000000E+01  1.9029166667E+01  0.00000E+00  0.00000E+00
  1.9029166667E+01  1.9033333333E+01  0.00000E+00  0.00000E+00
  1.9033333333E+01  1.9037500000E+01  0.00000E+00  0.00000E+00
  1.9037500000E+01  1.9041666667E+01  0.00000E+00  0.00000E+00
  1.9041666667E+01  1.9045833333E+01  0.00000E+00  0.00000E+00
  1.9045833333E+01  1.9050000000E+01  0.00000E+00  0.00000E+00
  1.9050000000E+01  1.9054166667E+01  0.00000E+00  0.00000E+00
  1.9054166667E+01  1.9058333333E+01  0.00000E+00  0.00000E+00
  1.9058333333E+01  1.9062500000E+01  0.00000E+00  0.00000E+00
  1.9062500000E+01  1.9066666667E+01  0.00000E+00  0.00000E+00
  1.9066666667E+01  1.9070833333E+01  0.00000E+00  0.00000E+00
  1.9070833333E+01  1.9075000000E+01  0.00000E+00  0.00000E+00
  1.9075000000E+01  1.9079166667E+01  0.00000E+00  0.00000E+00
  1.9079166667E+01  1.9083333333E+01  0.00000E+00  0.00000E+00
  1.9083333333E+01  1.9087500000E+01  0.00000E+00  0.00000E+00
  1.9087500000E+01  1.9091666667E+01  0.00000E+00  0.00000E+00
  1.9091666667E+01  1.9095833333E+01  3.99236E-07  1.00000E+02
  1.9095833333E+01  1.9100000000E+01  0.00000E+00  0.00000E+00
  1.9100000000E+01  1.9104166667E+01  0.00000E+00  0.00000E+00
  1.9104166667E+01  1.9108333333E+01  0.00000E+00  0.00000E+00
  1.9108333333E+01  1.9112500000E+01  0.00000E+00  0.00000E+00
  1.9112500000E+01  1.9116666667E+01  0.00000E+00  0.00000E+00
  1.9116666667E+01  1.9120833333E+01  0.00000E+00  0.00000E+00
  1.9120833333E+01  1.9125000000E+01  0.00000E+00  0.00000E+00
  1.9125000000E+01  1.9129166667E+01  0.00000E+00  0.00000E+00
  1.9129166667E+01  1.9133333333E+01  0.00000E+00  0.00000E+00
  1.9133333333E+01  1.9137500000E+01  0.00000E+00  0.00000E+00
  1.9137500000E+01  1.9141666667E+01  0.00000E+00  0.00000E+00
  1.9141666667E+01  1.9145833333E+01  0.00000E+00  0.00000E+00
  1.9145833333E+01  1.9150000000E+01  0.00000E+00  0.00000E+00
  1.9150000000E+01  1.9154166667E+01  0.00000E+00  0.00000E+00
  1.9154166667E+01  1.9158333333E+01  0.00000E+00  0.00000E+00
  1.9158333333E+01  1.9162500000E+01  0.00000E+00  0.00000E+00
  1.9162500000E+01  1.9166666667E+01  0.00000E+00  0.00000E+00
  1.9166666667E+01  1.9170833333E+01  0.00000E+00  0.00000E+00
  1.9170833333E+01  1.9175000000E+01  0.00000E+00  0.00000E+00
  1.9175000000E+01  1.9179166667E+01  0.00000E+00  0.00000E+00
  1.9179166667E+01  1.9183333333E+01  0.00000E+00  0.00000E+00
  1.9183333333E+01  1.9187500000E+01  0.00000E+00  0.00000E+00
  1.9187500000E+01  1.9191666667E+01  0.00000E+00  0.00000E+00
  1.9191666667E+01  1.9195833333E+01  0.00000E+00  0.00000E+00
  1.9195833333E+01  1.9200000000E+01  0.00000E+00  0.00000E+00
  1.9200000000E+01  1.9204166667E+01  0.00000E+00  0.00000E+00
  1.9204166667E+01  1.9208333333E+01  4.67020E-14  1.00000E+02
  1.9208333333E+01  1.9212500000E+01  0.00000E+00  0.00000E+00
  1.9212500000E+01  1.9216666667E+01  0.00000E+00  0.00000E+00
  1.9216666667E+01  1.9220833333E+01  0.00000E+00  0.00000E+00
  1.9220833333E+01  1.9225000000E+01  0.00000E+00  0.00000E+00
  1.9225000000E+01  1.9229166667E+01  0.00000E+00  0.00000E+00
  1.9229166667E+01  1.9233333333E+01  0.00000E+00  0.00000E+00
  1.9233333333E+01  1.9237500000E+01  4.67020E-14  1.00000E+02
  1.9237500000E+01  1.9241666667E+01  0.00000E+00  0.00000E+00
  1.9241666667E+01  1.9245833333E+01  0.00000E+00  0.00000E+00
  1.9245833333E+01  1.9250000000E+01  0.00000E+00  0.00000E+00
  1.9250000000E+01  1.9254166667E+01  0.00000E+00  0.00000E+00
  1.9254166667E+01  1.9258333333E+01  0.00000E+00  0.00000E+00
  1.9258333333E+01  1.9262500000E+01  0.00000E+00  0.00000E+00
  1.9262500000E+01  1.9266666667E+01  0.00000E+00  0.00000E+00
  1.9266666667E+01  1.9270833333E+01  0.00000E+00  0.00000E+00
  1.9270833333E+01  1.9275000000E+01  0.00000E+00  0.00000E+00
  1.9275000000E+01  1.9279166667E+01  0.00000E+00  0.00000E+00
  1.9279166667E+01  1.9283333333E+01  0.00000E+00  0.00000E+00
  1.9283333333E+01  1.9287500000E+01  0.00000E+00  0.00000E+00
  1.9287500000E+01  1.9291666667E+01  1.74577E-06  1.00000E+02
  1.9291666667E+01  1.9295833333E+01  0.00000E+00  0.00000E+00
  1.9295833333E+01  1.9300000000E+01  0.00000E+00  0.00000E+00
  1.9300000000E+01  1.9304166667E+01  0.00000E+00  0.00000E+00
  1.9304166667E+01  1.9308333333E+01  0.00000E+00  0.00000E+00
  1.9308333333E+01  1.9312500000E+01  0.00000E+00  0.00000E+00
  1.9312500000E+01  1.9316666667E+01  0.00000E+00  0.00000E+00
  1.9316666667E+01  1.9320833333E+01  0.00000E+00  0.00000E+00
  1.9320833333E+01  1.9325000000E+01  0.00000E+00  0.00000E+00
  1.9325000000E+01  1.9329166667E+01  0.00000E+00  0.00000E+00
  1.9329166667E+01  1.9333333333E+01  0.00000E+00  0.00000E+00
  1.9333333333E+01  1.9337500000E+01  0.00000E+00  0.00000E+00
  1.9337500000E+01  1.9341666667E+01  0.00000E+00  0.00000E+00
  1.9341666667E+01  1.9345833333E+01  0.00000E+00  0.00000E+00
  1.9345833333E+01  1.9350000000E+01  0.00000E+00  0.00000E+00
  1.9350000000E+01  1.9354166667E+01  0.00000E+00  0.00000E+00
  1.9354166667E+01  1.9358333333E+01  0.00000E+00  0.00000E+00
  1.9358333333E+01  1.9362500000E+01  0.00000E+00  0.00000E+00
  1.9362500000E+01  1.9366666667E+01  0.00000E+00  0.00000E+00
  1.9366666667E+01  1.9370833333E+01  0.00000E+00  0.00000E+00
  1.9370833333E+01  1.9375000000E+01  0.00000E+00  0.00000E+00
  1.9375000000E+01  1.9379166667E+01  0.00000E+00  0.00000E+00
  1.9379166667E+01  1.9383333333E+01  0.00000E+00  0.00000E+00
  1.9383333333E+01  1.9387500000E+01  0.00000E+00  0.00000E+00
  1.9387500000E+01  1.9391666667E+01  0.00000E+00  0.00000E+00
  1.9391666667E+01  1.9395833333E+01  0.00000E+00  0.00000E+00
  1.9395833333E+01  1.9400000000E+01  0.00000E+00  0.00000E+00
  1.9400000000E+01  1.9404166667E+01  0.00000E+00  0.00000E+00
  1.9404166667E+01  1.9408333333E+01  0.00000E+00  0.00000E+00
  1.9408333333E+01  1.9412500000E+01  0.00000E+00  0.00000E+00
  1.9412500000E+01  1.9416666667E+01  0.00000E+00  0.00000E+00
  1.9416666667E+01  1.9420833333E+01  0.00000E+00  0.00000E+00
  1.9420833333E+01  1.9425000000E+01  0.00000E+00  0.00000E+00
  1.9425000000E+01  1.9429166667E+01  0.00000E+00  0.00000E+00
  1.9429166667E+01  1.9433333333E+01  0.00000E+00  0.00000E+00
  1.9433333333E+01  1.9437500000E+01  0.00000E+00  0.00000E+00
  1.9437500000E+01  1.9441666667E+01  0.00000E+00  0.00000E+00
  1.9441666667E+01  1.9445833333E+01  0.00000E+00  0.00000E+00
  1.9445833333E+01  1.9450000000E+01  0.00000E+00  0.00000E+00
  1.9450000000E+01  1.9454166667E+01  0.00000E+00  0.00000E+00
  1.9454166667E+01  1.9458333333E+01  0.00000E+00  0.00000E+00
  1.9458333333E+01  1.9462500000E+01  0.00000E+00  0.00000E+00
  1.9462500000E+01  1.9466666667E+01  0.00000E+00  0.00000E+00
  1.9466666667E+01  1.9470833333E+01  0.00000E+00  0.00000E+00
  1.9470833333E+01  1.9475000000E+01  0.00000E+00  0.00000E+00
  1.9475000000E+01  1.9479166667E+01  0.00000E+00  0.00000E+00
  1.9479166667E+01  1.9483333333E+01  0.00000E+00  0.00000E+00
  1.9483333333E+01  1.9487500000E+01  4.15478E-08  1.00000E+02
  1.9487500000E+01  1.9491666667E+01  0.00000E+00  0.00000E+00
  1.9491666667E+01  1.9495833333E+01  0.00000E+00  0.00000E+00
  1.9495833333E+01  1.9500000000E+01  0.00000E+00  0.00000E+00
  1.9500000000E+01  1.9504166667E+01  0.00000E+00  0.00000E+00
  1.9504166667E+01  1.9508333333E+01  0.00000E+00  0.00000E+00
  1.9508333333E+01  1.9512500000E+01  0.00000E+00  0.00000E+00
  1.9512500000E+01  1.9516666667E+01  0.00000E+00  0.00000E+00
  1.9516666667E+01  1.9520833333E+01  0.00000E+00  0.00000E+00
  1.9520833333E+01  1.9525000000E+01  0.00000E+00  0.00000E+00
  1.9525000000E+01  1.9529166667E+01  0.00000E+00  0.00000E+00
  1.9529166667E+01  1.9533333333E+01  9.64639E-14  1.00000E+02
  1.9533333333E+01  1.9537500000E+01  0.00000E+00  0.00000E+00
  1.9537500000E+01  1.9541666667E+01  0.00000E+00  0.00000E+00
  1.9541666667E+01  1.9545833333E+01  0.00000E+00  0.00000E+00
  1.9545833333E+01  1.9550000000E+01  0.00000E+00  0.00000E+00
  1.9550000000E+01  1.9554166667E+01  0.00000E+00  0.00000E+00
  1.9554166667E+01  1.9558333333E+01  0.00000E+00  0.00000E+00
  1.9558333333E+01  1.9562500000E+01  0.00000E+00  0.00000E+00
  1.9562500000E+01  1.9566666667E+01  0.00000E+00  0.00000E+00
  1.9566666667E+01  1.9570833333E+01  2.47667E-06  1.00000E+02
  1.9570833333E+01  1.9575000000E+01  0.00000E+00  0.00000E+00
  1.9575000000E+01  1.9579166667E+01  0.00000E+00  0.00000E+00
  1.9579166667E+01  1.9583333333E+01  0.00000E+00  0.00000E+00
  1.9583333333E+01  1.9587500000E+01  0.00000E+00  0.00000E+00
  1.9587500000E+01  1.9591666667E+01  0.00000E+00  0.00000E+00
  1.9591666667E+01  1.9595833333E+01  0.00000E+00  0.00000E+00
  1.9595833333E+01  1.9600000000E+01  0.00000E+00  0.00000E+00
  1.9600000000E+01  1.9604166667E+01  0.00000E+00  0.00000E+00
  1.9604166667E+01  1.9608333333E+01  0.00000E+00  0.00000E+00
  1.9608333333E+01  1.9612500000E+01  0.00000E+00  0.00000E+00
  1.9612500000E+01  1.9616666667E+01  0.00000E+00  0.00000E+00
  1.9616666667E+01  1.9620833333E+01  0.00000E+00  0.00000E+00
  1.9620833333E+01  1.9625000000E+01  0.00000E+00  0.00000E+00
  1.9625000000E+01  1.9629166667E+01  0.00000E+00  0.00000E+00
  1.9629166667E+01  1.9633333333E+01  0.00000E+00  0.00000E+00
  1.9633333333E+01  1.9637500000E+01  0.00000E+00  0.00000E+00
  1.9637500000E+01  1.9641666667E+01  0.00000E+00  0.00000E+00
  1.9641666667E+01  1.9645833333E+01  0.00000E+00  0.00000E+00
  1.9645833333E+01  1.9650000000E+01  0.00000E+00  0.00000E+00
  1.9650000000E+01  1.9654166667E+01  0.00000E+00  0.00000E+00
  1.9654166667E+01  1.9658333333E+01  5.24355E-07  1.00000E+02
  1.9658333333E+01  1.9662500000E+01  3.36465E-06  1.00000E+02
  1.9662500000E+01  1.9666666667E+01  0.00000E+00  0.00000E+00
  1.9666666667E+01  1.9670833333E+01  0.00000E+00  0.00000E+00
  1.9670833333E+01  1.9675000000E+01  0.00000E+00  0.00000E+00
  1.9675000000E+01  1.9679166667E+01  0.00000E+00  0.00000E+00
  1.9679166667E+01  1.9683333333E+01  0.00000E+00  0.00000E+00
  1.9683333333E+01  1.9687500000E+01  0.00000E+00  0.00000E+00
  1.9687500000E+01  1.9691666667E+01  0.00000E+00  0.00000E+00
  1.9691666667E+01  1.9695833333E+01  0.00000E+00  0.00000E+00
  1.9695833333E+01  1.9700000000E+01  0.00000E+00  0.00000E+00
  1.9700000000E+01  1.9704166667E+01  0.00000E+00  0.00000E+00
  1.9704166667E+01  1.9708333333E+01  0.00000E+00  0.00000E+00
  1.9708333333E+01  1.9712500000E+01  0.00000E+00  0.00000E+00
  1.9712500000E+01  1.9716666667E+01  0.00000E+00  0.00000E+00
  1.9716666667E+01  1.9720833333E+01  0.00000E+00  0.00000E+00
  1.9720833333E+01  1.9725000000E+01  0.00000E+00  0.00000E+00
  1.9725000000E+01  1.9729166667E+01  0.00000E+00  0.00000E+00
  1.9729166667E+01  1.9733333333E+01  0.00000E+00  0.00000E+00
  1.9733333333E+01  1.9737500000E+01  0.00000E+00  0.00000E+00
  1.9737500000E+01  1.9741666667E+01  0.00000E+00  0.00000E+00
  1.9741666667E+01  1.9745833333E+01  0.00000E+00  0.00000E+00
  1.9745833333E+01  1.9750000000E+01  0.00000E+00  0.00000E+00
  1.9750000000E+01  1.9754166667E+01  0.00000E+00  0.00000E+00
  1.9754166667E+01  1.9758333333E+01  0.00000E+00  0.00000E+00
  1.9758333333E+01  1.9762500000E+01  0.00000E+00  0.00000E+00
  1.9762500000E+01  1.9766666667E+01  0.00000E+00  0.00000E+00
  1.9766666667E+01  1.9770833333E+01  0.00000E+00  0.00000E+00
  1.9770833333E+01  1.9775000000E+01  0.00000E+00  0.00000E+00
  1.9775000000E+01  1.9779166667E+01  0.00000E+00  0.00000E+00
  1.9779166667E+01  1.9783333333E+01  0.00000E+00  0.00000E+00
  1.9783333333E+01  1.9787500000E+01  0.00000E+00  0.00000E+00
  1.9787500000E+01  1.9791666667E+01  0.00000E+00  0.00000E+00
  1.9791666667E+01  1.9795833333E+01  2.73655E-14  1.00000E+02
  1.9795833333E+01  1.9800000000E+01  0.00000E+00  0.00000E+00
  1.9800000000E+01  1.9804166667E+01  0.00000E+00  0.00000E+00
  1.9804166667E+01  1.9808333333E+01  0.00000E+00  0.00000E+00
  1.9808333333E+01  1.9812500000E+01  2.03238E-06  1.00000E+02
  1.9812500000E+01  1.9816666667E+01  0.00000E+00  0.00000E+00
  1.9816666667E+01  1.9820833333E+01  0.00000E+00  0.00000E+00
  1.9820833333E+01  1.9825000000E+01  0.00000E+00  0.00000E+00
  1.9825000000E+01  1.9829166667E+01  0.00000E+00  0.00000E+00
  1.9829166667E+01  1.9833333333E+01  0.00000E+00  0.00000E+00
  1.9833333333E+01  1.9837500000E+01  0.00000E+00  0.00000E+00
  1.9837500000E+01  1.9841666667E+01  0.00000E+00  0.00000E+00
  1.9841666667E+01  1.9845833333E+01  0.00000E+00  0.00000E+00
  1.9845833333E+01  1.9850000000E+01  0.00000E+00  0.00000E+00
  1.9850000000E+01  1.9854166667E+01  0.00000E+00  0.00000E+00
  1.9854166667E+01  1.9858333333E+01  0.00000E+00  0.00000E+00
  1.9858333333E+01  1.9862500000E+01  0.00000E+00  0.00000E+00
  1.9862500000E+01  1.9866666667E+01  0.00000E+00  0.00000E+00
  1.9866666667E+01  1.9870833333E+01  0.00000E+00  0.00000E+00
  1.9870833333E+01  1.9875000000E+01  0.00000E+00  0.00000E+00
  1.9875000000E+01  1.9879166667E+01  0.00000E+00  0.00000E+00
  1.9879166667E+01  1.9883333333E+01  0.00000E+00  0.00000E+00
  1.9883333333E+01  1.9887500000E+01  0.00000E+00  0.00000E+00
  1.9887500000E+01  1.9891666667E+01  0.00000E+00  0.00000E+00
  1.9891666667E+01  1.9895833333E+01  0.00000E+00  0.00000E+00
  1.9895833333E+01  1.9900000000E+01  0.00000E+00  0.00000E+00
  1.9900000000E+01  1.9904166667E+01  3.32410E-14  1.00000E+02
  1.9904166667E+01  1.9908333333E+01  3.45036E-14  1.00000E+02
  1.9908333333E+01  1.9912500000E+01  0.00000E+00  0.00000E+00
  1.9912500000E+01  1.9916666667E+01  0.00000E+00  0.00000E+00
  1.9916666667E+01  1.9920833333E+01  0.00000E+00  0.00000E+00
  1.9920833333E+01  1.9925000000E+01  0.00000E+00  0.00000E+00
  1.9925000000E+01  1.9929166667E+01  0.00000E+00  0.00000E+00
  1.9929166667E+01  1.9933333333E+01  0.00000E+00  0.00000E+00
  1.9933333333E+01  1.9937500000E+01  0.00000E+00  0.00000E+00
  1.9937500000E+01  1.9941666667E+01  0.00000E+00  0.00000E+00
  1.9941666667E+01  1.9945833333E+01  0.00000E+00  0.00000E+00
  1.9945833333E+01  1.9950000000E+01  0.00000E+00  0.00000E+00
  1.9950000000E+01  1.9954166667E+01  0.00000E+00  0.00000E+00
  1.9954166667E+01  1.9958333333E+01  0.00000E+00  0.00000E+00
  1.9958333333E+01  1.9962500000E+01  0.00000E+00  0.00000E+00
  1.9962500000E+01  1.9966666667E+01  0.00000E+00  0.00000E+00
  1.9966666667E+01  1.9970833333E+01  8.34965E-15  1.00000E+02
  1.9970833333E+01  1.9975000000E+01  3.95717E-14  1.00000E+02
  1.9975000000E+01  1.9979166667E+01  0.00000E+00  0.00000E+00
  1.9979166667E+01  1.9983333333E+01  0.00000E+00  0.00000E+00
  1.9983333333E+01  1.9987500000E+01  0.00000E+00  0.00000E+00
  1.9987500000E+01  1.9991666667E+01  0.00000E+00  0.00000E+00
  1.9991666667E+01  1.9995833333E+01  0.00000E+00  0.00000E+00
  1.9995833333E+01  2.0000000000E+01  0.00000E+00  0.00000E+00
  2.0000000000E+01  2.0000000000E+01  0.00000E+00  0.00000E+00