# Detector n: 1D Projection
  1.0000000000E+00  1.0041666667E+00  3.97618E-02  9.43979E-01
  1.0041666667E+00  1.0083333333E+00  4.01286E-02  1.13259E+00
  1.0083333333E+00  1.0125000000E+00  4.00613E-02  8.39404E-01
  1.0125000000E+00  1.0166666667E+00  3.97065E-02  8.58671E-01
  1.0166666667E+00  1.0208333333E+00  4.01105E-02  1.39912E+00
  1.0208333333E+00  1.0250000000E+00  3.96267E-02  6.82910E-01
  1.0250000000E+00  1.0291666667E+00  4.00886E-02  1.09038E+00
  1.0291666667E+00  1.0333333333E+00  4.01539E-02  1.11543E+00
  1.0333333333E+00  1.0375000000E+00  3.98540E-02  9.53272E-01
  1.0375000000E+00  1.0416666667E+00  3.94536E-02  6.65289E-01
  1.0416666667E+00  1.0458333333E+00  3.98468E-02  8.31701E-01
  1.0458333333E+00  1.0500000000E+00  4.01208E-02  1.01165E+00
  1.0500000000E+00  1.0541666667E+00  3.98511E-02  7.62282E-01
  1.0541666667E+00  1.0583333333E+00  3.99872E-02  8.96055E-01
  1.0583333333E+00  1.0625000000E+00  3.97218E-02  1.03327E+00
  1.0625000000E+00  1.0666666667E+00  3.95504E-02  7.21791E-01
  1.0666666667E+00  1.0708333333E+00  3.94511E-02  5.62627E-01
  1.0708333333E+00  1.0750000000E+00  3.97480E-02  7.36149E-01
  1.0750000000E+00  1.0791666667E+00  4.02535E-02  1.07748E+00
  1.0791666667E+00  1.0833333333E+00  3.97386E-02  6.48422E-01
  1.0833333333E+00  1.0875000000E+00  4.02590E-02  1.41443E+00
  1.0875000000E+00  1.0916666667E+00  3.97674E-02  5.31507E-01
  1.0916666667E+00  1.0958333333E+00  3.98326E-02  7.46523E-01
  1.0958333333E+00  1.1000000000E+00  3.97292E-02  5.85430E-01
  1.1000000000E+00  1.1041666667E+00  3.97642E-02  6.76393E-01
  1.1041666667E+00  1.1083333333E+00  3.95752E-02  5.26460E-01
  1.1083333333E+00  1.1125000000E+00  3.99611E-02  6.28627E-01
  1.1125000000E+00  1.1166666667E+00  4.06017E-02  1.15457E+00
  1.1166666667E+00  1.1208333333E+00  4.00794E-02  7.58188E-01
  1.1208333333E+00  1.1250000000E+00  4.01738E-02  9.78591E-01
  1.1250000000E+00  1.1291666667E+00  4.11879E-02  1.47775E+00
  1.1291666667E+00  1.1333333333E+00  4.14023E-02  1.45213E+00
  1.1333333333E+00  1.1375000000E+00  4.06614E-02  1.06518E+00
  1.1375000000E+00  1.1416666667E+00  4.02734E-02  8.13714E-01
  1.1416666667E+00  1.1458333333E+00  4.07046E-02  7.56916E-01
  1.1458333333E+00  1.1500000000E+00  4.19401E-02  1.49648E+00
  1.1500000000E+00  1.1541666667E+00  4.02250E-02  6.33013E-01
  1.1541666667E+00  1.1583333333E+00  4.03846E-02  8.30495E-01
  1.1583333333E+00  1.1625000000E+00  4.00149E-02  5.83244E-01
  1.1625000000E+00  1.1666666667E+00  4.03741E-02  7.68505E-01
  1.1666666667E+00  1.1708333333E+00  4.08467E-02  1.03062E+00
  1.1708333333E+00  1.1750000000E+00  4.09845E-02  1.50749E+00
  1.1750000000E+00  1.1791666667E+00  4.04082E-02  7.74654E-01
  1.1791666667E+00  1.1833333333E+00  4.10977E-02  1.40515E+00
  1.1833333333E+00  1.1875000000E+00  4.03416E-02  6.82339E-01
  1.1875000000E+00  1.1916666667E+00  4.02564E-02  6.59830E-01
  1.1916666667E+00  1.1958333333E+00  4.06580E-02  8.55829E-01
  1.1958333333E+00  1.2000000000E+00  4.07852E-02  1.21098E+00
  1.2000000000E+00  1.2041666667E+00  4.03880E-02  6.07543E-01
  1.2041666667E+00  1.2083333333E+00  4.11217E-02  1.27126E+00
  1.2083333333E+00  1.2125000000E+00  4.19044E-02  1.38074E+00
  1.2125000000E+00  1.2166666667E+00  4.11839E-02  1.01254E+00
  1.2166666667E+00  1.2208333333E+00  4.13747E-02  9.63679E-01
  1.2208333333E+00  1.2250000000E+00  4.14259E-02  9.23039E-01
  1.2250000000E+00  1.2291666667E+00  4.11633E-02  8.75419E-01
  1.2291666667E+00  1.2333333333E+00  4.12190E-02  8.72830E-01
  1.2333333333E+00  1.2375000000E+00  4.17712E-02  1.50551E+00
  1.2375000000E+00  1.2416666667E+00  4.14518E-02  1.25986E+00
  1.2416666667E+00  1.2458333333E+00  4.10179E-02  9.94803E-01
  1.2458333333E+00  1.2500000000E+00  4.05667E-02  5.59128E-01
  1.2500000000E+00  1.2541666667E+00  4.16419E-02  1.13964E+00
  1.2541666667E+00  1.2583333333E+00  4.12701E-02  9.01807E-01
  1.2583333333E+00  1.2625000000E+00  4.14343E-02  1.24669E+00
  1.2625000000E+00  1.2666666667E+00  4.06869E-02  5.51869E-01
  1.2666666667E+00  1.2708333333E+00  4.16072E-02  1.06289E+00
  1.2708333333E+00  1.2750000000E+00  4.07368E-02  5.43804E-01
  1.2750000000E+00  1.2791666667E+00  4.09091E-02  6.92227E-01
  1.2791666667E+00  1.2833333333E+00  4.09072E-02  7.77347E-01
  1.2833333333E+00  1.2875000000E+00  4.13170E-02  9.65534E-01
  1.2875000000E+00  1.2916666667E+00  4.14257E-02  7.92367E-01
  1.2916666667E+00  1.2958333333E+00  4.14760E-02  1.14848E+00
  1.2958333333E+00  1.3000000000E+00  4.11189E-02  6.16803E-01
  1.3000000000E+00  1.3041666667E+00  4.15946E-02  1.10922E+00
  1.3041666667E+00  1.3083333333E+00  4.14828E-02  8.74619E-01
  1.3083333333E+00  1.3125000000E+00  4.12821E-02  8.95741E-01
  1.3125000000E+00  1.3166666667E+00  4.17350E-02  1.30579E+00
  1.3166666667E+00  1.3208333333E+00  4.11467E-02  7.43700E-01
  1.3208333333E+00  1.3250000000E+00  4.10684E-02  8.09434E-01
  1.3250000000E+00  1.3291666667E+00  4.11589E-02  6.83210E-01
  1.3291666667E+00  1.3333333333E+00  4.14267E-02  8.33799E-01
  1.3333333333E+00  1.3375000000E+00  4.21701E-02  1.56252E+00
  1.3375000000E+00  1.3416666667E+00  4.12224E-02  7.19391E-01
  1.3416666667E+00  1.3458333333E+00  4.15639E-02  1.34801E+00
  1.3458333333E+00  1.3500000000E+00  4.14356E-02  8.51896E-01
  1.3500000000E+00  1.3541666667E+00  4.14358E-02  8.32847E-01
  1.3541666667E+00  1.3583333333E+00  4.15613E-02  9.45861E-01
  1.3583333333E+00  1.3625000000E+00  4.21174E-02  1.49386E+00
  1.3625000000E+00  1.3666666667E+00  4.15230E-02  8.75425E-01
  1.3666666667E+00  1.3708333333E+00  4.20781E-02  1.07295E+00
  1.3708333333E+00  1.3750000000E+00  4.28415E-02  1.63500E+00
  1.3750000000E+00  1.3791666667E+00  4.14975E-02  8.84849E-01
  1.3791666667E+00  1.3833333333E+00  4.13260E-02  7.28204E-01
  1.3833333333E+00  1.3875000000E+00  4.13795E-02  8.92224E-01
  1.3875000000E+00  1.3916666667E+00  4.12535E-02  8.44419E-01
  1.3916666667E+00  1.3958333333E+00  4.12390E-02  7.86767E-01
  1.3958333333E+00  1.4000000000E+00  4.15029E-02  1.01170E+00
  1.4000000000E+00  1.4041666667E+00  4.12789E-02  6.14108E-01
  1.4041666667E+00  1.4083333333E+00  4.12498E-02  6.56022E-01
  1.4083333333E+00  1.4125000000E+00  4.14973E-02  1.01718E+00
  1.4125000000E+00  1.4166666667E+00  4.14262E-02  8.34402E-01
  1.4166666667E+00  1.4208333333E+00  4.14813E-02  8.00746E-01
  1.4208333333E+00  1.4250000000E+00  4.19917E-02  1.18617E+00
  1.4250000000E+00  1.4291666667E+00  4.18864E-02  1.01961E+00
  1.4291666667E+00  1.4333333333E+00  4.17394E-02  9.08288E-01
  1.4333333333E+00  1.4375000000E+00  4.24690E-02  1.33855E+00
  1.4375000000E+00  1.4416666667E+00  4.16543E-02  8.63842E-01
  1.4416666667E+00  1.4458333333E+00  4.19886E-02  1.04412E+00
  1.4458333333E+00  1.4500000000E+00  4.15102E-02  6.70781E-01
  1.4500000000E+00  1.4541666667E+00  4.13915E-02  7.55218E-01
  1.4541666667E+00  1.4583333333E+00  4.19650E-02  8.87619E-01
  1.4583333333E+00  1.4625000000E+00  4.17494E-02  9.63851E-01
  1.4625000000E+00  1.4666666667E+00  4.17510E-02  1.10699E+00
  1.4666666667E+00  1.4708333333E+00  4.22960E-02  1.18827E+00
  1.4708333333E+00  1.4750000000E+00  4.16242E-02  1.07365E+00
  1.4750000000E+00  1.4791666667E+00  4.12010E-02  7.23699E-01
  1.4791666667E+00  1.4833333333E+00  4.13977E-02  7.94944E-01
  1.4833333333E+00  1.4875000000E+00  4.10101E-02  5.32887E-01
  1.4875000000E+00  1.4916666667E+00  4.15486E-02  8.17493E-01
  1.4916666667E+00  1.4958333333E+00  4.18329E-02  9.09428E-01
  1.4958333333E+00  1.5000000000E+00  4.22639E-02  1.41240E+00
  1.5000000000E+00  1.5041666667E+00  4.13554E-02  5.70739E-01
  1.5041666667E+00  1.5083333333E+00  4.17274E-02  7.76103E-01
  1.5083333333E+00  1.5125000000E+00  4.15335E-02  5.58558E-01
  1.5125000000E+00  1.5166666667E+00  4.22299E-02  1.06960E+00
  1.5166666667E+00  1.5208333333E+00  4.20045E-02  9.50305E-01
  1.5208333333E+00  1.5250000000E+00  4.16234E-02  7.11494E-01
  1.5250000000E+00  1.5291666667E+00  4.25225E-02  1.18175E+00
  1.5291666667E+00  1.5333333333E+00  4.21123E-02  8.41980E-01
  1.5333333333E+00  1.5375000000E+00  4.20557E-02  9.38206E-01
  1.5375000000E+00  1.5416666667E+00  4.15988E-02  7.16779E-01
  1.5416666667E+00  1.5458333333E+00  4.14761E-02  5.72672E-01
  1.5458333333E+00  1.5500000000E+00  4.16115E-02  6.36163E-01
  1.5500000000E+00  1.5541666667E+00  4.16655E-02  6.64659E-01
  1.5541666667E+00  1.5583333333E+00  4.22399E-02  1.03914E+00
  1.5583333333E+00  1.5625000000E+00  4.23289E-02  9.50338E-01
  1.5625000000E+00  1.5666666667E+00  4.21982E-02  9.06412E-01
  1.5666666667E+00  1.5708333333E+00  4.20613E-02  6.48499E-01
  1.5708333333E+00  1.5750000000E+00  4.22618E-02  6.75195E-01
  1.5750000000E+00  1.5791666667E+00  4.27576E-02  7.81800E-01
  1.5791666667E+00  1.5833333333E+00  4.35932E-02  1.39089E+00
  1.5833333333E+00  1.5875000000E+00  4.29536E-02  9.17443E-01
  1.5875000000E+00  1.5916666667E+00  4.21952E-02  7.14603E-01
  1.5916666667E+00  1.5958333333E+00  4.28109E-02  9.56246E-01
  1.5958333333E+00  1.6000000000E+00  4.25966E-02  8.87904E-01
  1.6000000000E+00  1.6041666667E+00  4.28810E-02  8.83361E-01
  1.6041666667E+00  1.6083333333E+00  4.31289E-02  1.16484E+00
  1.6083333333E+00  1.6125000000E+00  4.26677E-02  8.00609E-01
  1.6125000000E+00  1.6166666667E+00  4.33851E-02  1.23328E+00
  1.6166666667E+00  1.6208333333E+00  4.24667E-02  9.25176E-01
  1.6208333333E+00  1.6250000000E+00  4.31510E-02  1.27233E+00
  1.6250000000E+00  1.6291666667E+00  4.38337E-02  1.21719E+00
  1.6291666667E+00  1.6333333333E+00  4.32850E-02  1.00976E+00
  1.6333333333E+00  1.6375000000E+00  4.35244E-02  1.37754E+00
  1.6375000000E+00  1.6416666667E+00  4.24766E-02  7.44581E-01
  1.6416666667E+00  1.6458333333E+00  4.24774E-02  7.63009E-01
  1.6458333333E+00  1.6500000000E+00  4.24009E-02  6.13585E-01
  1.6500000000E+00  1.6541666667E+00  4.26499E-02  7.79287E-01
  1.6541666667E+00  1.6583333333E+00  4.27598E-02  7.73070E-01
  1.6583333333E+00  1.6625000000E+00  4.42458E-02  1.47062E+00
  1.6625000000E+00  1.6666666667E+00  4.31613E-02  9.62733E-01
  1.6666666667E+00  1.6708333333E+00  4.39703E-02  1.31203E+00
  1.6708333333E+00  1.6750000000E+00  4.33281E-02  1.25488E+00
  1.6750000000E+00  1.6791666667E+00  4.31004E-02  9.38376E-01
  1.6791666667E+00  1.6833333333E+00  4.33138E-02  1.20303E+00
  1.6833333333E+00  1.6875000000E+00  4.27790E-02  8.07462E-01
  1.6875000000E+00  1.6916666667E+00  4.26299E-02  6.33851E-01
  1.6916666667E+00  1.6958333333E+00  4.30049E-02  7.91047E-01
  1.6958333333E+00  1.7000000000E+00  4.30359E-02  7.94658E-01
  1.7000000000E+00  1.7041666667E+00  4.30059E-02  8.90512E-01
  1.7041666667E+00  1.7083333333E+00  4.27653E-02  7.06485E-01
  1.7083333333E+00  1.7125000000E+00  4.24246E-02  6.21625E-01
  1.7125000000E+00  1.7166666667E+00  4.26126E-02  7.36235E-01
  1.7166666667E+00  1.7208333333E+00  4.23653E-02  5.52476E-01
  1.7208333333E+00  1.7250000000E+00  4.23167E-02  5.45474E-01
  1.7250000000E+00  1.7291666667E+00  4.31788E-02  1.43956E+00
  1.7291666667E+00  1.7333333333E+00  4.28502E-02  8.52383E-01
  1.7333333333E+00  1.7375000000E+00  4.26516E-02  8.63070E-01
  1.7375000000E+00  1.7416666667E+00  4.24769E-02  6.61651E-01
  1.7416666667E+00  1.7458333333E+00  4.24485E-02  6.79062E-01
  1.7458333333E+00  1.7500000000E+00  4.28201E-02  8.71647E-01
  1.7500000000E+00  1.7541666667E+00  4.24176E-02  5.67261E-01
  1.7541666667E+00  1.7583333333E+00  4.26349E-02  7.94259E-01
  1.7583333333E+00  1.7625000000E+00  4.26590E-02  7.15824E-01
  1.7625000000E+00  1.7666666667E+00  4.27364E-02  8.66194E-01
  1.7666666667E+00  1.7708333333E+00  4.29337E-02  9.43319E-01
  1.7708333333E+00  1.7750000000E+00  4.28926E-02  9.56462E-01
  1.7750000000E+00  1.7791666667E+00  4.28405E-02  6.38369E-01
  1.7791666667E+00  1.7833333333E+00  4.30408E-02  7.76132E-01
  1.7833333333E+00  1.7875000000E+00  4.44966E-02  1.88142E+00
  1.7875000000E+00  1.7916666667E+00  4.29219E-02  7.65819E-01
  1.7916666667E+00  1.7958333333E+00  4.33822E-02  9.79191E-01
  1.7958333333E+00  1.8000000000E+00  4.28307E-02  6.09374E-01
  1.8000000000E+00  1.8041666667E+00  4.30577E-02  7.19518E-01
  1.8041666667E+00  1.8083333333E+00  4.39395E-02  1.22927E+00
  1.8083333333E+00  1.8125000000E+00  4.31307E-02  8.17051E-01
  1.8125000000E+00  1.8166666667E+00  4.32462E-02  6.76354E-01
  1.8166666667E+00  1.8208333333E+00  4.32564E-02  9.68355E-01
  1.8208333333E+00  1.8250000000E+00  4.31052E-02  9.15310E-01
  1.8250000000E+00  1.8291666667E+00  4.31337E-02  8.09096E-01
  1.8291666667E+00  1.8333333333E+00  4.33023E-02  9.00366E-01
  1.8333333333E+00  1.8375000000E+00  4.30725E-02  7.56455E-01
  1.8375000000E+00  1.8416666667E+00  4.30999E-02  6.35116E-01
  1.8416666667E+00  1.8458333333E+00  4.37554E-02  1.24519E+00
  1.8458333333E+00  1.8500000000E+00  4.31280E-02  7.80653E-01
  1.8500000000E+00  1.8541666667E+00  4.29965E-02  5.65111E-01
  1.8541666667E+00  1.8583333333E+00  4.30416E-02  6.71013E-01
  1.8583333333E+00  1.8625000000E+00  4.35083E-02  8.82895E-01
  1.8625000000E+00  1.8666666667E+00  4.36175E-02  8.95316E-01
  1.8666666667E+00  1.8708333333E+00  4.31185E-02  6.14479E-01
  1.8708333333E+00  1.8750000000E+00  4.31254E-02  6.33403E-01
  1.8750000000E+00  1.8791666667E+00  4.34607E-02  8.22384E-01
  1.8791666667E+00  1.8833333333E+00  4.41316E-02  1.68084E+00
  1.8833333333E+00  1.8875000000E+00  4.32303E-02  6.79981E-01
  1.8875000000E+00  1.8916666667E+00  4.33493E-02  8.74916E-01
  1.8916666667E+00  1.8958333333E+00  4.36505E-02  8.50780E-01
  1.8958333333E+00  1.9000000000E+00  4.31770E-02  6.44275E-01
  1.9000000000E+00  1.9041666667E+00  4.37136E-02  1.32859E+00
  1.9041666667E+00  1.9083333333E+00  4.31061E-02  6.42217E-01
  1.9083333333E+00  1.9125000000E+00  4.32271E-02  5.86756E-01
  1.9125000000E+00  1.9166666667E+00  4.37277E-02  8.39871E-01
  1.9166666667E+00  1.9208333333E+00  4.35244E-02  6.89241E-01
  1.9208333333E+00  1.9250000000E+00  4.39530E-02  9.35249E-01
  1.9250000000E+00  1.9291666667E+00  4.37160E-02  9.48672E-01
  1.9291666667E+00  1.9333333333E+00  4.35003E-02  6.80452E-01
  1.9333333333E+00  1.9375000000E+00  4.45782E-02  1.23592E+00
  1.9375000000E+00  1.9416666667E+00  4.34286E-02  6.44364E-01
  1.9416666667E+00  1.9458333333E+00  4.32037E-02  6.05777E-01
  1.9458333333E+00  1.9500000000E+00  4.36822E-02  8.82542E-01
  1.9500000000E+00  1.9541666667E+00  4.34340E-02  7.07274E-01
  1.9541666667E+00  1.9583333333E+00  4.38513E-02  6.79337E-01
  1.9583333333E+00  1.9625000000E+00  4.39276E-02  7.59733E-01
  1.9625000000E+00  1.9666666667E+00  4.39660E-02  7.65675E-01
  1.9666666667E+00  1.9708333333E+00  4.42358E-02  1.33293E+00
  1.9708333333E+00  1.9750000000E+00  4.33844E-02  5.29059E-01
  1.9750000000E+00  1.9791666667E+00  4.35522E-02  5.79106E-01
  1.9791666667E+00  1.9833333333E+00  4.35820E-02  6.66777E-01
  1.9833333333E+00  1.9875000000E+00  4.38006E-02  7.91681E-01
  1.9875000000E+00  1.9916666667E+00  4.38737E-02  6.95248E-01
  1.9916666667E+00  1.9958333333E+00  4.40998E-02  7.54710E-01
  1.9958333333E+00  2.0000000000E+00  4.48383E-02  1.32701E+00
  2.0000000000E+00  2.0041666667E+00  4.40999E-02  7.60515E-01
  2.0041666667E+00  2.0083333333E+00  4.42661E-02  8.54437E-01
  2.0083333333E+00  2.0125000000E+00  4.41678E-02  9.83015E-01
  2.0125000000E+00  2.0166666667E+00  4.44103E-02  9.92188E-01
  2.0166666667E+00  2.0208333333E+00  4.40293E-02  6.19770E-01
  2.0208333333E+00  2.0250000000E+00  4.40885E-02  8.56366E-01
  2.0250000000E+00  2.0291666667E+00  4.40369E-02  6.59945E-01
  2.0291666667E+00  2.0333333333E+00  4.39208E-02  5.60407E-01
  2.0333333333E+00  2.0375000000E+00  4.42469E-02  7.41165E-01
  2.0375000000E+00  2.0416666667E+00  4.49200E-02  1.17629E+00
  2.0416666667E+00  2.0458333333E+00  4.42623E-02  6.93365E-01
  2.0458333333E+00  2.0500000000E+00  4.44839E-02  7.85158E-01
  2.0500000000E+00  2.0541666667E+00  4.46660E-02  8.38985E-01
  2.0541666667E+00  2.0583333333E+00  4.47154E-02  8.93750E-01
  2.0583333333E+00  2.0625000000E+00  4.42837E-02  7.18808E-01
  2.0625000000E+00  2.0666666667E+00  4.42675E-02  6.87903E-01
  2.0666666667E+00  2.0708333333E+00  4.45946E-02  7.64396E-01
  2.0708333333E+00  2.0750000000E+00  4.41881E-02  5.52899E-01
  2.0750000000E+00  2.0791666667E+00  4.41428E-02  5.31154E-01
  2.0791666667E+00  2.0833333333E+00  4.48000E-02  9.19524E-01
  2.0833333333E+00  2.0875000000E+00  4.53114E-02  1.05586E+00
  2.0875000000E+00  2.0916666667E+00  4.47112E-02  7.45410E-01
  2.0916666667E+00  2.0958333333E+00  4.57540E-02  1.29998E+00
  2.0958333333E+00  2.1000000000E+00  4.48394E-02  8.66636E-01
  2.1000000000E+00  2.1041666667E+00  4.45196E-02  5.91578E-01
  2.1041666667E+00  2.1083333333E+00  4.50851E-02  8.52524E-01
  2.1083333333E+00  2.1125000000E+00  4.50192E-02  8.67293E-01
  2.1125000000E+00  2.1166666667E+00  4.50197E-02  1.00544E+00
  2.1166666667E+00  2.1208333333E+00  4.49299E-02  8.46463E-01
  2.1208333333E+00  2.1250000000E+00  4.46062E-02  6.83250E-01
  2.1250000000E+00  2.1291666667E+00  4.47412E-02  7.56143E-01
  2.1291666667E+00  2.1333333333E+00  4.44880E-02  5.30668E-01
  2.1333333333E+00  2.1375000000E+00  4.47843E-02  6.73025E-01
  2.1375000000E+00  2.1416666667E+00  4.49482E-02  7.12607E-01
  2.1416666667E+00  2.1458333333E+00  4.50416E-02  6.86415E-01
  2.1458333333E+00  2.1500000000E+00  4.52352E-02  8.47574E-01
  2.1500000000E+00  2.1541666667E+00  4.59457E-02  1.11242E+00
  2.1541666667E+00  2.1583333333E+00  4.47588E-02  5.61152E-01
  2.1583333333E+00  2.1625000000E+00  4.50382E-02  7.22296E-01
  2.1625000000E+00  2.1666666667E+00  4.58436E-02  1.16548E+00
  2.1666666667E+00  2.1708333333E+00  4.52622E-02  7.35931E-01
  2.1708333333E+00  2.1750000000E+00  4.55494E-02  9.71429E-01
  2.1750000000E+00  2.1791666667E+00  4.55644E-02  7.17558E-01
  2.1791666667E+00  2.1833333333E+00  4.54555E-02  7.57020E-01
  2.1833333333E+00  2.1875000000E+00  4.58396E-02  9.70211E-01
  2.1875000000E+00  2.1916666667E+00  4.54507E-02  7.87283E-01
  2.1916666667E+00  2.1958333333E+00  4.52292E-02  6.45827E-01
  2.1958333333E+00  2.2000000000E+00  4.59331E-02  7.81299E-01
  2.2000000000E+00  2.2041666667E+00  4.62482E-02  1.01396E+00
  2.2041666667E+00  2.2083333333E+00  4.54466E-02  7.86908E-01
  2.2083333333E+00  2.2125000000E+00  4.52345E-02  5.86577E-01
  2.2125000000E+00  2.2166666667E+00  4.55693E-02  8.01445E-01
  2.2166666667E+00  2.2208333333E+00  4.56097E-02  6.56426E-01
  2.2208333333E+00  2.2250000000E+00  4.58983E-02  8.31405E-01
  2.2250000000E+00  2.2291666667E+00  4.59963E-02  1.24946E+00
  2.2291666667E+00  2.2333333333E+00  4.54690E-02  6.00826E-01
  2.2333333333E+00  2.2375000000E+00  4.53715E-02  5.96831E-01
  2.2375000000E+00  2.2416666667E+00  4.55225E-02  6.54215E-01
  2.2416666667E+00  2.2458333333E+00  4.53936E-02  6.28302E-01
  2.2458333333E+00  2.2500000000E+00  4.68042E-02  1.49765E+00
  2.2500000000E+00  2.2541666667E+00  4.60364E-02  6.83196E-01
  2.2541666667E+00  2.2583333333E+00  4.64320E-02  8.63432E-01
  2.2583333333E+00  2.2625000000E+00  4.59696E-02  9.35106E-01
  2.2625000000E+00  2.2666666667E+00  4.60494E-02  1.00564E+00
  2.2666666667E+00  2.2708333333E+00  4.63723E-02  9.04334E-01
  2.2708333333E+00  2.2750000000E+00  4.62752E-02  8.97687E-01
  2.2750000000E+00  2.2791666667E+00  4.71204E-02  1.17078E+00
  2.2791666667E+00  2.2833333333E+00  4.63096E-02  1.19136E+00
  2.2833333333E+00  2.2875000000E+00  4.60917E-02  7.66910E-01
  2.2875000000E+00  2.2916666667E+00  4.59334E-02  8.59509E-01
  2.2916666667E+00  2.2958333333E+00  4.56827E-02  5.74656E-01
  2.2958333333E+00  2.3000000000E+00  4.61927E-02  9.18909E-01
  2.3000000000E+00  2.3041666667E+00  4.58966E-02  6.41617E-01
  2.3041666667E+00  2.3083333333E+00  4.67339E-02  1.03075E+00
  2.3083333333E+00  2.3125000000E+00  4.64000E-02  9.52678E-01
  2.3125000000E+00  2.3166666667E+00  4.57274E-02  5.33228E-01
  2.3166666667E+00  2.3208333333E+00  4.58594E-02  6.34551E-01
  2.3208333333E+00  2.3250000000E+00  4.58428E-02  5.93160E-01
  2.3250000000E+00  2.3291666667E+00  4.64810E-02  8.29251E-01
  2.3291666667E+00  2.3333333333E+00  4.60299E-02  5.86731E-01
  2.3333333333E+00  2.3375000000E+00  4.64541E-02  8.77984E-01
  2.3375000000E+00  2.3416666667E+00  4.63280E-02  7.73988E-01
  2.3416666667E+00  2.3458333333E+00  4.63564E-02  6.85019E-01
  2.3458333333E+00  2.3500000000E+00  4.62799E-02  7.33457E-01
  2.3500000000E+00  2.3541666667E+00  4.63938E-02  7.82199E-01
  2.3541666667E+00  2.3583333333E+00  4.67194E-02  1.04982E+00
  2.3583333333E+00  2.3625000000E+00  4.71546E-02  1.01579E+00
  2.3625000000E+00  2.3666666667E+00  4.71836E-02  1.14650E+00
  2.3666666667E+00  2.3708333333E+00  4.68809E-02  9.22431E-01
  2.3708333333E+00  2.3750000000E+00  4.71219E-02  1.27665E+00
  2.3750000000E+00  2.3791666667E+00  4.66220E-02  7.37385E-01
  2.3791666667E+00  2.3833333333E+00  4.66340E-02  9.29027E-01
  2.3833333333E+00  2.3875000000E+00  4.71392E-02  1.20216E+00
  2.3875000000E+00  2.3916666667E+00  4.69065E-02  1.01414E+00
  2.3916666667E+00  2.3958333333E+00  4.67563E-02  8.47437E-01
  2.3958333333E+00  2.4000000000E+00  4.70685E-02  1.02032E+00
  2.4000000000E+00  2.4041666667E+00  4.64796E-02  6.49524E-01
  2.4041666667E+00  2.4083333333E+00  4.66113E-02  7.60331E-01
  2.4083333333E+00  2.4125000000E+00  4.66337E-02  6.70216E-01
  2.4125000000E+00  2.4166666667E+00  4.75169E-02  1.28443E+00
  2.4166666667E+00  2.4208333333E+00  4.70567E-02  7.13410E-01
  2.4208333333E+00  2.4250000000E+00  4.67602E-02  7.60696E-01
  2.4250000000E+00  2.4291666667E+00  4.68706E-02  7.34852E-01
  2.4291666667E+00  2.4333333333E+00  4.78105E-02  1.04815E+00
  2.4333333333E+00  2.4375000000E+00  4.70620E-02  7.66983E-01
  2.4375000000E+00  2.4416666667E+00  4.66622E-02  6.29154E-01
  2.4416666667E+00  2.4458333333E+00  4.71974E-02  9.95417E-01
  2.4458333333E+00  2.4500000000E+00  4.70366E-02  7.59313E-01
  2.4500000000E+00  2.4541666667E+00  4.67594E-02  6.64874E-01
  2.4541666667E+00  2.4583333333E+00  4.68510E-02  6.77444E-01
  2.4583333333E+00  2.4625000000E+00  4.68742E-02  6.22081E-01
  2.4625000000E+00  2.4666666667E+00  4.75979E-02  9.44329E-01
  2.4666666667E+00  2.4708333333E+00  4.79782E-02  1.15828E+00
  2.4708333333E+00  2.4750000000E+00  4.76540E-02  8.41646E-01
  2.4750000000E+00  2.4791666667E+00  4.79075E-02  1.29629E+00
  2.4791666667E+00  2.4833333333E+00  4.73147E-02  8.16682E-01
  2.4833333333E+00  2.4875000000E+00  4.77223E-02  1.03813E+00
  2.4875000000E+00  2.4916666667E+00  4.75448E-02  8.68038E-01
  2.4916666667E+00  2.4958333333E+00  4.75542E-02  8.76734E-01
  2.4958333333E+00  2.5000000000E+00  4.73710E-02  7.64148E-01
  2.5000000000E+00  2.5041666667E+00  4.73815E-02  7.86575E-01
  2.5041666667E+00  2.5083333333E+00  4.84026E-02  1.24005E+00
  2.5083333333E+00  2.5125000000E+00  4.74820E-02  7.43872E-01
  2.5125000000E+00  2.5166666667E+00  4.72443E-02  6.12238E-01
  2.5166666667E+00  2.5208333333E+00  4.72966E-02  6.06094E-01
  2.5208333333E+00  2.5250000000E+00  4.74855E-02  8.43337E-01
  2.5250000000E+00  2.5291666667E+00  4.77911E-02  8.12928E-01
  2.5291666667E+00  2.5333333333E+00  4.71984E-02  6.12732E-01
  2.5333333333E+00  2.5375000000E+00  4.78768E-02  9.07754E-01
  2.5375000000E+00  2.5416666667E+00  4.73343E-02  7.43217E-01
  2.5416666667E+00  2.5458333333E+00  4.70821E-02  5.39307E-01
  2.5458333333E+00  2.5500000000E+00  4.75735E-02  7.23411E-01
  2.5500000000E+00  2.5541666667E+00  4.75506E-02  9.24846E-01
  2.5541666667E+00  2.5583333333E+00  4.83324E-02  1.44214E+00
  2.5583333333E+00  2.5625000000E+00  4.74938E-02  6.08532E-01
  2.5625000000E+00  2.5666666667E+00  4.81239E-02  8.72175E-01
  2.5666666667E+00  2.5708333333E+00  4.80925E-02  9.50731E-01
  2.5708333333E+00  2.5750000000E+00  4.77419E-02  7.16221E-01
  2.5750000000E+00  2.5791666667E+00  4.75049E-02  6.39049E-01
  2.5791666667E+00  2.5833333333E+00  4.74064E-02  5.54369E-01
  2.5833333333E+00  2.5875000000E+00  4.75623E-02  6.88954E-01
  2.5875000000E+00  2.5916666667E+00  4.78999E-02  8.43014E-01
  2.5916666667E+00  2.5958333333E+00  4.75910E-02  5.98923E-01
  2.5958333333E+00  2.6000000000E+00  4.75802E-02  5.53796E-01
  2.6000000000E+00  2.6041666667E+00  4.76555E-02  5.66408E-01
  2.6041666667E+00  2.6083333333E+00  4.82964E-02  9.88416E-01
  2.6083333333E+00  2.6125000000E+00  4.86583E-02  8.85299E-01
  2.6125000000E+00  2.6166666667E+00  4.85672E-02  9.37104E-01
  2.6166666667E+00  2.6208333333E+00  4.94489E-02  1.35455E+00
  2.6208333333E+00  2.6250000000E+00  4.85493E-02  7.31564E-01
  2.6250000000E+00  2.6291666667E+00  4.85534E-02  9.77528E-01
  2.6291666667E+00  2.6333333333E+00  4.80500E-02  6.00733E-01
  2.6333333333E+00  2.6375000000E+00  4.79841E-02  5.85419E-01
  2.6375000000E+00  2.6416666667E+00  4.84067E-02  6.59835E-01
  2.6416666667E+00  2.6458333333E+00  4.89084E-02  9.04650E-01
  2.6458333333E+00  2.6500000000E+00  4.87855E-02  9.88176E-01
  2.6500000000E+00  2.6541666667E+00  4.87548E-02  7.93920E-01
  2.6541666667E+00  2.6583333333E+00  4.90535E-02  1.12902E+00
  2.6583333333E+00  2.6625000000E+00  4.87125E-02  6.86584E-01
  2.6625000000E+00  2.6666666667E+00  4.89616E-02  8.80900E-01
  2.6666666667E+00  2.6708333333E+00  4.83917E-02  5.79437E-01
  2.6708333333E+00  2.6750000000E+00  4.81293E-02  5.47637E-01
  2.6750000000E+00  2.6791666667E+00  4.80713E-02  5.42456E-01
  2.6791666667E+00  2.6833333333E+00  4.81665E-02  5.47822E-01
  2.6833333333E+00  2.6875000000E+00  4.82962E-02  5.52365E-01
  2.6875000000E+00  2.6916666667E+00  4.82850E-02  5.56159E-01
  2.6916666667E+00  2.6958333333E+00  4.83702E-02  5.32733E-01
  2.6958333333E+00  2.7000000000E+00  4.85122E-02  5.55815E-01
  2.7000000000E+00  2.7041666667E+00  4.91669E-02  1.11583E+00
  2.7041666667E+00  2.7083333333E+00  4.87502E-02  6.28515E-01
  2.7083333333E+00  2.7125000000E+00  4.86014E-02  6.49031E-01
  2.7125000000E+00  2.7166666667E+00  4.88761E-02  6.86202E-01
  2.7166666667E+00  2.7208333333E+00  4.88359E-02  6.87331E-01
  2.7208333333E+00  2.7250000000E+00  4.91906E-02  8.29057E-01
  2.7250000000E+00  2.7291666667E+00  4.92497E-02  7.47518E-01
  2.7291666667E+00  2.7333333333E+00  4.90024E-02  7.58480E-01
  2.7333333333E+00  2.7375000000E+00  4.92020E-02  8.21528E-01
  2.7375000000E+00  2.7416666667E+00  4.86815E-02  5.37352E-01
  2.7416666667E+00  2.7458333333E+00  4.96516E-02  8.69779E-01
  2.7458333333E+00  2.7500000000E+00  4.91626E-02  6.09528E-01
  2.7500000000E+00  2.7541666667E+00  4.92821E-02  6.66315E-01
  2.7541666667E+00  2.7583333333E+00  4.90840E-02  5.85418E-01
  2.7583333333E+00  2.7625000000E+00  4.91830E-02  6.11395E-01
  2.7625000000E+00  2.7666666667E+00  5.04765E-02  1.44697E+00
  2.7666666667E+00  2.7708333333E+00  4.94803E-02  7.77140E-01
  2.7708333333E+00  2.7750000000E+00  4.93579E-02  6.56727E-01
  2.7750000000E+00  2.7791666667E+00  4.96196E-02  1.06733E+00
  2.7791666667E+00  2.7833333333E+00  4.91175E-02  5.47268E-01
  2.7833333333E+00  2.7875000000E+00  4.93918E-02  7.06915E-01
  2.7875000000E+00  2.7916666667E+00  4.98109E-02  9.17097E-01
  2.7916666667E+00  2.7958333333E+00  4.97607E-02  8.68330E-01
  2.7958333333E+00  2.8000000000E+00  4.95778E-02  6.95309E-01
  2.8000000000E+00  2.8041666667E+00  4.94024E-02  5.54926E-01
  2.8041666667E+00  2.8083333333E+00  4.95075E-02  6.04561E-01
  2.8083333333E+00  2.8125000000E+00  5.10048E-02  1.39584E+00
  2.8125000000E+00  2.8166666667E+00  5.00844E-02  7.35530E-01
  2.8166666667E+00  2.8208333333E+00  5.06493E-02  9.64164E-01
  2.8208333333E+00  2.8250000000E+00  5.03170E-02  6.75171E-01
  2.8250000000E+00  2.8291666667E+00  5.06467E-02  9.93178E-01
  2.8291666667E+00  2.8333333333E+00  5.01549E-02  7.92988E-01
  2.8333333333E+00  2.8375000000E+00  5.01316E-02  7.14888E-01
  2.8375000000E+00  2.8416666667E+00  5.00603E-02  6.40990E-01
  2.8416666667E+00  2.8458333333E+00  5.05364E-02  9.10214E-01
  2.8458333333E+00  2.8500000000E+00  5.01104E-02  6.70083E-01
  2.8500000000E+00  2.8541666667E+00  5.05229E-02  9.22260E-01
  2.8541666667E+00  2.8583333333E+00  5.01503E-02  7.04722E-01
  2.8583333333E+00  2.8625000000E+00  5.00400E-02  5.54132E-01
  2.8625000000E+00  2.8666666667E+00  5.03068E-02  6.03511E-01
  2.8666666667E+00  2.8708333333E+00  5.05278E-02  8.50598E-01
  2.8708333333E+00  2.8750000000E+00  5.08292E-02  1.04823E+00
  2.8750000000E+00  2.8791666667E+00  5.00160E-02  5.51494E-01
  2.8791666667E+00  2.8833333333E+00  5.07333E-02  8.54325E-01
  2.8833333333E+00  2.8875000000E+00  5.04359E-02  7.12771E-01
  2.8875000000E+00  2.8916666667E+00  5.04905E-02  7.46152E-01
  2.8916666667E+00  2.8958333333E+00  5.07447E-02  9.12905E-01
  2.8958333333E+00  2.9000000000E+00  5.03968E-02  5.86109E-01
  2.9000000000E+00  2.9041666667E+00  5.08314E-02  7.19347E-01
  2.9041666667E+00  2.9083333333E+00  5.05425E-02  6.28428E-01
  2.9083333333E+00  2.9125000000E+00  5.11442E-02  1.15511E+00
  2.9125000000E+00  2.9166666667E+00  5.18588E-02  1.05565E+00
  2.9166666667E+00  2.9208333333E+00  5.11925E-02  8.29242E-01
  2.9208333333E+00  2.9250000000E+00  5.07294E-02  6.17548E-01
  2.9250000000E+00  2.9291666667E+00  5.08205E-02  6.62660E-01
  2.9291666667E+00  2.9333333333E+00  5.09943E-02  7.51482E-01
  2.9333333333E+00  2.9375000000E+00  5.11388E-02  7.42456E-01
  2.9375000000E+00  2.9416666667E+00  5.11392E-02  6.92464E-01
  2.9416666667E+00  2.9458333333E+00  5.12134E-02  6.92510E-01
  2.9458333333E+00  2.9500000000E+00  5.12376E-02  7.56468E-01
  2.9500000000E+00  2.9541666667E+00  5.09635E-02  6.17483E-01
  2.9541666667E+00  2.9583333333E+00  5.10162E-02  6.82122E-01
  2.9583333333E+00  2.9625000000E+00  5.19088E-02  1.01219E+00
  2.9625000000E+00  2.9666666667E+00  5.13443E-02  6.46098E-01
  2.9666666667E+00  2.9708333333E+00  5.15935E-02  7.82446E-01
  2.9708333333E+00  2.9750000000E+00  5.13559E-02  6.83305E-01
  2.9750000000E+00  2.9791666667E+00  5.11828E-02  7.06176E-01
  2.9791666667E+00  2.9833333333E+00  5.11904E-02  5.94429E-01
  2.9833333333E+00  2.9875000000E+00  5.16469E-02  9.41157E-01
  2.9875000000E+00  2.9916666667E+00  5.16311E-02  7.70498E-01
  2.9916666667E+00  2.9958333333E+00  5.18647E-02  9.19758E-01
  2.9958333333E+00  3.0000000000E+00  5.23367E-02  1.24620E+00
  3.0000000000E+00  3.0041666667E+00  5.13990E-02  7.33668E-01
  3.0041666667E+00  3.0083333333E+00  5.16031E-02  6.91933E-01
  3.0083333333E+00  3.0125000000E+00  5.14671E-02  6.38080E-01
  3.0125000000E+00  3.0166666667E+00  5.20512E-02  8.19434E-01
  3.0166666667E+00  3.0208333333E+00  5.20586E-02  7.96230E-01
  3.0208333333E+00  3.0250000000E+00  5.15032E-02  5.44295E-01
  3.0250000000E+00  3.0291666667E+00  5.16925E-02  6.03747E-01
  3.0291666667E+00  3.0333333333E+00  5.23082E-02  1.14817E+00
  3.0333333333E+00  3.0375000000E+00  5.15215E-02  5.56845E-01
  3.0375000000E+00  3.0416666667E+00  5.21067E-02  7.86268E-01
  3.0416666667E+00  3.0458333333E+00  5.17959E-02  6.06304E-01
  3.0458333333E+00  3.0500000000E+00  5.17261E-02  5.53141E-01
  3.0500000000E+00  3.0541666667E+00  5.24048E-02  8.29641E-01
  3.0541666667E+00  3.0583333333E+00  5.23127E-02  7.84340E-01
  3.0583333333E+00  3.0625000000E+00  5.23414E-02  7.84401E-01
  3.0625000000E+00  3.0666666667E+00  5.22318E-02  6.43341E-01
  3.0666666667E+00  3.0708333333E+00  5.23202E-02  7.13813E-01
  3.0708333333E+00  3.0750000000E+00  5.25675E-02  8.98343E-01
  3.0750000000E+00  3.0791666667E+00  5.24551E-02  7.75438E-01
  3.0791666667E+00  3.0833333333E+00  5.26605E-02  1.02151E+00
  3.0833333333E+00  3.0875000000E+00  5.25794E-02  7.90235E-01
  3.0875000000E+00  3.0916666667E+00  5.21646E-02  5.34811E-01
  3.0916666667E+00  3.0958333333E+00  5.26466E-02  6.15694E-01
  3.0958333333E+00  3.1000000000E+00  5.34831E-02  8.98057E-01
  3.1000000000E+00  3.1041666667E+00  5.37692E-02  1.11592E+00
  3.1041666667E+00  3.1083333333E+00  5.28871E-02  7.86080E-01
  3.1083333333E+00  3.1125000000E+00  5.28004E-02  7.05718E-01
  3.1125000000E+00  3.1166666667E+00  5.27269E-02  6.34377E-01
  3.1166666667E+00  3.1208333333E+00  5.33190E-02  8.89332E-01
  3.1208333333E+00  3.1250000000E+00  5.32187E-02  7.09601E-01
  3.1250000000E+00  3.1291666667E+00  5.29119E-02  6.84385E-01
  3.1291666667E+00  3.1333333333E+00  5.30441E-02  6.98702E-01
  3.1333333333E+00  3.1375000000E+00  5.30686E-02  7.07317E-01
  3.1375000000E+00  3.1416666667E+00  5.29715E-02  6.37188E-01
  3.1416666667E+00  3.1458333333E+00  5.31101E-02  6.13520E-01
  3.1458333333E+00  3.1500000000E+00  5.34945E-02  7.67653E-01
  3.1500000000E+00  3.1541666667E+00  5.39711E-02  8.72146E-01
  3.1541666667E+00  3.1583333333E+00  5.33655E-02  7.15409E-01
  3.1583333333E+00  3.1625000000E+00  5.37038E-02  8.98878E-01
  3.1625000000E+00  3.1666666667E+00  5.37283E-02  6.91771E-01
  3.1666666667E+00  3.1708333333E+00  5.39383E-02  9.02158E-01
  3.1708333333E+00  3.1750000000E+00  5.39208E-02  9.55675E-01
  3.1750000000E+00  3.1791666667E+00  5.40802E-02  8.18238E-01
  3.1791666667E+00  3.1833333333E+00  5.33288E-02  5.51024E-01
  3.1833333333E+00  3.1875000000E+00  5.33457E-02  5.47483E-01
  3.1875000000E+00  3.1916666667E+00  5.36594E-02  6.28160E-01
  3.1916666667E+00  3.1958333333E+00  5.37914E-02  7.38832E-01
  3.1958333333E+00  3.2000000000E+00  5.34411E-02  5.48151E-01
  3.2000000000E+00  3.2041666667E+00  5.39530E-02  7.78147E-01
  3.2041666667E+00  3.2083333333E+00  5.42780E-02  8.70268E-01
  3.2083333333E+00  3.2125000000E+00  5.43232E-02  7.96286E-01
  3.2125000000E+00  3.2166666667E+00  5.43625E-02  7.32003E-01
  3.2166666667E+00  3.2208333333E+00  5.43784E-02  8.89189E-01
  3.2208333333E+00  3.2250000000E+00  5.40556E-02  6.69874E-01
  3.2250000000E+00  3.2291666667E+00  5.37433E-02  5.41335E-01
  3.2291666667E+00  3.2333333333E+00  5.41664E-02  7.04867E-01
  3.2333333333E+00  3.2375000000E+00  5.42331E-02  7.63280E-01
  3.2375000000E+00  3.2416666667E+00  5.43720E-02  7.85288E-01
  3.2416666667E+00  3.2458333333E+00  5.47484E-02  7.64946E-01
  3.2458333333E+00  3.2500000000E+00  5.40376E-02  5.42328E-01
  3.2500000000E+00  3.2541666667E+00  5.42690E-02  6.29968E-01
  3.2541666667E+00  3.2583333333E+00  5.48316E-02  8.27812E-01
  3.2583333333E+00  3.2625000000E+00  5.42429E-02  5.39288E-01
  3.2625000000E+00  3.2666666667E+00  5.44148E-02  6.73399E-01
  3.2666666667E+00  3.2708333333E+00  5.45406E-02  6.66325E-01
  3.2708333333E+00  3.2750000000E+00  5.50162E-02  7.50329E-01
  3.2750000000E+00  3.2791666667E+00  5.48226E-02  6.37120E-01
  3.2791666667E+00  3.2833333333E+00  5.47751E-02  6.64508E-01
  3.2833333333E+00  3.2875000000E+00  5.47249E-02  6.56384E-01
  3.2875000000E+00  3.2916666667E+00  5.48837E-02  7.64925E-01
  3.2916666667E+00  3.2958333333E+00  5.55058E-02  1.00177E+00
  3.2958333333E+00  3.3000000000E+00  5.47067E-02  5.61910E-01
  3.3000000000E+00  3.3041666667E+00  5.52995E-02  7.00633E-01
  3.3041666667E+00  3.3083333333E+00  5.61450E-02  1.22520E+00
  3.3083333333E+00  3.3125000000E+00  5.50797E-02  6.16040E-01
  3.3125000000E+00  3.3166666667E+00  5.49579E-02  5.43681E-01
  3.3166666667E+00  3.3208333333E+00  5.56519E-02  7.29025E-01
  3.3208333333E+00  3.3250000000E+00  5.62843E-02  9.03018E-01
  3.3250000000E+00  3.3291666667E+00  5.64417E-02  9.80456E-01
  3.3291666667E+00  3.3333333333E+00  5.55029E-02  5.94370E-01
  3.3333333333E+00  3.3375000000E+00  5.58671E-02  7.67680E-01
  3.3375000000E+00  3.3416666667E+00  5.60858E-02  9.92814E-01
  3.3416666667E+00  3.3458333333E+00  5.57925E-02  6.36307E-01
  3.3458333333E+00  3.3500000000E+00  5.58945E-02  6.87672E-01
  3.3500000000E+00  3.3541666667E+00  5.58006E-02  7.17108E-01
  3.3541666667E+00  3.3583333333E+00  5.58455E-02  6.59302E-01
  3.3583333333E+00  3.3625000000E+00  5.58244E-02  6.38205E-01
  3.3625000000E+00  3.3666666667E+00  5.55647E-02  5.40170E-01
  3.3666666667E+00  3.3708333333E+00  5.63537E-02  7.74293E-01
  3.3708333333E+00  3.3750000000E+00  5.65607E-02  7.65542E-01
  3.3750000000E+00  3.3791666667E+00  5.67989E-02  7.30095E-01
  3.3791666667E+00  3.3833333333E+00  5.62763E-02  6.60904E-01
  3.3833333333E+00  3.3875000000E+00  5.67255E-02  7.96819E-01
  3.3875000000E+00  3.3916666667E+00  5.68249E-02  8.35849E-01
  3.3916666667E+00  3.3958333333E+00  5.64768E-02  7.09222E-01
  3.3958333333E+00  3.4000000000E+00  5.73714E-02  1.02229E+00
  3.4000000000E+00  3.4041666667E+00  5.65388E-02  6.63003E-01
  3.4041666667E+00  3.4083333333E+00  5.68523E-02  7.69089E-01
  3.4083333333E+00  3.4125000000E+00  5.65771E-02  5.94618E-01
  3.4125000000E+00  3.4166666667E+00  5.73903E-02  9.59518E-01
  3.4166666667E+00  3.4208333333E+00  5.68459E-02  8.63902E-01
  3.4208333333E+00  3.4250000000E+00  5.68227E-02  6.73929E-01
  3.4250000000E+00  3.4291666667E+00  5.69648E-02  7.49552E-01
  3.4291666667E+00  3.4333333333E+00  5.65108E-02  5.45797E-01
  3.4333333333E+00  3.4375000000E+00  5.64299E-02  5.31261E-01
  3.4375000000E+00  3.4416666667E+00  5.68996E-02  7.94609E-01
  3.4416666667E+00  3.4458333333E+00  5.69817E-02  7.11299E-01
  3.4458333333E+00  3.4500000000E+00  5.68375E-02  5.52032E-01
  3.4500000000E+00  3.4541666667E+00  5.81773E-02  1.02561E+00
  3.4541666667E+00  3.4583333333E+00  5.72473E-02  7.24157E-01
  3.4583333333E+00  3.4625000000E+00  5.76645E-02  8.50051E-01
  3.4625000000E+00  3.4666666667E+00  5.76510E-02  6.99815E-01
  3.4666666667E+00  3.4708333333E+00  5.77531E-02  7.48052E-01
  3.4708333333E+00  3.4750000000E+00  5.79490E-02  7.57323E-01
  3.4750000000E+00  3.4791666667E+00  5.80529E-02  7.50365E-01
  3.4791666667E+00  3.4833333333E+00  5.82530E-02  8.88550E-01
  3.4833333333E+00  3.4875000000E+00  5.77255E-02  6.97754E-01
  3.4875000000E+00  3.4916666667E+00  5.80741E-02  6.37057E-01
  3.4916666667E+00  3.4958333333E+00  5.85996E-02  9.12279E-01
  3.4958333333E+00  3.5000000000E+00  5.83608E-02  7.32531E-01
  3.5000000000E+00  3.5041666667E+00  5.91561E-02  9.41056E-01
  3.5041666667E+00  3.5083333333E+00  5.87109E-02  8.33632E-01
  3.5083333333E+00  3.5125000000E+00  5.79372E-02  5.66563E-01
  3.5125000000E+00  3.5166666667E+00  5.86538E-02  8.42097E-01
  3.5166666667E+00  3.5208333333E+00  5.82294E-02  6.00319E-01
  3.5208333333E+00  3.5250000000E+00  5.83863E-02  6.28269E-01
  3.5250000000E+00  3.5291666667E+00  5.82356E-02  5.81561E-01
  3.5291666667E+00  3.5333333333E+00  5.84133E-02  6.80092E-01
  3.5333333333E+00  3.5375000000E+00  5.87242E-02  6.96106E-01
  3.5375000000E+00  3.5416666667E+00  5.90351E-02  9.34754E-01
  3.5416666667E+00  3.5458333333E+00  5.84826E-02  6.56219E-01
  3.5458333333E+00  3.5500000000E+00  5.84050E-02  6.41566E-01
  3.5500000000E+00  3.5541666667E+00  5.85766E-02  5.76074E-01
  3.5541666667E+00  3.5583333333E+00  5.92181E-02  7.60073E-01
  3.5583333333E+00  3.5625000000E+00  5.88018E-02  5.80058E-01
  3.5625000000E+00  3.5666666667E+00  5.90523E-02  6.46137E-01
  3.5666666667E+00  3.5708333333E+00  5.88486E-02  6.15483E-01
  3.5708333333E+00  3.5750000000E+00  5.90839E-02  6.28788E-01
  3.5750000000E+00  3.5791666667E+00  5.98899E-02  8.85603E-01
  3.5791666667E+00  3.5833333333E+00  5.95431E-02  6.99591E-01
  3.5833333333E+00  3.5875000000E+00  5.96521E-02  6.84887E-01
  3.5875000000E+00  3.5916666667E+00  5.95835E-02  6.06611E-01
  3.5916666667E+00  3.5958333333E+00  5.99596E-02  6.88156E-01
  3.5958333333E+00  3.6000000000E+00  6.00021E-02  7.75710E-01
  3.6000000000E+00  3.6041666667E+00  5.97784E-02  6.19239E-01
  3.6041666667E+00  3.6083333333E+00  6.01966E-02  7.30098E-01
  3.6083333333E+00  3.6125000000E+00  6.06431E-02  8.69691E-01
  3.6125000000E+00  3.6166666667E+00  6.03314E-02  8.11785E-01
  3.6166666667E+00  3.6208333333E+00  6.03820E-02  6.58085E-01
  3.6208333333E+00  3.6250000000E+00  6.07079E-02  7.79704E-01
  3.6250000000E+00  3.6291666667E+00  6.06386E-02  7.34853E-01
  3.6291666667E+00  3.6333333333E+00  6.11425E-02  8.27687E-01
  3.6333333333E+00  3.6375000000E+00  6.12621E-02  8.95612E-01
  3.6375000000E+00  3.6416666667E+00  6.12086E-02  8.23437E-01
  3.6416666667E+00  3.6458333333E+00  6.09398E-02  7.02537E-01
  3.6458333333E+00  3.6500000000E+00  6.13510E-02  7.36149E-01
  3.6500000000E+00  3.6541666667E+00  6.14501E-02  8.57456E-01
  3.6541666667E+00  3.6583333333E+00  6.06563E-02  5.60100E-01
  3.6583333333E+00  3.6625000000E+00  6.10472E-02  7.03343E-01
  3.6625000000E+00  3.6666666667E+00  6.14022E-02  7.51616E-01
  3.6666666667E+00  3.6708333333E+00  6.19130E-02  9.89253E-01
  3.6708333333E+00  3.6750000000E+00  6.14130E-02  8.13051E-01
  3.6750000000E+00  3.6791666667E+00  6.14734E-02  7.11379E-01
  3.6791666667E+00  3.6833333333E+00  6.14751E-02  6.59973E-01
  3.6833333333E+00  3.6875000000E+00  6.12048E-02  5.64808E-01
  3.6875000000E+00  3.6916666667E+00  6.21115E-02  8.80890E-01
  3.6916666667E+00  3.6958333333E+00  6.14639E-02  6.25461E-01
  3.6958333333E+00  3.7000000000E+00  6.17065E-02  6.27302E-01
  3.7000000000E+00  3.7041666667E+00  6.15828E-02  5.85799E-01
  3.7041666667E+00  3.7083333333E+00  6.15780E-02  5.92359E-01
  3.7083333333E+00  3.7125000000E+00  6.16764E-02  5.62481E-01
  3.7125000000E+00  3.7166666667E+00  6.17891E-02  6.34747E-01
  3.7166666667E+00  3.7208333333E+00  6.17938E-02  6.46671E-01
  3.7208333333E+00  3.7250000000E+00  6.25631E-02  9.68464E-01
  3.7250000000E+00  3.7291666667E+00  6.17949E-02  5.70447E-01
  3.7291666667E+00  3.7333333333E+00  6.26704E-02  8.15342E-01
  3.7333333333E+00  3.7375000000E+00  6.21024E-02  5.83466E-01
  3.7375000000E+00  3.7416666667E+00  6.24489E-02  6.27849E-01
  3.7416666667E+00  3.7458333333E+00  6.27671E-02  7.10356E-01
  3.7458333333E+00  3.7500000000E+00  6.26819E-02  6.08585E-01
  3.7500000000E+00  3.7541666667E+00  6.30999E-02  7.51334E-01
  3.7541666667E+00  3.7583333333E+00  6.30426E-02  7.10234E-01
  3.7583333333E+00  3.7625000000E+00  6.27471E-02  6.26320E-01
  3.7625000000E+00  3.7666666667E+00  6.32305E-02  7.75725E-01
  3.7666666667E+00  3.7708333333E+00  6.31725E-02  6.90008E-01
  3.7708333333E+00  3.7750000000E+00  6.28413E-02  5.58396E-01
  3.7750000000E+00  3.7791666667E+00  6.35947E-02  7.53466E-01
  3.7791666667E+00  3.7833333333E+00  6.41866E-02  8.97573E-01
  3.7833333333E+00  3.7875000000E+00  6.30731E-02  5.39246E-01
  3.7875000000E+00  3.7916666667E+00  6.32360E-02  5.71808E-01
  3.7916666667E+00  3.7958333333E+00  6.36923E-02  6.39523E-01
  3.7958333333E+00  3.8000000000E+00  6.35874E-02  6.42011E-01
  3.8000000000E+00  3.8041666667E+00  6.38189E-02  7.28531E-01
  3.8041666667E+00  3.8083333333E+00  6.34652E-02  5.56974E-01
  3.8083333333E+00  3.8125000000E+00  6.36228E-02  5.59693E-01
  3.8125000000E+00  3.8166666667E+00  6.41348E-02  7.13852E-01
  3.8166666667E+00  3.8208333333E+00  6.39605E-02  5.93003E-01
  3.8208333333E+00  3.8250000000E+00  6.39966E-02  6.28760E-01
  3.8250000000E+00  3.8291666667E+00  6.46978E-02  7.16017E-01
  3.8291666667E+00  3.8333333333E+00  6.46635E-02  8.07684E-01
  3.8333333333E+00  3.8375000000E+00  6.48444E-02  7.14632E-01
  3.8375000000E+00  3.8416666667E+00  6.52362E-02  6.93402E-01
  3.8416666667E+00  3.8458333333E+00  6.57639E-02  8.75774E-01
  3.8458333333E+00  3.8500000000E+00  6.50350E-02  7.77380E-01
  3.8500000000E+00  3.8541666667E+00  6.49215E-02  6.55279E-01
  3.8541666667E+00  3.8583333333E+00  6.52600E-02  7.66940E-01
  3.8583333333E+00  3.8625000000E+00  6.52621E-02  6.59729E-01
  3.8625000000E+00  3.8666666667E+00  6.54341E-02  6.65970E-01
  3.8666666667E+00  3.8708333333E+00  6.62366E-02  1.03020E+00
  3.8708333333E+00  3.8750000000E+00  6.59866E-02  7.09599E-01
  3.8750000000E+00  3.8791666667E+00  6.59311E-02  6.37371E-01
  3.8791666667E+00  3.8833333333E+00  6.58179E-02  6.79788E-01
  3.8833333333E+00  3.8875000000E+00  6.57636E-02  6.39419E-01
  3.8875000000E+00  3.8916666667E+00  6.65436E-02  8.09391E-01
  3.8916666667E+00  3.8958333333E+00  6.64998E-02  7.54253E-01
  3.8958333333E+00  3.9000000000E+00  6.69017E-02  8.27833E-01
  3.9000000000E+00  3.9041666667E+00  6.67481E-02  7.66624E-01
  3.9041666667E+00  3.9083333333E+00  6.65991E-02  6.77696E-01
  3.9083333333E+00  3.9125000000E+00  6.73880E-02  8.25683E-01
  3.9125000000E+00  3.9166666667E+00  6.72331E-02  8.29422E-01
  3.9166666667E+00  3.9208333333E+00  6.66236E-02  5.48742E-01
  3.9208333333E+00  3.9250000000E+00  6.74731E-02  7.68694E-01
  3.9250000000E+00  3.9291666667E+00  6.73675E-02  7.53358E-01
  3.9291666667E+00  3.9333333333E+00  6.74786E-02  5.98511E-01
  3.9333333333E+00  3.9375000000E+00  6.84946E-02  9.19512E-01
  3.9375000000E+00  3.9416666667E+00  6.84686E-02  8.09516E-01
  3.9416666667E+00  3.9458333333E+00  6.76017E-02  5.63568E-01
  3.9458333333E+00  3.9500000000E+00  6.83399E-02  7.79760E-01
  3.9500000000E+00  3.9541666667E+00  6.81559E-02  6.38734E-01
  3.9541666667E+00  3.9583333333E+00  6.89443E-02  8.12133E-01
  3.9583333333E+00  3.9625000000E+00  6.85575E-02  6.38666E-01
  3.9625000000E+00  3.9666666667E+00  6.84846E-02  5.91916E-01
  3.9666666667E+00  3.9708333333E+00  6.89231E-02  6.95015E-01
  3.9708333333E+00  3.9750000000E+00  6.92154E-02  7.36250E-01
  3.9750000000E+00  3.9791666667E+00  6.90559E-02  6.88115E-01
  3.9791666667E+00  3.9833333333E+00  6.95604E-02  7.69303E-01
  3.9833333333E+00  3.9875000000E+00  7.00720E-02  8.53172E-01
  3.9875000000E+00  3.9916666667E+00  6.95882E-02  6.73659E-01
  3.9916666667E+00  3.9958333333E+00  7.01593E-02  8.97442E-01
  3.9958333333E+00  4.0000000000E+00  6.94546E-02  6.54062E-01
  4.0000000000E+00  4.0041666667E+00  6.92402E-02  5.54396E-01
  4.0041666667E+00  4.0083333333E+00  6.96928E-02  6.54941E-01
  4.0083333333E+00  4.0125000000E+00  6.97629E-02  6.18936E-01
  4.0125000000E+00  4.0166666667E+00  7.04843E-02  6.98634E-01
  4.0166666667E+00  4.0208333333E+00  7.05092E-02  7.53721E-01
  4.0208333333E+00  4.0250000000E+00  7.03172E-02  6.44140E-01
  4.0250000000E+00  4.0291666667E+00  7.11451E-02  8.12133E-01
  4.0291666667E+00  4.0333333333E+00  7.03453E-02  5.86948E-01
  4.0333333333E+00  4.0375000000E+00  7.04216E-02  5.65276E-01
  4.0375000000E+00  4.0416666667E+00  7.25719E-02  1.00272E+00
  4.0416666667E+00  4.0458333333E+00  7.26343E-02  9.27921E-01
  4.0458333333E+00  4.0500000000E+00  7.14209E-02  5.83339E-01
  4.0500000000E+00  4.0541666667E+00  7.17549E-02  6.80336E-01
  4.0541666667E+00  4.0583333333E+00  7.17002E-02  6.36221E-01
  4.0583333333E+00  4.0625000000E+00  7.18368E-02  6.59285E-01
  4.0625000000E+00  4.0666666667E+00  7.23518E-02  6.83773E-01
  4.0666666667E+00  4.0708333333E+00  7.19176E-02  5.79068E-01
  4.0708333333E+00  4.0750000000E+00  7.26000E-02  7.40777E-01
  4.0750000000E+00  4.0791666667E+00  7.27978E-02  6.71509E-01
  4.0791666667E+00  4.0833333333E+00  7.29029E-02  6.42791E-01
  4.0833333333E+00  4.0875000000E+00  7.35170E-02  7.20407E-01
  4.0875000000E+00  4.0916666667E+00  7.37078E-02  6.91771E-01
  4.0916666667E+00  4.0958333333E+00  7.36120E-02  6.58313E-01
  4.0958333333E+00  4.1000000000E+00  7.35221E-02  6.14687E-01
  4.1000000000E+00  4.1041666667E+00  7.36393E-02  6.48995E-01
  4.1041666667E+00  4.1083333333E+00  7.39837E-02  6.51094E-01
  4.1083333333E+00  4.1125000000E+00  7.44022E-02  6.74109E-01
  4.1125000000E+00  4.1166666667E+00  7.49805E-02  8.49360E-01
  4.1166666667E+00  4.1208333333E+00  7.45375E-02  6.64766E-01
  4.1208333333E+00  4.1250000000E+00  7.48256E-02  6.26039E-01
  4.1250000000E+00  4.1291666667E+00  7.49818E-02  6.16886E-01
  4.1291666667E+00  4.1333333333E+00  7.51035E-02  6.05510E-01
  4.1333333333E+00  4.1375000000E+00  7.51103E-02  5.84045E-01
  4.1375000000E+00  4.1416666667E+00  7.59474E-02  7.60649E-01
  4.1416666667E+00  4.1458333333E+00  7.57997E-02  6.40826E-01
  4.1458333333E+00  4.1500000000E+00  7.60495E-02  6.46258E-01
  4.1500000000E+00  4.1541666667E+00  7.64438E-02  7.03036E-01
  4.1541666667E+00  4.1583333333E+00  7.64990E-02  6.48296E-01
  4.1583333333E+00  4.1625000000E+00  7.71970E-02  7.11181E-01
  4.1625000000E+00  4.1666666667E+00  7.77360E-02  7.70431E-01
  4.1666666667E+00  4.1708333333E+00  7.77708E-02  7.13974E-01
  4.1708333333E+00  4.1750000000E+00  7.85424E-02  7.99757E-01
  4.1750000000E+00  4.1791666667E+00  7.87080E-02  7.84380E-01
  4.1791666667E+00  4.1833333333E+00  7.88665E-02  7.28381E-01
  4.1833333333E+00  4.1875000000E+00  7.90823E-02  7.37630E-01
  4.1875000000E+00  4.1916666667E+00  7.93043E-02  7.16139E-01
  4.1916666667E+00  4.1958333333E+00  7.91696E-02  6.38012E-01
  4.1958333333E+00  4.2000000000E+00  7.93582E-02  6.56075E-01
  4.2000000000E+00  4.2041666667E+00  8.03212E-02  6.60083E-01
  4.2041666667E+00  4.2083333333E+00  8.03614E-02  6.37088E-01
  4.2083333333E+00  4.2125000000E+00  8.03461E-02  5.88246E-01
  4.2125000000E+00  4.2166666667E+00  8.16859E-02  7.84637E-01
  4.2166666667E+00  4.2208333333E+00  8.14021E-02  6.62535E-01
  4.2208333333E+00  4.2250000000E+00  8.15425E-02  6.50157E-01
  4.2250000000E+00  4.2291666667E+00  8.20970E-02  6.68050E-01
  4.2291666667E+00  4.2333333333E+00  8.27223E-02  7.03271E-01
  4.2333333333E+00  4.2375000000E+00  8.33846E-02  7.73383E-01
  4.2375000000E+00  4.2416666667E+00  8.30491E-02  6.07476E-01
  4.2416666667E+00  4.2458333333E+00  8.36187E-02  6.82037E-01
  4.2458333333E+00  4.2500000000E+00  8.40412E-02  7.39711E-01
  4.2500000000E+00  4.2541666667E+00  8.46009E-02  7.42910E-01
  4.2541666667E+00  4.2583333333E+00  8.52783E-02  7.07494E-01
  4.2583333333E+00  4.2625000000E+00  8.54350E-02  7.04003E-01
  4.2625000000E+00  4.2666666667E+00  8.69562E-02  8.83983E-01
  4.2666666667E+00  4.2708333333E+00  8.60786E-02  6.43789E-01
  4.2708333333E+00  4.2750000000E+00  8.69605E-02  6.79339E-01
  4.2750000000E+00  4.2791666667E+00  8.71047E-02  6.70938E-01
  4.2791666667E+00  4.2833333333E+00  8.72471E-02  6.76432E-01
  4.2833333333E+00  4.2875000000E+00  8.81042E-02  7.73264E-01
  4.2875000000E+00  4.2916666667E+00  8.86662E-02  7.14440E-01
  4.2916666667E+00  4.2958333333E+00  8.94349E-02  8.10008E-01
  4.2958333333E+00  4.3000000000E+00  8.89905E-02  7.53933E-01
  4.3000000000E+00  4.3041666667E+00  8.85275E-02  6.41103E-01
  4.3041666667E+00  4.3083333333E+00  8.93118E-02  7.67769E-01
  4.3083333333E+00  4.3125000000E+00  9.01583E-02  8.15987E-01
  4.3125000000E+00  4.3166666667E+00  8.99071E-02  8.02183E-01
  4.3166666667E+00  4.3208333333E+00  8.99033E-02  6.72563E-01
  4.3208333333E+00  4.3250000000E+00  8.98787E-02  6.59195E-01
  4.3250000000E+00  4.3291666667E+00  9.04524E-02  7.39146E-01
  4.3291666667E+00  4.3333333333E+00  9.04393E-02  7.09291E-01
  4.3333333333E+00  4.3375000000E+00  9.05417E-02  6.86657E-01
  4.3375000000E+00  4.3416666667E+00  9.09447E-02  7.11718E-01
  4.3416666667E+00  4.3458333333E+00  9.11383E-02  7.20828E-01
  4.3458333333E+00  4.3500000000E+00  9.13245E-02  7.17149E-01
  4.3500000000E+00  4.3541666667E+00  9.13659E-02  7.35235E-01
  4.3541666667E+00  4.3583333333E+00  9.15288E-02  7.45602E-01
  4.3583333333E+00  4.3625000000E+00  9.15953E-02  7.46843E-01
  4.3625000000E+00  4.3666666667E+00  9.18497E-02  7.86404E-01
  4.3666666667E+00  4.3708333333E+00  9.21198E-02  7.81920E-01
  4.3708333333E+00  4.3750000000E+00  9.15811E-02  7.58868E-01
  4.3750000000E+00  4.3791666667E+00  9.13479E-02  7.03780E-01
  4.3791666667E+00  4.3833333333E+00  9.11220E-02  7.78216E-01
  4.3833333333E+00  4.3875000000E+00  9.09637E-02  7.26149E-01
  4.3875000000E+00  4.3916666667E+00  9.15914E-02  7.44869E-01
  4.3916666667E+00  4.3958333333E+00  9.15470E-02  7.64490E-01
  4.3958333333E+00  4.4000000000E+00  9.02331E-02  6.81158E-01
  4.4000000000E+00  4.4041666667E+00  9.08450E-02  7.31236E-01
  4.4041666667E+00  4.4083333333E+00  9.04489E-02  7.27956E-01
  4.4083333333E+00  4.4125000000E+00  9.06706E-02  7.75841E-01
  4.4125000000E+00  4.4166666667E+00  9.04095E-02  7.23590E-01
  4.4166666667E+00  4.4208333333E+00  8.96686E-02  6.77217E-01
  4.4208333333E+00  4.4250000000E+00  8.97765E-02  6.91079E-01
  4.4250000000E+00  4.4291666667E+00  8.99999E-02  7.45720E-01
  4.4291666667E+00  4.4333333333E+00  9.01982E-02  7.41630E-01
  4.4333333333E+00  4.4375000000E+00  9.07879E-02  7.42321E-01
  4.4375000000E+00  4.4416666667E+00  9.04381E-02  7.49393E-01
  4.4416666667E+00  4.4458333333E+00  9.01175E-02  6.85887E-01
  4.4458333333E+00  4.4500000000E+00  9.04463E-02  6.88365E-01
  4.4500000000E+00  4.4541666667E+00  9.08622E-02  7.88061E-01
  4.4541666667E+00  4.4583333333E+00  9.03962E-02  7.79146E-01
  4.4583333333E+00  4.4625000000E+00  9.09557E-02  7.95002E-01
  4.4625000000E+00  4.4666666667E+00  9.07416E-02  7.34935E-01
  4.4666666667E+00  4.4708333333E+00  9.03963E-02  7.10688E-01
  4.4708333333E+00  4.4750000000E+00  9.09299E-02  7.97724E-01
  4.4750000000E+00  4.4791666667E+00  9.10598E-02  7.70885E-01
  4.4791666667E+00  4.4833333333E+00  8.95185E-02  6.94334E-01
  4.4833333333E+00  4.4875000000E+00  8.98024E-02  7.24762E-01
  4.4875000000E+00  4.4916666667E+00  9.03995E-02  7.67313E-01
  4.4916666667E+00  4.4958333333E+00  9.00644E-02  7.07567E-01
  4.4958333333E+00  4.5000000000E+00  9.00201E-02  7.12810E-01
  4.5000000000E+00  4.5041666667E+00  8.99360E-02  7.06583E-01
  4.5041666667E+00  4.5083333333E+00  9.04329E-02  7.30622E-01
  4.5083333333E+00  4.5125000000E+00  9.04779E-02  7.79029E-01
  4.5125000000E+00  4.5166666667E+00  8.98780E-02  7.45293E-01
  4.5166666667E+00  4.5208333333E+00  8.98913E-02  7.51435E-01
  4.5208333333E+00  4.5250000000E+00  8.97433E-02  7.33779E-01
  4.5250000000E+00  4.5291666667E+00  8.98313E-02  7.78757E-01
  4.5291666667E+00  4.5333333333E+00  8.95759E-02  7.32023E-01
  4.5333333333E+00  4.5375000000E+00  8.96223E-02  7.68328E-01
  4.5375000000E+00  4.5416666667E+00  8.95234E-02  7.77444E-01
  4.5416666667E+00  4.5458333333E+00  8.94138E-02  7.91313E-01
  4.5458333333E+00  4.5500000000E+00  8.87976E-02  7.46292E-01
  4.5500000000E+00  4.5541666667E+00  8.94002E-02  8.16896E-01
  4.5541666667E+00  4.5583333333E+00  8.83921E-02  7.25335E-01
  4.5583333333E+00  4.5625000000E+00  8.83936E-02  7.47441E-01
  4.5625000000E+00  4.5666666667E+00  8.85047E-02  7.69327E-01
  4.5666666667E+00  4.5708333333E+00  8.91877E-02  8.06261E-01
  4.5708333333E+00  4.5750000000E+00  8.82856E-02  7.76818E-01
  4.5750000000E+00  4.5791666667E+00  8.82350E-02  7.21549E-01
  4.5791666667E+00  4.5833333333E+00  8.86134E-02  7.46317E-01
  4.5833333333E+00  4.5875000000E+00  8.85102E-02  7.40047E-01
  4.5875000000E+00  4.5916666667E+00  8.86363E-02  8.00817E-01
  4.5916666667E+00  4.5958333333E+00  8.91855E-02  8.37766E-01
  4.5958333333E+00  4.6000000000E+00  8.83455E-02  7.90391E-01
  4.6000000000E+00  4.6041666667E+00  8.79704E-02  7.57966E-01
  4.6041666667E+00  4.6083333333E+00  8.82120E-02  7.83463E-01
  4.6083333333E+00  4.6125000000E+00  8.77074E-02  7.31643E-01
  4.6125000000E+00  4.6166666667E+00  8.77053E-02  7.21897E-01
  4.6166666667E+00  4.6208333333E+00  8.83293E-02  7.83027E-01
  4.6208333333E+00  4.6250000000E+00  8.88816E-02  8.66561E-01
  4.6250000000E+00  4.6291666667E+00  8.82831E-02  7.58817E-01
  4.6291666667E+00  4.6333333333E+00  8.90053E-02  8.20245E-01
  4.6333333333E+00  4.6375000000E+00  8.83615E-02  7.60774E-01
  4.6375000000E+00  4.6416666667E+00  8.86884E-02  8.16728E-01
  4.6416666667E+00  4.6458333333E+00  8.84791E-02  7.85120E-01
  4.6458333333E+00  4.6500000000E+00  8.79728E-02  7.69275E-01
  4.6500000000E+00  4.6541666667E+00  8.79814E-02  7.43693E-01
  4.6541666667E+00  4.6583333333E+00  8.88363E-02  7.90631E-01
  4.6583333333E+00  4.6625000000E+00  8.84895E-02  7.58708E-01
  4.6625000000E+00  4.6666666667E+00  8.92164E-02  8.36999E-01
  4.6666666667E+00  4.6708333333E+00  8.88138E-02  7.65364E-01
  4.6708333333E+00  4.6750000000E+00  8.84051E-02  7.69429E-01
  4.6750000000E+00  4.6791666667E+00  8.81115E-02  7.58293E-01
  4.6791666667E+00  4.6833333333E+00  8.82966E-02  8.07041E-01
  4.6833333333E+00  4.6875000000E+00  8.83160E-02  7.87668E-01
  4.6875000000E+00  4.6916666667E+00  8.78563E-02  7.64671E-01
  4.6916666667E+00  4.6958333333E+00  8.93431E-02  9.39351E-01
  4.6958333333E+00  4.7000000000E+00  8.87788E-02  8.48130E-01
  4.7000000000E+00  4.7041666667E+00  8.81540E-02  8.15066E-01
  4.7041666667E+00  4.7083333333E+00  8.76948E-02  7.75291E-01
  4.7083333333E+00  4.7125000000E+00  8.77537E-02  7.69601E-01
  4.7125000000E+00  4.7166666667E+00  8.82234E-02  8.26889E-01
  4.7166666667E+00  4.7208333333E+00  8.81055E-02  8.08415E-01
  4.7208333333E+00  4.7250000000E+00  8.88600E-02  8.34890E-01
  4.7250000000E+00  4.7291666667E+00  8.77263E-02  8.01842E-01
  4.7291666667E+00  4.7333333333E+00  8.74840E-02  7.85797E-01
  4.7333333333E+00  4.7375000000E+00  8.77266E-02  8.12929E-01
  4.7375000000E+00  4.7416666667E+00  8.79661E-02  8.44144E-01
  4.7416666667E+00  4.7458333333E+00  8.74164E-02  7.69941E-01
  4.7458333333E+00  4.7500000000E+00  8.80000E-02  8.10052E-01
  4.7500000000E+00  4.7541666667E+00  8.85888E-02  7.99848E-01
  4.7541666667E+00  4.7583333333E+00  8.80070E-02  7.92507E-01
  4.7583333333E+00  4.7625000000E+00  8.84223E-02  8.41384E-01
  4.7625000000E+00  4.7666666667E+00  8.82429E-02  8.07512E-01
  4.7666666667E+00  4.7708333333E+00  8.90345E-02  8.81789E-01
  4.7708333333E+00  4.7750000000E+00  8.79263E-02  7.86283E-01
  4.7750000000E+00  4.7791666667E+00  8.78190E-02  8.60453E-01
  4.7791666667E+00  4.7833333333E+00  8.82596E-02  8.52442E-01
  4.7833333333E+00  4.7875000000E+00  8.85181E-02  8.23545E-01
  4.7875000000E+00  4.7916666667E+00  8.89176E-02  8.58827E-01
  4.7916666667E+00  4.7958333333E+00  8.89424E-02  8.90937E-01
  4.7958333333E+00  4.8000000000E+00  8.90319E-02  8.41382E-01
  4.8000000000E+00  4.8041666667E+00  8.88503E-02  8.17737E-01
  4.8041666667E+00  4.8083333333E+00  8.82694E-02  8.44574E-01
  4.8083333333E+00  4.8125000000E+00  8.83536E-02  8.25711E-01
  4.8125000000E+00  4.8166666667E+00  8.94080E-02  9.49263E-01
  4.8166666667E+00  4.8208333333E+00  8.88878E-02  8.53615E-01
  4.8208333333E+00  4.8250000000E+00  8.86945E-02  8.39632E-01
  4.8250000000E+00  4.8291666667E+00  8.85697E-02  8.40479E-01
  4.8291666667E+00  4.8333333333E+00  8.90053E-02  8.57044E-01
  4.8333333333E+00  4.8375000000E+00  8.90192E-02  8.33042E-01
  4.8375000000E+00  4.8416666667E+00  8.86607E-02  8.66527E-01
  4.8416666667E+00  4.8458333333E+00  8.92151E-02  8.87223E-01
  4.8458333333E+00  4.8500000000E+00  8.91494E-02  8.51594E-01
  4.8500000000E+00  4.8541666667E+00  8.88205E-02  8.45749E-01
  4.8541666667E+00  4.8583333333E+00  8.87113E-02  8.53888E-01
  4.8583333333E+00  4.8625000000E+00  8.84180E-02  8.76802E-01
  4.8625000000E+00  4.8666666667E+00  8.82353E-02  8.47582E-01
  4.8666666667E+00  4.8708333333E+00  8.77797E-02  8.62953E-01
  4.8708333333E+00  4.8750000000E+00  8.80098E-02  8.48598E-01
  4.8750000000E+00  4.8791666667E+00  8.77274E-02  8.46513E-01
  4.8791666667E+00  4.8833333333E+00  8.76833E-02  8.81915E-01
  4.8833333333E+00  4.8875000000E+00  8.72028E-02  8.50388E-01
  4.8875000000E+00  4.8916666667E+00  8.75061E-02  8.51510E-01
  4.8916666667E+00  4.8958333333E+00  8.73301E-02  8.62280E-01
  4.8958333333E+00  4.9000000000E+00  8.75556E-02  8.89266E-01
  4.9000000000E+00  4.9041666667E+00  8.67669E-02  8.57624E-01
  4.9041666667E+00  4.9083333333E+00  8.70654E-02  8.69870E-01
  4.9083333333E+00  4.9125000000E+00  8.77891E-02  9.09739E-01
  4.9125000000E+00  4.9166666667E+00  8.82276E-02  9.75076E-01
  4.9166666667E+00  4.9208333333E+00  8.72431E-02  8.80265E-01
  4.9208333333E+00  4.9250000000E+00  8.76578E-02  8.92142E-01
  4.9250000000E+00  4.9291666667E+00  8.83297E-02  9.24093E-01
  4.9291666667E+00  4.9333333333E+00  8.88977E-02  9.28750E-01
  4.9333333333E+00  4.9375000000E+00  8.87231E-02  9.10321E-01
  4.9375000000E+00  4.9416666667E+00  8.84281E-02  9.05842E-01
  4.9416666667E+00  4.9458333333E+00  8.88735E-02  9.14260E-01
  4.9458333333E+00  4.9500000000E+00  8.87680E-02  9.32736E-01
  4.9500000000E+00  4.9541666667E+00  8.90555E-02  9.79418E-01
  4.9541666667E+00  4.9583333333E+00  8.86522E-02  9.18763E-01
  4.9583333333E+00  4.9625000000E+00  8.90745E-02  9.34612E-01
  4.9625000000E+00  4.9666666667E+00  8.89707E-02  9.35160E-01
  4.9666666667E+00  4.9708333333E+00  8.92295E-02  9.77380E-01
  4.9708333333E+00  4.9750000000E+00  8.98779E-02  9.41983E-01
  4.9750000000E+00  4.9791666667E+00  9.09818E-02  9.60228E-01
  4.9791666667E+00  4.9833333333E+00  9.07408E-02  1.00402E+00
  4.9833333333E+00  4.9875000000E+00  9.02724E-02  1.00243E+00
  4.9875000000E+00  4.9916666667E+00  9.07313E-02  9.70474E-01
  4.9916666667E+00  4.9958333333E+00  9.09938E-02  9.84274E-01
  4.9958333333E+00  5.0000000000E+00  9.05044E-02  9.92018E-01
  5.0000000000E+00  5.0041666667E+00  8.99223E-02  1.00355E+00
  5.0041666667E+00  5.0083333333E+00  8.93708E-02  1.01591E+00
  5.0083333333E+00  5.0125000000E+00  8.88362E-02  1.02540E+00
  5.0125000000E+00  5.0166666667E+00  8.83194E-02  1.03522E+00
  5.0166666667E+00  5.0208333333E+00  8.75176E-02  1.03892E+00
  5.0208333333E+00  5.0250000000E+00  8.77831E-02  1.05910E+00
  5.0250000000E+00  5.0291666667E+00  8.69080E-02  1.07416E+00
  5.0291666667E+00  5.0333333333E+00  8.60923E-02  1.08698E+00
  5.0333333333E+00  5.0375000000E+00  8.56853E-02  1.12835E+00
  5.0375000000E+00  5.0416666667E+00  8.47422E-02  1.12370E+00
  5.0416666667E+00  5.0458333333E+00  8.37864E-02  1.14100E+00
  5.0458333333E+00  5.0500000000E+00  8.15123E-02  1.16350E+00
  5.0500000000E+00  5.0541666667E+00  7.91873E-02  1.19480E+00
  5.0541666667E+00  5.0583333333E+00  7.73697E-02  1.22676E+00
  5.0583333333E+00  5.0625000000E+00  7.43281E-02  1.24071E+00
  5.0625000000E+00  5.0666666667E+00  7.24909E-02  1.27673E+00
  5.0666666667E+00  5.0708333333E+00  7.03145E-02  1.29305E+00
  5.0708333333E+00  5.0750000000E+00  6.87072E-02  1.33215E+00
  5.0750000000E+00  5.0791666667E+00  6.71248E-02  1.37637E+00
  5.0791666667E+00  5.0833333333E+00  6.39054E-02  1.40988E+00
  5.0833333333E+00  5.0875000000E+00  6.20136E-02  1.44852E+00
  5.0875000000E+00  5.0916666667E+00  5.85648E-02  1.49580E+00
  5.0916666667E+00  5.0958333333E+00  5.46203E-02  1.54490E+00
  5.0958333333E+00  5.1000000000E+00  5.17958E-02  1.60159E+00
  5.1000000000E+00  5.1041666667E+00  4.87423E-02  1.67448E+00
  5.1041666667E+00  5.1083333333E+00  4.61719E-02  1.73672E+00
  5.1083333333E+00  5.1125000000E+00  4.26877E-02  1.78318E+00
  5.1125000000E+00  5.1166666667E+00  4.03639E-02  1.86286E+00
  5.1166666667E+00  5.1208333333E+00  3.77997E-02  1.95151E+00
  5.1208333333E+00  5.1250000000E+00  3.51804E-02  2.06122E+00
  5.1250000000E+00  5.1291666667E+00  3.18215E-02  2.16677E+00
  5.1291666667E+00  5.1333333333E+00  2.81920E-02  2.28563E+00
  5.1333333333E+00  5.1375000000E+00  2.60995E-02  2.43429E+00
  5.1375000000E+00  5.1416666667E+00  2.37673E-02  2.54789E+00
  5.1416666667E+00  5.1458333333E+00  2.09574E-02  2.68675E+00
  5.1458333333E+00  5.1500000000E+00  1.90582E-02  2.87099E+00
  5.1500000000E+00  5.1541666667E+00  1.68326E-02  3.02951E+00
  5.1541666667E+00  5.1583333333E+00  1.48120E-02  3.20963E+00
  5.1583333333E+00  5.1625000000E+00  1.31783E-02  3.46684E+00
  5.1625000000E+00  5.1666666667E+00  1.13022E-02  3.70416E+00
  5.1666666667E+00  5.1708333333E+00  9.44792E-03  4.04994E+00
  5.1708333333E+00  5.1750000000E+00  8.54295E-03  4.36782E+00
  5.1750000000E+00  5.1791666667E+00  7.44881E-03  4.71420E+00
  5.1791666667E+00  5.1833333333E+00  6.11768E-03  5.09651E+00
  5.1833333333E+00  5.1875000000E+00  5.32603E-03  5.57318E+00
  5.1875000000E+00  5.1916666667E+00  4.73244E-03  5.98212E+00
  5.1916666667E+00  5.1958333333E+00  4.07484E-03  6.49911E+00
  5.1958333333E+00  5.2000000000E+00  3.28762E-03  7.09951E+00
  5.2000000000E+00  5.2041666667E+00  2.64811E-03  7.84248E+00
  5.2041666667E+00  5.2083333333E+00  2.33034E-03  8.90867E+00
  5.2083333333E+00  5.2125000000E+00  1.70786E-03  9.88887E+00
  5.2125000000E+00  5.2166666667E+00  1.34271E-03  1.08589E+01
  5.2166666667E+00  5.2208333333E+00  1.15101E-03  1.17606E+01
  5.2208333333E+00  5.2250000000E+00  1.01837E-03  1.29642E+01
  5.2250000000E+00  5.2291666667E+00  9.50549E-04  1.42758E+01
  5.2291666667E+00  5.2333333333E+00  7.55658E-04  1.57660E+01
  5.2333333333E+00  5.2375000000E+00  4.84210E-04  1.93453E+01
  5.2375000000E+00  5.2416666667E+00  4.08465E-04  2.06451E+01
  5.2416666667E+00  5.2458333333E+00  3.54546E-04  2.39779E+01
  5.2458333333E+00  5.2500000000E+00  2.35523E-04  2.77033E+01
  5.2500000000E+00  5.2541666667E+00  2.03226E-04  3.03510E+01
  5.2541666667E+00  5.2583333333E+00  1.18251E-04  3.99039E+01
  5.2583333333E+00  5.2625000000E+00  9.60629E-05  4.76509E+01
  5.2625000000E+00  5.2666666667E+00  6.77827E-05  5.76736E+01
  5.2666666667E+00  5.2708333333E+00  2.64657E-05  5.90656E+01
  5.2708333333E+00  5.2750000000E+00  1.15721E-05  1.00000E+02
  5.2750000000E+00  5.2791666667E+00  1.32530E-05  1.00000E+02
  5.2791666667E+00  5.2833333333E+00  1.74741E-05  1.00000E+02
  5.2833333333E+00  5.2875000000E+00  3.30677E-05  1.00000E+02
  5.2875000000E+00  5.2916666667E+00  6.73801E-07  9.99996E+01
  5.2916666667E+00  5.2958333333E+00  0.00000E+00  0.00000E+00
  5.2958333333E+00  5.3000000000E+00  0.00000E+00  0.00000E+00
  5.3000000000E+00  5.3041666667E+00  0.00000E+00  0.00000E+00
  5.3041666667E+00  5.3083333333E+00  0.00000E+00  0.00000E+00
  5.3083333333E+00  5.3125000000E+00  0.00000E+00  0.00000E+00
  5.3125000000E+00  5.3166666667E+00  0.00000E+00  0.00000E+00
  5.3166666667E+00  5.3208333333E+00  0.00000E+00  0.00000E+00
  5.3208333333E+00  5.3250000000E+00  0.00000E+00  0.00000E+00
  5.3250000000E+00  5.3291666667E+00  0.00000E+00  0.00000E+00
  5.3291666667E+00  5.3333333333E+00  0.00000E+00  0.00000E+00
  5.3333333333E+00  5.3375000000E+00  1.10765E-09  1.00000E+02
  5.3375000000E+00  5.3416666667E+00  0.00000E+00  0.00000E+00
  5.3416666667E+00  5.3458333333E+00  0.00000E+00  0.00000E+00
  5.3458333333E+00  5.3500000000E+00  0.00000E+00  0.00000E+00
  5.3500000000E+00  5.3541666667E+00  0.00000E+00  0.00000E+00
  5.3541666667E+00  5.3583333333E+00  6.43380E-13  1.00000E+02
  5.3583333333E+00  5.3625000000E+00  0.00000E+00  0.00000E+00
  5.3625000000E+00  5.3666666667E+00  3.31638E-13  1.00000E+02
  5.3666666667E+00  5.3708333333E+00  0.00000E+00  0.00000E+00
  5.3708333333E+00  5.3750000000E+00  0.00000E+00  0.00000E+00
  5.3750000000E+00  5.3791666667E+00  0.00000E+00  0.00000E+00
  5.3791666667E+00  5.3833333333E+00  0.00000E+00  0.00000E+00
  5.3833333333E+00  5.3875000000E+00  0.00000E+00  0.00000E+00
  5.3875000000E+00  5.3916666667E+00  0.00000E+00  0.00000E+00
  5.3916666667E+00  5.3958333333E+00  0.00000E+00  0.00000E+00
  5.3958333333E+00  5.4000000000E+00  0.00000E+00  0.00000E+00
  5.4000000000E+00  5.4041666667E+00  0.00000E+00  0.00000E+00
  5.4041666667E+00  5.4083333333E+00  0.00000E+00  0.00000E+00
  5.4083333333E+00  5.4125000000E+00  0.00000E+00  0.00000E+00
  5.4125000000E+00  5.4166666667E+00  0.00000E+00  0.00000E+00
  5.4166666667E+00  5.4208333333E+00  0.00000E+00  0.00000E+00
  5.4208333333E+00  5.4250000000E+00  0.00000E+00  0.00000E+00
  5.4250000000E+00  5.4291666667E+00  0.00000E+00  0.00000E+00
  5.4291666667E+00  5.4333333333E+00  0.00000E+00  0.00000E+00
  5.4333333333E+00  5.4375000000E+00  0.00000E+00  0.00000E+00
  5.4375000000E+00  5.4416666667E+00  0.00000E+00  0.00000E+00
  5.4416666667E+00  5.4458333333E+00  0.00000E+00  0.00000E+00
  5.4458333333E+00  5.4500000000E+00  0.00000E+00  0.00000E+00
  5.4500000000E+00  5.4541666667E+00  0.00000E+00  0.00000E+00
  5.4541666667E+00  5.4583333333E+00  0.00000E+00  0.00000E+00
  5.4583333333E+00  5.4625000000E+00  0.00000E+00  0.00000E+00
  5.4625000000E+00  5.4666666667E+00  0.00000E+00  0.00000E+00
  5.4666666667E+00  5.4708333333E+00  0.00000E+00  0.00000E+00
  5.4708333333E+00  5.4750000000E+00  0.00000E+00  0.00000E+00
  5.4750000000E+00  5.4791666667E+00  0.00000E+00  0.00000E+00
  5.4791666667E+00  5.4833333333E+00  0.00000E+00  0.00000E+00
  5.4833333333E+00  5.4875000000E+00  0.00000E+00  0.00000E+00
  5.4875000000E+00  5.4916666667E+00  0.00000E+00  0.00000E+00
  5.4916666667E+00  5.4958333333E+00  0.00000E+00  0.00000E+00
  5.4958333333E+00  5.5000000000E+00  0.00000E+00  0.00000E+00
  5.5000000000E+00  5.5041666667E+00  0.00000E+00  0.00000E+00
  5.5041666667E+00  5.5083333333E+00  0.00000E+00  0.00000E+00
  5.5083333333E+00  5.5125000000E+00  0.00000E+00  0.00000E+00
  5.5125000000E+00  5.5166666667E+00  0.00000E+00  0.00000E+00
  5.5166666667E+00  5.5208333333E+00  0.00000E+00  0.00000E+00
  5.5208333333E+00  5.5250000000E+00  0.00000E+00  0.00000E+00
  5.5250000000E+00  5.5291666667E+00  0.00000E+00  0.00000E+00
  5.5291666667E+00  5.5333333333E+00  0.00000E+00  0.00000E+00
  5.5333333333E+00  5.5375000000E+00  0.00000E+00  0.00000E+00
  5.5375000000E+00  5.5416666667E+00  0.00000E+00  0.00000E+00
  5.5416666667E+00  5.5458333333E+00  0.00000E+00  0.00000E+00
  5.5458333333E+00  5.5500000000E+00  0.00000E+00  0.00000E+00
  5.5500000000E+00  5.5541666667E+00  0.00000E+00  0.00000E+00
  5.5541666667E+00  5.5583333333E+00  0.00000E+00  0.00000E+00
  5.5583333333E+00  5.5625000000E+00  0.00000E+00  0.00000E+00
  5.5625000000E+00  5.5666666667E+00  0.00000E+00  0.00000E+00
  5.5666666667E+00  5.5708333333E+00  0.00000E+00  0.00000E+00
  5.5708333333E+00  5.5750000000E+00  0.00000E+00  0.00000E+00
  5.5750000000E+00  5.5791666667E+00  0.00000E+00  0.00000E+00
  5.5791666667E+00  5.5833333333E+00  0.00000E+00  0.00000E+00
  5.5833333333E+00  5.5875000000E+00  0.00000E+00  0.00000E+00
  5.5875000000E+00  5.5916666667E+00  0.00000E+00  0.00000E+00
  5.5916666667E+00  5.5958333333E+00  0.00000E+00  0.00000E+00
  5.5958333333E+00  5.6000000000E+00  0.00000E+00  0.00000E+00
  5.6000000000E+00  5.6041666667E+00  0.00000E+00  0.00000E+00
  5.6041666667E+00  5.6083333333E+00  0.00000E+00  0.00000E+00
  5.6083333333E+00  5.6125000000E+00  0.00000E+00  0.00000E+00
  5.6125000000E+00  5.6166666667E+00  0.00000E+00  0.00000E+00
  5.6166666667E+00  5.6208333333E+00  0.00000E+00  0.00000E+00
  5.6208333333E+00  5.6250000000E+00  0.00000E+00  0.00000E+00
  5.6250000000E+00  5.6291666667E+00  0.00000E+00  0.00000E+00
  5.6291666667E+00  5.6333333333E+00  0.00000E+00  0.00000E+00
  5.6333333333E+00  5.6375000000E+00  0.00000E+00  0.00000E+00
  5.6375000000E+00  5.6416666667E+00  0.00000E+00  0.00000E+00
  5.6416666667E+00  5.6458333333E+00  0.00000E+00  0.00000E+00
  5.6458333333E+00  5.6500000000E+00  0.00000E+00  0.00000E+00
  5.6500000000E+00  5.6541666667E+00  0.00000E+00  0.00000E+00
  5.6541666667E+00  5.6583333333E+00  0.00000E+00  0.00000E+00
  5.6583333333E+00  5.6625000000E+00  0.00000E+00  0.00000E+00
  5.6625000000E+00  5.6666666667E+00  0.00000E+00  0.00000E+00
  5.6666666667E+00  5.6708333333E+00  0.00000E+00  0.00000E+00
  5.6708333333E+00  5.6750000000E+00  0.00000E+00  0.00000E+00
  5.6750000000E+00  5.6791666667E+00  0.00000E+00  0.00000E+00
  5.6791666667E+00  5.6833333333E+00  0.00000E+00  0.00000E+00
  5.6833333333E+00  5.6875000000E+00  0.00000E+00  0.00000E+00
  5.6875000000E+00  5.6916666667E+00  0.00000E+00  0.00000E+00
  5.6916666667E+00  5.6958333333E+00  0.00000E+00  0.00000E+00
  5.6958333333E+00  5.7000000000E+00  0.00000E+00  0.00000E+00
  5.7000000000E+00  5.7041666667E+00  0.00000E+00  0.00000E+00
  5.7041666667E+00  5.7083333333E+00  0.00000E+00  0.00000E+00
  5.7083333333E+00  5.7125000000E+00  0.00000E+00  0.00000E+00
  5.7125000000E+00  5.7166666667E+00  0.00000E+00  0.00000E+00
  5.7166666667E+00  5.7208333333E+00  0.00000E+00  0.00000E+00
  5.7208333333E+00  5.7250000000E+00  0.00000E+00  0.00000E+00
  5.7250000000E+00  5.7291666667E+00  0.00000E+00  0.00000E+00
  5.7291666667E+00  5.7333333333E+00  0.00000E+00  0.00000E+00
  5.7333333333E+00  5.7375000000E+00  0.00000E+00  0.00000E+00
  5.7375000000E+00  5.7416666667E+00  0.00000E+00  0.00000E+00
  5.7416666667E+00  5.7458333333E+00  0.00000E+00  0.00000E+00
  5.7458333333E+00  5.7500000000E+00  0.00000E+00  0.00000E+00
  5.7500000000E+00  5.7541666667E+00  0.00000E+00  0.00000E+00
  5.7541666667E+00  5.7583333333E+00  0.00000E+00  0.00000E+00
  5.7583333333E+00  5.7625000000E+00  0.00000E+00  0.00000E+00
  5.7625000000E+00  5.7666666667E+00  0.00000E+00  0.00000E+00
  5.7666666667E+00  5.7708333333E+00  0.00000E+00  0.00000E+00
  5.7708333333E+00  5.7750000000E+00  0.00000E+00  0.00000E+00
  5.7750000000E+00  5.7791666667E+00  0.00000E+00  0.00000E+00
  5.7791666667E+00  5.7833333333E+00  0.00000E+00  0.00000E+00
  5.7833333333E+00  5.7875000000E+00  0.00000E+00  0.00000E+00
  5.7875000000E+00  5.7916666667E+00  0.00000E+00  0.00000E+00
  5.7916666667E+00  5.7958333333E+00  0.00000E+00  0.00000E+00
  5.7958333333E+00  5.8000000000E+00  0.00000E+00  0.00000E+00
  5.8000000000E+00  5.8041666667E+00  0.00000E+00  0.00000E+00
  5.8041666667E+00  5.8083333333E+00  0.00000E+00  0.00000E+00
  5.8083333333E+00  5.8125000000E+00  0.00000E+00  0.00000E+00
  5.8125000000E+00  5.8166666667E+00  0.00000E+00  0.00000E+00
  5.8166666667E+00  5.8208333333E+00  0.00000E+00  0.00000E+00
  5.8208333333E+00  5.8250000000E+00  0.00000E+00  0.00000E+00
  5.8250000000E+00  5.8291666667E+00  0.00000E+00  0.00000E+00
  5.8291666667E+00  5.8333333333E+00  0.00000E+00  0.00000E+00
  5.8333333333E+00  5.8375000000E+00  0.00000E+00  0.00000E+00
  5.8375000000E+00  5.8416666667E+00  0.00000E+00  0.00000E+00
  5.8416666667E+00  5.8458333333E+00  0.00000E+00  0.00000E+00
  5.8458333333E+00  5.8500000000E+00  0.00000E+00  0.00000E+00
  5.8500000000E+00  5.8541666667E+00  0.00000E+00  0.00000E+00
  5.8541666667E+00  5.8583333333E+00  0.00000E+00  0.00000E+00
  5.8583333333E+00  5.8625000000E+00  0.00000E+00  0.00000E+00
  5.8625000000E+00  5.8666666667E+00  0.00000E+00  0.00000E+00
  5.8666666667E+00  5.8708333333E+00  0.00000E+00  0.00000E+00
  5.8708333333E+00  5.8750000000E+00  0.00000E+00  0.00000E+00
  5.8750000000E+00  5.8791666667E+00  0.00000E+00  0.00000E+00
  5.8791666667E+00  5.8833333333E+00  0.00000E+00  0.00000E+00
  5.8833333333E+00  5.8875000000E+00  0.00000E+00  0.00000E+00
  5.8875000000E+00  5.8916666667E+00  0.00000E+00  0.00000E+00
  5.8916666667E+00  5.8958333333E+00  0.00000E+00  0.00000E+00
  5.8958333333E+00  5.9000000000E+00  0.00000E+00  0.00000E+00
  5.9000000000E+00  5.9041666667E+00  0.00000E+00  0.00000E+00
  5.9041666667E+00  5.9083333333E+00  0.00000E+00  0.00000E+00
  5.9083333333E+00  5.9125000000E+00  0.00000E+00  0.00000E+00
  5.9125000000E+00  5.9166666667E+00  0.00000E+00  0.00000E+00
  5.9166666667E+00  5.9208333333E+00  0.00000E+00  0.00000E+00
  5.9208333333E+00  5.9250000000E+00  0.00000E+00  0.00000E+00
  5.9250000000E+00  5.9291666667E+00  0.00000E+00  0.00000E+00
  5.9291666667E+00  5.9333333333E+00  0.00000E+00  0.00000E+00
  5.9333333333E+00  5.9375000000E+00  0.00000E+00  0.00000E+00
  5.9375000000E+00  5.9416666667E+00  0.00000E+00  0.00000E+00
  5.9416666667E+00  5.9458333333E+00  0.00000E+00  0.00000E+00
  5.9458333333E+00  5.9500000000E+00  0.00000E+00  0.00000E+00
  5.9500000000E+00  5.9541666667E+00  0.00000E+00  0.00000E+00
  5.9541666667E+00  5.9583333333E+00  0.00000E+00  0.00000E+00
  5.9583333333E+00  5.9625000000E+00  0.00000E+00  0.00000E+00
  5.9625000000E+00  5.9666666667E+00  0.00000E+00  0.00000E+00
  5.9666666667E+00  5.9708333333E+00  0.00000E+00  0.00000E+00
  5.9708333333E+00  5.9750000000E+00  0.00000E+00  0.00000E+00
  5.9750000000E+00  5.9791666667E+00  0.00000E+00  0.00000E+00
  5.9791666667E+00  5.9833333333E+00  0.00000E+00  0.00000E+00
  5.9833333333E+00  5.9875000000E+00  0.00000E+00  0.00000E+00
  5.9875000000E+00  5.9916666667E+00  0.00000E+00  0.00000E+00
  5.9916666667E+00  5.9958333333E+00  0.00000E+00  0.00000E+00
  5.9958333333E+00  6.0000000000E+00  0.00000E+00  0.00000E+00
  6.0000000000E+00  6.0000000000E+00  0.00000E+00  0.00000E+00