# Detector n: 1D Projection
  2.0000000000E+00  2.0041666667E+00  2.66259E-02  1.68884E-01
  2.0041666667E+00  2.0083333333E+00  2.67061E-02  1.86549E-01
  2.0083333333E+00  2.0125000000E+00  2.67518E-02  1.83269E-01
  2.0125000000E+00  2.0166666667E+00  2.67653E-02  1.79387E-01
  2.0166666667E+00  2.0208333333E+00  2.67897E-02  1.84573E-01
  2.0208333333E+00  2.0250000000E+00  2.67176E-02  1.74146E-01
  2.0250000000E+00  2.0291666667E+00  2.67785E-02  1.76533E-01
  2.0291666667E+00  2.0333333333E+00  2.67562E-02  1.66886E-01
  2.0333333333E+00  2.0375000000E+00  2.68400E-02  1.86343E-01
  2.0375000000E+00  2.0416666667E+00  2.68384E-02  1.83180E-01
  2.0416666667E+00  2.0458333333E+00  2.67795E-02  1.69871E-01
  2.0458333333E+00  2.0500000000E+00  2.68084E-02  1.74721E-01
  2.0500000000E+00  2.0541666667E+00  2.68258E-02  1.77853E-01
  2.0541666667E+00  2.0583333333E+00  2.68777E-02  1.79296E-01
  2.0583333333E+00  2.0625000000E+00  2.69785E-02  1.94485E-01
  2.0625000000E+00  2.0666666667E+00  2.68877E-02  1.66447E-01
  2.0666666667E+00  2.0708333333E+00  2.69490E-02  1.81779E-01
  2.0708333333E+00  2.0750000000E+00  2.69846E-02  1.79753E-01
  2.0750000000E+00  2.0791666667E+00  2.70236E-02  1.81046E-01
  2.0791666667E+00  2.0833333333E+00  2.70905E-02  1.82889E-01
  2.0833333333E+00  2.0875000000E+00  2.71852E-02  1.75754E-01
  2.0875000000E+00  2.0916666667E+00  2.72251E-02  1.80633E-01
  2.0916666667E+00  2.0958333333E+00  2.71858E-02  1.77560E-01
  2.0958333333E+00  2.1000000000E+00  2.72315E-02  1.77058E-01
  2.1000000000E+00  2.1041666667E+00  2.71488E-02  1.58341E-01
  2.1041666667E+00  2.1083333333E+00  2.72999E-02  1.95833E-01
  2.1083333333E+00  2.1125000000E+00  2.72727E-02  1.92707E-01
  2.1125000000E+00  2.1166666667E+00  2.72341E-02  1.66830E-01
  2.1166666667E+00  2.1208333333E+00  2.73160E-02  1.82586E-01
  2.1208333333E+00  2.1250000000E+00  2.73543E-02  1.88323E-01
  2.1250000000E+00  2.1291666667E+00  2.73339E-02  1.84332E-01
  2.1291666667E+00  2.1333333333E+00  2.73403E-02  1.86369E-01
  2.1333333333E+00  2.1375000000E+00  2.73654E-02  1.88922E-01
  2.1375000000E+00  2.1416666667E+00  2.73017E-02  1.76254E-01
  2.1416666667E+00  2.1458333333E+00  2.73396E-02  1.93268E-01
  2.1458333333E+00  2.1500000000E+00  2.73369E-02  1.91431E-01
  2.1500000000E+00  2.1541666667E+00  2.73576E-02  1.88796E-01
  2.1541666667E+00  2.1583333333E+00  2.73706E-02  1.86289E-01
  2.1583333333E+00  2.1625000000E+00  2.73670E-02  1.85887E-01
  2.1625000000E+00  2.1666666667E+00  2.73368E-02  1.73078E-01
  2.1666666667E+00  2.1708333333E+00  2.74674E-02  2.10661E-01
  2.1708333333E+00  2.1750000000E+00  2.73333E-02  1.71577E-01
  2.1750000000E+00  2.1791666667E+00  2.73396E-02  1.69916E-01
  2.1791666667E+00  2.1833333333E+00  2.73807E-02  1.83862E-01
  2.1833333333E+00  2.1875000000E+00  2.73726E-02  1.74418E-01
  2.1875000000E+00  2.1916666667E+00  2.73635E-02  1.66272E-01
  2.1916666667E+00  2.1958333333E+00  2.73872E-02  1.62115E-01
  2.1958333333E+00  2.2000000000E+00  2.74717E-02  1.86267E-01
  2.2000000000E+00  2.2041666667E+00  2.74402E-02  1.63787E-01
  2.2041666667E+00  2.2083333333E+00  2.75509E-02  1.93074E-01
  2.2083333333E+00  2.2125000000E+00  2.74406E-02  1.67935E-01
  2.2125000000E+00  2.2166666667E+00  2.75101E-02  1.74037E-01
  2.2166666667E+00  2.2208333333E+00  2.75129E-02  1.64687E-01
  2.2208333333E+00  2.2250000000E+00  2.75709E-02  1.75899E-01
  2.2250000000E+00  2.2291666667E+00  2.76574E-02  1.91275E-01
  2.2291666667E+00  2.2333333333E+00  2.75809E-02  1.72774E-01
  2.2333333333E+00  2.2375000000E+00  2.75500E-02  1.64618E-01
  2.2375000000E+00  2.2416666667E+00  2.75579E-02  1.60426E-01
  2.2416666667E+00  2.2458333333E+00  2.76448E-02  1.68764E-01
  2.2458333333E+00  2.2500000000E+00  2.77594E-02  1.80468E-01
  2.2500000000E+00  2.2541666667E+00  2.78116E-02  1.74795E-01
  2.2541666667E+00  2.2583333333E+00  2.78430E-02  1.70849E-01
  2.2583333333E+00  2.2625000000E+00  2.78869E-02  1.80393E-01
  2.2625000000E+00  2.2666666667E+00  2.78850E-02  1.92783E-01
  2.2666666667E+00  2.2708333333E+00  2.78834E-02  1.89308E-01
  2.2708333333E+00  2.2750000000E+00  2.78765E-02  1.77632E-01
  2.2750000000E+00  2.2791666667E+00  2.79550E-02  1.96560E-01
  2.2791666667E+00  2.2833333333E+00  2.78728E-02  1.73433E-01
  2.2833333333E+00  2.2875000000E+00  2.78545E-02  1.78557E-01
  2.2875000000E+00  2.2916666667E+00  2.78591E-02  1.70511E-01
  2.2916666667E+00  2.2958333333E+00  2.79004E-02  1.74674E-01
  2.2958333333E+00  2.3000000000E+00  2.79194E-02  1.76182E-01
  2.3000000000E+00  2.3041666667E+00  2.79083E-02  1.74484E-01
  2.3041666667E+00  2.3083333333E+00  2.79415E-02  1.88969E-01
  2.3083333333E+00  2.3125000000E+00  2.79749E-02  1.84697E-01
  2.3125000000E+00  2.3166666667E+00  2.79313E-02  1.64187E-01
  2.3166666667E+00  2.3208333333E+00  2.79167E-02  1.65132E-01
  2.3208333333E+00  2.3250000000E+00  2.79889E-02  1.75057E-01
  2.3250000000E+00  2.3291666667E+00  2.80484E-02  1.89635E-01
  2.3291666667E+00  2.3333333333E+00  2.79234E-02  1.63396E-01
  2.3333333333E+00  2.3375000000E+00  2.80449E-02  1.84596E-01
  2.3375000000E+00  2.3416666667E+00  2.80482E-02  1.80265E-01
  2.3416666667E+00  2.3458333333E+00  2.79796E-02  1.64154E-01
  2.3458333333E+00  2.3500000000E+00  2.80125E-02  1.77498E-01
  2.3500000000E+00  2.3541666667E+00  2.79993E-02  1.68343E-01
  2.3541666667E+00  2.3583333333E+00  2.80203E-02  1.70514E-01
  2.3583333333E+00  2.3625000000E+00  2.79296E-02  1.55330E-01
  2.3625000000E+00  2.3666666667E+00  2.80636E-02  1.90488E-01
  2.3666666667E+00  2.3708333333E+00  2.81139E-02  1.85524E-01
  2.3708333333E+00  2.3750000000E+00  2.80223E-02  1.70973E-01
  2.3750000000E+00  2.3791666667E+00  2.79863E-02  1.72147E-01
  2.3791666667E+00  2.3833333333E+00  2.80135E-02  1.70663E-01
  2.3833333333E+00  2.3875000000E+00  2.80952E-02  1.81991E-01
  2.3875000000E+00  2.3916666667E+00  2.81165E-02  1.84409E-01
  2.3916666667E+00  2.3958333333E+00  2.80956E-02  1.84968E-01
  2.3958333333E+00  2.4000000000E+00  2.80138E-02  1.55152E-01
  2.4000000000E+00  2.4041666667E+00  2.80716E-02  1.76141E-01
  2.4041666667E+00  2.4083333333E+00  2.80897E-02  1.78669E-01
  2.4083333333E+00  2.4125000000E+00  2.80127E-02  1.62454E-01
  2.4125000000E+00  2.4166666667E+00  2.80828E-02  1.73894E-01
  2.4166666667E+00  2.4208333333E+00  2.80664E-02  1.69497E-01
  2.4208333333E+00  2.4250000000E+00  2.80589E-02  1.63132E-01
  2.4250000000E+00  2.4291666667E+00  2.80023E-02  1.51965E-01
  2.4291666667E+00  2.4333333333E+00  2.81093E-02  1.75899E-01
  2.4333333333E+00  2.4375000000E+00  2.81433E-02  1.76494E-01
  2.4375000000E+00  2.4416666667E+00  2.81566E-02  1.69870E-01
  2.4416666667E+00  2.4458333333E+00  2.82596E-02  1.91675E-01
  2.4458333333E+00  2.4500000000E+00  2.81978E-02  1.69379E-01
  2.4500000000E+00  2.4541666667E+00  2.82019E-02  1.70716E-01
  2.4541666667E+00  2.4583333333E+00  2.82816E-02  1.81848E-01
  2.4583333333E+00  2.4625000000E+00  2.82314E-02  1.68474E-01
  2.4625000000E+00  2.4666666667E+00  2.81891E-02  1.67247E-01
  2.4666666667E+00  2.4708333333E+00  2.82187E-02  1.69992E-01
  2.4708333333E+00  2.4750000000E+00  2.82765E-02  1.72983E-01
  2.4750000000E+00  2.4791666667E+00  2.82728E-02  1.63142E-01
  2.4791666667E+00  2.4833333333E+00  2.84010E-02  1.89549E-01
  2.4833333333E+00  2.4875000000E+00  2.83193E-02  1.71775E-01
  2.4875000000E+00  2.4916666667E+00  2.83565E-02  1.84940E-01
  2.4916666667E+00  2.4958333333E+00  2.83797E-02  1.81283E-01
  2.4958333333E+00  2.5000000000E+00  2.84222E-02  1.95844E-01
  2.5000000000E+00  2.5041666667E+00  2.83667E-02  1.67165E-01
  2.5041666667E+00  2.5083333333E+00  2.83709E-02  1.72688E-01
  2.5083333333E+00  2.5125000000E+00  2.84493E-02  1.83942E-01
  2.5125000000E+00  2.5166666667E+00  2.85054E-02  1.99029E-01
  2.5166666667E+00  2.5208333333E+00  2.84618E-02  1.84392E-01
  2.5208333333E+00  2.5250000000E+00  2.84203E-02  1.64660E-01
  2.5250000000E+00  2.5291666667E+00  2.84603E-02  1.90243E-01
  2.5291666667E+00  2.5333333333E+00  2.84670E-02  1.72257E-01
  2.5333333333E+00  2.5375000000E+00  2.85232E-02  1.76993E-01
  2.5375000000E+00  2.5416666667E+00  2.85644E-02  1.85356E-01
  2.5416666667E+00  2.5458333333E+00  2.84818E-02  1.71200E-01
  2.5458333333E+00  2.5500000000E+00  2.85332E-02  1.76503E-01
  2.5500000000E+00  2.5541666667E+00  2.85469E-02  1.67234E-01
  2.5541666667E+00  2.5583333333E+00  2.84728E-02  1.54516E-01
  2.5583333333E+00  2.5625000000E+00  2.85528E-02  1.76511E-01
  2.5625000000E+00  2.5666666667E+00  2.85780E-02  1.66668E-01
  2.5666666667E+00  2.5708333333E+00  2.85863E-02  1.56643E-01
  2.5708333333E+00  2.5750000000E+00  2.86747E-02  1.78624E-01
  2.5750000000E+00  2.5791666667E+00  2.87235E-02  1.79098E-01
  2.5791666667E+00  2.5833333333E+00  2.86358E-02  1.54760E-01
  2.5833333333E+00  2.5875000000E+00  2.87303E-02  1.68807E-01
  2.5875000000E+00  2.5916666667E+00  2.88372E-02  1.98790E-01
  2.5916666667E+00  2.5958333333E+00  2.87750E-02  1.74727E-01
  2.5958333333E+00  2.6000000000E+00  2.87338E-02  1.66936E-01
  2.6000000000E+00  2.6041666667E+00  2.87654E-02  1.67386E-01
  2.6041666667E+00  2.6083333333E+00  2.87250E-02  1.62547E-01
  2.6083333333E+00  2.6125000000E+00  2.87553E-02  1.63956E-01
  2.6125000000E+00  2.6166666667E+00  2.87772E-02  1.68947E-01
  2.6166666667E+00  2.6208333333E+00  2.88418E-02  1.83353E-01
  2.6208333333E+00  2.6250000000E+00  2.88204E-02  1.65300E-01
  2.6250000000E+00  2.6291666667E+00  2.88900E-02  1.88121E-01
  2.6291666667E+00  2.6333333333E+00  2.89276E-02  1.90008E-01
  2.6333333333E+00  2.6375000000E+00  2.89379E-02  1.90258E-01
  2.6375000000E+00  2.6416666667E+00  2.89202E-02  1.84468E-01
  2.6416666667E+00  2.6458333333E+00  2.88264E-02  1.63637E-01
  2.6458333333E+00  2.6500000000E+00  2.88634E-02  1.78382E-01
  2.6500000000E+00  2.6541666667E+00  2.88482E-02  1.75333E-01
  2.6541666667E+00  2.6583333333E+00  2.88779E-02  1.66075E-01
  2.6583333333E+00  2.6625000000E+00  2.87589E-02  1.47804E-01
  2.6625000000E+00  2.6666666667E+00  2.87875E-02  1.56803E-01
  2.6666666667E+00  2.6708333333E+00  2.88529E-02  1.56681E-01
  2.6708333333E+00  2.6750000000E+00  2.88697E-02  1.60716E-01
  2.6750000000E+00  2.6791666667E+00  2.88351E-02  1.59862E-01
  2.6791666667E+00  2.6833333333E+00  2.88397E-02  1.53746E-01
  2.6833333333E+00  2.6875000000E+00  2.89133E-02  1.63510E-01
  2.6875000000E+00  2.6916666667E+00  2.89002E-02  1.70942E-01
  2.6916666667E+00  2.6958333333E+00  2.88924E-02  1.65938E-01
  2.6958333333E+00  2.7000000000E+00  2.88797E-02  1.60492E-01
  2.7000000000E+00  2.7041666667E+00  2.89572E-02  1.73853E-01
  2.7041666667E+00  2.7083333333E+00  2.88595E-02  1.47040E-01
  2.7083333333E+00  2.7125000000E+00  2.89103E-02  1.59491E-01
  2.7125000000E+00  2.7166666667E+00  2.90200E-02  1.73292E-01
  2.7166666667E+00  2.7208333333E+00  2.89687E-02  1.63420E-01
  2.7208333333E+00  2.7250000000E+00  2.90771E-02  1.81339E-01
  2.7250000000E+00  2.7291666667E+00  2.89415E-02  1.50785E-01
  2.7291666667E+00  2.7333333333E+00  2.90289E-02  1.58104E-01
  2.7333333333E+00  2.7375000000E+00  2.91297E-02  1.77788E-01
  2.7375000000E+00  2.7416666667E+00  2.90514E-02  1.68317E-01
  2.7416666667E+00  2.7458333333E+00  2.90288E-02  1.57597E-01
  2.7458333333E+00  2.7500000000E+00  2.90982E-02  1.62063E-01
  2.7500000000E+00  2.7541666667E+00  2.91424E-02  1.69819E-01
  2.7541666667E+00  2.7583333333E+00  2.91148E-02  1.63859E-01
  2.7583333333E+00  2.7625000000E+00  2.91278E-02  1.73013E-01
  2.7625000000E+00  2.7666666667E+00  2.90830E-02  1.54480E-01
  2.7666666667E+00  2.7708333333E+00  2.92023E-02  1.78735E-01
  2.7708333333E+00  2.7750000000E+00  2.91980E-02  1.74061E-01
  2.7750000000E+00  2.7791666667E+00  2.91555E-02  1.62673E-01
  2.7791666667E+00  2.7833333333E+00  2.91453E-02  1.53742E-01
  2.7833333333E+00  2.7875000000E+00  2.92242E-02  1.74011E-01
  2.7875000000E+00  2.7916666667E+00  2.92027E-02  1.71217E-01
  2.7916666667E+00  2.7958333333E+00  2.92305E-02  1.69265E-01
  2.7958333333E+00  2.8000000000E+00  2.92124E-02  1.69785E-01
  2.8000000000E+00  2.8041666667E+00  2.91854E-02  1.58785E-01
  2.8041666667E+00  2.8083333333E+00  2.92482E-02  1.67695E-01
  2.8083333333E+00  2.8125000000E+00  2.92287E-02  1.63049E-01
  2.8125000000E+00  2.8166666667E+00  2.91702E-02  1.43811E-01
  2.8166666667E+00  2.8208333333E+00  2.92665E-02  1.77160E-01
  2.8208333333E+00  2.8250000000E+00  2.92173E-02  1.66918E-01
  2.8250000000E+00  2.8291666667E+00  2.92739E-02  1.57497E-01
  2.8291666667E+00  2.8333333333E+00  2.92456E-02  1.54783E-01
  2.8333333333E+00  2.8375000000E+00  2.92980E-02  1.65581E-01
  2.8375000000E+00  2.8416666667E+00  2.93620E-02  1.69194E-01
  2.8416666667E+00  2.8458333333E+00  2.93193E-02  1.56482E-01
  2.8458333333E+00  2.8500000000E+00  2.93094E-02  1.56219E-01
  2.8500000000E+00  2.8541666667E+00  2.93328E-02  1.64285E-01
  2.8541666667E+00  2.8583333333E+00  2.94274E-02  1.64767E-01
  2.8583333333E+00  2.8625000000E+00  2.94406E-02  1.73515E-01
  2.8625000000E+00  2.8666666667E+00  2.94615E-02  1.69191E-01
  2.8666666667E+00  2.8708333333E+00  2.94650E-02  1.66881E-01
  2.8708333333E+00  2.8750000000E+00  2.94974E-02  1.71051E-01
  2.8750000000E+00  2.8791666667E+00  2.95694E-02  1.78295E-01
  2.8791666667E+00  2.8833333333E+00  2.94457E-02  1.61854E-01
  2.8833333333E+00  2.8875000000E+00  2.95239E-02  1.69897E-01
  2.8875000000E+00  2.8916666667E+00  2.95151E-02  1.60905E-01
  2.8916666667E+00  2.8958333333E+00  2.94807E-02  1.48830E-01
  2.8958333333E+00  2.9000000000E+00  2.95794E-02  1.73322E-01
  2.9000000000E+00  2.9041666667E+00  2.96413E-02  1.72930E-01
  2.9041666667E+00  2.9083333333E+00  2.95348E-02  1.58247E-01
  2.9083333333E+00  2.9125000000E+00  2.95797E-02  1.62033E-01
  2.9125000000E+00  2.9166666667E+00  2.95781E-02  1.56521E-01
  2.9166666667E+00  2.9208333333E+00  2.96517E-02  1.65024E-01
  2.9208333333E+00  2.9250000000E+00  2.96125E-02  1.55468E-01
  2.9250000000E+00  2.9291666667E+00  2.97197E-02  1.80558E-01
  2.9291666667E+00  2.9333333333E+00  2.97141E-02  1.80231E-01
  2.9333333333E+00  2.9375000000E+00  2.96959E-02  1.65084E-01
  2.9375000000E+00  2.9416666667E+00  2.96893E-02  1.62897E-01
  2.9416666667E+00  2.9458333333E+00  2.97314E-02  1.66223E-01
  2.9458333333E+00  2.9500000000E+00  2.97876E-02  1.75761E-01
  2.9500000000E+00  2.9541666667E+00  2.97493E-02  1.65447E-01
  2.9541666667E+00  2.9583333333E+00  2.98010E-02  1.72073E-01
  2.9583333333E+00  2.9625000000E+00  2.98901E-02  1.82575E-01
  2.9625000000E+00  2.9666666667E+00  2.98214E-02  1.74079E-01
  2.9666666667E+00  2.9708333333E+00  2.98537E-02  1.80484E-01
  2.9708333333E+00  2.9750000000E+00  2.98612E-02  1.74682E-01
  2.9750000000E+00  2.9791666667E+00  2.99085E-02  1.77515E-01
  2.9791666667E+00  2.9833333333E+00  2.98314E-02  1.63245E-01
  2.9833333333E+00  2.9875000000E+00  2.98057E-02  1.51671E-01
  2.9875000000E+00  2.9916666667E+00  2.98158E-02  1.58235E-01
  2.9916666667E+00  2.9958333333E+00  2.98319E-02  1.61007E-01
  2.9958333333E+00  3.0000000000E+00  2.98816E-02  1.61847E-01
  3.0000000000E+00  3.0041666667E+00  2.98992E-02  1.66943E-01
  3.0041666667E+00  3.0083333333E+00  2.99089E-02  1.71708E-01
  3.0083333333E+00  3.0125000000E+00  2.99576E-02  1.69711E-01
  3.0125000000E+00  3.0166666667E+00  2.99484E-02  1.63537E-01
  3.0166666667E+00  3.0208333333E+00  2.99527E-02  1.62263E-01
  3.0208333333E+00  3.0250000000E+00  3.00701E-02  1.82294E-01
  3.0250000000E+00  3.0291666667E+00  3.00425E-02  1.72999E-01
  3.0291666667E+00  3.0333333333E+00  2.99631E-02  1.59717E-01
  3.0333333333E+00  3.0375000000E+00  2.99756E-02  1.60176E-01
  3.0375000000E+00  3.0416666667E+00  2.99959E-02  1.63692E-01
  3.0416666667E+00  3.0458333333E+00  3.00217E-02  1.65855E-01
  3.0458333333E+00  3.0500000000E+00  3.00917E-02  1.68008E-01
  3.0500000000E+00  3.0541666667E+00  3.00459E-02  1.55708E-01
  3.0541666667E+00  3.0583333333E+00  3.00659E-02  1.64442E-01
  3.0583333333E+00  3.0625000000E+00  3.00651E-02  1.57867E-01
  3.0625000000E+00  3.0666666667E+00  3.00426E-02  1.53902E-01
  3.0666666667E+00  3.0708333333E+00  3.01336E-02  1.64045E-01
  3.0708333333E+00  3.0750000000E+00  3.01108E-02  1.51563E-01
  3.0750000000E+00  3.0791666667E+00  3.01257E-02  1.60421E-01
  3.0791666667E+00  3.0833333333E+00  3.01207E-02  1.61871E-01
  3.0833333333E+00  3.0875000000E+00  3.02170E-02  1.77648E-01
  3.0875000000E+00  3.0916666667E+00  3.02218E-02  1.67099E-01
  3.0916666667E+00  3.0958333333E+00  3.01631E-02  1.55309E-01
  3.0958333333E+00  3.1000000000E+00  3.02087E-02  1.55743E-01
  3.1000000000E+00  3.1041666667E+00  3.02929E-02  1.76398E-01
  3.1041666667E+00  3.1083333333E+00  3.02801E-02  1.68941E-01
  3.1083333333E+00  3.1125000000E+00  3.03705E-02  1.70024E-01
  3.1125000000E+00  3.1166666667E+00  3.03384E-02  1.64128E-01
  3.1166666667E+00  3.1208333333E+00  3.03416E-02  1.60506E-01
  3.1208333333E+00  3.1250000000E+00  3.03072E-02  1.55476E-01
  3.1250000000E+00  3.1291666667E+00  3.03385E-02  1.66609E-01
  3.1291666667E+00  3.1333333333E+00  3.03571E-02  1.61566E-01
  3.1333333333E+00  3.1375000000E+00  3.04984E-02  1.78816E-01
  3.1375000000E+00  3.1416666667E+00  3.04151E-02  1.59228E-01
  3.1416666667E+00  3.1458333333E+00  3.04337E-02  1.60029E-01
  3.1458333333E+00  3.1500000000E+00  3.04777E-02  1.61855E-01
  3.1500000000E+00  3.1541666667E+00  3.04678E-02  1.59764E-01
  3.1541666667E+00  3.1583333333E+00  3.04446E-02  1.53077E-01
  3.1583333333E+00  3.1625000000E+00  3.05203E-02  1.70068E-01
  3.1625000000E+00  3.1666666667E+00  3.05695E-02  1.72019E-01
  3.1666666667E+00  3.1708333333E+00  3.05642E-02  1.65659E-01
  3.1708333333E+00  3.1750000000E+00  3.05075E-02  1.52428E-01
  3.1750000000E+00  3.1791666667E+00  3.05355E-02  1.52732E-01
  3.1791666667E+00  3.1833333333E+00  3.05598E-02  1.51704E-01
  3.1833333333E+00  3.1875000000E+00  3.05891E-02  1.68299E-01
  3.1875000000E+00  3.1916666667E+00  3.06572E-02  1.67697E-01
  3.1916666667E+00  3.1958333333E+00  3.06782E-02  1.66469E-01
  3.1958333333E+00  3.2000000000E+00  3.06668E-02  1.64273E-01
  3.2000000000E+00  3.2041666667E+00  3.06672E-02  1.74630E-01
  3.2041666667E+00  3.2083333333E+00  3.06773E-02  1.63969E-01
  3.2083333333E+00  3.2125000000E+00  3.06762E-02  1.57534E-01
  3.2125000000E+00  3.2166666667E+00  3.07276E-02  1.72463E-01
  3.2166666667E+00  3.2208333333E+00  3.07229E-02  1.52896E-01
  3.2208333333E+00  3.2250000000E+00  3.07611E-02  1.67423E-01
  3.2250000000E+00  3.2291666667E+00  3.07424E-02  1.64935E-01
  3.2291666667E+00  3.2333333333E+00  3.07520E-02  1.62350E-01
  3.2333333333E+00  3.2375000000E+00  3.08292E-02  1.70598E-01
  3.2375000000E+00  3.2416666667E+00  3.08111E-02  1.62676E-01
  3.2416666667E+00  3.2458333333E+00  3.08071E-02  1.67653E-01
  3.2458333333E+00  3.2500000000E+00  3.08615E-02  1.66252E-01
  3.2500000000E+00  3.2541666667E+00  3.08938E-02  1.69093E-01
  3.2541666667E+00  3.2583333333E+00  3.08253E-02  1.52721E-01
  3.2583333333E+00  3.2625000000E+00  3.08332E-02  1.57020E-01
  3.2625000000E+00  3.2666666667E+00  3.08925E-02  1.67221E-01
  3.2666666667E+00  3.2708333333E+00  3.08707E-02  1.61780E-01
  3.2708333333E+00  3.2750000000E+00  3.09267E-02  1.69225E-01
  3.2750000000E+00  3.2791666667E+00  3.09291E-02  1.60842E-01
  3.2791666667E+00  3.2833333333E+00  3.09260E-02  1.64608E-01
  3.2833333333E+00  3.2875000000E+00  3.09787E-02  1.66672E-01
  3.2875000000E+00  3.2916666667E+00  3.09743E-02  1.63460E-01
  3.2916666667E+00  3.2958333333E+00  3.10243E-02  1.60383E-01
  3.2958333333E+00  3.3000000000E+00  3.09671E-02  1.55257E-01
  3.3000000000E+00  3.3041666667E+00  3.10976E-02  1.65730E-01
  3.3041666667E+00  3.3083333333E+00  3.10833E-02  1.60470E-01
  3.3083333333E+00  3.3125000000E+00  3.10456E-02  1.56087E-01
  3.3125000000E+00  3.3166666667E+00  3.10220E-02  1.46200E-01
  3.3166666667E+00  3.3208333333E+00  3.10883E-02  1.55312E-01
  3.3208333333E+00  3.3250000000E+00  3.11771E-02  1.74218E-01
  3.3250000000E+00  3.3291666667E+00  3.11471E-02  1.65371E-01
  3.3291666667E+00  3.3333333333E+00  3.12367E-02  1.68441E-01
  3.3333333333E+00  3.3375000000E+00  3.11577E-02  1.67549E-01
  3.3375000000E+00  3.3416666667E+00  3.11325E-02  1.61817E-01
  3.3416666667E+00  3.3458333333E+00  3.11475E-02  1.58324E-01
  3.3458333333E+00  3.3500000000E+00  3.11982E-02  1.60330E-01
  3.3500000000E+00  3.3541666667E+00  3.12291E-02  1.61491E-01
  3.3541666667E+00  3.3583333333E+00  3.12778E-02  1.70508E-01
  3.3583333333E+00  3.3625000000E+00  3.11710E-02  1.46332E-01
  3.3625000000E+00  3.3666666667E+00  3.13435E-02  1.73333E-01
  3.3666666667E+00  3.3708333333E+00  3.13317E-02  1.62748E-01
  3.3708333333E+00  3.3750000000E+00  3.12359E-02  1.52197E-01
  3.3750000000E+00  3.3791666667E+00  3.13183E-02  1.63378E-01
  3.3791666667E+00  3.3833333333E+00  3.13458E-02  1.55028E-01
  3.3833333333E+00  3.3875000000E+00  3.13502E-02  1.61581E-01
  3.3875000000E+00  3.3916666667E+00  3.13323E-02  1.59537E-01
  3.3916666667E+00  3.3958333333E+00  3.14578E-02  1.73119E-01
  3.3958333333E+00  3.4000000000E+00  3.14148E-02  1.58982E-01
  3.4000000000E+00  3.4041666667E+00  3.14964E-02  1.72106E-01
  3.4041666667E+00  3.4083333333E+00  3.14461E-02  1.64095E-01
  3.4083333333E+00  3.4125000000E+00  3.14263E-02  1.58615E-01
  3.4125000000E+00  3.4166666667E+00  3.14763E-02  1.62030E-01
  3.4166666667E+00  3.4208333333E+00  3.14094E-02  1.50309E-01
  3.4208333333E+00  3.4250000000E+00  3.14805E-02  1.60217E-01
  3.4250000000E+00  3.4291666667E+00  3.14449E-02  1.50884E-01
  3.4291666667E+00  3.4333333333E+00  3.15098E-02  1.59971E-01
  3.4333333333E+00  3.4375000000E+00  3.14998E-02  1.49991E-01
  3.4375000000E+00  3.4416666667E+00  3.15621E-02  1.54977E-01
  3.4416666667E+00  3.4458333333E+00  3.15637E-02  1.54869E-01
  3.4458333333E+00  3.4500000000E+00  3.15988E-02  1.58690E-01
  3.4500000000E+00  3.4541666667E+00  3.15919E-02  1.55695E-01
  3.4541666667E+00  3.4583333333E+00  3.16131E-02  1.56067E-01
  3.4583333333E+00  3.4625000000E+00  3.16654E-02  1.69954E-01
  3.4625000000E+00  3.4666666667E+00  3.15727E-02  1.44009E-01
  3.4666666667E+00  3.4708333333E+00  3.16340E-02  1.60951E-01
  3.4708333333E+00  3.4750000000E+00  3.17075E-02  1.66677E-01
  3.4750000000E+00  3.4791666667E+00  3.16812E-02  1.53177E-01
  3.4791666667E+00  3.4833333333E+00  3.17341E-02  1.64398E-01
  3.4833333333E+00  3.4875000000E+00  3.18103E-02  1.68495E-01
  3.4875000000E+00  3.4916666667E+00  3.17722E-02  1.61386E-01
  3.4916666667E+00  3.4958333333E+00  3.17410E-02  1.53438E-01
  3.4958333333E+00  3.5000000000E+00  3.18425E-02  1.67500E-01
  3.5000000000E+00  3.5041666667E+00  3.18181E-02  1.58570E-01
  3.5041666667E+00  3.5083333333E+00  3.17773E-02  1.51678E-01
  3.5083333333E+00  3.5125000000E+00  3.17489E-02  1.47904E-01
  3.5125000000E+00  3.5166666667E+00  3.17852E-02  1.46315E-01
  3.5166666667E+00  3.5208333333E+00  3.19083E-02  1.71384E-01
  3.5208333333E+00  3.5250000000E+00  3.19515E-02  1.67575E-01
  3.5250000000E+00  3.5291666667E+00  3.19012E-02  1.54736E-01
  3.5291666667E+00  3.5333333333E+00  3.19467E-02  1.69230E-01
  3.5333333333E+00  3.5375000000E+00  3.18901E-02  1.46390E-01
  3.5375000000E+00  3.5416666667E+00  3.18995E-02  1.42191E-01
  3.5416666667E+00  3.5458333333E+00  3.19870E-02  1.60612E-01
  3.5458333333E+00  3.5500000000E+00  3.19801E-02  1.47996E-01
  3.5500000000E+00  3.5541666667E+00  3.20830E-02  1.65687E-01
  3.5541666667E+00  3.5583333333E+00  3.20738E-02  1.61315E-01
  3.5583333333E+00  3.5625000000E+00  3.20019E-02  1.47634E-01
  3.5625000000E+00  3.5666666667E+00  3.20307E-02  1.61338E-01
  3.5666666667E+00  3.5708333333E+00  3.20760E-02  1.61843E-01
  3.5708333333E+00  3.5750000000E+00  3.21061E-02  1.57966E-01
  3.5750000000E+00  3.5791666667E+00  3.21198E-02  1.54381E-01
  3.5791666667E+00  3.5833333333E+00  3.20883E-02  1.52703E-01
  3.5833333333E+00  3.5875000000E+00  3.21228E-02  1.53374E-01
  3.5875000000E+00  3.5916666667E+00  3.21405E-02  1.54235E-01
  3.5916666667E+00  3.5958333333E+00  3.21884E-02  1.56054E-01
  3.5958333333E+00  3.6000000000E+00  3.21927E-02  1.53790E-01
  3.6000000000E+00  3.6041666667E+00  3.22401E-02  1.52312E-01
  3.6041666667E+00  3.6083333333E+00  3.22753E-02  1.54501E-01
  3.6083333333E+00  3.6125000000E+00  3.23002E-02  1.57655E-01
  3.6125000000E+00  3.6166666667E+00  3.23447E-02  1.61805E-01
  3.6166666667E+00  3.6208333333E+00  3.23816E-02  1.66986E-01
  3.6208333333E+00  3.6250000000E+00  3.23772E-02  1.63247E-01
  3.6250000000E+00  3.6291666667E+00  3.23998E-02  1.63107E-01
  3.6291666667E+00  3.6333333333E+00  3.24951E-02  1.74455E-01
  3.6333333333E+00  3.6375000000E+00  3.24065E-02  1.53101E-01
  3.6375000000E+00  3.6416666667E+00  3.24358E-02  1.55396E-01
  3.6416666667E+00  3.6458333333E+00  3.25073E-02  1.60511E-01
  3.6458333333E+00  3.6500000000E+00  3.25349E-02  1.61947E-01
  3.6500000000E+00  3.6541666667E+00  3.25694E-02  1.72138E-01
  3.6541666667E+00  3.6583333333E+00  3.24631E-02  1.46880E-01
  3.6583333333E+00  3.6625000000E+00  3.25372E-02  1.58713E-01
  3.6625000000E+00  3.6666666667E+00  3.24621E-02  1.46346E-01
  3.6666666667E+00  3.6708333333E+00  3.25467E-02  1.54882E-01
  3.6708333333E+00  3.6750000000E+00  3.26439E-02  1.70198E-01
  3.6750000000E+00  3.6791666667E+00  3.26037E-02  1.52988E-01
  3.6791666667E+00  3.6833333333E+00  3.25809E-02  1.45407E-01
  3.6833333333E+00  3.6875000000E+00  3.26108E-02  1.42599E-01
  3.6875000000E+00  3.6916666667E+00  3.27653E-02  1.67629E-01
  3.6916666667E+00  3.6958333333E+00  3.27397E-02  1.48974E-01
  3.6958333333E+00  3.7000000000E+00  3.27692E-02  1.63972E-01
  3.7000000000E+00  3.7041666667E+00  3.27870E-02  1.64088E-01
  3.7041666667E+00  3.7083333333E+00  3.27462E-02  1.62605E-01
  3.7083333333E+00  3.7125000000E+00  3.27077E-02  1.42509E-01
  3.7125000000E+00  3.7166666667E+00  3.27515E-02  1.53001E-01
  3.7166666667E+00  3.7208333333E+00  3.27392E-02  1.46060E-01
  3.7208333333E+00  3.7250000000E+00  3.27444E-02  1.48972E-01
  3.7250000000E+00  3.7291666667E+00  3.28026E-02  1.57092E-01
  3.7291666667E+00  3.7333333333E+00  3.28072E-02  1.45648E-01
  3.7333333333E+00  3.7375000000E+00  3.28714E-02  1.54469E-01
  3.7375000000E+00  3.7416666667E+00  3.28333E-02  1.43127E-01
  3.7416666667E+00  3.7458333333E+00  3.29536E-02  1.56714E-01
  3.7458333333E+00  3.7500000000E+00  3.29406E-02  1.61975E-01
  3.7500000000E+00  3.7541666667E+00  3.29461E-02  1.50104E-01
  3.7541666667E+00  3.7583333333E+00  3.28935E-02  1.49699E-01
  3.7583333333E+00  3.7625000000E+00  3.29857E-02  1.60267E-01
  3.7625000000E+00  3.7666666667E+00  3.29659E-02  1.44987E-01
  3.7666666667E+00  3.7708333333E+00  3.30474E-02  1.57873E-01
  3.7708333333E+00  3.7750000000E+00  3.30427E-02  1.59019E-01
  3.7750000000E+00  3.7791666667E+00  3.30594E-02  1.47768E-01
  3.7791666667E+00  3.7833333333E+00  3.31448E-02  1.58697E-01
  3.7833333333E+00  3.7875000000E+00  3.31591E-02  1.57473E-01
  3.7875000000E+00  3.7916666667E+00  3.31870E-02  1.60793E-01
  3.7916666667E+00  3.7958333333E+00  3.31983E-02  1.60094E-01
  3.7958333333E+00  3.8000000000E+00  3.32223E-02  1.59996E-01
  3.8000000000E+00  3.8041666667E+00  3.32274E-02  1.56946E-01
  3.8041666667E+00  3.8083333333E+00  3.31677E-02  1.42386E-01
  3.8083333333E+00  3.8125000000E+00  3.32001E-02  1.44199E-01
  3.8125000000E+00  3.8166666667E+00  3.32738E-02  1.56081E-01
  3.8166666667E+00  3.8208333333E+00  3.32300E-02  1.45774E-01
  3.8208333333E+00  3.8250000000E+00  3.33003E-02  1.51136E-01
  3.8250000000E+00  3.8291666667E+00  3.33584E-02  1.50101E-01
  3.8291666667E+00  3.8333333333E+00  3.33803E-02  1.56161E-01
  3.8333333333E+00  3.8375000000E+00  3.34233E-02  1.56623E-01
  3.8375000000E+00  3.8416666667E+00  3.34629E-02  1.54832E-01
  3.8416666667E+00  3.8458333333E+00  3.34970E-02  1.59763E-01
  3.8458333333E+00  3.8500000000E+00  3.35101E-02  1.60254E-01
  3.8500000000E+00  3.8541666667E+00  3.35032E-02  1.54606E-01
  3.8541666667E+00  3.8583333333E+00  3.35066E-02  1.55101E-01
  3.8583333333E+00  3.8625000000E+00  3.34387E-02  1.39968E-01
  3.8625000000E+00  3.8666666667E+00  3.36494E-02  1.65454E-01
  3.8666666667E+00  3.8708333333E+00  3.36276E-02  1.50641E-01
  3.8708333333E+00  3.8750000000E+00  3.36828E-02  1.60406E-01
  3.8750000000E+00  3.8791666667E+00  3.35821E-02  1.47909E-01
  3.8791666667E+00  3.8833333333E+00  3.36808E-02  1.56957E-01
  3.8833333333E+00  3.8875000000E+00  3.36547E-02  1.53180E-01
  3.8875000000E+00  3.8916666667E+00  3.36597E-02  1.50785E-01
  3.8916666667E+00  3.8958333333E+00  3.36377E-02  1.40401E-01
  3.8958333333E+00  3.9000000000E+00  3.36703E-02  1.50766E-01
  3.9000000000E+00  3.9041666667E+00  3.37178E-02  1.54729E-01
  3.9041666667E+00  3.9083333333E+00  3.37531E-02  1.50750E-01
  3.9083333333E+00  3.9125000000E+00  3.37420E-02  1.45123E-01
  3.9125000000E+00  3.9166666667E+00  3.38967E-02  1.68095E-01
  3.9166666667E+00  3.9208333333E+00  3.39182E-02  1.59376E-01
  3.9208333333E+00  3.9250000000E+00  3.38945E-02  1.59525E-01
  3.9250000000E+00  3.9291666667E+00  3.38330E-02  1.45115E-01
  3.9291666667E+00  3.9333333333E+00  3.38762E-02  1.52941E-01
  3.9333333333E+00  3.9375000000E+00  3.39295E-02  1.53948E-01
  3.9375000000E+00  3.9416666667E+00  3.38870E-02  1.44172E-01
  3.9416666667E+00  3.9458333333E+00  3.39509E-02  1.55817E-01
  3.9458333333E+00  3.9500000000E+00  3.39421E-02  1.45147E-01
  3.9500000000E+00  3.9541666667E+00  3.39880E-02  1.52188E-01
  3.9541666667E+00  3.9583333333E+00  3.40178E-02  1.51064E-01
  3.9583333333E+00  3.9625000000E+00  3.41066E-02  1.61169E-01
  3.9625000000E+00  3.9666666667E+00  3.40699E-02  1.47757E-01
  3.9666666667E+00  3.9708333333E+00  3.41456E-02  1.52031E-01
  3.9708333333E+00  3.9750000000E+00  3.41299E-02  1.47951E-01
  3.9750000000E+00  3.9791666667E+00  3.42098E-02  1.55899E-01
  3.9791666667E+00  3.9833333333E+00  3.41746E-02  1.50225E-01
  3.9833333333E+00  3.9875000000E+00  3.42943E-02  1.63618E-01
  3.9875000000E+00  3.9916666667E+00  3.42118E-02  1.47532E-01
  3.9916666667E+00  3.9958333333E+00  3.43056E-02  1.63699E-01
  3.9958333333E+00  4.0000000000E+00  3.43389E-02  1.54597E-01
  4.0000000000E+00  4.0041666667E+00  3.43851E-02  1.62742E-01
  4.0041666667E+00  4.0083333333E+00  3.43749E-02  1.53528E-01
  4.0083333333E+00  4.0125000000E+00  3.43579E-02  1.57875E-01
  4.0125000000E+00  4.0166666667E+00  3.43923E-02  1.47865E-01
  4.0166666667E+00  4.0208333333E+00  3.44690E-02  1.61898E-01
  4.0208333333E+00  4.0250000000E+00  3.44183E-02  1.48847E-01
  4.0250000000E+00  4.0291666667E+00  3.43346E-02  1.40996E-01
  4.0291666667E+00  4.0333333333E+00  3.43400E-02  1.35337E-01
  4.0333333333E+00  4.0375000000E+00  3.44406E-02  1.45504E-01
  4.0375000000E+00  4.0416666667E+00  3.44745E-02  1.46524E-01
  4.0416666667E+00  4.0458333333E+00  3.45949E-02  1.56793E-01
  4.0458333333E+00  4.0500000000E+00  3.45784E-02  1.52752E-01
  4.0500000000E+00  4.0541666667E+00  3.45852E-02  1.49730E-01
  4.0541666667E+00  4.0583333333E+00  3.46756E-02  1.54898E-01
  4.0583333333E+00  4.0625000000E+00  3.47371E-02  1.61012E-01
  4.0625000000E+00  4.0666666667E+00  3.47085E-02  1.53089E-01
  4.0666666667E+00  4.0708333333E+00  3.46823E-02  1.45594E-01
  4.0708333333E+00  4.0750000000E+00  3.47531E-02  1.58282E-01
  4.0750000000E+00  4.0791666667E+00  3.47795E-02  1.55571E-01
  4.0791666667E+00  4.0833333333E+00  3.48462E-02  1.53029E-01
  4.0833333333E+00  4.0875000000E+00  3.48745E-02  1.54488E-01
  4.0875000000E+00  4.0916666667E+00  3.48260E-02  1.46477E-01
  4.0916666667E+00  4.0958333333E+00  3.49615E-02  1.64206E-01
  4.0958333333E+00  4.1000000000E+00  3.48761E-02  1.51869E-01
  4.1000000000E+00  4.1041666667E+00  3.48986E-02  1.47866E-01
  4.1041666667E+00  4.1083333333E+00  3.48979E-02  1.40671E-01
  4.1083333333E+00  4.1125000000E+00  3.49309E-02  1.44031E-01
  4.1125000000E+00  4.1166666667E+00  3.50164E-02  1.49092E-01
  4.1166666667E+00  4.1208333333E+00  3.50291E-02  1.49704E-01
  4.1208333333E+00  4.1250000000E+00  3.50078E-02  1.45315E-01
  4.1250000000E+00  4.1291666667E+00  3.50847E-02  1.50159E-01
  4.1291666667E+00  4.1333333333E+00  3.51492E-02  1.53811E-01
  4.1333333333E+00  4.1375000000E+00  3.52306E-02  1.62115E-01
  4.1375000000E+00  4.1416666667E+00  3.51459E-02  1.41228E-01
  4.1416666667E+00  4.1458333333E+00  3.52072E-02  1.45288E-01
  4.1458333333E+00  4.1500000000E+00  3.52215E-02  1.46392E-01
  4.1500000000E+00  4.1541666667E+00  3.54053E-02  1.68708E-01
  4.1541666667E+00  4.1583333333E+00  3.52955E-02  1.51370E-01
  4.1583333333E+00  4.1625000000E+00  3.53234E-02  1.52359E-01
  4.1625000000E+00  4.1666666667E+00  3.53740E-02  1.58575E-01
  4.1666666667E+00  4.1708333333E+00  3.53621E-02  1.45827E-01
  4.1708333333E+00  4.1750000000E+00  3.54006E-02  1.46088E-01
  4.1750000000E+00  4.1791666667E+00  3.54104E-02  1.44759E-01
  4.1791666667E+00  4.1833333333E+00  3.54655E-02  1.47797E-01
  4.1833333333E+00  4.1875000000E+00  3.54317E-02  1.38712E-01
  4.1875000000E+00  4.1916666667E+00  3.55550E-02  1.61042E-01
  4.1916666667E+00  4.1958333333E+00  3.55049E-02  1.45637E-01
  4.1958333333E+00  4.2000000000E+00  3.55516E-02  1.43285E-01
  4.2000000000E+00  4.2041666667E+00  3.56635E-02  1.54562E-01
  4.2041666667E+00  4.2083333333E+00  3.57398E-02  1.57865E-01
  4.2083333333E+00  4.2125000000E+00  3.57071E-02  1.50054E-01
  4.2125000000E+00  4.2166666667E+00  3.57147E-02  1.50021E-01
  4.2166666667E+00  4.2208333333E+00  3.57654E-02  1.51055E-01
  4.2208333333E+00  4.2250000000E+00  3.57924E-02  1.50890E-01
  4.2250000000E+00  4.2291666667E+00  3.58636E-02  1.55178E-01
  4.2291666667E+00  4.2333333333E+00  3.57957E-02  1.47502E-01
  4.2333333333E+00  4.2375000000E+00  3.58738E-02  1.52842E-01
  4.2375000000E+00  4.2416666667E+00  3.58169E-02  1.38704E-01
  4.2416666667E+00  4.2458333333E+00  3.58197E-02  1.37168E-01
  4.2458333333E+00  4.2500000000E+00  3.60048E-02  1.56065E-01
  4.2500000000E+00  4.2541666667E+00  3.60145E-02  1.49388E-01
  4.2541666667E+00  4.2583333333E+00  3.59548E-02  1.41244E-01
  4.2583333333E+00  4.2625000000E+00  3.59777E-02  1.41059E-01
  4.2625000000E+00  4.2666666667E+00  3.60161E-02  1.43428E-01
  4.2666666667E+00  4.2708333333E+00  3.60948E-02  1.42434E-01
  4.2708333333E+00  4.2750000000E+00  3.61723E-02  1.48517E-01
  4.2750000000E+00  4.2791666667E+00  3.61552E-02  1.46111E-01
  4.2791666667E+00  4.2833333333E+00  3.61502E-02  1.43742E-01
  4.2833333333E+00  4.2875000000E+00  3.62112E-02  1.45245E-01
  4.2875000000E+00  4.2916666667E+00  3.63112E-02  1.56686E-01
  4.2916666667E+00  4.2958333333E+00  3.63072E-02  1.46439E-01
  4.2958333333E+00  4.3000000000E+00  3.63606E-02  1.52953E-01
  4.3000000000E+00  4.3041666667E+00  3.63175E-02  1.37935E-01
  4.3041666667E+00  4.3083333333E+00  3.63840E-02  1.43401E-01
  4.3083333333E+00  4.3125000000E+00  3.64097E-02  1.38961E-01
  4.3125000000E+00  4.3166666667E+00  3.64548E-02  1.42411E-01
  4.3166666667E+00  4.3208333333E+00  3.65117E-02  1.46677E-01
  4.3208333333E+00  4.3250000000E+00  3.65554E-02  1.49610E-01
  4.3250000000E+00  4.3291666667E+00  3.65828E-02  1.46986E-01
  4.3291666667E+00  4.3333333333E+00  3.65524E-02  1.39215E-01
  4.3333333333E+00  4.3375000000E+00  3.65842E-02  1.38939E-01
  4.3375000000E+00  4.3416666667E+00  3.66112E-02  1.38010E-01
  4.3416666667E+00  4.3458333333E+00  3.66892E-02  1.42773E-01
  4.3458333333E+00  4.3500000000E+00  3.67862E-02  1.53712E-01
  4.3500000000E+00  4.3541666667E+00  3.68115E-02  1.51373E-01
  4.3541666667E+00  4.3583333333E+00  3.68419E-02  1.43251E-01
  4.3583333333E+00  4.3625000000E+00  3.68419E-02  1.40214E-01
  4.3625000000E+00  4.3666666667E+00  3.69135E-02  1.39964E-01
  4.3666666667E+00  4.3708333333E+00  3.70205E-02  1.55193E-01
  4.3708333333E+00  4.3750000000E+00  3.69347E-02  1.36047E-01
  4.3750000000E+00  4.3791666667E+00  3.69949E-02  1.42359E-01
  4.3791666667E+00  4.3833333333E+00  3.70491E-02  1.42547E-01
  4.3833333333E+00  4.3875000000E+00  3.71401E-02  1.55747E-01
  4.3875000000E+00  4.3916666667E+00  3.71069E-02  1.40950E-01
  4.3916666667E+00  4.3958333333E+00  3.72963E-02  1.55508E-01
  4.3958333333E+00  4.4000000000E+00  3.72393E-02  1.43831E-01
  4.4000000000E+00  4.4041666667E+00  3.72688E-02  1.46762E-01
  4.4041666667E+00  4.4083333333E+00  3.72795E-02  1.39928E-01
  4.4083333333E+00  4.4125000000E+00  3.73313E-02  1.42977E-01
  4.4125000000E+00  4.4166666667E+00  3.74135E-02  1.50330E-01
  4.4166666667E+00  4.4208333333E+00  3.74552E-02  1.45156E-01
  4.4208333333E+00  4.4250000000E+00  3.74598E-02  1.45787E-01
  4.4250000000E+00  4.4291666667E+00  3.74690E-02  1.47711E-01
  4.4291666667E+00  4.4333333333E+00  3.74965E-02  1.39104E-01
  4.4333333333E+00  4.4375000000E+00  3.76185E-02  1.49098E-01
  4.4375000000E+00  4.4416666667E+00  3.76208E-02  1.42711E-01
  4.4416666667E+00  4.4458333333E+00  3.76962E-02  1.48564E-01
  4.4458333333E+00  4.4500000000E+00  3.76421E-02  1.34835E-01
  4.4500000000E+00  4.4541666667E+00  3.76870E-02  1.35017E-01
  4.4541666667E+00  4.4583333333E+00  3.78806E-02  1.49193E-01
  4.4583333333E+00  4.4625000000E+00  3.78459E-02  1.41528E-01
  4.4625000000E+00  4.4666666667E+00  3.78790E-02  1.43146E-01
  4.4666666667E+00  4.4708333333E+00  3.79592E-02  1.45853E-01
  4.4708333333E+00  4.4750000000E+00  3.79615E-02  1.41392E-01
  4.4750000000E+00  4.4791666667E+00  3.80166E-02  1.38263E-01
  4.4791666667E+00  4.4833333333E+00  3.80553E-02  1.40119E-01
  4.4833333333E+00  4.4875000000E+00  3.80843E-02  1.44040E-01
  4.4875000000E+00  4.4916666667E+00  3.81218E-02  1.41618E-01
  4.4916666667E+00  4.4958333333E+00  3.81398E-02  1.37277E-01
  4.4958333333E+00  4.5000000000E+00  3.82110E-02  1.37544E-01
  4.5000000000E+00  4.5041666667E+00  3.83061E-02  1.48575E-01
  4.5041666667E+00  4.5083333333E+00  3.82752E-02  1.38099E-01
  4.5083333333E+00  4.5125000000E+00  3.83726E-02  1.45339E-01
  4.5125000000E+00  4.5166666667E+00  3.84088E-02  1.43605E-01
  4.5166666667E+00  4.5208333333E+00  3.84659E-02  1.44153E-01
  4.5208333333E+00  4.5250000000E+00  3.84652E-02  1.36270E-01
  4.5250000000E+00  4.5291666667E+00  3.85813E-02  1.44636E-01
  4.5291666667E+00  4.5333333333E+00  3.86160E-02  1.44879E-01
  4.5333333333E+00  4.5375000000E+00  3.86809E-02  1.45842E-01
  4.5375000000E+00  4.5416666667E+00  3.87189E-02  1.45518E-01
  4.5416666667E+00  4.5458333333E+00  3.86901E-02  1.36885E-01
  4.5458333333E+00  4.5500000000E+00  3.88193E-02  1.48149E-01
  4.5500000000E+00  4.5541666667E+00  3.88801E-02  1.44701E-01
  4.5541666667E+00  4.5583333333E+00  3.89208E-02  1.41612E-01
  4.5583333333E+00  4.5625000000E+00  3.89011E-02  1.37182E-01
  4.5625000000E+00  4.5666666667E+00  3.90266E-02  1.46888E-01
  4.5666666667E+00  4.5708333333E+00  3.90818E-02  1.45319E-01
  4.5708333333E+00  4.5750000000E+00  3.91549E-02  1.49493E-01
  4.5750000000E+00  4.5791666667E+00  3.92177E-02  1.43496E-01
  4.5791666667E+00  4.5833333333E+00  3.92581E-02  1.43033E-01
  4.5833333333E+00  4.5875000000E+00  3.92713E-02  1.43187E-01
  4.5875000000E+00  4.5916666667E+00  3.93433E-02  1.42530E-01
  4.5916666667E+00  4.5958333333E+00  3.94421E-02  1.44790E-01
  4.5958333333E+00  4.6000000000E+00  3.95488E-02  1.50539E-01
  4.6000000000E+00  4.6041666667E+00  3.95260E-02  1.43408E-01
  4.6041666667E+00  4.6083333333E+00  3.94905E-02  1.34759E-01
  4.6083333333E+00  4.6125000000E+00  3.95742E-02  1.41249E-01
  4.6125000000E+00  4.6166666667E+00  3.96899E-02  1.45439E-01
  4.6166666667E+00  4.6208333333E+00  3.97645E-02  1.51174E-01
  4.6208333333E+00  4.6250000000E+00  3.98779E-02  1.51747E-01
  4.6250000000E+00  4.6291666667E+00  3.98393E-02  1.41389E-01
  4.6291666667E+00  4.6333333333E+00  3.98641E-02  1.36902E-01
  4.6333333333E+00  4.6375000000E+00  3.99853E-02  1.43106E-01
  4.6375000000E+00  4.6416666667E+00  3.99953E-02  1.40251E-01
  4.6416666667E+00  4.6458333333E+00  4.00296E-02  1.38813E-01
  4.6458333333E+00  4.6500000000E+00  4.00620E-02  1.38991E-01
  4.6500000000E+00  4.6541666667E+00  4.02132E-02  1.42723E-01
  4.6541666667E+00  4.6583333333E+00  4.03006E-02  1.43128E-01
  4.6583333333E+00  4.6625000000E+00  4.03230E-02  1.37537E-01
  4.6625000000E+00  4.6666666667E+00  4.04911E-02  1.51802E-01
  4.6666666667E+00  4.6708333333E+00  4.04746E-02  1.41439E-01
  4.6708333333E+00  4.6750000000E+00  4.05467E-02  1.38878E-01
  4.6750000000E+00  4.6791666667E+00  4.05249E-02  1.33518E-01
  4.6791666667E+00  4.6833333333E+00  4.06529E-02  1.39142E-01
  4.6833333333E+00  4.6875000000E+00  4.07436E-02  1.39705E-01
  4.6875000000E+00  4.6916666667E+00  4.08126E-02  1.41159E-01
  4.6916666667E+00  4.6958333333E+00  4.08910E-02  1.38965E-01
  4.6958333333E+00  4.7000000000E+00  4.08972E-02  1.30155E-01
  4.7000000000E+00  4.7041666667E+00  4.10615E-02  1.39249E-01
  4.7041666667E+00  4.7083333333E+00  4.11375E-02  1.42152E-01
  4.7083333333E+00  4.7125000000E+00  4.11474E-02  1.39105E-01
  4.7125000000E+00  4.7166666667E+00  4.12432E-02  1.39172E-01
  4.7166666667E+00  4.7208333333E+00  4.12550E-02  1.34200E-01
  4.7208333333E+00  4.7250000000E+00  4.14316E-02  1.42601E-01
  4.7250000000E+00  4.7291666667E+00  4.14071E-02  1.30869E-01
  4.7291666667E+00  4.7333333333E+00  4.16063E-02  1.42980E-01
  4.7333333333E+00  4.7375000000E+00  4.16734E-02  1.42023E-01
  4.7375000000E+00  4.7416666667E+00  4.16825E-02  1.35169E-01
  4.7416666667E+00  4.7458333333E+00  4.18419E-02  1.42547E-01
  4.7458333333E+00  4.7500000000E+00  4.18484E-02  1.32840E-01
  4.7500000000E+00  4.7541666667E+00  4.19912E-02  1.40912E-01
  4.7541666667E+00  4.7583333333E+00  4.20085E-02  1.32618E-01
  4.7583333333E+00  4.7625000000E+00  4.20802E-02  1.31940E-01
  4.7625000000E+00  4.7666666667E+00  4.22189E-02  1.37661E-01
  4.7666666667E+00  4.7708333333E+00  4.23289E-02  1.41443E-01
  4.7708333333E+00  4.7750000000E+00  4.24423E-02  1.39958E-01
  4.7750000000E+00  4.7791666667E+00  4.24428E-02  1.29576E-01
  4.7791666667E+00  4.7833333333E+00  4.25996E-02  1.36232E-01
  4.7833333333E+00  4.7875000000E+00  4.27259E-02  1.40927E-01
  4.7875000000E+00  4.7916666667E+00  4.27257E-02  1.33053E-01
  4.7916666667E+00  4.7958333333E+00  4.29158E-02  1.47355E-01
  4.7958333333E+00  4.8000000000E+00  4.29988E-02  1.43348E-01
  4.8000000000E+00  4.8041666667E+00  4.30426E-02  1.38885E-01
  4.8041666667E+00  4.8083333333E+00  4.30424E-02  1.29466E-01
  4.8083333333E+00  4.8125000000E+00  4.31844E-02  1.34375E-01
  4.8125000000E+00  4.8166666667E+00  4.32963E-02  1.33464E-01
  4.8166666667E+00  4.8208333333E+00  4.34659E-02  1.41583E-01
  4.8208333333E+00  4.8250000000E+00  4.35522E-02  1.39032E-01
  4.8250000000E+00  4.8291666667E+00  4.36342E-02  1.36708E-01
  4.8291666667E+00  4.8333333333E+00  4.37804E-02  1.40020E-01
  4.8333333333E+00  4.8375000000E+00  4.37885E-02  1.34524E-01
  4.8375000000E+00  4.8416666667E+00  4.39689E-02  1.38935E-01
  4.8416666667E+00  4.8458333333E+00  4.41083E-02  1.39779E-01
  4.8458333333E+00  4.8500000000E+00  4.42195E-02  1.39588E-01
  4.8500000000E+00  4.8541666667E+00  4.42897E-02  1.33672E-01
  4.8541666667E+00  4.8583333333E+00  4.44380E-02  1.39347E-01
  4.8583333333E+00  4.8625000000E+00  4.44818E-02  1.33928E-01
  4.8625000000E+00  4.8666666667E+00  4.46739E-02  1.37316E-01
  4.8666666667E+00  4.8708333333E+00  4.48204E-02  1.40955E-01
  4.8708333333E+00  4.8750000000E+00  4.48109E-02  1.31192E-01
  4.8750000000E+00  4.8791666667E+00  4.50027E-02  1.40197E-01
  4.8791666667E+00  4.8833333333E+00  4.51010E-02  1.38706E-01
  4.8833333333E+00  4.8875000000E+00  4.52882E-02  1.40797E-01
  4.8875000000E+00  4.8916666667E+00  4.53454E-02  1.35973E-01
  4.8916666667E+00  4.8958333333E+00  4.53924E-02  1.32640E-01
  4.8958333333E+00  4.9000000000E+00  4.55991E-02  1.36092E-01
  4.9000000000E+00  4.9041666667E+00  4.57094E-02  1.37099E-01
  4.9041666667E+00  4.9083333333E+00  4.58920E-02  1.38912E-01
  4.9083333333E+00  4.9125000000E+00  4.60184E-02  1.37502E-01
  4.9125000000E+00  4.9166666667E+00  4.61080E-02  1.40990E-01
  4.9166666667E+00  4.9208333333E+00  4.62285E-02  1.37482E-01
  4.9208333333E+00  4.9250000000E+00  4.64328E-02  1.40535E-01
  4.9250000000E+00  4.9291666667E+00  4.65815E-02  1.42468E-01
  4.9291666667E+00  4.9333333333E+00  4.66142E-02  1.37259E-01
  4.9333333333E+00  4.9375000000E+00  4.67488E-02  1.40060E-01
  4.9375000000E+00  4.9416666667E+00  4.68861E-02  1.43016E-01
  4.9416666667E+00  4.9458333333E+00  4.69772E-02  1.40163E-01
  4.9458333333E+00  4.9500000000E+00  4.71907E-02  1.45447E-01
  4.9500000000E+00  4.9541666667E+00  4.72731E-02  1.45166E-01
  4.9541666667E+00  4.9583333333E+00  4.72542E-02  1.33613E-01
  4.9583333333E+00  4.9625000000E+00  4.74545E-02  1.41693E-01
  4.9625000000E+00  4.9666666667E+00  4.75853E-02  1.41713E-01
  4.9666666667E+00  4.9708333333E+00  4.76329E-02  1.38125E-01
  4.9708333333E+00  4.9750000000E+00  4.76829E-02  1.36924E-01
  4.9750000000E+00  4.9791666667E+00  4.77658E-02  1.40037E-01
  4.9791666667E+00  4.9833333333E+00  4.79624E-02  1.45695E-01
  4.9833333333E+00  4.9875000000E+00  4.79796E-02  1.43625E-01
  4.9875000000E+00  4.9916666667E+00  4.80227E-02  1.41628E-01
  4.9916666667E+00  4.9958333333E+00  4.81209E-02  1.44003E-01
  4.9958333333E+00  5.0000000000E+00  4.81264E-02  1.41443E-01
  5.0000000000E+00  5.0041666667E+00  4.82308E-02  1.44017E-01
  5.0041666667E+00  5.0083333333E+00  4.83003E-02  1.46801E-01
  5.0083333333E+00  5.0125000000E+00  4.82408E-02  1.37125E-01
  5.0125000000E+00  5.0166666667E+00  4.83814E-02  1.42712E-01
  5.0166666667E+00  5.0208333333E+00  4.84479E-02  1.45040E-01
  5.0208333333E+00  5.0250000000E+00  4.84449E-02  1.45053E-01
  5.0250000000E+00  5.0291666667E+00  4.84664E-02  1.43750E-01
  5.0291666667E+00  5.0333333333E+00  4.85474E-02  1.46166E-01
  5.0333333333E+00  5.0375000000E+00  4.85387E-02  1.40517E-01
  5.0375000000E+00  5.0416666667E+00  4.86131E-02  1.46020E-01
  5.0416666667E+00  5.0458333333E+00  4.86216E-02  1.44748E-01
  5.0458333333E+00  5.0500000000E+00  4.86595E-02  1.45990E-01
  5.0500000000E+00  5.0541666667E+00  4.86441E-02  1.39322E-01
  5.0541666667E+00  5.0583333333E+00  4.86801E-02  1.43965E-01
  5.0583333333E+00  5.0625000000E+00  4.86762E-02  1.43013E-01
  5.0625000000E+00  5.0666666667E+00  4.86588E-02  1.39384E-01
  5.0666666667E+00  5.0708333333E+00  4.87076E-02  1.40182E-01
  5.0708333333E+00  5.0750000000E+00  4.87409E-02  1.42918E-01
  5.0750000000E+00  5.0791666667E+00  4.87950E-02  1.46030E-01
  5.0791666667E+00  5.0833333333E+00  4.87981E-02  1.45874E-01
  5.0833333333E+00  5.0875000000E+00  4.87881E-02  1.46298E-01
  5.0875000000E+00  5.0916666667E+00  4.87404E-02  1.43195E-01
  5.0916666667E+00  5.0958333333E+00  4.87476E-02  1.42967E-01
  5.0958333333E+00  5.1000000000E+00  4.88224E-02  1.49988E-01
  5.1000000000E+00  5.1041666667E+00  4.88133E-02  1.46973E-01
  5.1041666667E+00  5.1083333333E+00  4.87844E-02  1.47835E-01
  5.1083333333E+00  5.1125000000E+00  4.87358E-02  1.45697E-01
  5.1125000000E+00  5.1166666667E+00  4.87951E-02  1.50683E-01
  5.1166666667E+00  5.1208333333E+00  4.87405E-02  1.48165E-01
  5.1208333333E+00  5.1250000000E+00  4.87250E-02  1.48030E-01
  5.1250000000E+00  5.1291666667E+00  4.87359E-02  1.47178E-01
  5.1291666667E+00  5.1333333333E+00  4.86829E-02  1.45881E-01
  5.1333333333E+00  5.1375000000E+00  4.86679E-02  1.47902E-01
  5.1375000000E+00  5.1416666667E+00  4.86556E-02  1.49956E-01
  5.1416666667E+00  5.1458333333E+00  4.86177E-02  1.50970E-01
  5.1458333333E+00  5.1500000000E+00  4.84959E-02  1.42979E-01
  5.1500000000E+00  5.1541666667E+00  4.84688E-02  1.43872E-01
  5.1541666667E+00  5.1583333333E+00  4.84409E-02  1.46513E-01
  5.1583333333E+00  5.1625000000E+00  4.84140E-02  1.45729E-01
  5.1625000000E+00  5.1666666667E+00  4.84809E-02  1.47158E-01
  5.1666666667E+00  5.1708333333E+00  4.84292E-02  1.46206E-01
  5.1708333333E+00  5.1750000000E+00  4.83636E-02  1.41283E-01
  5.1750000000E+00  5.1791666667E+00  4.83934E-02  1.43485E-01
  5.1791666667E+00  5.1833333333E+00  4.84001E-02  1.45029E-01
  5.1833333333E+00  5.1875000000E+00  4.84628E-02  1.47290E-01
  5.1875000000E+00  5.1916666667E+00  4.83786E-02  1.46224E-01
  5.1916666667E+00  5.1958333333E+00  4.84113E-02  1.49470E-01
  5.1958333333E+00  5.2000000000E+00  4.84285E-02  1.51796E-01
  5.2000000000E+00  5.2041666667E+00  4.84059E-02  1.47157E-01
  5.2041666667E+00  5.2083333333E+00  4.83640E-02  1.48133E-01
  5.2083333333E+00  5.2125000000E+00  4.83349E-02  1.44361E-01
  5.2125000000E+00  5.2166666667E+00  4.83133E-02  1.44465E-01
  5.2166666667E+00  5.2208333333E+00  4.83305E-02  1.48402E-01
  5.2208333333E+00  5.2250000000E+00  4.82911E-02  1.47608E-01
  5.2250000000E+00  5.2291666667E+00  4.83310E-02  1.49386E-01
  5.2291666667E+00  5.2333333333E+00  4.82665E-02  1.45609E-01
  5.2333333333E+00  5.2375000000E+00  4.82745E-02  1.47755E-01
  5.2375000000E+00  5.2416666667E+00  4.82481E-02  1.46536E-01
  5.2416666667E+00  5.2458333333E+00  4.82680E-02  1.48936E-01
  5.2458333333E+00  5.2500000000E+00  4.82861E-02  1.50147E-01
  5.2500000000E+00  5.2541666667E+00  4.82728E-02  1.49446E-01
  5.2541666667E+00  5.2583333333E+00  4.82869E-02  1.48284E-01
  5.2583333333E+00  5.2625000000E+00  4.83320E-02  1.49449E-01
  5.2625000000E+00  5.2666666667E+00  4.82828E-02  1.47027E-01
  5.2666666667E+00  5.2708333333E+00  4.83458E-02  1.50249E-01
  5.2708333333E+00  5.2750000000E+00  4.82719E-02  1.46362E-01
  5.2750000000E+00  5.2791666667E+00  4.82435E-02  1.47149E-01
  5.2791666667E+00  5.2833333333E+00  4.83000E-02  1.50236E-01
  5.2833333333E+00  5.2875000000E+00  4.83325E-02  1.49961E-01
  5.2875000000E+00  5.2916666667E+00  4.83151E-02  1.50175E-01
  5.2916666667E+00  5.2958333333E+00  4.83824E-02  1.52965E-01
  5.2958333333E+00  5.3000000000E+00  4.82789E-02  1.47302E-01
  5.3000000000E+00  5.3041666667E+00  4.83702E-02  1.52150E-01
  5.3041666667E+00  5.3083333333E+00  4.82515E-02  1.46817E-01
  5.3083333333E+00  5.3125000000E+00  4.82681E-02  1.48485E-01
  5.3125000000E+00  5.3166666667E+00  4.82912E-02  1.49986E-01
  5.3166666667E+00  5.3208333333E+00  4.82978E-02  1.53255E-01
  5.3208333333E+00  5.3250000000E+00  4.82310E-02  1.48623E-01
  5.3250000000E+00  5.3291666667E+00  4.82154E-02  1.48411E-01
  5.3291666667E+00  5.3333333333E+00  4.83669E-02  1.54503E-01
  5.3333333333E+00  5.3375000000E+00  4.83071E-02  1.52864E-01
  5.3375000000E+00  5.3416666667E+00  4.82541E-02  1.48957E-01
  5.3416666667E+00  5.3458333333E+00  4.82500E-02  1.52373E-01
  5.3458333333E+00  5.3500000000E+00  4.82813E-02  1.54321E-01
  5.3500000000E+00  5.3541666667E+00  4.81889E-02  1.49759E-01
  5.3541666667E+00  5.3583333333E+00  4.81584E-02  1.50455E-01
  5.3583333333E+00  5.3625000000E+00  4.81077E-02  1.46489E-01
  5.3625000000E+00  5.3666666667E+00  4.80612E-02  1.45376E-01
  5.3666666667E+00  5.3708333333E+00  4.81102E-02  1.50124E-01
  5.3708333333E+00  5.3750000000E+00  4.80680E-02  1.49423E-01
  5.3750000000E+00  5.3791666667E+00  4.80318E-02  1.48146E-01
  5.3791666667E+00  5.3833333333E+00  4.80572E-02  1.52231E-01
  5.3833333333E+00  5.3875000000E+00  4.80386E-02  1.49093E-01
  5.3875000000E+00  5.3916666667E+00  4.80648E-02  1.49930E-01
  5.3916666667E+00  5.3958333333E+00  4.80845E-02  1.52316E-01
  5.3958333333E+00  5.4000000000E+00  4.80628E-02  1.52579E-01
  5.4000000000E+00  5.4041666667E+00  4.80011E-02  1.50916E-01
  5.4041666667E+00  5.4083333333E+00  4.79929E-02  1.52588E-01
  5.4083333333E+00  5.4125000000E+00  4.79569E-02  1.50874E-01
  5.4125000000E+00  5.4166666667E+00  4.80172E-02  1.53524E-01
  5.4166666667E+00  5.4208333333E+00  4.79441E-02  1.50862E-01
  5.4208333333E+00  5.4250000000E+00  4.80110E-02  1.54634E-01
  5.4250000000E+00  5.4291666667E+00  4.79726E-02  1.53070E-01
  5.4291666667E+00  5.4333333333E+00  4.79415E-02  1.49825E-01
  5.4333333333E+00  5.4375000000E+00  4.79423E-02  1.53171E-01
  5.4375000000E+00  5.4416666667E+00  4.78918E-02  1.50504E-01
  5.4416666667E+00  5.4458333333E+00  4.79886E-02  1.56798E-01
  5.4458333333E+00  5.4500000000E+00  4.79189E-02  1.52406E-01
  5.4500000000E+00  5.4541666667E+00  4.79273E-02  1.51775E-01
  5.4541666667E+00  5.4583333333E+00  4.79025E-02  1.50007E-01
  5.4583333333E+00  5.4625000000E+00  4.78874E-02  1.51198E-01
  5.4625000000E+00  5.4666666667E+00  4.79005E-02  1.51409E-01
  5.4666666667E+00  5.4708333333E+00  4.79436E-02  1.53882E-01
  5.4708333333E+00  5.4750000000E+00  4.78775E-02  1.50617E-01
  5.4750000000E+00  5.4791666667E+00  4.79604E-02  1.51996E-01
  5.4791666667E+00  5.4833333333E+00  4.80552E-02  1.58335E-01
  5.4833333333E+00  5.4875000000E+00  4.78880E-02  1.48406E-01
  5.4875000000E+00  5.4916666667E+00  4.79999E-02  1.51616E-01
  5.4916666667E+00  5.4958333333E+00  4.79715E-02  1.52672E-01
  5.4958333333E+00  5.5000000000E+00  4.78736E-02  1.51241E-01
  5.5000000000E+00  5.5041666667E+00  4.78922E-02  1.53990E-01
  5.5041666667E+00  5.5083333333E+00  4.79292E-02  1.53574E-01
  5.5083333333E+00  5.5125000000E+00  4.79817E-02  1.56078E-01
  5.5125000000E+00  5.5166666667E+00  4.79791E-02  1.56112E-01
  5.5166666667E+00  5.5208333333E+00  4.79462E-02  1.55347E-01
  5.5208333333E+00  5.5250000000E+00  4.78697E-02  1.52616E-01
  5.5250000000E+00  5.5291666667E+00  4.79455E-02  1.57268E-01
  5.5291666667E+00  5.5333333333E+00  4.78218E-02  1.52258E-01
  5.5333333333E+00  5.5375000000E+00  4.78940E-02  1.56161E-01
  5.5375000000E+00  5.5416666667E+00  4.78792E-02  1.53237E-01
  5.5416666667E+00  5.5458333333E+00  4.79212E-02  1.56833E-01
  5.5458333333E+00  5.5500000000E+00  4.78470E-02  1.55905E-01
  5.5500000000E+00  5.5541666667E+00  4.78105E-02  1.54761E-01
  5.5541666667E+00  5.5583333333E+00  4.79406E-02  1.63337E-01
  5.5583333333E+00  5.5625000000E+00  4.78703E-02  1.58416E-01
  5.5625000000E+00  5.5666666667E+00  4.78024E-02  1.54472E-01
  5.5666666667E+00  5.5708333333E+00  4.78331E-02  1.59796E-01
  5.5708333333E+00  5.5750000000E+00  4.77593E-02  1.55910E-01
  5.5750000000E+00  5.5791666667E+00  4.78112E-02  1.56028E-01
  5.5791666667E+00  5.5833333333E+00  4.78055E-02  1.57197E-01
  5.5833333333E+00  5.5875000000E+00  4.78071E-02  1.56546E-01
  5.5875000000E+00  5.5916666667E+00  4.78277E-02  1.57713E-01
  5.5916666667E+00  5.5958333333E+00  4.77367E-02  1.56641E-01
  5.5958333333E+00  5.6000000000E+00  4.77629E-02  1.59822E-01
  5.6000000000E+00  5.6041666667E+00  4.77641E-02  1.60923E-01
  5.6041666667E+00  5.6083333333E+00  4.76455E-02  1.56290E-01
  5.6083333333E+00  5.6125000000E+00  4.77030E-02  1.57080E-01
  5.6125000000E+00  5.6166666667E+00  4.77347E-02  1.61185E-01
  5.6166666667E+00  5.6208333333E+00  4.77077E-02  1.60222E-01
  5.6208333333E+00  5.6250000000E+00  4.76659E-02  1.60300E-01
  5.6250000000E+00  5.6291666667E+00  4.76471E-02  1.59310E-01
  5.6291666667E+00  5.6333333333E+00  4.75539E-02  1.56332E-01
  5.6333333333E+00  5.6375000000E+00  4.76324E-02  1.61075E-01
  5.6375000000E+00  5.6416666667E+00  4.76892E-02  1.61056E-01
  5.6416666667E+00  5.6458333333E+00  4.76740E-02  1.62203E-01
  5.6458333333E+00  5.6500000000E+00  4.76352E-02  1.61487E-01
  5.6500000000E+00  5.6541666667E+00  4.75750E-02  1.57584E-01
  5.6541666667E+00  5.6583333333E+00  4.75587E-02  1.57700E-01
  5.6583333333E+00  5.6625000000E+00  4.75304E-02  1.58773E-01
  5.6625000000E+00  5.6666666667E+00  4.75607E-02  1.60734E-01
  5.6666666667E+00  5.6708333333E+00  4.76126E-02  1.62878E-01
  5.6708333333E+00  5.6750000000E+00  4.76338E-02  1.61973E-01
  5.6750000000E+00  5.6791666667E+00  4.76241E-02  1.62369E-01
  5.6791666667E+00  5.6833333333E+00  4.76003E-02  1.60355E-01
  5.6833333333E+00  5.6875000000E+00  4.76843E-02  1.62712E-01
  5.6875000000E+00  5.6916666667E+00  4.75901E-02  1.60656E-01
  5.6916666667E+00  5.6958333333E+00  4.76280E-02  1.63764E-01
  5.6958333333E+00  5.7000000000E+00  4.76290E-02  1.64983E-01
  5.7000000000E+00  5.7041666667E+00  4.75832E-02  1.62372E-01
  5.7041666667E+00  5.7083333333E+00  4.76131E-02  1.65282E-01
  5.7083333333E+00  5.7125000000E+00  4.74638E-02  1.60634E-01
  5.7125000000E+00  5.7166666667E+00  4.74894E-02  1.61461E-01
  5.7166666667E+00  5.7208333333E+00  4.75088E-02  1.63217E-01
  5.7208333333E+00  5.7250000000E+00  4.75183E-02  1.63091E-01
  5.7250000000E+00  5.7291666667E+00  4.74818E-02  1.61851E-01
  5.7291666667E+00  5.7333333333E+00  4.74720E-02  1.63580E-01
  5.7333333333E+00  5.7375000000E+00  4.74637E-02  1.63752E-01
  5.7375000000E+00  5.7416666667E+00  4.75187E-02  1.65551E-01
  5.7416666667E+00  5.7458333333E+00  4.74593E-02  1.63550E-01
  5.7458333333E+00  5.7500000000E+00  4.74389E-02  1.65701E-01
  5.7500000000E+00  5.7541666667E+00  4.74290E-02  1.63357E-01
  5.7541666667E+00  5.7583333333E+00  4.75833E-02  1.67910E-01
  5.7583333333E+00  5.7625000000E+00  4.74742E-02  1.64179E-01
  5.7625000000E+00  5.7666666667E+00  4.74084E-02  1.63202E-01
  5.7666666667E+00  5.7708333333E+00  4.74639E-02  1.67404E-01
  5.7708333333E+00  5.7750000000E+00  4.74192E-02  1.64781E-01
  5.7750000000E+00  5.7791666667E+00  4.74864E-02  1.67160E-01
  5.7791666667E+00  5.7833333333E+00  4.74718E-02  1.66495E-01
  5.7833333333E+00  5.7875000000E+00  4.75017E-02  1.67144E-01
  5.7875000000E+00  5.7916666667E+00  4.75343E-02  1.66184E-01
  5.7916666667E+00  5.7958333333E+00  4.75926E-02  1.69351E-01
  5.7958333333E+00  5.8000000000E+00  4.75416E-02  1.68461E-01
  5.8000000000E+00  5.8041666667E+00  4.75930E-02  1.69909E-01
  5.8041666667E+00  5.8083333333E+00  4.76082E-02  1.70180E-01
  5.8083333333E+00  5.8125000000E+00  4.75532E-02  1.69047E-01
  5.8125000000E+00  5.8166666667E+00  4.75301E-02  1.69613E-01
  5.8166666667E+00  5.8208333333E+00  4.74939E-02  1.70481E-01
  5.8208333333E+00  5.8250000000E+00  4.73983E-02  1.68528E-01
  5.8250000000E+00  5.8291666667E+00  4.74797E-02  1.71008E-01
  5.8291666667E+00  5.8333333333E+00  4.75019E-02  1.71931E-01
  5.8333333333E+00  5.8375000000E+00  4.74638E-02  1.71359E-01
  5.8375000000E+00  5.8416666667E+00  4.74970E-02  1.73509E-01
  5.8416666667E+00  5.8458333333E+00  4.74771E-02  1.73015E-01
  5.8458333333E+00  5.8500000000E+00  4.74730E-02  1.72907E-01
  5.8500000000E+00  5.8541666667E+00  4.73794E-02  1.73175E-01
  5.8541666667E+00  5.8583333333E+00  4.74111E-02  1.75105E-01
  5.8583333333E+00  5.8625000000E+00  4.74099E-02  1.73339E-01
  5.8625000000E+00  5.8666666667E+00  4.74453E-02  1.75219E-01
  5.8666666667E+00  5.8708333333E+00  4.74035E-02  1.75446E-01
  5.8708333333E+00  5.8750000000E+00  4.74461E-02  1.75747E-01
  5.8750000000E+00  5.8791666667E+00  4.74400E-02  1.77382E-01
  5.8791666667E+00  5.8833333333E+00  4.74477E-02  1.75639E-01
  5.8833333333E+00  5.8875000000E+00  4.74476E-02  1.75759E-01
  5.8875000000E+00  5.8916666667E+00  4.74778E-02  1.77052E-01
  5.8916666667E+00  5.8958333333E+00  4.74940E-02  1.78676E-01
  5.8958333333E+00  5.9000000000E+00  4.74476E-02  1.79131E-01
  5.9000000000E+00  5.9041666667E+00  4.74268E-02  1.79509E-01
  5.9041666667E+00  5.9083333333E+00  4.74466E-02  1.80990E-01
  5.9083333333E+00  5.9125000000E+00  4.74391E-02  1.80825E-01
  5.9125000000E+00  5.9166666667E+00  4.74024E-02  1.80348E-01
  5.9166666667E+00  5.9208333333E+00  4.75095E-02  1.79563E-01
  5.9208333333E+00  5.9250000000E+00  4.75071E-02  1.80503E-01
  5.9250000000E+00  5.9291666667E+00  4.75789E-02  1.83534E-01
  5.9291666667E+00  5.9333333333E+00  4.75306E-02  1.81268E-01
  5.9333333333E+00  5.9375000000E+00  4.76326E-02  1.84226E-01
  5.9375000000E+00  5.9416666667E+00  4.75677E-02  1.84338E-01
  5.9416666667E+00  5.9458333333E+00  4.76114E-02  1.84018E-01
  5.9458333333E+00  5.9500000000E+00  4.76732E-02  1.85381E-01
  5.9500000000E+00  5.9541666667E+00  4.76272E-02  1.85768E-01
  5.9541666667E+00  5.9583333333E+00  4.76397E-02  1.86874E-01
  5.9583333333E+00  5.9625000000E+00  4.77279E-02  1.88070E-01
  5.9625000000E+00  5.9666666667E+00  4.77893E-02  1.88439E-01
  5.9666666667E+00  5.9708333333E+00  4.78410E-02  1.89670E-01
  5.9708333333E+00  5.9750000000E+00  4.78641E-02  1.89964E-01
  5.9750000000E+00  5.9791666667E+00  4.79073E-02  1.90713E-01
  5.9791666667E+00  5.9833333333E+00  4.78947E-02  1.90999E-01
  5.9833333333E+00  5.9875000000E+00  4.79376E-02  1.92684E-01
  5.9875000000E+00  5.9916666667E+00  4.79259E-02  1.94045E-01
  5.9916666667E+00  5.9958333333E+00  4.79025E-02  1.95831E-01
  5.9958333333E+00  6.0000000000E+00  4.79009E-02  1.96331E-01
  6.0000000000E+00  6.0041666667E+00  4.78467E-02  1.97422E-01
  6.0041666667E+00  6.0083333333E+00  4.77825E-02  2.01213E-01
  6.0083333333E+00  6.0125000000E+00  4.76379E-02  2.01122E-01
  6.0125000000E+00  6.0166666667E+00  4.76723E-02  2.03300E-01
  6.0166666667E+00  6.0208333333E+00  4.75222E-02  2.03297E-01
  6.0208333333E+00  6.0250000000E+00  4.73759E-02  2.07327E-01
  6.0250000000E+00  6.0291666667E+00  4.71521E-02  2.07496E-01
  6.0291666667E+00  6.0333333333E+00  4.70021E-02  2.10289E-01
  6.0333333333E+00  6.0375000000E+00  4.67189E-02  2.11657E-01
  6.0375000000E+00  6.0416666667E+00  4.65381E-02  2.14677E-01
  6.0416666667E+00  6.0458333333E+00  4.61800E-02  2.16543E-01
  6.0458333333E+00  6.0500000000E+00  4.58299E-02  2.18813E-01
  6.0500000000E+00  6.0541666667E+00  4.54308E-02  2.21041E-01
  6.0541666667E+00  6.0583333333E+00  4.51032E-02  2.23680E-01
  6.0583333333E+00  6.0625000000E+00  4.47156E-02  2.26469E-01
  6.0625000000E+00  6.0666666667E+00  4.42022E-02  2.29154E-01
  6.0666666667E+00  6.0708333333E+00  4.36751E-02  2.32552E-01
  6.0708333333E+00  6.0750000000E+00  4.30872E-02  2.35733E-01
  6.0750000000E+00  6.0791666667E+00  4.23880E-02  2.38850E-01
  6.0791666667E+00  6.0833333333E+00  4.17229E-02  2.43451E-01
  6.0833333333E+00  6.0875000000E+00  4.08863E-02  2.47521E-01
  6.0875000000E+00  6.0916666667E+00  4.00417E-02  2.51980E-01
  6.0916666667E+00  6.0958333333E+00  3.91257E-02  2.56511E-01
  6.0958333333E+00  6.1000000000E+00  3.81644E-02  2.60877E-01
  6.1000000000E+00  6.1041666667E+00  3.71893E-02  2.67306E-01
  6.1041666667E+00  6.1083333333E+00  3.61553E-02  2.73705E-01
  6.1083333333E+00  6.1125000000E+00  3.49754E-02  2.79092E-01
  6.1125000000E+00  6.1166666667E+00  3.37930E-02  2.87410E-01
  6.1166666667E+00  6.1208333333E+00  3.25150E-02  2.94501E-01
  6.1208333333E+00  6.1250000000E+00  3.11665E-02  3.02320E-01
  6.1250000000E+00  6.1291666667E+00  2.98538E-02  3.11035E-01
  6.1291666667E+00  6.1333333333E+00  2.84774E-02  3.21147E-01
  6.1333333333E+00  6.1375000000E+00  2.71023E-02  3.30450E-01
  6.1375000000E+00  6.1416666667E+00  2.57193E-02  3.41285E-01
  6.1416666667E+00  6.1458333333E+00  2.43107E-02  3.53692E-01
  6.1458333333E+00  6.1500000000E+00  2.29071E-02  3.66584E-01
  6.1500000000E+00  6.1541666667E+00  2.14641E-02  3.82197E-01
  6.1541666667E+00  6.1583333333E+00  2.00502E-02  3.96841E-01
  6.1583333333E+00  6.1625000000E+00  1.86296E-02  4.13133E-01
  6.1625000000E+00  6.1666666667E+00  1.73585E-02  4.33268E-01
  6.1666666667E+00  6.1708333333E+00  1.59496E-02  4.53092E-01
  6.1708333333E+00  6.1750000000E+00  1.46825E-02  4.76433E-01
  6.1750000000E+00  6.1791666667E+00  1.34288E-02  5.00913E-01
  6.1791666667E+00  6.1833333333E+00  1.22032E-02  5.29074E-01
  6.1833333333E+00  6.1875000000E+00  1.10046E-02  5.60021E-01
  6.1875000000E+00  6.1916666667E+00  9.91127E-03  5.92497E-01
  6.1916666667E+00  6.1958333333E+00  8.88747E-03  6.28337E-01
  6.1958333333E+00  6.2000000000E+00  7.89880E-03  6.70730E-01
  6.2000000000E+00  6.2041666667E+00  6.95321E-03  7.17550E-01
  6.2041666667E+00  6.2083333333E+00  6.10410E-03  7.67448E-01
  6.2083333333E+00  6.2125000000E+00  5.34805E-03  8.23041E-01
  6.2125000000E+00  6.2166666667E+00  4.66596E-03  8.86208E-01
  6.2166666667E+00  6.2208333333E+00  4.01494E-03  9.58482E-01
  6.2208333333E+00  6.2250000000E+00  3.47137E-03  1.03833E+00
  6.2250000000E+00  6.2291666667E+00  2.97508E-03  1.12471E+00
  6.2291666667E+00  6.2333333333E+00  2.54379E-03  1.22414E+00
  6.2333333333E+00  6.2375000000E+00  2.14698E-03  1.33014E+00
  6.2375000000E+00  6.2416666667E+00  1.80187E-03  1.46332E+00
  6.2416666667E+00  6.2458333333E+00  1.48428E-03  1.60530E+00
  6.2458333333E+00  6.2500000000E+00  1.24857E-03  1.76777E+00
  6.2500000000E+00  6.2541666667E+00  1.03323E-03  1.95476E+00
  6.2541666667E+00  6.2583333333E+00  8.42807E-04  2.14917E+00
  6.2583333333E+00  6.2625000000E+00  7.00358E-04  2.38894E+00
  6.2625000000E+00  6.2666666667E+00  5.62363E-04  2.65824E+00
  6.2666666667E+00  6.2708333333E+00  4.56912E-04  2.96261E+00
  6.2708333333E+00  6.2750000000E+00  3.70473E-04  3.31011E+00
  6.2750000000E+00  6.2791666667E+00  2.99134E-04  3.71570E+00
  6.2791666667E+00  6.2833333333E+00  2.37742E-04  4.25644E+00
  6.2833333333E+00  6.2875000000E+00  1.86772E-04  4.81378E+00
  6.2875000000E+00  6.2916666667E+00  1.40351E-04  5.51154E+00
  6.2916666667E+00  6.2958333333E+00  9.84989E-05  6.57962E+00
  6.2958333333E+00  6.3000000000E+00  7.12821E-05  7.79235E+00
  6.3000000000E+00  6.3041666667E+00  5.24860E-05  9.01172E+00
  6.3041666667E+00  6.3083333333E+00  3.94666E-05  1.03418E+01
  6.3083333333E+00  6.3125000000E+00  2.99490E-05  1.23259E+01
  6.3125000000E+00  6.3166666667E+00  2.17121E-05  1.44850E+01
  6.3166666667E+00  6.3208333333E+00  1.16143E-05  1.81593E+01
  6.3208333333E+00  6.3250000000E+00  9.57309E-06  2.03907E+01
  6.3250000000E+00  6.3291666667E+00  7.44224E-06  2.28111E+01
  6.3291666667E+00  6.3333333333E+00  6.39930E-06  2.57468E+01
  6.3333333333E+00  6.3375000000E+00  4.72504E-06  3.28875E+01
  6.3375000000E+00  6.3416666667E+00  3.18654E-06  3.49852E+01
  6.3416666667E+00  6.3458333333E+00  1.62329E-06  4.34558E+01
  6.3458333333E+00  6.3500000000E+00  1.16794E-06  5.04152E+01
  6.3500000000E+00  6.3541666667E+00  7.63546E-07  4.91496E+01
  6.3541666667E+00  6.3583333333E+00  8.47353E-07  5.56449E+01
  6.3583333333E+00  6.3625000000E+00  1.02598E-06  5.80291E+01
  6.3625000000E+00  6.3666666667E+00  1.44548E-06  6.19890E+01
  6.3666666667E+00  6.3708333333E+00  7.54163E-07  7.10562E+01
  6.3708333333E+00  6.3750000000E+00  2.32944E-07  7.32738E+01
  6.3750000000E+00  6.3791666667E+00  7.80587E-07  7.21901E+01
  6.3791666667E+00  6.3833333333E+00  2.56771E-07  7.13089E+01
  6.3833333333E+00  6.3875000000E+00  2.79213E-07  6.86877E+01
  6.3875000000E+00  6.3916666667E+00  4.86965E-07  5.44035E+01
  6.3916666667E+00  6.3958333333E+00  6.39344E-07  6.34424E+01
  6.3958333333E+00  6.4000000000E+00  1.14105E-06  5.02656E+01
  6.4000000000E+00  6.4041666667E+00  9.16267E-07  6.14743E+01
  6.4041666667E+00  6.4083333333E+00  3.34440E-07  7.51401E+01
  6.4083333333E+00  6.4125000000E+00  4.61744E-07  6.43669E+01
  6.4125000000E+00  6.4166666667E+00  3.92834E-07  7.94353E+01
  6.4166666667E+00  6.4208333333E+00  4.39905E-07  6.08946E+01
  6.4208333333E+00  6.4250000000E+00  6.85314E-07  7.84586E+01
  6.4250000000E+00  6.4291666667E+00  5.25579E-07  8.35394E+01
  6.4291666667E+00  6.4333333333E+00  9.42389E-08  1.00000E+02
  6.4333333333E+00  6.4375000000E+00  9.42389E-08  1.00000E+02
  6.4375000000E+00  6.4416666667E+00  9.42389E-08  8.09730E+01
  6.4416666667E+00  6.4458333333E+00  1.30157E-06  9.27762E+01
  6.4458333333E+00  6.4500000000E+00  9.15065E-08  1.00000E+02
  6.4500000000E+00  6.4541666667E+00  0.00000E+00  0.00000E+00
  6.4541666667E+00  6.4583333333E+00  0.00000E+00  0.00000E+00
  6.4583333333E+00  6.4625000000E+00  3.37237E-08  1.00000E+02
  6.4625000000E+00  6.4666666667E+00  1.50061E-07  1.00000E+02
  6.4666666667E+00  6.4708333333E+00  1.54612E-07  1.00000E+02
  6.4708333333E+00  6.4750000000E+00  1.67278E-07  8.11854E+01
  6.4750000000E+00  6.4791666667E+00  1.67278E-07  1.00000E+02
  6.4791666667E+00  6.4833333333E+00  1.85524E-07  1.00000E+02
  6.4833333333E+00  6.4875000000E+00  3.49780E-06  9.47186E+01
  6.4875000000E+00  6.4916666667E+00  1.54786E-06  7.29157E+01
  6.4916666667E+00  6.4958333333E+00  1.62448E-06  6.67162E+01
  6.4958333333E+00  6.5000000000E+00  1.88796E-06  6.40457E+01
  6.5000000000E+00  6.5041666667E+00  2.27832E-06  6.53097E+01
  6.5041666667E+00  6.5083333333E+00  3.25465E-06  6.84576E+01
  6.5083333333E+00  6.5125000000E+00  2.84864E-06  9.13141E+01
  6.5125000000E+00  6.5166666667E+00  3.18848E-07  7.09829E+01
  6.5166666667E+00  6.5208333333E+00  3.69347E-07  1.00000E+02
  6.5208333333E+00  6.5250000000E+00  4.48432E-07  1.00000E+02
  6.5250000000E+00  6.5291666667E+00  8.27471E-07  8.26443E+01
  6.5291666667E+00  6.5333333333E+00  3.10229E-08  1.00000E+02
  6.5333333333E+00  6.5375000000E+00  1.15005E-07  7.30585E+01
  6.5375000000E+00  6.5416666667E+00  1.15005E-07  1.00000E+02
  6.5416666667E+00  6.5458333333E+00  1.17058E-07  9.82618E+01
  6.5458333333E+00  6.5500000000E+00  1.15005E-07  1.00000E+02
  6.5500000000E+00  6.5541666667E+00  1.20602E-07  1.00000E+02
  6.5541666667E+00  6.5583333333E+00  1.25737E-07  1.00000E+02
  6.5583333333E+00  6.5625000000E+00  2.89448E-07  6.75430E+01
  6.5625000000E+00  6.5666666667E+00  1.25737E-07  1.00000E+02
  6.5666666667E+00  6.5708333333E+00  1.38533E-07  1.00000E+02
  6.5708333333E+00  6.5750000000E+00  1.45920E-07  1.00000E+02
  6.5750000000E+00  6.5791666667E+00  1.45920E-07  1.00000E+02
  6.5791666667E+00  6.5833333333E+00  1.46535E-07  8.23529E+01
  6.5833333333E+00  6.5875000000E+00  1.47408E-07  1.00000E+02
  6.5875000000E+00  6.5916666667E+00  5.02704E-07  7.65184E+01
  6.5916666667E+00  6.5958333333E+00  1.58643E-07  7.52298E+01
  6.5958333333E+00  6.6000000000E+00  1.61418E-07  1.00000E+02
  6.6000000000E+00  6.6041666667E+00  2.33677E-07  7.75294E+01
  6.6041666667E+00  6.6083333333E+00  1.73686E-07  7.07125E+01
  6.6083333333E+00  6.6125000000E+00  1.82823E-07  1.00000E+02
  6.6125000000E+00  6.6166666667E+00  1.92420E-07  1.00000E+02
  6.6166666667E+00  6.6208333333E+00  2.08841E-07  1.00000E+02
  6.6208333333E+00  6.6250000000E+00  2.44312E-07  9.28455E+01
  6.6250000000E+00  6.6291666667E+00  2.41095E-07  1.00000E+02
  6.6291666667E+00  6.6333333333E+00  2.84055E-07  7.07206E+01
  6.6333333333E+00  6.6375000000E+00  3.67349E-07  1.00000E+02
  6.6375000000E+00  6.6416666667E+00  4.64704E-07  1.00000E+02
  6.6416666667E+00  6.6458333333E+00  6.01545E-07  1.00000E+02
  6.6458333333E+00  6.6500000000E+00  0.00000E+00  0.00000E+00
  6.6500000000E+00  6.6541666667E+00  1.21706E-11  9.99556E+01
  6.6541666667E+00  6.6583333333E+00  0.00000E+00  0.00000E+00
  6.6583333333E+00  6.6625000000E+00  0.00000E+00  0.00000E+00
  6.6625000000E+00  6.6666666667E+00  1.75669E-14  1.00000E+02
  6.6666666667E+00  6.6708333333E+00  0.00000E+00  0.00000E+00
  6.6708333333E+00  6.6750000000E+00  0.00000E+00  0.00000E+00
  6.6750000000E+00  6.6791666667E+00  1.33867E-14  1.00000E+02
  6.6791666667E+00  6.6833333333E+00  0.00000E+00  0.00000E+00
  6.6833333333E+00  6.6875000000E+00  0.00000E+00  0.00000E+00
  6.6875000000E+00  6.6916666667E+00  0.00000E+00  0.00000E+00
  6.6916666667E+00  6.6958333333E+00  0.00000E+00  0.00000E+00
  6.6958333333E+00  6.7000000000E+00  4.22115E-07  1.00000E+02
  6.7000000000E+00  6.7041666667E+00  5.80512E-07  1.00000E+02
  6.7041666667E+00  6.7083333333E+00  4.05733E-07  1.00000E+02
  6.7083333333E+00  6.7125000000E+00  3.89140E-07  6.48333E+01
  6.7125000000E+00  6.7166666667E+00  2.66629E-07  1.00000E+02
  6.7166666667E+00  6.7208333333E+00  4.75748E-08  9.96831E+01
  6.7208333333E+00  6.7250000000E+00  0.00000E+00  0.00000E+00
  6.7250000000E+00  6.7291666667E+00  1.09382E-06  9.99963E+01
  6.7291666667E+00  6.7333333333E+00  0.00000E+00  0.00000E+00
  6.7333333333E+00  6.7375000000E+00  2.08760E-14  1.00000E+02
  6.7375000000E+00  6.7416666667E+00  6.69976E-07  1.00000E+02
  6.7416666667E+00  6.7458333333E+00  0.00000E+00  0.00000E+00
  6.7458333333E+00  6.7500000000E+00  1.01254E-07  1.00000E+02
  6.7500000000E+00  6.7541666667E+00  1.00010E-14  1.00000E+02
  6.7541666667E+00  6.7583333333E+00  0.00000E+00  0.00000E+00
  6.7583333333E+00  6.7625000000E+00  6.58724E-08  9.99884E+01
  6.7625000000E+00  6.7666666667E+00  0.00000E+00  0.00000E+00
  6.7666666667E+00  6.7708333333E+00  1.25396E-10  1.00000E+02
  6.7708333333E+00  6.7750000000E+00  5.40486E-12  1.00000E+02
  6.7750000000E+00  6.7791666667E+00  0.00000E+00  0.00000E+00
  6.7791666667E+00  6.7833333333E+00  0.00000E+00  0.00000E+00
  6.7833333333E+00  6.7875000000E+00  0.00000E+00  0.00000E+00
  6.7875000000E+00  6.7916666667E+00  2.78424E-07  9.99825E+01
  6.7916666667E+00  6.7958333333E+00  0.00000E+00  0.00000E+00
  6.7958333333E+00  6.8000000000E+00  0.00000E+00  0.00000E+00
  6.8000000000E+00  6.8041666667E+00  0.00000E+00  0.00000E+00
  6.8041666667E+00  6.8083333333E+00  0.00000E+00  0.00000E+00
  6.8083333333E+00  6.8125000000E+00  2.29720E-14  8.00087E+01
  6.8125000000E+00  6.8166666667E+00  0.00000E+00  0.00000E+00
  6.8166666667E+00  6.8208333333E+00  0.00000E+00  0.00000E+00
  6.8208333333E+00  6.8250000000E+00  0.00000E+00  0.00000E+00
  6.8250000000E+00  6.8291666667E+00  5.40515E-15  1.00000E+02
  6.8291666667E+00  6.8333333333E+00  2.67733E-14  7.07107E+01
  6.8333333333E+00  6.8375000000E+00  3.28955E-07  9.30262E+01
  6.8375000000E+00  6.8416666667E+00  2.99555E-08  1.00000E+02
  6.8416666667E+00  6.8458333333E+00  0.00000E+00  0.00000E+00
  6.8458333333E+00  6.8500000000E+00  0.00000E+00  0.00000E+00
  6.8500000000E+00  6.8541666667E+00  0.00000E+00  0.00000E+00
  6.8541666667E+00  6.8583333333E+00  0.00000E+00  0.00000E+00
  6.8583333333E+00  6.8625000000E+00  0.00000E+00  0.00000E+00
  6.8625000000E+00  6.8666666667E+00  1.35826E-07  9.99998E+01
  6.8666666667E+00  6.8708333333E+00  5.01190E-07  1.00000E+02
  6.8708333333E+00  6.8750000000E+00  0.00000E+00  0.00000E+00
  6.8750000000E+00  6.8791666667E+00  0.00000E+00  0.00000E+00
  6.8791666667E+00  6.8833333333E+00  2.44507E-07  6.02971E+01
  6.8833333333E+00  6.8875000000E+00  4.10507E-07  1.00000E+02
  6.8875000000E+00  6.8916666667E+00  6.28884E-07  5.19287E+01
  6.8916666667E+00  6.8958333333E+00  1.21890E-06  7.07435E+01
  6.8958333333E+00  6.9000000000E+00  2.11387E-06  4.90692E+01
  6.9000000000E+00  6.9041666667E+00  1.00559E-07  1.00000E+02
  6.9041666667E+00  6.9083333333E+00  1.41792E-07  6.63421E+01
  6.9083333333E+00  6.9125000000E+00  1.20735E-06  5.47715E+01
  6.9125000000E+00  6.9166666667E+00  1.02400E-06  5.63635E+01
  6.9166666667E+00  6.9208333333E+00  1.00559E-07  1.00000E+02
  6.9208333333E+00  6.9250000000E+00  1.00559E-07  1.00000E+02
  6.9250000000E+00  6.9291666667E+00  3.26920E-06  9.69517E+01
  6.9291666667E+00  6.9333333333E+00  2.05546E-07  5.32864E+01
  6.9333333333E+00  6.9375000000E+00  1.13206E-07  1.00000E+02
  6.9375000000E+00  6.9416666667E+00  1.13206E-07  1.00000E+02
  6.9416666667E+00  6.9458333333E+00  1.13206E-07  1.00000E+02
  6.9458333333E+00  6.9500000000E+00  1.13206E-07  7.61031E+01
  6.9500000000E+00  6.9541666667E+00  1.13206E-07  9.35205E+01
  6.9541666667E+00  6.9583333333E+00  1.17719E-07  1.00000E+02
  6.9583333333E+00  6.9625000000E+00  1.28274E-07  1.00000E+02
  6.9625000000E+00  6.9666666667E+00  1.28274E-07  1.00000E+02
  6.9666666667E+00  6.9708333333E+00  1.28274E-07  5.78368E+01
  6.9708333333E+00  6.9750000000E+00  1.28274E-07  1.00000E+02
  6.9750000000E+00  6.9791666667E+00  1.27344E-07  1.00000E+02
  6.9791666667E+00  6.9833333333E+00  1.25721E-07  1.00000E+02
  6.9833333333E+00  6.9875000000E+00  1.25721E-07  7.24408E+01
  6.9875000000E+00  6.9916666667E+00  1.25721E-07  8.89691E+01
  6.9916666667E+00  6.9958333333E+00  1.27290E-07  1.00000E+02
  6.9958333333E+00  7.0000000000E+00  1.30938E-07  1.00000E+02
  7.0000000000E+00  7.0000000000E+00  1.30938E-07  1.00000E+02