# Detector n: 1D Projection
  1.0000000000E+00  1.0041666667E+00  3.94108E-02  1.33844E-01
  1.0041666667E+00  1.0083333333E+00  3.94920E-02  1.29894E-01
  1.0083333333E+00  1.0125000000E+00  3.94374E-02  1.24243E-01
  1.0125000000E+00  1.0166666667E+00  3.96296E-02  1.45511E-01
  1.0166666667E+00  1.0208333333E+00  3.95387E-02  1.27156E-01
  1.0208333333E+00  1.0250000000E+00  3.96300E-02  1.41844E-01
  1.0250000000E+00  1.0291666667E+00  3.96098E-02  1.32288E-01
  1.0291666667E+00  1.0333333333E+00  3.96441E-02  1.34194E-01
  1.0333333333E+00  1.0375000000E+00  3.97304E-02  1.41859E-01
  1.0375000000E+00  1.0416666667E+00  3.95947E-02  1.30853E-01
  1.0416666667E+00  1.0458333333E+00  3.97321E-02  1.40091E-01
  1.0458333333E+00  1.0500000000E+00  3.97355E-02  1.43022E-01
  1.0500000000E+00  1.0541666667E+00  3.97426E-02  1.38917E-01
  1.0541666667E+00  1.0583333333E+00  3.97086E-02  1.36034E-01
  1.0583333333E+00  1.0625000000E+00  3.97698E-02  1.38863E-01
  1.0625000000E+00  1.0666666667E+00  3.98020E-02  1.44700E-01
  1.0666666667E+00  1.0708333333E+00  3.97156E-02  1.30204E-01
  1.0708333333E+00  1.0750000000E+00  3.97923E-02  1.27835E-01
  1.0750000000E+00  1.0791666667E+00  3.98548E-02  1.29807E-01
  1.0791666667E+00  1.0833333333E+00  3.99713E-02  1.34125E-01
  1.0833333333E+00  1.0875000000E+00  4.02450E-02  1.35316E-01
  1.0875000000E+00  1.0916666667E+00  4.01426E-02  1.26719E-01
  1.0916666667E+00  1.0958333333E+00  4.01948E-02  1.31907E-01
  1.0958333333E+00  1.1000000000E+00  4.02828E-02  1.32471E-01
  1.1000000000E+00  1.1041666667E+00  4.02060E-02  1.30061E-01
  1.1041666667E+00  1.1083333333E+00  4.01835E-02  1.28610E-01
  1.1083333333E+00  1.1125000000E+00  4.01890E-02  1.25948E-01
  1.1125000000E+00  1.1166666667E+00  4.02010E-02  1.31591E-01
  1.1166666667E+00  1.1208333333E+00  4.02287E-02  1.26157E-01
  1.1208333333E+00  1.1250000000E+00  4.02565E-02  1.34911E-01
  1.1250000000E+00  1.1291666667E+00  4.03748E-02  1.39153E-01
  1.1291666667E+00  1.1333333333E+00  4.03005E-02  1.29569E-01
  1.1333333333E+00  1.1375000000E+00  4.03630E-02  1.46593E-01
  1.1375000000E+00  1.1416666667E+00  4.02931E-02  1.29772E-01
  1.1416666667E+00  1.1458333333E+00  4.04797E-02  1.50641E-01
  1.1458333333E+00  1.1500000000E+00  4.04074E-02  1.36467E-01
  1.1500000000E+00  1.1541666667E+00  4.03737E-02  1.38114E-01
  1.1541666667E+00  1.1583333333E+00  4.03692E-02  1.32689E-01
  1.1583333333E+00  1.1625000000E+00  4.03979E-02  1.34877E-01
  1.1625000000E+00  1.1666666667E+00  4.03577E-02  1.32281E-01
  1.1666666667E+00  1.1708333333E+00  4.04424E-02  1.42761E-01
  1.1708333333E+00  1.1750000000E+00  4.03760E-02  1.32346E-01
  1.1750000000E+00  1.1791666667E+00  4.04001E-02  1.29419E-01
  1.1791666667E+00  1.1833333333E+00  4.04100E-02  1.36860E-01
  1.1833333333E+00  1.1875000000E+00  4.04492E-02  1.38305E-01
  1.1875000000E+00  1.1916666667E+00  4.03502E-02  1.27059E-01
  1.1916666667E+00  1.1958333333E+00  4.03666E-02  1.26844E-01
  1.1958333333E+00  1.2000000000E+00  4.03710E-02  1.26752E-01
  1.2000000000E+00  1.2041666667E+00  4.04288E-02  1.33131E-01
  1.2041666667E+00  1.2083333333E+00  4.05220E-02  1.41386E-01
  1.2083333333E+00  1.2125000000E+00  4.05149E-02  1.28783E-01
  1.2125000000E+00  1.2166666667E+00  4.05524E-02  1.38749E-01
  1.2166666667E+00  1.2208333333E+00  4.05445E-02  1.30750E-01
  1.2208333333E+00  1.2250000000E+00  4.05379E-02  1.27814E-01
  1.2250000000E+00  1.2291666667E+00  4.06039E-02  1.31029E-01
  1.2291666667E+00  1.2333333333E+00  4.05702E-02  1.23102E-01
  1.2333333333E+00  1.2375000000E+00  4.08284E-02  1.42637E-01
  1.2375000000E+00  1.2416666667E+00  4.08055E-02  1.33389E-01
  1.2416666667E+00  1.2458333333E+00  4.09159E-02  1.41207E-01
  1.2458333333E+00  1.2500000000E+00  4.09481E-02  1.38266E-01
  1.2500000000E+00  1.2541666667E+00  4.10477E-02  1.25690E-01
  1.2541666667E+00  1.2583333333E+00  4.10363E-02  1.28236E-01
  1.2583333333E+00  1.2625000000E+00  4.10288E-02  1.27904E-01
  1.2625000000E+00  1.2666666667E+00  4.11327E-02  1.37894E-01
  1.2666666667E+00  1.2708333333E+00  4.11084E-02  1.31318E-01
  1.2708333333E+00  1.2750000000E+00  4.10538E-02  1.34148E-01
  1.2750000000E+00  1.2791666667E+00  4.09769E-02  1.24829E-01
  1.2791666667E+00  1.2833333333E+00  4.10873E-02  1.26966E-01
  1.2833333333E+00  1.2875000000E+00  4.11581E-02  1.39743E-01
  1.2875000000E+00  1.2916666667E+00  4.11546E-02  1.35185E-01
  1.2916666667E+00  1.2958333333E+00  4.11323E-02  1.37367E-01
  1.2958333333E+00  1.3000000000E+00  4.11384E-02  1.31751E-01
  1.3000000000E+00  1.3041666667E+00  4.12240E-02  1.38604E-01
  1.3041666667E+00  1.3083333333E+00  4.12149E-02  1.36473E-01
  1.3083333333E+00  1.3125000000E+00  4.12648E-02  1.43848E-01
  1.3125000000E+00  1.3166666667E+00  4.11813E-02  1.41861E-01
  1.3166666667E+00  1.3208333333E+00  4.10925E-02  1.22384E-01
  1.3208333333E+00  1.3250000000E+00  4.12282E-02  1.38282E-01
  1.3250000000E+00  1.3291666667E+00  4.12100E-02  1.33958E-01
  1.3291666667E+00  1.3333333333E+00  4.12134E-02  1.31070E-01
  1.3333333333E+00  1.3375000000E+00  4.12316E-02  1.38096E-01
  1.3375000000E+00  1.3416666667E+00  4.12256E-02  1.34688E-01
  1.3416666667E+00  1.3458333333E+00  4.12714E-02  1.43345E-01
  1.3458333333E+00  1.3500000000E+00  4.12321E-02  1.33950E-01
  1.3500000000E+00  1.3541666667E+00  4.11353E-02  1.24415E-01
  1.3541666667E+00  1.3583333333E+00  4.11341E-02  1.23350E-01
  1.3583333333E+00  1.3625000000E+00  4.12483E-02  1.37942E-01
  1.3625000000E+00  1.3666666667E+00  4.12513E-02  1.33835E-01
  1.3666666667E+00  1.3708333333E+00  4.13075E-02  1.39554E-01
  1.3708333333E+00  1.3750000000E+00  4.13072E-02  1.37650E-01
  1.3750000000E+00  1.3791666667E+00  4.12208E-02  1.25446E-01
  1.3791666667E+00  1.3833333333E+00  4.12541E-02  1.29206E-01
  1.3833333333E+00  1.3875000000E+00  4.12983E-02  1.34699E-01
  1.3875000000E+00  1.3916666667E+00  4.12394E-02  1.26265E-01
  1.3916666667E+00  1.3958333333E+00  4.11704E-02  1.18977E-01
  1.3958333333E+00  1.4000000000E+00  4.12683E-02  1.32335E-01
  1.4000000000E+00  1.4041666667E+00  4.13109E-02  1.32140E-01
  1.4041666667E+00  1.4083333333E+00  4.13142E-02  1.37468E-01
  1.4083333333E+00  1.4125000000E+00  4.12563E-02  1.28457E-01
  1.4125000000E+00  1.4166666667E+00  4.13676E-02  1.39719E-01
  1.4166666667E+00  1.4208333333E+00  4.13610E-02  1.37534E-01
  1.4208333333E+00  1.4250000000E+00  4.13714E-02  1.34274E-01
  1.4250000000E+00  1.4291666667E+00  4.13640E-02  1.29776E-01
  1.4291666667E+00  1.4333333333E+00  4.13393E-02  1.29157E-01
  1.4333333333E+00  1.4375000000E+00  4.13474E-02  1.29516E-01
  1.4375000000E+00  1.4416666667E+00  4.12975E-02  1.16515E-01
  1.4416666667E+00  1.4458333333E+00  4.14283E-02  1.31379E-01
  1.4458333333E+00  1.4500000000E+00  4.13940E-02  1.30241E-01
  1.4500000000E+00  1.4541666667E+00  4.15365E-02  1.39053E-01
  1.4541666667E+00  1.4583333333E+00  4.14398E-02  1.29184E-01
  1.4583333333E+00  1.4625000000E+00  4.14562E-02  1.35323E-01
  1.4625000000E+00  1.4666666667E+00  4.14898E-02  1.30836E-01
  1.4666666667E+00  1.4708333333E+00  4.14946E-02  1.28829E-01
  1.4708333333E+00  1.4750000000E+00  4.15013E-02  1.25287E-01
  1.4750000000E+00  1.4791666667E+00  4.15540E-02  1.29451E-01
  1.4791666667E+00  1.4833333333E+00  4.15661E-02  1.34945E-01
  1.4833333333E+00  1.4875000000E+00  4.16155E-02  1.36111E-01
  1.4875000000E+00  1.4916666667E+00  4.15297E-02  1.23522E-01
  1.4916666667E+00  1.4958333333E+00  4.15743E-02  1.23928E-01
  1.4958333333E+00  1.5000000000E+00  4.16561E-02  1.32575E-01
  1.5000000000E+00  1.5041666667E+00  4.15802E-02  1.31202E-01
  1.5041666667E+00  1.5083333333E+00  4.16879E-02  1.35407E-01
  1.5083333333E+00  1.5125000000E+00  4.17782E-02  1.35871E-01
  1.5125000000E+00  1.5166666667E+00  4.16978E-02  1.29559E-01
  1.5166666667E+00  1.5208333333E+00  4.18125E-02  1.31709E-01
  1.5208333333E+00  1.5250000000E+00  4.17446E-02  1.23922E-01
  1.5250000000E+00  1.5291666667E+00  4.18800E-02  1.36895E-01
  1.5291666667E+00  1.5333333333E+00  4.18615E-02  1.30601E-01
  1.5333333333E+00  1.5375000000E+00  4.18953E-02  1.32044E-01
  1.5375000000E+00  1.5416666667E+00  4.18469E-02  1.27345E-01
  1.5416666667E+00  1.5458333333E+00  4.18616E-02  1.23150E-01
  1.5458333333E+00  1.5500000000E+00  4.19191E-02  1.29410E-01
  1.5500000000E+00  1.5541666667E+00  4.19383E-02  1.24897E-01
  1.5541666667E+00  1.5583333333E+00  4.21243E-02  1.43300E-01
  1.5583333333E+00  1.5625000000E+00  4.20612E-02  1.30210E-01
  1.5625000000E+00  1.5666666667E+00  4.21161E-02  1.28066E-01
  1.5666666667E+00  1.5708333333E+00  4.22043E-02  1.29320E-01
  1.5708333333E+00  1.5750000000E+00  4.22706E-02  1.31368E-01
  1.5750000000E+00  1.5791666667E+00  4.22769E-02  1.30786E-01
  1.5791666667E+00  1.5833333333E+00  4.23025E-02  1.25986E-01
  1.5833333333E+00  1.5875000000E+00  4.22912E-02  1.30974E-01
  1.5875000000E+00  1.5916666667E+00  4.22681E-02  1.26901E-01
  1.5916666667E+00  1.5958333333E+00  4.23224E-02  1.28721E-01
  1.5958333333E+00  1.6000000000E+00  4.22342E-02  1.24197E-01
  1.6000000000E+00  1.6041666667E+00  4.22878E-02  1.27486E-01
  1.6041666667E+00  1.6083333333E+00  4.22474E-02  1.19214E-01
  1.6083333333E+00  1.6125000000E+00  4.23251E-02  1.24085E-01
  1.6125000000E+00  1.6166666667E+00  4.23987E-02  1.31607E-01
  1.6166666667E+00  1.6208333333E+00  4.22586E-02  1.20822E-01
  1.6208333333E+00  1.6250000000E+00  4.23800E-02  1.30184E-01
  1.6250000000E+00  1.6291666667E+00  4.24451E-02  1.32041E-01
  1.6291666667E+00  1.6333333333E+00  4.24335E-02  1.29991E-01
  1.6333333333E+00  1.6375000000E+00  4.24422E-02  1.32629E-01
  1.6375000000E+00  1.6416666667E+00  4.24100E-02  1.29713E-01
  1.6416666667E+00  1.6458333333E+00  4.24294E-02  1.31902E-01
  1.6458333333E+00  1.6500000000E+00  4.23835E-02  1.19600E-01
  1.6500000000E+00  1.6541666667E+00  4.24509E-02  1.29793E-01
  1.6541666667E+00  1.6583333333E+00  4.24399E-02  1.19707E-01
  1.6583333333E+00  1.6625000000E+00  4.25972E-02  1.40299E-01
  1.6625000000E+00  1.6666666667E+00  4.24883E-02  1.29250E-01
  1.6666666667E+00  1.6708333333E+00  4.26361E-02  1.38879E-01
  1.6708333333E+00  1.6750000000E+00  4.25104E-02  1.25915E-01
  1.6750000000E+00  1.6791666667E+00  4.25967E-02  1.31340E-01
  1.6791666667E+00  1.6833333333E+00  4.26041E-02  1.32513E-01
  1.6833333333E+00  1.6875000000E+00  4.25802E-02  1.32054E-01
  1.6875000000E+00  1.6916666667E+00  4.25475E-02  1.26246E-01
  1.6916666667E+00  1.6958333333E+00  4.25965E-02  1.29952E-01
  1.6958333333E+00  1.7000000000E+00  4.26397E-02  1.32175E-01
  1.7000000000E+00  1.7041666667E+00  4.26443E-02  1.31475E-01
  1.7041666667E+00  1.7083333333E+00  4.26417E-02  1.30161E-01
  1.7083333333E+00  1.7125000000E+00  4.26684E-02  1.26293E-01
  1.7125000000E+00  1.7166666667E+00  4.26858E-02  1.30893E-01
  1.7166666667E+00  1.7208333333E+00  4.27284E-02  1.31195E-01
  1.7208333333E+00  1.7250000000E+00  4.27475E-02  1.35770E-01
  1.7250000000E+00  1.7291666667E+00  4.27082E-02  1.29812E-01
  1.7291666667E+00  1.7333333333E+00  4.27533E-02  1.33247E-01
  1.7333333333E+00  1.7375000000E+00  4.27252E-02  1.25567E-01
  1.7375000000E+00  1.7416666667E+00  4.27276E-02  1.27207E-01
  1.7416666667E+00  1.7458333333E+00  4.27680E-02  1.27643E-01
  1.7458333333E+00  1.7500000000E+00  4.27707E-02  1.21451E-01
  1.7500000000E+00  1.7541666667E+00  4.28749E-02  1.28697E-01
  1.7541666667E+00  1.7583333333E+00  4.28261E-02  1.21277E-01
  1.7583333333E+00  1.7625000000E+00  4.28313E-02  1.27688E-01
  1.7625000000E+00  1.7666666667E+00  4.28604E-02  1.26659E-01
  1.7666666667E+00  1.7708333333E+00  4.28653E-02  1.21345E-01
  1.7708333333E+00  1.7750000000E+00  4.30293E-02  1.42945E-01
  1.7750000000E+00  1.7791666667E+00  4.30206E-02  1.35036E-01
  1.7791666667E+00  1.7833333333E+00  4.29576E-02  1.27611E-01
  1.7833333333E+00  1.7875000000E+00  4.29648E-02  1.26720E-01
  1.7875000000E+00  1.7916666667E+00  4.29728E-02  1.25780E-01
  1.7916666667E+00  1.7958333333E+00  4.29172E-02  1.21774E-01
  1.7958333333E+00  1.8000000000E+00  4.30316E-02  1.29793E-01
  1.8000000000E+00  1.8041666667E+00  4.30122E-02  1.21222E-01
  1.8041666667E+00  1.8083333333E+00  4.31022E-02  1.30843E-01
  1.8083333333E+00  1.8125000000E+00  4.31052E-02  1.31184E-01
  1.8125000000E+00  1.8166666667E+00  4.30999E-02  1.27689E-01
  1.8166666667E+00  1.8208333333E+00  4.31230E-02  1.24056E-01
  1.8208333333E+00  1.8250000000E+00  4.31865E-02  1.30693E-01
  1.8250000000E+00  1.8291666667E+00  4.32477E-02  1.36592E-01
  1.8291666667E+00  1.8333333333E+00  4.32133E-02  1.28135E-01
  1.8333333333E+00  1.8375000000E+00  4.31826E-02  1.23927E-01
  1.8375000000E+00  1.8416666667E+00  4.32024E-02  1.25068E-01
  1.8416666667E+00  1.8458333333E+00  4.33114E-02  1.35809E-01
  1.8458333333E+00  1.8500000000E+00  4.32479E-02  1.25118E-01
  1.8500000000E+00  1.8541666667E+00  4.33068E-02  1.30556E-01
  1.8541666667E+00  1.8583333333E+00  4.33375E-02  1.31090E-01
  1.8583333333E+00  1.8625000000E+00  4.32923E-02  1.19977E-01
  1.8625000000E+00  1.8666666667E+00  4.33171E-02  1.20804E-01
  1.8666666667E+00  1.8708333333E+00  4.33553E-02  1.30486E-01
  1.8708333333E+00  1.8750000000E+00  4.33668E-02  1.26677E-01
  1.8750000000E+00  1.8791666667E+00  4.33551E-02  1.21091E-01
  1.8791666667E+00  1.8833333333E+00  4.34300E-02  1.28172E-01
  1.8833333333E+00  1.8875000000E+00  4.34495E-02  1.29907E-01
  1.8875000000E+00  1.8916666667E+00  4.34664E-02  1.28950E-01
  1.8916666667E+00  1.8958333333E+00  4.35399E-02  1.24967E-01
  1.8958333333E+00  1.9000000000E+00  4.34878E-02  1.23100E-01
  1.9000000000E+00  1.9041666667E+00  4.34706E-02  1.23574E-01
  1.9041666667E+00  1.9083333333E+00  4.35255E-02  1.23304E-01
  1.9083333333E+00  1.9125000000E+00  4.34900E-02  1.21437E-01
  1.9125000000E+00  1.9166666667E+00  4.35411E-02  1.25085E-01
  1.9166666667E+00  1.9208333333E+00  4.35923E-02  1.24868E-01
  1.9208333333E+00  1.9250000000E+00  4.36291E-02  1.29401E-01
  1.9250000000E+00  1.9291666667E+00  4.35793E-02  1.21044E-01
  1.9291666667E+00  1.9333333333E+00  4.37116E-02  1.32388E-01
  1.9333333333E+00  1.9375000000E+00  4.36692E-02  1.19463E-01
  1.9375000000E+00  1.9416666667E+00  4.37457E-02  1.31855E-01
  1.9416666667E+00  1.9458333333E+00  4.37223E-02  1.31353E-01
  1.9458333333E+00  1.9500000000E+00  4.38774E-02  1.38970E-01
  1.9500000000E+00  1.9541666667E+00  4.37738E-02  1.25344E-01
  1.9541666667E+00  1.9583333333E+00  4.37440E-02  1.23968E-01
  1.9583333333E+00  1.9625000000E+00  4.37061E-02  1.17199E-01
  1.9625000000E+00  1.9666666667E+00  4.38085E-02  1.23949E-01
  1.9666666667E+00  1.9708333333E+00  4.38554E-02  1.27561E-01
  1.9708333333E+00  1.9750000000E+00  4.38916E-02  1.24910E-01
  1.9750000000E+00  1.9791666667E+00  4.39153E-02  1.26669E-01
  1.9791666667E+00  1.9833333333E+00  4.39272E-02  1.25159E-01
  1.9833333333E+00  1.9875000000E+00  4.38783E-02  1.18148E-01
  1.9875000000E+00  1.9916666667E+00  4.40274E-02  1.33362E-01
  1.9916666667E+00  1.9958333333E+00  4.39975E-02  1.24748E-01
  1.9958333333E+00  2.0000000000E+00  4.39297E-02  1.18828E-01
  2.0000000000E+00  2.0041666667E+00  4.40452E-02  1.22060E-01
  2.0041666667E+00  2.0083333333E+00  4.40126E-02  1.20977E-01
  2.0083333333E+00  2.0125000000E+00  4.41139E-02  1.26437E-01
  2.0125000000E+00  2.0166666667E+00  4.42346E-02  1.38427E-01
  2.0166666667E+00  2.0208333333E+00  4.41637E-02  1.27084E-01
  2.0208333333E+00  2.0250000000E+00  4.41465E-02  1.24654E-01
  2.0250000000E+00  2.0291666667E+00  4.41965E-02  1.23986E-01
  2.0291666667E+00  2.0333333333E+00  4.42329E-02  1.22608E-01
  2.0333333333E+00  2.0375000000E+00  4.43031E-02  1.28975E-01
  2.0375000000E+00  2.0416666667E+00  4.42821E-02  1.17747E-01
  2.0416666667E+00  2.0458333333E+00  4.43774E-02  1.30536E-01
  2.0458333333E+00  2.0500000000E+00  4.42824E-02  1.23110E-01
  2.0500000000E+00  2.0541666667E+00  4.43226E-02  1.26117E-01
  2.0541666667E+00  2.0583333333E+00  4.43824E-02  1.26209E-01
  2.0583333333E+00  2.0625000000E+00  4.43420E-02  1.23048E-01
  2.0625000000E+00  2.0666666667E+00  4.43496E-02  1.18860E-01
  2.0666666667E+00  2.0708333333E+00  4.44928E-02  1.24775E-01
  2.0708333333E+00  2.0750000000E+00  4.45342E-02  1.29908E-01
  2.0750000000E+00  2.0791666667E+00  4.45239E-02  1.23978E-01
  2.0791666667E+00  2.0833333333E+00  4.45797E-02  1.24843E-01
  2.0833333333E+00  2.0875000000E+00  4.45487E-02  1.23800E-01
  2.0875000000E+00  2.0916666667E+00  4.45875E-02  1.31817E-01
  2.0916666667E+00  2.0958333333E+00  4.45358E-02  1.18883E-01
  2.0958333333E+00  2.1000000000E+00  4.45586E-02  1.17866E-01
  2.1000000000E+00  2.1041666667E+00  4.47169E-02  1.26654E-01
  2.1041666667E+00  2.1083333333E+00  4.47786E-02  1.29215E-01
  2.1083333333E+00  2.1125000000E+00  4.46854E-02  1.18304E-01
  2.1125000000E+00  2.1166666667E+00  4.47768E-02  1.23883E-01
  2.1166666667E+00  2.1208333333E+00  4.48748E-02  1.32266E-01
  2.1208333333E+00  2.1250000000E+00  4.48654E-02  1.26411E-01
  2.1250000000E+00  2.1291666667E+00  4.48734E-02  1.29717E-01
  2.1291666667E+00  2.1333333333E+00  4.50174E-02  1.36367E-01
  2.1333333333E+00  2.1375000000E+00  4.49294E-02  1.28048E-01
  2.1375000000E+00  2.1416666667E+00  4.48612E-02  1.15911E-01
  2.1416666667E+00  2.1458333333E+00  4.49490E-02  1.21670E-01
  2.1458333333E+00  2.1500000000E+00  4.50537E-02  1.28717E-01
  2.1500000000E+00  2.1541666667E+00  4.50119E-02  1.22394E-01
  2.1541666667E+00  2.1583333333E+00  4.50491E-02  1.21429E-01
  2.1583333333E+00  2.1625000000E+00  4.50255E-02  1.14747E-01
  2.1625000000E+00  2.1666666667E+00  4.52058E-02  1.32430E-01
  2.1666666667E+00  2.1708333333E+00  4.51882E-02  1.27046E-01
  2.1708333333E+00  2.1750000000E+00  4.51698E-02  1.23613E-01
  2.1750000000E+00  2.1791666667E+00  4.52316E-02  1.29142E-01
  2.1791666667E+00  2.1833333333E+00  4.52560E-02  1.25502E-01
  2.1833333333E+00  2.1875000000E+00  4.51539E-02  1.14074E-01
  2.1875000000E+00  2.1916666667E+00  4.53585E-02  1.28150E-01
  2.1916666667E+00  2.1958333333E+00  4.53011E-02  1.22062E-01
  2.1958333333E+00  2.2000000000E+00  4.53625E-02  1.27602E-01
  2.2000000000E+00  2.2041666667E+00  4.53109E-02  1.17251E-01
  2.2041666667E+00  2.2083333333E+00  4.53335E-02  1.25698E-01
  2.2083333333E+00  2.2125000000E+00  4.53336E-02  1.18426E-01
  2.2125000000E+00  2.2166666667E+00  4.54602E-02  1.23089E-01
  2.2166666667E+00  2.2208333333E+00  4.55173E-02  1.28080E-01
  2.2208333333E+00  2.2250000000E+00  4.55073E-02  1.23735E-01
  2.2250000000E+00  2.2291666667E+00  4.56518E-02  1.37041E-01
  2.2291666667E+00  2.2333333333E+00  4.55064E-02  1.21281E-01
  2.2333333333E+00  2.2375000000E+00  4.54983E-02  1.21477E-01
  2.2375000000E+00  2.2416666667E+00  4.55362E-02  1.18085E-01
  2.2416666667E+00  2.2458333333E+00  4.56802E-02  1.28503E-01
  2.2458333333E+00  2.2500000000E+00  4.57469E-02  1.35471E-01
  2.2500000000E+00  2.2541666667E+00  4.56789E-02  1.20683E-01
  2.2541666667E+00  2.2583333333E+00  4.57779E-02  1.30381E-01
  2.2583333333E+00  2.2625000000E+00  4.57405E-02  1.23175E-01
  2.2625000000E+00  2.2666666667E+00  4.58276E-02  1.28647E-01
  2.2666666667E+00  2.2708333333E+00  4.58012E-02  1.23963E-01
  2.2708333333E+00  2.2750000000E+00  4.57739E-02  1.17745E-01
  2.2750000000E+00  2.2791666667E+00  4.58487E-02  1.27425E-01
  2.2791666667E+00  2.2833333333E+00  4.58865E-02  1.26797E-01
  2.2833333333E+00  2.2875000000E+00  4.58762E-02  1.22616E-01
  2.2875000000E+00  2.2916666667E+00  4.58236E-02  1.21791E-01
  2.2916666667E+00  2.2958333333E+00  4.58515E-02  1.20685E-01
  2.2958333333E+00  2.3000000000E+00  4.58767E-02  1.19812E-01
  2.3000000000E+00  2.3041666667E+00  4.60122E-02  1.23297E-01
  2.3041666667E+00  2.3083333333E+00  4.61116E-02  1.28170E-01
  2.3083333333E+00  2.3125000000E+00  4.60105E-02  1.17899E-01
  2.3125000000E+00  2.3166666667E+00  4.59819E-02  1.13172E-01
  2.3166666667E+00  2.3208333333E+00  4.60605E-02  1.22001E-01
  2.3208333333E+00  2.3250000000E+00  4.60196E-02  1.15455E-01
  2.3250000000E+00  2.3291666667E+00  4.61217E-02  1.23397E-01
  2.3291666667E+00  2.3333333333E+00  4.61735E-02  1.21314E-01
  2.3333333333E+00  2.3375000000E+00  4.61343E-02  1.15929E-01
  2.3375000000E+00  2.3416666667E+00  4.61868E-02  1.16852E-01
  2.3416666667E+00  2.3458333333E+00  4.62083E-02  1.20575E-01
  2.3458333333E+00  2.3500000000E+00  4.62431E-02  1.21571E-01
  2.3500000000E+00  2.3541666667E+00  4.63187E-02  1.27155E-01
  2.3541666667E+00  2.3583333333E+00  4.62582E-02  1.21386E-01
  2.3583333333E+00  2.3625000000E+00  4.63179E-02  1.19993E-01
  2.3625000000E+00  2.3666666667E+00  4.63760E-02  1.24844E-01
  2.3666666667E+00  2.3708333333E+00  4.63939E-02  1.24213E-01
  2.3708333333E+00  2.3750000000E+00  4.63974E-02  1.17191E-01
  2.3750000000E+00  2.3791666667E+00  4.64902E-02  1.19832E-01
  2.3791666667E+00  2.3833333333E+00  4.65247E-02  1.20651E-01
  2.3833333333E+00  2.3875000000E+00  4.65148E-02  1.19665E-01
  2.3875000000E+00  2.3916666667E+00  4.65636E-02  1.22096E-01
  2.3916666667E+00  2.3958333333E+00  4.64700E-02  1.13916E-01
  2.3958333333E+00  2.4000000000E+00  4.65406E-02  1.16184E-01
  2.4000000000E+00  2.4041666667E+00  4.66143E-02  1.17701E-01
  2.4041666667E+00  2.4083333333E+00  4.66589E-02  1.16696E-01
  2.4083333333E+00  2.4125000000E+00  4.66344E-02  1.14061E-01
  2.4125000000E+00  2.4166666667E+00  4.66918E-02  1.19653E-01
  2.4166666667E+00  2.4208333333E+00  4.67020E-02  1.13482E-01
  2.4208333333E+00  2.4250000000E+00  4.66682E-02  1.12155E-01
  2.4250000000E+00  2.4291666667E+00  4.69304E-02  1.35993E-01
  2.4291666667E+00  2.4333333333E+00  4.68681E-02  1.23377E-01
  2.4333333333E+00  2.4375000000E+00  4.68995E-02  1.21504E-01
  2.4375000000E+00  2.4416666667E+00  4.68334E-02  1.14972E-01
  2.4416666667E+00  2.4458333333E+00  4.69573E-02  1.23113E-01
  2.4458333333E+00  2.4500000000E+00  4.69560E-02  1.21292E-01
  2.4500000000E+00  2.4541666667E+00  4.69849E-02  1.19908E-01
  2.4541666667E+00  2.4583333333E+00  4.69902E-02  1.19093E-01
  2.4583333333E+00  2.4625000000E+00  4.70350E-02  1.19290E-01
  2.4625000000E+00  2.4666666667E+00  4.71016E-02  1.23211E-01
  2.4666666667E+00  2.4708333333E+00  4.70586E-02  1.18137E-01
  2.4708333333E+00  2.4750000000E+00  4.71372E-02  1.19174E-01
  2.4750000000E+00  2.4791666667E+00  4.72177E-02  1.21721E-01
  2.4791666667E+00  2.4833333333E+00  4.72761E-02  1.24214E-01
  2.4833333333E+00  2.4875000000E+00  4.71948E-02  1.14330E-01
  2.4875000000E+00  2.4916666667E+00  4.72604E-02  1.16235E-01
  2.4916666667E+00  2.4958333333E+00  4.74898E-02  1.33500E-01
  2.4958333333E+00  2.5000000000E+00  4.74270E-02  1.25973E-01
  2.5000000000E+00  2.5041666667E+00  4.73427E-02  1.18192E-01
  2.5041666667E+00  2.5083333333E+00  4.73897E-02  1.21539E-01
  2.5083333333E+00  2.5125000000E+00  4.73791E-02  1.18495E-01
  2.5125000000E+00  2.5166666667E+00  4.75189E-02  1.27947E-01
  2.5166666667E+00  2.5208333333E+00  4.75461E-02  1.25264E-01
  2.5208333333E+00  2.5250000000E+00  4.74885E-02  1.19522E-01
  2.5250000000E+00  2.5291666667E+00  4.75492E-02  1.20594E-01
  2.5291666667E+00  2.5333333333E+00  4.76058E-02  1.21387E-01
  2.5333333333E+00  2.5375000000E+00  4.76261E-02  1.21095E-01
  2.5375000000E+00  2.5416666667E+00  4.76704E-02  1.19781E-01
  2.5416666667E+00  2.5458333333E+00  4.77089E-02  1.23107E-01
  2.5458333333E+00  2.5500000000E+00  4.77388E-02  1.26014E-01
  2.5500000000E+00  2.5541666667E+00  4.76926E-02  1.12090E-01
  2.5541666667E+00  2.5583333333E+00  4.78409E-02  1.20260E-01
  2.5583333333E+00  2.5625000000E+00  4.77552E-02  1.15674E-01
  2.5625000000E+00  2.5666666667E+00  4.78922E-02  1.22459E-01
  2.5666666667E+00  2.5708333333E+00  4.78791E-02  1.17860E-01
  2.5708333333E+00  2.5750000000E+00  4.79965E-02  1.29803E-01
  2.5750000000E+00  2.5791666667E+00  4.78786E-02  1.11370E-01
  2.5791666667E+00  2.5833333333E+00  4.79899E-02  1.23662E-01
  2.5833333333E+00  2.5875000000E+00  4.78889E-02  1.10333E-01
  2.5875000000E+00  2.5916666667E+00  4.79654E-02  1.14838E-01
  2.5916666667E+00  2.5958333333E+00  4.80414E-02  1.14128E-01
  2.5958333333E+00  2.6000000000E+00  4.81539E-02  1.19295E-01
  2.6000000000E+00  2.6041666667E+00  4.81822E-02  1.20177E-01
  2.6041666667E+00  2.6083333333E+00  4.81881E-02  1.22803E-01
  2.6083333333E+00  2.6125000000E+00  4.81850E-02  1.12932E-01
  2.6125000000E+00  2.6166666667E+00  4.82753E-02  1.17094E-01
  2.6166666667E+00  2.6208333333E+00  4.84250E-02  1.26571E-01
  2.6208333333E+00  2.6250000000E+00  4.84213E-02  1.21458E-01
  2.6250000000E+00  2.6291666667E+00  4.84258E-02  1.19283E-01
  2.6291666667E+00  2.6333333333E+00  4.84168E-02  1.16792E-01
  2.6333333333E+00  2.6375000000E+00  4.84088E-02  1.15675E-01
  2.6375000000E+00  2.6416666667E+00  4.84505E-02  1.15635E-01
  2.6416666667E+00  2.6458333333E+00  4.85998E-02  1.21423E-01
  2.6458333333E+00  2.6500000000E+00  4.85618E-02  1.17988E-01
  2.6500000000E+00  2.6541666667E+00  4.85885E-02  1.20555E-01
  2.6541666667E+00  2.6583333333E+00  4.85805E-02  1.17073E-01
  2.6583333333E+00  2.6625000000E+00  4.87304E-02  1.20740E-01
  2.6625000000E+00  2.6666666667E+00  4.87361E-02  1.21195E-01
  2.6666666667E+00  2.6708333333E+00  4.87201E-02  1.16385E-01
  2.6708333333E+00  2.6750000000E+00  4.87153E-02  1.16214E-01
  2.6750000000E+00  2.6791666667E+00  4.87532E-02  1.11638E-01
  2.6791666667E+00  2.6833333333E+00  4.88375E-02  1.19634E-01
  2.6833333333E+00  2.6875000000E+00  4.89817E-02  1.23889E-01
  2.6875000000E+00  2.6916666667E+00  4.89940E-02  1.25099E-01
  2.6916666667E+00  2.6958333333E+00  4.90745E-02  1.23193E-01
  2.6958333333E+00  2.7000000000E+00  4.89475E-02  1.20319E-01
  2.7000000000E+00  2.7041666667E+00  4.91053E-02  1.23821E-01
  2.7041666667E+00  2.7083333333E+00  4.91286E-02  1.19508E-01
  2.7083333333E+00  2.7125000000E+00  4.90572E-02  1.19017E-01
  2.7125000000E+00  2.7166666667E+00  4.91537E-02  1.21834E-01
  2.7166666667E+00  2.7208333333E+00  4.91102E-02  1.13940E-01
  2.7208333333E+00  2.7250000000E+00  4.92717E-02  1.21666E-01
  2.7250000000E+00  2.7291666667E+00  4.92579E-02  1.20992E-01
  2.7291666667E+00  2.7333333333E+00  4.92179E-02  1.10694E-01
  2.7333333333E+00  2.7375000000E+00  4.92865E-02  1.16228E-01
  2.7375000000E+00  2.7416666667E+00  4.93082E-02  1.12839E-01
  2.7416666667E+00  2.7458333333E+00  4.93927E-02  1.21970E-01
  2.7458333333E+00  2.7500000000E+00  4.93788E-02  1.16507E-01
  2.7500000000E+00  2.7541666667E+00  4.94052E-02  1.16154E-01
  2.7541666667E+00  2.7583333333E+00  4.94476E-02  1.14817E-01
  2.7583333333E+00  2.7625000000E+00  4.95076E-02  1.16275E-01
  2.7625000000E+00  2.7666666667E+00  4.95271E-02  1.16283E-01
  2.7666666667E+00  2.7708333333E+00  4.96299E-02  1.23816E-01
  2.7708333333E+00  2.7750000000E+00  4.96056E-02  1.15614E-01
  2.7750000000E+00  2.7791666667E+00  4.96606E-02  1.16939E-01
  2.7791666667E+00  2.7833333333E+00  4.97001E-02  1.19554E-01
  2.7833333333E+00  2.7875000000E+00  4.97029E-02  1.13838E-01
  2.7875000000E+00  2.7916666667E+00  4.97703E-02  1.17646E-01
  2.7916666667E+00  2.7958333333E+00  4.98301E-02  1.15834E-01
  2.7958333333E+00  2.8000000000E+00  4.98096E-02  1.17654E-01
  2.8000000000E+00  2.8041666667E+00  4.97508E-02  1.07009E-01
  2.8041666667E+00  2.8083333333E+00  4.99035E-02  1.16845E-01
  2.8083333333E+00  2.8125000000E+00  4.99317E-02  1.18573E-01
  2.8125000000E+00  2.8166666667E+00  5.00364E-02  1.18239E-01
  2.8166666667E+00  2.8208333333E+00  5.00069E-02  1.11738E-01
  2.8208333333E+00  2.8250000000E+00  5.00314E-02  1.13284E-01
  2.8250000000E+00  2.8291666667E+00  5.01758E-02  1.25637E-01
  2.8291666667E+00  2.8333333333E+00  5.02152E-02  1.18773E-01
  2.8333333333E+00  2.8375000000E+00  5.01047E-02  1.14184E-01
  2.8375000000E+00  2.8416666667E+00  5.01676E-02  1.16579E-01
  2.8416666667E+00  2.8458333333E+00  5.01672E-02  1.10846E-01
  2.8458333333E+00  2.8500000000E+00  5.02815E-02  1.14522E-01
  2.8500000000E+00  2.8541666667E+00  5.03529E-02  1.22462E-01
  2.8541666667E+00  2.8583333333E+00  5.03632E-02  1.15805E-01
  2.8583333333E+00  2.8625000000E+00  5.03828E-02  1.13650E-01
  2.8625000000E+00  2.8666666667E+00  5.04847E-02  1.18939E-01
  2.8666666667E+00  2.8708333333E+00  5.05041E-02  1.14665E-01
  2.8708333333E+00  2.8750000000E+00  5.04775E-02  1.13999E-01
  2.8750000000E+00  2.8791666667E+00  5.05143E-02  1.13803E-01
  2.8791666667E+00  2.8833333333E+00  5.05724E-02  1.11825E-01
  2.8833333333E+00  2.8875000000E+00  5.05801E-02  1.16043E-01
  2.8875000000E+00  2.8916666667E+00  5.05524E-02  1.06547E-01
  2.8916666667E+00  2.8958333333E+00  5.06730E-02  1.11729E-01
  2.8958333333E+00  2.9000000000E+00  5.08269E-02  1.20717E-01
  2.9000000000E+00  2.9041666667E+00  5.08849E-02  1.22182E-01
  2.9041666667E+00  2.9083333333E+00  5.08370E-02  1.13605E-01
  2.9083333333E+00  2.9125000000E+00  5.09141E-02  1.23015E-01
  2.9125000000E+00  2.9166666667E+00  5.08705E-02  1.10843E-01
  2.9166666667E+00  2.9208333333E+00  5.09512E-02  1.15483E-01
  2.9208333333E+00  2.9250000000E+00  5.09418E-02  1.08891E-01
  2.9250000000E+00  2.9291666667E+00  5.10761E-02  1.18027E-01
  2.9291666667E+00  2.9333333333E+00  5.10768E-02  1.16024E-01
  2.9333333333E+00  2.9375000000E+00  5.10666E-02  1.07796E-01
  2.9375000000E+00  2.9416666667E+00  5.10623E-02  1.06459E-01
  2.9416666667E+00  2.9458333333E+00  5.11648E-02  1.11684E-01
  2.9458333333E+00  2.9500000000E+00  5.12453E-02  1.12955E-01
  2.9500000000E+00  2.9541666667E+00  5.14485E-02  1.27017E-01
  2.9541666667E+00  2.9583333333E+00  5.13301E-02  1.16084E-01
  2.9583333333E+00  2.9625000000E+00  5.13838E-02  1.18376E-01
  2.9625000000E+00  2.9666666667E+00  5.14611E-02  1.19985E-01
  2.9666666667E+00  2.9708333333E+00  5.14633E-02  1.14570E-01
  2.9708333333E+00  2.9750000000E+00  5.14904E-02  1.13794E-01
  2.9750000000E+00  2.9791666667E+00  5.15007E-02  1.10640E-01
  2.9791666667E+00  2.9833333333E+00  5.16070E-02  1.14088E-01
  2.9833333333E+00  2.9875000000E+00  5.15547E-02  1.12881E-01
  2.9875000000E+00  2.9916666667E+00  5.16718E-02  1.16222E-01
  2.9916666667E+00  2.9958333333E+00  5.16702E-02  1.12654E-01
  2.9958333333E+00  3.0000000000E+00  5.17781E-02  1.17088E-01
  3.0000000000E+00  3.0041666667E+00  5.17853E-02  1.12172E-01
  3.0041666667E+00  3.0083333333E+00  5.19155E-02  1.20420E-01
  3.0083333333E+00  3.0125000000E+00  5.19428E-02  1.17495E-01
  3.0125000000E+00  3.0166666667E+00  5.18976E-02  1.10903E-01
  3.0166666667E+00  3.0208333333E+00  5.19461E-02  1.12346E-01
  3.0208333333E+00  3.0250000000E+00  5.19609E-02  1.11144E-01
  3.0250000000E+00  3.0291666667E+00  5.20000E-02  1.10809E-01
  3.0291666667E+00  3.0333333333E+00  5.21200E-02  1.17888E-01
  3.0333333333E+00  3.0375000000E+00  5.21599E-02  1.16321E-01
  3.0375000000E+00  3.0416666667E+00  5.21833E-02  1.10087E-01
  3.0416666667E+00  3.0458333333E+00  5.22590E-02  1.15633E-01
  3.0458333333E+00  3.0500000000E+00  5.21766E-02  1.08083E-01
  3.0500000000E+00  3.0541666667E+00  5.23198E-02  1.12958E-01
  3.0541666667E+00  3.0583333333E+00  5.23392E-02  1.12831E-01
  3.0583333333E+00  3.0625000000E+00  5.23804E-02  1.11853E-01
  3.0625000000E+00  3.0666666667E+00  5.24128E-02  1.11574E-01
  3.0666666667E+00  3.0708333333E+00  5.24338E-02  1.10361E-01
  3.0708333333E+00  3.0750000000E+00  5.24940E-02  1.13359E-01
  3.0750000000E+00  3.0791666667E+00  5.25308E-02  1.10052E-01
  3.0791666667E+00  3.0833333333E+00  5.26288E-02  1.12272E-01
  3.0833333333E+00  3.0875000000E+00  5.26899E-02  1.16558E-01
  3.0875000000E+00  3.0916666667E+00  5.27754E-02  1.19510E-01
  3.0916666667E+00  3.0958333333E+00  5.27597E-02  1.11428E-01
  3.0958333333E+00  3.1000000000E+00  5.27552E-02  1.14046E-01
  3.1000000000E+00  3.1041666667E+00  5.29242E-02  1.21727E-01
  3.1041666667E+00  3.1083333333E+00  5.28842E-02  1.12992E-01
  3.1083333333E+00  3.1125000000E+00  5.29330E-02  1.12597E-01
  3.1125000000E+00  3.1166666667E+00  5.29512E-02  1.09257E-01
  3.1166666667E+00  3.1208333333E+00  5.30195E-02  1.12943E-01
  3.1208333333E+00  3.1250000000E+00  5.31141E-02  1.13622E-01
  3.1250000000E+00  3.1291666667E+00  5.30802E-02  1.11349E-01
  3.1291666667E+00  3.1333333333E+00  5.30895E-02  1.08717E-01
  3.1333333333E+00  3.1375000000E+00  5.31993E-02  1.12897E-01
  3.1375000000E+00  3.1416666667E+00  5.32036E-02  1.11270E-01
  3.1416666667E+00  3.1458333333E+00  5.32384E-02  1.08673E-01
  3.1458333333E+00  3.1500000000E+00  5.32495E-02  1.07474E-01
  3.1500000000E+00  3.1541666667E+00  5.33093E-02  1.09694E-01
  3.1541666667E+00  3.1583333333E+00  5.33664E-02  1.09672E-01
  3.1583333333E+00  3.1625000000E+00  5.33676E-02  1.06896E-01
  3.1625000000E+00  3.1666666667E+00  5.34362E-02  1.09927E-01
  3.1666666667E+00  3.1708333333E+00  5.34254E-02  1.03367E-01
  3.1708333333E+00  3.1750000000E+00  5.35507E-02  1.10532E-01
  3.1750000000E+00  3.1791666667E+00  5.36788E-02  1.13347E-01
  3.1791666667E+00  3.1833333333E+00  5.36315E-02  1.04762E-01
  3.1833333333E+00  3.1875000000E+00  5.36811E-02  1.09549E-01
  3.1875000000E+00  3.1916666667E+00  5.37545E-02  1.11741E-01
  3.1916666667E+00  3.1958333333E+00  5.38726E-02  1.14710E-01
  3.1958333333E+00  3.2000000000E+00  5.39282E-02  1.12634E-01
  3.2000000000E+00  3.2041666667E+00  5.39321E-02  1.08420E-01
  3.2041666667E+00  3.2083333333E+00  5.40002E-02  1.10276E-01
  3.2083333333E+00  3.2125000000E+00  5.40543E-02  1.10683E-01
  3.2125000000E+00  3.2166666667E+00  5.41233E-02  1.13347E-01
  3.2166666667E+00  3.2208333333E+00  5.40815E-02  1.06534E-01
  3.2208333333E+00  3.2250000000E+00  5.41684E-02  1.08447E-01
  3.2250000000E+00  3.2291666667E+00  5.42011E-02  1.06204E-01
  3.2291666667E+00  3.2333333333E+00  5.42725E-02  1.10853E-01
  3.2333333333E+00  3.2375000000E+00  5.43113E-02  1.08515E-01
  3.2375000000E+00  3.2416666667E+00  5.43959E-02  1.10362E-01
  3.2416666667E+00  3.2458333333E+00  5.45069E-02  1.12648E-01
  3.2458333333E+00  3.2500000000E+00  5.44933E-02  1.11099E-01
  3.2500000000E+00  3.2541666667E+00  5.45949E-02  1.12222E-01
  3.2541666667E+00  3.2583333333E+00  5.46648E-02  1.13304E-01
  3.2583333333E+00  3.2625000000E+00  5.47007E-02  1.11271E-01
  3.2625000000E+00  3.2666666667E+00  5.46925E-02  1.06482E-01
  3.2666666667E+00  3.2708333333E+00  5.47441E-02  1.06239E-01
  3.2708333333E+00  3.2750000000E+00  5.48031E-02  1.07577E-01
  3.2750000000E+00  3.2791666667E+00  5.49136E-02  1.12233E-01
  3.2791666667E+00  3.2833333333E+00  5.49297E-02  1.07067E-01
  3.2833333333E+00  3.2875000000E+00  5.48841E-02  1.01439E-01
  3.2875000000E+00  3.2916666667E+00  5.50860E-02  1.12828E-01
  3.2916666667E+00  3.2958333333E+00  5.50477E-02  1.07257E-01
  3.2958333333E+00  3.3000000000E+00  5.50959E-02  1.06261E-01
  3.3000000000E+00  3.3041666667E+00  5.51289E-02  1.06016E-01
  3.3041666667E+00  3.3083333333E+00  5.53156E-02  1.12499E-01
  3.3083333333E+00  3.3125000000E+00  5.53176E-02  1.06330E-01
  3.3125000000E+00  3.3166666667E+00  5.54165E-02  1.10190E-01
  3.3166666667E+00  3.3208333333E+00  5.54746E-02  1.07675E-01
  3.3208333333E+00  3.3250000000E+00  5.54784E-02  1.07594E-01
  3.3250000000E+00  3.3291666667E+00  5.55122E-02  1.05531E-01
  3.3291666667E+00  3.3333333333E+00  5.55663E-02  1.06956E-01
  3.3333333333E+00  3.3375000000E+00  5.56031E-02  1.04147E-01
  3.3375000000E+00  3.3416666667E+00  5.56221E-02  1.04046E-01
  3.3416666667E+00  3.3458333333E+00  5.56694E-02  1.03624E-01
  3.3458333333E+00  3.3500000000E+00  5.58086E-02  1.07937E-01
  3.3500000000E+00  3.3541666667E+00  5.59305E-02  1.10642E-01
  3.3541666667E+00  3.3583333333E+00  5.59108E-02  1.08972E-01
  3.3583333333E+00  3.3625000000E+00  5.59980E-02  1.11555E-01
  3.3625000000E+00  3.3666666667E+00  5.59930E-02  1.05177E-01
  3.3666666667E+00  3.3708333333E+00  5.61110E-02  1.07459E-01
  3.3708333333E+00  3.3750000000E+00  5.62097E-02  1.10672E-01
  3.3750000000E+00  3.3791666667E+00  5.61389E-02  1.02904E-01
  3.3791666667E+00  3.3833333333E+00  5.62416E-02  1.05177E-01
  3.3833333333E+00  3.3875000000E+00  5.64289E-02  1.12984E-01
  3.3875000000E+00  3.3916666667E+00  5.64823E-02  1.12309E-01
  3.3916666667E+00  3.3958333333E+00  5.64958E-02  1.09342E-01
  3.3958333333E+00  3.4000000000E+00  5.65513E-02  1.11009E-01
  3.4000000000E+00  3.4041666667E+00  5.65615E-02  1.06127E-01
  3.4041666667E+00  3.4083333333E+00  5.65551E-02  1.01643E-01
  3.4083333333E+00  3.4125000000E+00  5.66743E-02  1.04464E-01
  3.4125000000E+00  3.4166666667E+00  5.67974E-02  1.11876E-01
  3.4166666667E+00  3.4208333333E+00  5.67813E-02  1.06753E-01
  3.4208333333E+00  3.4250000000E+00  5.68769E-02  1.07336E-01
  3.4250000000E+00  3.4291666667E+00  5.68755E-02  1.04333E-01
  3.4291666667E+00  3.4333333333E+00  5.69315E-02  1.03899E-01
  3.4333333333E+00  3.4375000000E+00  5.69836E-02  1.01865E-01
  3.4375000000E+00  3.4416666667E+00  5.71716E-02  1.09623E-01
  3.4416666667E+00  3.4458333333E+00  5.72224E-02  1.08688E-01
  3.4458333333E+00  3.4500000000E+00  5.72503E-02  1.06801E-01
  3.4500000000E+00  3.4541666667E+00  5.73908E-02  1.09411E-01
  3.4541666667E+00  3.4583333333E+00  5.74406E-02  1.09529E-01
  3.4583333333E+00  3.4625000000E+00  5.75088E-02  1.12559E-01
  3.4625000000E+00  3.4666666667E+00  5.75367E-02  1.13069E-01
  3.4666666667E+00  3.4708333333E+00  5.75903E-02  1.10544E-01
  3.4708333333E+00  3.4750000000E+00  5.76136E-02  1.07929E-01
  3.4750000000E+00  3.4791666667E+00  5.77001E-02  1.08017E-01
  3.4791666667E+00  3.4833333333E+00  5.78521E-02  1.10870E-01
  3.4833333333E+00  3.4875000000E+00  5.77119E-02  9.84210E-02
  3.4875000000E+00  3.4916666667E+00  5.78601E-02  1.04613E-01
  3.4916666667E+00  3.4958333333E+00  5.79969E-02  1.07377E-01
  3.4958333333E+00  3.5000000000E+00  5.80227E-02  1.05332E-01
  3.5000000000E+00  3.5041666667E+00  5.80647E-02  1.03149E-01
  3.5041666667E+00  3.5083333333E+00  5.81808E-02  1.08638E-01
  3.5083333333E+00  3.5125000000E+00  5.82217E-02  1.03728E-01
  3.5125000000E+00  3.5166666667E+00  5.82939E-02  1.05301E-01
  3.5166666667E+00  3.5208333333E+00  5.83674E-02  1.06322E-01
  3.5208333333E+00  3.5250000000E+00  5.84774E-02  1.09676E-01
  3.5250000000E+00  3.5291666667E+00  5.84586E-02  1.03558E-01
  3.5291666667E+00  3.5333333333E+00  5.85828E-02  1.03376E-01
  3.5333333333E+00  3.5375000000E+00  5.86279E-02  1.03138E-01
  3.5375000000E+00  3.5416666667E+00  5.86584E-02  1.03402E-01
  3.5416666667E+00  3.5458333333E+00  5.87419E-02  1.08238E-01
  3.5458333333E+00  3.5500000000E+00  5.88045E-02  1.03083E-01
  3.5500000000E+00  3.5541666667E+00  5.88604E-02  1.04168E-01
  3.5541666667E+00  3.5583333333E+00  5.89589E-02  1.03025E-01
  3.5583333333E+00  3.5625000000E+00  5.90722E-02  1.06189E-01
  3.5625000000E+00  3.5666666667E+00  5.91383E-02  1.06527E-01
  3.5666666667E+00  3.5708333333E+00  5.91735E-02  1.03858E-01
  3.5708333333E+00  3.5750000000E+00  5.92915E-02  1.06170E-01
  3.5750000000E+00  3.5791666667E+00  5.92782E-02  1.02581E-01
  3.5791666667E+00  3.5833333333E+00  5.94053E-02  1.05307E-01
  3.5833333333E+00  3.5875000000E+00  5.94531E-02  1.02859E-01
  3.5875000000E+00  3.5916666667E+00  5.95559E-02  1.03127E-01
  3.5916666667E+00  3.5958333333E+00  5.96882E-02  1.08109E-01
  3.5958333333E+00  3.6000000000E+00  5.97415E-02  1.06828E-01
  3.6000000000E+00  3.6041666667E+00  5.98207E-02  1.05135E-01
  3.6041666667E+00  3.6083333333E+00  5.99040E-02  1.08613E-01
  3.6083333333E+00  3.6125000000E+00  5.99432E-02  1.04461E-01
  3.6125000000E+00  3.6166666667E+00  6.00705E-02  1.07707E-01
  3.6166666667E+00  3.6208333333E+00  6.01047E-02  1.05585E-01
  3.6208333333E+00  3.6250000000E+00  6.02878E-02  1.09857E-01
  3.6250000000E+00  3.6291666667E+00  6.02763E-02  1.06335E-01
  3.6291666667E+00  3.6333333333E+00  6.04480E-02  1.12811E-01
  3.6333333333E+00  3.6375000000E+00  6.04548E-02  1.05526E-01
  3.6375000000E+00  3.6416666667E+00  6.05073E-02  1.03736E-01
  3.6416666667E+00  3.6458333333E+00  6.06823E-02  1.06639E-01
  3.6458333333E+00  3.6500000000E+00  6.07109E-02  1.04270E-01
  3.6500000000E+00  3.6541666667E+00  6.07568E-02  1.04051E-01
  3.6541666667E+00  3.6583333333E+00  6.07975E-02  1.02831E-01
  3.6583333333E+00  3.6625000000E+00  6.09963E-02  1.06929E-01
  3.6625000000E+00  3.6666666667E+00  6.10375E-02  1.07024E-01
  3.6666666667E+00  3.6708333333E+00  6.11101E-02  1.07174E-01
  3.6708333333E+00  3.6750000000E+00  6.11525E-02  1.03928E-01
  3.6750000000E+00  3.6791666667E+00  6.12542E-02  1.03002E-01
  3.6791666667E+00  3.6833333333E+00  6.14155E-02  1.09118E-01
  3.6833333333E+00  3.6875000000E+00  6.13503E-02  1.00439E-01
  3.6875000000E+00  3.6916666667E+00  6.16099E-02  1.09823E-01
  3.6916666667E+00  3.6958333333E+00  6.16346E-02  1.06754E-01
  3.6958333333E+00  3.7000000000E+00  6.17244E-02  1.07032E-01
  3.7000000000E+00  3.7041666667E+00  6.17804E-02  1.04433E-01
  3.7041666667E+00  3.7083333333E+00  6.18395E-02  1.06094E-01
  3.7083333333E+00  3.7125000000E+00  6.18252E-02  1.00869E-01
  3.7125000000E+00  3.7166666667E+00  6.19979E-02  1.03655E-01
  3.7166666667E+00  3.7208333333E+00  6.21486E-02  1.07651E-01
  3.7208333333E+00  3.7250000000E+00  6.21984E-02  1.07383E-01
  3.7250000000E+00  3.7291666667E+00  6.22509E-02  1.01924E-01
  3.7291666667E+00  3.7333333333E+00  6.23982E-02  1.04577E-01
  3.7333333333E+00  3.7375000000E+00  6.23730E-02  1.00389E-01
  3.7375000000E+00  3.7416666667E+00  6.24737E-02  1.01350E-01
  3.7416666667E+00  3.7458333333E+00  6.25781E-02  1.01514E-01
  3.7458333333E+00  3.7500000000E+00  6.26565E-02  1.02254E-01
  3.7500000000E+00  3.7541666667E+00  6.27618E-02  1.01806E-01
  3.7541666667E+00  3.7583333333E+00  6.28563E-02  1.03593E-01
  3.7583333333E+00  3.7625000000E+00  6.29777E-02  1.04992E-01
  3.7625000000E+00  3.7666666667E+00  6.30453E-02  1.01286E-01
  3.7666666667E+00  3.7708333333E+00  6.30876E-02  1.01452E-01
  3.7708333333E+00  3.7750000000E+00  6.32814E-02  1.05593E-01
  3.7750000000E+00  3.7791666667E+00  6.33171E-02  1.00503E-01
  3.7791666667E+00  3.7833333333E+00  6.33268E-02  9.88325E-02
  3.7833333333E+00  3.7875000000E+00  6.34917E-02  1.03549E-01
  3.7875000000E+00  3.7916666667E+00  6.36047E-02  1.01446E-01
  3.7916666667E+00  3.7958333333E+00  6.37918E-02  1.04540E-01
  3.7958333333E+00  3.8000000000E+00  6.39485E-02  1.09135E-01
  3.8000000000E+00  3.8041666667E+00  6.39274E-02  1.01998E-01
  3.8041666667E+00  3.8083333333E+00  6.39279E-02  9.64640E-02
  3.8083333333E+00  3.8125000000E+00  6.41406E-02  1.02558E-01
  3.8125000000E+00  3.8166666667E+00  6.43121E-02  1.04603E-01
  3.8166666667E+00  3.8208333333E+00  6.43664E-02  1.02709E-01
  3.8208333333E+00  3.8250000000E+00  6.44175E-02  9.89452E-02
  3.8250000000E+00  3.8291666667E+00  6.45521E-02  1.02467E-01
  3.8291666667E+00  3.8333333333E+00  6.46515E-02  1.02077E-01
  3.8333333333E+00  3.8375000000E+00  6.48055E-02  1.04079E-01
  3.8375000000E+00  3.8416666667E+00  6.48004E-02  9.75334E-02
  3.8416666667E+00  3.8458333333E+00  6.50353E-02  1.02503E-01
  3.8458333333E+00  3.8500000000E+00  6.50850E-02  1.03553E-01
  3.8500000000E+00  3.8541666667E+00  6.51799E-02  9.89579E-02
  3.8541666667E+00  3.8583333333E+00  6.52963E-02  1.02742E-01
  3.8583333333E+00  3.8625000000E+00  6.54683E-02  1.03479E-01
  3.8625000000E+00  3.8666666667E+00  6.55386E-02  1.04974E-01
  3.8666666667E+00  3.8708333333E+00  6.56102E-02  1.00701E-01
  3.8708333333E+00  3.8750000000E+00  6.56549E-02  9.66353E-02
  3.8750000000E+00  3.8791666667E+00  6.59160E-02  1.03053E-01
  3.8791666667E+00  3.8833333333E+00  6.59551E-02  9.87361E-02
  3.8833333333E+00  3.8875000000E+00  6.60609E-02  9.86851E-02
  3.8875000000E+00  3.8916666667E+00  6.62640E-02  1.01366E-01
  3.8916666667E+00  3.8958333333E+00  6.63437E-02  1.02082E-01
  3.8958333333E+00  3.9000000000E+00  6.65572E-02  1.03984E-01
  3.9000000000E+00  3.9041666667E+00  6.65367E-02  9.82071E-02
  3.9041666667E+00  3.9083333333E+00  6.67534E-02  1.01939E-01
  3.9083333333E+00  3.9125000000E+00  6.67986E-02  9.98072E-02
  3.9125000000E+00  3.9166666667E+00  6.69385E-02  9.91408E-02
  3.9166666667E+00  3.9208333333E+00  6.70677E-02  1.01121E-01
  3.9208333333E+00  3.9250000000E+00  6.72456E-02  1.00634E-01
  3.9250000000E+00  3.9291666667E+00  6.73684E-02  1.00129E-01
  3.9291666667E+00  3.9333333333E+00  6.73791E-02  9.67003E-02
  3.9333333333E+00  3.9375000000E+00  6.75936E-02  1.01202E-01
  3.9375000000E+00  3.9416666667E+00  6.76861E-02  9.85174E-02
  3.9416666667E+00  3.9458333333E+00  6.77603E-02  9.55084E-02
  3.9458333333E+00  3.9500000000E+00  6.79471E-02  9.80009E-02
  3.9500000000E+00  3.9541666667E+00  6.81311E-02  1.01060E-01
  3.9541666667E+00  3.9583333333E+00  6.82162E-02  9.84898E-02
  3.9583333333E+00  3.9625000000E+00  6.83414E-02  9.84319E-02
  3.9625000000E+00  3.9666666667E+00  6.85279E-02  1.01946E-01
  3.9666666667E+00  3.9708333333E+00  6.86074E-02  9.80768E-02
  3.9708333333E+00  3.9750000000E+00  6.87859E-02  1.00212E-01
  3.9750000000E+00  3.9791666667E+00  6.88875E-02  9.72465E-02
  3.9791666667E+00  3.9833333333E+00  6.90091E-02  9.61491E-02
  3.9833333333E+00  3.9875000000E+00  6.91916E-02  9.90561E-02
  3.9875000000E+00  3.9916666667E+00  6.93264E-02  9.87365E-02
  3.9916666667E+00  3.9958333333E+00  6.95704E-02  1.01589E-01
  3.9958333333E+00  4.0000000000E+00  6.95269E-02  9.38630E-02
  4.0000000000E+00  4.0041666667E+00  6.97121E-02  9.52528E-02
  4.0041666667E+00  4.0083333333E+00  6.99694E-02  1.00099E-01
  4.0083333333E+00  4.0125000000E+00  7.01210E-02  1.00593E-01
  4.0125000000E+00  4.0166666667E+00  7.01882E-02  9.70995E-02
  4.0166666667E+00  4.0208333333E+00  7.03060E-02  9.53531E-02
  4.0208333333E+00  4.0250000000E+00  7.05605E-02  9.85501E-02
  4.0250000000E+00  4.0291666667E+00  7.06965E-02  9.71233E-02
  4.0291666667E+00  4.0333333333E+00  7.08103E-02  9.61012E-02
  4.0333333333E+00  4.0375000000E+00  7.10280E-02  9.70218E-02
  4.0375000000E+00  4.0416666667E+00  7.12747E-02  1.00344E-01
  4.0416666667E+00  4.0458333333E+00  7.14277E-02  1.01297E-01
  4.0458333333E+00  4.0500000000E+00  7.16296E-02  1.00171E-01
  4.0500000000E+00  4.0541666667E+00  7.16566E-02  9.51683E-02
  4.0541666667E+00  4.0583333333E+00  7.18241E-02  9.64968E-02
  4.0583333333E+00  4.0625000000E+00  7.21181E-02  9.98539E-02
  4.0625000000E+00  4.0666666667E+00  7.23089E-02  9.95290E-02
  4.0666666667E+00  4.0708333333E+00  7.23467E-02  9.57844E-02
  4.0708333333E+00  4.0750000000E+00  7.25976E-02  9.80299E-02
  4.0750000000E+00  4.0791666667E+00  7.26736E-02  9.27438E-02
  4.0791666667E+00  4.0833333333E+00  7.28719E-02  9.39331E-02
  4.0833333333E+00  4.0875000000E+00  7.32213E-02  9.93682E-02
  4.0875000000E+00  4.0916666667E+00  7.33938E-02  9.95597E-02
  4.0916666667E+00  4.0958333333E+00  7.34975E-02  9.41754E-02
  4.0958333333E+00  4.1000000000E+00  7.36766E-02  9.47575E-02
  4.1000000000E+00  4.1041666667E+00  7.39364E-02  9.57377E-02
  4.1041666667E+00  4.1083333333E+00  7.42204E-02  9.87520E-02
  4.1083333333E+00  4.1125000000E+00  7.44393E-02  9.77119E-02
  4.1125000000E+00  4.1166666667E+00  7.47046E-02  9.86508E-02
  4.1166666667E+00  4.1208333333E+00  7.48330E-02  9.60844E-02
  4.1208333333E+00  4.1250000000E+00  7.50613E-02  9.64719E-02
  4.1250000000E+00  4.1291666667E+00  7.53064E-02  9.77233E-02
  4.1291666667E+00  4.1333333333E+00  7.54054E-02  9.29666E-02
  4.1333333333E+00  4.1375000000E+00  7.56898E-02  9.43209E-02
  4.1375000000E+00  4.1416666667E+00  7.59750E-02  9.65392E-02
  4.1416666667E+00  4.1458333333E+00  7.61957E-02  9.72806E-02
  4.1458333333E+00  4.1500000000E+00  7.64492E-02  9.47546E-02
  4.1500000000E+00  4.1541666667E+00  7.66788E-02  9.35748E-02
  4.1541666667E+00  4.1583333333E+00  7.69725E-02  9.48560E-02
  4.1583333333E+00  4.1625000000E+00  7.72501E-02  9.62199E-02
  4.1625000000E+00  4.1666666667E+00  7.75538E-02  9.56106E-02
  4.1666666667E+00  4.1708333333E+00  7.79025E-02  9.62959E-02
  4.1708333333E+00  4.1750000000E+00  7.81545E-02  9.56033E-02
  4.1750000000E+00  4.1791666667E+00  7.84822E-02  9.82635E-02
  4.1791666667E+00  4.1833333333E+00  7.87813E-02  9.66160E-02
  4.1833333333E+00  4.1875000000E+00  7.90034E-02  9.39680E-02
  4.1875000000E+00  4.1916666667E+00  7.93775E-02  9.53423E-02
  4.1916666667E+00  4.1958333333E+00  7.97348E-02  9.60980E-02
  4.1958333333E+00  4.2000000000E+00  8.00618E-02  9.59223E-02
  4.2000000000E+00  4.2041666667E+00  8.04308E-02  9.73671E-02
  4.2041666667E+00  4.2083333333E+00  8.07075E-02  9.63119E-02
  4.2083333333E+00  4.2125000000E+00  8.11171E-02  9.61351E-02
  4.2125000000E+00  4.2166666667E+00  8.14392E-02  9.72616E-02
  4.2166666667E+00  4.2208333333E+00  8.17745E-02  9.48367E-02
  4.2208333333E+00  4.2250000000E+00  8.22005E-02  9.56547E-02
  4.2250000000E+00  4.2291666667E+00  8.25893E-02  9.59903E-02
  4.2291666667E+00  4.2333333333E+00  8.30487E-02  9.76360E-02
  4.2333333333E+00  4.2375000000E+00  8.34277E-02  9.77692E-02
  4.2375000000E+00  4.2416666667E+00  8.37986E-02  9.66053E-02
  4.2416666667E+00  4.2458333333E+00  8.41638E-02  9.71626E-02
  4.2458333333E+00  4.2500000000E+00  8.46230E-02  9.90176E-02
  4.2500000000E+00  4.2541666667E+00  8.50276E-02  9.90238E-02
  4.2541666667E+00  4.2583333333E+00  8.54811E-02  1.00570E-01
  4.2583333333E+00  4.2625000000E+00  8.58511E-02  9.96636E-02
  4.2625000000E+00  4.2666666667E+00  8.63105E-02  1.01262E-01
  4.2666666667E+00  4.2708333333E+00  8.66754E-02  1.00045E-01
  4.2708333333E+00  4.2750000000E+00  8.70616E-02  9.95206E-02
  4.2750000000E+00  4.2791666667E+00  8.74628E-02  1.00237E-01
  4.2791666667E+00  4.2833333333E+00  8.77571E-02  9.97975E-02
  4.2833333333E+00  4.2875000000E+00  8.81296E-02  1.00192E-01
  4.2875000000E+00  4.2916666667E+00  8.84584E-02  1.00208E-01
  4.2916666667E+00  4.2958333333E+00  8.87856E-02  9.96883E-02
  4.2958333333E+00  4.3000000000E+00  8.90956E-02  1.00464E-01
  4.3000000000E+00  4.3041666667E+00  8.94025E-02  1.02765E-01
  4.3041666667E+00  4.3083333333E+00  8.96907E-02  1.02190E-01
  4.3083333333E+00  4.3125000000E+00  8.98806E-02  1.01455E-01
  4.3125000000E+00  4.3166666667E+00  9.01218E-02  1.01560E-01
  4.3166666667E+00  4.3208333333E+00  9.02320E-02  1.00498E-01
  4.3208333333E+00  4.3250000000E+00  9.04599E-02  1.03513E-01
  4.3250000000E+00  4.3291666667E+00  9.06112E-02  1.02610E-01
  4.3291666667E+00  4.3333333333E+00  9.07434E-02  1.02816E-01
  4.3333333333E+00  4.3375000000E+00  9.08383E-02  1.03209E-01
  4.3375000000E+00  4.3416666667E+00  9.08383E-02  1.02255E-01
  4.3416666667E+00  4.3458333333E+00  9.08930E-02  1.01805E-01
  4.3458333333E+00  4.3500000000E+00  9.09144E-02  1.02615E-01
  4.3500000000E+00  4.3541666667E+00  9.09256E-02  1.03500E-01
  4.3541666667E+00  4.3583333333E+00  9.09498E-02  1.03801E-01
  4.3583333333E+00  4.3625000000E+00  9.08641E-02  1.03583E-01
  4.3625000000E+00  4.3666666667E+00  9.08739E-02  1.04516E-01
  4.3666666667E+00  4.3708333333E+00  9.08100E-02  1.04741E-01
  4.3708333333E+00  4.3750000000E+00  9.07773E-02  1.04373E-01
  4.3750000000E+00  4.3791666667E+00  9.07026E-02  1.04041E-01
  4.3791666667E+00  4.3833333333E+00  9.05198E-02  1.03041E-01
  4.3833333333E+00  4.3875000000E+00  9.05975E-02  1.05069E-01
  4.3875000000E+00  4.3916666667E+00  9.05022E-02  1.05817E-01
  4.3916666667E+00  4.3958333333E+00  9.03485E-02  1.04240E-01
  4.3958333333E+00  4.4000000000E+00  9.04403E-02  1.06173E-01
  4.4000000000E+00  4.4041666667E+00  9.03799E-02  1.05575E-01
  4.4041666667E+00  4.4083333333E+00  9.02624E-02  1.03832E-01
  4.4083333333E+00  4.4125000000E+00  9.01237E-02  1.03294E-01
  4.4125000000E+00  4.4166666667E+00  9.01418E-02  1.03987E-01
  4.4166666667E+00  4.4208333333E+00  9.01441E-02  1.02714E-01
  4.4208333333E+00  4.4250000000E+00  9.02086E-02  1.06208E-01
  4.4250000000E+00  4.4291666667E+00  9.01879E-02  1.05841E-01
  4.4291666667E+00  4.4333333333E+00  9.00847E-02  1.04773E-01
  4.4333333333E+00  4.4375000000E+00  9.00265E-02  1.04795E-01
  4.4375000000E+00  4.4416666667E+00  8.99846E-02  1.03952E-01
  4.4416666667E+00  4.4458333333E+00  9.00624E-02  1.05196E-01
  4.4458333333E+00  4.4500000000E+00  8.99787E-02  1.03923E-01
  4.4500000000E+00  4.4541666667E+00  8.99749E-02  1.04014E-01
  4.4541666667E+00  4.4583333333E+00  9.00607E-02  1.05337E-01
  4.4583333333E+00  4.4625000000E+00  9.01019E-02  1.05394E-01
  4.4625000000E+00  4.4666666667E+00  9.01765E-02  1.05551E-01
  4.4666666667E+00  4.4708333333E+00  9.02505E-02  1.08099E-01
  4.4708333333E+00  4.4750000000E+00  9.01249E-02  1.06171E-01
  4.4750000000E+00  4.4791666667E+00  9.01781E-02  1.06388E-01
  4.4791666667E+00  4.4833333333E+00  9.02165E-02  1.07693E-01
  4.4833333333E+00  4.4875000000E+00  9.02908E-02  1.08182E-01
  4.4875000000E+00  4.4916666667E+00  9.02752E-02  1.06673E-01
  4.4916666667E+00  4.4958333333E+00  9.03393E-02  1.06815E-01
  4.4958333333E+00  4.5000000000E+00  9.03268E-02  1.06579E-01
  4.5000000000E+00  4.5041666667E+00  9.02937E-02  1.06265E-01
  4.5041666667E+00  4.5083333333E+00  9.03324E-02  1.07126E-01
  4.5083333333E+00  4.5125000000E+00  9.02497E-02  1.06113E-01
  4.5125000000E+00  4.5166666667E+00  9.01603E-02  1.06509E-01
  4.5166666667E+00  4.5208333333E+00  9.01503E-02  1.07353E-01
  4.5208333333E+00  4.5250000000E+00  9.02954E-02  1.08872E-01
  4.5250000000E+00  4.5291666667E+00  9.01862E-02  1.08179E-01
  4.5291666667E+00  4.5333333333E+00  9.01753E-02  1.06647E-01
  4.5333333333E+00  4.5375000000E+00  9.01812E-02  1.06655E-01
  4.5375000000E+00  4.5416666667E+00  9.00197E-02  1.07755E-01
  4.5416666667E+00  4.5458333333E+00  8.98931E-02  1.06355E-01
  4.5458333333E+00  4.5500000000E+00  8.98383E-02  1.07328E-01
  4.5500000000E+00  4.5541666667E+00  8.98494E-02  1.08144E-01
  4.5541666667E+00  4.5583333333E+00  8.98281E-02  1.09315E-01
  4.5583333333E+00  4.5625000000E+00  8.96883E-02  1.07757E-01
  4.5625000000E+00  4.5666666667E+00  8.95548E-02  1.08718E-01
  4.5666666667E+00  4.5708333333E+00  8.96728E-02  1.08870E-01
  4.5708333333E+00  4.5750000000E+00  8.95577E-02  1.08479E-01
  4.5750000000E+00  4.5791666667E+00  8.94886E-02  1.08423E-01
  4.5791666667E+00  4.5833333333E+00  8.94869E-02  1.09820E-01
  4.5833333333E+00  4.5875000000E+00  8.94905E-02  1.08811E-01
  4.5875000000E+00  4.5916666667E+00  8.93845E-02  1.08981E-01
  4.5916666667E+00  4.5958333333E+00  8.94014E-02  1.10016E-01
  4.5958333333E+00  4.6000000000E+00  8.94804E-02  1.11476E-01
  4.6000000000E+00  4.6041666667E+00  8.92529E-02  1.06965E-01
  4.6041666667E+00  4.6083333333E+00  8.94580E-02  1.09561E-01
  4.6083333333E+00  4.6125000000E+00  8.94595E-02  1.09642E-01
  4.6125000000E+00  4.6166666667E+00  8.94464E-02  1.10194E-01
  4.6166666667E+00  4.6208333333E+00  8.93937E-02  1.09558E-01
  4.6208333333E+00  4.6250000000E+00  8.93533E-02  1.10075E-01
  4.6250000000E+00  4.6291666667E+00  8.93174E-02  1.08792E-01
  4.6291666667E+00  4.6333333333E+00  8.93783E-02  1.09632E-01
  4.6333333333E+00  4.6375000000E+00  8.94352E-02  1.10580E-01
  4.6375000000E+00  4.6416666667E+00  8.94141E-02  1.09640E-01
  4.6416666667E+00  4.6458333333E+00  8.94969E-02  1.11668E-01
  4.6458333333E+00  4.6500000000E+00  8.95457E-02  1.12748E-01
  4.6500000000E+00  4.6541666667E+00  8.95468E-02  1.12120E-01
  4.6541666667E+00  4.6583333333E+00  8.95296E-02  1.12207E-01
  4.6583333333E+00  4.6625000000E+00  8.94418E-02  1.10986E-01
  4.6625000000E+00  4.6666666667E+00  8.94848E-02  1.11931E-01
  4.6666666667E+00  4.6708333333E+00  8.94730E-02  1.12694E-01
  4.6708333333E+00  4.6750000000E+00  8.94145E-02  1.12754E-01
  4.6750000000E+00  4.6791666667E+00  8.95345E-02  1.13351E-01
  4.6791666667E+00  4.6833333333E+00  8.95363E-02  1.13450E-01
  4.6833333333E+00  4.6875000000E+00  8.94017E-02  1.11770E-01
  4.6875000000E+00  4.6916666667E+00  8.94789E-02  1.15151E-01
  4.6916666667E+00  4.6958333333E+00  8.94121E-02  1.13491E-01
  4.6958333333E+00  4.7000000000E+00  8.92501E-02  1.12272E-01
  4.7000000000E+00  4.7041666667E+00  8.91757E-02  1.12635E-01
  4.7041666667E+00  4.7083333333E+00  8.90819E-02  1.12396E-01
  4.7083333333E+00  4.7125000000E+00  8.91467E-02  1.13694E-01
  4.7125000000E+00  4.7166666667E+00  8.91645E-02  1.12716E-01
  4.7166666667E+00  4.7208333333E+00  8.92052E-02  1.12836E-01
  4.7208333333E+00  4.7250000000E+00  8.92025E-02  1.13554E-01
  4.7250000000E+00  4.7291666667E+00  8.91534E-02  1.13530E-01
  4.7291666667E+00  4.7333333333E+00  8.90619E-02  1.12792E-01
  4.7333333333E+00  4.7375000000E+00  8.89878E-02  1.12820E-01
  4.7375000000E+00  4.7416666667E+00  8.90487E-02  1.14201E-01
  4.7416666667E+00  4.7458333333E+00  8.90054E-02  1.14818E-01
  4.7458333333E+00  4.7500000000E+00  8.89900E-02  1.14526E-01
  4.7500000000E+00  4.7541666667E+00  8.89169E-02  1.13251E-01
  4.7541666667E+00  4.7583333333E+00  8.90112E-02  1.14980E-01
  4.7583333333E+00  4.7625000000E+00  8.90498E-02  1.15530E-01
  4.7625000000E+00  4.7666666667E+00  8.90584E-02  1.15248E-01
  4.7666666667E+00  4.7708333333E+00  8.91121E-02  1.15589E-01
  4.7708333333E+00  4.7750000000E+00  8.91507E-02  1.15059E-01
  4.7750000000E+00  4.7791666667E+00  8.92244E-02  1.15534E-01
  4.7791666667E+00  4.7833333333E+00  8.92772E-02  1.15964E-01
  4.7833333333E+00  4.7875000000E+00  8.92901E-02  1.17493E-01
  4.7875000000E+00  4.7916666667E+00  8.92586E-02  1.16542E-01
  4.7916666667E+00  4.7958333333E+00  8.92270E-02  1.16921E-01
  4.7958333333E+00  4.8000000000E+00  8.92919E-02  1.17262E-01
  4.8000000000E+00  4.8041666667E+00  8.92224E-02  1.16773E-01
  4.8041666667E+00  4.8083333333E+00  8.92503E-02  1.17691E-01
  4.8083333333E+00  4.8125000000E+00  8.93234E-02  1.16273E-01
  4.8125000000E+00  4.8166666667E+00  8.94383E-02  1.19239E-01
  4.8166666667E+00  4.8208333333E+00  8.94919E-02  1.19084E-01
  4.8208333333E+00  4.8250000000E+00  8.94423E-02  1.18463E-01
  4.8250000000E+00  4.8291666667E+00  8.94786E-02  1.18637E-01
  4.8291666667E+00  4.8333333333E+00  8.95043E-02  1.19123E-01
  4.8333333333E+00  4.8375000000E+00  8.94504E-02  1.18640E-01
  4.8375000000E+00  4.8416666667E+00  8.95186E-02  1.20113E-01
  4.8416666667E+00  4.8458333333E+00  8.94528E-02  1.19730E-01
  4.8458333333E+00  4.8500000000E+00  8.94382E-02  1.21266E-01
  4.8500000000E+00  4.8541666667E+00  8.94294E-02  1.21158E-01
  4.8541666667E+00  4.8583333333E+00  8.93872E-02  1.20858E-01
  4.8583333333E+00  4.8625000000E+00  8.93309E-02  1.20821E-01
  4.8625000000E+00  4.8666666667E+00  8.93036E-02  1.22033E-01
  4.8666666667E+00  4.8708333333E+00  8.91101E-02  1.20989E-01
  4.8708333333E+00  4.8750000000E+00  8.91957E-02  1.22327E-01
  4.8750000000E+00  4.8791666667E+00  8.92285E-02  1.22667E-01
  4.8791666667E+00  4.8833333333E+00  8.91983E-02  1.23254E-01
  4.8833333333E+00  4.8875000000E+00  8.91491E-02  1.24506E-01
  4.8875000000E+00  4.8916666667E+00  8.91346E-02  1.24583E-01
  4.8916666667E+00  4.8958333333E+00  8.91729E-02  1.25738E-01
  4.8958333333E+00  4.9000000000E+00  8.90641E-02  1.23517E-01
  4.9000000000E+00  4.9041666667E+00  8.90520E-02  1.24992E-01
  4.9041666667E+00  4.9083333333E+00  8.89825E-02  1.25833E-01
  4.9083333333E+00  4.9125000000E+00  8.90330E-02  1.25866E-01
  4.9125000000E+00  4.9166666667E+00  8.90003E-02  1.25722E-01
  4.9166666667E+00  4.9208333333E+00  8.90855E-02  1.26209E-01
  4.9208333333E+00  4.9250000000E+00  8.91093E-02  1.27543E-01
  4.9250000000E+00  4.9291666667E+00  8.92492E-02  1.27439E-01
  4.9291666667E+00  4.9333333333E+00  8.92660E-02  1.28823E-01
  4.9333333333E+00  4.9375000000E+00  8.92600E-02  1.28146E-01
  4.9375000000E+00  4.9416666667E+00  8.94166E-02  1.30073E-01
  4.9416666667E+00  4.9458333333E+00  8.94345E-02  1.29676E-01
  4.9458333333E+00  4.9500000000E+00  8.96688E-02  1.31342E-01
  4.9500000000E+00  4.9541666667E+00  8.97410E-02  1.31327E-01
  4.9541666667E+00  4.9583333333E+00  8.99482E-02  1.32814E-01
  4.9583333333E+00  4.9625000000E+00  9.00706E-02  1.32759E-01
  4.9625000000E+00  4.9666666667E+00  9.01892E-02  1.33542E-01
  4.9666666667E+00  4.9708333333E+00  9.03297E-02  1.34972E-01
  4.9708333333E+00  4.9750000000E+00  9.04537E-02  1.35624E-01
  4.9750000000E+00  4.9791666667E+00  9.06077E-02  1.37165E-01
  4.9791666667E+00  4.9833333333E+00  9.06646E-02  1.38330E-01
  4.9833333333E+00  4.9875000000E+00  9.06923E-02  1.37749E-01
  4.9875000000E+00  4.9916666667E+00  9.06790E-02  1.39315E-01
  4.9916666667E+00  4.9958333333E+00  9.05981E-02  1.40016E-01
  4.9958333333E+00  5.0000000000E+00  9.05736E-02  1.42066E-01
  5.0000000000E+00  5.0041666667E+00  9.03886E-02  1.43586E-01
  5.0041666667E+00  5.0083333333E+00  9.01481E-02  1.44871E-01
  5.0083333333E+00  5.0125000000E+00  8.97841E-02  1.46178E-01
  5.0125000000E+00  5.0166666667E+00  8.92430E-02  1.47806E-01
  5.0166666667E+00  5.0208333333E+00  8.86816E-02  1.48956E-01
  5.0208333333E+00  5.0250000000E+00  8.82077E-02  1.50398E-01
  5.0250000000E+00  5.0291666667E+00  8.73740E-02  1.52421E-01
  5.0291666667E+00  5.0333333333E+00  8.64156E-02  1.54144E-01
  5.0333333333E+00  5.0375000000E+00  8.53759E-02  1.56695E-01
  5.0375000000E+00  5.0416666667E+00  8.41609E-02  1.58852E-01
  5.0416666667E+00  5.0458333333E+00  8.28525E-02  1.62010E-01
  5.0458333333E+00  5.0500000000E+00  8.14110E-02  1.64662E-01
  5.0500000000E+00  5.0541666667E+00  7.95371E-02  1.68028E-01
  5.0541666667E+00  5.0583333333E+00  7.76036E-02  1.72330E-01
  5.0583333333E+00  5.0625000000E+00  7.57882E-02  1.76102E-01
  5.0625000000E+00  5.0666666667E+00  7.36782E-02  1.78888E-01
  5.0666666667E+00  5.0708333333E+00  7.13829E-02  1.84981E-01
  5.0708333333E+00  5.0750000000E+00  6.89493E-02  1.88354E-01
  5.0750000000E+00  5.0791666667E+00  6.64794E-02  1.92206E-01
  5.0791666667E+00  5.0833333333E+00  6.38243E-02  1.97563E-01
  5.0833333333E+00  5.0875000000E+00  6.10873E-02  2.03654E-01
  5.0875000000E+00  5.0916666667E+00  5.83316E-02  2.10012E-01
  5.0916666667E+00  5.0958333333E+00  5.53411E-02  2.17071E-01
  5.0958333333E+00  5.1000000000E+00  5.22460E-02  2.25047E-01
  5.1000000000E+00  5.1041666667E+00  4.92128E-02  2.34321E-01
  5.1041666667E+00  5.1083333333E+00  4.63222E-02  2.43281E-01
  5.1083333333E+00  5.1125000000E+00  4.32999E-02  2.55168E-01
  5.1125000000E+00  5.1166666667E+00  4.03133E-02  2.63564E-01
  5.1166666667E+00  5.1208333333E+00  3.74106E-02  2.75618E-01
  5.1208333333E+00  5.1250000000E+00  3.45653E-02  2.87675E-01
  5.1250000000E+00  5.1291666667E+00  3.17578E-02  3.03181E-01
  5.1291666667E+00  5.1333333333E+00  2.90593E-02  3.18050E-01
  5.1333333333E+00  5.1375000000E+00  2.64388E-02  3.36172E-01
  5.1375000000E+00  5.1416666667E+00  2.39209E-02  3.55983E-01
  5.1416666667E+00  5.1458333333E+00  2.15084E-02  3.79506E-01
  5.1458333333E+00  5.1500000000E+00  1.92164E-02  4.04367E-01
  5.1500000000E+00  5.1541666667E+00  1.71640E-02  4.30316E-01
  5.1541666667E+00  5.1583333333E+00  1.51214E-02  4.59420E-01
  5.1583333333E+00  5.1625000000E+00  1.33112E-02  4.92201E-01
  5.1625000000E+00  5.1666666667E+00  1.16129E-02  5.28826E-01
  5.1666666667E+00  5.1708333333E+00  1.00684E-02  5.68688E-01
  5.1708333333E+00  5.1750000000E+00  8.74207E-03  6.16520E-01
  5.1750000000E+00  5.1791666667E+00  7.53962E-03  6.66375E-01
  5.1791666667E+00  5.1833333333E+00  6.42716E-03  7.24941E-01
  5.1833333333E+00  5.1875000000E+00  5.44831E-03  7.88322E-01
  5.1875000000E+00  5.1916666667E+00  4.60092E-03  8.60485E-01
  5.1916666667E+00  5.1958333333E+00  3.85201E-03  9.37569E-01
  5.1958333333E+00  5.2000000000E+00  3.17939E-03  1.03831E+00
  5.2000000000E+00  5.2041666667E+00  2.59731E-03  1.14821E+00
  5.2041666667E+00  5.2083333333E+00  2.17338E-03  1.26631E+00
  5.2083333333E+00  5.2125000000E+00  1.74892E-03  1.41851E+00
  5.2125000000E+00  5.2166666667E+00  1.42650E-03  1.58354E+00
  5.2166666667E+00  5.2208333333E+00  1.14470E-03  1.76610E+00
  5.2208333333E+00  5.2250000000E+00  9.22616E-04  1.97053E+00
  5.2250000000E+00  5.2291666667E+00  7.32080E-04  2.21888E+00
  5.2291666667E+00  5.2333333333E+00  5.76142E-04  2.51238E+00
  5.2333333333E+00  5.2375000000E+00  4.48813E-04  2.88910E+00
  5.2375000000E+00  5.2416666667E+00  3.34873E-04  3.29353E+00
  5.2416666667E+00  5.2458333333E+00  2.49211E-04  3.83453E+00
  5.2458333333E+00  5.2500000000E+00  1.94550E-04  4.35323E+00
  5.2500000000E+00  5.2541666667E+00  1.55208E-04  4.91328E+00
  5.2541666667E+00  5.2583333333E+00  1.17676E-04  5.67910E+00
  5.2583333333E+00  5.2625000000E+00  8.30954E-05  6.70874E+00
  5.2625000000E+00  5.2666666667E+00  5.75520E-05  8.04768E+00
  5.2666666667E+00  5.2708333333E+00  4.14143E-05  9.28571E+00
  5.2708333333E+00  5.2750000000E+00  3.45418E-05  1.06890E+01
  5.2750000000E+00  5.2791666667E+00  1.99009E-05  1.25183E+01
  5.2791666667E+00  5.2833333333E+00  2.03745E-05  1.43638E+01
  5.2833333333E+00  5.2875000000E+00  1.31074E-05  1.70346E+01
  5.2875000000E+00  5.2916666667E+00  9.52113E-06  2.03868E+01
  5.2916666667E+00  5.2958333333E+00  6.43752E-06  2.47984E+01
  5.2958333333E+00  5.3000000000E+00  4.33771E-06  2.90375E+01
  5.3000000000E+00  5.3041666667E+00  3.93125E-06  3.24075E+01
  5.3041666667E+00  5.3083333333E+00  3.01512E-06  3.73006E+01
  5.3083333333E+00  5.3125000000E+00  1.07837E-06  4.87209E+01
  5.3125000000E+00  5.3166666667E+00  1.05403E-06  5.78578E+01
  5.3166666667E+00  5.3208333333E+00  1.02534E-06  5.32990E+01
  5.3208333333E+00  5.3250000000E+00  1.05982E-06  7.02238E+01
  5.3250000000E+00  5.3291666667E+00  5.82282E-07  9.34616E+01
  5.3291666667E+00  5.3333333333E+00  3.95081E-08  8.92334E+01
  5.3333333333E+00  5.3375000000E+00  3.95302E-08  8.82906E+01
  5.3375000000E+00  5.3416666667E+00  2.78452E-07  6.96982E+01
  5.3416666667E+00  5.3458333333E+00  5.37671E-07  5.98283E+01
  5.3458333333E+00  5.3500000000E+00  7.06806E-07  6.31445E+01
  5.3500000000E+00  5.3541666667E+00  1.23729E-06  6.42360E+01
  5.3541666667E+00  5.3583333333E+00  1.86465E-07  5.97377E+01
  5.3583333333E+00  5.3625000000E+00  1.86465E-07  8.16105E+01
  5.3625000000E+00  5.3666666667E+00  1.86464E-07  7.05354E+01
  5.3666666667E+00  5.3708333333E+00  1.53840E-07  7.77228E+01
  5.3708333333E+00  5.3750000000E+00  3.95081E-08  8.66177E+01
  5.3750000000E+00  5.3791666667E+00  3.95081E-08  1.00000E+02
  5.3791666667E+00  5.3833333333E+00  7.56041E-08  7.07826E+01
  5.3833333333E+00  5.3875000000E+00  3.95081E-08  1.00000E+02
  5.3875000000E+00  5.3916666667E+00  3.95081E-08  1.00000E+02
  5.3916666667E+00  5.3958333333E+00  3.95081E-08  1.00000E+02
  5.3958333333E+00  5.4000000000E+00  6.34630E-07  9.39810E+01
  5.4000000000E+00  5.4041666667E+00  3.95081E-08  1.00000E+02
  5.4041666667E+00  5.4083333333E+00  3.95081E-08  7.30295E+01
  5.4083333333E+00  5.4125000000E+00  3.95081E-08  1.00000E+02
  5.4125000000E+00  5.4166666667E+00  3.24994E-08  1.00000E+02
  5.4166666667E+00  5.4208333333E+00  0.00000E+00  0.00000E+00
  5.4208333333E+00  5.4250000000E+00  0.00000E+00  0.00000E+00
  5.4250000000E+00  5.4291666667E+00  0.00000E+00  0.00000E+00
  5.4291666667E+00  5.4333333333E+00  0.00000E+00  0.00000E+00
  5.4333333333E+00  5.4375000000E+00  0.00000E+00  0.00000E+00
  5.4375000000E+00  5.4416666667E+00  5.42511E-08  1.00000E+02
  5.4416666667E+00  5.4458333333E+00  0.00000E+00  0.00000E+00
  5.4458333333E+00  5.4500000000E+00  0.00000E+00  0.00000E+00
  5.4500000000E+00  5.4541666667E+00  0.00000E+00  0.00000E+00
  5.4541666667E+00  5.4583333333E+00  1.00662E-08  1.00000E+02
  5.4583333333E+00  5.4625000000E+00  0.00000E+00  0.00000E+00
  5.4625000000E+00  5.4666666667E+00  2.59698E-07  7.26627E+01
  5.4666666667E+00  5.4708333333E+00  4.80135E-07  6.63262E+01
  5.4708333333E+00  5.4750000000E+00  8.13806E-07  7.08006E+01
  5.4750000000E+00  5.4791666667E+00  2.97585E-07  7.70258E+01
  5.4791666667E+00  5.4833333333E+00  0.00000E+00  0.00000E+00
  5.4833333333E+00  5.4875000000E+00  8.79256E-08  1.00000E+02
  5.4875000000E+00  5.4916666667E+00  7.19081E-07  7.60025E+01
  5.4916666667E+00  5.4958333333E+00  1.65047E-07  1.00000E+02
  5.4958333333E+00  5.5000000000E+00  0.00000E+00  0.00000E+00
  5.5000000000E+00  5.5041666667E+00  2.83814E-09  7.53733E+01
  5.5041666667E+00  5.5083333333E+00  5.79096E-07  6.62729E+01
  5.5083333333E+00  5.5125000000E+00  2.54444E-07  1.00000E+02
  5.5125000000E+00  5.5166666667E+00  5.26058E-15  1.00000E+02
  5.5166666667E+00  5.5208333333E+00  0.00000E+00  0.00000E+00
  5.5208333333E+00  5.5250000000E+00  7.74878E-15  7.51002E+01
  5.5250000000E+00  5.5291666667E+00  0.00000E+00  0.00000E+00
  5.5291666667E+00  5.5333333333E+00  2.09000E-09  1.00000E+02
  5.5333333333E+00  5.5375000000E+00  0.00000E+00  0.00000E+00
  5.5375000000E+00  5.5416666667E+00  6.97002E-08  1.00000E+02
  5.5416666667E+00  5.5458333333E+00  4.36222E-15  1.00000E+02
  5.5458333333E+00  5.5500000000E+00  0.00000E+00  0.00000E+00
  5.5500000000E+00  5.5541666667E+00  0.00000E+00  0.00000E+00
  5.5541666667E+00  5.5583333333E+00  0.00000E+00  0.00000E+00
  5.5583333333E+00  5.5625000000E+00  6.47819E-08  1.00000E+02
  5.5625000000E+00  5.5666666667E+00  0.00000E+00  0.00000E+00
  5.5666666667E+00  5.5708333333E+00  1.52440E-14  1.00000E+02
  5.5708333333E+00  5.5750000000E+00  0.00000E+00  0.00000E+00
  5.5750000000E+00  5.5791666667E+00  3.43400E-08  1.00000E+02
  5.5791666667E+00  5.5833333333E+00  4.57330E-11  1.00000E+02
  5.5833333333E+00  5.5875000000E+00  0.00000E+00  0.00000E+00
  5.5875000000E+00  5.5916666667E+00  0.00000E+00  0.00000E+00
  5.5916666667E+00  5.5958333333E+00  1.45505E-08  1.00000E+02
  5.5958333333E+00  5.6000000000E+00  1.14001E-08  1.00000E+02
  5.6000000000E+00  5.6041666667E+00  6.09804E-08  1.00000E+02
  5.6041666667E+00  5.6083333333E+00  6.09804E-08  1.00000E+02
  5.6083333333E+00  5.6125000000E+00  6.09804E-08  9.31181E+01
  5.6125000000E+00  5.6166666667E+00  6.09804E-08  7.26661E+01
  5.6166666667E+00  5.6208333333E+00  1.73463E-07  7.37616E+01
  5.6208333333E+00  5.6250000000E+00  6.09804E-08  1.00000E+02
  5.6250000000E+00  5.6291666667E+00  7.78078E-08  8.13023E+01
  5.6291666667E+00  5.6333333333E+00  6.09804E-08  7.15284E+01
  5.6333333333E+00  5.6375000000E+00  6.09804E-08  1.00000E+02
  5.6375000000E+00  5.6416666667E+00  1.02053E-06  9.42143E+01
  5.6416666667E+00  5.6458333333E+00  6.11176E-08  1.00000E+02
  5.6458333333E+00  5.6500000000E+00  6.51960E-08  8.05142E+01
  5.6500000000E+00  5.6541666667E+00  6.51960E-08  1.00000E+02
  5.6541666667E+00  5.6583333333E+00  6.83451E-08  9.55035E+01
  5.6583333333E+00  5.6625000000E+00  6.51960E-08  1.00000E+02
  5.6625000000E+00  5.6666666667E+00  6.51960E-08  7.24824E+01
  5.6666666667E+00  5.6708333333E+00  6.51960E-08  1.00000E+02
  5.6708333333E+00  5.6750000000E+00  6.51960E-08  1.00000E+02
  5.6750000000E+00  5.6791666667E+00  6.51960E-08  8.24090E+01
  5.6791666667E+00  5.6833333333E+00  6.51960E-08  1.00000E+02
  5.6833333333E+00  5.6875000000E+00  6.51960E-08  1.00000E+02
  5.6875000000E+00  5.6916666667E+00  6.51960E-08  1.00000E+02
  5.6916666667E+00  5.6958333333E+00  6.60759E-08  7.07834E+01
  5.6958333333E+00  5.7000000000E+00  6.51960E-08  1.00000E+02
  5.7000000000E+00  5.7041666667E+00  6.92361E-08  1.00000E+02
  5.7041666667E+00  5.7083333333E+00  6.99355E-08  1.00000E+02
  5.7083333333E+00  5.7125000000E+00  6.99355E-08  7.39309E+01
  5.7125000000E+00  5.7166666667E+00  6.99355E-08  1.00000E+02
  5.7166666667E+00  5.7208333333E+00  6.99355E-08  1.00000E+02
  5.7208333333E+00  5.7250000000E+00  6.99463E-08  9.99846E+01
  5.7250000000E+00  5.7291666667E+00  6.99355E-08  7.97324E+01
  5.7291666667E+00  5.7333333333E+00  6.99355E-08  1.00000E+02
  5.7333333333E+00  5.7375000000E+00  6.99355E-08  1.00000E+02
  5.7375000000E+00  5.7416666667E+00  6.99355E-08  8.54470E+01
  5.7416666667E+00  5.7458333333E+00  7.00182E-08  1.00000E+02
  5.7458333333E+00  5.7500000000E+00  7.81446E-08  1.00000E+02
  5.7500000000E+00  5.7541666667E+00  1.80262E-07  7.13332E+01
  5.7541666667E+00  5.7583333333E+00  7.81446E-08  7.11017E+01
  5.7583333333E+00  5.7625000000E+00  7.81446E-08  1.00000E+02
  5.7625000000E+00  5.7666666667E+00  7.81446E-08  1.00000E+02
  5.7666666667E+00  5.7708333333E+00  7.81446E-08  1.00000E+02
  5.7708333333E+00  5.7750000000E+00  7.81446E-08  7.89486E+01
  5.7750000000E+00  5.7791666667E+00  7.81446E-08  1.00000E+02
  5.7791666667E+00  5.7833333333E+00  7.86787E-08  1.00000E+02
  5.7833333333E+00  5.7875000000E+00  8.55632E-08  9.01340E+01
  5.7875000000E+00  5.7916666667E+00  8.55630E-08  1.00000E+02
  5.7916666667E+00  5.7958333333E+00  8.55630E-08  1.00000E+02
  5.7958333333E+00  5.8000000000E+00  8.55630E-08  1.00000E+02
  5.8000000000E+00  5.8041666667E+00  8.55631E-08  7.22999E+01
  5.8041666667E+00  5.8083333333E+00  8.55630E-08  1.00000E+02
  5.8083333333E+00  5.8125000000E+00  9.38883E-08  9.15631E+01
  5.8125000000E+00  5.8166666667E+00  9.24113E-08  8.56884E+01
  5.8166666667E+00  5.8208333333E+00  9.43237E-08  1.00000E+02
  5.8208333333E+00  5.8250000000E+00  9.43237E-08  1.00000E+02
  5.8250000000E+00  5.8291666667E+00  9.43237E-08  1.00000E+02
  5.8291666667E+00  5.8333333333E+00  9.43237E-08  8.82449E+01
  5.8333333333E+00  5.8375000000E+00  9.43238E-08  9.99999E+01
  5.8375000000E+00  5.8416666667E+00  1.09289E-07  9.99978E+01
  5.8416666667E+00  5.8458333333E+00  2.56180E-07  5.78934E+01
  5.8458333333E+00  5.8500000000E+00  1.18935E-07  9.42389E+01
  5.8500000000E+00  5.8541666667E+00  1.11860E-07  1.00000E+02
  5.8541666667E+00  5.8583333333E+00  1.11860E-07  7.65016E+01
  5.8583333333E+00  5.8625000000E+00  1.12611E-07  1.00000E+02
  5.8625000000E+00  5.8666666667E+00  1.12629E-07  1.00000E+02
  5.8666666667E+00  5.8708333333E+00  1.12629E-07  9.27773E+01
  5.8708333333E+00  5.8750000000E+00  1.40736E-07  8.29111E+01
  5.8750000000E+00  5.8791666667E+00  1.25913E-07  1.00000E+02
  5.8791666667E+00  5.8833333333E+00  1.25913E-07  1.00000E+02
  5.8833333333E+00  5.8875000000E+00  1.39738E-07  8.91024E+01
  5.8875000000E+00  5.8916666667E+00  1.31087E-07  7.71407E+01
  5.8916666667E+00  5.8958333333E+00  1.31856E-07  1.00000E+02
  5.8958333333E+00  5.9000000000E+00  1.38835E-07  9.02098E+01
  5.9000000000E+00  5.9041666667E+00  1.62102E-07  1.00000E+02
  5.9041666667E+00  5.9083333333E+00  1.62244E-07  1.00000E+02
  5.9083333333E+00  5.9125000000E+00  1.65457E-07  7.70329E+01
  5.9125000000E+00  5.9166666667E+00  1.69583E-07  1.00000E+02
  5.9166666667E+00  5.9208333333E+00  1.80751E-07  1.00000E+02
  5.9208333333E+00  5.9250000000E+00  2.04710E-07  7.86647E+01
  5.9250000000E+00  5.9291666667E+00  2.04696E-07  1.00000E+02
  5.9291666667E+00  5.9333333333E+00  2.46825E-07  1.00000E+02
  5.9333333333E+00  5.9375000000E+00  2.61602E-07  9.45921E+01
  5.9375000000E+00  5.9416666667E+00  2.92230E-07  1.00000E+02
  5.9416666667E+00  5.9458333333E+00  3.97529E-07  1.00000E+02
  5.9458333333E+00  5.9500000000E+00  6.38565E-07  8.94573E+01
  5.9500000000E+00  5.9541666667E+00  0.00000E+00  0.00000E+00
  5.9541666667E+00  5.9583333333E+00  3.39820E-15  1.00000E+02
  5.9583333333E+00  5.9625000000E+00  0.00000E+00  0.00000E+00
  5.9625000000E+00  5.9666666667E+00  1.43516E-07  1.00000E+02
  5.9666666667E+00  5.9708333333E+00  0.00000E+00  0.00000E+00
  5.9708333333E+00  5.9750000000E+00  0.00000E+00  0.00000E+00
  5.9750000000E+00  5.9791666667E+00  0.00000E+00  0.00000E+00
  5.9791666667E+00  5.9833333333E+00  0.00000E+00  0.00000E+00
  5.9833333333E+00  5.9875000000E+00  0.00000E+00  0.00000E+00
  5.9875000000E+00  5.9916666667E+00  6.63275E-15  1.00000E+02
  5.9916666667E+00  5.9958333333E+00  3.56380E-07  1.00000E+02
  5.9958333333E+00  6.0000000000E+00  6.48944E-07  8.33956E+01
  6.0000000000E+00  6.0000000000E+00  6.48944E-07  8.33956E+01