# Detector n: 1D Projection
  2.0000000000E+00  2.0041666667E+00  9.86232E-03  1.59885E-01
  2.0041666667E+00  2.0083333333E+00  9.88511E-03  1.68788E-01
  2.0083333333E+00  2.0125000000E+00  9.89759E-03  1.70240E-01
  2.0125000000E+00  2.0166666667E+00  9.91652E-03  1.74599E-01
  2.0166666667E+00  2.0208333333E+00  9.90696E-03  1.65728E-01
  2.0208333333E+00  2.0250000000E+00  9.91275E-03  1.67874E-01
  2.0250000000E+00  2.0291666667E+00  9.92066E-03  1.78661E-01
  2.0291666667E+00  2.0333333333E+00  9.92873E-03  1.79856E-01
  2.0333333333E+00  2.0375000000E+00  9.90280E-03  1.54441E-01
  2.0375000000E+00  2.0416666667E+00  9.91832E-03  1.68491E-01
  2.0416666667E+00  2.0458333333E+00  9.92199E-03  1.57247E-01
  2.0458333333E+00  2.0500000000E+00  9.92361E-03  1.80490E-01
  2.0500000000E+00  2.0541666667E+00  9.94572E-03  1.83219E-01
  2.0541666667E+00  2.0583333333E+00  9.97291E-03  1.88885E-01
  2.0583333333E+00  2.0625000000E+00  9.94560E-03  1.67120E-01
  2.0625000000E+00  2.0666666667E+00  9.95007E-03  1.76959E-01
  2.0666666667E+00  2.0708333333E+00  9.96008E-03  1.82790E-01
  2.0708333333E+00  2.0750000000E+00  9.97665E-03  1.83612E-01
  2.0750000000E+00  2.0791666667E+00  9.97801E-03  1.60855E-01
  2.0791666667E+00  2.0833333333E+00  1.00124E-02  1.68127E-01
  2.0833333333E+00  2.0875000000E+00  1.00701E-02  1.74031E-01
  2.0875000000E+00  2.0916666667E+00  1.00838E-02  1.80696E-01
  2.0916666667E+00  2.0958333333E+00  1.00967E-02  1.70373E-01
  2.0958333333E+00  2.1000000000E+00  1.01092E-02  1.87207E-01
  2.1000000000E+00  2.1041666667E+00  1.00901E-02  1.72910E-01
  2.1041666667E+00  2.1083333333E+00  1.00906E-02  1.75871E-01
  2.1083333333E+00  2.1125000000E+00  1.01196E-02  1.99114E-01
  2.1125000000E+00  2.1166666667E+00  1.01270E-02  2.02002E-01
  2.1166666667E+00  2.1208333333E+00  1.01043E-02  1.78009E-01
  2.1208333333E+00  2.1250000000E+00  1.00901E-02  1.72008E-01
  2.1250000000E+00  2.1291666667E+00  1.00920E-02  1.63324E-01
  2.1291666667E+00  2.1333333333E+00  1.01110E-02  1.67268E-01
  2.1333333333E+00  2.1375000000E+00  1.00978E-02  1.67467E-01
  2.1375000000E+00  2.1416666667E+00  1.01017E-02  1.57124E-01
  2.1416666667E+00  2.1458333333E+00  1.00951E-02  1.67278E-01
  2.1458333333E+00  2.1500000000E+00  1.00904E-02  1.73802E-01
  2.1500000000E+00  2.1541666667E+00  1.01043E-02  1.75298E-01
  2.1541666667E+00  2.1583333333E+00  1.01230E-02  1.76692E-01
  2.1583333333E+00  2.1625000000E+00  1.01121E-02  1.74614E-01
  2.1625000000E+00  2.1666666667E+00  1.01098E-02  1.69192E-01
  2.1666666667E+00  2.1708333333E+00  1.01005E-02  1.55206E-01
  2.1708333333E+00  2.1750000000E+00  1.01203E-02  1.58269E-01
  2.1750000000E+00  2.1791666667E+00  1.01412E-02  1.91083E-01
  2.1791666667E+00  2.1833333333E+00  1.01320E-02  1.84475E-01
  2.1833333333E+00  2.1875000000E+00  1.01296E-02  1.73422E-01
  2.1875000000E+00  2.1916666667E+00  1.01375E-02  1.53566E-01
  2.1916666667E+00  2.1958333333E+00  1.01607E-02  1.85844E-01
  2.1958333333E+00  2.2000000000E+00  1.01574E-02  1.75046E-01
  2.2000000000E+00  2.2041666667E+00  1.01915E-02  1.98080E-01
  2.2041666667E+00  2.2083333333E+00  1.01679E-02  1.61362E-01
  2.2083333333E+00  2.2125000000E+00  1.01789E-02  1.77765E-01
  2.2125000000E+00  2.2166666667E+00  1.01736E-02  1.64763E-01
  2.2166666667E+00  2.2208333333E+00  1.01785E-02  1.67263E-01
  2.2208333333E+00  2.2250000000E+00  1.01886E-02  1.73297E-01
  2.2250000000E+00  2.2291666667E+00  1.02187E-02  1.78527E-01
  2.2291666667E+00  2.2333333333E+00  1.01928E-02  1.49715E-01
  2.2333333333E+00  2.2375000000E+00  1.02134E-02  1.62861E-01
  2.2375000000E+00  2.2416666667E+00  1.02364E-02  1.69205E-01
  2.2416666667E+00  2.2458333333E+00  1.02581E-02  1.77393E-01
  2.2458333333E+00  2.2500000000E+00  1.03188E-02  2.11472E-01
  2.2500000000E+00  2.2541666667E+00  1.03518E-02  2.04695E-01
  2.2541666667E+00  2.2583333333E+00  1.03644E-02  1.79957E-01
  2.2583333333E+00  2.2625000000E+00  1.03444E-02  1.86100E-01
  2.2625000000E+00  2.2666666667E+00  1.03211E-02  1.59441E-01
  2.2666666667E+00  2.2708333333E+00  1.03317E-02  1.61431E-01
  2.2708333333E+00  2.2750000000E+00  1.03469E-02  1.87467E-01
  2.2750000000E+00  2.2791666667E+00  1.03452E-02  1.64105E-01
  2.2791666667E+00  2.2833333333E+00  1.03404E-02  1.71050E-01
  2.2833333333E+00  2.2875000000E+00  1.03546E-02  1.80159E-01
  2.2875000000E+00  2.2916666667E+00  1.03542E-02  1.67834E-01
  2.2916666667E+00  2.2958333333E+00  1.03657E-02  1.78754E-01
  2.2958333333E+00  2.3000000000E+00  1.03632E-02  1.59757E-01
  2.3000000000E+00  2.3041666667E+00  1.03840E-02  1.83018E-01
  2.3041666667E+00  2.3083333333E+00  1.03734E-02  1.63585E-01
  2.3083333333E+00  2.3125000000E+00  1.03571E-02  1.66277E-01
  2.3125000000E+00  2.3166666667E+00  1.03606E-02  1.74832E-01
  2.3166666667E+00  2.3208333333E+00  1.03606E-02  1.82715E-01
  2.3208333333E+00  2.3250000000E+00  1.03725E-02  1.74917E-01
  2.3250000000E+00  2.3291666667E+00  1.03467E-02  1.54581E-01
  2.3291666667E+00  2.3333333333E+00  1.03774E-02  1.81053E-01
  2.3333333333E+00  2.3375000000E+00  1.03852E-02  1.76243E-01
  2.3375000000E+00  2.3416666667E+00  1.03796E-02  1.59428E-01
  2.3416666667E+00  2.3458333333E+00  1.03940E-02  1.67068E-01
  2.3458333333E+00  2.3500000000E+00  1.03979E-02  1.61152E-01
  2.3500000000E+00  2.3541666667E+00  1.03750E-02  1.46919E-01
  2.3541666667E+00  2.3583333333E+00  1.04142E-02  1.70263E-01
  2.3583333333E+00  2.3625000000E+00  1.03991E-02  1.72587E-01
  2.3625000000E+00  2.3666666667E+00  1.03976E-02  1.58248E-01
  2.3666666667E+00  2.3708333333E+00  1.04210E-02  1.76755E-01
  2.3708333333E+00  2.3750000000E+00  1.03971E-02  1.57435E-01
  2.3750000000E+00  2.3791666667E+00  1.04076E-02  1.52253E-01
  2.3791666667E+00  2.3833333333E+00  1.04077E-02  1.60049E-01
  2.3833333333E+00  2.3875000000E+00  1.04072E-02  1.58157E-01
  2.3875000000E+00  2.3916666667E+00  1.04021E-02  1.65855E-01
  2.3916666667E+00  2.3958333333E+00  1.04330E-02  1.76149E-01
  2.3958333333E+00  2.4000000000E+00  1.04210E-02  1.72990E-01
  2.4000000000E+00  2.4041666667E+00  1.04482E-02  1.79303E-01
  2.4041666667E+00  2.4083333333E+00  1.04274E-02  1.65597E-01
  2.4083333333E+00  2.4125000000E+00  1.04364E-02  1.69356E-01
  2.4125000000E+00  2.4166666667E+00  1.04367E-02  1.58218E-01
  2.4166666667E+00  2.4208333333E+00  1.04395E-02  1.63357E-01
  2.4208333333E+00  2.4250000000E+00  1.04653E-02  1.86785E-01
  2.4250000000E+00  2.4291666667E+00  1.04473E-02  1.69799E-01
  2.4291666667E+00  2.4333333333E+00  1.04487E-02  1.69281E-01
  2.4333333333E+00  2.4375000000E+00  1.04435E-02  1.56661E-01
  2.4375000000E+00  2.4416666667E+00  1.04438E-02  1.61147E-01
  2.4416666667E+00  2.4458333333E+00  1.04630E-02  1.74469E-01
  2.4458333333E+00  2.4500000000E+00  1.04760E-02  1.75361E-01
  2.4500000000E+00  2.4541666667E+00  1.04667E-02  1.64308E-01
  2.4541666667E+00  2.4583333333E+00  1.04720E-02  1.66518E-01
  2.4583333333E+00  2.4625000000E+00  1.05083E-02  1.80647E-01
  2.4625000000E+00  2.4666666667E+00  1.04812E-02  1.65426E-01
  2.4666666667E+00  2.4708333333E+00  1.04917E-02  1.81606E-01
  2.4708333333E+00  2.4750000000E+00  1.04933E-02  1.61456E-01
  2.4750000000E+00  2.4791666667E+00  1.04856E-02  1.59358E-01
  2.4791666667E+00  2.4833333333E+00  1.04986E-02  1.69149E-01
  2.4833333333E+00  2.4875000000E+00  1.05161E-02  1.64658E-01
  2.4875000000E+00  2.4916666667E+00  1.05287E-02  1.65764E-01
  2.4916666667E+00  2.4958333333E+00  1.05051E-02  1.51625E-01
  2.4958333333E+00  2.5000000000E+00  1.05449E-02  1.81389E-01
  2.5000000000E+00  2.5041666667E+00  1.05649E-02  1.85700E-01
  2.5041666667E+00  2.5083333333E+00  1.05499E-02  1.69039E-01
  2.5083333333E+00  2.5125000000E+00  1.05758E-02  1.81903E-01
  2.5125000000E+00  2.5166666667E+00  1.05589E-02  1.76494E-01
  2.5166666667E+00  2.5208333333E+00  1.05418E-02  1.57861E-01
  2.5208333333E+00  2.5250000000E+00  1.05757E-02  1.65940E-01
  2.5250000000E+00  2.5291666667E+00  1.05935E-02  1.59283E-01
  2.5291666667E+00  2.5333333333E+00  1.05955E-02  1.69303E-01
  2.5333333333E+00  2.5375000000E+00  1.05832E-02  1.58658E-01
  2.5375000000E+00  2.5416666667E+00  1.05880E-02  1.57011E-01
  2.5416666667E+00  2.5458333333E+00  1.06137E-02  1.72699E-01
  2.5458333333E+00  2.5500000000E+00  1.06141E-02  1.68747E-01
  2.5500000000E+00  2.5541666667E+00  1.06209E-02  1.61992E-01
  2.5541666667E+00  2.5583333333E+00  1.06315E-02  1.59755E-01
  2.5583333333E+00  2.5625000000E+00  1.06336E-02  1.56359E-01
  2.5625000000E+00  2.5666666667E+00  1.06423E-02  1.59066E-01
  2.5666666667E+00  2.5708333333E+00  1.06687E-02  1.55293E-01
  2.5708333333E+00  2.5750000000E+00  1.06713E-02  1.64437E-01
  2.5750000000E+00  2.5791666667E+00  1.06877E-02  1.55936E-01
  2.5791666667E+00  2.5833333333E+00  1.07186E-02  1.82368E-01
  2.5833333333E+00  2.5875000000E+00  1.07125E-02  1.82205E-01
  2.5875000000E+00  2.5916666667E+00  1.06957E-02  1.53724E-01
  2.5916666667E+00  2.5958333333E+00  1.06994E-02  1.53603E-01
  2.5958333333E+00  2.6000000000E+00  1.06894E-02  1.47797E-01
  2.6000000000E+00  2.6041666667E+00  1.06987E-02  1.58978E-01
  2.6041666667E+00  2.6083333333E+00  1.07302E-02  1.66671E-01
  2.6083333333E+00  2.6125000000E+00  1.07277E-02  1.76506E-01
  2.6125000000E+00  2.6166666667E+00  1.07248E-02  1.58239E-01
  2.6166666667E+00  2.6208333333E+00  1.07290E-02  1.64025E-01
  2.6208333333E+00  2.6250000000E+00  1.07350E-02  1.81525E-01
  2.6250000000E+00  2.6291666667E+00  1.07454E-02  1.66973E-01
  2.6291666667E+00  2.6333333333E+00  1.07486E-02  1.82874E-01
  2.6333333333E+00  2.6375000000E+00  1.07766E-02  1.81749E-01
  2.6375000000E+00  2.6416666667E+00  1.07679E-02  1.77750E-01
  2.6416666667E+00  2.6458333333E+00  1.07355E-02  1.66111E-01
  2.6458333333E+00  2.6500000000E+00  1.07939E-02  1.77834E-01
  2.6500000000E+00  2.6541666667E+00  1.07591E-02  1.59610E-01
  2.6541666667E+00  2.6583333333E+00  1.07862E-02  1.69942E-01
  2.6583333333E+00  2.6625000000E+00  1.07883E-02  1.65053E-01
  2.6625000000E+00  2.6666666667E+00  1.07919E-02  1.68673E-01
  2.6666666667E+00  2.6708333333E+00  1.07714E-02  1.62899E-01
  2.6708333333E+00  2.6750000000E+00  1.07872E-02  1.65885E-01
  2.6750000000E+00  2.6791666667E+00  1.07976E-02  1.73665E-01
  2.6791666667E+00  2.6833333333E+00  1.08138E-02  1.70896E-01
  2.6833333333E+00  2.6875000000E+00  1.08098E-02  1.82738E-01
  2.6875000000E+00  2.6916666667E+00  1.07924E-02  1.58872E-01
  2.6916666667E+00  2.6958333333E+00  1.08360E-02  1.68778E-01
  2.6958333333E+00  2.7000000000E+00  1.08253E-02  1.70784E-01
  2.7000000000E+00  2.7041666667E+00  1.08274E-02  1.59537E-01
  2.7041666667E+00  2.7083333333E+00  1.08321E-02  1.52811E-01
  2.7083333333E+00  2.7125000000E+00  1.08635E-02  1.75800E-01
  2.7125000000E+00  2.7166666667E+00  1.08590E-02  1.75327E-01
  2.7166666667E+00  2.7208333333E+00  1.08635E-02  1.62543E-01
  2.7208333333E+00  2.7250000000E+00  1.08559E-02  1.63388E-01
  2.7250000000E+00  2.7291666667E+00  1.08798E-02  1.88725E-01
  2.7291666667E+00  2.7333333333E+00  1.08440E-02  1.59496E-01
  2.7333333333E+00  2.7375000000E+00  1.08663E-02  1.61985E-01
  2.7375000000E+00  2.7416666667E+00  1.08599E-02  1.55873E-01
  2.7416666667E+00  2.7458333333E+00  1.08487E-02  1.42947E-01
  2.7458333333E+00  2.7500000000E+00  1.08918E-02  1.66655E-01
  2.7500000000E+00  2.7541666667E+00  1.08780E-02  1.50482E-01
  2.7541666667E+00  2.7583333333E+00  1.08985E-02  1.60294E-01
  2.7583333333E+00  2.7625000000E+00  1.08993E-02  1.54187E-01
  2.7625000000E+00  2.7666666667E+00  1.08994E-02  1.56701E-01
  2.7666666667E+00  2.7708333333E+00  1.09317E-02  1.73077E-01
  2.7708333333E+00  2.7750000000E+00  1.09492E-02  1.72193E-01
  2.7750000000E+00  2.7791666667E+00  1.09371E-02  1.61231E-01
  2.7791666667E+00  2.7833333333E+00  1.09291E-02  1.62493E-01
  2.7833333333E+00  2.7875000000E+00  1.08911E-02  1.43376E-01
  2.7875000000E+00  2.7916666667E+00  1.09285E-02  1.63431E-01
  2.7916666667E+00  2.7958333333E+00  1.09425E-02  1.54550E-01
  2.7958333333E+00  2.8000000000E+00  1.09493E-02  1.64290E-01
  2.8000000000E+00  2.8041666667E+00  1.09583E-02  1.66495E-01
  2.8041666667E+00  2.8083333333E+00  1.09664E-02  1.70040E-01
  2.8083333333E+00  2.8125000000E+00  1.09651E-02  1.65335E-01
  2.8125000000E+00  2.8166666667E+00  1.09717E-02  1.64872E-01
  2.8166666667E+00  2.8208333333E+00  1.09699E-02  1.65230E-01
  2.8208333333E+00  2.8250000000E+00  1.09714E-02  1.51051E-01
  2.8250000000E+00  2.8291666667E+00  1.09939E-02  1.68817E-01
  2.8291666667E+00  2.8333333333E+00  1.09951E-02  1.58810E-01
  2.8333333333E+00  2.8375000000E+00  1.09844E-02  1.49638E-01
  2.8375000000E+00  2.8416666667E+00  1.09795E-02  1.40750E-01
  2.8416666667E+00  2.8458333333E+00  1.10088E-02  1.52780E-01
  2.8458333333E+00  2.8500000000E+00  1.10272E-02  1.67747E-01
  2.8500000000E+00  2.8541666667E+00  1.10381E-02  1.71953E-01
  2.8541666667E+00  2.8583333333E+00  1.10048E-02  1.51003E-01
  2.8583333333E+00  2.8625000000E+00  1.10105E-02  1.50216E-01
  2.8625000000E+00  2.8666666667E+00  1.10100E-02  1.48286E-01
  2.8666666667E+00  2.8708333333E+00  1.10493E-02  1.65142E-01
  2.8708333333E+00  2.8750000000E+00  1.10313E-02  1.41978E-01
  2.8750000000E+00  2.8791666667E+00  1.10256E-02  1.44055E-01
  2.8791666667E+00  2.8833333333E+00  1.10613E-02  1.72734E-01
  2.8833333333E+00  2.8875000000E+00  1.10666E-02  1.66868E-01
  2.8875000000E+00  2.8916666667E+00  1.10408E-02  1.53281E-01
  2.8916666667E+00  2.8958333333E+00  1.10629E-02  1.58934E-01
  2.8958333333E+00  2.9000000000E+00  1.10448E-02  1.47340E-01
  2.9000000000E+00  2.9041666667E+00  1.10632E-02  1.52303E-01
  2.9041666667E+00  2.9083333333E+00  1.10565E-02  1.49457E-01
  2.9083333333E+00  2.9125000000E+00  1.10780E-02  1.53912E-01
  2.9125000000E+00  2.9166666667E+00  1.11129E-02  1.68354E-01
  2.9166666667E+00  2.9208333333E+00  1.10950E-02  1.59846E-01
  2.9208333333E+00  2.9250000000E+00  1.11139E-02  1.63571E-01
  2.9250000000E+00  2.9291666667E+00  1.11399E-02  1.64066E-01
  2.9291666667E+00  2.9333333333E+00  1.11164E-02  1.62921E-01
  2.9333333333E+00  2.9375000000E+00  1.11009E-02  1.57807E-01
  2.9375000000E+00  2.9416666667E+00  1.11253E-02  1.57614E-01
  2.9416666667E+00  2.9458333333E+00  1.11092E-02  1.48659E-01
  2.9458333333E+00  2.9500000000E+00  1.11294E-02  1.51729E-01
  2.9500000000E+00  2.9541666667E+00  1.11101E-02  1.31633E-01
  2.9541666667E+00  2.9583333333E+00  1.11565E-02  1.56466E-01
  2.9583333333E+00  2.9625000000E+00  1.11552E-02  1.45786E-01
  2.9625000000E+00  2.9666666667E+00  1.11653E-02  1.48033E-01
  2.9666666667E+00  2.9708333333E+00  1.11430E-02  1.45847E-01
  2.9708333333E+00  2.9750000000E+00  1.11538E-02  1.45433E-01
  2.9750000000E+00  2.9791666667E+00  1.11883E-02  1.61559E-01
  2.9791666667E+00  2.9833333333E+00  1.11891E-02  1.64695E-01
  2.9833333333E+00  2.9875000000E+00  1.12026E-02  1.61862E-01
  2.9875000000E+00  2.9916666667E+00  1.12050E-02  1.69784E-01
  2.9916666667E+00  2.9958333333E+00  1.12197E-02  1.49682E-01
  2.9958333333E+00  3.0000000000E+00  1.12206E-02  1.66248E-01
  3.0000000000E+00  3.0041666667E+00  1.12447E-02  1.67822E-01
  3.0041666667E+00  3.0083333333E+00  1.12370E-02  1.76289E-01
  3.0083333333E+00  3.0125000000E+00  1.12373E-02  1.56794E-01
  3.0125000000E+00  3.0166666667E+00  1.12498E-02  1.42026E-01
  3.0166666667E+00  3.0208333333E+00  1.12868E-02  1.74822E-01
  3.0208333333E+00  3.0250000000E+00  1.12742E-02  1.61784E-01
  3.0250000000E+00  3.0291666667E+00  1.12638E-02  1.49803E-01
  3.0291666667E+00  3.0333333333E+00  1.12762E-02  1.51478E-01
  3.0333333333E+00  3.0375000000E+00  1.12987E-02  1.58594E-01
  3.0375000000E+00  3.0416666667E+00  1.12890E-02  1.47874E-01
  3.0416666667E+00  3.0458333333E+00  1.13053E-02  1.63378E-01
  3.0458333333E+00  3.0500000000E+00  1.13251E-02  1.61590E-01
  3.0500000000E+00  3.0541666667E+00  1.13021E-02  1.57429E-01
  3.0541666667E+00  3.0583333333E+00  1.13395E-02  1.79241E-01
  3.0583333333E+00  3.0625000000E+00  1.13163E-02  1.46476E-01
  3.0625000000E+00  3.0666666667E+00  1.13345E-02  1.52229E-01
  3.0666666667E+00  3.0708333333E+00  1.13343E-02  1.46647E-01
  3.0708333333E+00  3.0750000000E+00  1.13442E-02  1.53225E-01
  3.0750000000E+00  3.0791666667E+00  1.13423E-02  1.48238E-01
  3.0791666667E+00  3.0833333333E+00  1.13583E-02  1.65042E-01
  3.0833333333E+00  3.0875000000E+00  1.14052E-02  1.76492E-01
  3.0875000000E+00  3.0916666667E+00  1.13938E-02  1.54042E-01
  3.0916666667E+00  3.0958333333E+00  1.13849E-02  1.47208E-01
  3.0958333333E+00  3.1000000000E+00  1.13777E-02  1.53066E-01
  3.1000000000E+00  3.1041666667E+00  1.13914E-02  1.51545E-01
  3.1041666667E+00  3.1083333333E+00  1.14000E-02  1.55676E-01
  3.1083333333E+00  3.1125000000E+00  1.14240E-02  1.62371E-01
  3.1125000000E+00  3.1166666667E+00  1.14236E-02  1.54066E-01
  3.1166666667E+00  3.1208333333E+00  1.14289E-02  1.52677E-01
  3.1208333333E+00  3.1250000000E+00  1.14403E-02  1.52587E-01
  3.1250000000E+00  3.1291666667E+00  1.14291E-02  1.46910E-01
  3.1291666667E+00  3.1333333333E+00  1.14504E-02  1.57703E-01
  3.1333333333E+00  3.1375000000E+00  1.14412E-02  1.58509E-01
  3.1375000000E+00  3.1416666667E+00  1.14578E-02  1.49030E-01
  3.1416666667E+00  3.1458333333E+00  1.14746E-02  1.64146E-01
  3.1458333333E+00  3.1500000000E+00  1.14749E-02  1.48949E-01
  3.1500000000E+00  3.1541666667E+00  1.15140E-02  1.51368E-01
  3.1541666667E+00  3.1583333333E+00  1.15037E-02  1.62375E-01
  3.1583333333E+00  3.1625000000E+00  1.15131E-02  1.40915E-01
  3.1625000000E+00  3.1666666667E+00  1.15153E-02  1.50302E-01
  3.1666666667E+00  3.1708333333E+00  1.15070E-02  1.42982E-01
  3.1708333333E+00  3.1750000000E+00  1.15406E-02  1.54473E-01
  3.1750000000E+00  3.1791666667E+00  1.15446E-02  1.60539E-01
  3.1791666667E+00  3.1833333333E+00  1.15506E-02  1.72392E-01
  3.1833333333E+00  3.1875000000E+00  1.15686E-02  1.60241E-01
  3.1875000000E+00  3.1916666667E+00  1.15551E-02  1.43786E-01
  3.1916666667E+00  3.1958333333E+00  1.15550E-02  1.54515E-01
  3.1958333333E+00  3.2000000000E+00  1.15625E-02  1.48946E-01
  3.2000000000E+00  3.2041666667E+00  1.15590E-02  1.45020E-01
  3.2041666667E+00  3.2083333333E+00  1.15849E-02  1.57004E-01
  3.2083333333E+00  3.2125000000E+00  1.15940E-02  1.58984E-01
  3.2125000000E+00  3.2166666667E+00  1.15832E-02  1.51212E-01
  3.2166666667E+00  3.2208333333E+00  1.16116E-02  1.58975E-01
  3.2208333333E+00  3.2250000000E+00  1.16015E-02  1.45031E-01
  3.2250000000E+00  3.2291666667E+00  1.16467E-02  1.73030E-01
  3.2291666667E+00  3.2333333333E+00  1.16198E-02  1.55833E-01
  3.2333333333E+00  3.2375000000E+00  1.16328E-02  1.54797E-01
  3.2375000000E+00  3.2416666667E+00  1.16360E-02  1.47241E-01
  3.2416666667E+00  3.2458333333E+00  1.16194E-02  1.36178E-01
  3.2458333333E+00  3.2500000000E+00  1.16675E-02  1.65862E-01
  3.2500000000E+00  3.2541666667E+00  1.16639E-02  1.59617E-01
  3.2541666667E+00  3.2583333333E+00  1.16485E-02  1.41440E-01
  3.2583333333E+00  3.2625000000E+00  1.16700E-02  1.48723E-01
  3.2625000000E+00  3.2666666667E+00  1.16638E-02  1.47592E-01
  3.2666666667E+00  3.2708333333E+00  1.16823E-02  1.53218E-01
  3.2708333333E+00  3.2750000000E+00  1.16948E-02  1.52509E-01
  3.2750000000E+00  3.2791666667E+00  1.17047E-02  1.32624E-01
  3.2791666667E+00  3.2833333333E+00  1.17206E-02  1.46841E-01
  3.2833333333E+00  3.2875000000E+00  1.16969E-02  1.39093E-01
  3.2875000000E+00  3.2916666667E+00  1.17171E-02  1.52010E-01
  3.2916666667E+00  3.2958333333E+00  1.17221E-02  1.56991E-01
  3.2958333333E+00  3.3000000000E+00  1.17041E-02  1.29009E-01
  3.3000000000E+00  3.3041666667E+00  1.17247E-02  1.49069E-01
  3.3041666667E+00  3.3083333333E+00  1.17584E-02  1.64166E-01
  3.3083333333E+00  3.3125000000E+00  1.17593E-02  1.45144E-01
  3.3125000000E+00  3.3166666667E+00  1.17676E-02  1.62565E-01
  3.3166666667E+00  3.3208333333E+00  1.17798E-02  1.61452E-01
  3.3208333333E+00  3.3250000000E+00  1.17487E-02  1.29684E-01
  3.3250000000E+00  3.3291666667E+00  1.17847E-02  1.56396E-01
  3.3291666667E+00  3.3333333333E+00  1.17982E-02  1.43694E-01
  3.3333333333E+00  3.3375000000E+00  1.18055E-02  1.46926E-01
  3.3375000000E+00  3.3416666667E+00  1.18044E-02  1.59950E-01
  3.3416666667E+00  3.3458333333E+00  1.18345E-02  1.55973E-01
  3.3458333333E+00  3.3500000000E+00  1.18389E-02  1.64751E-01
  3.3500000000E+00  3.3541666667E+00  1.18084E-02  1.58500E-01
  3.3541666667E+00  3.3583333333E+00  1.18256E-02  1.53397E-01
  3.3583333333E+00  3.3625000000E+00  1.18457E-02  1.57681E-01
  3.3625000000E+00  3.3666666667E+00  1.18352E-02  1.51711E-01
  3.3666666667E+00  3.3708333333E+00  1.18713E-02  1.68663E-01
  3.3708333333E+00  3.3750000000E+00  1.18527E-02  1.46087E-01
  3.3750000000E+00  3.3791666667E+00  1.18587E-02  1.45420E-01
  3.3791666667E+00  3.3833333333E+00  1.18822E-02  1.52254E-01
  3.3833333333E+00  3.3875000000E+00  1.19033E-02  1.61621E-01
  3.3875000000E+00  3.3916666667E+00  1.19030E-02  1.58410E-01
  3.3916666667E+00  3.3958333333E+00  1.19092E-02  1.57365E-01
  3.3958333333E+00  3.4000000000E+00  1.19128E-02  1.56366E-01
  3.4000000000E+00  3.4041666667E+00  1.19188E-02  1.58307E-01
  3.4041666667E+00  3.4083333333E+00  1.19101E-02  1.39640E-01
  3.4083333333E+00  3.4125000000E+00  1.19294E-02  1.50720E-01
  3.4125000000E+00  3.4166666667E+00  1.19475E-02  1.66224E-01
  3.4166666667E+00  3.4208333333E+00  1.19308E-02  1.42092E-01
  3.4208333333E+00  3.4250000000E+00  1.19271E-02  1.42590E-01
  3.4250000000E+00  3.4291666667E+00  1.19535E-02  1.50846E-01
  3.4291666667E+00  3.4333333333E+00  1.19571E-02  1.47288E-01
  3.4333333333E+00  3.4375000000E+00  1.19695E-02  1.57817E-01
  3.4375000000E+00  3.4416666667E+00  1.20046E-02  1.61439E-01
  3.4416666667E+00  3.4458333333E+00  1.19726E-02  1.41163E-01
  3.4458333333E+00  3.4500000000E+00  1.19872E-02  1.43354E-01
  3.4500000000E+00  3.4541666667E+00  1.20201E-02  1.53946E-01
  3.4541666667E+00  3.4583333333E+00  1.20239E-02  1.47916E-01
  3.4583333333E+00  3.4625000000E+00  1.20077E-02  1.39763E-01
  3.4625000000E+00  3.4666666667E+00  1.20202E-02  1.43493E-01
  3.4666666667E+00  3.4708333333E+00  1.20356E-02  1.51284E-01
  3.4708333333E+00  3.4750000000E+00  1.20412E-02  1.41222E-01
  3.4750000000E+00  3.4791666667E+00  1.20504E-02  1.36166E-01
  3.4791666667E+00  3.4833333333E+00  1.20644E-02  1.45093E-01
  3.4833333333E+00  3.4875000000E+00  1.20780E-02  1.61763E-01
  3.4875000000E+00  3.4916666667E+00  1.20965E-02  1.50275E-01
  3.4916666667E+00  3.4958333333E+00  1.21235E-02  1.68516E-01
  3.4958333333E+00  3.5000000000E+00  1.20902E-02  1.45063E-01
  3.5000000000E+00  3.5041666667E+00  1.20993E-02  1.45122E-01
  3.5041666667E+00  3.5083333333E+00  1.21542E-02  1.56421E-01
  3.5083333333E+00  3.5125000000E+00  1.21423E-02  1.56583E-01
  3.5125000000E+00  3.5166666667E+00  1.21261E-02  1.32795E-01
  3.5166666667E+00  3.5208333333E+00  1.21374E-02  1.43064E-01
  3.5208333333E+00  3.5250000000E+00  1.21541E-02  1.55458E-01
  3.5250000000E+00  3.5291666667E+00  1.21512E-02  1.43062E-01
  3.5291666667E+00  3.5333333333E+00  1.21472E-02  1.35551E-01
  3.5333333333E+00  3.5375000000E+00  1.21663E-02  1.47618E-01
  3.5375000000E+00  3.5416666667E+00  1.21552E-02  1.34634E-01
  3.5416666667E+00  3.5458333333E+00  1.21988E-02  1.50301E-01
  3.5458333333E+00  3.5500000000E+00  1.21823E-02  1.38929E-01
  3.5500000000E+00  3.5541666667E+00  1.22081E-02  1.53166E-01
  3.5541666667E+00  3.5583333333E+00  1.22333E-02  1.55886E-01
  3.5583333333E+00  3.5625000000E+00  1.22319E-02  1.58137E-01
  3.5625000000E+00  3.5666666667E+00  1.22147E-02  1.43731E-01
  3.5666666667E+00  3.5708333333E+00  1.22517E-02  1.54535E-01
  3.5708333333E+00  3.5750000000E+00  1.22596E-02  1.56349E-01
  3.5750000000E+00  3.5791666667E+00  1.22745E-02  1.53863E-01
  3.5791666667E+00  3.5833333333E+00  1.22764E-02  1.53247E-01
  3.5833333333E+00  3.5875000000E+00  1.22925E-02  1.66752E-01
  3.5875000000E+00  3.5916666667E+00  1.23154E-02  1.59966E-01
  3.5916666667E+00  3.5958333333E+00  1.23143E-02  1.59338E-01
  3.5958333333E+00  3.6000000000E+00  1.22965E-02  1.47668E-01
  3.6000000000E+00  3.6041666667E+00  1.23333E-02  1.61114E-01
  3.6041666667E+00  3.6083333333E+00  1.22928E-02  1.42100E-01
  3.6083333333E+00  3.6125000000E+00  1.23297E-02  1.52775E-01
  3.6125000000E+00  3.6166666667E+00  1.23553E-02  1.51505E-01
  3.6166666667E+00  3.6208333333E+00  1.23511E-02  1.44908E-01
  3.6208333333E+00  3.6250000000E+00  1.23586E-02  1.54882E-01
  3.6250000000E+00  3.6291666667E+00  1.23591E-02  1.48213E-01
  3.6291666667E+00  3.6333333333E+00  1.23713E-02  1.53209E-01
  3.6333333333E+00  3.6375000000E+00  1.23884E-02  1.60224E-01
  3.6375000000E+00  3.6416666667E+00  1.23825E-02  1.48537E-01
  3.6416666667E+00  3.6458333333E+00  1.23801E-02  1.53620E-01
  3.6458333333E+00  3.6500000000E+00  1.24090E-02  1.43760E-01
  3.6500000000E+00  3.6541666667E+00  1.23888E-02  1.45992E-01
  3.6541666667E+00  3.6583333333E+00  1.24079E-02  1.42748E-01
  3.6583333333E+00  3.6625000000E+00  1.24689E-02  1.54264E-01
  3.6625000000E+00  3.6666666667E+00  1.24613E-02  1.46630E-01
  3.6666666667E+00  3.6708333333E+00  1.24702E-02  1.50848E-01
  3.6708333333E+00  3.6750000000E+00  1.24449E-02  1.34295E-01
  3.6750000000E+00  3.6791666667E+00  1.24601E-02  1.38518E-01
  3.6791666667E+00  3.6833333333E+00  1.24864E-02  1.41258E-01
  3.6833333333E+00  3.6875000000E+00  1.24992E-02  1.42832E-01
  3.6875000000E+00  3.6916666667E+00  1.25013E-02  1.38669E-01
  3.6916666667E+00  3.6958333333E+00  1.25217E-02  1.51003E-01
  3.6958333333E+00  3.7000000000E+00  1.25244E-02  1.42896E-01
  3.7000000000E+00  3.7041666667E+00  1.25317E-02  1.40022E-01
  3.7041666667E+00  3.7083333333E+00  1.25537E-02  1.51656E-01
  3.7083333333E+00  3.7125000000E+00  1.25502E-02  1.35091E-01
  3.7125000000E+00  3.7166666667E+00  1.25614E-02  1.39714E-01
  3.7166666667E+00  3.7208333333E+00  1.25863E-02  1.48148E-01
  3.7208333333E+00  3.7250000000E+00  1.25785E-02  1.40753E-01
  3.7250000000E+00  3.7291666667E+00  1.26029E-02  1.46143E-01
  3.7291666667E+00  3.7333333333E+00  1.25974E-02  1.40266E-01
  3.7333333333E+00  3.7375000000E+00  1.26041E-02  1.36797E-01
  3.7375000000E+00  3.7416666667E+00  1.25942E-02  1.34840E-01
  3.7416666667E+00  3.7458333333E+00  1.26215E-02  1.45215E-01
  3.7458333333E+00  3.7500000000E+00  1.26223E-02  1.47338E-01
  3.7500000000E+00  3.7541666667E+00  1.26363E-02  1.49283E-01
  3.7541666667E+00  3.7583333333E+00  1.26460E-02  1.35916E-01
  3.7583333333E+00  3.7625000000E+00  1.26865E-02  1.64777E-01
  3.7625000000E+00  3.7666666667E+00  1.26737E-02  1.55419E-01
  3.7666666667E+00  3.7708333333E+00  1.26754E-02  1.41743E-01
  3.7708333333E+00  3.7750000000E+00  1.26749E-02  1.44206E-01
  3.7750000000E+00  3.7791666667E+00  1.27127E-02  1.41669E-01
  3.7791666667E+00  3.7833333333E+00  1.27038E-02  1.29627E-01
  3.7833333333E+00  3.7875000000E+00  1.27387E-02  1.50927E-01
  3.7875000000E+00  3.7916666667E+00  1.27378E-02  1.45473E-01
  3.7916666667E+00  3.7958333333E+00  1.27541E-02  1.49399E-01
  3.7958333333E+00  3.8000000000E+00  1.27650E-02  1.56375E-01
  3.8000000000E+00  3.8041666667E+00  1.27555E-02  1.35495E-01
  3.8041666667E+00  3.8083333333E+00  1.27727E-02  1.43092E-01
  3.8083333333E+00  3.8125000000E+00  1.27771E-02  1.36867E-01
  3.8125000000E+00  3.8166666667E+00  1.27893E-02  1.46664E-01
  3.8166666667E+00  3.8208333333E+00  1.27644E-02  1.43354E-01
  3.8208333333E+00  3.8250000000E+00  1.27803E-02  1.39068E-01
  3.8250000000E+00  3.8291666667E+00  1.27868E-02  1.35249E-01
  3.8291666667E+00  3.8333333333E+00  1.28075E-02  1.42786E-01
  3.8333333333E+00  3.8375000000E+00  1.28173E-02  1.34262E-01
  3.8375000000E+00  3.8416666667E+00  1.28478E-02  1.34293E-01
  3.8416666667E+00  3.8458333333E+00  1.28721E-02  1.46111E-01
  3.8458333333E+00  3.8500000000E+00  1.28738E-02  1.37039E-01
  3.8500000000E+00  3.8541666667E+00  1.28552E-02  1.32567E-01
  3.8541666667E+00  3.8583333333E+00  1.28953E-02  1.34439E-01
  3.8583333333E+00  3.8625000000E+00  1.29120E-02  1.39489E-01
  3.8625000000E+00  3.8666666667E+00  1.29021E-02  1.42027E-01
  3.8666666667E+00  3.8708333333E+00  1.29396E-02  1.57300E-01
  3.8708333333E+00  3.8750000000E+00  1.29387E-02  1.39894E-01
  3.8750000000E+00  3.8791666667E+00  1.29521E-02  1.44683E-01
  3.8791666667E+00  3.8833333333E+00  1.29669E-02  1.45067E-01
  3.8833333333E+00  3.8875000000E+00  1.29576E-02  1.41335E-01
  3.8875000000E+00  3.8916666667E+00  1.29848E-02  1.47478E-01
  3.8916666667E+00  3.8958333333E+00  1.30032E-02  1.44245E-01
  3.8958333333E+00  3.9000000000E+00  1.30147E-02  1.36931E-01
  3.9000000000E+00  3.9041666667E+00  1.30084E-02  1.38079E-01
  3.9041666667E+00  3.9083333333E+00  1.30313E-02  1.49143E-01
  3.9083333333E+00  3.9125000000E+00  1.30267E-02  1.39040E-01
  3.9125000000E+00  3.9166666667E+00  1.30294E-02  1.30855E-01
  3.9166666667E+00  3.9208333333E+00  1.30227E-02  1.30382E-01
  3.9208333333E+00  3.9250000000E+00  1.30527E-02  1.40621E-01
  3.9250000000E+00  3.9291666667E+00  1.30694E-02  1.36621E-01
  3.9291666667E+00  3.9333333333E+00  1.30782E-02  1.37006E-01
  3.9333333333E+00  3.9375000000E+00  1.30745E-02  1.30195E-01
  3.9375000000E+00  3.9416666667E+00  1.31044E-02  1.42380E-01
  3.9416666667E+00  3.9458333333E+00  1.31132E-02  1.40472E-01
  3.9458333333E+00  3.9500000000E+00  1.31272E-02  1.34718E-01
  3.9500000000E+00  3.9541666667E+00  1.31199E-02  1.21194E-01
  3.9541666667E+00  3.9583333333E+00  1.31679E-02  1.51849E-01
  3.9583333333E+00  3.9625000000E+00  1.31691E-02  1.50996E-01
  3.9625000000E+00  3.9666666667E+00  1.31653E-02  1.33024E-01
  3.9666666667E+00  3.9708333333E+00  1.31996E-02  1.44975E-01
  3.9708333333E+00  3.9750000000E+00  1.32133E-02  1.49369E-01
  3.9750000000E+00  3.9791666667E+00  1.32112E-02  1.50892E-01
  3.9791666667E+00  3.9833333333E+00  1.32195E-02  1.49248E-01
  3.9833333333E+00  3.9875000000E+00  1.32430E-02  1.41654E-01
  3.9875000000E+00  3.9916666667E+00  1.32539E-02  1.42206E-01
  3.9916666667E+00  3.9958333333E+00  1.32726E-02  1.41687E-01
  3.9958333333E+00  4.0000000000E+00  1.32709E-02  1.39411E-01
  4.0000000000E+00  4.0041666667E+00  1.32687E-02  1.36834E-01
  4.0041666667E+00  4.0083333333E+00  1.32884E-02  1.43949E-01
  4.0083333333E+00  4.0125000000E+00  1.32971E-02  1.34831E-01
  4.0125000000E+00  4.0166666667E+00  1.33039E-02  1.41798E-01
  4.0166666667E+00  4.0208333333E+00  1.33083E-02  1.37056E-01
  4.0208333333E+00  4.0250000000E+00  1.33365E-02  1.49392E-01
  4.0250000000E+00  4.0291666667E+00  1.33518E-02  1.46391E-01
  4.0291666667E+00  4.0333333333E+00  1.33428E-02  1.47801E-01
  4.0333333333E+00  4.0375000000E+00  1.33375E-02  1.44908E-01
  4.0375000000E+00  4.0416666667E+00  1.33684E-02  1.41356E-01
  4.0416666667E+00  4.0458333333E+00  1.33766E-02  1.39705E-01
  4.0458333333E+00  4.0500000000E+00  1.33907E-02  1.38793E-01
  4.0500000000E+00  4.0541666667E+00  1.34041E-02  1.31512E-01
  4.0541666667E+00  4.0583333333E+00  1.33947E-02  1.36134E-01
  4.0583333333E+00  4.0625000000E+00  1.34242E-02  1.28687E-01
  4.0625000000E+00  4.0666666667E+00  1.34573E-02  1.38723E-01
  4.0666666667E+00  4.0708333333E+00  1.34635E-02  1.42608E-01
  4.0708333333E+00  4.0750000000E+00  1.34515E-02  1.27454E-01
  4.0750000000E+00  4.0791666667E+00  1.34806E-02  1.43376E-01
  4.0791666667E+00  4.0833333333E+00  1.35054E-02  1.40726E-01
  4.0833333333E+00  4.0875000000E+00  1.35031E-02  1.40628E-01
  4.0875000000E+00  4.0916666667E+00  1.35229E-02  1.42810E-01
  4.0916666667E+00  4.0958333333E+00  1.35316E-02  1.40480E-01
  4.0958333333E+00  4.1000000000E+00  1.35575E-02  1.48044E-01
  4.1000000000E+00  4.1041666667E+00  1.35567E-02  1.37867E-01
  4.1041666667E+00  4.1083333333E+00  1.35817E-02  1.33669E-01
  4.1083333333E+00  4.1125000000E+00  1.35923E-02  1.40282E-01
  4.1125000000E+00  4.1166666667E+00  1.35935E-02  1.34591E-01
  4.1166666667E+00  4.1208333333E+00  1.35864E-02  1.38618E-01
  4.1208333333E+00  4.1250000000E+00  1.36174E-02  1.41183E-01
  4.1250000000E+00  4.1291666667E+00  1.36169E-02  1.44016E-01
  4.1291666667E+00  4.1333333333E+00  1.36516E-02  1.38304E-01
  4.1333333333E+00  4.1375000000E+00  1.36633E-02  1.39698E-01
  4.1375000000E+00  4.1416666667E+00  1.36729E-02  1.43261E-01
  4.1416666667E+00  4.1458333333E+00  1.36836E-02  1.40936E-01
  4.1458333333E+00  4.1500000000E+00  1.37061E-02  1.39472E-01
  4.1500000000E+00  4.1541666667E+00  1.36977E-02  1.27234E-01
  4.1541666667E+00  4.1583333333E+00  1.37314E-02  1.45990E-01
  4.1583333333E+00  4.1625000000E+00  1.37246E-02  1.36481E-01
  4.1625000000E+00  4.1666666667E+00  1.37538E-02  1.46217E-01
  4.1666666667E+00  4.1708333333E+00  1.37572E-02  1.36862E-01
  4.1708333333E+00  4.1750000000E+00  1.37751E-02  1.36857E-01
  4.1750000000E+00  4.1791666667E+00  1.37870E-02  1.44634E-01
  4.1791666667E+00  4.1833333333E+00  1.38139E-02  1.38461E-01
  4.1833333333E+00  4.1875000000E+00  1.38277E-02  1.42013E-01
  4.1875000000E+00  4.1916666667E+00  1.38362E-02  1.42010E-01
  4.1916666667E+00  4.1958333333E+00  1.38310E-02  1.26801E-01
  4.1958333333E+00  4.2000000000E+00  1.38573E-02  1.34085E-01
  4.2000000000E+00  4.2041666667E+00  1.38600E-02  1.31796E-01
  4.2041666667E+00  4.2083333333E+00  1.38878E-02  1.41248E-01
  4.2083333333E+00  4.2125000000E+00  1.38986E-02  1.35584E-01
  4.2125000000E+00  4.2166666667E+00  1.39323E-02  1.36203E-01
  4.2166666667E+00  4.2208333333E+00  1.39299E-02  1.43996E-01
  4.2208333333E+00  4.2250000000E+00  1.39538E-02  1.42294E-01
  4.2250000000E+00  4.2291666667E+00  1.39205E-02  1.35809E-01
  4.2291666667E+00  4.2333333333E+00  1.39548E-02  1.38433E-01
  4.2333333333E+00  4.2375000000E+00  1.39736E-02  1.42638E-01
  4.2375000000E+00  4.2416666667E+00  1.39645E-02  1.26208E-01
  4.2416666667E+00  4.2458333333E+00  1.39923E-02  1.37668E-01
  4.2458333333E+00  4.2500000000E+00  1.40026E-02  1.37743E-01
  4.2500000000E+00  4.2541666667E+00  1.40004E-02  1.28628E-01
  4.2541666667E+00  4.2583333333E+00  1.40254E-02  1.28754E-01
  4.2583333333E+00  4.2625000000E+00  1.40538E-02  1.30555E-01
  4.2625000000E+00  4.2666666667E+00  1.40945E-02  1.41953E-01
  4.2666666667E+00  4.2708333333E+00  1.41119E-02  1.45612E-01
  4.2708333333E+00  4.2750000000E+00  1.41084E-02  1.31744E-01
  4.2750000000E+00  4.2791666667E+00  1.41172E-02  1.34889E-01
  4.2791666667E+00  4.2833333333E+00  1.41187E-02  1.33569E-01
  4.2833333333E+00  4.2875000000E+00  1.41285E-02  1.30417E-01
  4.2875000000E+00  4.2916666667E+00  1.41516E-02  1.30625E-01
  4.2916666667E+00  4.2958333333E+00  1.41370E-02  1.21545E-01
  4.2958333333E+00  4.3000000000E+00  1.41866E-02  1.26452E-01
  4.3000000000E+00  4.3041666667E+00  1.42224E-02  1.34931E-01
  4.3041666667E+00  4.3083333333E+00  1.42018E-02  1.19135E-01
  4.3083333333E+00  4.3125000000E+00  1.42543E-02  1.42016E-01
  4.3125000000E+00  4.3166666667E+00  1.42692E-02  1.45158E-01
  4.3166666667E+00  4.3208333333E+00  1.42693E-02  1.26296E-01
  4.3208333333E+00  4.3250000000E+00  1.42912E-02  1.36185E-01
  4.3250000000E+00  4.3291666667E+00  1.43131E-02  1.42336E-01
  4.3291666667E+00  4.3333333333E+00  1.42951E-02  1.34688E-01
  4.3333333333E+00  4.3375000000E+00  1.43224E-02  1.41209E-01
  4.3375000000E+00  4.3416666667E+00  1.43315E-02  1.30918E-01
  4.3416666667E+00  4.3458333333E+00  1.43329E-02  1.30086E-01
  4.3458333333E+00  4.3500000000E+00  1.43504E-02  1.23270E-01
  4.3500000000E+00  4.3541666667E+00  1.44037E-02  1.31518E-01
  4.3541666667E+00  4.3583333333E+00  1.44313E-02  1.33070E-01
  4.3583333333E+00  4.3625000000E+00  1.44375E-02  1.45412E-01
  4.3625000000E+00  4.3666666667E+00  1.44464E-02  1.25000E-01
  4.3666666667E+00  4.3708333333E+00  1.44602E-02  1.23592E-01
  4.3708333333E+00  4.3750000000E+00  1.44914E-02  1.29944E-01
  4.3750000000E+00  4.3791666667E+00  1.45154E-02  1.32002E-01
  4.3791666667E+00  4.3833333333E+00  1.45226E-02  1.42659E-01
  4.3833333333E+00  4.3875000000E+00  1.45138E-02  1.26731E-01
  4.3875000000E+00  4.3916666667E+00  1.45450E-02  1.39043E-01
  4.3916666667E+00  4.3958333333E+00  1.45747E-02  1.35783E-01
  4.3958333333E+00  4.4000000000E+00  1.45815E-02  1.25438E-01
  4.4000000000E+00  4.4041666667E+00  1.46128E-02  1.28087E-01
  4.4041666667E+00  4.4083333333E+00  1.46102E-02  1.32881E-01
  4.4083333333E+00  4.4125000000E+00  1.46386E-02  1.43340E-01
  4.4125000000E+00  4.4166666667E+00  1.46284E-02  1.24039E-01
  4.4166666667E+00  4.4208333333E+00  1.46583E-02  1.26218E-01
  4.4208333333E+00  4.4250000000E+00  1.46767E-02  1.33975E-01
  4.4250000000E+00  4.4291666667E+00  1.47109E-02  1.37836E-01
  4.4291666667E+00  4.4333333333E+00  1.47192E-02  1.34621E-01
  4.4333333333E+00  4.4375000000E+00  1.47624E-02  1.38715E-01
  4.4375000000E+00  4.4416666667E+00  1.47706E-02  1.30621E-01
  4.4416666667E+00  4.4458333333E+00  1.47796E-02  1.34383E-01
  4.4458333333E+00  4.4500000000E+00  1.47857E-02  1.37645E-01
  4.4500000000E+00  4.4541666667E+00  1.48186E-02  1.26335E-01
  4.4541666667E+00  4.4583333333E+00  1.48011E-02  1.26043E-01
  4.4583333333E+00  4.4625000000E+00  1.48249E-02  1.20828E-01
  4.4625000000E+00  4.4666666667E+00  1.48497E-02  1.34155E-01
  4.4666666667E+00  4.4708333333E+00  1.48966E-02  1.27269E-01
  4.4708333333E+00  4.4750000000E+00  1.49206E-02  1.45583E-01
  4.4750000000E+00  4.4791666667E+00  1.49259E-02  1.33055E-01
  4.4791666667E+00  4.4833333333E+00  1.49337E-02  1.36863E-01
  4.4833333333E+00  4.4875000000E+00  1.49336E-02  1.29682E-01
  4.4875000000E+00  4.4916666667E+00  1.49669E-02  1.26867E-01
  4.4916666667E+00  4.4958333333E+00  1.49892E-02  1.23589E-01
  4.4958333333E+00  4.5000000000E+00  1.50009E-02  1.22952E-01
  4.5000000000E+00  4.5041666667E+00  1.50055E-02  1.21596E-01
  4.5041666667E+00  4.5083333333E+00  1.50413E-02  1.31795E-01
  4.5083333333E+00  4.5125000000E+00  1.50700E-02  1.24934E-01
  4.5125000000E+00  4.5166666667E+00  1.50773E-02  1.24624E-01
  4.5166666667E+00  4.5208333333E+00  1.50876E-02  1.23868E-01
  4.5208333333E+00  4.5250000000E+00  1.51282E-02  1.27537E-01
  4.5250000000E+00  4.5291666667E+00  1.51532E-02  1.37887E-01
  4.5291666667E+00  4.5333333333E+00  1.51821E-02  1.35116E-01
  4.5333333333E+00  4.5375000000E+00  1.51801E-02  1.25773E-01
  4.5375000000E+00  4.5416666667E+00  1.52036E-02  1.45750E-01
  4.5416666667E+00  4.5458333333E+00  1.51961E-02  1.28848E-01
  4.5458333333E+00  4.5500000000E+00  1.52038E-02  1.22736E-01
  4.5500000000E+00  4.5541666667E+00  1.52291E-02  1.30902E-01
  4.5541666667E+00  4.5583333333E+00  1.52686E-02  1.32567E-01
  4.5583333333E+00  4.5625000000E+00  1.52929E-02  1.27148E-01
  4.5625000000E+00  4.5666666667E+00  1.53040E-02  1.32707E-01
  4.5666666667E+00  4.5708333333E+00  1.53370E-02  1.30714E-01
  4.5708333333E+00  4.5750000000E+00  1.53381E-02  1.28588E-01
  4.5750000000E+00  4.5791666667E+00  1.53407E-02  1.20941E-01
  4.5791666667E+00  4.5833333333E+00  1.53922E-02  1.41969E-01
  4.5833333333E+00  4.5875000000E+00  1.53931E-02  1.28730E-01
  4.5875000000E+00  4.5916666667E+00  1.54366E-02  1.30491E-01
  4.5916666667E+00  4.5958333333E+00  1.54282E-02  1.11731E-01
  4.5958333333E+00  4.6000000000E+00  1.54621E-02  1.35256E-01
  4.6000000000E+00  4.6041666667E+00  1.54765E-02  1.24653E-01
  4.6041666667E+00  4.6083333333E+00  1.55093E-02  1.28406E-01
  4.6083333333E+00  4.6125000000E+00  1.55465E-02  1.25925E-01
  4.6125000000E+00  4.6166666667E+00  1.55743E-02  1.30538E-01
  4.6166666667E+00  4.6208333333E+00  1.55892E-02  1.34882E-01
  4.6208333333E+00  4.6250000000E+00  1.56000E-02  1.27775E-01
  4.6250000000E+00  4.6291666667E+00  1.56060E-02  1.27435E-01
  4.6291666667E+00  4.6333333333E+00  1.56608E-02  1.30939E-01
  4.6333333333E+00  4.6375000000E+00  1.56668E-02  1.25013E-01
  4.6375000000E+00  4.6416666667E+00  1.56674E-02  1.20646E-01
  4.6416666667E+00  4.6458333333E+00  1.57037E-02  1.29199E-01
  4.6458333333E+00  4.6500000000E+00  1.57325E-02  1.33763E-01
  4.6500000000E+00  4.6541666667E+00  1.57333E-02  1.17221E-01
  4.6541666667E+00  4.6583333333E+00  1.57519E-02  1.12131E-01
  4.6583333333E+00  4.6625000000E+00  1.57822E-02  1.17781E-01
  4.6625000000E+00  4.6666666667E+00  1.58230E-02  1.17558E-01
  4.6666666667E+00  4.6708333333E+00  1.58605E-02  1.26768E-01
  4.6708333333E+00  4.6750000000E+00  1.58779E-02  1.29472E-01
  4.6750000000E+00  4.6791666667E+00  1.59082E-02  1.33609E-01
  4.6791666667E+00  4.6833333333E+00  1.59157E-02  1.21669E-01
  4.6833333333E+00  4.6875000000E+00  1.59366E-02  1.34192E-01
  4.6875000000E+00  4.6916666667E+00  1.59794E-02  1.19451E-01
  4.6916666667E+00  4.6958333333E+00  1.59995E-02  1.26229E-01
  4.6958333333E+00  4.7000000000E+00  1.60423E-02  1.25704E-01
  4.7000000000E+00  4.7041666667E+00  1.60320E-02  1.20752E-01
  4.7041666667E+00  4.7083333333E+00  1.60661E-02  1.29932E-01
  4.7083333333E+00  4.7125000000E+00  1.60720E-02  1.20037E-01
  4.7125000000E+00  4.7166666667E+00  1.61402E-02  1.27592E-01
  4.7166666667E+00  4.7208333333E+00  1.61615E-02  1.28105E-01
  4.7208333333E+00  4.7250000000E+00  1.61968E-02  1.30069E-01
  4.7250000000E+00  4.7291666667E+00  1.62127E-02  1.25221E-01
  4.7291666667E+00  4.7333333333E+00  1.61947E-02  1.17720E-01
  4.7333333333E+00  4.7375000000E+00  1.62351E-02  1.18234E-01
  4.7375000000E+00  4.7416666667E+00  1.62897E-02  1.27018E-01
  4.7416666667E+00  4.7458333333E+00  1.63206E-02  1.30484E-01
  4.7458333333E+00  4.7500000000E+00  1.63438E-02  1.21484E-01
  4.7500000000E+00  4.7541666667E+00  1.63717E-02  1.30193E-01
  4.7541666667E+00  4.7583333333E+00  1.64014E-02  1.26288E-01
  4.7583333333E+00  4.7625000000E+00  1.64128E-02  1.26396E-01
  4.7625000000E+00  4.7666666667E+00  1.64290E-02  1.13847E-01
  4.7666666667E+00  4.7708333333E+00  1.64791E-02  1.30133E-01
  4.7708333333E+00  4.7750000000E+00  1.64905E-02  1.20506E-01
  4.7750000000E+00  4.7791666667E+00  1.65289E-02  1.26825E-01
  4.7791666667E+00  4.7833333333E+00  1.65686E-02  1.30919E-01
  4.7833333333E+00  4.7875000000E+00  1.65740E-02  1.30666E-01
  4.7875000000E+00  4.7916666667E+00  1.65863E-02  1.23053E-01
  4.7916666667E+00  4.7958333333E+00  1.66000E-02  1.24519E-01
  4.7958333333E+00  4.8000000000E+00  1.66430E-02  1.22542E-01
  4.8000000000E+00  4.8041666667E+00  1.66927E-02  1.26184E-01
  4.8041666667E+00  4.8083333333E+00  1.67102E-02  1.24487E-01
  4.8083333333E+00  4.8125000000E+00  1.67210E-02  1.10396E-01
  4.8125000000E+00  4.8166666667E+00  1.67482E-02  1.13018E-01
  4.8166666667E+00  4.8208333333E+00  1.67760E-02  1.14790E-01
  4.8208333333E+00  4.8250000000E+00  1.68010E-02  1.15063E-01
  4.8250000000E+00  4.8291666667E+00  1.68417E-02  1.20638E-01
  4.8291666667E+00  4.8333333333E+00  1.68547E-02  1.15717E-01
  4.8333333333E+00  4.8375000000E+00  1.69000E-02  1.18294E-01
  4.8375000000E+00  4.8416666667E+00  1.69430E-02  1.19135E-01
  4.8416666667E+00  4.8458333333E+00  1.69837E-02  1.18853E-01
  4.8458333333E+00  4.8500000000E+00  1.70327E-02  1.21700E-01
  4.8500000000E+00  4.8541666667E+00  1.70526E-02  1.25876E-01
  4.8541666667E+00  4.8583333333E+00  1.70604E-02  1.18842E-01
  4.8583333333E+00  4.8625000000E+00  1.70993E-02  1.13414E-01
  4.8625000000E+00  4.8666666667E+00  1.71537E-02  1.21311E-01
  4.8666666667E+00  4.8708333333E+00  1.71741E-02  1.18598E-01
  4.8708333333E+00  4.8750000000E+00  1.72184E-02  1.16736E-01
  4.8750000000E+00  4.8791666667E+00  1.72608E-02  1.22413E-01
  4.8791666667E+00  4.8833333333E+00  1.72924E-02  1.28296E-01
  4.8833333333E+00  4.8875000000E+00  1.73121E-02  1.21936E-01
  4.8875000000E+00  4.8916666667E+00  1.73277E-02  1.21595E-01
  4.8916666667E+00  4.8958333333E+00  1.73611E-02  1.13688E-01
  4.8958333333E+00  4.9000000000E+00  1.74147E-02  1.15783E-01
  4.9000000000E+00  4.9041666667E+00  1.74458E-02  1.25356E-01
  4.9041666667E+00  4.9083333333E+00  1.74738E-02  1.14896E-01
  4.9083333333E+00  4.9125000000E+00  1.74894E-02  1.12374E-01
  4.9125000000E+00  4.9166666667E+00  1.75232E-02  1.14012E-01
  4.9166666667E+00  4.9208333333E+00  1.75488E-02  1.14686E-01
  4.9208333333E+00  4.9250000000E+00  1.76074E-02  1.19945E-01
  4.9250000000E+00  4.9291666667E+00  1.76539E-02  1.19143E-01
  4.9291666667E+00  4.9333333333E+00  1.77024E-02  1.20513E-01
  4.9333333333E+00  4.9375000000E+00  1.77098E-02  1.18605E-01
  4.9375000000E+00  4.9416666667E+00  1.77556E-02  1.13959E-01
  4.9416666667E+00  4.9458333333E+00  1.77834E-02  1.08978E-01
  4.9458333333E+00  4.9500000000E+00  1.78354E-02  1.17923E-01
  4.9500000000E+00  4.9541666667E+00  1.78698E-02  1.18058E-01
  4.9541666667E+00  4.9583333333E+00  1.79101E-02  1.16846E-01
  4.9583333333E+00  4.9625000000E+00  1.79370E-02  1.13475E-01
  4.9625000000E+00  4.9666666667E+00  1.80039E-02  1.20747E-01
  4.9666666667E+00  4.9708333333E+00  1.80254E-02  1.11211E-01
  4.9708333333E+00  4.9750000000E+00  1.80757E-02  1.19873E-01
  4.9750000000E+00  4.9791666667E+00  1.81130E-02  1.20668E-01
  4.9791666667E+00  4.9833333333E+00  1.81820E-02  1.29797E-01
  4.9833333333E+00  4.9875000000E+00  1.82089E-02  1.16347E-01
  4.9875000000E+00  4.9916666667E+00  1.82457E-02  1.13858E-01
  4.9916666667E+00  4.9958333333E+00  1.82816E-02  1.14301E-01
  4.9958333333E+00  5.0000000000E+00  1.83216E-02  1.09458E-01
  5.0000000000E+00  5.0041666667E+00  1.83575E-02  1.12899E-01
  5.0041666667E+00  5.0083333333E+00  1.84470E-02  1.15617E-01
  5.0083333333E+00  5.0125000000E+00  1.84440E-02  1.07864E-01
  5.0125000000E+00  5.0166666667E+00  1.84947E-02  1.14430E-01
  5.0166666667E+00  5.0208333333E+00  1.85565E-02  1.10471E-01
  5.0208333333E+00  5.0250000000E+00  1.86167E-02  1.17709E-01
  5.0250000000E+00  5.0291666667E+00  1.86818E-02  1.18679E-01
  5.0291666667E+00  5.0333333333E+00  1.87015E-02  1.06930E-01
  5.0333333333E+00  5.0375000000E+00  1.87465E-02  1.13157E-01
  5.0375000000E+00  5.0416666667E+00  1.88077E-02  1.17820E-01
  5.0416666667E+00  5.0458333333E+00  1.88298E-02  1.14650E-01
  5.0458333333E+00  5.0500000000E+00  1.88839E-02  1.17798E-01
  5.0500000000E+00  5.0541666667E+00  1.89487E-02  1.16580E-01
  5.0541666667E+00  5.0583333333E+00  1.90011E-02  1.17762E-01
  5.0583333333E+00  5.0625000000E+00  1.90565E-02  1.14694E-01
  5.0625000000E+00  5.0666666667E+00  1.91322E-02  1.16115E-01
  5.0666666667E+00  5.0708333333E+00  1.92004E-02  1.21215E-01
  5.0708333333E+00  5.0750000000E+00  1.92223E-02  1.12042E-01
  5.0750000000E+00  5.0791666667E+00  1.92616E-02  1.14737E-01
  5.0791666667E+00  5.0833333333E+00  1.93122E-02  1.14853E-01
  5.0833333333E+00  5.0875000000E+00  1.93958E-02  1.16086E-01
  5.0875000000E+00  5.0916666667E+00  1.94272E-02  1.06791E-01
  5.0916666667E+00  5.0958333333E+00  1.94909E-02  1.08498E-01
  5.0958333333E+00  5.1000000000E+00  1.95531E-02  1.07595E-01
  5.1000000000E+00  5.1041666667E+00  1.96197E-02  1.12970E-01
  5.1041666667E+00  5.1083333333E+00  1.96840E-02  1.12274E-01
  5.1083333333E+00  5.1125000000E+00  1.97474E-02  1.13501E-01
  5.1125000000E+00  5.1166666667E+00  1.98035E-02  1.11623E-01
  5.1166666667E+00  5.1208333333E+00  1.98802E-02  1.09188E-01
  5.1208333333E+00  5.1250000000E+00  1.99277E-02  1.04308E-01
  5.1250000000E+00  5.1291666667E+00  2.00156E-02  1.07418E-01
  5.1291666667E+00  5.1333333333E+00  2.00919E-02  1.11250E-01
  5.1333333333E+00  5.1375000000E+00  2.01793E-02  1.20024E-01
  5.1375000000E+00  5.1416666667E+00  2.02138E-02  1.08404E-01
  5.1416666667E+00  5.1458333333E+00  2.02889E-02  1.05847E-01
  5.1458333333E+00  5.1500000000E+00  2.03909E-02  1.10253E-01
  5.1500000000E+00  5.1541666667E+00  2.04695E-02  1.13508E-01
  5.1541666667E+00  5.1583333333E+00  2.05356E-02  1.08671E-01
  5.1583333333E+00  5.1625000000E+00  2.06281E-02  1.10945E-01
  5.1625000000E+00  5.1666666667E+00  2.06803E-02  1.10063E-01
  5.1666666667E+00  5.1708333333E+00  2.07752E-02  1.12564E-01
  5.1708333333E+00  5.1750000000E+00  2.08643E-02  1.11168E-01
  5.1750000000E+00  5.1791666667E+00  2.09736E-02  1.13924E-01
  5.1791666667E+00  5.1833333333E+00  2.10358E-02  1.05464E-01
  5.1833333333E+00  5.1875000000E+00  2.11391E-02  1.06803E-01
  5.1875000000E+00  5.1916666667E+00  2.12256E-02  1.09401E-01
  5.1916666667E+00  5.1958333333E+00  2.13356E-02  1.09971E-01
  5.1958333333E+00  5.2000000000E+00  2.14246E-02  1.08123E-01
  5.2000000000E+00  5.2041666667E+00  2.15051E-02  9.82951E-02
  5.2041666667E+00  5.2083333333E+00  2.16039E-02  1.05908E-01
  5.2083333333E+00  5.2125000000E+00  2.17428E-02  1.06689E-01
  5.2125000000E+00  5.2166666667E+00  2.18080E-02  1.03032E-01
  5.2166666667E+00  5.2208333333E+00  2.19310E-02  1.04884E-01
  5.2208333333E+00  5.2250000000E+00  2.20543E-02  1.14462E-01
  5.2250000000E+00  5.2291666667E+00  2.21345E-02  1.08787E-01
  5.2291666667E+00  5.2333333333E+00  2.22574E-02  1.07306E-01
  5.2333333333E+00  5.2375000000E+00  2.23848E-02  1.16031E-01
  5.2375000000E+00  5.2416666667E+00  2.24782E-02  1.09805E-01
  5.2416666667E+00  5.2458333333E+00  2.25500E-02  1.04123E-01
  5.2458333333E+00  5.2500000000E+00  2.26314E-02  1.06977E-01
  5.2500000000E+00  5.2541666667E+00  2.27662E-02  1.11301E-01
  5.2541666667E+00  5.2583333333E+00  2.28659E-02  1.08239E-01
  5.2583333333E+00  5.2625000000E+00  2.29650E-02  1.14616E-01
  5.2625000000E+00  5.2666666667E+00  2.30718E-02  1.14417E-01
  5.2666666667E+00  5.2708333333E+00  2.31784E-02  1.11229E-01
  5.2708333333E+00  5.2750000000E+00  2.32659E-02  1.12586E-01
  5.2750000000E+00  5.2791666667E+00  2.33699E-02  1.12063E-01
  5.2791666667E+00  5.2833333333E+00  2.34448E-02  1.15247E-01
  5.2833333333E+00  5.2875000000E+00  2.35179E-02  1.09548E-01
  5.2875000000E+00  5.2916666667E+00  2.36201E-02  1.14210E-01
  5.2916666667E+00  5.2958333333E+00  2.36786E-02  1.17056E-01
  5.2958333333E+00  5.3000000000E+00  2.37607E-02  1.13117E-01
  5.3000000000E+00  5.3041666667E+00  2.38187E-02  1.12126E-01
  5.3041666667E+00  5.3083333333E+00  2.39111E-02  1.13221E-01
  5.3083333333E+00  5.3125000000E+00  2.39254E-02  1.09605E-01
  5.3125000000E+00  5.3166666667E+00  2.40538E-02  1.20691E-01
  5.3166666667E+00  5.3208333333E+00  2.40741E-02  1.16709E-01
  5.3208333333E+00  5.3250000000E+00  2.41202E-02  1.18231E-01
  5.3250000000E+00  5.3291666667E+00  2.41718E-02  1.21562E-01
  5.3291666667E+00  5.3333333333E+00  2.42022E-02  1.17164E-01
  5.3333333333E+00  5.3375000000E+00  2.42317E-02  1.18536E-01
  5.3375000000E+00  5.3416666667E+00  2.42310E-02  1.13314E-01
  5.3416666667E+00  5.3458333333E+00  2.42824E-02  1.18295E-01
  5.3458333333E+00  5.3500000000E+00  2.43155E-02  1.15034E-01
  5.3500000000E+00  5.3541666667E+00  2.43299E-02  1.19537E-01
  5.3541666667E+00  5.3583333333E+00  2.43346E-02  1.18117E-01
  5.3583333333E+00  5.3625000000E+00  2.43242E-02  1.20337E-01
  5.3625000000E+00  5.3666666667E+00  2.43567E-02  1.18350E-01
  5.3666666667E+00  5.3708333333E+00  2.43291E-02  1.15361E-01
  5.3708333333E+00  5.3750000000E+00  2.43242E-02  1.15201E-01
  5.3750000000E+00  5.3791666667E+00  2.43467E-02  1.19646E-01
  5.3791666667E+00  5.3833333333E+00  2.43171E-02  1.17335E-01
  5.3833333333E+00  5.3875000000E+00  2.43194E-02  1.18226E-01
  5.3875000000E+00  5.3916666667E+00  2.43012E-02  1.23977E-01
  5.3916666667E+00  5.3958333333E+00  2.43144E-02  1.16821E-01
  5.3958333333E+00  5.4000000000E+00  2.43008E-02  1.19937E-01
  5.4000000000E+00  5.4041666667E+00  2.43011E-02  1.18772E-01
  5.4041666667E+00  5.4083333333E+00  2.42699E-02  1.11257E-01
  5.4083333333E+00  5.4125000000E+00  2.42583E-02  1.20774E-01
  5.4125000000E+00  5.4166666667E+00  2.41982E-02  1.11518E-01
  5.4166666667E+00  5.4208333333E+00  2.42184E-02  1.17342E-01
  5.4208333333E+00  5.4250000000E+00  2.42043E-02  1.19356E-01
  5.4250000000E+00  5.4291666667E+00  2.41713E-02  1.19680E-01
  5.4291666667E+00  5.4333333333E+00  2.41576E-02  1.17229E-01
  5.4333333333E+00  5.4375000000E+00  2.41552E-02  1.19555E-01
  5.4375000000E+00  5.4416666667E+00  2.41627E-02  1.18359E-01
  5.4416666667E+00  5.4458333333E+00  2.41227E-02  1.18073E-01
  5.4458333333E+00  5.4500000000E+00  2.41431E-02  1.20534E-01
  5.4500000000E+00  5.4541666667E+00  2.41182E-02  1.16417E-01
  5.4541666667E+00  5.4583333333E+00  2.41131E-02  1.20769E-01
  5.4583333333E+00  5.4625000000E+00  2.40814E-02  1.20780E-01
  5.4625000000E+00  5.4666666667E+00  2.40840E-02  1.23396E-01
  5.4666666667E+00  5.4708333333E+00  2.40655E-02  1.18958E-01
  5.4708333333E+00  5.4750000000E+00  2.40562E-02  1.17014E-01
  5.4750000000E+00  5.4791666667E+00  2.40601E-02  1.17534E-01
  5.4791666667E+00  5.4833333333E+00  2.40540E-02  1.22241E-01
  5.4833333333E+00  5.4875000000E+00  2.40502E-02  1.20221E-01
  5.4875000000E+00  5.4916666667E+00  2.40763E-02  1.21158E-01
  5.4916666667E+00  5.4958333333E+00  2.41230E-02  1.26055E-01
  5.4958333333E+00  5.5000000000E+00  2.40744E-02  1.19905E-01
  5.5000000000E+00  5.5041666667E+00  2.40772E-02  1.18527E-01
  5.5041666667E+00  5.5083333333E+00  2.40741E-02  1.24171E-01
  5.5083333333E+00  5.5125000000E+00  2.40788E-02  1.23767E-01
  5.5125000000E+00  5.5166666667E+00  2.40912E-02  1.22479E-01
  5.5166666667E+00  5.5208333333E+00  2.40795E-02  1.22683E-01
  5.5208333333E+00  5.5250000000E+00  2.40785E-02  1.20654E-01
  5.5250000000E+00  5.5291666667E+00  2.40664E-02  1.19585E-01
  5.5291666667E+00  5.5333333333E+00  2.40846E-02  1.22536E-01
  5.5333333333E+00  5.5375000000E+00  2.40910E-02  1.19752E-01
  5.5375000000E+00  5.5416666667E+00  2.40968E-02  1.21382E-01
  5.5416666667E+00  5.5458333333E+00  2.41092E-02  1.22164E-01
  5.5458333333E+00  5.5500000000E+00  2.41195E-02  1.20546E-01
  5.5500000000E+00  5.5541666667E+00  2.41227E-02  1.24118E-01
  5.5541666667E+00  5.5583333333E+00  2.41049E-02  1.23586E-01
  5.5583333333E+00  5.5625000000E+00  2.41076E-02  1.24062E-01
  5.5625000000E+00  5.5666666667E+00  2.40992E-02  1.24668E-01
  5.5666666667E+00  5.5708333333E+00  2.40797E-02  1.20232E-01
  5.5708333333E+00  5.5750000000E+00  2.40854E-02  1.22066E-01
  5.5750000000E+00  5.5791666667E+00  2.40794E-02  1.26465E-01
  5.5791666667E+00  5.5833333333E+00  2.40763E-02  1.22694E-01
  5.5833333333E+00  5.5875000000E+00  2.40561E-02  1.20102E-01
  5.5875000000E+00  5.5916666667E+00  2.40688E-02  1.25329E-01
  5.5916666667E+00  5.5958333333E+00  2.40761E-02  1.20943E-01
  5.5958333333E+00  5.6000000000E+00  2.40372E-02  1.18955E-01
  5.6000000000E+00  5.6041666667E+00  2.40617E-02  1.19374E-01
  5.6041666667E+00  5.6083333333E+00  2.40476E-02  1.22101E-01
  5.6083333333E+00  5.6125000000E+00  2.40286E-02  1.25626E-01
  5.6125000000E+00  5.6166666667E+00  2.39959E-02  1.21412E-01
  5.6166666667E+00  5.6208333333E+00  2.40062E-02  1.26425E-01
  5.6208333333E+00  5.6250000000E+00  2.40108E-02  1.22934E-01
  5.6250000000E+00  5.6291666667E+00  2.39777E-02  1.22799E-01
  5.6291666667E+00  5.6333333333E+00  2.39656E-02  1.22266E-01
  5.6333333333E+00  5.6375000000E+00  2.39514E-02  1.23626E-01
  5.6375000000E+00  5.6416666667E+00  2.39276E-02  1.22998E-01
  5.6416666667E+00  5.6458333333E+00  2.39368E-02  1.26600E-01
  5.6458333333E+00  5.6500000000E+00  2.39436E-02  1.24988E-01
  5.6500000000E+00  5.6541666667E+00  2.39440E-02  1.22758E-01
  5.6541666667E+00  5.6583333333E+00  2.39085E-02  1.23979E-01
  5.6583333333E+00  5.6625000000E+00  2.38817E-02  1.21485E-01
  5.6625000000E+00  5.6666666667E+00  2.38825E-02  1.23733E-01
  5.6666666667E+00  5.6708333333E+00  2.39062E-02  1.26925E-01
  5.6708333333E+00  5.6750000000E+00  2.38853E-02  1.23614E-01
  5.6750000000E+00  5.6791666667E+00  2.38682E-02  1.23953E-01
  5.6791666667E+00  5.6833333333E+00  2.38522E-02  1.27811E-01
  5.6833333333E+00  5.6875000000E+00  2.38405E-02  1.30119E-01
  5.6875000000E+00  5.6916666667E+00  2.38549E-02  1.25128E-01
  5.6916666667E+00  5.6958333333E+00  2.38663E-02  1.25885E-01
  5.6958333333E+00  5.7000000000E+00  2.38414E-02  1.23961E-01
  5.7000000000E+00  5.7041666667E+00  2.38224E-02  1.21979E-01
  5.7041666667E+00  5.7083333333E+00  2.38479E-02  1.23424E-01
  5.7083333333E+00  5.7125000000E+00  2.38279E-02  1.25339E-01
  5.7125000000E+00  5.7166666667E+00  2.38126E-02  1.25810E-01
  5.7166666667E+00  5.7208333333E+00  2.38684E-02  1.25395E-01
  5.7208333333E+00  5.7250000000E+00  2.38444E-02  1.23563E-01
  5.7250000000E+00  5.7291666667E+00  2.38327E-02  1.23980E-01
  5.7291666667E+00  5.7333333333E+00  2.38355E-02  1.28045E-01
  5.7333333333E+00  5.7375000000E+00  2.38617E-02  1.25147E-01
  5.7375000000E+00  5.7416666667E+00  2.38400E-02  1.24351E-01
  5.7416666667E+00  5.7458333333E+00  2.38378E-02  1.24072E-01
  5.7458333333E+00  5.7500000000E+00  2.38669E-02  1.25630E-01
  5.7500000000E+00  5.7541666667E+00  2.38923E-02  1.26092E-01
  5.7541666667E+00  5.7583333333E+00  2.38947E-02  1.23629E-01
  5.7583333333E+00  5.7625000000E+00  2.38977E-02  1.20738E-01
  5.7625000000E+00  5.7666666667E+00  2.39169E-02  1.24101E-01
  5.7666666667E+00  5.7708333333E+00  2.39019E-02  1.21744E-01
  5.7708333333E+00  5.7750000000E+00  2.38860E-02  1.20619E-01
  5.7750000000E+00  5.7791666667E+00  2.38914E-02  1.21005E-01
  5.7791666667E+00  5.7833333333E+00  2.38811E-02  1.21830E-01
  5.7833333333E+00  5.7875000000E+00  2.39001E-02  1.27436E-01
  5.7875000000E+00  5.7916666667E+00  2.38969E-02  1.25329E-01
  5.7916666667E+00  5.7958333333E+00  2.38882E-02  1.24391E-01
  5.7958333333E+00  5.8000000000E+00  2.38841E-02  1.27842E-01
  5.8000000000E+00  5.8041666667E+00  2.38673E-02  1.22673E-01
  5.8041666667E+00  5.8083333333E+00  2.38547E-02  1.19878E-01
  5.8083333333E+00  5.8125000000E+00  2.38590E-02  1.24720E-01
  5.8125000000E+00  5.8166666667E+00  2.38404E-02  1.28857E-01
  5.8166666667E+00  5.8208333333E+00  2.38076E-02  1.25863E-01
  5.8208333333E+00  5.8250000000E+00  2.38133E-02  1.25200E-01
  5.8250000000E+00  5.8291666667E+00  2.37798E-02  1.28471E-01
  5.8291666667E+00  5.8333333333E+00  2.37421E-02  1.30215E-01
  5.8333333333E+00  5.8375000000E+00  2.37496E-02  1.31724E-01
  5.8375000000E+00  5.8416666667E+00  2.37173E-02  1.32819E-01
  5.8416666667E+00  5.8458333333E+00  2.36796E-02  1.36322E-01
  5.8458333333E+00  5.8500000000E+00  2.36667E-02  1.32780E-01
  5.8500000000E+00  5.8541666667E+00  2.36740E-02  1.25273E-01
  5.8541666667E+00  5.8583333333E+00  2.36233E-02  1.24738E-01
  5.8583333333E+00  5.8625000000E+00  2.36226E-02  1.26718E-01
  5.8625000000E+00  5.8666666667E+00  2.36122E-02  1.28490E-01
  5.8666666667E+00  5.8708333333E+00  2.35639E-02  1.30394E-01
  5.8708333333E+00  5.8750000000E+00  2.35522E-02  1.34726E-01
  5.8750000000E+00  5.8791666667E+00  2.35755E-02  1.32154E-01
  5.8791666667E+00  5.8833333333E+00  2.35419E-02  1.30735E-01
  5.8833333333E+00  5.8875000000E+00  2.35476E-02  1.33591E-01
  5.8875000000E+00  5.8916666667E+00  2.35434E-02  1.27843E-01
  5.8916666667E+00  5.8958333333E+00  2.35428E-02  1.31681E-01
  5.8958333333E+00  5.9000000000E+00  2.35248E-02  1.36473E-01
  5.9000000000E+00  5.9041666667E+00  2.35115E-02  1.34244E-01
  5.9041666667E+00  5.9083333333E+00  2.35087E-02  1.33845E-01
  5.9083333333E+00  5.9125000000E+00  2.35280E-02  1.29620E-01
  5.9125000000E+00  5.9166666667E+00  2.35366E-02  1.30386E-01
  5.9166666667E+00  5.9208333333E+00  2.35528E-02  1.27825E-01
  5.9208333333E+00  5.9250000000E+00  2.35626E-02  1.30067E-01
  5.9250000000E+00  5.9291666667E+00  2.35960E-02  1.29767E-01
  5.9291666667E+00  5.9333333333E+00  2.35939E-02  1.27768E-01
  5.9333333333E+00  5.9375000000E+00  2.36148E-02  1.33111E-01
  5.9375000000E+00  5.9416666667E+00  2.36159E-02  1.31877E-01
  5.9416666667E+00  5.9458333333E+00  2.36509E-02  1.40193E-01
  5.9458333333E+00  5.9500000000E+00  2.36638E-02  1.39200E-01
  5.9500000000E+00  5.9541666667E+00  2.36552E-02  1.40886E-01
  5.9541666667E+00  5.9583333333E+00  2.36563E-02  1.36985E-01
  5.9583333333E+00  5.9625000000E+00  2.36738E-02  1.38519E-01
  5.9625000000E+00  5.9666666667E+00  2.37022E-02  1.41926E-01
  5.9666666667E+00  5.9708333333E+00  2.36931E-02  1.39290E-01
  5.9708333333E+00  5.9750000000E+00  2.36997E-02  1.50168E-01
  5.9750000000E+00  5.9791666667E+00  2.37087E-02  1.47350E-01
  5.9791666667E+00  5.9833333333E+00  2.36975E-02  1.47381E-01
  5.9833333333E+00  5.9875000000E+00  2.36864E-02  1.43306E-01
  5.9875000000E+00  5.9916666667E+00  2.36633E-02  1.49243E-01
  5.9916666667E+00  5.9958333333E+00  2.36692E-02  1.51927E-01
  5.9958333333E+00  6.0000000000E+00  2.35864E-02  1.48037E-01
  6.0000000000E+00  6.0041666667E+00  2.35386E-02  1.47495E-01
  6.0041666667E+00  6.0083333333E+00  2.34592E-02  1.50317E-01
  6.0083333333E+00  6.0125000000E+00  2.33888E-02  1.46645E-01
  6.0125000000E+00  6.0166666667E+00  2.33067E-02  1.51093E-01
  6.0166666667E+00  6.0208333333E+00  2.31772E-02  1.53365E-01
  6.0208333333E+00  6.0250000000E+00  2.30634E-02  1.52291E-01
  6.0250000000E+00  6.0291666667E+00  2.29353E-02  1.59727E-01
  6.0291666667E+00  6.0333333333E+00  2.27849E-02  1.58456E-01
  6.0333333333E+00  6.0375000000E+00  2.26115E-02  1.56541E-01
  6.0375000000E+00  6.0416666667E+00  2.24423E-02  1.59628E-01
  6.0416666667E+00  6.0458333333E+00  2.22428E-02  1.64120E-01
  6.0458333333E+00  6.0500000000E+00  2.20363E-02  1.58610E-01
  6.0500000000E+00  6.0541666667E+00  2.18065E-02  1.59501E-01
  6.0541666667E+00  6.0583333333E+00  2.15436E-02  1.61863E-01
  6.0583333333E+00  6.0625000000E+00  2.12763E-02  1.67337E-01
  6.0625000000E+00  6.0666666667E+00  2.09580E-02  1.70398E-01
  6.0666666667E+00  6.0708333333E+00  2.06967E-02  1.74522E-01
  6.0708333333E+00  6.0750000000E+00  2.03567E-02  1.79826E-01
  6.0750000000E+00  6.0791666667E+00  1.99716E-02  1.81206E-01
  6.0791666667E+00  6.0833333333E+00  1.95864E-02  1.81112E-01
  6.0833333333E+00  6.0875000000E+00  1.91720E-02  1.81726E-01
  6.0875000000E+00  6.0916666667E+00  1.87396E-02  1.87971E-01
  6.0916666667E+00  6.0958333333E+00  1.82990E-02  1.98286E-01
  6.0958333333E+00  6.1000000000E+00  1.78536E-02  2.03795E-01
  6.1000000000E+00  6.1041666667E+00  1.73516E-02  2.07537E-01
  6.1041666667E+00  6.1083333333E+00  1.68465E-02  2.06910E-01
  6.1083333333E+00  6.1125000000E+00  1.62986E-02  2.07922E-01
  6.1125000000E+00  6.1166666667E+00  1.57341E-02  2.23062E-01
  6.1166666667E+00  6.1208333333E+00  1.51593E-02  2.26922E-01
  6.1208333333E+00  6.1250000000E+00  1.45567E-02  2.36492E-01
  6.1250000000E+00  6.1291666667E+00  1.39870E-02  2.47664E-01
  6.1291666667E+00  6.1333333333E+00  1.33814E-02  2.48115E-01
  6.1333333333E+00  6.1375000000E+00  1.27684E-02  2.60411E-01
  6.1375000000E+00  6.1416666667E+00  1.21538E-02  2.65262E-01
  6.1416666667E+00  6.1458333333E+00  1.14890E-02  2.77154E-01
  6.1458333333E+00  6.1500000000E+00  1.08722E-02  2.85729E-01
  6.1500000000E+00  6.1541666667E+00  1.02104E-02  3.00360E-01
  6.1541666667E+00  6.1583333333E+00  9.54032E-03  3.07751E-01
  6.1583333333E+00  6.1625000000E+00  8.89455E-03  3.21972E-01
  6.1625000000E+00  6.1666666667E+00  8.28215E-03  3.36861E-01
  6.1666666667E+00  6.1708333333E+00  7.61892E-03  3.65277E-01
  6.1708333333E+00  6.1750000000E+00  7.01169E-03  3.86428E-01
  6.1750000000E+00  6.1791666667E+00  6.42839E-03  4.02599E-01
  6.1791666667E+00  6.1833333333E+00  5.87268E-03  4.02580E-01
  6.1833333333E+00  6.1875000000E+00  5.34920E-03  4.32166E-01
  6.1875000000E+00  6.1916666667E+00  4.83549E-03  4.51488E-01
  6.1916666667E+00  6.1958333333E+00  4.32974E-03  4.73002E-01
  6.1958333333E+00  6.2000000000E+00  3.87704E-03  4.92363E-01
  6.2000000000E+00  6.2041666667E+00  3.45066E-03  5.36705E-01
  6.2041666667E+00  6.2083333333E+00  3.06052E-03  5.76782E-01
  6.2083333333E+00  6.2125000000E+00  2.69515E-03  6.12859E-01
  6.2125000000E+00  6.2166666667E+00  2.35357E-03  6.55022E-01
  6.2166666667E+00  6.2208333333E+00  2.02663E-03  7.03677E-01
  6.2208333333E+00  6.2250000000E+00  1.73441E-03  7.52514E-01
  6.2250000000E+00  6.2291666667E+00  1.49002E-03  8.22895E-01
  6.2291666667E+00  6.2333333333E+00  1.27368E-03  8.99438E-01
  6.2333333333E+00  6.2375000000E+00  1.06685E-03  1.00279E+00
  6.2375000000E+00  6.2416666667E+00  9.04849E-04  1.11280E+00
  6.2416666667E+00  6.2458333333E+00  7.55529E-04  1.15921E+00
  6.2458333333E+00  6.2500000000E+00  6.32569E-04  1.28361E+00
  6.2500000000E+00  6.2541666667E+00  5.23186E-04  1.37246E+00
  6.2541666667E+00  6.2583333333E+00  4.35543E-04  1.41058E+00
  6.2583333333E+00  6.2625000000E+00  3.55366E-04  1.58685E+00
  6.2625000000E+00  6.2666666667E+00  2.88884E-04  1.86931E+00
  6.2666666667E+00  6.2708333333E+00  2.24602E-04  2.25198E+00
  6.2708333333E+00  6.2750000000E+00  1.83777E-04  2.60415E+00
  6.2750000000E+00  6.2791666667E+00  1.48422E-04  2.96368E+00
  6.2791666667E+00  6.2833333333E+00  1.15559E-04  3.23740E+00
  6.2833333333E+00  6.2875000000E+00  8.96512E-05  3.71029E+00
  6.2875000000E+00  6.2916666667E+00  7.00852E-05  4.30764E+00
  6.2916666667E+00  6.2958333333E+00  5.35123E-05  4.82595E+00
  6.2958333333E+00  6.3000000000E+00  4.15870E-05  5.74113E+00
  6.3000000000E+00  6.3041666667E+00  3.34602E-05  6.43406E+00
  6.3041666667E+00  6.3083333333E+00  2.30406E-05  7.27184E+00
  6.3083333333E+00  6.3125000000E+00  1.73093E-05  9.02756E+00
  6.3125000000E+00  6.3166666667E+00  1.14042E-05  1.06593E+01
  6.3166666667E+00  6.3208333333E+00  8.86206E-06  1.20821E+01
  6.3208333333E+00  6.3250000000E+00  6.24737E-06  1.39553E+01
  6.3250000000E+00  6.3291666667E+00  4.99484E-06  1.62068E+01
  6.3291666667E+00  6.3333333333E+00  3.72435E-06  1.86029E+01
  6.3333333333E+00  6.3375000000E+00  2.46483E-06  2.15812E+01
  6.3375000000E+00  6.3416666667E+00  1.99503E-06  2.66292E+01
  6.3416666667E+00  6.3458333333E+00  1.67477E-06  2.95232E+01
  6.3458333333E+00  6.3500000000E+00  9.51957E-07  3.58257E+01
  6.3500000000E+00  6.3541666667E+00  8.09253E-07  4.07054E+01
  6.3541666667E+00  6.3583333333E+00  4.00251E-07  4.72677E+01
  6.3583333333E+00  6.3625000000E+00  4.27384E-07  5.94020E+01
  6.3625000000E+00  6.3666666667E+00  1.38080E-07  5.57650E+01
  6.3666666667E+00  6.3708333333E+00  7.75589E-08  5.80955E+01
  6.3708333333E+00  6.3750000000E+00  1.45100E-06  9.47010E+01
  6.3750000000E+00  6.3791666667E+00  3.66785E-07  7.97885E+01
  6.3791666667E+00  6.3833333333E+00  6.73784E-07  6.93529E+01
  6.3833333333E+00  6.3875000000E+00  7.76289E-08  5.80993E+01
  6.3875000000E+00  6.3916666667E+00  4.16788E-07  8.07998E+01
  6.3916666667E+00  6.3958333333E+00  8.43581E-08  5.57351E+01
  6.3958333333E+00  6.4000000000E+00  1.00158E-07  5.29377E+01
  6.4000000000E+00  6.4041666667E+00  9.08735E-08  5.75849E+01
  6.4041666667E+00  6.4083333333E+00  1.04851E-07  5.16858E+01
  6.4083333333E+00  6.4125000000E+00  1.76960E-07  4.41625E+01
  6.4125000000E+00  6.4166666667E+00  1.80688E-07  4.83565E+01
  6.4166666667E+00  6.4208333333E+00  1.93815E-07  5.06088E+01
  6.4208333333E+00  6.4250000000E+00  1.98766E-07  5.07607E+01
  6.4250000000E+00  6.4291666667E+00  2.78313E-07  4.59829E+01
  6.4291666667E+00  6.4333333333E+00  5.07879E-07  5.31660E+01
  6.4333333333E+00  6.4375000000E+00  2.22647E-07  5.30872E+01
  6.4375000000E+00  6.4416666667E+00  6.21220E-07  5.36247E+01
  6.4416666667E+00  6.4458333333E+00  2.38399E-07  4.61041E+01
  6.4458333333E+00  6.4500000000E+00  2.42407E-07  5.32452E+01
  6.4500000000E+00  6.4541666667E+00  3.01988E-07  5.92152E+01
  6.4541666667E+00  6.4583333333E+00  3.79754E-07  5.13373E+01
  6.4583333333E+00  6.4625000000E+00  3.67610E-07  6.40110E+01
  6.4625000000E+00  6.4666666667E+00  1.45065E-07  5.03101E+01
  6.4666666667E+00  6.4708333333E+00  1.45565E-07  5.15190E+01
  6.4708333333E+00  6.4750000000E+00  1.47769E-07  5.15427E+01
  6.4750000000E+00  6.4791666667E+00  2.63227E-07  5.21792E+01
  6.4791666667E+00  6.4833333333E+00  2.41054E-07  4.91120E+01
  6.4833333333E+00  6.4875000000E+00  1.43571E-06  8.40564E+01
  6.4875000000E+00  6.4916666667E+00  1.68537E-07  5.23969E+01
  6.4916666667E+00  6.4958333333E+00  1.74063E-07  5.27085E+01
  6.4958333333E+00  6.5000000000E+00  1.81509E-07  5.34014E+01
  6.5000000000E+00  6.5041666667E+00  1.90106E-07  5.32134E+01
  6.5041666667E+00  6.5083333333E+00  2.19917E-07  5.31526E+01
  6.5083333333E+00  6.5125000000E+00  2.86879E-07  5.00231E+01
  6.5125000000E+00  6.5166666667E+00  3.25681E-07  5.33561E+01
  6.5166666667E+00  6.5208333333E+00  3.72972E-07  5.72086E+01
  6.5208333333E+00  6.5250000000E+00  1.96892E-07  5.47825E+01
  6.5250000000E+00  6.5291666667E+00  2.25525E-07  5.77582E+01
  6.5291666667E+00  6.5333333333E+00  3.26448E-07  6.75183E+01
  6.5333333333E+00  6.5375000000E+00  4.08218E-07  6.27219E+01
  6.5375000000E+00  6.5416666667E+00  1.72743E-07  5.10040E+01
  6.5416666667E+00  6.5458333333E+00  1.84317E-07  4.97247E+01
  6.5458333333E+00  6.5500000000E+00  2.13599E-07  4.64134E+01
  6.5500000000E+00  6.5541666667E+00  4.15538E-07  5.93348E+01
  6.5541666667E+00  6.5583333333E+00  2.58195E-07  4.59197E+01
  6.5583333333E+00  6.5625000000E+00  1.49789E-06  7.98275E+01
  6.5625000000E+00  6.5666666667E+00  2.76892E-07  4.66427E+01
  6.5666666667E+00  6.5708333333E+00  3.59754E-07  4.26604E+01
  6.5708333333E+00  6.5750000000E+00  4.37766E-07  4.44698E+01
  6.5750000000E+00  6.5791666667E+00  4.68872E-07  5.55782E+01
  6.5791666667E+00  6.5833333333E+00  2.54116E-07  5.21632E+01
  6.5833333333E+00  6.5875000000E+00  4.15608E-07  4.83661E+01
  6.5875000000E+00  6.5916666667E+00  3.19309E-07  5.49462E+01
  6.5916666667E+00  6.5958333333E+00  4.12779E-07  5.96535E+01
  6.5958333333E+00  6.6000000000E+00  2.24153E-07  5.84325E+01
  6.6000000000E+00  6.6041666667E+00  2.50668E-07  5.94356E+01
  6.6041666667E+00  6.6083333333E+00  1.14953E-06  7.46632E+01
  6.6083333333E+00  6.6125000000E+00  4.36836E-07  4.92663E+01
  6.6125000000E+00  6.6166666667E+00  2.50312E-07  6.22558E+01
  6.6166666667E+00  6.6208333333E+00  2.87234E-07  8.26308E+01
  6.6208333333E+00  6.6250000000E+00  1.07659E-07  6.46785E+01
  6.6250000000E+00  6.6291666667E+00  6.28232E-08  7.70868E+01
  6.6291666667E+00  6.6333333333E+00  6.00379E-08  8.46065E+01
  6.6333333333E+00  6.6375000000E+00  6.14220E-08  8.39705E+01
  6.6375000000E+00  6.6416666667E+00  6.55678E-08  8.57467E+01
  6.6416666667E+00  6.6458333333E+00  6.66306E-08  8.59474E+01
  6.6458333333E+00  6.6500000000E+00  6.75738E-08  8.60993E+01
  6.6500000000E+00  6.6541666667E+00  8.13452E-08  8.74645E+01
  6.6541666667E+00  6.6583333333E+00  8.36753E-08  8.85538E+01
  6.6583333333E+00  6.6625000000E+00  1.20715E-07  5.42522E+01
  6.6625000000E+00  6.6666666667E+00  1.07081E-07  9.08945E+01
  6.6666666667E+00  6.6708333333E+00  1.36467E-07  9.06747E+01
  6.6708333333E+00  6.6750000000E+00  2.22108E-07  9.54768E+01
  6.6750000000E+00  6.6791666667E+00  1.02964E-08  1.00000E+02
  6.6791666667E+00  6.6833333333E+00  1.02964E-08  9.99999E+01
  6.6833333333E+00  6.6875000000E+00  1.02964E-08  1.00000E+02
  6.6875000000E+00  6.6916666667E+00  9.82991E-08  9.01361E+01
  6.6916666667E+00  6.6958333333E+00  2.04147E-07  9.50902E+01
  6.6958333333E+00  6.7000000000E+00  3.57201E-07  9.49463E+01
  6.7000000000E+00  6.7041666667E+00  3.13544E-07  9.67719E+01
  6.7041666667E+00  6.7083333333E+00  2.64263E-08  7.24129E+01
  6.7083333333E+00  6.7125000000E+00  4.73861E-07  7.22052E+01
  6.7125000000E+00  6.7166666667E+00  1.02968E-08  9.99968E+01
  6.7166666667E+00  6.7208333333E+00  1.02964E-08  1.00000E+02
  6.7208333333E+00  6.7250000000E+00  1.20526E-07  9.18390E+01
  6.7250000000E+00  6.7291666667E+00  1.06790E-08  9.64841E+01
  6.7291666667E+00  6.7333333333E+00  1.02964E-08  1.00000E+02
  6.7333333333E+00  6.7375000000E+00  1.02964E-08  9.99999E+01
  6.7375000000E+00  6.7416666667E+00  1.02964E-08  1.00000E+02
  6.7416666667E+00  6.7458333333E+00  1.27655E-08  8.29436E+01
  6.7458333333E+00  6.7500000000E+00  5.42124E-08  8.23105E+01
  6.7500000000E+00  6.7541666667E+00  5.37119E-08  8.30723E+01
  6.7541666667E+00  6.7583333333E+00  5.50077E-08  6.09427E+01
  6.7583333333E+00  6.7625000000E+00  5.85036E-08  8.42589E+01
  6.7625000000E+00  6.7666666667E+00  5.85050E-08  8.42593E+01
  6.7666666667E+00  6.7708333333E+00  1.10043E-07  6.47968E+01
  6.7708333333E+00  6.7750000000E+00  1.45291E-07  6.82818E+01
  6.7750000000E+00  6.7791666667E+00  1.88562E-07  6.50248E+01
  6.7791666667E+00  6.7833333333E+00  3.07301E-07  6.41114E+01
  6.7833333333E+00  6.7875000000E+00  2.02232E-07  5.15446E+01
  6.7875000000E+00  6.7916666667E+00  3.15472E-07  6.06424E+01
  6.7916666667E+00  6.7958333333E+00  3.71752E-07  6.00131E+01
  6.7958333333E+00  6.8000000000E+00  1.94679E-07  6.69523E+01
  6.8000000000E+00  6.8041666667E+00  2.32387E-07  6.74563E+01
  6.8041666667E+00  6.8083333333E+00  3.26884E-07  6.86538E+01
  6.8083333333E+00  6.8125000000E+00  3.40133E-07  7.35961E+01
  6.8125000000E+00  6.8166666667E+00  3.69840E-08  7.55703E+01
  6.8166666667E+00  6.8208333333E+00  2.16092E-07  9.48192E+01
  6.8208333333E+00  6.8250000000E+00  1.15195E-08  9.99995E+01
  6.8250000000E+00  6.8291666667E+00  1.21638E-08  9.48501E+01
  6.8291666667E+00  6.8333333333E+00  1.15194E-08  1.00000E+02
  6.8333333333E+00  6.8375000000E+00  2.25219E-08  7.07293E+01
  6.8375000000E+00  6.8416666667E+00  6.32678E-08  8.37947E+01
  6.8416666667E+00  6.8458333333E+00  7.05155E-08  7.56262E+01
  6.8458333333E+00  6.8500000000E+00  1.29556E-07  6.07719E+01
  6.8500000000E+00  6.8541666667E+00  1.35432E-07  6.59341E+01
  6.8541666667E+00  6.8583333333E+00  1.43702E-07  6.68072E+01
  6.8583333333E+00  6.8625000000E+00  1.57632E-07  6.69027E+01
  6.8625000000E+00  6.8666666667E+00  1.82722E-07  6.87264E+01
  6.8666666667E+00  6.8708333333E+00  2.12125E-07  7.05391E+01
  6.8708333333E+00  6.8750000000E+00  1.98920E-06  7.08213E+01
  6.8750000000E+00  6.8791666667E+00  1.20501E-07  6.90424E+01
  6.8791666667E+00  6.8833333333E+00  8.82755E-08  8.79130E+01
  6.8833333333E+00  6.8875000000E+00  9.69954E-08  8.89204E+01
  6.8875000000E+00  6.8916666667E+00  1.07353E-07  8.99122E+01
  6.8916666667E+00  6.8958333333E+00  1.17741E-07  9.07142E+01
  6.8958333333E+00  6.9000000000E+00  1.30873E-07  9.16218E+01
  6.9000000000E+00  6.9041666667E+00  1.78730E-07  9.37766E+01
  6.9041666667E+00  6.9083333333E+00  2.34168E-07  9.52079E+01
  6.9083333333E+00  6.9125000000E+00  1.15194E-08  1.00000E+02
  6.9125000000E+00  6.9166666667E+00  1.15194E-08  1.00000E+02
  6.9166666667E+00  6.9208333333E+00  1.89484E-08  7.16961E+01
  6.9208333333E+00  6.9250000000E+00  1.15194E-08  1.00000E+02
  6.9250000000E+00  6.9291666667E+00  1.15194E-08  9.99999E+01
  6.9291666667E+00  6.9333333333E+00  4.68674E-08  7.93252E+01
  6.9333333333E+00  6.9375000000E+00  1.87341E-07  9.38674E+01
  6.9375000000E+00  6.9416666667E+00  1.15194E-08  1.00000E+02
  6.9416666667E+00  6.9458333333E+00  1.15370E-08  9.98472E+01
  6.9458333333E+00  6.9500000000E+00  1.15194E-08  9.99999E+01
  6.9500000000E+00  6.9541666667E+00  1.15194E-08  1.00000E+02
  6.9541666667E+00  6.9583333333E+00  7.18564E-08  8.54855E+01
  6.9583333333E+00  6.9625000000E+00  1.15194E-08  1.00000E+02
  6.9625000000E+00  6.9666666667E+00  1.20884E-08  1.00000E+02
  6.9666666667E+00  6.9708333333E+00  1.33048E-08  9.99999E+01
  6.9708333333E+00  6.9750000000E+00  1.33047E-08  1.00000E+02
  6.9750000000E+00  6.9791666667E+00  1.33047E-08  1.00000E+02
  6.9791666667E+00  6.9833333333E+00  1.42431E-06  9.78322E+01
  6.9833333333E+00  6.9875000000E+00  5.02494E-08  7.81449E+01
  6.9875000000E+00  6.9916666667E+00  9.64442E-08  6.28644E+01
  6.9916666667E+00  6.9958333333E+00  5.02494E-08  7.81449E+01
  6.9958333333E+00  7.0000000000E+00  5.02494E-08  7.81449E+01
  7.0000000000E+00  7.0000000000E+00  5.02494E-08  7.81449E+01