# Detector n: 1D Projection
  1.5000000000E+01  1.5004166667E+01  2.68204E-02  4.32084E-01
  1.5004166667E+01  1.5008333333E+01  2.68469E-02  4.66033E-01
  1.5008333333E+01  1.5012500000E+01  2.70166E-02  7.20600E-01
  1.5012500000E+01  1.5016666667E+01  2.70806E-02  7.06998E-01
  1.5016666667E+01  1.5020833333E+01  2.71692E-02  7.49445E-01
  1.5020833333E+01  1.5025000000E+01  2.71184E-02  6.86978E-01
  1.5025000000E+01  1.5029166667E+01  2.70512E-02  6.02664E-01
  1.5029166667E+01  1.5033333333E+01  2.73093E-02  7.59746E-01
  1.5033333333E+01  1.5037500000E+01  2.74337E-02  8.83625E-01
  1.5037500000E+01  1.5041666667E+01  2.69979E-02  5.06674E-01
  1.5041666667E+01  1.5045833333E+01  2.68663E-02  4.29573E-01
  1.5045833333E+01  1.5050000000E+01  2.70679E-02  5.95068E-01
  1.5050000000E+01  1.5054166667E+01  2.69106E-02  4.39924E-01
  1.5054166667E+01  1.5058333333E+01  2.71398E-02  6.19649E-01
  1.5058333333E+01  1.5062500000E+01  2.69925E-02  5.37181E-01
  1.5062500000E+01  1.5066666667E+01  2.71316E-02  6.45788E-01
  1.5066666667E+01  1.5070833333E+01  2.71968E-02  6.86038E-01
  1.5070833333E+01  1.5075000000E+01  2.70312E-02  4.20301E-01
  1.5075000000E+01  1.5079166667E+01  2.71358E-02  4.90671E-01
  1.5079166667E+01  1.5083333333E+01  2.71864E-02  5.56619E-01
  1.5083333333E+01  1.5087500000E+01  2.72170E-02  4.87100E-01
  1.5087500000E+01  1.5091666667E+01  2.72934E-02  5.42541E-01
  1.5091666667E+01  1.5095833333E+01  2.72596E-02  5.09601E-01
  1.5095833333E+01  1.5100000000E+01  2.73860E-02  5.86492E-01
  1.5100000000E+01  1.5104166667E+01  2.71976E-02  5.10018E-01
  1.5104166667E+01  1.5108333333E+01  2.72047E-02  5.00739E-01
  1.5108333333E+01  1.5112500000E+01  2.73445E-02  5.91493E-01
  1.5112500000E+01  1.5116666667E+01  2.71951E-02  4.37584E-01
  1.5116666667E+01  1.5120833333E+01  2.72667E-02  4.90754E-01
  1.5120833333E+01  1.5125000000E+01  2.72307E-02  4.33542E-01
  1.5125000000E+01  1.5129166667E+01  2.73743E-02  5.86991E-01
  1.5129166667E+01  1.5133333333E+01  2.74019E-02  6.82488E-01
  1.5133333333E+01  1.5137500000E+01  2.78801E-02  9.75382E-01
  1.5137500000E+01  1.5141666667E+01  2.75346E-02  7.34055E-01
  1.5141666667E+01  1.5145833333E+01  2.71470E-02  3.84754E-01
  1.5145833333E+01  1.5150000000E+01  2.73450E-02  5.60636E-01
  1.5150000000E+01  1.5154166667E+01  2.73749E-02  5.06769E-01
  1.5154166667E+01  1.5158333333E+01  2.75516E-02  8.08757E-01
  1.5158333333E+01  1.5162500000E+01  2.73355E-02  5.46176E-01
  1.5162500000E+01  1.5166666667E+01  2.74287E-02  5.49107E-01
  1.5166666667E+01  1.5170833333E+01  2.73889E-02  5.55597E-01
  1.5170833333E+01  1.5175000000E+01  2.76308E-02  7.28258E-01
  1.5175000000E+01  1.5179166667E+01  2.73303E-02  5.08509E-01
  1.5179166667E+01  1.5183333333E+01  2.75052E-02  6.24695E-01
  1.5183333333E+01  1.5187500000E+01  2.80199E-02  9.43019E-01
  1.5187500000E+01  1.5191666667E+01  2.76302E-02  7.24665E-01
  1.5191666667E+01  1.5195833333E+01  2.75483E-02  7.57980E-01
  1.5195833333E+01  1.5200000000E+01  2.77787E-02  8.35027E-01
  1.5200000000E+01  1.5204166667E+01  2.74354E-02  6.75533E-01
  1.5204166667E+01  1.5208333333E+01  2.76176E-02  8.06913E-01
  1.5208333333E+01  1.5212500000E+01  2.75128E-02  6.15150E-01
  1.5212500000E+01  1.5216666667E+01  2.74265E-02  5.91211E-01
  1.5216666667E+01  1.5220833333E+01  2.74874E-02  6.28329E-01
  1.5220833333E+01  1.5225000000E+01  2.75046E-02  7.33990E-01
  1.5225000000E+01  1.5229166667E+01  2.75048E-02  5.85353E-01
  1.5229166667E+01  1.5233333333E+01  2.75025E-02  6.20378E-01
  1.5233333333E+01  1.5237500000E+01  2.76874E-02  8.21869E-01
  1.5237500000E+01  1.5241666667E+01  2.77650E-02  7.39858E-01
  1.5241666667E+01  1.5245833333E+01  2.77470E-02  7.02127E-01
  1.5245833333E+01  1.5250000000E+01  2.80425E-02  7.43039E-01
  1.5250000000E+01  1.5254166667E+01  2.80552E-02  6.92797E-01
  1.5254166667E+01  1.5258333333E+01  2.78131E-02  6.04134E-01
  1.5258333333E+01  1.5262500000E+01  2.78912E-02  6.36707E-01
  1.5262500000E+01  1.5266666667E+01  2.79058E-02  6.95483E-01
  1.5266666667E+01  1.5270833333E+01  2.77881E-02  5.69301E-01
  1.5270833333E+01  1.5275000000E+01  2.77762E-02  5.21760E-01
  1.5275000000E+01  1.5279166667E+01  2.77931E-02  5.70631E-01
  1.5279166667E+01  1.5283333333E+01  2.79812E-02  7.30735E-01
  1.5283333333E+01  1.5287500000E+01  2.79888E-02  6.89592E-01
  1.5287500000E+01  1.5291666667E+01  2.76280E-02  4.55959E-01
  1.5291666667E+01  1.5295833333E+01  2.77088E-02  5.35564E-01
  1.5295833333E+01  1.5300000000E+01  2.76982E-02  4.79640E-01
  1.5300000000E+01  1.5304166667E+01  2.77342E-02  5.62499E-01
  1.5304166667E+01  1.5308333333E+01  2.77657E-02  5.44899E-01
  1.5308333333E+01  1.5312500000E+01  2.78675E-02  6.46798E-01
  1.5312500000E+01  1.5316666667E+01  2.76980E-02  4.93566E-01
  1.5316666667E+01  1.5320833333E+01  2.77525E-02  5.60646E-01
  1.5320833333E+01  1.5325000000E+01  2.75751E-02  3.72322E-01
  1.5325000000E+01  1.5329166667E+01  2.76203E-02  4.29875E-01
  1.5329166667E+01  1.5333333333E+01  2.77280E-02  5.32776E-01
  1.5333333333E+01  1.5337500000E+01  2.76760E-02  4.85370E-01
  1.5337500000E+01  1.5341666667E+01  2.78981E-02  7.12058E-01
  1.5341666667E+01  1.5345833333E+01  2.77964E-02  5.99538E-01
  1.5345833333E+01  1.5350000000E+01  2.79131E-02  7.02084E-01
  1.5350000000E+01  1.5354166667E+01  2.78831E-02  5.48603E-01
  1.5354166667E+01  1.5358333333E+01  2.78533E-02  5.75251E-01
  1.5358333333E+01  1.5362500000E+01  2.79008E-02  5.41986E-01
  1.5362500000E+01  1.5366666667E+01  2.77584E-02  4.90800E-01
  1.5366666667E+01  1.5370833333E+01  2.81328E-02  7.48580E-01
  1.5370833333E+01  1.5375000000E+01  2.77878E-02  5.57524E-01
  1.5375000000E+01  1.5379166667E+01  2.77605E-02  5.73940E-01
  1.5379166667E+01  1.5383333333E+01  2.77318E-02  4.91268E-01
  1.5383333333E+01  1.5387500000E+01  2.79125E-02  6.15416E-01
  1.5387500000E+01  1.5391666667E+01  2.78505E-02  6.05611E-01
  1.5391666667E+01  1.5395833333E+01  2.80527E-02  8.10947E-01
  1.5395833333E+01  1.5400000000E+01  2.77187E-02  5.38884E-01
  1.5400000000E+01  1.5404166667E+01  2.78858E-02  5.09489E-01
  1.5404166667E+01  1.5408333333E+01  2.77944E-02  4.67323E-01
  1.5408333333E+01  1.5412500000E+01  2.77098E-02  4.79814E-01
  1.5412500000E+01  1.5416666667E+01  2.79505E-02  6.08430E-01
  1.5416666667E+01  1.5420833333E+01  2.80254E-02  7.01231E-01
  1.5420833333E+01  1.5425000000E+01  2.78650E-02  5.62107E-01
  1.5425000000E+01  1.5429166667E+01  2.78733E-02  5.38661E-01
  1.5429166667E+01  1.5433333333E+01  2.76567E-02  4.31524E-01
  1.5433333333E+01  1.5437500000E+01  2.78939E-02  6.17405E-01
  1.5437500000E+01  1.5441666667E+01  2.80298E-02  6.46707E-01
  1.5441666667E+01  1.5445833333E+01  2.79014E-02  5.78812E-01
  1.5445833333E+01  1.5450000000E+01  2.79394E-02  5.06925E-01
  1.5450000000E+01  1.5454166667E+01  2.80044E-02  6.17138E-01
  1.5454166667E+01  1.5458333333E+01  2.78803E-02  5.03700E-01
  1.5458333333E+01  1.5462500000E+01  2.80872E-02  7.04773E-01
  1.5462500000E+01  1.5466666667E+01  2.80939E-02  6.36258E-01
  1.5466666667E+01  1.5470833333E+01  2.80005E-02  5.61285E-01
  1.5470833333E+01  1.5475000000E+01  2.80982E-02  5.89478E-01
  1.5475000000E+01  1.5479166667E+01  2.81115E-02  6.24403E-01
  1.5479166667E+01  1.5483333333E+01  2.79884E-02  5.24401E-01
  1.5483333333E+01  1.5487500000E+01  2.81031E-02  8.10167E-01
  1.5487500000E+01  1.5491666667E+01  2.82306E-02  8.08979E-01
  1.5491666667E+01  1.5495833333E+01  2.81673E-02  6.79610E-01
  1.5495833333E+01  1.5500000000E+01  2.79852E-02  6.38152E-01
  1.5500000000E+01  1.5504166667E+01  2.79891E-02  5.75742E-01
  1.5504166667E+01  1.5508333333E+01  2.83071E-02  8.12696E-01
  1.5508333333E+01  1.5512500000E+01  2.81154E-02  5.77604E-01
  1.5512500000E+01  1.5516666667E+01  2.80270E-02  5.70762E-01
  1.5516666667E+01  1.5520833333E+01  2.78317E-02  4.08853E-01
  1.5520833333E+01  1.5525000000E+01  2.79261E-02  4.82842E-01
  1.5525000000E+01  1.5529166667E+01  2.81892E-02  6.86881E-01
  1.5529166667E+01  1.5533333333E+01  2.83386E-02  6.94054E-01
  1.5533333333E+01  1.5537500000E+01  2.84495E-02  7.93417E-01
  1.5537500000E+01  1.5541666667E+01  2.81419E-02  5.47478E-01
  1.5541666667E+01  1.5545833333E+01  2.83580E-02  6.25055E-01
  1.5545833333E+01  1.5550000000E+01  2.82926E-02  7.68561E-01
  1.5550000000E+01  1.5554166667E+01  2.81232E-02  5.13187E-01
  1.5554166667E+01  1.5558333333E+01  2.81894E-02  5.58410E-01
  1.5558333333E+01  1.5562500000E+01  2.83253E-02  6.75581E-01
  1.5562500000E+01  1.5566666667E+01  2.82378E-02  5.04357E-01
  1.5566666667E+01  1.5570833333E+01  2.81488E-02  5.34380E-01
  1.5570833333E+01  1.5575000000E+01  2.80592E-02  3.68441E-01
  1.5575000000E+01  1.5579166667E+01  2.83174E-02  6.17294E-01
  1.5579166667E+01  1.5583333333E+01  2.80141E-02  3.67871E-01
  1.5583333333E+01  1.5587500000E+01  2.82012E-02  4.89590E-01
  1.5587500000E+01  1.5591666667E+01  2.80807E-02  3.64349E-01
  1.5591666667E+01  1.5595833333E+01  2.85978E-02  7.88647E-01
  1.5595833333E+01  1.5600000000E+01  2.87784E-02  9.58391E-01
  1.5600000000E+01  1.5604166667E+01  2.85533E-02  7.94408E-01
  1.5604166667E+01  1.5608333333E+01  2.86230E-02  8.11006E-01
  1.5608333333E+01  1.5612500000E+01  2.83707E-02  5.44692E-01
  1.5612500000E+01  1.5616666667E+01  2.85512E-02  6.52628E-01
  1.5616666667E+01  1.5620833333E+01  2.85671E-02  6.40504E-01
  1.5620833333E+01  1.5625000000E+01  2.84060E-02  6.30231E-01
  1.5625000000E+01  1.5629166667E+01  2.83554E-02  6.32652E-01
  1.5629166667E+01  1.5633333333E+01  2.83167E-02  5.39986E-01
  1.5633333333E+01  1.5637500000E+01  2.87034E-02  8.77851E-01
  1.5637500000E+01  1.5641666667E+01  2.84806E-02  6.04266E-01
  1.5641666667E+01  1.5645833333E+01  2.82941E-02  4.94396E-01
  1.5645833333E+01  1.5650000000E+01  2.83450E-02  6.88174E-01
  1.5650000000E+01  1.5654166667E+01  2.82272E-02  4.32693E-01
  1.5654166667E+01  1.5658333333E+01  2.85834E-02  7.09430E-01
  1.5658333333E+01  1.5662500000E+01  2.86217E-02  6.70217E-01
  1.5662500000E+01  1.5666666667E+01  2.83953E-02  5.49218E-01
  1.5666666667E+01  1.5670833333E+01  2.85387E-02  8.55835E-01
  1.5670833333E+01  1.5675000000E+01  2.84381E-02  8.22566E-01
  1.5675000000E+01  1.5679166667E+01  2.82595E-02  4.29455E-01
  1.5679166667E+01  1.5683333333E+01  2.85069E-02  6.11645E-01
  1.5683333333E+01  1.5687500000E+01  2.85097E-02  5.89578E-01
  1.5687500000E+01  1.5691666667E+01  2.87564E-02  7.64348E-01
  1.5691666667E+01  1.5695833333E+01  2.84662E-02  6.22948E-01
  1.5695833333E+01  1.5700000000E+01  2.83938E-02  5.47759E-01
  1.5700000000E+01  1.5704166667E+01  2.87295E-02  8.67468E-01
  1.5704166667E+01  1.5708333333E+01  2.83668E-02  5.45194E-01
  1.5708333333E+01  1.5712500000E+01  2.82589E-02  4.06301E-01
  1.5712500000E+01  1.5716666667E+01  2.83729E-02  5.60187E-01
  1.5716666667E+01  1.5720833333E+01  2.83351E-02  4.96945E-01
  1.5720833333E+01  1.5725000000E+01  2.81406E-02  3.71909E-01
  1.5725000000E+01  1.5729166667E+01  2.83963E-02  5.59757E-01
  1.5729166667E+01  1.5733333333E+01  2.84978E-02  7.12514E-01
  1.5733333333E+01  1.5737500000E+01  2.83681E-02  5.17002E-01
  1.5737500000E+01  1.5741666667E+01  2.84033E-02  5.95243E-01
  1.5741666667E+01  1.5745833333E+01  2.85471E-02  6.40978E-01
  1.5745833333E+01  1.5750000000E+01  2.89878E-02  1.08313E+00
  1.5750000000E+01  1.5754166667E+01  2.89651E-02  9.12094E-01
  1.5754166667E+01  1.5758333333E+01  2.85923E-02  6.78749E-01
  1.5758333333E+01  1.5762500000E+01  2.86302E-02  7.94601E-01
  1.5762500000E+01  1.5766666667E+01  2.86334E-02  7.59872E-01
  1.5766666667E+01  1.5770833333E+01  2.85546E-02  5.37969E-01
  1.5770833333E+01  1.5775000000E+01  2.85877E-02  6.53238E-01
  1.5775000000E+01  1.5779166667E+01  2.83721E-02  4.26541E-01
  1.5779166667E+01  1.5783333333E+01  2.86432E-02  6.77545E-01
  1.5783333333E+01  1.5787500000E+01  2.86949E-02  7.09092E-01
  1.5787500000E+01  1.5791666667E+01  2.86633E-02  6.46851E-01
  1.5791666667E+01  1.5795833333E+01  2.88313E-02  7.51148E-01
  1.5795833333E+01  1.5800000000E+01  2.85048E-02  5.91529E-01
  1.5800000000E+01  1.5804166667E+01  2.85764E-02  5.39446E-01
  1.5804166667E+01  1.5808333333E+01  2.84739E-02  5.55353E-01
  1.5808333333E+01  1.5812500000E+01  2.86982E-02  6.97648E-01
  1.5812500000E+01  1.5816666667E+01  2.86738E-02  6.98238E-01
  1.5816666667E+01  1.5820833333E+01  2.84581E-02  4.47605E-01
  1.5820833333E+01  1.5825000000E+01  2.85736E-02  5.40453E-01
  1.5825000000E+01  1.5829166667E+01  2.84132E-02  4.79514E-01
  1.5829166667E+01  1.5833333333E+01  2.86445E-02  6.00835E-01
  1.5833333333E+01  1.5837500000E+01  2.86664E-02  7.13555E-01
  1.5837500000E+01  1.5841666667E+01  2.84883E-02  4.46555E-01
  1.5841666667E+01  1.5845833333E+01  2.86277E-02  6.38636E-01
  1.5845833333E+01  1.5850000000E+01  2.84896E-02  5.67395E-01
  1.5850000000E+01  1.5854166667E+01  2.85530E-02  5.48451E-01
  1.5854166667E+01  1.5858333333E+01  2.84663E-02  5.28029E-01
  1.5858333333E+01  1.5862500000E+01  2.89354E-02  9.01486E-01
  1.5862500000E+01  1.5866666667E+01  2.84629E-02  4.20846E-01
  1.5866666667E+01  1.5870833333E+01  2.84802E-02  4.99301E-01
  1.5870833333E+01  1.5875000000E+01  2.86900E-02  6.96192E-01
  1.5875000000E+01  1.5879166667E+01  2.85832E-02  5.06814E-01
  1.5879166667E+01  1.5883333333E+01  2.86507E-02  6.46683E-01
  1.5883333333E+01  1.5887500000E+01  2.89561E-02  7.80706E-01
  1.5887500000E+01  1.5891666667E+01  2.86277E-02  5.20806E-01
  1.5891666667E+01  1.5895833333E+01  2.86572E-02  5.72218E-01
  1.5895833333E+01  1.5900000000E+01  2.86629E-02  5.42097E-01
  1.5900000000E+01  1.5904166667E+01  2.88691E-02  7.71786E-01
  1.5904166667E+01  1.5908333333E+01  2.87975E-02  7.58296E-01
  1.5908333333E+01  1.5912500000E+01  2.88280E-02  7.30558E-01
  1.5912500000E+01  1.5916666667E+01  2.85314E-02  5.37464E-01
  1.5916666667E+01  1.5920833333E+01  2.85625E-02  4.98660E-01
  1.5920833333E+01  1.5925000000E+01  2.86204E-02  6.62745E-01
  1.5925000000E+01  1.5929166667E+01  2.85629E-02  5.38211E-01
  1.5929166667E+01  1.5933333333E+01  2.87902E-02  7.41945E-01
  1.5933333333E+01  1.5937500000E+01  2.87221E-02  6.16111E-01
  1.5937500000E+01  1.5941666667E+01  2.92590E-02  9.65671E-01
  1.5941666667E+01  1.5945833333E+01  2.86962E-02  5.96021E-01
  1.5945833333E+01  1.5950000000E+01  2.89245E-02  7.16812E-01
  1.5950000000E+01  1.5954166667E+01  2.88962E-02  7.71567E-01
  1.5954166667E+01  1.5958333333E+01  2.90231E-02  7.76222E-01
  1.5958333333E+01  1.5962500000E+01  2.85625E-02  4.27892E-01
  1.5962500000E+01  1.5966666667E+01  2.87813E-02  6.99950E-01
  1.5966666667E+01  1.5970833333E+01  2.89628E-02  7.01717E-01
  1.5970833333E+01  1.5975000000E+01  2.89525E-02  7.12756E-01
  1.5975000000E+01  1.5979166667E+01  2.87643E-02  5.11132E-01
  1.5979166667E+01  1.5983333333E+01  2.87406E-02  5.44219E-01
  1.5983333333E+01  1.5987500000E+01  2.87551E-02  5.34152E-01
  1.5987500000E+01  1.5991666667E+01  2.88464E-02  5.82859E-01
  1.5991666667E+01  1.5995833333E+01  2.87969E-02  5.49722E-01
  1.5995833333E+01  1.6000000000E+01  2.90508E-02  7.56317E-01
  1.6000000000E+01  1.6004166667E+01  2.90093E-02  5.99949E-01
  1.6004166667E+01  1.6008333333E+01  2.87414E-02  4.65968E-01
  1.6008333333E+01  1.6012500000E+01  2.91578E-02  8.73653E-01
  1.6012500000E+01  1.6016666667E+01  2.87615E-02  5.64677E-01
  1.6016666667E+01  1.6020833333E+01  2.87792E-02  4.98446E-01
  1.6020833333E+01  1.6025000000E+01  2.87903E-02  4.35904E-01
  1.6025000000E+01  1.6029166667E+01  2.87878E-02  4.56610E-01
  1.6029166667E+01  1.6033333333E+01  2.87985E-02  4.90475E-01
  1.6033333333E+01  1.6037500000E+01  2.89441E-02  6.39936E-01
  1.6037500000E+01  1.6041666667E+01  2.88255E-02  4.74736E-01
  1.6041666667E+01  1.6045833333E+01  2.89589E-02  5.68624E-01
  1.6045833333E+01  1.6050000000E+01  2.87157E-02  3.93989E-01
  1.6050000000E+01  1.6054166667E+01  2.89068E-02  5.87573E-01
  1.6054166667E+01  1.6058333333E+01  2.91832E-02  6.99091E-01
  1.6058333333E+01  1.6062500000E+01  2.89647E-02  5.82310E-01
  1.6062500000E+01  1.6066666667E+01  2.88010E-02  4.83682E-01
  1.6066666667E+01  1.6070833333E+01  2.89349E-02  5.69957E-01
  1.6070833333E+01  1.6075000000E+01  2.88310E-02  3.96508E-01
  1.6075000000E+01  1.6079166667E+01  2.90793E-02  6.43063E-01
  1.6079166667E+01  1.6083333333E+01  2.91842E-02  6.30736E-01
  1.6083333333E+01  1.6087500000E+01  2.91660E-02  6.13854E-01
  1.6087500000E+01  1.6091666667E+01  2.90107E-02  4.94010E-01
  1.6091666667E+01  1.6095833333E+01  2.89342E-02  4.26151E-01
  1.6095833333E+01  1.6100000000E+01  2.89484E-02  4.24369E-01
  1.6100000000E+01  1.6104166667E+01  2.87936E-02  4.01642E-01
  1.6104166667E+01  1.6108333333E+01  2.91010E-02  5.70501E-01
  1.6108333333E+01  1.6112500000E+01  2.88805E-02  4.16645E-01
  1.6112500000E+01  1.6116666667E+01  2.89671E-02  4.94137E-01
  1.6116666667E+01  1.6120833333E+01  2.89386E-02  5.35416E-01
  1.6120833333E+01  1.6125000000E+01  2.93073E-02  6.57457E-01
  1.6125000000E+01  1.6129166667E+01  2.89032E-02  3.66437E-01
  1.6129166667E+01  1.6133333333E+01  2.93400E-02  5.95854E-01
  1.6133333333E+01  1.6137500000E+01  2.93280E-02  5.92555E-01
  1.6137500000E+01  1.6141666667E+01  2.92890E-02  5.32633E-01
  1.6141666667E+01  1.6145833333E+01  2.95148E-02  6.99484E-01
  1.6145833333E+01  1.6150000000E+01  2.95606E-02  6.43747E-01
  1.6150000000E+01  1.6154166667E+01  2.91304E-02  3.84337E-01
  1.6154166667E+01  1.6158333333E+01  2.95696E-02  8.33558E-01
  1.6158333333E+01  1.6162500000E+01  2.92429E-02  4.14080E-01
  1.6162500000E+01  1.6166666667E+01  2.91879E-02  4.16078E-01
  1.6166666667E+01  1.6170833333E+01  2.99113E-02  8.42405E-01
  1.6170833333E+01  1.6175000000E+01  2.98436E-02  8.21591E-01
  1.6175000000E+01  1.6179166667E+01  2.96840E-02  7.03235E-01
  1.6179166667E+01  1.6183333333E+01  2.93635E-02  5.61490E-01
  1.6183333333E+01  1.6187500000E+01  2.93521E-02  4.62580E-01
  1.6187500000E+01  1.6191666667E+01  2.95837E-02  7.73897E-01
  1.6191666667E+01  1.6195833333E+01  2.93998E-02  5.94445E-01
  1.6195833333E+01  1.6200000000E+01  2.96709E-02  8.77943E-01
  1.6200000000E+01  1.6204166667E+01  2.94536E-02  4.98909E-01
  1.6204166667E+01  1.6208333333E+01  2.96607E-02  6.72876E-01
  1.6208333333E+01  1.6212500000E+01  2.96935E-02  7.00159E-01
  1.6212500000E+01  1.6216666667E+01  2.94716E-02  5.17435E-01
  1.6216666667E+01  1.6220833333E+01  2.95198E-02  5.13823E-01
  1.6220833333E+01  1.6225000000E+01  2.95459E-02  5.54187E-01
  1.6225000000E+01  1.6229166667E+01  2.94761E-02  5.10958E-01
  1.6229166667E+01  1.6233333333E+01  2.94439E-02  4.85743E-01
  1.6233333333E+01  1.6237500000E+01  2.95147E-02  6.39419E-01
  1.6237500000E+01  1.6241666667E+01  2.98435E-02  8.23400E-01
  1.6241666667E+01  1.6245833333E+01  2.95534E-02  6.64022E-01
  1.6245833333E+01  1.6250000000E+01  2.97348E-02  7.57740E-01
  1.6250000000E+01  1.6254166667E+01  2.94660E-02  4.91493E-01
  1.6254166667E+01  1.6258333333E+01  2.95418E-02  6.22139E-01
  1.6258333333E+01  1.6262500000E+01  2.96358E-02  6.54980E-01
  1.6262500000E+01  1.6266666667E+01  2.96080E-02  6.89049E-01
  1.6266666667E+01  1.6270833333E+01  2.94598E-02  5.29236E-01
  1.6270833333E+01  1.6275000000E+01  2.95826E-02  5.80397E-01
  1.6275000000E+01  1.6279166667E+01  2.96522E-02  6.93252E-01
  1.6279166667E+01  1.6283333333E+01  2.99683E-02  7.67841E-01
  1.6283333333E+01  1.6287500000E+01  3.00295E-02  8.25522E-01
  1.6287500000E+01  1.6291666667E+01  2.97155E-02  5.85468E-01
  1.6291666667E+01  1.6295833333E+01  2.98016E-02  6.85759E-01
  1.6295833333E+01  1.6300000000E+01  2.98535E-02  7.71189E-01
  1.6300000000E+01  1.6304166667E+01  2.99218E-02  7.17203E-01
  1.6304166667E+01  1.6308333333E+01  2.99031E-02  7.51224E-01
  1.6308333333E+01  1.6312500000E+01  2.99824E-02  6.93789E-01
  1.6312500000E+01  1.6316666667E+01  2.98878E-02  6.58146E-01
  1.6316666667E+01  1.6320833333E+01  2.96105E-02  5.00974E-01
  1.6320833333E+01  1.6325000000E+01  2.96155E-02  5.57533E-01
  1.6325000000E+01  1.6329166667E+01  2.96855E-02  5.84990E-01
  1.6329166667E+01  1.6333333333E+01  2.98573E-02  6.28031E-01
  1.6333333333E+01  1.6337500000E+01  2.97326E-02  6.16177E-01
  1.6337500000E+01  1.6341666667E+01  2.95121E-02  4.35073E-01
  1.6341666667E+01  1.6345833333E+01  2.96157E-02  5.84187E-01
  1.6345833333E+01  1.6350000000E+01  2.95863E-02  5.02056E-01
  1.6350000000E+01  1.6354166667E+01  2.97863E-02  7.16726E-01
  1.6354166667E+01  1.6358333333E+01  2.97274E-02  5.68254E-01
  1.6358333333E+01  1.6362500000E+01  2.99593E-02  7.68899E-01
  1.6362500000E+01  1.6366666667E+01  2.98742E-02  5.91112E-01
  1.6366666667E+01  1.6370833333E+01  3.00702E-02  7.78284E-01
  1.6370833333E+01  1.6375000000E+01  2.96808E-02  4.50116E-01
  1.6375000000E+01  1.6379166667E+01  2.95842E-02  4.33101E-01
  1.6379166667E+01  1.6383333333E+01  2.98554E-02  6.61579E-01
  1.6383333333E+01  1.6387500000E+01  2.98019E-02  5.24443E-01
  1.6387500000E+01  1.6391666667E+01  2.97074E-02  3.92665E-01
  1.6391666667E+01  1.6395833333E+01  2.99674E-02  5.48112E-01
  1.6395833333E+01  1.6400000000E+01  3.02980E-02  9.35679E-01
  1.6400000000E+01  1.6404166667E+01  3.00036E-02  5.52005E-01
  1.6404166667E+01  1.6408333333E+01  2.98051E-02  4.29852E-01
  1.6408333333E+01  1.6412500000E+01  2.99149E-02  5.24402E-01
  1.6412500000E+01  1.6416666667E+01  3.00056E-02  5.30533E-01
  1.6416666667E+01  1.6420833333E+01  3.01038E-02  7.03174E-01
  1.6420833333E+01  1.6425000000E+01  3.00175E-02  6.05666E-01
  1.6425000000E+01  1.6429166667E+01  2.99762E-02  6.48057E-01
  1.6429166667E+01  1.6433333333E+01  3.00384E-02  6.87916E-01
  1.6433333333E+01  1.6437500000E+01  3.00195E-02  5.68139E-01
  1.6437500000E+01  1.6441666667E+01  3.03050E-02  8.55502E-01
  1.6441666667E+01  1.6445833333E+01  3.01718E-02  6.67975E-01
  1.6445833333E+01  1.6450000000E+01  2.99450E-02  4.88215E-01
  1.6450000000E+01  1.6454166667E+01  2.98760E-02  4.76619E-01
  1.6454166667E+01  1.6458333333E+01  2.99859E-02  5.53272E-01
  1.6458333333E+01  1.6462500000E+01  3.00739E-02  5.38566E-01
  1.6462500000E+01  1.6466666667E+01  2.99148E-02  4.30900E-01
  1.6466666667E+01  1.6470833333E+01  3.05359E-02  7.58833E-01
  1.6470833333E+01  1.6475000000E+01  3.03824E-02  6.69506E-01
  1.6475000000E+01  1.6479166667E+01  3.03917E-02  6.69961E-01
  1.6479166667E+01  1.6483333333E+01  3.03036E-02  5.74891E-01
  1.6483333333E+01  1.6487500000E+01  3.04868E-02  7.12154E-01
  1.6487500000E+01  1.6491666667E+01  3.03404E-02  7.19109E-01
  1.6491666667E+01  1.6495833333E+01  3.01627E-02  5.52195E-01
  1.6495833333E+01  1.6500000000E+01  3.02397E-02  6.85203E-01
  1.6500000000E+01  1.6504166667E+01  3.03605E-02  5.49218E-01
  1.6504166667E+01  1.6508333333E+01  3.04777E-02  6.64245E-01
  1.6508333333E+01  1.6512500000E+01  3.03851E-02  6.83687E-01
  1.6512500000E+01  1.6516666667E+01  3.01977E-02  5.12720E-01
  1.6516666667E+01  1.6520833333E+01  3.01630E-02  4.37470E-01
  1.6520833333E+01  1.6525000000E+01  3.01053E-02  4.36509E-01
  1.6525000000E+01  1.6529166667E+01  3.02041E-02  5.29251E-01
  1.6529166667E+01  1.6533333333E+01  3.04178E-02  6.14824E-01
  1.6533333333E+01  1.6537500000E+01  3.05050E-02  6.62863E-01
  1.6537500000E+01  1.6541666667E+01  3.04127E-02  6.59642E-01
  1.6541666667E+01  1.6545833333E+01  3.02612E-02  5.78145E-01
  1.6545833333E+01  1.6550000000E+01  3.02044E-02  5.33862E-01
  1.6550000000E+01  1.6554166667E+01  3.02700E-02  5.74525E-01
  1.6554166667E+01  1.6558333333E+01  3.04263E-02  6.41075E-01
  1.6558333333E+01  1.6562500000E+01  3.07016E-02  7.75802E-01
  1.6562500000E+01  1.6566666667E+01  3.02964E-02  5.85723E-01
  1.6566666667E+01  1.6570833333E+01  3.02569E-02  4.75140E-01
  1.6570833333E+01  1.6575000000E+01  3.03415E-02  5.55793E-01
  1.6575000000E+01  1.6579166667E+01  3.00976E-02  3.87156E-01
  1.6579166667E+01  1.6583333333E+01  3.02955E-02  5.19042E-01
  1.6583333333E+01  1.6587500000E+01  3.03682E-02  5.80701E-01
  1.6587500000E+01  1.6591666667E+01  3.08695E-02  7.89480E-01
  1.6591666667E+01  1.6595833333E+01  3.03625E-02  4.79919E-01
  1.6595833333E+01  1.6600000000E+01  3.03229E-02  4.54395E-01
  1.6600000000E+01  1.6604166667E+01  3.02142E-02  4.07570E-01
  1.6604166667E+01  1.6608333333E+01  3.02912E-02  4.54500E-01
  1.6608333333E+01  1.6612500000E+01  3.03272E-02  5.52097E-01
  1.6612500000E+01  1.6616666667E+01  3.03541E-02  5.41323E-01
  1.6616666667E+01  1.6620833333E+01  3.04666E-02  5.35404E-01
  1.6620833333E+01  1.6625000000E+01  3.04781E-02  5.44211E-01
  1.6625000000E+01  1.6629166667E+01  3.08778E-02  8.57872E-01
  1.6629166667E+01  1.6633333333E+01  3.03521E-02  4.38780E-01
  1.6633333333E+01  1.6637500000E+01  3.07142E-02  7.63743E-01
  1.6637500000E+01  1.6641666667E+01  3.06089E-02  6.98117E-01
  1.6641666667E+01  1.6645833333E+01  3.05758E-02  5.87912E-01
  1.6645833333E+01  1.6650000000E+01  3.03490E-02  4.14420E-01
  1.6650000000E+01  1.6654166667E+01  3.04361E-02  4.87859E-01
  1.6654166667E+01  1.6658333333E+01  3.04587E-02  4.26630E-01
  1.6658333333E+01  1.6662500000E+01  3.05424E-02  5.43341E-01
  1.6662500000E+01  1.6666666667E+01  3.04615E-02  4.10964E-01
  1.6666666667E+01  1.6670833333E+01  3.06950E-02  5.54754E-01
  1.6670833333E+01  1.6675000000E+01  3.04910E-02  4.52227E-01
  1.6675000000E+01  1.6679166667E+01  3.06341E-02  4.82410E-01
  1.6679166667E+01  1.6683333333E+01  3.08235E-02  5.77342E-01
  1.6683333333E+01  1.6687500000E+01  3.09544E-02  7.15878E-01
  1.6687500000E+01  1.6691666667E+01  3.07573E-02  5.32120E-01
  1.6691666667E+01  1.6695833333E+01  3.07715E-02  5.34135E-01
  1.6695833333E+01  1.6700000000E+01  3.06527E-02  4.20983E-01
  1.6700000000E+01  1.6704166667E+01  3.09180E-02  6.31200E-01
  1.6704166667E+01  1.6708333333E+01  3.08536E-02  6.24428E-01
  1.6708333333E+01  1.6712500000E+01  3.10740E-02  6.41152E-01
  1.6712500000E+01  1.6716666667E+01  3.08317E-02  4.94331E-01
  1.6716666667E+01  1.6720833333E+01  3.06300E-02  4.27925E-01
  1.6720833333E+01  1.6725000000E+01  3.12192E-02  7.52704E-01
  1.6725000000E+01  1.6729166667E+01  3.08217E-02  4.67716E-01
  1.6729166667E+01  1.6733333333E+01  3.09532E-02  5.36182E-01
  1.6733333333E+01  1.6737500000E+01  3.08016E-02  5.37447E-01
  1.6737500000E+01  1.6741666667E+01  3.07910E-02  4.95164E-01
  1.6741666667E+01  1.6745833333E+01  3.09317E-02  5.40895E-01
  1.6745833333E+01  1.6750000000E+01  3.09314E-02  5.52566E-01
  1.6750000000E+01  1.6754166667E+01  3.10131E-02  5.41202E-01
  1.6754166667E+01  1.6758333333E+01  3.14604E-02  7.95019E-01
  1.6758333333E+01  1.6762500000E+01  3.12479E-02  6.82738E-01
  1.6762500000E+01  1.6766666667E+01  3.11264E-02  6.18722E-01
  1.6766666667E+01  1.6770833333E+01  3.10753E-02  6.03000E-01
  1.6770833333E+01  1.6775000000E+01  3.09933E-02  5.62306E-01
  1.6775000000E+01  1.6779166667E+01  3.09156E-02  4.64125E-01
  1.6779166667E+01  1.6783333333E+01  3.08513E-02  4.39847E-01
  1.6783333333E+01  1.6787500000E+01  3.11418E-02  7.43919E-01
  1.6787500000E+01  1.6791666667E+01  3.11534E-02  6.57844E-01
  1.6791666667E+01  1.6795833333E+01  3.09212E-02  5.21823E-01
  1.6795833333E+01  1.6800000000E+01  3.09530E-02  5.89477E-01
  1.6800000000E+01  1.6804166667E+01  3.09645E-02  5.89197E-01
  1.6804166667E+01  1.6808333333E+01  3.11054E-02  5.23862E-01
  1.6808333333E+01  1.6812500000E+01  3.09728E-02  4.82903E-01
  1.6812500000E+01  1.6816666667E+01  3.13725E-02  7.98929E-01
  1.6816666667E+01  1.6820833333E+01  3.12853E-02  6.19591E-01
  1.6820833333E+01  1.6825000000E+01  3.11281E-02  5.37248E-01
  1.6825000000E+01  1.6829166667E+01  3.12291E-02  6.09518E-01
  1.6829166667E+01  1.6833333333E+01  3.09405E-02  3.94260E-01
  1.6833333333E+01  1.6837500000E+01  3.09979E-02  4.88750E-01
  1.6837500000E+01  1.6841666667E+01  3.10830E-02  5.58756E-01
  1.6841666667E+01  1.6845833333E+01  3.14387E-02  6.88965E-01
  1.6845833333E+01  1.6850000000E+01  3.14610E-02  7.29616E-01
  1.6850000000E+01  1.6854166667E+01  3.11281E-02  5.15214E-01
  1.6854166667E+01  1.6858333333E+01  3.12911E-02  5.45343E-01
  1.6858333333E+01  1.6862500000E+01  3.11459E-02  4.86175E-01
  1.6862500000E+01  1.6866666667E+01  3.12569E-02  5.81740E-01
  1.6866666667E+01  1.6870833333E+01  3.11911E-02  4.74528E-01
  1.6870833333E+01  1.6875000000E+01  3.14222E-02  6.89988E-01
  1.6875000000E+01  1.6879166667E+01  3.13212E-02  5.58213E-01
  1.6879166667E+01  1.6883333333E+01  3.15043E-02  6.63216E-01
  1.6883333333E+01  1.6887500000E+01  3.14967E-02  6.85133E-01
  1.6887500000E+01  1.6891666667E+01  3.11376E-02  4.10455E-01
  1.6891666667E+01  1.6895833333E+01  3.11349E-02  3.97350E-01
  1.6895833333E+01  1.6900000000E+01  3.12154E-02  4.51714E-01
  1.6900000000E+01  1.6904166667E+01  3.13325E-02  5.74566E-01
  1.6904166667E+01  1.6908333333E+01  3.13862E-02  5.34254E-01
  1.6908333333E+01  1.6912500000E+01  3.13144E-02  4.83479E-01
  1.6912500000E+01  1.6916666667E+01  3.12133E-02  4.61456E-01
  1.6916666667E+01  1.6920833333E+01  3.11974E-02  4.19471E-01
  1.6920833333E+01  1.6925000000E+01  3.13196E-02  4.45429E-01
  1.6925000000E+01  1.6929166667E+01  3.14216E-02  5.46388E-01
  1.6929166667E+01  1.6933333333E+01  3.13878E-02  4.88768E-01
  1.6933333333E+01  1.6937500000E+01  3.15067E-02  5.94539E-01
  1.6937500000E+01  1.6941666667E+01  3.16057E-02  5.96378E-01
  1.6941666667E+01  1.6945833333E+01  3.16605E-02  5.96282E-01
  1.6945833333E+01  1.6950000000E+01  3.15002E-02  4.75773E-01
  1.6950000000E+01  1.6954166667E+01  3.16184E-02  5.10661E-01
  1.6954166667E+01  1.6958333333E+01  3.14827E-02  3.95980E-01
  1.6958333333E+01  1.6962500000E+01  3.19791E-02  6.47183E-01
  1.6962500000E+01  1.6966666667E+01  3.15857E-02  4.28259E-01
  1.6966666667E+01  1.6970833333E+01  3.19813E-02  6.87453E-01
  1.6970833333E+01  1.6975000000E+01  3.17851E-02  4.92793E-01
  1.6975000000E+01  1.6979166667E+01  3.19615E-02  7.87925E-01
  1.6979166667E+01  1.6983333333E+01  3.16682E-02  4.86813E-01
  1.6983333333E+01  1.6987500000E+01  3.18651E-02  6.24718E-01
  1.6987500000E+01  1.6991666667E+01  3.17239E-02  4.78129E-01
  1.6991666667E+01  1.6995833333E+01  3.19463E-02  5.59917E-01
  1.6995833333E+01  1.7000000000E+01  3.19606E-02  5.79320E-01
  1.7000000000E+01  1.7004166667E+01  3.20557E-02  6.16081E-01
  1.7004166667E+01  1.7008333333E+01  3.22243E-02  7.61202E-01
  1.7008333333E+01  1.7012500000E+01  3.18044E-02  4.62768E-01
  1.7012500000E+01  1.7016666667E+01  3.20134E-02  5.76201E-01
  1.7016666667E+01  1.7020833333E+01  3.19243E-02  5.75496E-01
  1.7020833333E+01  1.7025000000E+01  3.20875E-02  6.22078E-01
  1.7025000000E+01  1.7029166667E+01  3.23377E-02  7.27411E-01
  1.7029166667E+01  1.7033333333E+01  3.21867E-02  6.45003E-01
  1.7033333333E+01  1.7037500000E+01  3.20288E-02  5.37308E-01
  1.7037500000E+01  1.7041666667E+01  3.19367E-02  4.66892E-01
  1.7041666667E+01  1.7045833333E+01  3.21070E-02  5.43965E-01
  1.7045833333E+01  1.7050000000E+01  3.19687E-02  4.10740E-01
  1.7050000000E+01  1.7054166667E+01  3.23509E-02  5.83337E-01
  1.7054166667E+01  1.7058333333E+01  3.23134E-02  6.30163E-01
  1.7058333333E+01  1.7062500000E+01  3.25028E-02  7.59692E-01
  1.7062500000E+01  1.7066666667E+01  3.21089E-02  4.55871E-01
  1.7066666667E+01  1.7070833333E+01  3.24600E-02  7.26333E-01
  1.7070833333E+01  1.7075000000E+01  3.23375E-02  6.62773E-01
  1.7075000000E+01  1.7079166667E+01  3.22361E-02  6.30604E-01
  1.7079166667E+01  1.7083333333E+01  3.20529E-02  4.56583E-01
  1.7083333333E+01  1.7087500000E+01  3.22316E-02  6.56861E-01
  1.7087500000E+01  1.7091666667E+01  3.23558E-02  6.15212E-01
  1.7091666667E+01  1.7095833333E+01  3.26270E-02  7.50029E-01
  1.7095833333E+01  1.7100000000E+01  3.21438E-02  4.57282E-01
  1.7100000000E+01  1.7104166667E+01  3.21351E-02  4.95321E-01
  1.7104166667E+01  1.7108333333E+01  3.22106E-02  5.36940E-01
  1.7108333333E+01  1.7112500000E+01  3.23330E-02  5.70179E-01
  1.7112500000E+01  1.7116666667E+01  3.22337E-02  4.40361E-01
  1.7116666667E+01  1.7120833333E+01  3.23636E-02  5.13529E-01
  1.7120833333E+01  1.7125000000E+01  3.25991E-02  6.43950E-01
  1.7125000000E+01  1.7129166667E+01  3.25104E-02  5.54966E-01
  1.7129166667E+01  1.7133333333E+01  3.24890E-02  5.22695E-01
  1.7133333333E+01  1.7137500000E+01  3.25383E-02  5.42125E-01
  1.7137500000E+01  1.7141666667E+01  3.24643E-02  5.34822E-01
  1.7141666667E+01  1.7145833333E+01  3.25957E-02  6.24728E-01
  1.7145833333E+01  1.7150000000E+01  3.22755E-02  4.10448E-01
  1.7150000000E+01  1.7154166667E+01  3.25132E-02  5.45721E-01
  1.7154166667E+01  1.7158333333E+01  3.24659E-02  5.51772E-01
  1.7158333333E+01  1.7162500000E+01  3.22975E-02  4.30813E-01
  1.7162500000E+01  1.7166666667E+01  3.23334E-02  4.48428E-01
  1.7166666667E+01  1.7170833333E+01  3.26912E-02  6.17608E-01
  1.7170833333E+01  1.7175000000E+01  3.26485E-02  6.18045E-01
  1.7175000000E+01  1.7179166667E+01  3.24490E-02  4.86919E-01
  1.7179166667E+01  1.7183333333E+01  3.26001E-02  5.88583E-01
  1.7183333333E+01  1.7187500000E+01  3.25297E-02  5.17433E-01
  1.7187500000E+01  1.7191666667E+01  3.28308E-02  7.26120E-01
  1.7191666667E+01  1.7195833333E+01  3.26590E-02  5.60872E-01
  1.7195833333E+01  1.7200000000E+01  3.25109E-02  4.16442E-01
  1.7200000000E+01  1.7204166667E+01  3.27053E-02  5.44223E-01
  1.7204166667E+01  1.7208333333E+01  3.25869E-02  4.78945E-01
  1.7208333333E+01  1.7212500000E+01  3.24827E-02  4.32219E-01
  1.7212500000E+01  1.7216666667E+01  3.27179E-02  5.71762E-01
  1.7216666667E+01  1.7220833333E+01  3.27422E-02  5.85420E-01
  1.7220833333E+01  1.7225000000E+01  3.27084E-02  4.76497E-01
  1.7225000000E+01  1.7229166667E+01  3.28113E-02  4.54885E-01
  1.7229166667E+01  1.7233333333E+01  3.27506E-02  5.62888E-01
  1.7233333333E+01  1.7237500000E+01  3.26470E-02  4.02513E-01
  1.7237500000E+01  1.7241666667E+01  3.28339E-02  5.52387E-01
  1.7241666667E+01  1.7245833333E+01  3.30702E-02  6.56306E-01
  1.7245833333E+01  1.7250000000E+01  3.29906E-02  5.61414E-01
  1.7250000000E+01  1.7254166667E+01  3.29655E-02  5.47363E-01
  1.7254166667E+01  1.7258333333E+01  3.29603E-02  5.98203E-01
  1.7258333333E+01  1.7262500000E+01  3.29766E-02  5.47828E-01
  1.7262500000E+01  1.7266666667E+01  3.28668E-02  5.03433E-01
  1.7266666667E+01  1.7270833333E+01  3.29659E-02  5.12981E-01
  1.7270833333E+01  1.7275000000E+01  3.33285E-02  7.95365E-01
  1.7275000000E+01  1.7279166667E+01  3.29066E-02  4.39941E-01
  1.7279166667E+01  1.7283333333E+01  3.28526E-02  4.02037E-01
  1.7283333333E+01  1.7287500000E+01  3.32305E-02  6.51356E-01
  1.7287500000E+01  1.7291666667E+01  3.31404E-02  5.37034E-01
  1.7291666667E+01  1.7295833333E+01  3.34844E-02  6.97546E-01
  1.7295833333E+01  1.7300000000E+01  3.32677E-02  5.53756E-01
  1.7300000000E+01  1.7304166667E+01  3.31694E-02  5.55296E-01
  1.7304166667E+01  1.7308333333E+01  3.33534E-02  5.77518E-01
  1.7308333333E+01  1.7312500000E+01  3.32025E-02  4.59077E-01
  1.7312500000E+01  1.7316666667E+01  3.33756E-02  6.28291E-01
  1.7316666667E+01  1.7320833333E+01  3.33027E-02  4.94349E-01
  1.7320833333E+01  1.7325000000E+01  3.35044E-02  5.41387E-01
  1.7325000000E+01  1.7329166667E+01  3.35062E-02  5.45908E-01
  1.7329166667E+01  1.7333333333E+01  3.33267E-02  5.38875E-01
  1.7333333333E+01  1.7337500000E+01  3.33526E-02  4.63860E-01
  1.7337500000E+01  1.7341666667E+01  3.34200E-02  5.11890E-01
  1.7341666667E+01  1.7345833333E+01  3.32611E-02  4.19499E-01
  1.7345833333E+01  1.7350000000E+01  3.33397E-02  5.01130E-01
  1.7350000000E+01  1.7354166667E+01  3.35427E-02  5.31768E-01
  1.7354166667E+01  1.7358333333E+01  3.32890E-02  3.80334E-01
  1.7358333333E+01  1.7362500000E+01  3.35286E-02  5.65683E-01
  1.7362500000E+01  1.7366666667E+01  3.35062E-02  4.43029E-01
  1.7366666667E+01  1.7370833333E+01  3.36665E-02  5.46951E-01
  1.7370833333E+01  1.7375000000E+01  3.34648E-02  3.84450E-01
  1.7375000000E+01  1.7379166667E+01  3.38086E-02  5.81503E-01
  1.7379166667E+01  1.7383333333E+01  3.36560E-02  5.09350E-01
  1.7383333333E+01  1.7387500000E+01  3.37110E-02  5.41030E-01
  1.7387500000E+01  1.7391666667E+01  3.34855E-02  3.93809E-01
  1.7391666667E+01  1.7395833333E+01  3.37910E-02  5.45453E-01
  1.7395833333E+01  1.7400000000E+01  3.36841E-02  4.51043E-01
  1.7400000000E+01  1.7404166667E+01  3.41626E-02  7.12823E-01
  1.7404166667E+01  1.7408333333E+01  3.40140E-02  5.65252E-01
  1.7408333333E+01  1.7412500000E+01  3.41191E-02  6.40921E-01
  1.7412500000E+01  1.7416666667E+01  3.43017E-02  7.31360E-01
  1.7416666667E+01  1.7420833333E+01  3.40020E-02  4.77988E-01
  1.7420833333E+01  1.7425000000E+01  3.38141E-02  4.11855E-01
  1.7425000000E+01  1.7429166667E+01  3.39378E-02  4.48859E-01
  1.7429166667E+01  1.7433333333E+01  3.42243E-02  5.85003E-01
  1.7433333333E+01  1.7437500000E+01  3.41327E-02  4.71383E-01
  1.7437500000E+01  1.7441666667E+01  3.41761E-02  5.27989E-01
  1.7441666667E+01  1.7445833333E+01  3.43810E-02  5.84388E-01
  1.7445833333E+01  1.7450000000E+01  3.45368E-02  6.55132E-01
  1.7450000000E+01  1.7454166667E+01  3.43911E-02  5.25926E-01
  1.7454166667E+01  1.7458333333E+01  3.43315E-02  5.05503E-01
  1.7458333333E+01  1.7462500000E+01  3.43061E-02  5.77313E-01
  1.7462500000E+01  1.7466666667E+01  3.44408E-02  5.82856E-01
  1.7466666667E+01  1.7470833333E+01  3.41353E-02  4.73470E-01
  1.7470833333E+01  1.7475000000E+01  3.45679E-02  6.24483E-01
  1.7475000000E+01  1.7479166667E+01  3.42723E-02  4.47127E-01
  1.7479166667E+01  1.7483333333E+01  3.47144E-02  6.27561E-01
  1.7483333333E+01  1.7487500000E+01  3.46623E-02  5.85236E-01
  1.7487500000E+01  1.7491666667E+01  3.47013E-02  6.02404E-01
  1.7491666667E+01  1.7495833333E+01  3.46605E-02  5.93363E-01
  1.7495833333E+01  1.7500000000E+01  3.46939E-02  6.73446E-01
  1.7500000000E+01  1.7504166667E+01  3.44506E-02  4.49838E-01
  1.7504166667E+01  1.7508333333E+01  3.44727E-02  4.76738E-01
  1.7508333333E+01  1.7512500000E+01  3.45451E-02  4.55667E-01
  1.7512500000E+01  1.7516666667E+01  3.47338E-02  5.90647E-01
  1.7516666667E+01  1.7520833333E+01  3.45534E-02  4.35193E-01
  1.7520833333E+01  1.7525000000E+01  3.45714E-02  4.60547E-01
  1.7525000000E+01  1.7529166667E+01  3.47133E-02  5.42996E-01
  1.7529166667E+01  1.7533333333E+01  3.47860E-02  5.40302E-01
  1.7533333333E+01  1.7537500000E+01  3.48695E-02  5.87243E-01
  1.7537500000E+01  1.7541666667E+01  3.47047E-02  4.76068E-01
  1.7541666667E+01  1.7545833333E+01  3.49143E-02  6.19306E-01
  1.7545833333E+01  1.7550000000E+01  3.47178E-02  4.04088E-01
  1.7550000000E+01  1.7554166667E+01  3.49387E-02  5.03354E-01
  1.7554166667E+01  1.7558333333E+01  3.51145E-02  5.89199E-01
  1.7558333333E+01  1.7562500000E+01  3.52349E-02  5.90093E-01
  1.7562500000E+01  1.7566666667E+01  3.52056E-02  5.56925E-01
  1.7566666667E+01  1.7570833333E+01  3.51806E-02  5.15103E-01
  1.7570833333E+01  1.7575000000E+01  3.51937E-02  4.85114E-01
  1.7575000000E+01  1.7579166667E+01  3.50886E-02  4.72097E-01
  1.7579166667E+01  1.7583333333E+01  3.51740E-02  4.89489E-01
  1.7583333333E+01  1.7587500000E+01  3.54448E-02  7.37123E-01
  1.7587500000E+01  1.7591666667E+01  3.53574E-02  5.33811E-01
  1.7591666667E+01  1.7595833333E+01  3.54550E-02  5.50215E-01
  1.7595833333E+01  1.7600000000E+01  3.53527E-02  4.85797E-01
  1.7600000000E+01  1.7604166667E+01  3.53960E-02  4.57355E-01
  1.7604166667E+01  1.7608333333E+01  3.58078E-02  6.11449E-01
  1.7608333333E+01  1.7612500000E+01  3.55184E-02  5.35569E-01
  1.7612500000E+01  1.7616666667E+01  3.54428E-02  5.00692E-01
  1.7616666667E+01  1.7620833333E+01  3.55562E-02  5.02836E-01
  1.7620833333E+01  1.7625000000E+01  3.55410E-02  4.64824E-01
  1.7625000000E+01  1.7629166667E+01  3.55612E-02  4.51300E-01
  1.7629166667E+01  1.7633333333E+01  3.56724E-02  5.16806E-01
  1.7633333333E+01  1.7637500000E+01  3.54570E-02  3.94638E-01
  1.7637500000E+01  1.7641666667E+01  3.56916E-02  4.90043E-01
  1.7641666667E+01  1.7645833333E+01  3.58411E-02  5.63937E-01
  1.7645833333E+01  1.7650000000E+01  3.57740E-02  4.58379E-01
  1.7650000000E+01  1.7654166667E+01  3.57492E-02  4.36777E-01
  1.7654166667E+01  1.7658333333E+01  3.58707E-02  5.11237E-01
  1.7658333333E+01  1.7662500000E+01  3.58024E-02  4.69550E-01
  1.7662500000E+01  1.7666666667E+01  3.59139E-02  5.27209E-01
  1.7666666667E+01  1.7670833333E+01  3.61619E-02  5.75743E-01
  1.7670833333E+01  1.7675000000E+01  3.60902E-02  5.48847E-01
  1.7675000000E+01  1.7679166667E+01  3.59701E-02  4.56310E-01
  1.7679166667E+01  1.7683333333E+01  3.59562E-02  4.84340E-01
  1.7683333333E+01  1.7687500000E+01  3.61186E-02  5.08198E-01
  1.7687500000E+01  1.7691666667E+01  3.61146E-02  4.75953E-01
  1.7691666667E+01  1.7695833333E+01  3.62492E-02  4.76354E-01
  1.7695833333E+01  1.7700000000E+01  3.65603E-02  6.47042E-01
  1.7700000000E+01  1.7704166667E+01  3.62651E-02  4.70201E-01
  1.7704166667E+01  1.7708333333E+01  3.65457E-02  5.88166E-01
  1.7708333333E+01  1.7712500000E+01  3.64935E-02  4.90266E-01
  1.7712500000E+01  1.7716666667E+01  3.63883E-02  4.30095E-01
  1.7716666667E+01  1.7720833333E+01  3.68004E-02  6.10397E-01
  1.7720833333E+01  1.7725000000E+01  3.64605E-02  4.22004E-01
  1.7725000000E+01  1.7729166667E+01  3.65583E-02  5.05487E-01
  1.7729166667E+01  1.7733333333E+01  3.65884E-02  4.86013E-01
  1.7733333333E+01  1.7737500000E+01  3.67598E-02  5.28262E-01
  1.7737500000E+01  1.7741666667E+01  3.69976E-02  6.60469E-01
  1.7741666667E+01  1.7745833333E+01  3.68544E-02  5.53684E-01
  1.7745833333E+01  1.7750000000E+01  3.69378E-02  4.74724E-01
  1.7750000000E+01  1.7754166667E+01  3.70154E-02  5.82194E-01
  1.7754166667E+01  1.7758333333E+01  3.68246E-02  5.23070E-01
  1.7758333333E+01  1.7762500000E+01  3.71746E-02  5.76795E-01
  1.7762500000E+01  1.7766666667E+01  3.70609E-02  5.56823E-01
  1.7766666667E+01  1.7770833333E+01  3.70004E-02  5.65117E-01
  1.7770833333E+01  1.7775000000E+01  3.70041E-02  4.53712E-01
  1.7775000000E+01  1.7779166667E+01  3.71591E-02  5.43832E-01
  1.7779166667E+01  1.7783333333E+01  3.70798E-02  5.21056E-01
  1.7783333333E+01  1.7787500000E+01  3.73560E-02  5.72944E-01
  1.7787500000E+01  1.7791666667E+01  3.72763E-02  5.14724E-01
  1.7791666667E+01  1.7795833333E+01  3.73828E-02  5.87116E-01
  1.7795833333E+01  1.7800000000E+01  3.74141E-02  5.91243E-01
  1.7800000000E+01  1.7804166667E+01  3.73908E-02  4.87076E-01
  1.7804166667E+01  1.7808333333E+01  3.75341E-02  5.69432E-01
  1.7808333333E+01  1.7812500000E+01  3.74012E-02  4.97185E-01
  1.7812500000E+01  1.7816666667E+01  3.76240E-02  5.28504E-01
  1.7816666667E+01  1.7820833333E+01  3.75456E-02  4.69826E-01
  1.7820833333E+01  1.7825000000E+01  3.76463E-02  4.97296E-01
  1.7825000000E+01  1.7829166667E+01  3.77317E-02  5.18748E-01
  1.7829166667E+01  1.7833333333E+01  3.76716E-02  4.79934E-01
  1.7833333333E+01  1.7837500000E+01  3.75865E-02  4.05678E-01
  1.7837500000E+01  1.7841666667E+01  3.79214E-02  5.23141E-01
  1.7841666667E+01  1.7845833333E+01  3.80930E-02  5.87547E-01
  1.7845833333E+01  1.7850000000E+01  3.78510E-02  4.63863E-01
  1.7850000000E+01  1.7854166667E+01  3.80169E-02  4.84965E-01
  1.7854166667E+01  1.7858333333E+01  3.81608E-02  5.59258E-01
  1.7858333333E+01  1.7862500000E+01  3.82768E-02  6.19519E-01
  1.7862500000E+01  1.7866666667E+01  3.79202E-02  4.24165E-01
  1.7866666667E+01  1.7870833333E+01  3.83166E-02  5.60996E-01
  1.7870833333E+01  1.7875000000E+01  3.84026E-02  5.39600E-01
  1.7875000000E+01  1.7879166667E+01  3.83340E-02  4.77678E-01
  1.7879166667E+01  1.7883333333E+01  3.85768E-02  5.77198E-01
  1.7883333333E+01  1.7887500000E+01  3.87189E-02  6.55369E-01
  1.7887500000E+01  1.7891666667E+01  3.85865E-02  5.40441E-01
  1.7891666667E+01  1.7895833333E+01  3.87968E-02  5.85713E-01
  1.7895833333E+01  1.7900000000E+01  3.85659E-02  4.86134E-01
  1.7900000000E+01  1.7904166667E+01  3.88427E-02  5.90819E-01
  1.7904166667E+01  1.7908333333E+01  3.87411E-02  4.85553E-01
  1.7908333333E+01  1.7912500000E+01  3.88667E-02  5.38215E-01
  1.7912500000E+01  1.7916666667E+01  3.89049E-02  4.98379E-01
  1.7916666667E+01  1.7920833333E+01  3.89543E-02  5.49797E-01
  1.7920833333E+01  1.7925000000E+01  3.90027E-02  4.81124E-01
  1.7925000000E+01  1.7929166667E+01  3.92664E-02  5.68946E-01
  1.7929166667E+01  1.7933333333E+01  3.92212E-02  5.04054E-01
  1.7933333333E+01  1.7937500000E+01  3.91297E-02  4.53199E-01
  1.7937500000E+01  1.7941666667E+01  3.92788E-02  5.00196E-01
  1.7941666667E+01  1.7945833333E+01  3.94600E-02  4.96027E-01
  1.7945833333E+01  1.7950000000E+01  3.94719E-02  5.23721E-01
  1.7950000000E+01  1.7954166667E+01  3.94010E-02  4.52276E-01
  1.7954166667E+01  1.7958333333E+01  3.95449E-02  5.00698E-01
  1.7958333333E+01  1.7962500000E+01  3.94639E-02  4.50456E-01
  1.7962500000E+01  1.7966666667E+01  3.97561E-02  5.32391E-01
  1.7966666667E+01  1.7970833333E+01  4.00020E-02  5.43331E-01
  1.7970833333E+01  1.7975000000E+01  3.97293E-02  4.36782E-01
  1.7975000000E+01  1.7979166667E+01  3.98349E-02  4.54987E-01
  1.7979166667E+01  1.7983333333E+01  3.99018E-02  4.38734E-01
  1.7983333333E+01  1.7987500000E+01  4.00224E-02  4.66144E-01
  1.7987500000E+01  1.7991666667E+01  4.01064E-02  4.84871E-01
  1.7991666667E+01  1.7995833333E+01  4.01766E-02  4.66122E-01
  1.7995833333E+01  1.8000000000E+01  4.05284E-02  5.85615E-01
  1.8000000000E+01  1.8004166667E+01  4.02246E-02  4.08230E-01
  1.8004166667E+01  1.8008333333E+01  4.04848E-02  4.69171E-01
  1.8008333333E+01  1.8012500000E+01  4.04640E-02  4.68438E-01
  1.8012500000E+01  1.8016666667E+01  4.09410E-02  6.16118E-01
  1.8016666667E+01  1.8020833333E+01  4.09725E-02  6.18670E-01
  1.8020833333E+01  1.8025000000E+01  4.04503E-02  3.93380E-01
  1.8025000000E+01  1.8029166667E+01  4.09384E-02  5.63018E-01
  1.8029166667E+01  1.8033333333E+01  4.07181E-02  4.48272E-01
  1.8033333333E+01  1.8037500000E+01  4.09605E-02  4.97867E-01
  1.8037500000E+01  1.8041666667E+01  4.10899E-02  4.86753E-01
  1.8041666667E+01  1.8045833333E+01  4.13109E-02  5.57636E-01
  1.8045833333E+01  1.8050000000E+01  4.13720E-02  5.16848E-01
  1.8050000000E+01  1.8054166667E+01  4.13357E-02  5.08337E-01
  1.8054166667E+01  1.8058333333E+01  4.12692E-02  4.14450E-01
  1.8058333333E+01  1.8062500000E+01  4.17332E-02  5.99533E-01
  1.8062500000E+01  1.8066666667E+01  4.16983E-02  4.86478E-01
  1.8066666667E+01  1.8070833333E+01  4.16439E-02  4.30628E-01
  1.8070833333E+01  1.8075000000E+01  4.16977E-02  4.36823E-01
  1.8075000000E+01  1.8079166667E+01  4.17587E-02  4.16183E-01
  1.8079166667E+01  1.8083333333E+01  4.19134E-02  4.41817E-01
  1.8083333333E+01  1.8087500000E+01  4.20723E-02  4.98829E-01
  1.8087500000E+01  1.8091666667E+01  4.22155E-02  4.98832E-01
  1.8091666667E+01  1.8095833333E+01  4.22644E-02  4.53301E-01
  1.8095833333E+01  1.8100000000E+01  4.23331E-02  4.19129E-01
  1.8100000000E+01  1.8104166667E+01  4.26076E-02  4.34260E-01
  1.8104166667E+01  1.8108333333E+01  4.26728E-02  4.83543E-01
  1.8108333333E+01  1.8112500000E+01  4.28446E-02  5.13322E-01
  1.8112500000E+01  1.8116666667E+01  4.28451E-02  4.56550E-01
  1.8116666667E+01  1.8120833333E+01  4.30117E-02  4.78480E-01
  1.8120833333E+01  1.8125000000E+01  4.29230E-02  4.03610E-01
  1.8125000000E+01  1.8129166667E+01  4.33694E-02  5.44886E-01
  1.8129166667E+01  1.8133333333E+01  4.34442E-02  4.60779E-01
  1.8133333333E+01  1.8137500000E+01  4.36082E-02  4.92642E-01
  1.8137500000E+01  1.8141666667E+01  4.39574E-02  5.44599E-01
  1.8141666667E+01  1.8145833333E+01  4.39672E-02  5.20039E-01
  1.8145833333E+01  1.8150000000E+01  4.40262E-02  5.15740E-01
  1.8150000000E+01  1.8154166667E+01  4.40672E-02  4.99572E-01
  1.8154166667E+01  1.8158333333E+01  4.43720E-02  5.39906E-01
  1.8158333333E+01  1.8162500000E+01  4.46158E-02  5.67938E-01
  1.8162500000E+01  1.8166666667E+01  4.44846E-02  4.94217E-01
  1.8166666667E+01  1.8170833333E+01  4.45684E-02  4.64130E-01
  1.8170833333E+01  1.8175000000E+01  4.47306E-02  4.51458E-01
  1.8175000000E+01  1.8179166667E+01  4.51317E-02  5.32461E-01
  1.8179166667E+01  1.8183333333E+01  4.51859E-02  5.01436E-01
  1.8183333333E+01  1.8187500000E+01  4.53711E-02  5.03117E-01
  1.8187500000E+01  1.8191666667E+01  4.53102E-02  4.15655E-01
  1.8191666667E+01  1.8195833333E+01  4.55829E-02  4.59945E-01
  1.8195833333E+01  1.8200000000E+01  4.58397E-02  4.94008E-01
  1.8200000000E+01  1.8204166667E+01  4.59593E-02  4.40178E-01
  1.8204166667E+01  1.8208333333E+01  4.61897E-02  4.36703E-01
  1.8208333333E+01  1.8212500000E+01  4.64742E-02  4.86827E-01
  1.8212500000E+01  1.8216666667E+01  4.65747E-02  4.44318E-01
  1.8216666667E+01  1.8220833333E+01  4.68846E-02  5.13282E-01
  1.8220833333E+01  1.8225000000E+01  4.70042E-02  4.78731E-01
  1.8225000000E+01  1.8229166667E+01  4.74961E-02  5.94304E-01
  1.8229166667E+01  1.8233333333E+01  4.73061E-02  4.93274E-01
  1.8233333333E+01  1.8237500000E+01  4.75945E-02  5.03159E-01
  1.8237500000E+01  1.8241666667E+01  4.75696E-02  4.58633E-01
  1.8241666667E+01  1.8245833333E+01  4.77674E-02  4.52401E-01
  1.8245833333E+01  1.8250000000E+01  4.83448E-02  5.36768E-01
  1.8250000000E+01  1.8254166667E+01  4.82004E-02  4.51607E-01
  1.8254166667E+01  1.8258333333E+01  4.85002E-02  4.79287E-01
  1.8258333333E+01  1.8262500000E+01  4.88089E-02  5.00027E-01
  1.8262500000E+01  1.8266666667E+01  4.89934E-02  5.07290E-01
  1.8266666667E+01  1.8270833333E+01  4.90985E-02  4.63984E-01
  1.8270833333E+01  1.8275000000E+01  4.91498E-02  4.76089E-01
  1.8275000000E+01  1.8279166667E+01  4.93009E-02  4.50885E-01
  1.8279166667E+01  1.8283333333E+01  4.95924E-02  4.84298E-01
  1.8283333333E+01  1.8287500000E+01  4.97730E-02  4.62318E-01
  1.8287500000E+01  1.8291666667E+01  5.02375E-02  5.24952E-01
  1.8291666667E+01  1.8295833333E+01  5.00488E-02  4.66838E-01
  1.8295833333E+01  1.8300000000E+01  5.01938E-02  5.02005E-01
  1.8300000000E+01  1.8304166667E+01  5.03765E-02  4.88279E-01
  1.8304166667E+01  1.8308333333E+01  5.04946E-02  5.11395E-01
  1.8308333333E+01  1.8312500000E+01  5.06382E-02  5.17563E-01
  1.8312500000E+01  1.8316666667E+01  5.07355E-02  5.13611E-01
  1.8316666667E+01  1.8320833333E+01  5.07741E-02  5.55256E-01
  1.8320833333E+01  1.8325000000E+01  5.08977E-02  5.10536E-01
  1.8325000000E+01  1.8329166667E+01  5.11307E-02  5.64191E-01
  1.8329166667E+01  1.8333333333E+01  5.10496E-02  5.31960E-01
  1.8333333333E+01  1.8337500000E+01  5.09100E-02  5.34997E-01
  1.8337500000E+01  1.8341666667E+01  5.07987E-02  4.89133E-01
  1.8341666667E+01  1.8345833333E+01  5.08685E-02  5.05401E-01
  1.8345833333E+01  1.8350000000E+01  5.08825E-02  4.73150E-01
  1.8350000000E+01  1.8354166667E+01  5.10214E-02  4.93670E-01
  1.8354166667E+01  1.8358333333E+01  5.11312E-02  5.38186E-01
  1.8358333333E+01  1.8362500000E+01  5.10845E-02  5.27981E-01
  1.8362500000E+01  1.8366666667E+01  5.09155E-02  4.89858E-01
  1.8366666667E+01  1.8370833333E+01  5.09337E-02  5.05716E-01
  1.8370833333E+01  1.8375000000E+01  5.09644E-02  5.37954E-01
  1.8375000000E+01  1.8379166667E+01  5.07373E-02  5.32428E-01
  1.8379166667E+01  1.8383333333E+01  5.07128E-02  5.39472E-01
  1.8383333333E+01  1.8387500000E+01  5.06446E-02  5.17505E-01
  1.8387500000E+01  1.8391666667E+01  5.05289E-02  5.34151E-01
  1.8391666667E+01  1.8395833333E+01  5.02779E-02  5.18111E-01
  1.8395833333E+01  1.8400000000E+01  5.02567E-02  5.31577E-01
  1.8400000000E+01  1.8404166667E+01  5.03207E-02  5.23948E-01
  1.8404166667E+01  1.8408333333E+01  5.03529E-02  5.29009E-01
  1.8408333333E+01  1.8412500000E+01  5.02252E-02  5.24099E-01
  1.8412500000E+01  1.8416666667E+01  5.01031E-02  5.14322E-01
  1.8416666667E+01  1.8420833333E+01  4.99932E-02  5.03972E-01
  1.8420833333E+01  1.8425000000E+01  4.98512E-02  4.91779E-01
  1.8425000000E+01  1.8429166667E+01  5.00056E-02  5.39705E-01
  1.8429166667E+01  1.8433333333E+01  4.98866E-02  4.90680E-01
  1.8433333333E+01  1.8437500000E+01  5.00009E-02  5.23543E-01
  1.8437500000E+01  1.8441666667E+01  4.99722E-02  4.88138E-01
  1.8441666667E+01  1.8445833333E+01  4.99101E-02  5.04643E-01
  1.8445833333E+01  1.8450000000E+01  5.02216E-02  5.43600E-01
  1.8450000000E+01  1.8454166667E+01  5.03176E-02  5.19323E-01
  1.8454166667E+01  1.8458333333E+01  5.00831E-02  5.08307E-01
  1.8458333333E+01  1.8462500000E+01  4.97507E-02  4.80098E-01
  1.8462500000E+01  1.8466666667E+01  4.99798E-02  5.05982E-01
  1.8466666667E+01  1.8470833333E+01  4.99551E-02  4.90502E-01
  1.8470833333E+01  1.8475000000E+01  5.01372E-02  5.04769E-01
  1.8475000000E+01  1.8479166667E+01  5.02389E-02  5.16999E-01
  1.8479166667E+01  1.8483333333E+01  5.03089E-02  4.82597E-01
  1.8483333333E+01  1.8487500000E+01  5.04773E-02  5.07937E-01
  1.8487500000E+01  1.8491666667E+01  5.04000E-02  4.93097E-01
  1.8491666667E+01  1.8495833333E+01  5.04174E-02  5.04251E-01
  1.8495833333E+01  1.8500000000E+01  5.07894E-02  5.50993E-01
  1.8500000000E+01  1.8504166667E+01  5.05925E-02  4.83999E-01
  1.8504166667E+01  1.8508333333E+01  5.04853E-02  5.04218E-01
  1.8508333333E+01  1.8512500000E+01  5.03470E-02  4.84119E-01
  1.8512500000E+01  1.8516666667E+01  5.06970E-02  5.58243E-01
  1.8516666667E+01  1.8520833333E+01  5.04497E-02  4.92101E-01
  1.8520833333E+01  1.8525000000E+01  5.06112E-02  5.09813E-01
  1.8525000000E+01  1.8529166667E+01  5.07522E-02  5.19648E-01
  1.8529166667E+01  1.8533333333E+01  5.06885E-02  5.36037E-01
  1.8533333333E+01  1.8537500000E+01  5.07685E-02  5.27272E-01
  1.8537500000E+01  1.8541666667E+01  5.08124E-02  5.19846E-01
  1.8541666667E+01  1.8545833333E+01  5.09152E-02  5.29533E-01
  1.8545833333E+01  1.8550000000E+01  5.09712E-02  5.40089E-01
  1.8550000000E+01  1.8554166667E+01  5.07538E-02  5.83650E-01
  1.8554166667E+01  1.8558333333E+01  5.04663E-02  5.00732E-01
  1.8558333333E+01  1.8562500000E+01  5.07239E-02  5.34018E-01
  1.8562500000E+01  1.8566666667E+01  5.08504E-02  5.39495E-01
  1.8566666667E+01  1.8570833333E+01  5.05827E-02  5.07856E-01
  1.8570833333E+01  1.8575000000E+01  5.05192E-02  5.52760E-01
  1.8575000000E+01  1.8579166667E+01  5.05209E-02  5.66656E-01
  1.8579166667E+01  1.8583333333E+01  5.04417E-02  5.68182E-01
  1.8583333333E+01  1.8587500000E+01  5.02657E-02  5.36595E-01
  1.8587500000E+01  1.8591666667E+01  5.01726E-02  5.21838E-01
  1.8591666667E+01  1.8595833333E+01  5.02193E-02  5.63051E-01
  1.8595833333E+01  1.8600000000E+01  4.99448E-02  5.08252E-01
  1.8600000000E+01  1.8604166667E+01  5.02017E-02  5.83541E-01
  1.8604166667E+01  1.8608333333E+01  4.98604E-02  5.20052E-01
  1.8608333333E+01  1.8612500000E+01  5.00194E-02  5.48101E-01
  1.8612500000E+01  1.8616666667E+01  4.98703E-02  5.30150E-01
  1.8616666667E+01  1.8620833333E+01  4.99421E-02  5.52077E-01
  1.8620833333E+01  1.8625000000E+01  4.97335E-02  5.50813E-01
  1.8625000000E+01  1.8629166667E+01  4.95129E-02  5.45411E-01
  1.8629166667E+01  1.8633333333E+01  4.93368E-02  5.25584E-01
  1.8633333333E+01  1.8637500000E+01  4.93632E-02  5.15518E-01
  1.8637500000E+01  1.8641666667E+01  4.93639E-02  5.06673E-01
  1.8641666667E+01  1.8645833333E+01  4.94256E-02  5.64152E-01
  1.8645833333E+01  1.8650000000E+01  4.93853E-02  5.05546E-01
  1.8650000000E+01  1.8654166667E+01  4.96468E-02  5.79457E-01
  1.8654166667E+01  1.8658333333E+01  4.96608E-02  5.52419E-01
  1.8658333333E+01  1.8662500000E+01  4.97350E-02  5.17899E-01
  1.8662500000E+01  1.8666666667E+01  4.99188E-02  5.44387E-01
  1.8666666667E+01  1.8670833333E+01  4.97939E-02  5.22249E-01
  1.8670833333E+01  1.8675000000E+01  4.98162E-02  5.53832E-01
  1.8675000000E+01  1.8679166667E+01  4.99555E-02  5.46223E-01
  1.8679166667E+01  1.8683333333E+01  4.95149E-02  5.16789E-01
  1.8683333333E+01  1.8687500000E+01  4.97663E-02  5.36250E-01
  1.8687500000E+01  1.8691666667E+01  4.99901E-02  5.73529E-01
  1.8691666667E+01  1.8695833333E+01  4.99800E-02  5.61935E-01
  1.8695833333E+01  1.8700000000E+01  5.01104E-02  5.48828E-01
  1.8700000000E+01  1.8704166667E+01  5.01969E-02  5.31418E-01
  1.8704166667E+01  1.8708333333E+01  5.01222E-02  5.47075E-01
  1.8708333333E+01  1.8712500000E+01  5.01991E-02  5.60535E-01
  1.8712500000E+01  1.8716666667E+01  5.03186E-02  5.45056E-01
  1.8716666667E+01  1.8720833333E+01  5.02858E-02  5.65366E-01
  1.8720833333E+01  1.8725000000E+01  5.02659E-02  5.46295E-01
  1.8725000000E+01  1.8729166667E+01  5.03284E-02  5.39552E-01
  1.8729166667E+01  1.8733333333E+01  5.04000E-02  5.55282E-01
  1.8733333333E+01  1.8737500000E+01  5.02534E-02  5.64944E-01
  1.8737500000E+01  1.8741666667E+01  4.99541E-02  5.42351E-01
  1.8741666667E+01  1.8745833333E+01  5.01441E-02  5.58580E-01
  1.8745833333E+01  1.8750000000E+01  5.05434E-02  5.75521E-01
  1.8750000000E+01  1.8754166667E+01  5.04246E-02  5.63056E-01
  1.8754166667E+01  1.8758333333E+01  5.02852E-02  5.57265E-01
  1.8758333333E+01  1.8762500000E+01  5.04989E-02  5.79807E-01
  1.8762500000E+01  1.8766666667E+01  5.04776E-02  5.70244E-01
  1.8766666667E+01  1.8770833333E+01  5.05555E-02  6.29862E-01
  1.8770833333E+01  1.8775000000E+01  5.04354E-02  6.16122E-01
  1.8775000000E+01  1.8779166667E+01  5.02170E-02  5.87065E-01
  1.8779166667E+01  1.8783333333E+01  5.00679E-02  5.87007E-01
  1.8783333333E+01  1.8787500000E+01  5.00118E-02  6.06071E-01
  1.8787500000E+01  1.8791666667E+01  5.00213E-02  6.07336E-01
  1.8791666667E+01  1.8795833333E+01  4.97628E-02  5.92819E-01
  1.8795833333E+01  1.8800000000E+01  4.98568E-02  5.84582E-01
  1.8800000000E+01  1.8804166667E+01  4.97810E-02  5.79055E-01
  1.8804166667E+01  1.8808333333E+01  4.95160E-02  5.75133E-01
  1.8808333333E+01  1.8812500000E+01  4.95016E-02  5.70443E-01
  1.8812500000E+01  1.8816666667E+01  4.93841E-02  5.65661E-01
  1.8816666667E+01  1.8820833333E+01  4.92901E-02  5.55160E-01
  1.8820833333E+01  1.8825000000E+01  4.93206E-02  5.75101E-01
  1.8825000000E+01  1.8829166667E+01  4.93108E-02  5.73595E-01
  1.8829166667E+01  1.8833333333E+01  4.92244E-02  5.96050E-01
  1.8833333333E+01  1.8837500000E+01  4.91381E-02  5.68594E-01
  1.8837500000E+01  1.8841666667E+01  4.91257E-02  5.64625E-01
  1.8841666667E+01  1.8845833333E+01  4.92732E-02  5.98833E-01
  1.8845833333E+01  1.8850000000E+01  4.91824E-02  5.73046E-01
  1.8850000000E+01  1.8854166667E+01  4.91292E-02  5.96737E-01
  1.8854166667E+01  1.8858333333E+01  4.89148E-02  5.76863E-01
  1.8858333333E+01  1.8862500000E+01  4.89197E-02  5.87391E-01
  1.8862500000E+01  1.8866666667E+01  4.87119E-02  5.92783E-01
  1.8866666667E+01  1.8870833333E+01  4.88541E-02  5.84049E-01
  1.8870833333E+01  1.8875000000E+01  4.90688E-02  6.04044E-01
  1.8875000000E+01  1.8879166667E+01  4.90192E-02  6.15540E-01
  1.8879166667E+01  1.8883333333E+01  4.90538E-02  6.43160E-01
  1.8883333333E+01  1.8887500000E+01  4.90715E-02  6.18731E-01
  1.8887500000E+01  1.8891666667E+01  4.90364E-02  6.13897E-01
  1.8891666667E+01  1.8895833333E+01  4.88705E-02  5.99565E-01
  1.8895833333E+01  1.8900000000E+01  4.89255E-02  5.92029E-01
  1.8900000000E+01  1.8904166667E+01  4.90658E-02  5.91030E-01
  1.8904166667E+01  1.8908333333E+01  4.90236E-02  6.04015E-01
  1.8908333333E+01  1.8912500000E+01  4.92272E-02  6.21967E-01
  1.8912500000E+01  1.8916666667E+01  4.94652E-02  6.08005E-01
  1.8916666667E+01  1.8920833333E+01  4.97960E-02  6.39923E-01
  1.8920833333E+01  1.8925000000E+01  4.98108E-02  6.24265E-01
  1.8925000000E+01  1.8929166667E+01  4.99908E-02  6.24415E-01
  1.8929166667E+01  1.8933333333E+01  4.98651E-02  6.25744E-01
  1.8933333333E+01  1.8937500000E+01  4.99983E-02  6.14922E-01
  1.8937500000E+01  1.8941666667E+01  4.97458E-02  5.94215E-01
  1.8941666667E+01  1.8945833333E+01  5.01043E-02  6.27772E-01
  1.8945833333E+01  1.8950000000E+01  5.02194E-02  6.27363E-01
  1.8950000000E+01  1.8954166667E+01  5.03473E-02  6.40709E-01
  1.8954166667E+01  1.8958333333E+01  5.08636E-02  6.53841E-01
  1.8958333333E+01  1.8962500000E+01  5.09849E-02  6.69784E-01
  1.8962500000E+01  1.8966666667E+01  5.08437E-02  6.70723E-01
  1.8966666667E+01  1.8970833333E+01  5.07857E-02  6.68474E-01
  1.8970833333E+01  1.8975000000E+01  5.08633E-02  6.76169E-01
  1.8975000000E+01  1.8979166667E+01  5.07591E-02  6.85563E-01
  1.8979166667E+01  1.8983333333E+01  5.04619E-02  6.87646E-01
  1.8983333333E+01  1.8987500000E+01  5.05276E-02  7.00925E-01
  1.8987500000E+01  1.8991666667E+01  5.05184E-02  7.08018E-01
  1.8991666667E+01  1.8995833333E+01  5.02964E-02  7.05629E-01
  1.8995833333E+01  1.9000000000E+01  5.01045E-02  7.44139E-01
  1.9000000000E+01  1.9004166667E+01  4.93644E-02  7.31387E-01
  1.9004166667E+01  1.9008333333E+01  4.90890E-02  7.54834E-01
  1.9008333333E+01  1.9012500000E+01  4.83413E-02  7.64791E-01
  1.9012500000E+01  1.9016666667E+01  4.76772E-02  7.87283E-01
  1.9016666667E+01  1.9020833333E+01  4.71670E-02  8.12729E-01
  1.9020833333E+01  1.9025000000E+01  4.66011E-02  8.00511E-01
  1.9025000000E+01  1.9029166667E+01  4.58918E-02  8.07526E-01
  1.9029166667E+01  1.9033333333E+01  4.47366E-02  8.46427E-01
  1.9033333333E+01  1.9037500000E+01  4.42405E-02  8.68464E-01
  1.9037500000E+01  1.9041666667E+01  4.33661E-02  8.55936E-01
  1.9041666667E+01  1.9045833333E+01  4.22911E-02  8.46850E-01
  1.9045833333E+01  1.9050000000E+01  4.11191E-02  8.74707E-01
  1.9050000000E+01  1.9054166667E+01  3.97372E-02  8.50092E-01
  1.9054166667E+01  1.9058333333E+01  3.87824E-02  9.20527E-01
  1.9058333333E+01  1.9062500000E+01  3.72282E-02  9.29392E-01
  1.9062500000E+01  1.9066666667E+01  3.60939E-02  9.36895E-01
  1.9066666667E+01  1.9070833333E+01  3.46795E-02  9.79049E-01
  1.9070833333E+01  1.9075000000E+01  3.34399E-02  1.04416E+00
  1.9075000000E+01  1.9079166667E+01  3.17499E-02  1.08554E+00
  1.9079166667E+01  1.9083333333E+01  2.99664E-02  1.09964E+00
  1.9083333333E+01  1.9087500000E+01  2.83801E-02  1.11968E+00
  1.9087500000E+01  1.9091666667E+01  2.69572E-02  1.13279E+00
  1.9091666667E+01  1.9095833333E+01  2.51418E-02  1.22182E+00
  1.9095833333E+01  1.9100000000E+01  2.37977E-02  1.28673E+00
  1.9100000000E+01  1.9104166667E+01  2.21696E-02  1.29969E+00
  1.9104166667E+01  1.9108333333E+01  2.06281E-02  1.35032E+00
  1.9108333333E+01  1.9112500000E+01  1.93552E-02  1.39268E+00
  1.9112500000E+01  1.9116666667E+01  1.75674E-02  1.46873E+00
  1.9116666667E+01  1.9120833333E+01  1.59282E-02  1.53652E+00
  1.9120833333E+01  1.9125000000E+01  1.45578E-02  1.55270E+00
  1.9125000000E+01  1.9129166667E+01  1.33731E-02  1.68437E+00
  1.9129166667E+01  1.9133333333E+01  1.21311E-02  1.84564E+00
  1.9133333333E+01  1.9137500000E+01  1.08732E-02  1.93000E+00
  1.9137500000E+01  1.9141666667E+01  9.78909E-03  2.03019E+00
  1.9141666667E+01  1.9145833333E+01  8.37562E-03  2.22149E+00
  1.9145833333E+01  1.9150000000E+01  7.48054E-03  2.41481E+00
  1.9150000000E+01  1.9154166667E+01  6.50339E-03  2.53357E+00
  1.9154166667E+01  1.9158333333E+01  5.83824E-03  2.77936E+00
  1.9158333333E+01  1.9162500000E+01  5.06830E-03  2.94648E+00
  1.9162500000E+01  1.9166666667E+01  4.40481E-03  3.27075E+00
  1.9166666667E+01  1.9170833333E+01  3.84575E-03  3.49037E+00
  1.9170833333E+01  1.9175000000E+01  3.32251E-03  3.71095E+00
  1.9175000000E+01  1.9179166667E+01  2.76572E-03  4.21445E+00
  1.9179166667E+01  1.9183333333E+01  2.29371E-03  4.54903E+00
  1.9183333333E+01  1.9187500000E+01  1.80806E-03  4.85943E+00
  1.9187500000E+01  1.9191666667E+01  1.57421E-03  5.42361E+00
  1.9191666667E+01  1.9195833333E+01  1.30176E-03  5.75184E+00
  1.9195833333E+01  1.9200000000E+01  1.14979E-03  6.45254E+00
  1.9200000000E+01  1.9204166667E+01  8.92384E-04  7.27714E+00
  1.9204166667E+01  1.9208333333E+01  6.92957E-04  8.25614E+00
  1.9208333333E+01  1.9212500000E+01  5.12459E-04  8.79661E+00
  1.9212500000E+01  1.9216666667E+01  4.50222E-04  9.98284E+00
  1.9216666667E+01  1.9220833333E+01  4.03508E-04  1.11309E+01
  1.9220833333E+01  1.9225000000E+01  2.91006E-04  1.22234E+01
  1.9225000000E+01  1.9229166667E+01  2.08334E-04  1.56175E+01
  1.9229166667E+01  1.9233333333E+01  1.76029E-04  1.71444E+01
  1.9233333333E+01  1.9237500000E+01  1.31473E-04  1.88731E+01
  1.9237500000E+01  1.9241666667E+01  9.04228E-05  2.17572E+01
  1.9241666667E+01  1.9245833333E+01  7.95381E-05  2.52212E+01
  1.9245833333E+01  1.9250000000E+01  5.84010E-05  2.84751E+01
  1.9250000000E+01  1.9254166667E+01  3.46278E-05  3.37644E+01
  1.9254166667E+01  1.9258333333E+01  3.53728E-05  3.81151E+01
  1.9258333333E+01  1.9262500000E+01  2.86966E-05  4.41797E+01
  1.9262500000E+01  1.9266666667E+01  2.07186E-05  4.50038E+01
  1.9266666667E+01  1.9270833333E+01  1.21505E-05  5.81650E+01
  1.9270833333E+01  1.9275000000E+01  1.67845E-05  5.90956E+01
  1.9275000000E+01  1.9279166667E+01  6.46333E-06  7.13717E+01
  1.9279166667E+01  1.9283333333E+01  5.19517E-06  1.00000E+02
  1.9283333333E+01  1.9287500000E+01  6.75676E-06  1.00000E+02
  1.9287500000E+01  1.9291666667E+01  0.00000E+00  0.00000E+00
  1.9291666667E+01  1.9295833333E+01  0.00000E+00  0.00000E+00
  1.9295833333E+01  1.9300000000E+01  0.00000E+00  0.00000E+00
  1.9300000000E+01  1.9304166667E+01  0.00000E+00  0.00000E+00
  1.9304166667E+01  1.9308333333E+01  0.00000E+00  0.00000E+00
  1.9308333333E+01  1.9312500000E+01  0.00000E+00  0.00000E+00
  1.9312500000E+01  1.9316666667E+01  0.00000E+00  0.00000E+00
  1.9316666667E+01  1.9320833333E+01  0.00000E+00  0.00000E+00
  1.9320833333E+01  1.9325000000E+01  0.00000E+00  0.00000E+00
  1.9325000000E+01  1.9329166667E+01  0.00000E+00  0.00000E+00
  1.9329166667E+01  1.9333333333E+01  0.00000E+00  0.00000E+00
  1.9333333333E+01  1.9337500000E+01  0.00000E+00  0.00000E+00
  1.9337500000E+01  1.9341666667E+01  0.00000E+00  0.00000E+00
  1.9341666667E+01  1.9345833333E+01  0.00000E+00  0.00000E+00
  1.9345833333E+01  1.9350000000E+01  0.00000E+00  0.00000E+00
  1.9350000000E+01  1.9354166667E+01  5.67306E-14  1.00000E+02
  1.9354166667E+01  1.9358333333E+01  0.00000E+00  0.00000E+00
  1.9358333333E+01  1.9362500000E+01  0.00000E+00  0.00000E+00
  1.9362500000E+01  1.9366666667E+01  0.00000E+00  0.00000E+00
  1.9366666667E+01  1.9370833333E+01  0.00000E+00  0.00000E+00
  1.9370833333E+01  1.9375000000E+01  0.00000E+00  0.00000E+00
  1.9375000000E+01  1.9379166667E+01  0.00000E+00  0.00000E+00
  1.9379166667E+01  1.9383333333E+01  0.00000E+00  0.00000E+00
  1.9383333333E+01  1.9387500000E+01  0.00000E+00  0.00000E+00
  1.9387500000E+01  1.9391666667E+01  0.00000E+00  0.00000E+00
  1.9391666667E+01  1.9395833333E+01  0.00000E+00  0.00000E+00
  1.9395833333E+01  1.9400000000E+01  0.00000E+00  0.00000E+00
  1.9400000000E+01  1.9404166667E+01  0.00000E+00  0.00000E+00
  1.9404166667E+01  1.9408333333E+01  0.00000E+00  0.00000E+00
  1.9408333333E+01  1.9412500000E+01  0.00000E+00  0.00000E+00
  1.9412500000E+01  1.9416666667E+01  0.00000E+00  0.00000E+00
  1.9416666667E+01  1.9420833333E+01  0.00000E+00  0.00000E+00
  1.9420833333E+01  1.9425000000E+01  0.00000E+00  0.00000E+00
  1.9425000000E+01  1.9429166667E+01  0.00000E+00  0.00000E+00
  1.9429166667E+01  1.9433333333E+01  0.00000E+00  0.00000E+00
  1.9433333333E+01  1.9437500000E+01  0.00000E+00  0.00000E+00
  1.9437500000E+01  1.9441666667E+01  0.00000E+00  0.00000E+00
  1.9441666667E+01  1.9445833333E+01  0.00000E+00  0.00000E+00
  1.9445833333E+01  1.9450000000E+01  0.00000E+00  0.00000E+00
  1.9450000000E+01  1.9454166667E+01  0.00000E+00  0.00000E+00
  1.9454166667E+01  1.9458333333E+01  0.00000E+00  0.00000E+00
  1.9458333333E+01  1.9462500000E+01  0.00000E+00  0.00000E+00
  1.9462500000E+01  1.9466666667E+01  0.00000E+00  0.00000E+00
  1.9466666667E+01  1.9470833333E+01  0.00000E+00  0.00000E+00
  1.9470833333E+01  1.9475000000E+01  0.00000E+00  0.00000E+00
  1.9475000000E+01  1.9479166667E+01  0.00000E+00  0.00000E+00
  1.9479166667E+01  1.9483333333E+01  0.00000E+00  0.00000E+00
  1.9483333333E+01  1.9487500000E+01  0.00000E+00  0.00000E+00
  1.9487500000E+01  1.9491666667E+01  0.00000E+00  0.00000E+00
  1.9491666667E+01  1.9495833333E+01  0.00000E+00  0.00000E+00
  1.9495833333E+01  1.9500000000E+01  0.00000E+00  0.00000E+00
  1.9500000000E+01  1.9504166667E+01  0.00000E+00  0.00000E+00
  1.9504166667E+01  1.9508333333E+01  0.00000E+00  0.00000E+00
  1.9508333333E+01  1.9512500000E+01  0.00000E+00  0.00000E+00
  1.9512500000E+01  1.9516666667E+01  0.00000E+00  0.00000E+00
  1.9516666667E+01  1.9520833333E+01  0.00000E+00  0.00000E+00
  1.9520833333E+01  1.9525000000E+01  4.58358E-06  1.00000E+02
  1.9525000000E+01  1.9529166667E+01  0.00000E+00  0.00000E+00
  1.9529166667E+01  1.9533333333E+01  0.00000E+00  0.00000E+00
  1.9533333333E+01  1.9537500000E+01  0.00000E+00  0.00000E+00
  1.9537500000E+01  1.9541666667E+01  0.00000E+00  0.00000E+00
  1.9541666667E+01  1.9545833333E+01  0.00000E+00  0.00000E+00
  1.9545833333E+01  1.9550000000E+01  0.00000E+00  0.00000E+00
  1.9550000000E+01  1.9554166667E+01  0.00000E+00  0.00000E+00
  1.9554166667E+01  1.9558333333E+01  0.00000E+00  0.00000E+00
  1.9558333333E+01  1.9562500000E+01  0.00000E+00  0.00000E+00
  1.9562500000E+01  1.9566666667E+01  0.00000E+00  0.00000E+00
  1.9566666667E+01  1.9570833333E+01  0.00000E+00  0.00000E+00
  1.9570833333E+01  1.9575000000E+01  0.00000E+00  0.00000E+00
  1.9575000000E+01  1.9579166667E+01  0.00000E+00  0.00000E+00
  1.9579166667E+01  1.9583333333E+01  0.00000E+00  0.00000E+00
  1.9583333333E+01  1.9587500000E+01  0.00000E+00  0.00000E+00
  1.9587500000E+01  1.9591666667E+01  0.00000E+00  0.00000E+00
  1.9591666667E+01  1.9595833333E+01  0.00000E+00  0.00000E+00
  1.9595833333E+01  1.9600000000E+01  0.00000E+00  0.00000E+00
  1.9600000000E+01  1.9604166667E+01  0.00000E+00  0.00000E+00
  1.9604166667E+01  1.9608333333E+01  0.00000E+00  0.00000E+00
  1.9608333333E+01  1.9612500000E+01  0.00000E+00  0.00000E+00
  1.9612500000E+01  1.9616666667E+01  0.00000E+00  0.00000E+00
  1.9616666667E+01  1.9620833333E+01  0.00000E+00  0.00000E+00
  1.9620833333E+01  1.9625000000E+01  0.00000E+00  0.00000E+00
  1.9625000000E+01  1.9629166667E+01  0.00000E+00  0.00000E+00
  1.9629166667E+01  1.9633333333E+01  0.00000E+00  0.00000E+00
  1.9633333333E+01  1.9637500000E+01  0.00000E+00  0.00000E+00
  1.9637500000E+01  1.9641666667E+01  0.00000E+00  0.00000E+00
  1.9641666667E+01  1.9645833333E+01  0.00000E+00  0.00000E+00
  1.9645833333E+01  1.9650000000E+01  0.00000E+00  0.00000E+00
  1.9650000000E+01  1.9654166667E+01  0.00000E+00  0.00000E+00
  1.9654166667E+01  1.9658333333E+01  0.00000E+00  0.00000E+00
  1.9658333333E+01  1.9662500000E+01  0.00000E+00  0.00000E+00
  1.9662500000E+01  1.9666666667E+01  0.00000E+00  0.00000E+00
  1.9666666667E+01  1.9670833333E+01  0.00000E+00  0.00000E+00
  1.9670833333E+01  1.9675000000E+01  0.00000E+00  0.00000E+00
  1.9675000000E+01  1.9679166667E+01  0.00000E+00  0.00000E+00
  1.9679166667E+01  1.9683333333E+01  0.00000E+00  0.00000E+00
  1.9683333333E+01  1.9687500000E+01  0.00000E+00  0.00000E+00
  1.9687500000E+01  1.9691666667E+01  0.00000E+00  0.00000E+00
  1.9691666667E+01  1.9695833333E+01  0.00000E+00  0.00000E+00
  1.9695833333E+01  1.9700000000E+01  0.00000E+00  0.00000E+00
  1.9700000000E+01  1.9704166667E+01  0.00000E+00  0.00000E+00
  1.9704166667E+01  1.9708333333E+01  0.00000E+00  0.00000E+00
  1.9708333333E+01  1.9712500000E+01  0.00000E+00  0.00000E+00
  1.9712500000E+01  1.9716666667E+01  0.00000E+00  0.00000E+00
  1.9716666667E+01  1.9720833333E+01  0.00000E+00  0.00000E+00
  1.9720833333E+01  1.9725000000E+01  0.00000E+00  0.00000E+00
  1.9725000000E+01  1.9729166667E+01  0.00000E+00  0.00000E+00
  1.9729166667E+01  1.9733333333E+01  0.00000E+00  0.00000E+00
  1.9733333333E+01  1.9737500000E+01  0.00000E+00  0.00000E+00
  1.9737500000E+01  1.9741666667E+01  0.00000E+00  0.00000E+00
  1.9741666667E+01  1.9745833333E+01  0.00000E+00  0.00000E+00
  1.9745833333E+01  1.9750000000E+01  0.00000E+00  0.00000E+00
  1.9750000000E+01  1.9754166667E+01  0.00000E+00  0.00000E+00
  1.9754166667E+01  1.9758333333E+01  0.00000E+00  0.00000E+00
  1.9758333333E+01  1.9762500000E+01  0.00000E+00  0.00000E+00
  1.9762500000E+01  1.9766666667E+01  0.00000E+00  0.00000E+00
  1.9766666667E+01  1.9770833333E+01  0.00000E+00  0.00000E+00
  1.9770833333E+01  1.9775000000E+01  0.00000E+00  0.00000E+00
  1.9775000000E+01  1.9779166667E+01  0.00000E+00  0.00000E+00
  1.9779166667E+01  1.9783333333E+01  0.00000E+00  0.00000E+00
  1.9783333333E+01  1.9787500000E+01  0.00000E+00  0.00000E+00
  1.9787500000E+01  1.9791666667E+01  0.00000E+00  0.00000E+00
  1.9791666667E+01  1.9795833333E+01  3.28046E-11  1.00000E+02
  1.9795833333E+01  1.9800000000E+01  0.00000E+00  0.00000E+00
  1.9800000000E+01  1.9804166667E+01  0.00000E+00  0.00000E+00
  1.9804166667E+01  1.9808333333E+01  0.00000E+00  0.00000E+00
  1.9808333333E+01  1.9812500000E+01  0.00000E+00  0.00000E+00
  1.9812500000E+01  1.9816666667E+01  0.00000E+00  0.00000E+00
  1.9816666667E+01  1.9820833333E+01  0.00000E+00  0.00000E+00
  1.9820833333E+01  1.9825000000E+01  0.00000E+00  0.00000E+00
  1.9825000000E+01  1.9829166667E+01  0.00000E+00  0.00000E+00
  1.9829166667E+01  1.9833333333E+01  0.00000E+00  0.00000E+00
  1.9833333333E+01  1.9837500000E+01  0.00000E+00  0.00000E+00
  1.9837500000E+01  1.9841666667E+01  0.00000E+00  0.00000E+00
  1.9841666667E+01  1.9845833333E+01  0.00000E+00  0.00000E+00
  1.9845833333E+01  1.9850000000E+01  0.00000E+00  0.00000E+00
  1.9850000000E+01  1.9854166667E+01  0.00000E+00  0.00000E+00
  1.9854166667E+01  1.9858333333E+01  0.00000E+00  0.00000E+00
  1.9858333333E+01  1.9862500000E+01  0.00000E+00  0.00000E+00
  1.9862500000E+01  1.9866666667E+01  0.00000E+00  0.00000E+00
  1.9866666667E+01  1.9870833333E+01  0.00000E+00  0.00000E+00
  1.9870833333E+01  1.9875000000E+01  0.00000E+00  0.00000E+00
  1.9875000000E+01  1.9879166667E+01  0.00000E+00  0.00000E+00
  1.9879166667E+01  1.9883333333E+01  0.00000E+00  0.00000E+00
  1.9883333333E+01  1.9887500000E+01  0.00000E+00  0.00000E+00
  1.9887500000E+01  1.9891666667E+01  0.00000E+00  0.00000E+00
  1.9891666667E+01  1.9895833333E+01  0.00000E+00  0.00000E+00
  1.9895833333E+01  1.9900000000E+01  0.00000E+00  0.00000E+00
  1.9900000000E+01  1.9904166667E+01  4.71175E-14  1.00000E+02
  1.9904166667E+01  1.9908333333E+01  0.00000E+00  0.00000E+00
  1.9908333333E+01  1.9912500000E+01  0.00000E+00  0.00000E+00
  1.9912500000E+01  1.9916666667E+01  0.00000E+00  0.00000E+00
  1.9916666667E+01  1.9920833333E+01  0.00000E+00  0.00000E+00
  1.9920833333E+01  1.9925000000E+01  0.00000E+00  0.00000E+00
  1.9925000000E+01  1.9929166667E+01  0.00000E+00  0.00000E+00
  1.9929166667E+01  1.9933333333E+01  0.00000E+00  0.00000E+00
  1.9933333333E+01  1.9937500000E+01  0.00000E+00  0.00000E+00
  1.9937500000E+01  1.9941666667E+01  0.00000E+00  0.00000E+00
  1.9941666667E+01  1.9945833333E+01  0.00000E+00  0.00000E+00
  1.9945833333E+01  1.9950000000E+01  0.00000E+00  0.00000E+00
  1.9950000000E+01  1.9954166667E+01  0.00000E+00  0.00000E+00
  1.9954166667E+01  1.9958333333E+01  0.00000E+00  0.00000E+00
  1.9958333333E+01  1.9962500000E+01  0.00000E+00  0.00000E+00
  1.9962500000E+01  1.9966666667E+01  0.00000E+00  0.00000E+00
  1.9966666667E+01  1.9970833333E+01  0.00000E+00  0.00000E+00
  1.9970833333E+01  1.9975000000E+01  0.00000E+00  0.00000E+00
  1.9975000000E+01  1.9979166667E+01  0.00000E+00  0.00000E+00
  1.9979166667E+01  1.9983333333E+01  0.00000E+00  0.00000E+00
  1.9983333333E+01  1.9987500000E+01  0.00000E+00  0.00000E+00
  1.9987500000E+01  1.9991666667E+01  0.00000E+00  0.00000E+00
  1.9991666667E+01  1.9995833333E+01  0.00000E+00  0.00000E+00
  1.9995833333E+01  2.0000000000E+01  0.00000E+00  0.00000E+00
  2.0000000000E+01  2.0000000000E+01  0.00000E+00  0.00000E+00