# Detector n: 1D Projection
  2.0000000000E+00  2.0041666667E+00  9.83966E-03  1.74681E-01
  2.0041666667E+00  2.0083333333E+00  9.84861E-03  2.02446E-01
  2.0083333333E+00  2.0125000000E+00  9.90133E-03  2.12195E-01
  2.0125000000E+00  2.0166666667E+00  9.93912E-03  2.36141E-01
  2.0166666667E+00  2.0208333333E+00  9.94076E-03  2.35478E-01
  2.0208333333E+00  2.0250000000E+00  9.90350E-03  2.05677E-01
  2.0250000000E+00  2.0291666667E+00  9.92985E-03  2.38906E-01
  2.0291666667E+00  2.0333333333E+00  9.92243E-03  1.88444E-01
  2.0333333333E+00  2.0375000000E+00  9.94717E-03  2.30875E-01
  2.0375000000E+00  2.0416666667E+00  9.96701E-03  2.27877E-01
  2.0416666667E+00  2.0458333333E+00  9.99224E-03  2.76473E-01
  2.0458333333E+00  2.0500000000E+00  9.98455E-03  2.62329E-01
  2.0500000000E+00  2.0541666667E+00  9.93168E-03  1.99766E-01
  2.0541666667E+00  2.0583333333E+00  1.00089E-02  2.57170E-01
  2.0583333333E+00  2.0625000000E+00  1.00142E-02  2.56941E-01
  2.0625000000E+00  2.0666666667E+00  9.98454E-03  2.19463E-01
  2.0666666667E+00  2.0708333333E+00  1.00104E-02  2.43481E-01
  2.0708333333E+00  2.0750000000E+00  9.99015E-03  2.27657E-01
  2.0750000000E+00  2.0791666667E+00  1.00005E-02  2.14650E-01
  2.0791666667E+00  2.0833333333E+00  1.00300E-02  2.02531E-01
  2.0833333333E+00  2.0875000000E+00  1.01054E-02  2.46224E-01
  2.0875000000E+00  2.0916666667E+00  1.00711E-02  2.35652E-01
  2.0916666667E+00  2.0958333333E+00  1.01211E-02  2.29752E-01
  2.0958333333E+00  2.1000000000E+00  1.01027E-02  2.21597E-01
  2.1000000000E+00  2.1041666667E+00  1.01035E-02  2.19274E-01
  2.1041666667E+00  2.1083333333E+00  1.00968E-02  2.17381E-01
  2.1083333333E+00  2.1125000000E+00  1.00762E-02  2.22593E-01
  2.1125000000E+00  2.1166666667E+00  1.00626E-02  2.09985E-01
  2.1166666667E+00  2.1208333333E+00  1.00847E-02  2.08580E-01
  2.1208333333E+00  2.1250000000E+00  1.01198E-02  2.45789E-01
  2.1250000000E+00  2.1291666667E+00  1.01299E-02  2.39699E-01
  2.1291666667E+00  2.1333333333E+00  1.01046E-02  2.19536E-01
  2.1333333333E+00  2.1375000000E+00  1.01083E-02  1.89760E-01
  2.1375000000E+00  2.1416666667E+00  1.01041E-02  1.97646E-01
  2.1416666667E+00  2.1458333333E+00  1.01285E-02  2.49196E-01
  2.1458333333E+00  2.1500000000E+00  1.01419E-02  2.26710E-01
  2.1500000000E+00  2.1541666667E+00  1.01128E-02  2.23109E-01
  2.1541666667E+00  2.1583333333E+00  1.01193E-02  1.94379E-01
  2.1583333333E+00  2.1625000000E+00  1.01059E-02  1.94719E-01
  2.1625000000E+00  2.1666666667E+00  1.01521E-02  2.51820E-01
  2.1666666667E+00  2.1708333333E+00  1.01535E-02  2.25055E-01
  2.1708333333E+00  2.1750000000E+00  1.01510E-02  2.43546E-01
  2.1750000000E+00  2.1791666667E+00  1.01400E-02  2.33618E-01
  2.1791666667E+00  2.1833333333E+00  1.01166E-02  2.15405E-01
  2.1833333333E+00  2.1875000000E+00  1.01645E-02  2.31222E-01
  2.1875000000E+00  2.1916666667E+00  1.01798E-02  2.47518E-01
  2.1916666667E+00  2.1958333333E+00  1.02040E-02  2.36151E-01
  2.1958333333E+00  2.2000000000E+00  1.01771E-02  2.18194E-01
  2.2000000000E+00  2.2041666667E+00  1.01747E-02  2.24599E-01
  2.2041666667E+00  2.2083333333E+00  1.01695E-02  2.05228E-01
  2.2083333333E+00  2.2125000000E+00  1.02069E-02  2.28298E-01
  2.2125000000E+00  2.2166666667E+00  1.01880E-02  2.20057E-01
  2.2166666667E+00  2.2208333333E+00  1.01971E-02  2.18415E-01
  2.2208333333E+00  2.2250000000E+00  1.02456E-02  2.36726E-01
  2.2250000000E+00  2.2291666667E+00  1.02581E-02  2.54062E-01
  2.2291666667E+00  2.2333333333E+00  1.03062E-02  2.80673E-01
  2.2333333333E+00  2.2375000000E+00  1.02546E-02  2.07910E-01
  2.2375000000E+00  2.2416666667E+00  1.02531E-02  2.25739E-01
  2.2416666667E+00  2.2458333333E+00  1.02660E-02  2.10374E-01
  2.2458333333E+00  2.2500000000E+00  1.02966E-02  2.16224E-01
  2.2500000000E+00  2.2541666667E+00  1.03057E-02  2.04793E-01
  2.2541666667E+00  2.2583333333E+00  1.03296E-02  2.22745E-01
  2.2583333333E+00  2.2625000000E+00  1.03317E-02  2.11975E-01
  2.2625000000E+00  2.2666666667E+00  1.03232E-02  2.02623E-01
  2.2666666667E+00  2.2708333333E+00  1.03754E-02  2.19059E-01
  2.2708333333E+00  2.2750000000E+00  1.03596E-02  2.16560E-01
  2.2750000000E+00  2.2791666667E+00  1.03303E-02  2.06916E-01
  2.2791666667E+00  2.2833333333E+00  1.03718E-02  2.41564E-01
  2.2833333333E+00  2.2875000000E+00  1.03693E-02  2.20058E-01
  2.2875000000E+00  2.2916666667E+00  1.03610E-02  2.15029E-01
  2.2916666667E+00  2.2958333333E+00  1.03751E-02  2.21040E-01
  2.2958333333E+00  2.3000000000E+00  1.03871E-02  2.21435E-01
  2.3000000000E+00  2.3041666667E+00  1.03694E-02  2.12659E-01
  2.3041666667E+00  2.3083333333E+00  1.03855E-02  2.10531E-01
  2.3083333333E+00  2.3125000000E+00  1.04298E-02  2.39739E-01
  2.3125000000E+00  2.3166666667E+00  1.03937E-02  2.23831E-01
  2.3166666667E+00  2.3208333333E+00  1.03650E-02  2.17931E-01
  2.3208333333E+00  2.3250000000E+00  1.03869E-02  2.19406E-01
  2.3250000000E+00  2.3291666667E+00  1.03791E-02  2.22725E-01
  2.3291666667E+00  2.3333333333E+00  1.03830E-02  2.18119E-01
  2.3333333333E+00  2.3375000000E+00  1.03975E-02  2.25732E-01
  2.3375000000E+00  2.3416666667E+00  1.04027E-02  2.32354E-01
  2.3416666667E+00  2.3458333333E+00  1.04012E-02  2.30722E-01
  2.3458333333E+00  2.3500000000E+00  1.04360E-02  2.67699E-01
  2.3500000000E+00  2.3541666667E+00  1.04073E-02  2.21507E-01
  2.3541666667E+00  2.3583333333E+00  1.04247E-02  2.29776E-01
  2.3583333333E+00  2.3625000000E+00  1.04355E-02  2.30125E-01
  2.3625000000E+00  2.3666666667E+00  1.04187E-02  2.09808E-01
  2.3666666667E+00  2.3708333333E+00  1.03955E-02  2.03865E-01
  2.3708333333E+00  2.3750000000E+00  1.03783E-02  1.74950E-01
  2.3750000000E+00  2.3791666667E+00  1.04138E-02  2.09566E-01
  2.3791666667E+00  2.3833333333E+00  1.04316E-02  2.20781E-01
  2.3833333333E+00  2.3875000000E+00  1.04374E-02  2.08666E-01
  2.3875000000E+00  2.3916666667E+00  1.04315E-02  2.00976E-01
  2.3916666667E+00  2.3958333333E+00  1.04415E-02  2.17610E-01
  2.3958333333E+00  2.4000000000E+00  1.03959E-02  1.92405E-01
  2.4000000000E+00  2.4041666667E+00  1.04497E-02  2.29996E-01
  2.4041666667E+00  2.4083333333E+00  1.04270E-02  2.43556E-01
  2.4083333333E+00  2.4125000000E+00  1.04514E-02  2.26261E-01
  2.4125000000E+00  2.4166666667E+00  1.04684E-02  2.65906E-01
  2.4166666667E+00  2.4208333333E+00  1.04524E-02  2.00153E-01
  2.4208333333E+00  2.4250000000E+00  1.04717E-02  2.22447E-01
  2.4250000000E+00  2.4291666667E+00  1.04587E-02  2.06113E-01
  2.4291666667E+00  2.4333333333E+00  1.04704E-02  2.22469E-01
  2.4333333333E+00  2.4375000000E+00  1.04531E-02  2.07763E-01
  2.4375000000E+00  2.4416666667E+00  1.04552E-02  2.07264E-01
  2.4416666667E+00  2.4458333333E+00  1.04624E-02  2.09764E-01
  2.4458333333E+00  2.4500000000E+00  1.04684E-02  2.24206E-01
  2.4500000000E+00  2.4541666667E+00  1.04630E-02  2.06114E-01
  2.4541666667E+00  2.4583333333E+00  1.04574E-02  2.07775E-01
  2.4583333333E+00  2.4625000000E+00  1.04732E-02  2.08228E-01
  2.4625000000E+00  2.4666666667E+00  1.04992E-02  2.18607E-01
  2.4666666667E+00  2.4708333333E+00  1.04723E-02  1.97105E-01
  2.4708333333E+00  2.4750000000E+00  1.04813E-02  2.01957E-01
  2.4750000000E+00  2.4791666667E+00  1.05242E-02  2.44445E-01
  2.4791666667E+00  2.4833333333E+00  1.05019E-02  1.81486E-01
  2.4833333333E+00  2.4875000000E+00  1.05009E-02  1.85125E-01
  2.4875000000E+00  2.4916666667E+00  1.05193E-02  2.10465E-01
  2.4916666667E+00  2.4958333333E+00  1.05178E-02  2.09556E-01
  2.4958333333E+00  2.5000000000E+00  1.05525E-02  2.33232E-01
  2.5000000000E+00  2.5041666667E+00  1.05348E-02  2.02111E-01
  2.5041666667E+00  2.5083333333E+00  1.05018E-02  1.80974E-01
  2.5083333333E+00  2.5125000000E+00  1.05534E-02  2.20795E-01
  2.5125000000E+00  2.5166666667E+00  1.05456E-02  2.30925E-01
  2.5166666667E+00  2.5208333333E+00  1.05446E-02  2.11618E-01
  2.5208333333E+00  2.5250000000E+00  1.05391E-02  2.00668E-01
  2.5250000000E+00  2.5291666667E+00  1.05719E-02  2.05490E-01
  2.5291666667E+00  2.5333333333E+00  1.05734E-02  2.07644E-01
  2.5333333333E+00  2.5375000000E+00  1.06073E-02  2.10954E-01
  2.5375000000E+00  2.5416666667E+00  1.06284E-02  2.36945E-01
  2.5416666667E+00  2.5458333333E+00  1.06047E-02  2.02849E-01
  2.5458333333E+00  2.5500000000E+00  1.06275E-02  2.40100E-01
  2.5500000000E+00  2.5541666667E+00  1.06475E-02  2.18802E-01
  2.5541666667E+00  2.5583333333E+00  1.06687E-02  2.25662E-01
  2.5583333333E+00  2.5625000000E+00  1.06472E-02  2.31743E-01
  2.5625000000E+00  2.5666666667E+00  1.07141E-02  2.51417E-01
  2.5666666667E+00  2.5708333333E+00  1.06971E-02  2.10241E-01
  2.5708333333E+00  2.5750000000E+00  1.07151E-02  1.98247E-01
  2.5750000000E+00  2.5791666667E+00  1.07435E-02  2.24125E-01
  2.5791666667E+00  2.5833333333E+00  1.07002E-02  1.89337E-01
  2.5833333333E+00  2.5875000000E+00  1.07004E-02  1.88526E-01
  2.5875000000E+00  2.5916666667E+00  1.07354E-02  2.02988E-01
  2.5916666667E+00  2.5958333333E+00  1.07047E-02  1.94133E-01
  2.5958333333E+00  2.6000000000E+00  1.07273E-02  2.08295E-01
  2.6000000000E+00  2.6041666667E+00  1.07202E-02  1.77476E-01
  2.6041666667E+00  2.6083333333E+00  1.07196E-02  2.00980E-01
  2.6083333333E+00  2.6125000000E+00  1.07465E-02  2.22518E-01
  2.6125000000E+00  2.6166666667E+00  1.07327E-02  1.99065E-01
  2.6166666667E+00  2.6208333333E+00  1.07556E-02  2.15330E-01
  2.6208333333E+00  2.6250000000E+00  1.07588E-02  2.25679E-01
  2.6250000000E+00  2.6291666667E+00  1.07543E-02  2.10153E-01
  2.6291666667E+00  2.6333333333E+00  1.07398E-02  2.20985E-01
  2.6333333333E+00  2.6375000000E+00  1.07757E-02  2.26440E-01
  2.6375000000E+00  2.6416666667E+00  1.07517E-02  2.09545E-01
  2.6416666667E+00  2.6458333333E+00  1.07255E-02  1.88513E-01
  2.6458333333E+00  2.6500000000E+00  1.07612E-02  2.07515E-01
  2.6500000000E+00  2.6541666667E+00  1.07905E-02  2.63799E-01
  2.6541666667E+00  2.6583333333E+00  1.07477E-02  1.87376E-01
  2.6583333333E+00  2.6625000000E+00  1.07636E-02  1.99507E-01
  2.6625000000E+00  2.6666666667E+00  1.07874E-02  2.13162E-01
  2.6666666667E+00  2.6708333333E+00  1.08281E-02  2.38864E-01
  2.6708333333E+00  2.6750000000E+00  1.08033E-02  1.96421E-01
  2.6750000000E+00  2.6791666667E+00  1.07783E-02  2.03459E-01
  2.6791666667E+00  2.6833333333E+00  1.07691E-02  1.77657E-01
  2.6833333333E+00  2.6875000000E+00  1.07997E-02  2.22755E-01
  2.6875000000E+00  2.6916666667E+00  1.07929E-02  1.96400E-01
  2.6916666667E+00  2.6958333333E+00  1.08043E-02  2.07521E-01
  2.6958333333E+00  2.7000000000E+00  1.08415E-02  2.21014E-01
  2.7000000000E+00  2.7041666667E+00  1.08391E-02  2.27040E-01
  2.7041666667E+00  2.7083333333E+00  1.08652E-02  2.27678E-01
  2.7083333333E+00  2.7125000000E+00  1.08256E-02  1.95314E-01
  2.7125000000E+00  2.7166666667E+00  1.08206E-02  1.78197E-01
  2.7166666667E+00  2.7208333333E+00  1.08740E-02  2.25774E-01
  2.7208333333E+00  2.7250000000E+00  1.08653E-02  2.01275E-01
  2.7250000000E+00  2.7291666667E+00  1.08991E-02  2.43816E-01
  2.7291666667E+00  2.7333333333E+00  1.08707E-02  2.16117E-01
  2.7333333333E+00  2.7375000000E+00  1.08589E-02  2.01506E-01
  2.7375000000E+00  2.7416666667E+00  1.08591E-02  1.88932E-01
  2.7416666667E+00  2.7458333333E+00  1.08972E-02  2.31798E-01
  2.7458333333E+00  2.7500000000E+00  1.08898E-02  2.22204E-01
  2.7500000000E+00  2.7541666667E+00  1.09196E-02  2.45058E-01
  2.7541666667E+00  2.7583333333E+00  1.09221E-02  2.46677E-01
  2.7583333333E+00  2.7625000000E+00  1.08803E-02  1.89535E-01
  2.7625000000E+00  2.7666666667E+00  1.09338E-02  2.25393E-01
  2.7666666667E+00  2.7708333333E+00  1.09220E-02  2.15198E-01
  2.7708333333E+00  2.7750000000E+00  1.09038E-02  1.91365E-01
  2.7750000000E+00  2.7791666667E+00  1.09061E-02  1.98776E-01
  2.7791666667E+00  2.7833333333E+00  1.09537E-02  2.23703E-01
  2.7833333333E+00  2.7875000000E+00  1.09226E-02  1.98756E-01
  2.7875000000E+00  2.7916666667E+00  1.09610E-02  2.15400E-01
  2.7916666667E+00  2.7958333333E+00  1.09141E-02  1.95862E-01
  2.7958333333E+00  2.8000000000E+00  1.09658E-02  2.28484E-01
  2.8000000000E+00  2.8041666667E+00  1.09867E-02  2.31460E-01
  2.8041666667E+00  2.8083333333E+00  1.09550E-02  2.00729E-01
  2.8083333333E+00  2.8125000000E+00  1.09868E-02  2.33687E-01
  2.8125000000E+00  2.8166666667E+00  1.09931E-02  2.21208E-01
  2.8166666667E+00  2.8208333333E+00  1.10066E-02  2.21319E-01
  2.8208333333E+00  2.8250000000E+00  1.09712E-02  1.99325E-01
  2.8250000000E+00  2.8291666667E+00  1.09888E-02  1.93325E-01
  2.8291666667E+00  2.8333333333E+00  1.10030E-02  2.17355E-01
  2.8333333333E+00  2.8375000000E+00  1.10192E-02  2.13149E-01
  2.8375000000E+00  2.8416666667E+00  1.10388E-02  2.39903E-01
  2.8416666667E+00  2.8458333333E+00  1.10098E-02  2.10442E-01
  2.8458333333E+00  2.8500000000E+00  1.10398E-02  2.17096E-01
  2.8500000000E+00  2.8541666667E+00  1.10162E-02  1.98357E-01
  2.8541666667E+00  2.8583333333E+00  1.10265E-02  2.15362E-01
  2.8583333333E+00  2.8625000000E+00  1.10139E-02  1.99069E-01
  2.8625000000E+00  2.8666666667E+00  1.10482E-02  2.13431E-01
  2.8666666667E+00  2.8708333333E+00  1.10332E-02  2.20991E-01
  2.8708333333E+00  2.8750000000E+00  1.10264E-02  2.03295E-01
  2.8750000000E+00  2.8791666667E+00  1.10641E-02  2.12805E-01
  2.8791666667E+00  2.8833333333E+00  1.10455E-02  1.87676E-01
  2.8833333333E+00  2.8875000000E+00  1.10688E-02  2.15992E-01
  2.8875000000E+00  2.8916666667E+00  1.11009E-02  2.19275E-01
  2.8916666667E+00  2.8958333333E+00  1.11190E-02  2.62058E-01
  2.8958333333E+00  2.9000000000E+00  1.10754E-02  1.92887E-01
  2.9000000000E+00  2.9041666667E+00  1.11004E-02  2.01972E-01
  2.9041666667E+00  2.9083333333E+00  1.10943E-02  2.23732E-01
  2.9083333333E+00  2.9125000000E+00  1.10880E-02  2.02558E-01
  2.9125000000E+00  2.9166666667E+00  1.10975E-02  2.04462E-01
  2.9166666667E+00  2.9208333333E+00  1.11037E-02  2.09837E-01
  2.9208333333E+00  2.9250000000E+00  1.11035E-02  2.02606E-01
  2.9250000000E+00  2.9291666667E+00  1.11579E-02  2.15002E-01
  2.9291666667E+00  2.9333333333E+00  1.11710E-02  2.44940E-01
  2.9333333333E+00  2.9375000000E+00  1.11503E-02  2.17309E-01
  2.9375000000E+00  2.9416666667E+00  1.11204E-02  1.82762E-01
  2.9416666667E+00  2.9458333333E+00  1.11523E-02  2.21073E-01
  2.9458333333E+00  2.9500000000E+00  1.11929E-02  2.34580E-01
  2.9500000000E+00  2.9541666667E+00  1.11731E-02  1.97439E-01
  2.9541666667E+00  2.9583333333E+00  1.12024E-02  2.46127E-01
  2.9583333333E+00  2.9625000000E+00  1.11851E-02  2.02121E-01
  2.9625000000E+00  2.9666666667E+00  1.11770E-02  2.13124E-01
  2.9666666667E+00  2.9708333333E+00  1.11865E-02  2.07626E-01
  2.9708333333E+00  2.9750000000E+00  1.11639E-02  1.79729E-01
  2.9750000000E+00  2.9791666667E+00  1.11916E-02  1.83866E-01
  2.9791666667E+00  2.9833333333E+00  1.11899E-02  2.10982E-01
  2.9833333333E+00  2.9875000000E+00  1.12470E-02  2.22231E-01
  2.9875000000E+00  2.9916666667E+00  1.12166E-02  1.96424E-01
  2.9916666667E+00  2.9958333333E+00  1.12234E-02  2.07417E-01
  2.9958333333E+00  3.0000000000E+00  1.12249E-02  1.86402E-01
  3.0000000000E+00  3.0041666667E+00  1.12189E-02  1.87066E-01
  3.0041666667E+00  3.0083333333E+00  1.12536E-02  2.25008E-01
  3.0083333333E+00  3.0125000000E+00  1.12199E-02  1.77164E-01
  3.0125000000E+00  3.0166666667E+00  1.12569E-02  1.94735E-01
  3.0166666667E+00  3.0208333333E+00  1.12882E-02  2.29954E-01
  3.0208333333E+00  3.0250000000E+00  1.12705E-02  2.18762E-01
  3.0250000000E+00  3.0291666667E+00  1.12832E-02  2.13692E-01
  3.0291666667E+00  3.0333333333E+00  1.13247E-02  2.40553E-01
  3.0333333333E+00  3.0375000000E+00  1.13350E-02  2.23647E-01
  3.0375000000E+00  3.0416666667E+00  1.13182E-02  2.22829E-01
  3.0416666667E+00  3.0458333333E+00  1.12744E-02  1.92063E-01
  3.0458333333E+00  3.0500000000E+00  1.12996E-02  2.04265E-01
  3.0500000000E+00  3.0541666667E+00  1.12922E-02  1.71667E-01
  3.0541666667E+00  3.0583333333E+00  1.13448E-02  2.28958E-01
  3.0583333333E+00  3.0625000000E+00  1.13428E-02  2.28853E-01
  3.0625000000E+00  3.0666666667E+00  1.13628E-02  2.20215E-01
  3.0666666667E+00  3.0708333333E+00  1.13456E-02  2.14084E-01
  3.0708333333E+00  3.0750000000E+00  1.13647E-02  2.14335E-01
  3.0750000000E+00  3.0791666667E+00  1.13859E-02  1.96184E-01
  3.0791666667E+00  3.0833333333E+00  1.13668E-02  2.02240E-01
  3.0833333333E+00  3.0875000000E+00  1.13804E-02  1.97622E-01
  3.0875000000E+00  3.0916666667E+00  1.13764E-02  2.01226E-01
  3.0916666667E+00  3.0958333333E+00  1.13839E-02  2.06679E-01
  3.0958333333E+00  3.1000000000E+00  1.13859E-02  2.06578E-01
  3.1000000000E+00  3.1041666667E+00  1.13998E-02  1.82955E-01
  3.1041666667E+00  3.1083333333E+00  1.14048E-02  2.09986E-01
  3.1083333333E+00  3.1125000000E+00  1.14319E-02  2.32439E-01
  3.1125000000E+00  3.1166666667E+00  1.14048E-02  1.89418E-01
  3.1166666667E+00  3.1208333333E+00  1.14186E-02  1.92414E-01
  3.1208333333E+00  3.1250000000E+00  1.14299E-02  1.72739E-01
  3.1250000000E+00  3.1291666667E+00  1.14600E-02  2.10006E-01
  3.1291666667E+00  3.1333333333E+00  1.14623E-02  2.06613E-01
  3.1333333333E+00  3.1375000000E+00  1.14809E-02  2.02891E-01
  3.1375000000E+00  3.1416666667E+00  1.14695E-02  1.98289E-01
  3.1416666667E+00  3.1458333333E+00  1.14706E-02  1.77960E-01
  3.1458333333E+00  3.1500000000E+00  1.14889E-02  1.93870E-01
  3.1500000000E+00  3.1541666667E+00  1.14974E-02  1.95551E-01
  3.1541666667E+00  3.1583333333E+00  1.14825E-02  1.98979E-01
  3.1583333333E+00  3.1625000000E+00  1.15048E-02  1.94787E-01
  3.1625000000E+00  3.1666666667E+00  1.15156E-02  1.98221E-01
  3.1666666667E+00  3.1708333333E+00  1.15438E-02  2.21154E-01
  3.1708333333E+00  3.1750000000E+00  1.15353E-02  1.99946E-01
  3.1750000000E+00  3.1791666667E+00  1.15520E-02  2.05540E-01
  3.1791666667E+00  3.1833333333E+00  1.15024E-02  1.85842E-01
  3.1833333333E+00  3.1875000000E+00  1.15259E-02  1.72305E-01
  3.1875000000E+00  3.1916666667E+00  1.15235E-02  1.74822E-01
  3.1916666667E+00  3.1958333333E+00  1.15310E-02  1.91407E-01
  3.1958333333E+00  3.2000000000E+00  1.15633E-02  1.86690E-01
  3.2000000000E+00  3.2041666667E+00  1.15775E-02  2.02894E-01
  3.2041666667E+00  3.2083333333E+00  1.15752E-02  2.15669E-01
  3.2083333333E+00  3.2125000000E+00  1.15816E-02  1.99058E-01
  3.2125000000E+00  3.2166666667E+00  1.16035E-02  2.21060E-01
  3.2166666667E+00  3.2208333333E+00  1.16065E-02  1.96860E-01
  3.2208333333E+00  3.2250000000E+00  1.16361E-02  2.06681E-01
  3.2250000000E+00  3.2291666667E+00  1.16061E-02  1.93028E-01
  3.2291666667E+00  3.2333333333E+00  1.16064E-02  1.96047E-01
  3.2333333333E+00  3.2375000000E+00  1.16243E-02  2.01564E-01
  3.2375000000E+00  3.2416666667E+00  1.16329E-02  2.02265E-01
  3.2416666667E+00  3.2458333333E+00  1.16627E-02  2.13892E-01
  3.2458333333E+00  3.2500000000E+00  1.16598E-02  2.00206E-01
  3.2500000000E+00  3.2541666667E+00  1.16514E-02  1.93875E-01
  3.2541666667E+00  3.2583333333E+00  1.16883E-02  1.96480E-01
  3.2583333333E+00  3.2625000000E+00  1.16966E-02  2.11791E-01
  3.2625000000E+00  3.2666666667E+00  1.16901E-02  2.10059E-01
  3.2666666667E+00  3.2708333333E+00  1.17263E-02  2.29275E-01
  3.2708333333E+00  3.2750000000E+00  1.17107E-02  2.03668E-01
  3.2750000000E+00  3.2791666667E+00  1.17005E-02  2.11740E-01
  3.2791666667E+00  3.2833333333E+00  1.17182E-02  2.07144E-01
  3.2833333333E+00  3.2875000000E+00  1.17509E-02  2.00984E-01
  3.2875000000E+00  3.2916666667E+00  1.17451E-02  1.96680E-01
  3.2916666667E+00  3.2958333333E+00  1.17521E-02  1.86223E-01
  3.2958333333E+00  3.3000000000E+00  1.17325E-02  2.06239E-01
  3.3000000000E+00  3.3041666667E+00  1.17315E-02  1.89797E-01
  3.3041666667E+00  3.3083333333E+00  1.17395E-02  1.96978E-01
  3.3083333333E+00  3.3125000000E+00  1.17805E-02  2.05785E-01
  3.3125000000E+00  3.3166666667E+00  1.18205E-02  2.28974E-01
  3.3166666667E+00  3.3208333333E+00  1.17772E-02  1.98037E-01
  3.3208333333E+00  3.3250000000E+00  1.17964E-02  2.10353E-01
  3.3250000000E+00  3.3291666667E+00  1.17960E-02  1.94919E-01
  3.3291666667E+00  3.3333333333E+00  1.17883E-02  1.91695E-01
  3.3333333333E+00  3.3375000000E+00  1.18054E-02  1.90666E-01
  3.3375000000E+00  3.3416666667E+00  1.17914E-02  2.12518E-01
  3.3416666667E+00  3.3458333333E+00  1.17998E-02  2.02423E-01
  3.3458333333E+00  3.3500000000E+00  1.18409E-02  1.97329E-01
  3.3500000000E+00  3.3541666667E+00  1.18099E-02  1.79753E-01
  3.3541666667E+00  3.3583333333E+00  1.18321E-02  1.87021E-01
  3.3583333333E+00  3.3625000000E+00  1.18561E-02  1.87807E-01
  3.3625000000E+00  3.3666666667E+00  1.18917E-02  2.06378E-01
  3.3666666667E+00  3.3708333333E+00  1.18493E-02  1.93635E-01
  3.3708333333E+00  3.3750000000E+00  1.18905E-02  2.02977E-01
  3.3750000000E+00  3.3791666667E+00  1.18911E-02  1.93902E-01
  3.3791666667E+00  3.3833333333E+00  1.18861E-02  1.91296E-01
  3.3833333333E+00  3.3875000000E+00  1.19005E-02  1.83909E-01
  3.3875000000E+00  3.3916666667E+00  1.19014E-02  1.77354E-01
  3.3916666667E+00  3.3958333333E+00  1.19284E-02  2.20973E-01
  3.3958333333E+00  3.4000000000E+00  1.19092E-02  1.96133E-01
  3.4000000000E+00  3.4041666667E+00  1.19204E-02  1.90203E-01
  3.4041666667E+00  3.4083333333E+00  1.19100E-02  1.74464E-01
  3.4083333333E+00  3.4125000000E+00  1.19042E-02  1.65337E-01
  3.4125000000E+00  3.4166666667E+00  1.19294E-02  1.92064E-01
  3.4166666667E+00  3.4208333333E+00  1.19659E-02  1.92477E-01
  3.4208333333E+00  3.4250000000E+00  1.19515E-02  1.93976E-01
  3.4250000000E+00  3.4291666667E+00  1.19670E-02  1.88791E-01
  3.4291666667E+00  3.4333333333E+00  1.20104E-02  2.03265E-01
  3.4333333333E+00  3.4375000000E+00  1.19643E-02  1.96689E-01
  3.4375000000E+00  3.4416666667E+00  1.20145E-02  2.26693E-01
  3.4416666667E+00  3.4458333333E+00  1.19834E-02  1.86505E-01
  3.4458333333E+00  3.4500000000E+00  1.19941E-02  1.88120E-01
  3.4500000000E+00  3.4541666667E+00  1.19925E-02  1.72867E-01
  3.4541666667E+00  3.4583333333E+00  1.20242E-02  1.87861E-01
  3.4583333333E+00  3.4625000000E+00  1.20254E-02  1.77685E-01
  3.4625000000E+00  3.4666666667E+00  1.20088E-02  1.63373E-01
  3.4666666667E+00  3.4708333333E+00  1.20575E-02  1.91225E-01
  3.4708333333E+00  3.4750000000E+00  1.20623E-02  1.81849E-01
  3.4750000000E+00  3.4791666667E+00  1.20770E-02  1.83505E-01
  3.4791666667E+00  3.4833333333E+00  1.20681E-02  1.85292E-01
  3.4833333333E+00  3.4875000000E+00  1.20983E-02  1.78040E-01
  3.4875000000E+00  3.4916666667E+00  1.20885E-02  1.84556E-01
  3.4916666667E+00  3.4958333333E+00  1.21230E-02  1.98039E-01
  3.4958333333E+00  3.5000000000E+00  1.21195E-02  1.96191E-01
  3.5000000000E+00  3.5041666667E+00  1.21225E-02  1.99863E-01
  3.5041666667E+00  3.5083333333E+00  1.21200E-02  1.93070E-01
  3.5083333333E+00  3.5125000000E+00  1.21178E-02  1.82248E-01
  3.5125000000E+00  3.5166666667E+00  1.21378E-02  1.84562E-01
  3.5166666667E+00  3.5208333333E+00  1.21455E-02  1.88616E-01
  3.5208333333E+00  3.5250000000E+00  1.21357E-02  1.87240E-01
  3.5250000000E+00  3.5291666667E+00  1.21790E-02  1.99727E-01
  3.5291666667E+00  3.5333333333E+00  1.21630E-02  1.87007E-01
  3.5333333333E+00  3.5375000000E+00  1.21843E-02  2.04263E-01
  3.5375000000E+00  3.5416666667E+00  1.22227E-02  2.02255E-01
  3.5416666667E+00  3.5458333333E+00  1.22048E-02  1.92505E-01
  3.5458333333E+00  3.5500000000E+00  1.22444E-02  2.27305E-01
  3.5500000000E+00  3.5541666667E+00  1.22079E-02  1.78413E-01
  3.5541666667E+00  3.5583333333E+00  1.22117E-02  1.72488E-01
  3.5583333333E+00  3.5625000000E+00  1.22677E-02  2.03980E-01
  3.5625000000E+00  3.5666666667E+00  1.22440E-02  1.79262E-01
  3.5666666667E+00  3.5708333333E+00  1.22524E-02  2.00151E-01
  3.5708333333E+00  3.5750000000E+00  1.23107E-02  2.11092E-01
  3.5750000000E+00  3.5791666667E+00  1.22788E-02  1.81380E-01
  3.5791666667E+00  3.5833333333E+00  1.23073E-02  2.08666E-01
  3.5833333333E+00  3.5875000000E+00  1.22971E-02  1.77246E-01
  3.5875000000E+00  3.5916666667E+00  1.23280E-02  2.15340E-01
  3.5916666667E+00  3.5958333333E+00  1.23160E-02  1.80179E-01
  3.5958333333E+00  3.6000000000E+00  1.23348E-02  2.02776E-01
  3.6000000000E+00  3.6041666667E+00  1.23306E-02  2.03344E-01
  3.6041666667E+00  3.6083333333E+00  1.23567E-02  1.90379E-01
  3.6083333333E+00  3.6125000000E+00  1.23380E-02  1.91023E-01
  3.6125000000E+00  3.6166666667E+00  1.23419E-02  1.73001E-01
  3.6166666667E+00  3.6208333333E+00  1.23764E-02  2.01446E-01
  3.6208333333E+00  3.6250000000E+00  1.23549E-02  1.95945E-01
  3.6250000000E+00  3.6291666667E+00  1.23657E-02  1.93025E-01
  3.6291666667E+00  3.6333333333E+00  1.23538E-02  1.72983E-01
  3.6333333333E+00  3.6375000000E+00  1.23997E-02  1.73017E-01
  3.6375000000E+00  3.6416666667E+00  1.24333E-02  2.08148E-01
  3.6416666667E+00  3.6458333333E+00  1.24444E-02  1.84814E-01
  3.6458333333E+00  3.6500000000E+00  1.24255E-02  1.98875E-01
  3.6500000000E+00  3.6541666667E+00  1.24407E-02  1.87104E-01
  3.6541666667E+00  3.6583333333E+00  1.24366E-02  1.81433E-01
  3.6583333333E+00  3.6625000000E+00  1.24378E-02  1.73343E-01
  3.6625000000E+00  3.6666666667E+00  1.24632E-02  1.79282E-01
  3.6666666667E+00  3.6708333333E+00  1.24537E-02  1.78707E-01
  3.6708333333E+00  3.6750000000E+00  1.24746E-02  1.97463E-01
  3.6750000000E+00  3.6791666667E+00  1.24606E-02  1.59401E-01
  3.6791666667E+00  3.6833333333E+00  1.24854E-02  1.80533E-01
  3.6833333333E+00  3.6875000000E+00  1.25494E-02  2.05115E-01
  3.6875000000E+00  3.6916666667E+00  1.25574E-02  1.99136E-01
  3.6916666667E+00  3.6958333333E+00  1.25425E-02  1.89560E-01
  3.6958333333E+00  3.7000000000E+00  1.25174E-02  1.81568E-01
  3.7000000000E+00  3.7041666667E+00  1.25133E-02  1.74705E-01
  3.7041666667E+00  3.7083333333E+00  1.25677E-02  1.92114E-01
  3.7083333333E+00  3.7125000000E+00  1.25788E-02  1.85928E-01
  3.7125000000E+00  3.7166666667E+00  1.25655E-02  2.02122E-01
  3.7166666667E+00  3.7208333333E+00  1.25506E-02  1.88622E-01
  3.7208333333E+00  3.7250000000E+00  1.26141E-02  2.01537E-01
  3.7250000000E+00  3.7291666667E+00  1.26131E-02  1.86273E-01
  3.7291666667E+00  3.7333333333E+00  1.26193E-02  1.90244E-01
  3.7333333333E+00  3.7375000000E+00  1.26190E-02  1.74038E-01
  3.7375000000E+00  3.7416666667E+00  1.26332E-02  1.91831E-01
  3.7416666667E+00  3.7458333333E+00  1.26441E-02  1.77619E-01
  3.7458333333E+00  3.7500000000E+00  1.26236E-02  1.75191E-01
  3.7500000000E+00  3.7541666667E+00  1.26750E-02  2.03157E-01
  3.7541666667E+00  3.7583333333E+00  1.26854E-02  2.05458E-01
  3.7583333333E+00  3.7625000000E+00  1.26927E-02  2.23452E-01
  3.7625000000E+00  3.7666666667E+00  1.26712E-02  1.91647E-01
  3.7666666667E+00  3.7708333333E+00  1.26772E-02  1.76088E-01
  3.7708333333E+00  3.7750000000E+00  1.27121E-02  1.84768E-01
  3.7750000000E+00  3.7791666667E+00  1.27053E-02  1.77652E-01
  3.7791666667E+00  3.7833333333E+00  1.27414E-02  1.94321E-01
  3.7833333333E+00  3.7875000000E+00  1.27522E-02  2.05220E-01
  3.7875000000E+00  3.7916666667E+00  1.27330E-02  1.85300E-01
  3.7916666667E+00  3.7958333333E+00  1.27485E-02  1.78880E-01
  3.7958333333E+00  3.8000000000E+00  1.27621E-02  1.92304E-01
  3.8000000000E+00  3.8041666667E+00  1.27514E-02  1.80657E-01
  3.8041666667E+00  3.8083333333E+00  1.27738E-02  1.93544E-01
  3.8083333333E+00  3.8125000000E+00  1.27690E-02  1.86939E-01
  3.8125000000E+00  3.8166666667E+00  1.28067E-02  2.01098E-01
  3.8166666667E+00  3.8208333333E+00  1.28113E-02  1.87560E-01
  3.8208333333E+00  3.8250000000E+00  1.28272E-02  2.02009E-01
  3.8250000000E+00  3.8291666667E+00  1.28138E-02  1.83829E-01
  3.8291666667E+00  3.8333333333E+00  1.28403E-02  1.93103E-01
  3.8333333333E+00  3.8375000000E+00  1.28263E-02  1.77633E-01
  3.8375000000E+00  3.8416666667E+00  1.28339E-02  1.86096E-01
  3.8416666667E+00  3.8458333333E+00  1.28405E-02  1.96837E-01
  3.8458333333E+00  3.8500000000E+00  1.28713E-02  1.75897E-01
  3.8500000000E+00  3.8541666667E+00  1.29242E-02  2.00355E-01
  3.8541666667E+00  3.8583333333E+00  1.28797E-02  1.64484E-01
  3.8583333333E+00  3.8625000000E+00  1.29201E-02  2.05133E-01
  3.8625000000E+00  3.8666666667E+00  1.29124E-02  1.77965E-01
  3.8666666667E+00  3.8708333333E+00  1.29330E-02  1.94041E-01
  3.8708333333E+00  3.8750000000E+00  1.29596E-02  2.02000E-01
  3.8750000000E+00  3.8791666667E+00  1.29353E-02  1.88701E-01
  3.8791666667E+00  3.8833333333E+00  1.29661E-02  1.91818E-01
  3.8833333333E+00  3.8875000000E+00  1.29831E-02  1.88681E-01
  3.8875000000E+00  3.8916666667E+00  1.29866E-02  2.11299E-01
  3.8916666667E+00  3.8958333333E+00  1.29798E-02  1.80385E-01
  3.8958333333E+00  3.9000000000E+00  1.29988E-02  1.88448E-01
  3.9000000000E+00  3.9041666667E+00  1.30159E-02  1.88924E-01
  3.9041666667E+00  3.9083333333E+00  1.30237E-02  1.92676E-01
  3.9083333333E+00  3.9125000000E+00  1.30437E-02  1.94859E-01
  3.9125000000E+00  3.9166666667E+00  1.30052E-02  1.73968E-01
  3.9166666667E+00  3.9208333333E+00  1.30127E-02  1.53501E-01
  3.9208333333E+00  3.9250000000E+00  1.30536E-02  1.82833E-01
  3.9250000000E+00  3.9291666667E+00  1.30855E-02  2.03623E-01
  3.9291666667E+00  3.9333333333E+00  1.30614E-02  1.84738E-01
  3.9333333333E+00  3.9375000000E+00  1.30761E-02  1.76776E-01
  3.9375000000E+00  3.9416666667E+00  1.31036E-02  1.91514E-01
  3.9416666667E+00  3.9458333333E+00  1.31214E-02  1.82887E-01
  3.9458333333E+00  3.9500000000E+00  1.30992E-02  1.69973E-01
  3.9500000000E+00  3.9541666667E+00  1.31235E-02  1.76807E-01
  3.9541666667E+00  3.9583333333E+00  1.31458E-02  1.73865E-01
  3.9583333333E+00  3.9625000000E+00  1.31484E-02  1.64427E-01
  3.9625000000E+00  3.9666666667E+00  1.31503E-02  1.66679E-01
  3.9666666667E+00  3.9708333333E+00  1.31893E-02  1.86518E-01
  3.9708333333E+00  3.9750000000E+00  1.31821E-02  1.76699E-01
  3.9750000000E+00  3.9791666667E+00  1.32048E-02  1.83317E-01
  3.9791666667E+00  3.9833333333E+00  1.31988E-02  1.88143E-01
  3.9833333333E+00  3.9875000000E+00  1.32389E-02  1.84102E-01
  3.9875000000E+00  3.9916666667E+00  1.32711E-02  1.96066E-01
  3.9916666667E+00  3.9958333333E+00  1.32652E-02  1.81511E-01
  3.9958333333E+00  4.0000000000E+00  1.32745E-02  1.87723E-01
  4.0000000000E+00  4.0041666667E+00  1.32963E-02  1.93010E-01
  4.0041666667E+00  4.0083333333E+00  1.32501E-02  1.49401E-01
  4.0083333333E+00  4.0125000000E+00  1.32941E-02  1.73904E-01
  4.0125000000E+00  4.0166666667E+00  1.32743E-02  1.62822E-01
  4.0166666667E+00  4.0208333333E+00  1.33088E-02  1.79059E-01
  4.0208333333E+00  4.0250000000E+00  1.33410E-02  1.85180E-01
  4.0250000000E+00  4.0291666667E+00  1.33590E-02  1.93076E-01
  4.0291666667E+00  4.0333333333E+00  1.33921E-02  2.00480E-01
  4.0333333333E+00  4.0375000000E+00  1.33624E-02  1.64976E-01
  4.0375000000E+00  4.0416666667E+00  1.33545E-02  1.64210E-01
  4.0416666667E+00  4.0458333333E+00  1.33896E-02  1.81382E-01
  4.0458333333E+00  4.0500000000E+00  1.34225E-02  1.94382E-01
  4.0500000000E+00  4.0541666667E+00  1.34188E-02  1.84707E-01
  4.0541666667E+00  4.0583333333E+00  1.34311E-02  1.96010E-01
  4.0583333333E+00  4.0625000000E+00  1.34625E-02  1.87892E-01
  4.0625000000E+00  4.0666666667E+00  1.34519E-02  1.77285E-01
  4.0666666667E+00  4.0708333333E+00  1.34932E-02  1.90586E-01
  4.0708333333E+00  4.0750000000E+00  1.34727E-02  1.65847E-01
  4.0750000000E+00  4.0791666667E+00  1.34959E-02  1.84632E-01
  4.0791666667E+00  4.0833333333E+00  1.35193E-02  1.93867E-01
  4.0833333333E+00  4.0875000000E+00  1.35082E-02  1.75096E-01
  4.0875000000E+00  4.0916666667E+00  1.35126E-02  1.73243E-01
  4.0916666667E+00  4.0958333333E+00  1.35264E-02  1.60772E-01
  4.0958333333E+00  4.1000000000E+00  1.35607E-02  1.86123E-01
  4.1000000000E+00  4.1041666667E+00  1.35617E-02  1.73319E-01
  4.1041666667E+00  4.1083333333E+00  1.35678E-02  1.71659E-01
  4.1083333333E+00  4.1125000000E+00  1.36110E-02  1.74777E-01
  4.1125000000E+00  4.1166666667E+00  1.36106E-02  1.82751E-01
  4.1166666667E+00  4.1208333333E+00  1.36096E-02  1.64645E-01
  4.1208333333E+00  4.1250000000E+00  1.36716E-02  1.94513E-01
  4.1250000000E+00  4.1291666667E+00  1.36441E-02  1.71767E-01
  4.1291666667E+00  4.1333333333E+00  1.36393E-02  1.69372E-01
  4.1333333333E+00  4.1375000000E+00  1.36944E-02  1.64631E-01
  4.1375000000E+00  4.1416666667E+00  1.36902E-02  1.66827E-01
  4.1416666667E+00  4.1458333333E+00  1.37080E-02  1.64245E-01
  4.1458333333E+00  4.1500000000E+00  1.37073E-02  1.78085E-01
  4.1500000000E+00  4.1541666667E+00  1.37294E-02  1.67701E-01
  4.1541666667E+00  4.1583333333E+00  1.37810E-02  1.92178E-01
  4.1583333333E+00  4.1625000000E+00  1.37575E-02  1.74909E-01
  4.1625000000E+00  4.1666666667E+00  1.37275E-02  1.54511E-01
  4.1666666667E+00  4.1708333333E+00  1.37577E-02  1.73312E-01
  4.1708333333E+00  4.1750000000E+00  1.37739E-02  1.62898E-01
  4.1750000000E+00  4.1791666667E+00  1.38219E-02  1.78372E-01
  4.1791666667E+00  4.1833333333E+00  1.38235E-02  1.80341E-01
  4.1833333333E+00  4.1875000000E+00  1.38611E-02  2.00904E-01
  4.1875000000E+00  4.1916666667E+00  1.38647E-02  1.91399E-01
  4.1916666667E+00  4.1958333333E+00  1.38495E-02  1.67045E-01
  4.1958333333E+00  4.2000000000E+00  1.38744E-02  1.86329E-01
  4.2000000000E+00  4.2041666667E+00  1.38702E-02  1.65240E-01
  4.2041666667E+00  4.2083333333E+00  1.38653E-02  1.64493E-01
  4.2083333333E+00  4.2125000000E+00  1.38805E-02  1.71226E-01
  4.2125000000E+00  4.2166666667E+00  1.39127E-02  1.82232E-01
  4.2166666667E+00  4.2208333333E+00  1.39696E-02  1.97087E-01
  4.2208333333E+00  4.2250000000E+00  1.39440E-02  1.71225E-01
  4.2250000000E+00  4.2291666667E+00  1.39553E-02  1.60265E-01
  4.2291666667E+00  4.2333333333E+00  1.39856E-02  1.77244E-01
  4.2333333333E+00  4.2375000000E+00  1.39690E-02  1.69944E-01
  4.2375000000E+00  4.2416666667E+00  1.39916E-02  1.69641E-01
  4.2416666667E+00  4.2458333333E+00  1.39780E-02  1.51809E-01
  4.2458333333E+00  4.2500000000E+00  1.39822E-02  1.64397E-01
  4.2500000000E+00  4.2541666667E+00  1.40484E-02  1.67146E-01
  4.2541666667E+00  4.2583333333E+00  1.40565E-02  1.77147E-01
  4.2583333333E+00  4.2625000000E+00  1.40729E-02  1.73512E-01
  4.2625000000E+00  4.2666666667E+00  1.40819E-02  1.61858E-01
  4.2666666667E+00  4.2708333333E+00  1.40934E-02  1.64542E-01
  4.2708333333E+00  4.2750000000E+00  1.41472E-02  1.98789E-01
  4.2750000000E+00  4.2791666667E+00  1.41209E-02  1.60450E-01
  4.2791666667E+00  4.2833333333E+00  1.41503E-02  1.68433E-01
  4.2833333333E+00  4.2875000000E+00  1.41532E-02  1.81993E-01
  4.2875000000E+00  4.2916666667E+00  1.41611E-02  1.62318E-01
  4.2916666667E+00  4.2958333333E+00  1.41759E-02  1.71549E-01
  4.2958333333E+00  4.3000000000E+00  1.42072E-02  1.64148E-01
  4.3000000000E+00  4.3041666667E+00  1.42563E-02  1.98457E-01
  4.3041666667E+00  4.3083333333E+00  1.42462E-02  1.92794E-01
  4.3083333333E+00  4.3125000000E+00  1.42369E-02  1.60326E-01
  4.3125000000E+00  4.3166666667E+00  1.42600E-02  1.63480E-01
  4.3166666667E+00  4.3208333333E+00  1.42807E-02  1.71937E-01
  4.3208333333E+00  4.3250000000E+00  1.43026E-02  1.67883E-01
  4.3250000000E+00  4.3291666667E+00  1.43193E-02  1.64928E-01
  4.3291666667E+00  4.3333333333E+00  1.43199E-02  1.64949E-01
  4.3333333333E+00  4.3375000000E+00  1.44050E-02  1.82435E-01
  4.3375000000E+00  4.3416666667E+00  1.43569E-02  1.72425E-01
  4.3416666667E+00  4.3458333333E+00  1.43550E-02  1.66336E-01
  4.3458333333E+00  4.3500000000E+00  1.43656E-02  1.60983E-01
  4.3500000000E+00  4.3541666667E+00  1.44085E-02  1.75866E-01
  4.3541666667E+00  4.3583333333E+00  1.44275E-02  1.80940E-01
  4.3583333333E+00  4.3625000000E+00  1.44512E-02  1.80830E-01
  4.3625000000E+00  4.3666666667E+00  1.44543E-02  1.73102E-01
  4.3666666667E+00  4.3708333333E+00  1.44993E-02  1.94926E-01
  4.3708333333E+00  4.3750000000E+00  1.45143E-02  1.76667E-01
  4.3750000000E+00  4.3791666667E+00  1.45465E-02  1.80911E-01
  4.3791666667E+00  4.3833333333E+00  1.45310E-02  1.66672E-01
  4.3833333333E+00  4.3875000000E+00  1.45322E-02  1.68373E-01
  4.3875000000E+00  4.3916666667E+00  1.45786E-02  1.62466E-01
  4.3916666667E+00  4.3958333333E+00  1.45747E-02  1.69739E-01
  4.3958333333E+00  4.4000000000E+00  1.45743E-02  1.55009E-01
  4.4000000000E+00  4.4041666667E+00  1.46355E-02  1.75531E-01
  4.4041666667E+00  4.4083333333E+00  1.46159E-02  1.53339E-01
  4.4083333333E+00  4.4125000000E+00  1.46147E-02  1.56272E-01
  4.4125000000E+00  4.4166666667E+00  1.46470E-02  1.57459E-01
  4.4166666667E+00  4.4208333333E+00  1.46750E-02  1.64204E-01
  4.4208333333E+00  4.4250000000E+00  1.46839E-02  1.55139E-01
  4.4250000000E+00  4.4291666667E+00  1.46710E-02  1.54268E-01
  4.4291666667E+00  4.4333333333E+00  1.47037E-02  1.61502E-01
  4.4333333333E+00  4.4375000000E+00  1.47359E-02  1.52401E-01
  4.4375000000E+00  4.4416666667E+00  1.47213E-02  1.33731E-01
  4.4416666667E+00  4.4458333333E+00  1.48020E-02  1.85040E-01
  4.4458333333E+00  4.4500000000E+00  1.47906E-02  1.51172E-01
  4.4500000000E+00  4.4541666667E+00  1.48022E-02  1.56038E-01
  4.4541666667E+00  4.4583333333E+00  1.48192E-02  1.51510E-01
  4.4583333333E+00  4.4625000000E+00  1.48431E-02  1.54078E-01
  4.4625000000E+00  4.4666666667E+00  1.49005E-02  1.74041E-01
  4.4666666667E+00  4.4708333333E+00  1.48960E-02  1.58609E-01
  4.4708333333E+00  4.4750000000E+00  1.49069E-02  1.55813E-01
  4.4750000000E+00  4.4791666667E+00  1.49504E-02  1.72265E-01
  4.4791666667E+00  4.4833333333E+00  1.49376E-02  1.65638E-01
  4.4833333333E+00  4.4875000000E+00  1.49733E-02  1.67153E-01
  4.4875000000E+00  4.4916666667E+00  1.49734E-02  1.49609E-01
  4.4916666667E+00  4.4958333333E+00  1.50019E-02  1.49383E-01
  4.4958333333E+00  4.5000000000E+00  1.50158E-02  1.67287E-01
  4.5000000000E+00  4.5041666667E+00  1.50192E-02  1.50945E-01
  4.5041666667E+00  4.5083333333E+00  1.50478E-02  1.49755E-01
  4.5083333333E+00  4.5125000000E+00  1.50884E-02  1.70076E-01
  4.5125000000E+00  4.5166666667E+00  1.51271E-02  1.66855E-01
  4.5166666667E+00  4.5208333333E+00  1.51368E-02  1.72313E-01
  4.5208333333E+00  4.5250000000E+00  1.51025E-02  1.61506E-01
  4.5250000000E+00  4.5291666667E+00  1.51392E-02  1.54635E-01
  4.5291666667E+00  4.5333333333E+00  1.51746E-02  1.79306E-01
  4.5333333333E+00  4.5375000000E+00  1.51808E-02  1.68775E-01
  4.5375000000E+00  4.5416666667E+00  1.51859E-02  1.57393E-01
  4.5416666667E+00  4.5458333333E+00  1.52062E-02  1.55098E-01
  4.5458333333E+00  4.5500000000E+00  1.52275E-02  1.48564E-01
  4.5500000000E+00  4.5541666667E+00  1.52477E-02  1.48401E-01
  4.5541666667E+00  4.5583333333E+00  1.53067E-02  1.82700E-01
  4.5583333333E+00  4.5625000000E+00  1.53164E-02  1.59674E-01
  4.5625000000E+00  4.5666666667E+00  1.53318E-02  1.66158E-01
  4.5666666667E+00  4.5708333333E+00  1.53593E-02  1.66787E-01
  4.5708333333E+00  4.5750000000E+00  1.53699E-02  1.58278E-01
  4.5750000000E+00  4.5791666667E+00  1.54193E-02  1.60229E-01
  4.5791666667E+00  4.5833333333E+00  1.54058E-02  1.51683E-01
  4.5833333333E+00  4.5875000000E+00  1.54488E-02  1.82129E-01
  4.5875000000E+00  4.5916666667E+00  1.54675E-02  1.59772E-01
  4.5916666667E+00  4.5958333333E+00  1.54782E-02  1.53100E-01
  4.5958333333E+00  4.6000000000E+00  1.54826E-02  1.58701E-01
  4.6000000000E+00  4.6041666667E+00  1.55003E-02  1.52321E-01
  4.6041666667E+00  4.6083333333E+00  1.55329E-02  1.57804E-01
  4.6083333333E+00  4.6125000000E+00  1.55366E-02  1.57316E-01
  4.6125000000E+00  4.6166666667E+00  1.55905E-02  1.69135E-01
  4.6166666667E+00  4.6208333333E+00  1.55912E-02  1.45962E-01
  4.6208333333E+00  4.6250000000E+00  1.56230E-02  1.62630E-01
  4.6250000000E+00  4.6291666667E+00  1.56603E-02  1.57703E-01
  4.6291666667E+00  4.6333333333E+00  1.57019E-02  1.63500E-01
  4.6333333333E+00  4.6375000000E+00  1.57114E-02  1.60038E-01
  4.6375000000E+00  4.6416666667E+00  1.57081E-02  1.44292E-01
  4.6416666667E+00  4.6458333333E+00  1.57582E-02  1.60450E-01
  4.6458333333E+00  4.6500000000E+00  1.57377E-02  1.43574E-01
  4.6500000000E+00  4.6541666667E+00  1.57957E-02  1.68255E-01
  4.6541666667E+00  4.6583333333E+00  1.58237E-02  1.62328E-01
  4.6583333333E+00  4.6625000000E+00  1.58590E-02  1.56297E-01
  4.6625000000E+00  4.6666666667E+00  1.58854E-02  1.62978E-01
  4.6666666667E+00  4.6708333333E+00  1.58930E-02  1.38491E-01
  4.6708333333E+00  4.6750000000E+00  1.59182E-02  1.63613E-01
  4.6750000000E+00  4.6791666667E+00  1.59522E-02  1.59627E-01
  4.6791666667E+00  4.6833333333E+00  1.59395E-02  1.45382E-01
  4.6833333333E+00  4.6875000000E+00  1.60086E-02  1.69445E-01
  4.6875000000E+00  4.6916666667E+00  1.59954E-02  1.58017E-01
  4.6916666667E+00  4.6958333333E+00  1.60074E-02  1.43655E-01
  4.6958333333E+00  4.7000000000E+00  1.60481E-02  1.48305E-01
  4.7000000000E+00  4.7041666667E+00  1.60856E-02  1.61262E-01
  4.7041666667E+00  4.7083333333E+00  1.61256E-02  1.57657E-01
  4.7083333333E+00  4.7125000000E+00  1.61293E-02  1.63472E-01
  4.7125000000E+00  4.7166666667E+00  1.61413E-02  1.53077E-01
  4.7166666667E+00  4.7208333333E+00  1.61803E-02  1.58966E-01
  4.7208333333E+00  4.7250000000E+00  1.61934E-02  1.58316E-01
  4.7250000000E+00  4.7291666667E+00  1.62508E-02  1.71294E-01
  4.7291666667E+00  4.7333333333E+00  1.62965E-02  1.63359E-01
  4.7333333333E+00  4.7375000000E+00  1.62764E-02  1.44050E-01
  4.7375000000E+00  4.7416666667E+00  1.63081E-02  1.50338E-01
  4.7416666667E+00  4.7458333333E+00  1.63276E-02  1.67109E-01
  4.7458333333E+00  4.7500000000E+00  1.63649E-02  1.50698E-01
  4.7500000000E+00  4.7541666667E+00  1.64221E-02  1.61861E-01
  4.7541666667E+00  4.7583333333E+00  1.64323E-02  1.60011E-01
  4.7583333333E+00  4.7625000000E+00  1.64292E-02  1.53322E-01
  4.7625000000E+00  4.7666666667E+00  1.64838E-02  1.72705E-01
  4.7666666667E+00  4.7708333333E+00  1.65154E-02  1.63707E-01
  4.7708333333E+00  4.7750000000E+00  1.65135E-02  1.60104E-01
  4.7750000000E+00  4.7791666667E+00  1.65412E-02  1.58950E-01
  4.7791666667E+00  4.7833333333E+00  1.65571E-02  1.65753E-01
  4.7833333333E+00  4.7875000000E+00  1.65747E-02  1.48291E-01
  4.7875000000E+00  4.7916666667E+00  1.66059E-02  1.51303E-01
  4.7916666667E+00  4.7958333333E+00  1.66037E-02  1.45549E-01
  4.7958333333E+00  4.8000000000E+00  1.66836E-02  1.62817E-01
  4.8000000000E+00  4.8041666667E+00  1.66954E-02  1.63767E-01
  4.8041666667E+00  4.8083333333E+00  1.67339E-02  1.46547E-01
  4.8083333333E+00  4.8125000000E+00  1.68032E-02  1.66498E-01
  4.8125000000E+00  4.8166666667E+00  1.68222E-02  1.62634E-01
  4.8166666667E+00  4.8208333333E+00  1.68289E-02  1.41222E-01
  4.8208333333E+00  4.8250000000E+00  1.68559E-02  1.55686E-01
  4.8250000000E+00  4.8291666667E+00  1.68939E-02  1.65454E-01
  4.8291666667E+00  4.8333333333E+00  1.69127E-02  1.43521E-01
  4.8333333333E+00  4.8375000000E+00  1.69254E-02  1.50890E-01
  4.8375000000E+00  4.8416666667E+00  1.69598E-02  1.60122E-01
  4.8416666667E+00  4.8458333333E+00  1.69579E-02  1.41436E-01
  4.8458333333E+00  4.8500000000E+00  1.70156E-02  1.51411E-01
  4.8500000000E+00  4.8541666667E+00  1.70739E-02  1.51116E-01
  4.8541666667E+00  4.8583333333E+00  1.71186E-02  1.56359E-01
  4.8583333333E+00  4.8625000000E+00  1.71765E-02  1.55826E-01
  4.8625000000E+00  4.8666666667E+00  1.72060E-02  1.47340E-01
  4.8666666667E+00  4.8708333333E+00  1.72233E-02  1.42630E-01
  4.8708333333E+00  4.8750000000E+00  1.72783E-02  1.63090E-01
  4.8750000000E+00  4.8791666667E+00  1.72779E-02  1.44789E-01
  4.8791666667E+00  4.8833333333E+00  1.73418E-02  1.48906E-01
  4.8833333333E+00  4.8875000000E+00  1.73577E-02  1.55501E-01
  4.8875000000E+00  4.8916666667E+00  1.73929E-02  1.57485E-01
  4.8916666667E+00  4.8958333333E+00  1.74346E-02  1.54432E-01
  4.8958333333E+00  4.9000000000E+00  1.74685E-02  1.48825E-01
  4.9000000000E+00  4.9041666667E+00  1.75121E-02  1.52165E-01
  4.9041666667E+00  4.9083333333E+00  1.75553E-02  1.68107E-01
  4.9083333333E+00  4.9125000000E+00  1.75562E-02  1.49268E-01
  4.9125000000E+00  4.9166666667E+00  1.76060E-02  1.43862E-01
  4.9166666667E+00  4.9208333333E+00  1.76175E-02  1.44282E-01
  4.9208333333E+00  4.9250000000E+00  1.76546E-02  1.42721E-01
  4.9250000000E+00  4.9291666667E+00  1.77196E-02  1.56531E-01
  4.9291666667E+00  4.9333333333E+00  1.77596E-02  1.62201E-01
  4.9333333333E+00  4.9375000000E+00  1.77619E-02  1.45811E-01
  4.9375000000E+00  4.9416666667E+00  1.78378E-02  1.56028E-01
  4.9416666667E+00  4.9458333333E+00  1.78609E-02  1.44001E-01
  4.9458333333E+00  4.9500000000E+00  1.79006E-02  1.61267E-01
  4.9500000000E+00  4.9541666667E+00  1.79650E-02  1.56936E-01
  4.9541666667E+00  4.9583333333E+00  1.79662E-02  1.39334E-01
  4.9583333333E+00  4.9625000000E+00  1.80185E-02  1.45568E-01
  4.9625000000E+00  4.9666666667E+00  1.80879E-02  1.59101E-01
  4.9666666667E+00  4.9708333333E+00  1.80921E-02  1.47284E-01
  4.9708333333E+00  4.9750000000E+00  1.81202E-02  1.58415E-01
  4.9750000000E+00  4.9791666667E+00  1.81242E-02  1.46891E-01
  4.9791666667E+00  4.9833333333E+00  1.81876E-02  1.56541E-01
  4.9833333333E+00  4.9875000000E+00  1.82322E-02  1.45864E-01
  4.9875000000E+00  4.9916666667E+00  1.82786E-02  1.51542E-01
  4.9916666667E+00  4.9958333333E+00  1.83252E-02  1.38238E-01
  4.9958333333E+00  5.0000000000E+00  1.83896E-02  1.45537E-01
  5.0000000000E+00  5.0041666667E+00  1.84212E-02  1.42180E-01
  5.0041666667E+00  5.0083333333E+00  1.84725E-02  1.47909E-01
  5.0083333333E+00  5.0125000000E+00  1.84962E-02  1.51596E-01
  5.0125000000E+00  5.0166666667E+00  1.85790E-02  1.47394E-01
  5.0166666667E+00  5.0208333333E+00  1.86382E-02  1.50480E-01
  5.0208333333E+00  5.0250000000E+00  1.86584E-02  1.58116E-01
  5.0250000000E+00  5.0291666667E+00  1.87288E-02  1.53713E-01
  5.0291666667E+00  5.0333333333E+00  1.87223E-02  1.31509E-01
  5.0333333333E+00  5.0375000000E+00  1.88105E-02  1.44419E-01
  5.0375000000E+00  5.0416666667E+00  1.88629E-02  1.59615E-01
  5.0416666667E+00  5.0458333333E+00  1.89126E-02  1.50325E-01
  5.0458333333E+00  5.0500000000E+00  1.89588E-02  1.45502E-01
  5.0500000000E+00  5.0541666667E+00  1.89820E-02  1.33639E-01
  5.0541666667E+00  5.0583333333E+00  1.90564E-02  1.44459E-01
  5.0583333333E+00  5.0625000000E+00  1.91234E-02  1.47186E-01
  5.0625000000E+00  5.0666666667E+00  1.91835E-02  1.55429E-01
  5.0666666667E+00  5.0708333333E+00  1.92564E-02  1.55408E-01
  5.0708333333E+00  5.0750000000E+00  1.92667E-02  1.45749E-01
  5.0750000000E+00  5.0791666667E+00  1.93036E-02  1.40326E-01
  5.0791666667E+00  5.0833333333E+00  1.93914E-02  1.44971E-01
  5.0833333333E+00  5.0875000000E+00  1.94603E-02  1.40400E-01
  5.0875000000E+00  5.0916666667E+00  1.95189E-02  1.44928E-01
  5.0916666667E+00  5.0958333333E+00  1.95930E-02  1.50189E-01
  5.0958333333E+00  5.1000000000E+00  1.96499E-02  1.41205E-01
  5.1000000000E+00  5.1041666667E+00  1.96717E-02  1.42659E-01
  5.1041666667E+00  5.1083333333E+00  1.97610E-02  1.55483E-01
  5.1083333333E+00  5.1125000000E+00  1.98139E-02  1.50521E-01
  5.1125000000E+00  5.1166666667E+00  1.98581E-02  1.38801E-01
  5.1166666667E+00  5.1208333333E+00  1.99158E-02  1.38282E-01
  5.1208333333E+00  5.1250000000E+00  1.99835E-02  1.42497E-01
  5.1250000000E+00  5.1291666667E+00  2.00488E-02  1.39896E-01
  5.1291666667E+00  5.1333333333E+00  2.01123E-02  1.40430E-01
  5.1333333333E+00  5.1375000000E+00  2.01793E-02  1.40731E-01
  5.1375000000E+00  5.1416666667E+00  2.02533E-02  1.41477E-01
  5.1416666667E+00  5.1458333333E+00  2.03162E-02  1.36206E-01
  5.1458333333E+00  5.1500000000E+00  2.03762E-02  1.39409E-01
  5.1500000000E+00  5.1541666667E+00  2.04468E-02  1.37973E-01
  5.1541666667E+00  5.1583333333E+00  2.05340E-02  1.42475E-01
  5.1583333333E+00  5.1625000000E+00  2.06036E-02  1.31651E-01
  5.1625000000E+00  5.1666666667E+00  2.06781E-02  1.35412E-01
  5.1666666667E+00  5.1708333333E+00  2.07630E-02  1.27400E-01
  5.1708333333E+00  5.1750000000E+00  2.08558E-02  1.29971E-01
  5.1750000000E+00  5.1791666667E+00  2.09006E-02  1.36652E-01
  5.1791666667E+00  5.1833333333E+00  2.10102E-02  1.40436E-01
  5.1833333333E+00  5.1875000000E+00  2.10769E-02  1.34427E-01
  5.1875000000E+00  5.1916666667E+00  2.11932E-02  1.38016E-01
  5.1916666667E+00  5.1958333333E+00  2.12312E-02  1.42635E-01
  5.1958333333E+00  5.2000000000E+00  2.13463E-02  1.38145E-01
  5.2000000000E+00  5.2041666667E+00  2.14197E-02  1.39369E-01
  5.2041666667E+00  5.2083333333E+00  2.15512E-02  1.34473E-01
  5.2083333333E+00  5.2125000000E+00  2.16421E-02  1.39075E-01
  5.2125000000E+00  5.2166666667E+00  2.17038E-02  1.35652E-01
  5.2166666667E+00  5.2208333333E+00  2.18159E-02  1.41398E-01
  5.2208333333E+00  5.2250000000E+00  2.19080E-02  1.41946E-01
  5.2250000000E+00  5.2291666667E+00  2.20125E-02  1.40120E-01
  5.2291666667E+00  5.2333333333E+00  2.21052E-02  1.26567E-01
  5.2333333333E+00  5.2375000000E+00  2.22207E-02  1.40403E-01
  5.2375000000E+00  5.2416666667E+00  2.23356E-02  1.39378E-01
  5.2416666667E+00  5.2458333333E+00  2.24245E-02  1.41587E-01
  5.2458333333E+00  5.2500000000E+00  2.25269E-02  1.36395E-01
  5.2500000000E+00  5.2541666667E+00  2.26694E-02  1.45856E-01
  5.2541666667E+00  5.2583333333E+00  2.28071E-02  1.49586E-01
  5.2583333333E+00  5.2625000000E+00  2.28717E-02  1.35537E-01
  5.2625000000E+00  5.2666666667E+00  2.30002E-02  1.54195E-01
  5.2666666667E+00  5.2708333333E+00  2.30739E-02  1.42794E-01
  5.2708333333E+00  5.2750000000E+00  2.31862E-02  1.40658E-01
  5.2750000000E+00  5.2791666667E+00  2.32734E-02  1.41914E-01
  5.2791666667E+00  5.2833333333E+00  2.33844E-02  1.36142E-01
  5.2833333333E+00  5.2875000000E+00  2.34927E-02  1.31191E-01
  5.2875000000E+00  5.2916666667E+00  2.35847E-02  1.30289E-01
  5.2916666667E+00  5.2958333333E+00  2.36582E-02  1.28551E-01
  5.2958333333E+00  5.3000000000E+00  2.37515E-02  1.40596E-01
  5.3000000000E+00  5.3041666667E+00  2.38338E-02  1.40380E-01
  5.3041666667E+00  5.3083333333E+00  2.39508E-02  1.39753E-01
  5.3083333333E+00  5.3125000000E+00  2.40242E-02  1.45727E-01
  5.3125000000E+00  5.3166666667E+00  2.40667E-02  1.39061E-01
  5.3166666667E+00  5.3208333333E+00  2.41277E-02  1.39510E-01
  5.3208333333E+00  5.3250000000E+00  2.42052E-02  1.43385E-01
  5.3250000000E+00  5.3291666667E+00  2.42037E-02  1.33413E-01
  5.3291666667E+00  5.3333333333E+00  2.42615E-02  1.45790E-01
  5.3333333333E+00  5.3375000000E+00  2.43107E-02  1.41896E-01
  5.3375000000E+00  5.3416666667E+00  2.43585E-02  1.43531E-01
  5.3416666667E+00  5.3458333333E+00  2.43682E-02  1.35025E-01
  5.3458333333E+00  5.3500000000E+00  2.43776E-02  1.39759E-01
  5.3500000000E+00  5.3541666667E+00  2.44108E-02  1.41960E-01
  5.3541666667E+00  5.3583333333E+00  2.44004E-02  1.42417E-01
  5.3583333333E+00  5.3625000000E+00  2.43897E-02  1.46678E-01
  5.3625000000E+00  5.3666666667E+00  2.43798E-02  1.44667E-01
  5.3666666667E+00  5.3708333333E+00  2.43665E-02  1.39678E-01
  5.3708333333E+00  5.3750000000E+00  2.43214E-02  1.40460E-01
  5.3750000000E+00  5.3791666667E+00  2.43163E-02  1.38820E-01
  5.3791666667E+00  5.3833333333E+00  2.43279E-02  1.47463E-01
  5.3833333333E+00  5.3875000000E+00  2.43067E-02  1.38345E-01
  5.3875000000E+00  5.3916666667E+00  2.43059E-02  1.44906E-01
  5.3916666667E+00  5.3958333333E+00  2.42509E-02  1.43047E-01
  5.3958333333E+00  5.4000000000E+00  2.42671E-02  1.45011E-01
  5.4000000000E+00  5.4041666667E+00  2.42120E-02  1.42468E-01
  5.4041666667E+00  5.4083333333E+00  2.41971E-02  1.48184E-01
  5.4083333333E+00  5.4125000000E+00  2.41921E-02  1.43522E-01
  5.4125000000E+00  5.4166666667E+00  2.41633E-02  1.37506E-01
  5.4166666667E+00  5.4208333333E+00  2.41349E-02  1.37020E-01
  5.4208333333E+00  5.4250000000E+00  2.41318E-02  1.37088E-01
  5.4250000000E+00  5.4291666667E+00  2.41175E-02  1.49101E-01
  5.4291666667E+00  5.4333333333E+00  2.41225E-02  1.42103E-01
  5.4333333333E+00  5.4375000000E+00  2.41277E-02  1.48034E-01
  5.4375000000E+00  5.4416666667E+00  2.40900E-02  1.44497E-01
  5.4416666667E+00  5.4458333333E+00  2.41359E-02  1.46071E-01
  5.4458333333E+00  5.4500000000E+00  2.41264E-02  1.36032E-01
  5.4500000000E+00  5.4541666667E+00  2.41374E-02  1.42589E-01
  5.4541666667E+00  5.4583333333E+00  2.41805E-02  1.47982E-01
  5.4583333333E+00  5.4625000000E+00  2.41227E-02  1.40191E-01
  5.4625000000E+00  5.4666666667E+00  2.41340E-02  1.43118E-01
  5.4666666667E+00  5.4708333333E+00  2.41782E-02  1.39228E-01
  5.4708333333E+00  5.4750000000E+00  2.42358E-02  1.46198E-01
  5.4750000000E+00  5.4791666667E+00  2.42437E-02  1.46268E-01
  5.4791666667E+00  5.4833333333E+00  2.42578E-02  1.47945E-01
  5.4833333333E+00  5.4875000000E+00  2.43065E-02  1.46767E-01
  5.4875000000E+00  5.4916666667E+00  2.43170E-02  1.42809E-01
  5.4916666667E+00  5.4958333333E+00  2.43559E-02  1.47744E-01
  5.4958333333E+00  5.5000000000E+00  2.43999E-02  1.48082E-01
  5.5000000000E+00  5.5041666667E+00  2.44214E-02  1.50210E-01
  5.5041666667E+00  5.5083333333E+00  2.44433E-02  1.49983E-01
  5.5083333333E+00  5.5125000000E+00  2.44737E-02  1.53179E-01
  5.5125000000E+00  5.5166666667E+00  2.45299E-02  1.61719E-01
  5.5166666667E+00  5.5208333333E+00  2.45399E-02  1.56535E-01
  5.5208333333E+00  5.5250000000E+00  2.46175E-02  1.53207E-01
  5.5250000000E+00  5.5291666667E+00  2.46018E-02  1.54616E-01
  5.5291666667E+00  5.5333333333E+00  2.46085E-02  1.54171E-01
  5.5333333333E+00  5.5375000000E+00  2.46122E-02  1.55966E-01
  5.5375000000E+00  5.5416666667E+00  2.46524E-02  1.55445E-01
  5.5416666667E+00  5.5458333333E+00  2.46852E-02  1.54591E-01
  5.5458333333E+00  5.5500000000E+00  2.46561E-02  1.47326E-01
  5.5500000000E+00  5.5541666667E+00  2.46757E-02  1.62040E-01
  5.5541666667E+00  5.5583333333E+00  2.46750E-02  1.61646E-01
  5.5583333333E+00  5.5625000000E+00  2.46851E-02  1.54725E-01
  5.5625000000E+00  5.5666666667E+00  2.46947E-02  1.63194E-01
  5.5666666667E+00  5.5708333333E+00  2.46477E-02  1.65053E-01
  5.5708333333E+00  5.5750000000E+00  2.46557E-02  1.64350E-01
  5.5750000000E+00  5.5791666667E+00  2.46261E-02  1.69712E-01
  5.5791666667E+00  5.5833333333E+00  2.46103E-02  1.56707E-01
  5.5833333333E+00  5.5875000000E+00  2.45923E-02  1.66200E-01
  5.5875000000E+00  5.5916666667E+00  2.45562E-02  1.61895E-01
  5.5916666667E+00  5.5958333333E+00  2.45652E-02  1.54314E-01
  5.5958333333E+00  5.6000000000E+00  2.45530E-02  1.56799E-01
  5.6000000000E+00  5.6041666667E+00  2.45314E-02  1.59487E-01
  5.6041666667E+00  5.6083333333E+00  2.45235E-02  1.57443E-01
  5.6083333333E+00  5.6125000000E+00  2.45310E-02  1.53173E-01
  5.6125000000E+00  5.6166666667E+00  2.45018E-02  1.67348E-01
  5.6166666667E+00  5.6208333333E+00  2.45094E-02  1.62729E-01
  5.6208333333E+00  5.6250000000E+00  2.44641E-02  1.64194E-01
  5.6250000000E+00  5.6291666667E+00  2.44858E-02  1.69553E-01
  5.6291666667E+00  5.6333333333E+00  2.44299E-02  1.67162E-01
  5.6333333333E+00  5.6375000000E+00  2.44154E-02  1.77445E-01
  5.6375000000E+00  5.6416666667E+00  2.44060E-02  1.68764E-01
  5.6416666667E+00  5.6458333333E+00  2.44029E-02  1.56773E-01
  5.6458333333E+00  5.6500000000E+00  2.43670E-02  1.56656E-01
  5.6500000000E+00  5.6541666667E+00  2.43986E-02  1.70401E-01
  5.6541666667E+00  5.6583333333E+00  2.43862E-02  1.63987E-01
  5.6583333333E+00  5.6625000000E+00  2.43958E-02  1.57445E-01
  5.6625000000E+00  5.6666666667E+00  2.43827E-02  1.53484E-01
  5.6666666667E+00  5.6708333333E+00  2.44006E-02  1.62178E-01
  5.6708333333E+00  5.6750000000E+00  2.43661E-02  1.61973E-01
  5.6750000000E+00  5.6791666667E+00  2.43782E-02  1.57527E-01
  5.6791666667E+00  5.6833333333E+00  2.43920E-02  1.61283E-01
  5.6833333333E+00  5.6875000000E+00  2.43696E-02  1.60667E-01
  5.6875000000E+00  5.6916666667E+00  2.44000E-02  1.64639E-01
  5.6916666667E+00  5.6958333333E+00  2.44469E-02  1.64685E-01
  5.6958333333E+00  5.7000000000E+00  2.44572E-02  1.57848E-01
  5.7000000000E+00  5.7041666667E+00  2.45003E-02  1.63379E-01
  5.7041666667E+00  5.7083333333E+00  2.44615E-02  1.59406E-01
  5.7083333333E+00  5.7125000000E+00  2.45477E-02  1.61126E-01
  5.7125000000E+00  5.7166666667E+00  2.45597E-02  1.55905E-01
  5.7166666667E+00  5.7208333333E+00  2.45864E-02  1.63403E-01
  5.7208333333E+00  5.7250000000E+00  2.46228E-02  1.66901E-01
  5.7250000000E+00  5.7291666667E+00  2.46831E-02  1.66337E-01
  5.7291666667E+00  5.7333333333E+00  2.47234E-02  1.58924E-01
  5.7333333333E+00  5.7375000000E+00  2.47248E-02  1.54769E-01
  5.7375000000E+00  5.7416666667E+00  2.47646E-02  1.53535E-01
  5.7416666667E+00  5.7458333333E+00  2.47641E-02  1.51658E-01
  5.7458333333E+00  5.7500000000E+00  2.47940E-02  1.54264E-01
  5.7500000000E+00  5.7541666667E+00  2.48349E-02  1.52541E-01
  5.7541666667E+00  5.7583333333E+00  2.48248E-02  1.48745E-01
  5.7583333333E+00  5.7625000000E+00  2.48511E-02  1.59026E-01
  5.7625000000E+00  5.7666666667E+00  2.48400E-02  1.56527E-01
  5.7666666667E+00  5.7708333333E+00  2.49309E-02  1.54335E-01
  5.7708333333E+00  5.7750000000E+00  2.49307E-02  1.59866E-01
  5.7750000000E+00  5.7791666667E+00  2.49366E-02  1.65253E-01
  5.7791666667E+00  5.7833333333E+00  2.49332E-02  1.58392E-01
  5.7833333333E+00  5.7875000000E+00  2.49611E-02  1.71490E-01
  5.7875000000E+00  5.7916666667E+00  2.49466E-02  1.63238E-01
  5.7916666667E+00  5.7958333333E+00  2.49390E-02  1.68303E-01
  5.7958333333E+00  5.8000000000E+00  2.49427E-02  1.62131E-01
  5.8000000000E+00  5.8041666667E+00  2.49267E-02  1.59673E-01
  5.8041666667E+00  5.8083333333E+00  2.49032E-02  1.69637E-01
  5.8083333333E+00  5.8125000000E+00  2.48930E-02  1.57083E-01
  5.8125000000E+00  5.8166666667E+00  2.48766E-02  1.60857E-01
  5.8166666667E+00  5.8208333333E+00  2.48692E-02  1.65949E-01
  5.8208333333E+00  5.8250000000E+00  2.48600E-02  1.63867E-01
  5.8250000000E+00  5.8291666667E+00  2.47985E-02  1.61368E-01
  5.8291666667E+00  5.8333333333E+00  2.47550E-02  1.55149E-01
  5.8333333333E+00  5.8375000000E+00  2.47309E-02  1.57071E-01
  5.8375000000E+00  5.8416666667E+00  2.47176E-02  1.56695E-01
  5.8416666667E+00  5.8458333333E+00  2.46861E-02  1.61619E-01
  5.8458333333E+00  5.8500000000E+00  2.46486E-02  1.54914E-01
  5.8500000000E+00  5.8541666667E+00  2.46149E-02  1.53284E-01
  5.8541666667E+00  5.8583333333E+00  2.46060E-02  1.56456E-01
  5.8583333333E+00  5.8625000000E+00  2.45709E-02  1.58538E-01
  5.8625000000E+00  5.8666666667E+00  2.45520E-02  1.69150E-01
  5.8666666667E+00  5.8708333333E+00  2.45214E-02  1.68840E-01
  5.8708333333E+00  5.8750000000E+00  2.44827E-02  1.68204E-01
  5.8750000000E+00  5.8791666667E+00  2.44793E-02  1.66701E-01
  5.8791666667E+00  5.8833333333E+00  2.44416E-02  1.61384E-01
  5.8833333333E+00  5.8875000000E+00  2.44245E-02  1.63529E-01
  5.8875000000E+00  5.8916666667E+00  2.43948E-02  1.70347E-01
  5.8916666667E+00  5.8958333333E+00  2.44195E-02  1.64468E-01
  5.8958333333E+00  5.9000000000E+00  2.44185E-02  1.70086E-01
  5.9000000000E+00  5.9041666667E+00  2.44252E-02  1.68368E-01
  5.9041666667E+00  5.9083333333E+00  2.44421E-02  1.68568E-01
  5.9083333333E+00  5.9125000000E+00  2.45043E-02  1.72279E-01
  5.9125000000E+00  5.9166666667E+00  2.45139E-02  1.76873E-01
  5.9166666667E+00  5.9208333333E+00  2.45257E-02  1.74421E-01
  5.9208333333E+00  5.9250000000E+00  2.46257E-02  1.82969E-01
  5.9250000000E+00  5.9291666667E+00  2.47015E-02  1.70180E-01
  5.9291666667E+00  5.9333333333E+00  2.47596E-02  1.67030E-01
  5.9333333333E+00  5.9375000000E+00  2.48001E-02  1.72234E-01
  5.9375000000E+00  5.9416666667E+00  2.48429E-02  1.65148E-01
  5.9416666667E+00  5.9458333333E+00  2.48858E-02  1.60781E-01
  5.9458333333E+00  5.9500000000E+00  2.49776E-02  1.75148E-01
  5.9500000000E+00  5.9541666667E+00  2.50721E-02  1.71798E-01
  5.9541666667E+00  5.9583333333E+00  2.51224E-02  1.82738E-01
  5.9583333333E+00  5.9625000000E+00  2.52084E-02  1.86661E-01
  5.9625000000E+00  5.9666666667E+00  2.52812E-02  1.92527E-01
  5.9666666667E+00  5.9708333333E+00  2.53367E-02  1.92840E-01
  5.9708333333E+00  5.9750000000E+00  2.53454E-02  1.90364E-01
  5.9750000000E+00  5.9791666667E+00  2.53311E-02  1.89339E-01
  5.9791666667E+00  5.9833333333E+00  2.54025E-02  1.91071E-01
  5.9833333333E+00  5.9875000000E+00  2.54222E-02  1.87287E-01
  5.9875000000E+00  5.9916666667E+00  2.54016E-02  1.83336E-01
  5.9916666667E+00  5.9958333333E+00  2.53821E-02  1.92960E-01
  5.9958333333E+00  6.0000000000E+00  2.52792E-02  1.91628E-01
  6.0000000000E+00  6.0041666667E+00  2.52024E-02  1.96422E-01
  6.0041666667E+00  6.0083333333E+00  2.51563E-02  1.98024E-01
  6.0083333333E+00  6.0125000000E+00  2.50155E-02  1.94601E-01
  6.0125000000E+00  6.0166666667E+00  2.48104E-02  1.91423E-01
  6.0166666667E+00  6.0208333333E+00  2.46258E-02  1.89875E-01
  6.0208333333E+00  6.0250000000E+00  2.43355E-02  2.03710E-01
  6.0250000000E+00  6.0291666667E+00  2.40340E-02  2.12521E-01
  6.0291666667E+00  6.0333333333E+00  2.36954E-02  2.12216E-01
  6.0333333333E+00  6.0375000000E+00  2.33928E-02  2.11794E-01
  6.0375000000E+00  6.0416666667E+00  2.29806E-02  2.23400E-01
  6.0416666667E+00  6.0458333333E+00  2.26209E-02  2.18904E-01
  6.0458333333E+00  6.0500000000E+00  2.21603E-02  2.27040E-01
  6.0500000000E+00  6.0541666667E+00  2.17174E-02  2.44219E-01
  6.0541666667E+00  6.0583333333E+00  2.12175E-02  2.38624E-01
  6.0583333333E+00  6.0625000000E+00  2.06191E-02  2.35315E-01
  6.0625000000E+00  6.0666666667E+00  2.00441E-02  2.47358E-01
  6.0666666667E+00  6.0708333333E+00  1.94586E-02  2.50970E-01
  6.0708333333E+00  6.0750000000E+00  1.87941E-02  2.54089E-01
  6.0750000000E+00  6.0791666667E+00  1.80820E-02  2.53895E-01
  6.0791666667E+00  6.0833333333E+00  1.73713E-02  2.65025E-01
  6.0833333333E+00  6.0875000000E+00  1.66349E-02  2.84729E-01
  6.0875000000E+00  6.0916666667E+00  1.58503E-02  2.86794E-01
  6.0916666667E+00  6.0958333333E+00  1.50413E-02  2.96975E-01
  6.0958333333E+00  6.1000000000E+00  1.42428E-02  3.08629E-01
  6.1000000000E+00  6.1041666667E+00  1.34212E-02  3.17438E-01
  6.1041666667E+00  6.1083333333E+00  1.26278E-02  3.27981E-01
  6.1083333333E+00  6.1125000000E+00  1.18261E-02  3.24140E-01
  6.1125000000E+00  6.1166666667E+00  1.10827E-02  3.55308E-01
  6.1166666667E+00  6.1208333333E+00  1.02871E-02  3.80450E-01
  6.1208333333E+00  6.1250000000E+00  9.50916E-03  3.94171E-01
  6.1250000000E+00  6.1291666667E+00  8.75276E-03  4.35634E-01
  6.1291666667E+00  6.1333333333E+00  8.04421E-03  4.44370E-01
  6.1333333333E+00  6.1375000000E+00  7.33649E-03  4.80445E-01
  6.1375000000E+00  6.1416666667E+00  6.67615E-03  5.06769E-01
  6.1416666667E+00  6.1458333333E+00  6.04924E-03  5.38868E-01
  6.1458333333E+00  6.1500000000E+00  5.42488E-03  5.77250E-01
  6.1500000000E+00  6.1541666667E+00  4.83247E-03  5.67137E-01
  6.1541666667E+00  6.1583333333E+00  4.30156E-03  6.16703E-01
  6.1583333333E+00  6.1625000000E+00  3.81018E-03  6.44111E-01
  6.1625000000E+00  6.1666666667E+00  3.32332E-03  6.82012E-01
  6.1666666667E+00  6.1708333333E+00  2.92315E-03  7.72347E-01
  6.1708333333E+00  6.1750000000E+00  2.55799E-03  8.03045E-01
  6.1750000000E+00  6.1791666667E+00  2.20246E-03  8.39804E-01
  6.1791666667E+00  6.1833333333E+00  1.89958E-03  9.53156E-01
  6.1833333333E+00  6.1875000000E+00  1.60240E-03  1.04964E+00
  6.1875000000E+00  6.1916666667E+00  1.34662E-03  1.14050E+00
  6.1916666667E+00  6.1958333333E+00  1.14801E-03  1.21464E+00
  6.1958333333E+00  6.2000000000E+00  9.71344E-04  1.39881E+00
  6.2000000000E+00  6.2041666667E+00  8.28149E-04  1.52993E+00
  6.2041666667E+00  6.2083333333E+00  6.87445E-04  1.73721E+00
  6.2083333333E+00  6.2125000000E+00  5.58137E-04  1.87942E+00
  6.2125000000E+00  6.2166666667E+00  4.55070E-04  2.06530E+00
  6.2166666667E+00  6.2208333333E+00  3.63099E-04  2.22031E+00
  6.2208333333E+00  6.2250000000E+00  2.97944E-04  2.58139E+00
  6.2250000000E+00  6.2291666667E+00  2.34103E-04  3.04818E+00
  6.2291666667E+00  6.2333333333E+00  1.86083E-04  3.17774E+00
  6.2333333333E+00  6.2375000000E+00  1.46102E-04  3.57488E+00
  6.2375000000E+00  6.2416666667E+00  1.15275E-04  4.29944E+00
  6.2416666667E+00  6.2458333333E+00  9.14546E-05  4.73474E+00
  6.2458333333E+00  6.2500000000E+00  7.42635E-05  5.31954E+00
  6.2500000000E+00  6.2541666667E+00  5.75676E-05  5.98580E+00
  6.2541666667E+00  6.2583333333E+00  4.42502E-05  6.73590E+00
  6.2583333333E+00  6.2625000000E+00  3.30857E-05  7.85531E+00
  6.2625000000E+00  6.2666666667E+00  2.55860E-05  1.22443E+01
  6.2666666667E+00  6.2708333333E+00  1.67353E-05  1.13838E+01
  6.2708333333E+00  6.2750000000E+00  8.83605E-06  1.43228E+01
  6.2750000000E+00  6.2791666667E+00  7.97543E-06  1.65109E+01
  6.2791666667E+00  6.2833333333E+00  6.47948E-06  1.73715E+01
  6.2833333333E+00  6.2875000000E+00  3.97463E-06  2.24307E+01
  6.2875000000E+00  6.2916666667E+00  2.86524E-06  2.63725E+01
  6.2916666667E+00  6.2958333333E+00  1.71564E-06  3.53104E+01
  6.2958333333E+00  6.3000000000E+00  9.55611E-07  4.06557E+01
  6.3000000000E+00  6.3041666667E+00  8.22952E-07  5.20199E+01
  6.3041666667E+00  6.3083333333E+00  1.16117E-06  6.04569E+01
  6.3083333333E+00  6.3125000000E+00  2.12920E-07  5.93383E+01
  6.3125000000E+00  6.3166666667E+00  1.47512E-07  7.31710E+01
  6.3166666667E+00  6.3208333333E+00  1.70321E-07  7.42210E+01
  6.3208333333E+00  6.3250000000E+00  2.15300E-07  6.59549E+01
  6.3250000000E+00  6.3291666667E+00  1.99807E-07  7.62689E+01
  6.3291666667E+00  6.3333333333E+00  2.44250E-07  7.55477E+01
  6.3333333333E+00  6.3375000000E+00  3.75705E-07  7.79304E+01
  6.3375000000E+00  6.3416666667E+00  1.64082E-07  7.20132E+01
  6.3416666667E+00  6.3458333333E+00  4.47331E-07  8.64728E+01
  6.3458333333E+00  6.3500000000E+00  1.68940E-07  7.23406E+01
  6.3500000000E+00  6.3541666667E+00  2.47710E-07  7.69339E+01
  6.3541666667E+00  6.3583333333E+00  3.49673E-07  8.19366E+01
  6.3583333333E+00  6.3625000000E+00  2.43677E-07  7.62922E+01
  6.3625000000E+00  6.3666666667E+00  7.46415E-08  9.99892E+01
  6.3666666667E+00  6.3708333333E+00  7.54050E-08  1.00000E+02
  6.3708333333E+00  6.3750000000E+00  7.87743E-08  1.00000E+02
  6.3750000000E+00  6.3791666667E+00  8.58904E-08  9.99997E+01
  6.3791666667E+00  6.3833333333E+00  1.54293E-07  6.46547E+01
  6.3833333333E+00  6.3875000000E+00  3.61107E-07  7.91485E+01
  6.3875000000E+00  6.3916666667E+00  9.26427E-08  1.00000E+02
  6.3916666667E+00  6.3958333333E+00  9.97684E-08  9.90371E+01
  6.3958333333E+00  6.4000000000E+00  1.12418E-07  1.00000E+02
  6.4000000000E+00  6.4041666667E+00  1.25241E-07  1.00000E+02
  6.4041666667E+00  6.4083333333E+00  1.25626E-07  9.99998E+01
  6.4083333333E+00  6.4125000000E+00  1.50349E-07  1.00000E+02
  6.4125000000E+00  6.4166666667E+00  1.82342E-07  9.99956E+01
  6.4166666667E+00  6.4208333333E+00  7.24027E-07  7.43845E+01
  6.4208333333E+00  6.4250000000E+00  2.57928E-07  1.00000E+02
  6.4250000000E+00  6.4291666667E+00  1.96034E-14  1.00000E+02
  6.4291666667E+00  6.4333333333E+00  2.26922E-15  1.00000E+02
  6.4333333333E+00  6.4375000000E+00  1.26626E-09  9.99994E+01
  6.4375000000E+00  6.4416666667E+00  1.61235E-10  9.99971E+01
  6.4416666667E+00  6.4458333333E+00  1.23382E-10  1.00000E+02
  6.4458333333E+00  6.4500000000E+00  0.00000E+00  0.00000E+00
  6.4500000000E+00  6.4541666667E+00  0.00000E+00  0.00000E+00
  6.4541666667E+00  6.4583333333E+00  7.14371E-09  9.99999E+01
  6.4583333333E+00  6.4625000000E+00  7.46139E-08  1.00000E+02
  6.4625000000E+00  6.4666666667E+00  5.55888E-08  9.91394E+01
  6.4666666667E+00  6.4708333333E+00  6.26173E-08  1.00000E+02
  6.4708333333E+00  6.4750000000E+00  3.57045E-06  8.90354E+01
  6.4750000000E+00  6.4791666667E+00  0.00000E+00  0.00000E+00
  6.4791666667E+00  6.4833333333E+00  0.00000E+00  0.00000E+00
  6.4833333333E+00  6.4875000000E+00  0.00000E+00  0.00000E+00
  6.4875000000E+00  6.4916666667E+00  4.72426E-07  1.00000E+02
  6.4916666667E+00  6.4958333333E+00  0.00000E+00  0.00000E+00
  6.4958333333E+00  6.5000000000E+00  0.00000E+00  0.00000E+00
  6.5000000000E+00  6.5041666667E+00  1.88639E-09  9.99998E+01
  6.5041666667E+00  6.5083333333E+00  1.22514E-15  1.00000E+02
  6.5083333333E+00  6.5125000000E+00  5.36788E-07  1.00000E+02
  6.5125000000E+00  6.5166666667E+00  9.23367E-08  1.00000E+02
  6.5166666667E+00  6.5208333333E+00  6.11672E-12  9.94637E+01
  6.5208333333E+00  6.5250000000E+00  5.52420E-08  1.00000E+02
  6.5250000000E+00  6.5291666667E+00  1.50771E-07  7.18587E+01
  6.5291666667E+00  6.5333333333E+00  6.45678E-08  9.57303E+01
  6.5333333333E+00  6.5375000000E+00  6.80439E-08  1.00000E+02
  6.5375000000E+00  6.5416666667E+00  6.97850E-08  1.00000E+02
  6.5416666667E+00  6.5458333333E+00  1.52140E-07  6.78923E+01
  6.5458333333E+00  6.5500000000E+00  7.57480E-08  9.99998E+01
  6.5500000000E+00  6.5541666667E+00  7.74062E-08  9.92679E+01
  6.5541666667E+00  6.5583333333E+00  2.23509E-06  9.57441E+01
  6.5583333333E+00  6.5625000000E+00  1.41266E-07  7.20487E+01
  6.5625000000E+00  6.5666666667E+00  3.32166E-07  6.34356E+01
  6.5666666667E+00  6.5708333333E+00  2.70122E-07  7.32035E+01
  6.5708333333E+00  6.5750000000E+00  2.85384E-07  7.26846E+01
  6.5750000000E+00  6.5791666667E+00  3.31657E-07  7.49532E+01
  6.5791666667E+00  6.5833333333E+00  3.96436E-07  7.44364E+01
  6.5833333333E+00  6.5875000000E+00  5.88293E-07  7.85444E+01
  6.5875000000E+00  6.5916666667E+00  7.48302E-07  5.77767E+01
  6.5916666667E+00  6.5958333333E+00  4.84289E-07  7.07872E+01
  6.5958333333E+00  6.6000000000E+00  1.24652E-09  1.00000E+02
  6.6000000000E+00  6.6041666667E+00  1.76774E-15  1.00000E+02
  6.6041666667E+00  6.6083333333E+00  2.47105E-08  1.00000E+02
  6.6083333333E+00  6.6125000000E+00  0.00000E+00  0.00000E+00
  6.6125000000E+00  6.6166666667E+00  1.85481E-12  1.00000E+02
  6.6166666667E+00  6.6208333333E+00  0.00000E+00  0.00000E+00
  6.6208333333E+00  6.6250000000E+00  1.92503E-12  9.66807E+01
  6.6250000000E+00  6.6291666667E+00  2.73655E-15  1.00000E+02
  6.6291666667E+00  6.6333333333E+00  0.00000E+00  0.00000E+00
  6.6333333333E+00  6.6375000000E+00  9.48660E-13  1.00000E+02
  6.6375000000E+00  6.6416666667E+00  5.79430E-09  9.99999E+01
  6.6416666667E+00  6.6458333333E+00  0.00000E+00  0.00000E+00
  6.6458333333E+00  6.6500000000E+00  2.26922E-15  1.00000E+02
  6.6500000000E+00  6.6541666667E+00  0.00000E+00  0.00000E+00
  6.6541666667E+00  6.6583333333E+00  2.90117E-07  1.00000E+02
  6.6583333333E+00  6.6625000000E+00  2.24083E-07  1.00000E+02
  6.6625000000E+00  6.6666666667E+00  9.39493E-09  1.00000E+02
  6.6666666667E+00  6.6708333333E+00  0.00000E+00  0.00000E+00
  6.6708333333E+00  6.6750000000E+00  2.20235E-07  7.39180E+01
  6.6750000000E+00  6.6791666667E+00  3.08972E-07  1.00000E+02
  6.6791666667E+00  6.6833333333E+00  0.00000E+00  0.00000E+00
  6.6833333333E+00  6.6875000000E+00  4.20986E-07  9.51760E+01
  6.6875000000E+00  6.6916666667E+00  2.16526E-06  9.66959E+01
  6.6916666667E+00  6.6958333333E+00  0.00000E+00  0.00000E+00
  6.6958333333E+00  6.7000000000E+00  5.31844E-09  1.00000E+02
  6.7000000000E+00  6.7041666667E+00  1.78708E-12  9.97390E+01
  6.7041666667E+00  6.7083333333E+00  1.61518E-08  9.99992E+01
  6.7083333333E+00  6.7125000000E+00  0.00000E+00  0.00000E+00
  6.7125000000E+00  6.7166666667E+00  1.23829E-14  1.00000E+02
  6.7166666667E+00  6.7208333333E+00  0.00000E+00  0.00000E+00
  6.7208333333E+00  6.7250000000E+00  2.26922E-15  1.00000E+02
  6.7250000000E+00  6.7291666667E+00  4.67020E-15  1.00000E+02
  6.7291666667E+00  6.7333333333E+00  0.00000E+00  0.00000E+00
  6.7333333333E+00  6.7375000000E+00  0.00000E+00  0.00000E+00
  6.7375000000E+00  6.7416666667E+00  0.00000E+00  0.00000E+00
  6.7416666667E+00  6.7458333333E+00  4.16883E-08  1.00000E+02
  6.7458333333E+00  6.7500000000E+00  2.49888E-07  7.52963E+01
  6.7500000000E+00  6.7541666667E+00  1.12491E-08  1.00000E+02
  6.7541666667E+00  6.7583333333E+00  0.00000E+00  0.00000E+00
  6.7583333333E+00  6.7625000000E+00  4.24840E-08  1.00000E+02
  6.7625000000E+00  6.7666666667E+00  0.00000E+00  0.00000E+00
  6.7666666667E+00  6.7708333333E+00  0.00000E+00  0.00000E+00
  6.7708333333E+00  6.7750000000E+00  4.86937E-15  1.00000E+02
  6.7750000000E+00  6.7791666667E+00  0.00000E+00  0.00000E+00
  6.7791666667E+00  6.7833333333E+00  3.27239E-14  1.00000E+02
  6.7833333333E+00  6.7875000000E+00  3.32410E-15  1.00000E+02
  6.7875000000E+00  6.7916666667E+00  0.00000E+00  0.00000E+00
  6.7916666667E+00  6.7958333333E+00  0.00000E+00  0.00000E+00
  6.7958333333E+00  6.8000000000E+00  0.00000E+00  0.00000E+00
  6.8000000000E+00  6.8041666667E+00  0.00000E+00  0.00000E+00
  6.8041666667E+00  6.8083333333E+00  1.57459E-07  1.00000E+02
  6.8083333333E+00  6.8125000000E+00  0.00000E+00  0.00000E+00
  6.8125000000E+00  6.8166666667E+00  0.00000E+00  0.00000E+00
  6.8166666667E+00  6.8208333333E+00  0.00000E+00  0.00000E+00
  6.8208333333E+00  6.8250000000E+00  0.00000E+00  0.00000E+00
  6.8250000000E+00  6.8291666667E+00  1.66993E-15  7.07107E+01
  6.8291666667E+00  6.8333333333E+00  1.17275E-06  1.00000E+02
  6.8333333333E+00  6.8375000000E+00  8.34965E-16  1.00000E+02
  6.8375000000E+00  6.8416666667E+00  6.64820E-15  7.07107E+01
  6.8416666667E+00  6.8458333333E+00  0.00000E+00  0.00000E+00
  6.8458333333E+00  6.8500000000E+00  6.69373E-15  1.00000E+02
  6.8500000000E+00  6.8541666667E+00  2.78042E-07  1.00000E+02
  6.8541666667E+00  6.8583333333E+00  2.07283E-08  9.99940E+01
  6.8583333333E+00  6.8625000000E+00  6.95935E-08  9.90414E+01
  6.8625000000E+00  6.8666666667E+00  1.17411E-07  7.17737E+01
  6.8666666667E+00  6.8708333333E+00  6.95534E-08  1.00000E+02
  6.8708333333E+00  6.8750000000E+00  3.76006E-07  8.30969E+01
  6.8750000000E+00  6.8791666667E+00  2.81326E-06  9.10863E+01
  6.8791666667E+00  6.8833333333E+00  7.34298E-08  1.00000E+02
  6.8833333333E+00  6.8875000000E+00  7.40042E-08  1.00000E+02
  6.8875000000E+00  6.8916666667E+00  8.10514E-08  1.00000E+02
  6.8916666667E+00  6.8958333333E+00  8.55333E-08  9.85625E+01
  6.8958333333E+00  6.9000000000E+00  8.98820E-08  1.00000E+02
  6.9000000000E+00  6.9041666667E+00  9.16594E-08  1.00000E+02
  6.9041666667E+00  6.9083333333E+00  9.89509E-08  1.00000E+02
  6.9083333333E+00  6.9125000000E+00  1.08716E-07  1.00000E+02
  6.9125000000E+00  6.9166666667E+00  1.28064E-07  1.00000E+02
  6.9166666667E+00  6.9208333333E+00  1.42156E-07  1.00000E+02
  6.9208333333E+00  6.9250000000E+00  1.84751E-07  1.00000E+02
  6.9250000000E+00  6.9291666667E+00  8.21922E-07  7.17085E+01
  6.9291666667E+00  6.9333333333E+00  3.48188E-09  1.00000E+02
  6.9333333333E+00  6.9375000000E+00  1.24309E-08  1.00000E+02
  6.9375000000E+00  6.9416666667E+00  4.86389E-08  1.00000E+02
  6.9416666667E+00  6.9458333333E+00  4.86389E-08  1.00000E+02
  6.9458333333E+00  6.9500000000E+00  4.86389E-08  1.00000E+02
  6.9500000000E+00  6.9541666667E+00  4.93993E-08  9.84727E+01
  6.9541666667E+00  6.9583333333E+00  8.30618E-08  7.17561E+01
  6.9583333333E+00  6.9625000000E+00  1.70481E-07  7.60038E+01
  6.9625000000E+00  6.9666666667E+00  5.16470E-08  1.00000E+02
  6.9666666667E+00  6.9708333333E+00  5.16470E-08  1.00000E+02
  6.9708333333E+00  6.9750000000E+00  3.57058E-07  8.67498E+01
  6.9750000000E+00  6.9791666667E+00  1.02131E-07  7.13020E+01
  6.9791666667E+00  6.9833333333E+00  5.99428E-08  1.00000E+02
  6.9833333333E+00  6.9875000000E+00  5.99428E-08  1.00000E+02
  6.9875000000E+00  6.9916666667E+00  6.05423E-08  1.00000E+02
  6.9916666667E+00  6.9958333333E+00  6.43652E-08  1.00000E+02
  6.9958333333E+00  7.0000000000E+00  6.43652E-08  1.00000E+02
  7.0000000000E+00  7.0000000000E+00  6.43652E-08  1.00000E+02