# Detector n: 1D Projection
  1.0000000000E+00  1.0041666667E+00  3.93775E-02  2.86592E-01
  1.0041666667E+00  1.0083333333E+00  3.98700E-02  4.44115E-01
  1.0083333333E+00  1.0125000000E+00  3.96635E-02  3.53523E-01
  1.0125000000E+00  1.0166666667E+00  3.95629E-02  3.21052E-01
  1.0166666667E+00  1.0208333333E+00  3.96006E-02  3.12221E-01
  1.0208333333E+00  1.0250000000E+00  3.98508E-02  3.93100E-01
  1.0250000000E+00  1.0291666667E+00  4.00172E-02  4.06479E-01
  1.0291666667E+00  1.0333333333E+00  3.96904E-02  3.33705E-01
  1.0333333333E+00  1.0375000000E+00  3.96956E-02  3.40937E-01
  1.0375000000E+00  1.0416666667E+00  3.97386E-02  3.75037E-01
  1.0416666667E+00  1.0458333333E+00  3.97411E-02  3.48861E-01
  1.0458333333E+00  1.0500000000E+00  3.98859E-02  3.73243E-01
  1.0500000000E+00  1.0541666667E+00  3.98465E-02  3.63023E-01
  1.0541666667E+00  1.0583333333E+00  3.96342E-02  2.86779E-01
  1.0583333333E+00  1.0625000000E+00  3.98024E-02  3.37360E-01
  1.0625000000E+00  1.0666666667E+00  3.97873E-02  3.22658E-01
  1.0666666667E+00  1.0708333333E+00  3.99092E-02  3.69721E-01
  1.0708333333E+00  1.0750000000E+00  3.98939E-02  3.51265E-01
  1.0750000000E+00  1.0791666667E+00  3.98257E-02  2.97812E-01
  1.0791666667E+00  1.0833333333E+00  3.98195E-02  2.73241E-01
  1.0833333333E+00  1.0875000000E+00  4.01265E-02  3.37603E-01
  1.0875000000E+00  1.0916666667E+00  4.03397E-02  3.86520E-01
  1.0916666667E+00  1.0958333333E+00  4.00968E-02  3.07556E-01
  1.0958333333E+00  1.1000000000E+00  4.01326E-02  3.29538E-01
  1.1000000000E+00  1.1041666667E+00  4.03874E-02  3.53320E-01
  1.1041666667E+00  1.1083333333E+00  3.99153E-02  2.42769E-01
  1.1083333333E+00  1.1125000000E+00  4.02136E-02  3.41536E-01
  1.1125000000E+00  1.1166666667E+00  4.04894E-02  3.93327E-01
  1.1166666667E+00  1.1208333333E+00  4.02283E-02  3.00287E-01
  1.1208333333E+00  1.1250000000E+00  4.01153E-02  2.76815E-01
  1.1250000000E+00  1.1291666667E+00  4.02516E-02  3.26493E-01
  1.1291666667E+00  1.1333333333E+00  4.01752E-02  3.00923E-01
  1.1333333333E+00  1.1375000000E+00  4.01749E-02  2.78441E-01
  1.1375000000E+00  1.1416666667E+00  4.03420E-02  3.31117E-01
  1.1416666667E+00  1.1458333333E+00  4.01454E-02  2.69035E-01
  1.1458333333E+00  1.1500000000E+00  4.00962E-02  2.78696E-01
  1.1500000000E+00  1.1541666667E+00  4.03574E-02  3.19410E-01
  1.1541666667E+00  1.1583333333E+00  4.02454E-02  3.12083E-01
  1.1583333333E+00  1.1625000000E+00  4.03011E-02  3.54646E-01
  1.1625000000E+00  1.1666666667E+00  4.02147E-02  3.02356E-01
  1.1666666667E+00  1.1708333333E+00  4.03828E-02  3.54313E-01
  1.1708333333E+00  1.1750000000E+00  4.05111E-02  3.88829E-01
  1.1750000000E+00  1.1791666667E+00  4.06112E-02  3.57490E-01
  1.1791666667E+00  1.1833333333E+00  4.03784E-02  3.18717E-01
  1.1833333333E+00  1.1875000000E+00  4.06081E-02  4.06586E-01
  1.1875000000E+00  1.1916666667E+00  4.04773E-02  3.52242E-01
  1.1916666667E+00  1.1958333333E+00  4.02460E-02  2.89461E-01
  1.1958333333E+00  1.2000000000E+00  4.04960E-02  3.80350E-01
  1.2000000000E+00  1.2041666667E+00  4.04804E-02  3.27282E-01
  1.2041666667E+00  1.2083333333E+00  4.04706E-02  3.26686E-01
  1.2083333333E+00  1.2125000000E+00  4.08281E-02  4.71513E-01
  1.2125000000E+00  1.2166666667E+00  4.04569E-02  3.86441E-01
  1.2166666667E+00  1.2208333333E+00  4.02660E-02  2.45952E-01
  1.2208333333E+00  1.2250000000E+00  4.05519E-02  3.41330E-01
  1.2250000000E+00  1.2291666667E+00  4.06902E-02  3.40388E-01
  1.2291666667E+00  1.2333333333E+00  4.05723E-02  3.12977E-01
  1.2333333333E+00  1.2375000000E+00  4.06242E-02  3.48046E-01
  1.2375000000E+00  1.2416666667E+00  4.06493E-02  3.11673E-01
  1.2416666667E+00  1.2458333333E+00  4.07179E-02  3.35783E-01
  1.2458333333E+00  1.2500000000E+00  4.08064E-02  3.25518E-01
  1.2500000000E+00  1.2541666667E+00  4.09648E-02  3.24582E-01
  1.2541666667E+00  1.2583333333E+00  4.09633E-02  3.25461E-01
  1.2583333333E+00  1.2625000000E+00  4.09965E-02  3.37620E-01
  1.2625000000E+00  1.2666666667E+00  4.12066E-02  3.76518E-01
  1.2666666667E+00  1.2708333333E+00  4.12984E-02  3.49676E-01
  1.2708333333E+00  1.2750000000E+00  4.12439E-02  3.21871E-01
  1.2750000000E+00  1.2791666667E+00  4.11523E-02  3.38093E-01
  1.2791666667E+00  1.2833333333E+00  4.10875E-02  3.05815E-01
  1.2833333333E+00  1.2875000000E+00  4.09470E-02  3.16389E-01
  1.2875000000E+00  1.2916666667E+00  4.12146E-02  3.56066E-01
  1.2916666667E+00  1.2958333333E+00  4.10784E-02  3.25451E-01
  1.2958333333E+00  1.3000000000E+00  4.10090E-02  2.92342E-01
  1.3000000000E+00  1.3041666667E+00  4.10351E-02  3.34193E-01
  1.3041666667E+00  1.3083333333E+00  4.09285E-02  2.92744E-01
  1.3083333333E+00  1.3125000000E+00  4.10486E-02  3.00868E-01
  1.3125000000E+00  1.3166666667E+00  4.11660E-02  3.37662E-01
  1.3166666667E+00  1.3208333333E+00  4.10309E-02  3.22759E-01
  1.3208333333E+00  1.3250000000E+00  4.09050E-02  2.55331E-01
  1.3250000000E+00  1.3291666667E+00  4.11113E-02  3.03506E-01
  1.3291666667E+00  1.3333333333E+00  4.11972E-02  2.93323E-01
  1.3333333333E+00  1.3375000000E+00  4.11160E-02  3.14610E-01
  1.3375000000E+00  1.3416666667E+00  4.13181E-02  3.68417E-01
  1.3416666667E+00  1.3458333333E+00  4.13956E-02  3.67638E-01
  1.3458333333E+00  1.3500000000E+00  4.14761E-02  3.65083E-01
  1.3500000000E+00  1.3541666667E+00  4.11221E-02  2.92496E-01
  1.3541666667E+00  1.3583333333E+00  4.11882E-02  2.94251E-01
  1.3583333333E+00  1.3625000000E+00  4.10720E-02  2.84658E-01
  1.3625000000E+00  1.3666666667E+00  4.13257E-02  3.44083E-01
  1.3666666667E+00  1.3708333333E+00  4.15004E-02  3.49658E-01
  1.3708333333E+00  1.3750000000E+00  4.14660E-02  3.31255E-01
  1.3750000000E+00  1.3791666667E+00  4.15179E-02  3.62648E-01
  1.3791666667E+00  1.3833333333E+00  4.15050E-02  3.48056E-01
  1.3833333333E+00  1.3875000000E+00  4.16526E-02  4.57731E-01
  1.3875000000E+00  1.3916666667E+00  4.12804E-02  3.45039E-01
  1.3916666667E+00  1.3958333333E+00  4.12343E-02  3.14865E-01
  1.3958333333E+00  1.4000000000E+00  4.10693E-02  2.72318E-01
  1.4000000000E+00  1.4041666667E+00  4.11459E-02  2.97764E-01
  1.4041666667E+00  1.4083333333E+00  4.11416E-02  2.90001E-01
  1.4083333333E+00  1.4125000000E+00  4.13049E-02  2.87011E-01
  1.4125000000E+00  1.4166666667E+00  4.13155E-02  3.22807E-01
  1.4166666667E+00  1.4208333333E+00  4.14473E-02  3.53410E-01
  1.4208333333E+00  1.4250000000E+00  4.11437E-02  3.03715E-01
  1.4250000000E+00  1.4291666667E+00  4.13028E-02  3.03497E-01
  1.4291666667E+00  1.4333333333E+00  4.14253E-02  3.31097E-01
  1.4333333333E+00  1.4375000000E+00  4.13197E-02  3.12300E-01
  1.4375000000E+00  1.4416666667E+00  4.14770E-02  3.62749E-01
  1.4416666667E+00  1.4458333333E+00  4.12004E-02  2.77476E-01
  1.4458333333E+00  1.4500000000E+00  4.14078E-02  3.04891E-01
  1.4500000000E+00  1.4541666667E+00  4.13463E-02  2.94802E-01
  1.4541666667E+00  1.4583333333E+00  4.12985E-02  3.03049E-01
  1.4583333333E+00  1.4625000000E+00  4.15549E-02  3.81780E-01
  1.4625000000E+00  1.4666666667E+00  4.15873E-02  3.54641E-01
  1.4666666667E+00  1.4708333333E+00  4.15110E-02  3.51355E-01
  1.4708333333E+00  1.4750000000E+00  4.15352E-02  3.30660E-01
  1.4750000000E+00  1.4791666667E+00  4.15778E-02  3.28678E-01
  1.4791666667E+00  1.4833333333E+00  4.14187E-02  3.09968E-01
  1.4833333333E+00  1.4875000000E+00  4.15393E-02  3.27560E-01
  1.4875000000E+00  1.4916666667E+00  4.14685E-02  2.85624E-01
  1.4916666667E+00  1.4958333333E+00  4.14414E-02  3.16348E-01
  1.4958333333E+00  1.5000000000E+00  4.16558E-02  3.07852E-01
  1.5000000000E+00  1.5041666667E+00  4.18378E-02  3.49185E-01
  1.5041666667E+00  1.5083333333E+00  4.17114E-02  3.04113E-01
  1.5083333333E+00  1.5125000000E+00  4.17747E-02  3.57646E-01
  1.5125000000E+00  1.5166666667E+00  4.15806E-02  3.32439E-01
  1.5166666667E+00  1.5208333333E+00  4.17914E-02  3.67605E-01
  1.5208333333E+00  1.5250000000E+00  4.19803E-02  3.37552E-01
  1.5250000000E+00  1.5291666667E+00  4.16851E-02  2.90453E-01
  1.5291666667E+00  1.5333333333E+00  4.18524E-02  3.16554E-01
  1.5333333333E+00  1.5375000000E+00  4.17771E-02  3.06537E-01
  1.5375000000E+00  1.5416666667E+00  4.17878E-02  3.12530E-01
  1.5416666667E+00  1.5458333333E+00  4.19330E-02  3.89913E-01
  1.5458333333E+00  1.5500000000E+00  4.18403E-02  3.11348E-01
  1.5500000000E+00  1.5541666667E+00  4.19434E-02  3.91545E-01
  1.5541666667E+00  1.5583333333E+00  4.20511E-02  3.39587E-01
  1.5583333333E+00  1.5625000000E+00  4.18976E-02  2.84996E-01
  1.5625000000E+00  1.5666666667E+00  4.19728E-02  3.35457E-01
  1.5666666667E+00  1.5708333333E+00  4.21258E-02  3.04836E-01
  1.5708333333E+00  1.5750000000E+00  4.21792E-02  2.87900E-01
  1.5750000000E+00  1.5791666667E+00  4.20409E-02  2.61376E-01
  1.5791666667E+00  1.5833333333E+00  4.21193E-02  3.35577E-01
  1.5833333333E+00  1.5875000000E+00  4.19330E-02  2.54207E-01
  1.5875000000E+00  1.5916666667E+00  4.21336E-02  2.96150E-01
  1.5916666667E+00  1.5958333333E+00  4.22019E-02  2.95427E-01
  1.5958333333E+00  1.6000000000E+00  4.21914E-02  3.02821E-01
  1.6000000000E+00  1.6041666667E+00  4.22875E-02  3.12592E-01
  1.6041666667E+00  1.6083333333E+00  4.24252E-02  3.09729E-01
  1.6083333333E+00  1.6125000000E+00  4.24722E-02  3.93896E-01
  1.6125000000E+00  1.6166666667E+00  4.22465E-02  3.20867E-01
  1.6166666667E+00  1.6208333333E+00  4.22042E-02  3.08141E-01
  1.6208333333E+00  1.6250000000E+00  4.24455E-02  3.50910E-01
  1.6250000000E+00  1.6291666667E+00  4.22314E-02  3.05613E-01
  1.6291666667E+00  1.6333333333E+00  4.21414E-02  3.10501E-01
  1.6333333333E+00  1.6375000000E+00  4.23645E-02  3.26562E-01
  1.6375000000E+00  1.6416666667E+00  4.21481E-02  3.01667E-01
  1.6416666667E+00  1.6458333333E+00  4.22955E-02  3.24753E-01
  1.6458333333E+00  1.6500000000E+00  4.22592E-02  3.14761E-01
  1.6500000000E+00  1.6541666667E+00  4.24006E-02  3.55165E-01
  1.6541666667E+00  1.6583333333E+00  4.24840E-02  3.38373E-01
  1.6583333333E+00  1.6625000000E+00  4.24293E-02  3.20088E-01
  1.6625000000E+00  1.6666666667E+00  4.23759E-02  3.02818E-01
  1.6666666667E+00  1.6708333333E+00  4.23837E-02  3.06543E-01
  1.6708333333E+00  1.6750000000E+00  4.23543E-02  2.84431E-01
  1.6750000000E+00  1.6791666667E+00  4.24034E-02  2.98168E-01
  1.6791666667E+00  1.6833333333E+00  4.26106E-02  3.21759E-01
  1.6833333333E+00  1.6875000000E+00  4.25184E-02  3.08792E-01
  1.6875000000E+00  1.6916666667E+00  4.27003E-02  3.65909E-01
  1.6916666667E+00  1.6958333333E+00  4.24057E-02  2.82483E-01
  1.6958333333E+00  1.7000000000E+00  4.25146E-02  2.93489E-01
  1.7000000000E+00  1.7041666667E+00  4.25902E-02  3.06519E-01
  1.7041666667E+00  1.7083333333E+00  4.24467E-02  2.88244E-01
  1.7083333333E+00  1.7125000000E+00  4.24618E-02  2.70488E-01
  1.7125000000E+00  1.7166666667E+00  4.26882E-02  3.35575E-01
  1.7166666667E+00  1.7208333333E+00  4.29155E-02  3.43222E-01
  1.7208333333E+00  1.7250000000E+00  4.27514E-02  3.04478E-01
  1.7250000000E+00  1.7291666667E+00  4.26207E-02  2.92064E-01
  1.7291666667E+00  1.7333333333E+00  4.25518E-02  2.75470E-01
  1.7333333333E+00  1.7375000000E+00  4.25863E-02  3.08135E-01
  1.7375000000E+00  1.7416666667E+00  4.27715E-02  3.05308E-01
  1.7416666667E+00  1.7458333333E+00  4.28994E-02  3.64775E-01
  1.7458333333E+00  1.7500000000E+00  4.27708E-02  3.06337E-01
  1.7500000000E+00  1.7541666667E+00  4.30612E-02  3.86357E-01
  1.7541666667E+00  1.7583333333E+00  4.26330E-02  2.63447E-01
  1.7583333333E+00  1.7625000000E+00  4.25902E-02  2.82326E-01
  1.7625000000E+00  1.7666666667E+00  4.28172E-02  3.16906E-01
  1.7666666667E+00  1.7708333333E+00  4.26378E-02  3.22935E-01
  1.7708333333E+00  1.7750000000E+00  4.25176E-02  2.37398E-01
  1.7750000000E+00  1.7791666667E+00  4.25245E-02  2.64605E-01
  1.7791666667E+00  1.7833333333E+00  4.26783E-02  2.67954E-01
  1.7833333333E+00  1.7875000000E+00  4.28465E-02  2.93964E-01
  1.7875000000E+00  1.7916666667E+00  4.27992E-02  2.90577E-01
  1.7916666667E+00  1.7958333333E+00  4.28618E-02  2.97462E-01
  1.7958333333E+00  1.8000000000E+00  4.31945E-02  3.48039E-01
  1.8000000000E+00  1.8041666667E+00  4.29094E-02  3.06639E-01
  1.8041666667E+00  1.8083333333E+00  4.30862E-02  3.36134E-01
  1.8083333333E+00  1.8125000000E+00  4.32556E-02  3.63011E-01
  1.8125000000E+00  1.8166666667E+00  4.31834E-02  3.60428E-01
  1.8166666667E+00  1.8208333333E+00  4.27614E-02  2.60039E-01
  1.8208333333E+00  1.8250000000E+00  4.29367E-02  3.32799E-01
  1.8250000000E+00  1.8291666667E+00  4.30734E-02  3.25158E-01
  1.8291666667E+00  1.8333333333E+00  4.31333E-02  2.97005E-01
  1.8333333333E+00  1.8375000000E+00  4.32879E-02  3.47190E-01
  1.8375000000E+00  1.8416666667E+00  4.33133E-02  3.46384E-01
  1.8416666667E+00  1.8458333333E+00  4.30979E-02  3.01963E-01
  1.8458333333E+00  1.8500000000E+00  4.31403E-02  3.31857E-01
  1.8500000000E+00  1.8541666667E+00  4.30518E-02  2.87413E-01
  1.8541666667E+00  1.8583333333E+00  4.31134E-02  2.87462E-01
  1.8583333333E+00  1.8625000000E+00  4.31230E-02  3.00759E-01
  1.8625000000E+00  1.8666666667E+00  4.33639E-02  3.40175E-01
  1.8666666667E+00  1.8708333333E+00  4.33368E-02  3.59202E-01
  1.8708333333E+00  1.8750000000E+00  4.33199E-02  3.44875E-01
  1.8750000000E+00  1.8791666667E+00  4.32348E-02  3.14467E-01
  1.8791666667E+00  1.8833333333E+00  4.35620E-02  3.81015E-01
  1.8833333333E+00  1.8875000000E+00  4.32232E-02  3.03942E-01
  1.8875000000E+00  1.8916666667E+00  4.32675E-02  2.77553E-01
  1.8916666667E+00  1.8958333333E+00  4.35502E-02  3.54181E-01
  1.8958333333E+00  1.9000000000E+00  4.32935E-02  2.86485E-01
  1.9000000000E+00  1.9041666667E+00  4.34028E-02  3.15476E-01
  1.9041666667E+00  1.9083333333E+00  4.33129E-02  2.92980E-01
  1.9083333333E+00  1.9125000000E+00  4.35935E-02  3.44425E-01
  1.9125000000E+00  1.9166666667E+00  4.32884E-02  2.92339E-01
  1.9166666667E+00  1.9208333333E+00  4.31364E-02  2.62508E-01
  1.9208333333E+00  1.9250000000E+00  4.33069E-02  2.90012E-01
  1.9250000000E+00  1.9291666667E+00  4.33089E-02  2.95116E-01
  1.9291666667E+00  1.9333333333E+00  4.34705E-02  3.23423E-01
  1.9333333333E+00  1.9375000000E+00  4.34732E-02  3.36494E-01
  1.9375000000E+00  1.9416666667E+00  4.36193E-02  3.67587E-01
  1.9416666667E+00  1.9458333333E+00  4.36353E-02  3.51208E-01
  1.9458333333E+00  1.9500000000E+00  4.37318E-02  3.34994E-01
  1.9500000000E+00  1.9541666667E+00  4.36341E-02  3.29343E-01
  1.9541666667E+00  1.9583333333E+00  4.35485E-02  2.90876E-01
  1.9583333333E+00  1.9625000000E+00  4.36388E-02  3.08571E-01
  1.9625000000E+00  1.9666666667E+00  4.38792E-02  3.55422E-01
  1.9666666667E+00  1.9708333333E+00  4.39053E-02  3.39581E-01
  1.9708333333E+00  1.9750000000E+00  4.36581E-02  2.80201E-01
  1.9750000000E+00  1.9791666667E+00  4.36476E-02  2.95960E-01
  1.9791666667E+00  1.9833333333E+00  4.37179E-02  2.78032E-01
  1.9833333333E+00  1.9875000000E+00  4.39468E-02  3.63606E-01
  1.9875000000E+00  1.9916666667E+00  4.37877E-02  3.06100E-01
  1.9916666667E+00  1.9958333333E+00  4.37763E-02  2.97885E-01
  1.9958333333E+00  2.0000000000E+00  4.37622E-02  2.88965E-01
  2.0000000000E+00  2.0041666667E+00  4.38606E-02  3.53634E-01
  2.0041666667E+00  2.0083333333E+00  4.40083E-02  3.67683E-01
  2.0083333333E+00  2.0125000000E+00  4.38981E-02  3.00513E-01
  2.0125000000E+00  2.0166666667E+00  4.40000E-02  3.15059E-01
  2.0166666667E+00  2.0208333333E+00  4.42048E-02  3.59131E-01
  2.0208333333E+00  2.0250000000E+00  4.40108E-02  3.50630E-01
  2.0250000000E+00  2.0291666667E+00  4.39928E-02  3.14561E-01
  2.0291666667E+00  2.0333333333E+00  4.40409E-02  3.14326E-01
  2.0333333333E+00  2.0375000000E+00  4.40366E-02  3.08971E-01
  2.0375000000E+00  2.0416666667E+00  4.40496E-02  3.18664E-01
  2.0416666667E+00  2.0458333333E+00  4.38225E-02  2.66948E-01
  2.0458333333E+00  2.0500000000E+00  4.40544E-02  2.96812E-01
  2.0500000000E+00  2.0541666667E+00  4.40749E-02  2.92803E-01
  2.0541666667E+00  2.0583333333E+00  4.39590E-02  2.73601E-01
  2.0583333333E+00  2.0625000000E+00  4.39853E-02  2.72797E-01
  2.0625000000E+00  2.0666666667E+00  4.41777E-02  3.09412E-01
  2.0666666667E+00  2.0708333333E+00  4.42185E-02  3.22471E-01
  2.0708333333E+00  2.0750000000E+00  4.40106E-02  2.68973E-01
  2.0750000000E+00  2.0791666667E+00  4.39461E-02  2.57577E-01
  2.0791666667E+00  2.0833333333E+00  4.43941E-02  3.54129E-01
  2.0833333333E+00  2.0875000000E+00  4.42028E-02  3.01628E-01
  2.0875000000E+00  2.0916666667E+00  4.45047E-02  3.44750E-01
  2.0916666667E+00  2.0958333333E+00  4.43331E-02  3.08553E-01
  2.0958333333E+00  2.1000000000E+00  4.41380E-02  2.89416E-01
  2.1000000000E+00  2.1041666667E+00  4.45276E-02  3.43587E-01
  2.1041666667E+00  2.1083333333E+00  4.44359E-02  3.34965E-01
  2.1083333333E+00  2.1125000000E+00  4.42051E-02  2.90048E-01
  2.1125000000E+00  2.1166666667E+00  4.43675E-02  3.12604E-01
  2.1166666667E+00  2.1208333333E+00  4.43019E-02  2.94033E-01
  2.1208333333E+00  2.1250000000E+00  4.42384E-02  2.66083E-01
  2.1250000000E+00  2.1291666667E+00  4.42980E-02  2.75598E-01
  2.1291666667E+00  2.1333333333E+00  4.43986E-02  2.94875E-01
  2.1333333333E+00  2.1375000000E+00  4.44484E-02  3.11537E-01
  2.1375000000E+00  2.1416666667E+00  4.45748E-02  2.97900E-01
  2.1416666667E+00  2.1458333333E+00  4.44531E-02  2.75049E-01
  2.1458333333E+00  2.1500000000E+00  4.46433E-02  3.21566E-01
  2.1500000000E+00  2.1541666667E+00  4.49306E-02  3.75213E-01
  2.1541666667E+00  2.1583333333E+00  4.48094E-02  3.06080E-01
  2.1583333333E+00  2.1625000000E+00  4.47845E-02  3.04733E-01
  2.1625000000E+00  2.1666666667E+00  4.46270E-02  2.97153E-01
  2.1666666667E+00  2.1708333333E+00  4.50565E-02  3.56660E-01
  2.1708333333E+00  2.1750000000E+00  4.49420E-02  3.16991E-01
  2.1750000000E+00  2.1791666667E+00  4.50421E-02  3.33854E-01
  2.1791666667E+00  2.1833333333E+00  4.48956E-02  3.20006E-01
  2.1833333333E+00  2.1875000000E+00  4.47224E-02  2.88220E-01
  2.1875000000E+00  2.1916666667E+00  4.48823E-02  2.99972E-01
  2.1916666667E+00  2.1958333333E+00  4.50149E-02  3.34853E-01
  2.1958333333E+00  2.2000000000E+00  4.49513E-02  3.25410E-01
  2.2000000000E+00  2.2041666667E+00  4.48275E-02  2.99613E-01
  2.2041666667E+00  2.2083333333E+00  4.48492E-02  3.12659E-01
  2.2083333333E+00  2.2125000000E+00  4.48368E-02  2.75256E-01
  2.2125000000E+00  2.2166666667E+00  4.49699E-02  3.04678E-01
  2.2166666667E+00  2.2208333333E+00  4.47981E-02  2.81944E-01
  2.2208333333E+00  2.2250000000E+00  4.50529E-02  3.01903E-01
  2.2250000000E+00  2.2291666667E+00  4.52124E-02  3.75694E-01
  2.2291666667E+00  2.2333333333E+00  4.49063E-02  2.89284E-01
  2.2333333333E+00  2.2375000000E+00  4.49725E-02  3.15226E-01
  2.2375000000E+00  2.2416666667E+00  4.49380E-02  2.68216E-01
  2.2416666667E+00  2.2458333333E+00  4.52052E-02  3.06609E-01
  2.2458333333E+00  2.2500000000E+00  4.50121E-02  2.94890E-01
  2.2500000000E+00  2.2541666667E+00  4.50283E-02  2.68882E-01
  2.2541666667E+00  2.2583333333E+00  4.52945E-02  3.21768E-01
  2.2583333333E+00  2.2625000000E+00  4.50940E-02  2.76362E-01
  2.2625000000E+00  2.2666666667E+00  4.52780E-02  3.31273E-01
  2.2666666667E+00  2.2708333333E+00  4.51570E-02  3.26453E-01
  2.2708333333E+00  2.2750000000E+00  4.51383E-02  2.95099E-01
  2.2750000000E+00  2.2791666667E+00  4.53108E-02  3.07502E-01
  2.2791666667E+00  2.2833333333E+00  4.51890E-02  3.08983E-01
  2.2833333333E+00  2.2875000000E+00  4.50103E-02  2.57863E-01
  2.2875000000E+00  2.2916666667E+00  4.52015E-02  2.95509E-01
  2.2916666667E+00  2.2958333333E+00  4.54083E-02  3.14122E-01
  2.2958333333E+00  2.3000000000E+00  4.52089E-02  2.70239E-01
  2.3000000000E+00  2.3041666667E+00  4.53137E-02  3.02098E-01
  2.3041666667E+00  2.3083333333E+00  4.54283E-02  3.14448E-01
  2.3083333333E+00  2.3125000000E+00  4.54969E-02  3.47200E-01
  2.3125000000E+00  2.3166666667E+00  4.54023E-02  2.84292E-01
  2.3166666667E+00  2.3208333333E+00  4.57883E-02  3.41760E-01
  2.3208333333E+00  2.3250000000E+00  4.57219E-02  3.41007E-01
  2.3250000000E+00  2.3291666667E+00  4.56716E-02  3.44817E-01
  2.3291666667E+00  2.3333333333E+00  4.57425E-02  3.52271E-01
  2.3333333333E+00  2.3375000000E+00  4.54979E-02  2.92418E-01
  2.3375000000E+00  2.3416666667E+00  4.57146E-02  3.65988E-01
  2.3416666667E+00  2.3458333333E+00  4.59025E-02  3.36351E-01
  2.3458333333E+00  2.3500000000E+00  4.55124E-02  2.66549E-01
  2.3500000000E+00  2.3541666667E+00  4.55217E-02  2.69755E-01
  2.3541666667E+00  2.3583333333E+00  4.57294E-02  3.18513E-01
  2.3583333333E+00  2.3625000000E+00  4.55822E-02  3.08865E-01
  2.3625000000E+00  2.3666666667E+00  4.54763E-02  2.65580E-01
  2.3666666667E+00  2.3708333333E+00  4.55095E-02  2.63819E-01
  2.3708333333E+00  2.3750000000E+00  4.58017E-02  3.15164E-01
  2.3750000000E+00  2.3791666667E+00  4.57069E-02  2.92248E-01
  2.3791666667E+00  2.3833333333E+00  4.57414E-02  3.11854E-01
  2.3833333333E+00  2.3875000000E+00  4.59557E-02  3.42492E-01
  2.3875000000E+00  2.3916666667E+00  4.58508E-02  3.16247E-01
  2.3916666667E+00  2.3958333333E+00  4.59691E-02  3.13273E-01
  2.3958333333E+00  2.4000000000E+00  4.59225E-02  3.00580E-01
  2.4000000000E+00  2.4041666667E+00  4.58087E-02  2.82447E-01
  2.4041666667E+00  2.4083333333E+00  4.58453E-02  2.80002E-01
  2.4083333333E+00  2.4125000000E+00  4.58018E-02  2.71405E-01
  2.4125000000E+00  2.4166666667E+00  4.59241E-02  2.83169E-01
  2.4166666667E+00  2.4208333333E+00  4.62512E-02  3.65334E-01
  2.4208333333E+00  2.4250000000E+00  4.60264E-02  3.04746E-01
  2.4250000000E+00  2.4291666667E+00  4.59903E-02  2.85365E-01
  2.4291666667E+00  2.4333333333E+00  4.61903E-02  3.52765E-01
  2.4333333333E+00  2.4375000000E+00  4.58545E-02  2.60772E-01
  2.4375000000E+00  2.4416666667E+00  4.58860E-02  2.94966E-01
  2.4416666667E+00  2.4458333333E+00  4.60861E-02  3.19102E-01
  2.4458333333E+00  2.4500000000E+00  4.60130E-02  2.86845E-01
  2.4500000000E+00  2.4541666667E+00  4.58778E-02  2.58083E-01
  2.4541666667E+00  2.4583333333E+00  4.63196E-02  3.19745E-01
  2.4583333333E+00  2.4625000000E+00  4.65126E-02  3.51647E-01
  2.4625000000E+00  2.4666666667E+00  4.63897E-02  3.17810E-01
  2.4666666667E+00  2.4708333333E+00  4.62184E-02  2.82608E-01
  2.4708333333E+00  2.4750000000E+00  4.62105E-02  2.99960E-01
  2.4750000000E+00  2.4791666667E+00  4.62316E-02  2.73535E-01
  2.4791666667E+00  2.4833333333E+00  4.63600E-02  3.23388E-01
  2.4833333333E+00  2.4875000000E+00  4.63497E-02  2.90017E-01
  2.4875000000E+00  2.4916666667E+00  4.64157E-02  2.90476E-01
  2.4916666667E+00  2.4958333333E+00  4.65400E-02  3.37075E-01
  2.4958333333E+00  2.5000000000E+00  4.67726E-02  3.55722E-01
  2.5000000000E+00  2.5041666667E+00  4.66609E-02  3.22264E-01
  2.5041666667E+00  2.5083333333E+00  4.64048E-02  3.34890E-01
  2.5083333333E+00  2.5125000000E+00  4.65360E-02  2.92217E-01
  2.5125000000E+00  2.5166666667E+00  4.65011E-02  2.81046E-01
  2.5166666667E+00  2.5208333333E+00  4.65191E-02  2.84945E-01
  2.5208333333E+00  2.5250000000E+00  4.65819E-02  3.12183E-01
  2.5250000000E+00  2.5291666667E+00  4.65214E-02  2.70387E-01
  2.5291666667E+00  2.5333333333E+00  4.64909E-02  2.68521E-01
  2.5333333333E+00  2.5375000000E+00  4.65661E-02  2.70839E-01
  2.5375000000E+00  2.5416666667E+00  4.65264E-02  2.76963E-01
  2.5416666667E+00  2.5458333333E+00  4.67314E-02  2.90590E-01
  2.5458333333E+00  2.5500000000E+00  4.66753E-02  2.96149E-01
  2.5500000000E+00  2.5541666667E+00  4.64504E-02  2.43961E-01
  2.5541666667E+00  2.5583333333E+00  4.69213E-02  3.43852E-01
  2.5583333333E+00  2.5625000000E+00  4.66289E-02  3.07591E-01
  2.5625000000E+00  2.5666666667E+00  4.65988E-02  2.75237E-01
  2.5666666667E+00  2.5708333333E+00  4.68508E-02  3.05786E-01
  2.5708333333E+00  2.5750000000E+00  4.68532E-02  3.21529E-01
  2.5750000000E+00  2.5791666667E+00  4.66717E-02  2.75810E-01
  2.5791666667E+00  2.5833333333E+00  4.66704E-02  2.76590E-01
  2.5833333333E+00  2.5875000000E+00  4.67257E-02  2.54307E-01
  2.5875000000E+00  2.5916666667E+00  4.70042E-02  3.12258E-01
  2.5916666667E+00  2.5958333333E+00  4.69284E-02  2.90048E-01
  2.5958333333E+00  2.6000000000E+00  4.70207E-02  3.18704E-01
  2.6000000000E+00  2.6041666667E+00  4.72326E-02  3.05476E-01
  2.6041666667E+00  2.6083333333E+00  4.72233E-02  3.28590E-01
  2.6083333333E+00  2.6125000000E+00  4.69268E-02  2.63277E-01
  2.6125000000E+00  2.6166666667E+00  4.70085E-02  2.75426E-01
  2.6166666667E+00  2.6208333333E+00  4.72405E-02  3.04418E-01
  2.6208333333E+00  2.6250000000E+00  4.72358E-02  3.08413E-01
  2.6250000000E+00  2.6291666667E+00  4.72987E-02  3.10773E-01
  2.6291666667E+00  2.6333333333E+00  4.73144E-02  2.99371E-01
  2.6333333333E+00  2.6375000000E+00  4.72138E-02  2.82778E-01
  2.6375000000E+00  2.6416666667E+00  4.72798E-02  2.98718E-01
  2.6416666667E+00  2.6458333333E+00  4.72381E-02  2.87501E-01
  2.6458333333E+00  2.6500000000E+00  4.73073E-02  3.15452E-01
  2.6500000000E+00  2.6541666667E+00  4.73651E-02  2.99822E-01
  2.6541666667E+00  2.6583333333E+00  4.72858E-02  2.90497E-01
  2.6583333333E+00  2.6625000000E+00  4.74193E-02  2.82653E-01
  2.6625000000E+00  2.6666666667E+00  4.77843E-02  3.48578E-01
  2.6666666667E+00  2.6708333333E+00  4.75506E-02  3.13905E-01
  2.6708333333E+00  2.6750000000E+00  4.74055E-02  3.03672E-01
  2.6750000000E+00  2.6791666667E+00  4.74654E-02  2.89739E-01
  2.6791666667E+00  2.6833333333E+00  4.74155E-02  2.71732E-01
  2.6833333333E+00  2.6875000000E+00  4.74348E-02  2.70845E-01
  2.6875000000E+00  2.6916666667E+00  4.74548E-02  2.63205E-01
  2.6916666667E+00  2.6958333333E+00  4.74517E-02  2.77363E-01
  2.6958333333E+00  2.7000000000E+00  4.76638E-02  3.01864E-01
  2.7000000000E+00  2.7041666667E+00  4.76171E-02  2.92522E-01
  2.7041666667E+00  2.7083333333E+00  4.77267E-02  3.30279E-01
  2.7083333333E+00  2.7125000000E+00  4.76312E-02  2.79285E-01
  2.7125000000E+00  2.7166666667E+00  4.75819E-02  2.87268E-01
  2.7166666667E+00  2.7208333333E+00  4.77355E-02  2.94650E-01
  2.7208333333E+00  2.7250000000E+00  4.77223E-02  2.78050E-01
  2.7250000000E+00  2.7291666667E+00  4.80033E-02  3.24497E-01
  2.7291666667E+00  2.7333333333E+00  4.77961E-02  2.93025E-01
  2.7333333333E+00  2.7375000000E+00  4.77406E-02  2.82521E-01
  2.7375000000E+00  2.7416666667E+00  4.78805E-02  3.19139E-01
  2.7416666667E+00  2.7458333333E+00  4.78767E-02  3.20710E-01
  2.7458333333E+00  2.7500000000E+00  4.78357E-02  3.10697E-01
  2.7500000000E+00  2.7541666667E+00  4.79343E-02  3.12040E-01
  2.7541666667E+00  2.7583333333E+00  4.78009E-02  2.57401E-01
  2.7583333333E+00  2.7625000000E+00  4.79567E-02  2.94606E-01
  2.7625000000E+00  2.7666666667E+00  4.77477E-02  2.51422E-01
  2.7666666667E+00  2.7708333333E+00  4.81087E-02  3.47336E-01
  2.7708333333E+00  2.7750000000E+00  4.80339E-02  2.76708E-01
  2.7750000000E+00  2.7791666667E+00  4.79735E-02  2.79719E-01
  2.7791666667E+00  2.7833333333E+00  4.78864E-02  2.64250E-01
  2.7833333333E+00  2.7875000000E+00  4.82005E-02  3.46536E-01
  2.7875000000E+00  2.7916666667E+00  4.82284E-02  3.10897E-01
  2.7916666667E+00  2.7958333333E+00  4.82655E-02  3.18012E-01
  2.7958333333E+00  2.8000000000E+00  4.82872E-02  2.94028E-01
  2.8000000000E+00  2.8041666667E+00  4.81767E-02  2.55917E-01
  2.8041666667E+00  2.8083333333E+00  4.82953E-02  3.07493E-01
  2.8083333333E+00  2.8125000000E+00  4.80864E-02  2.51528E-01
  2.8125000000E+00  2.8166666667E+00  4.83674E-02  2.83112E-01
  2.8166666667E+00  2.8208333333E+00  4.85184E-02  3.10179E-01
  2.8208333333E+00  2.8250000000E+00  4.81725E-02  2.44725E-01
  2.8250000000E+00  2.8291666667E+00  4.83142E-02  2.74608E-01
  2.8291666667E+00  2.8333333333E+00  4.83793E-02  3.11529E-01
  2.8333333333E+00  2.8375000000E+00  4.85591E-02  3.06304E-01
  2.8375000000E+00  2.8416666667E+00  4.84040E-02  2.86677E-01
  2.8416666667E+00  2.8458333333E+00  4.85271E-02  2.99017E-01
  2.8458333333E+00  2.8500000000E+00  4.84212E-02  2.83636E-01
  2.8500000000E+00  2.8541666667E+00  4.85384E-02  3.05894E-01
  2.8541666667E+00  2.8583333333E+00  4.86398E-02  3.00445E-01
  2.8583333333E+00  2.8625000000E+00  4.84771E-02  2.84008E-01
  2.8625000000E+00  2.8666666667E+00  4.84180E-02  2.38820E-01
  2.8666666667E+00  2.8708333333E+00  4.84832E-02  2.67857E-01
  2.8708333333E+00  2.8750000000E+00  4.86773E-02  3.03356E-01
  2.8750000000E+00  2.8791666667E+00  4.89371E-02  3.60758E-01
  2.8791666667E+00  2.8833333333E+00  4.88137E-02  3.04644E-01
  2.8833333333E+00  2.8875000000E+00  4.85532E-02  2.54728E-01
  2.8875000000E+00  2.8916666667E+00  4.88659E-02  3.10782E-01
  2.8916666667E+00  2.8958333333E+00  4.88435E-02  2.93883E-01
  2.8958333333E+00  2.9000000000E+00  4.89340E-02  3.21134E-01
  2.9000000000E+00  2.9041666667E+00  4.90315E-02  3.13966E-01
  2.9041666667E+00  2.9083333333E+00  4.89052E-02  2.73738E-01
  2.9083333333E+00  2.9125000000E+00  4.89907E-02  3.01804E-01
  2.9125000000E+00  2.9166666667E+00  4.89416E-02  2.72615E-01
  2.9166666667E+00  2.9208333333E+00  4.91217E-02  2.90876E-01
  2.9208333333E+00  2.9250000000E+00  4.91104E-02  2.96171E-01
  2.9250000000E+00  2.9291666667E+00  4.90617E-02  2.81035E-01
  2.9291666667E+00  2.9333333333E+00  4.91758E-02  3.06173E-01
  2.9333333333E+00  2.9375000000E+00  4.94942E-02  3.52572E-01
  2.9375000000E+00  2.9416666667E+00  4.90900E-02  2.75214E-01
  2.9416666667E+00  2.9458333333E+00  4.90884E-02  2.73639E-01
  2.9458333333E+00  2.9500000000E+00  4.91988E-02  2.90608E-01
  2.9500000000E+00  2.9541666667E+00  4.91103E-02  2.68474E-01
  2.9541666667E+00  2.9583333333E+00  4.91527E-02  2.77941E-01
  2.9583333333E+00  2.9625000000E+00  4.92669E-02  2.75052E-01
  2.9625000000E+00  2.9666666667E+00  4.93280E-02  2.88108E-01
  2.9666666667E+00  2.9708333333E+00  4.93832E-02  3.06244E-01
  2.9708333333E+00  2.9750000000E+00  4.95354E-02  3.27165E-01
  2.9750000000E+00  2.9791666667E+00  4.94722E-02  2.81327E-01
  2.9791666667E+00  2.9833333333E+00  4.95731E-02  3.04718E-01
  2.9833333333E+00  2.9875000000E+00  4.94437E-02  2.69817E-01
  2.9875000000E+00  2.9916666667E+00  4.94615E-02  2.84964E-01
  2.9916666667E+00  2.9958333333E+00  4.93602E-02  2.49020E-01
  2.9958333333E+00  3.0000000000E+00  4.95736E-02  3.02247E-01
  3.0000000000E+00  3.0041666667E+00  4.96255E-02  2.98352E-01
  3.0041666667E+00  3.0083333333E+00  4.94811E-02  2.84903E-01
  3.0083333333E+00  3.0125000000E+00  4.95832E-02  2.85202E-01
  3.0125000000E+00  3.0166666667E+00  4.99208E-02  3.55689E-01
  3.0166666667E+00  3.0208333333E+00  4.98564E-02  3.12649E-01
  3.0208333333E+00  3.0250000000E+00  4.97952E-02  2.81342E-01
  3.0250000000E+00  3.0291666667E+00  4.98511E-02  2.89511E-01
  3.0291666667E+00  3.0333333333E+00  4.97489E-02  2.71437E-01
  3.0333333333E+00  3.0375000000E+00  4.98420E-02  2.84003E-01
  3.0375000000E+00  3.0416666667E+00  4.99262E-02  2.94582E-01
  3.0416666667E+00  3.0458333333E+00  4.99785E-02  3.32400E-01
  3.0458333333E+00  3.0500000000E+00  4.99750E-02  2.91945E-01
  3.0500000000E+00  3.0541666667E+00  4.98265E-02  2.71303E-01
  3.0541666667E+00  3.0583333333E+00  4.98273E-02  2.50472E-01
  3.0583333333E+00  3.0625000000E+00  5.01886E-02  3.02896E-01
  3.0625000000E+00  3.0666666667E+00  5.01133E-02  2.83804E-01
  3.0666666667E+00  3.0708333333E+00  5.02483E-02  3.14607E-01
  3.0708333333E+00  3.0750000000E+00  5.02324E-02  2.88133E-01
  3.0750000000E+00  3.0791666667E+00  5.02672E-02  2.84261E-01
  3.0791666667E+00  3.0833333333E+00  5.04479E-02  3.03511E-01
  3.0833333333E+00  3.0875000000E+00  5.03484E-02  2.94414E-01
  3.0875000000E+00  3.0916666667E+00  5.03425E-02  2.98629E-01
  3.0916666667E+00  3.0958333333E+00  5.04273E-02  3.16237E-01
  3.0958333333E+00  3.1000000000E+00  5.02679E-02  2.57743E-01
  3.1000000000E+00  3.1041666667E+00  5.05061E-02  2.97565E-01
  3.1041666667E+00  3.1083333333E+00  5.04649E-02  2.78157E-01
  3.1083333333E+00  3.1125000000E+00  5.05518E-02  2.77827E-01
  3.1125000000E+00  3.1166666667E+00  5.05018E-02  3.01702E-01
  3.1166666667E+00  3.1208333333E+00  5.04254E-02  2.66657E-01
  3.1208333333E+00  3.1250000000E+00  5.06044E-02  3.05705E-01
  3.1250000000E+00  3.1291666667E+00  5.04607E-02  2.72785E-01
  3.1291666667E+00  3.1333333333E+00  5.04876E-02  2.64822E-01
  3.1333333333E+00  3.1375000000E+00  5.05857E-02  2.84932E-01
  3.1375000000E+00  3.1416666667E+00  5.07425E-02  3.17854E-01
  3.1416666667E+00  3.1458333333E+00  5.06888E-02  3.07912E-01
  3.1458333333E+00  3.1500000000E+00  5.07743E-02  2.97174E-01
  3.1500000000E+00  3.1541666667E+00  5.06293E-02  2.48757E-01
  3.1541666667E+00  3.1583333333E+00  5.07767E-02  3.11368E-01
  3.1583333333E+00  3.1625000000E+00  5.08154E-02  2.98824E-01
  3.1625000000E+00  3.1666666667E+00  5.09394E-02  3.06662E-01
  3.1666666667E+00  3.1708333333E+00  5.09532E-02  2.81328E-01
  3.1708333333E+00  3.1750000000E+00  5.09930E-02  2.92019E-01
  3.1750000000E+00  3.1791666667E+00  5.10353E-02  2.69519E-01
  3.1791666667E+00  3.1833333333E+00  5.10775E-02  2.86646E-01
  3.1833333333E+00  3.1875000000E+00  5.10576E-02  2.88306E-01
  3.1875000000E+00  3.1916666667E+00  5.09952E-02  2.87544E-01
  3.1916666667E+00  3.1958333333E+00  5.14444E-02  3.42759E-01
  3.1958333333E+00  3.2000000000E+00  5.13443E-02  2.94756E-01
  3.2000000000E+00  3.2041666667E+00  5.12301E-02  2.82621E-01
  3.2041666667E+00  3.2083333333E+00  5.11812E-02  2.60273E-01
  3.2083333333E+00  3.2125000000E+00  5.12920E-02  2.79545E-01
  3.2125000000E+00  3.2166666667E+00  5.13266E-02  2.74304E-01
  3.2166666667E+00  3.2208333333E+00  5.12232E-02  2.68306E-01
  3.2208333333E+00  3.2250000000E+00  5.13264E-02  2.63322E-01
  3.2250000000E+00  3.2291666667E+00  5.14462E-02  3.02127E-01
  3.2291666667E+00  3.2333333333E+00  5.12873E-02  2.41014E-01
  3.2333333333E+00  3.2375000000E+00  5.16808E-02  3.22929E-01
  3.2375000000E+00  3.2416666667E+00  5.12499E-02  2.39574E-01
  3.2416666667E+00  3.2458333333E+00  5.15491E-02  2.84796E-01
  3.2458333333E+00  3.2500000000E+00  5.13351E-02  2.39701E-01
  3.2500000000E+00  3.2541666667E+00  5.15334E-02  2.84689E-01
  3.2541666667E+00  3.2583333333E+00  5.14383E-02  2.57896E-01
  3.2583333333E+00  3.2625000000E+00  5.14162E-02  2.40413E-01
  3.2625000000E+00  3.2666666667E+00  5.17407E-02  2.92804E-01
  3.2666666667E+00  3.2708333333E+00  5.16876E-02  2.69521E-01
  3.2708333333E+00  3.2750000000E+00  5.17716E-02  2.81227E-01
  3.2750000000E+00  3.2791666667E+00  5.18036E-02  2.81884E-01
  3.2791666667E+00  3.2833333333E+00  5.17895E-02  2.75020E-01
  3.2833333333E+00  3.2875000000E+00  5.17811E-02  2.61049E-01
  3.2875000000E+00  3.2916666667E+00  5.18906E-02  2.74171E-01
  3.2916666667E+00  3.2958333333E+00  5.19812E-02  3.19901E-01
  3.2958333333E+00  3.3000000000E+00  5.20250E-02  2.99909E-01
  3.3000000000E+00  3.3041666667E+00  5.19874E-02  2.66044E-01
  3.3041666667E+00  3.3083333333E+00  5.20641E-02  2.60322E-01
  3.3083333333E+00  3.3125000000E+00  5.21902E-02  2.82444E-01
  3.3125000000E+00  3.3166666667E+00  5.21729E-02  2.73711E-01
  3.3166666667E+00  3.3208333333E+00  5.23427E-02  2.93065E-01
  3.3208333333E+00  3.3250000000E+00  5.21590E-02  2.42217E-01
  3.3250000000E+00  3.3291666667E+00  5.24291E-02  2.99012E-01
  3.3291666667E+00  3.3333333333E+00  5.25489E-02  3.09268E-01
  3.3333333333E+00  3.3375000000E+00  5.23592E-02  2.66931E-01
  3.3375000000E+00  3.3416666667E+00  5.24510E-02  2.90094E-01
  3.3416666667E+00  3.3458333333E+00  5.24519E-02  2.79184E-01
  3.3458333333E+00  3.3500000000E+00  5.24708E-02  2.76287E-01
  3.3500000000E+00  3.3541666667E+00  5.28252E-02  2.97385E-01
  3.3541666667E+00  3.3583333333E+00  5.25958E-02  2.77434E-01
  3.3583333333E+00  3.3625000000E+00  5.27351E-02  3.06407E-01
  3.3625000000E+00  3.3666666667E+00  5.28062E-02  3.13538E-01
  3.3666666667E+00  3.3708333333E+00  5.27201E-02  2.76574E-01
  3.3708333333E+00  3.3750000000E+00  5.26857E-02  2.65877E-01
  3.3750000000E+00  3.3791666667E+00  5.29665E-02  3.03009E-01
  3.3791666667E+00  3.3833333333E+00  5.27150E-02  2.54199E-01
  3.3833333333E+00  3.3875000000E+00  5.28384E-02  2.76838E-01
  3.3875000000E+00  3.3916666667E+00  5.27784E-02  2.65367E-01
  3.3916666667E+00  3.3958333333E+00  5.28762E-02  2.78705E-01
  3.3958333333E+00  3.4000000000E+00  5.30076E-02  2.87811E-01
  3.4000000000E+00  3.4041666667E+00  5.27585E-02  2.44732E-01
  3.4041666667E+00  3.4083333333E+00  5.29814E-02  2.66879E-01
  3.4083333333E+00  3.4125000000E+00  5.30674E-02  2.71167E-01
  3.4125000000E+00  3.4166666667E+00  5.31823E-02  2.89142E-01
  3.4166666667E+00  3.4208333333E+00  5.30616E-02  2.56319E-01
  3.4208333333E+00  3.4250000000E+00  5.29788E-02  2.27189E-01
  3.4250000000E+00  3.4291666667E+00  5.31356E-02  2.51196E-01
  3.4291666667E+00  3.4333333333E+00  5.32627E-02  2.65419E-01
  3.4333333333E+00  3.4375000000E+00  5.32534E-02  2.54785E-01
  3.4375000000E+00  3.4416666667E+00  5.32748E-02  2.53818E-01
  3.4416666667E+00  3.4458333333E+00  5.34819E-02  2.84954E-01
  3.4458333333E+00  3.4500000000E+00  5.35945E-02  2.91722E-01
  3.4500000000E+00  3.4541666667E+00  5.34049E-02  2.51168E-01
  3.4541666667E+00  3.4583333333E+00  5.35438E-02  2.57486E-01
  3.4583333333E+00  3.4625000000E+00  5.35295E-02  2.51615E-01
  3.4625000000E+00  3.4666666667E+00  5.37212E-02  2.80319E-01
  3.4666666667E+00  3.4708333333E+00  5.37313E-02  2.64447E-01
  3.4708333333E+00  3.4750000000E+00  5.38362E-02  2.69861E-01
  3.4750000000E+00  3.4791666667E+00  5.39297E-02  2.81227E-01
  3.4791666667E+00  3.4833333333E+00  5.39216E-02  2.62961E-01
  3.4833333333E+00  3.4875000000E+00  5.40581E-02  3.09938E-01
  3.4875000000E+00  3.4916666667E+00  5.40222E-02  2.60091E-01
  3.4916666667E+00  3.4958333333E+00  5.39645E-02  2.52376E-01
  3.4958333333E+00  3.5000000000E+00  5.42516E-02  2.84961E-01
  3.5000000000E+00  3.5041666667E+00  5.43467E-02  2.84273E-01
  3.5041666667E+00  3.5083333333E+00  5.45083E-02  2.87534E-01
  3.5083333333E+00  3.5125000000E+00  5.43311E-02  2.66818E-01
  3.5125000000E+00  3.5166666667E+00  5.42661E-02  2.58086E-01
  3.5166666667E+00  3.5208333333E+00  5.43103E-02  2.52612E-01
  3.5208333333E+00  3.5250000000E+00  5.47554E-02  3.19414E-01
  3.5250000000E+00  3.5291666667E+00  5.43517E-02  2.55187E-01
  3.5291666667E+00  3.5333333333E+00  5.43879E-02  2.61198E-01
  3.5333333333E+00  3.5375000000E+00  5.42836E-02  2.26828E-01
  3.5375000000E+00  3.5416666667E+00  5.45851E-02  2.60794E-01
  3.5416666667E+00  3.5458333333E+00  5.43565E-02  2.29745E-01
  3.5458333333E+00  3.5500000000E+00  5.46660E-02  2.74473E-01
  3.5500000000E+00  3.5541666667E+00  5.50134E-02  3.20167E-01
  3.5541666667E+00  3.5583333333E+00  5.46581E-02  2.47238E-01
  3.5583333333E+00  3.5625000000E+00  5.47177E-02  2.55391E-01
  3.5625000000E+00  3.5666666667E+00  5.49712E-02  2.70633E-01
  3.5666666667E+00  3.5708333333E+00  5.53515E-02  2.97475E-01
  3.5708333333E+00  3.5750000000E+00  5.50647E-02  2.72206E-01
  3.5750000000E+00  3.5791666667E+00  5.51021E-02  2.74964E-01
  3.5791666667E+00  3.5833333333E+00  5.53109E-02  3.02998E-01
  3.5833333333E+00  3.5875000000E+00  5.51313E-02  2.63930E-01
  3.5875000000E+00  3.5916666667E+00  5.54910E-02  3.14221E-01
  3.5916666667E+00  3.5958333333E+00  5.51651E-02  2.62852E-01
  3.5958333333E+00  3.6000000000E+00  5.52930E-02  2.63120E-01
  3.6000000000E+00  3.6041666667E+00  5.51640E-02  2.37805E-01
  3.6041666667E+00  3.6083333333E+00  5.52618E-02  2.44423E-01
  3.6083333333E+00  3.6125000000E+00  5.54744E-02  2.52920E-01
  3.6125000000E+00  3.6166666667E+00  5.55495E-02  2.78703E-01
  3.6166666667E+00  3.6208333333E+00  5.56454E-02  2.76145E-01
  3.6208333333E+00  3.6250000000E+00  5.55711E-02  2.59842E-01
  3.6250000000E+00  3.6291666667E+00  5.55770E-02  2.55654E-01
  3.6291666667E+00  3.6333333333E+00  5.57574E-02  2.81370E-01
  3.6333333333E+00  3.6375000000E+00  5.57566E-02  2.60045E-01
  3.6375000000E+00  3.6416666667E+00  5.58973E-02  2.78578E-01
  3.6416666667E+00  3.6458333333E+00  5.59347E-02  2.63192E-01
  3.6458333333E+00  3.6500000000E+00  5.62244E-02  2.96679E-01
  3.6500000000E+00  3.6541666667E+00  5.62734E-02  2.81811E-01
  3.6541666667E+00  3.6583333333E+00  5.63139E-02  2.82651E-01
  3.6583333333E+00  3.6625000000E+00  5.62755E-02  2.86003E-01
  3.6625000000E+00  3.6666666667E+00  5.62465E-02  2.67368E-01
  3.6666666667E+00  3.6708333333E+00  5.62884E-02  2.57644E-01
  3.6708333333E+00  3.6750000000E+00  5.64924E-02  2.73670E-01
  3.6750000000E+00  3.6791666667E+00  5.64952E-02  2.76726E-01
  3.6791666667E+00  3.6833333333E+00  5.66098E-02  2.72049E-01
  3.6833333333E+00  3.6875000000E+00  5.66833E-02  3.04291E-01
  3.6875000000E+00  3.6916666667E+00  5.67528E-02  2.88948E-01
  3.6916666667E+00  3.6958333333E+00  5.68958E-02  2.92286E-01
  3.6958333333E+00  3.7000000000E+00  5.67740E-02  2.73578E-01
  3.7000000000E+00  3.7041666667E+00  5.69121E-02  2.68667E-01
  3.7041666667E+00  3.7083333333E+00  5.68454E-02  2.65333E-01
  3.7083333333E+00  3.7125000000E+00  5.68902E-02  2.64391E-01
  3.7125000000E+00  3.7166666667E+00  5.69328E-02  2.73684E-01
  3.7166666667E+00  3.7208333333E+00  5.69579E-02  2.57071E-01
  3.7208333333E+00  3.7250000000E+00  5.71560E-02  2.84066E-01
  3.7250000000E+00  3.7291666667E+00  5.72560E-02  2.75559E-01
  3.7291666667E+00  3.7333333333E+00  5.73239E-02  2.68764E-01
  3.7333333333E+00  3.7375000000E+00  5.74282E-02  2.70093E-01
  3.7375000000E+00  3.7416666667E+00  5.72524E-02  2.49762E-01
  3.7416666667E+00  3.7458333333E+00  5.73044E-02  2.43462E-01
  3.7458333333E+00  3.7500000000E+00  5.76867E-02  2.87691E-01
  3.7500000000E+00  3.7541666667E+00  5.77118E-02  2.86519E-01
  3.7541666667E+00  3.7583333333E+00  5.77110E-02  2.59233E-01
  3.7583333333E+00  3.7625000000E+00  5.78229E-02  2.71720E-01
  3.7625000000E+00  3.7666666667E+00  5.78633E-02  2.63119E-01
  3.7666666667E+00  3.7708333333E+00  5.78015E-02  2.69055E-01
  3.7708333333E+00  3.7750000000E+00  5.79022E-02  2.65018E-01
  3.7750000000E+00  3.7791666667E+00  5.78560E-02  2.57993E-01
  3.7791666667E+00  3.7833333333E+00  5.79887E-02  2.59730E-01
  3.7833333333E+00  3.7875000000E+00  5.80506E-02  2.50703E-01
  3.7875000000E+00  3.7916666667E+00  5.81613E-02  2.62225E-01
  3.7916666667E+00  3.7958333333E+00  5.83869E-02  2.72910E-01
  3.7958333333E+00  3.8000000000E+00  5.84972E-02  2.82457E-01
  3.8000000000E+00  3.8041666667E+00  5.82801E-02  2.48465E-01
  3.8041666667E+00  3.8083333333E+00  5.82867E-02  2.26202E-01
  3.8083333333E+00  3.8125000000E+00  5.87341E-02  2.83302E-01
  3.8125000000E+00  3.8166666667E+00  5.85718E-02  2.49051E-01
  3.8166666667E+00  3.8208333333E+00  5.85987E-02  2.51837E-01
  3.8208333333E+00  3.8250000000E+00  5.87309E-02  2.62969E-01
  3.8250000000E+00  3.8291666667E+00  5.88495E-02  2.68307E-01
  3.8291666667E+00  3.8333333333E+00  5.92205E-02  2.84416E-01
  3.8333333333E+00  3.8375000000E+00  5.90076E-02  2.58632E-01
  3.8375000000E+00  3.8416666667E+00  5.91232E-02  2.64596E-01
  3.8416666667E+00  3.8458333333E+00  5.90764E-02  2.42433E-01
  3.8458333333E+00  3.8500000000E+00  5.91922E-02  2.46036E-01
  3.8500000000E+00  3.8541666667E+00  5.96702E-02  2.94169E-01
  3.8541666667E+00  3.8583333333E+00  5.97147E-02  2.85631E-01
  3.8583333333E+00  3.8625000000E+00  5.97542E-02  2.93973E-01
  3.8625000000E+00  3.8666666667E+00  5.95490E-02  2.52908E-01
  3.8666666667E+00  3.8708333333E+00  5.95328E-02  2.42603E-01
  3.8708333333E+00  3.8750000000E+00  5.96632E-02  2.50175E-01
  3.8750000000E+00  3.8791666667E+00  6.00066E-02  2.76612E-01
  3.8791666667E+00  3.8833333333E+00  5.97687E-02  2.45359E-01
  3.8833333333E+00  3.8875000000E+00  6.02191E-02  2.90474E-01
  3.8875000000E+00  3.8916666667E+00  6.01120E-02  2.59152E-01
  3.8916666667E+00  3.8958333333E+00  6.00884E-02  2.51655E-01
  3.8958333333E+00  3.9000000000E+00  6.05302E-02  2.88726E-01
  3.9000000000E+00  3.9041666667E+00  6.03899E-02  2.51741E-01
  3.9041666667E+00  3.9083333333E+00  6.05895E-02  2.85652E-01
  3.9083333333E+00  3.9125000000E+00  6.05959E-02  2.72256E-01
  3.9125000000E+00  3.9166666667E+00  6.08063E-02  2.84923E-01
  3.9166666667E+00  3.9208333333E+00  6.08788E-02  2.70609E-01
  3.9208333333E+00  3.9250000000E+00  6.09032E-02  2.69600E-01
  3.9250000000E+00  3.9291666667E+00  6.09460E-02  2.60867E-01
  3.9291666667E+00  3.9333333333E+00  6.10371E-02  2.63675E-01
  3.9333333333E+00  3.9375000000E+00  6.09072E-02  2.31309E-01
  3.9375000000E+00  3.9416666667E+00  6.11209E-02  2.49332E-01
  3.9416666667E+00  3.9458333333E+00  6.11402E-02  2.40142E-01
  3.9458333333E+00  3.9500000000E+00  6.13877E-02  2.58733E-01
  3.9500000000E+00  3.9541666667E+00  6.14062E-02  2.52214E-01
  3.9541666667E+00  3.9583333333E+00  6.17286E-02  2.66888E-01
  3.9583333333E+00  3.9625000000E+00  6.18107E-02  2.75917E-01
  3.9625000000E+00  3.9666666667E+00  6.18366E-02  2.48126E-01
  3.9666666667E+00  3.9708333333E+00  6.20264E-02  2.61672E-01
  3.9708333333E+00  3.9750000000E+00  6.21606E-02  2.66219E-01
  3.9750000000E+00  3.9791666667E+00  6.22394E-02  2.64839E-01
  3.9791666667E+00  3.9833333333E+00  6.21686E-02  2.50796E-01
  3.9833333333E+00  3.9875000000E+00  6.25289E-02  2.73631E-01
  3.9875000000E+00  3.9916666667E+00  6.24198E-02  2.44425E-01
  3.9916666667E+00  3.9958333333E+00  6.26270E-02  2.65670E-01
  3.9958333333E+00  4.0000000000E+00  6.25372E-02  2.36929E-01
  4.0000000000E+00  4.0041666667E+00  6.26572E-02  2.48330E-01
  4.0041666667E+00  4.0083333333E+00  6.29760E-02  2.58169E-01
  4.0083333333E+00  4.0125000000E+00  6.29287E-02  2.29498E-01
  4.0125000000E+00  4.0166666667E+00  6.32997E-02  2.63107E-01
  4.0166666667E+00  4.0208333333E+00  6.32771E-02  2.52774E-01
  4.0208333333E+00  4.0250000000E+00  6.36876E-02  2.78381E-01
  4.0250000000E+00  4.0291666667E+00  6.35816E-02  2.59633E-01
  4.0291666667E+00  4.0333333333E+00  6.37050E-02  2.57328E-01
  4.0333333333E+00  4.0375000000E+00  6.38569E-02  2.64951E-01
  4.0375000000E+00  4.0416666667E+00  6.39819E-02  2.68864E-01
  4.0416666667E+00  4.0458333333E+00  6.40283E-02  2.55163E-01
  4.0458333333E+00  4.0500000000E+00  6.39650E-02  2.29372E-01
  4.0500000000E+00  4.0541666667E+00  6.42990E-02  2.63906E-01
  4.0541666667E+00  4.0583333333E+00  6.44724E-02  2.58698E-01
  4.0583333333E+00  4.0625000000E+00  6.46471E-02  2.53336E-01
  4.0625000000E+00  4.0666666667E+00  6.47758E-02  2.63530E-01
  4.0666666667E+00  4.0708333333E+00  6.48266E-02  2.46664E-01
  4.0708333333E+00  4.0750000000E+00  6.49895E-02  2.55376E-01
  4.0750000000E+00  4.0791666667E+00  6.49371E-02  2.28800E-01
  4.0791666667E+00  4.0833333333E+00  6.52068E-02  2.49142E-01
  4.0833333333E+00  4.0875000000E+00  6.53160E-02  2.44096E-01
  4.0875000000E+00  4.0916666667E+00  6.57683E-02  2.77715E-01
  4.0916666667E+00  4.0958333333E+00  6.56592E-02  2.50860E-01
  4.0958333333E+00  4.1000000000E+00  6.57189E-02  2.41615E-01
  4.1000000000E+00  4.1041666667E+00  6.59636E-02  2.38099E-01
  4.1041666667E+00  4.1083333333E+00  6.60892E-02  2.38693E-01
  4.1083333333E+00  4.1125000000E+00  6.64980E-02  2.61483E-01
  4.1125000000E+00  4.1166666667E+00  6.65803E-02  2.45759E-01
  4.1166666667E+00  4.1208333333E+00  6.69445E-02  2.74245E-01
  4.1208333333E+00  4.1250000000E+00  6.70280E-02  2.60044E-01
  4.1250000000E+00  4.1291666667E+00  6.69913E-02  2.49720E-01
  4.1291666667E+00  4.1333333333E+00  6.74685E-02  2.60065E-01
  4.1333333333E+00  4.1375000000E+00  6.76335E-02  2.62328E-01
  4.1375000000E+00  4.1416666667E+00  6.76359E-02  2.55274E-01
  4.1416666667E+00  4.1458333333E+00  6.78011E-02  2.40902E-01
  4.1458333333E+00  4.1500000000E+00  6.83822E-02  2.74342E-01
  4.1500000000E+00  4.1541666667E+00  6.84852E-02  2.61414E-01
  4.1541666667E+00  4.1583333333E+00  6.83531E-02  2.30140E-01
  4.1583333333E+00  4.1625000000E+00  6.87603E-02  2.55452E-01
  4.1625000000E+00  4.1666666667E+00  6.90025E-02  2.56037E-01
  4.1666666667E+00  4.1708333333E+00  6.90882E-02  2.45731E-01
  4.1708333333E+00  4.1750000000E+00  6.93810E-02  2.43389E-01
  4.1750000000E+00  4.1791666667E+00  6.97182E-02  2.63196E-01
  4.1791666667E+00  4.1833333333E+00  6.97857E-02  2.49553E-01
  4.1833333333E+00  4.1875000000E+00  7.00763E-02  2.49434E-01
  4.1875000000E+00  4.1916666667E+00  7.05144E-02  2.61294E-01
  4.1916666667E+00  4.1958333333E+00  7.06860E-02  2.56260E-01
  4.1958333333E+00  4.2000000000E+00  7.08671E-02  2.50286E-01
  4.2000000000E+00  4.2041666667E+00  7.12155E-02  2.48992E-01
  4.2041666667E+00  4.2083333333E+00  7.13669E-02  2.35922E-01
  4.2083333333E+00  4.2125000000E+00  7.22111E-02  2.76861E-01
  4.2125000000E+00  4.2166666667E+00  7.20051E-02  2.44691E-01
  4.2166666667E+00  4.2208333333E+00  7.24569E-02  2.62587E-01
  4.2208333333E+00  4.2250000000E+00  7.29363E-02  2.70168E-01
  4.2250000000E+00  4.2291666667E+00  7.32340E-02  2.67329E-01
  4.2291666667E+00  4.2333333333E+00  7.31503E-02  2.41924E-01
  4.2333333333E+00  4.2375000000E+00  7.36152E-02  2.58076E-01
  4.2375000000E+00  4.2416666667E+00  7.40861E-02  2.67400E-01
  4.2416666667E+00  4.2458333333E+00  7.42953E-02  2.60086E-01
  4.2458333333E+00  4.2500000000E+00  7.47653E-02  2.66314E-01
  4.2500000000E+00  4.2541666667E+00  7.50977E-02  2.65863E-01
  4.2541666667E+00  4.2583333333E+00  7.53020E-02  2.62734E-01
  4.2583333333E+00  4.2625000000E+00  7.56239E-02  2.54590E-01
  4.2625000000E+00  4.2666666667E+00  7.58852E-02  2.50851E-01
  4.2666666667E+00  4.2708333333E+00  7.61616E-02  2.54925E-01
  4.2708333333E+00  4.2750000000E+00  7.63349E-02  2.46318E-01
  4.2750000000E+00  4.2791666667E+00  7.68237E-02  2.60526E-01
  4.2791666667E+00  4.2833333333E+00  7.72972E-02  2.69127E-01
  4.2833333333E+00  4.2875000000E+00  7.77047E-02  2.71109E-01
  4.2875000000E+00  4.2916666667E+00  7.78838E-02  2.68373E-01
  4.2916666667E+00  4.2958333333E+00  7.81406E-02  2.64591E-01
  4.2958333333E+00  4.3000000000E+00  7.84025E-02  2.72475E-01
  4.3000000000E+00  4.3041666667E+00  7.83669E-02  2.59053E-01
  4.3041666667E+00  4.3083333333E+00  7.87599E-02  2.68047E-01
  4.3083333333E+00  4.3125000000E+00  7.89859E-02  2.65831E-01
  4.3125000000E+00  4.3166666667E+00  7.93533E-02  2.79332E-01
  4.3166666667E+00  4.3208333333E+00  7.93682E-02  2.75328E-01
  4.3208333333E+00  4.3250000000E+00  7.93462E-02  2.64280E-01
  4.3250000000E+00  4.3291666667E+00  7.95155E-02  2.65088E-01
  4.3291666667E+00  4.3333333333E+00  7.95984E-02  2.63525E-01
  4.3333333333E+00  4.3375000000E+00  7.97792E-02  2.75562E-01
  4.3375000000E+00  4.3416666667E+00  8.00563E-02  2.81738E-01
  4.3416666667E+00  4.3458333333E+00  7.99696E-02  2.76695E-01
  4.3458333333E+00  4.3500000000E+00  8.00674E-02  2.96181E-01
  4.3500000000E+00  4.3541666667E+00  8.01585E-02  2.88586E-01
  4.3541666667E+00  4.3583333333E+00  7.98289E-02  2.76779E-01
  4.3583333333E+00  4.3625000000E+00  7.97314E-02  2.75383E-01
  4.3625000000E+00  4.3666666667E+00  7.98444E-02  2.85502E-01
  4.3666666667E+00  4.3708333333E+00  7.98142E-02  2.81949E-01
  4.3708333333E+00  4.3750000000E+00  7.96941E-02  2.76512E-01
  4.3750000000E+00  4.3791666667E+00  7.97845E-02  2.83573E-01
  4.3791666667E+00  4.3833333333E+00  7.98161E-02  2.84330E-01
  4.3833333333E+00  4.3875000000E+00  7.95687E-02  2.77660E-01
  4.3875000000E+00  4.3916666667E+00  7.96680E-02  2.92677E-01
  4.3916666667E+00  4.3958333333E+00  7.94048E-02  2.78115E-01
  4.3958333333E+00  4.4000000000E+00  7.93194E-02  2.72140E-01
  4.4000000000E+00  4.4041666667E+00  7.93141E-02  2.75911E-01
  4.4041666667E+00  4.4083333333E+00  7.91826E-02  2.82471E-01
  4.4083333333E+00  4.4125000000E+00  7.91451E-02  2.83809E-01
  4.4125000000E+00  4.4166666667E+00  7.89440E-02  2.76995E-01
  4.4166666667E+00  4.4208333333E+00  7.88706E-02  2.71395E-01
  4.4208333333E+00  4.4250000000E+00  7.88090E-02  2.72818E-01
  4.4250000000E+00  4.4291666667E+00  7.87488E-02  2.69605E-01
  4.4291666667E+00  4.4333333333E+00  7.89141E-02  2.82907E-01
  4.4333333333E+00  4.4375000000E+00  7.86924E-02  2.73275E-01
  4.4375000000E+00  4.4416666667E+00  7.88032E-02  2.83139E-01
  4.4416666667E+00  4.4458333333E+00  7.87285E-02  2.77432E-01
  4.4458333333E+00  4.4500000000E+00  7.91241E-02  2.93377E-01
  4.4500000000E+00  4.4541666667E+00  7.90599E-02  2.85869E-01
  4.4541666667E+00  4.4583333333E+00  7.90449E-02  2.84627E-01
  4.4583333333E+00  4.4625000000E+00  7.89499E-02  2.75800E-01
  4.4625000000E+00  4.4666666667E+00  7.90658E-02  2.83285E-01
  4.4666666667E+00  4.4708333333E+00  7.89296E-02  2.76481E-01
  4.4708333333E+00  4.4750000000E+00  7.88494E-02  2.79631E-01
  4.4750000000E+00  4.4791666667E+00  7.87795E-02  2.73421E-01
  4.4791666667E+00  4.4833333333E+00  7.86911E-02  2.78573E-01
  4.4833333333E+00  4.4875000000E+00  7.88430E-02  2.79836E-01
  4.4875000000E+00  4.4916666667E+00  7.88161E-02  2.77399E-01
  4.4916666667E+00  4.4958333333E+00  7.89559E-02  2.87062E-01
  4.4958333333E+00  4.5000000000E+00  7.87868E-02  2.90098E-01
  4.5000000000E+00  4.5041666667E+00  7.89165E-02  2.86081E-01
  4.5041666667E+00  4.5083333333E+00  7.87256E-02  2.81551E-01
  4.5083333333E+00  4.5125000000E+00  7.87316E-02  2.83041E-01
  4.5125000000E+00  4.5166666667E+00  7.89078E-02  2.92405E-01
  4.5166666667E+00  4.5208333333E+00  7.90629E-02  2.90569E-01
  4.5208333333E+00  4.5250000000E+00  7.89718E-02  2.87471E-01
  4.5250000000E+00  4.5291666667E+00  7.90005E-02  2.88732E-01
  4.5291666667E+00  4.5333333333E+00  7.89633E-02  2.84566E-01
  4.5333333333E+00  4.5375000000E+00  7.90834E-02  2.93591E-01
  4.5375000000E+00  4.5416666667E+00  7.90126E-02  2.88186E-01
  4.5416666667E+00  4.5458333333E+00  7.89038E-02  2.88304E-01
  4.5458333333E+00  4.5500000000E+00  7.89483E-02  2.88652E-01
  4.5500000000E+00  4.5541666667E+00  7.87708E-02  2.86924E-01
  4.5541666667E+00  4.5583333333E+00  7.87615E-02  2.90334E-01
  4.5583333333E+00  4.5625000000E+00  7.87751E-02  2.95601E-01
  4.5625000000E+00  4.5666666667E+00  7.85314E-02  2.84904E-01
  4.5666666667E+00  4.5708333333E+00  7.84780E-02  2.85349E-01
  4.5708333333E+00  4.5750000000E+00  7.84770E-02  2.87747E-01
  4.5750000000E+00  4.5791666667E+00  7.84501E-02  2.87342E-01
  4.5791666667E+00  4.5833333333E+00  7.85058E-02  2.93494E-01
  4.5833333333E+00  4.5875000000E+00  7.82714E-02  2.86821E-01
  4.5875000000E+00  4.5916666667E+00  7.82312E-02  2.87151E-01
  4.5916666667E+00  4.5958333333E+00  7.82704E-02  2.90433E-01
  4.5958333333E+00  4.6000000000E+00  7.82388E-02  2.86884E-01
  4.6000000000E+00  4.6041666667E+00  7.84616E-02  2.94248E-01
  4.6041666667E+00  4.6083333333E+00  7.85539E-02  3.00121E-01
  4.6083333333E+00  4.6125000000E+00  7.81351E-02  2.87401E-01
  4.6125000000E+00  4.6166666667E+00  7.81537E-02  2.94658E-01
  4.6166666667E+00  4.6208333333E+00  7.81382E-02  2.90302E-01
  4.6208333333E+00  4.6250000000E+00  7.80342E-02  2.88597E-01
  4.6250000000E+00  4.6291666667E+00  7.80704E-02  2.93042E-01
  4.6291666667E+00  4.6333333333E+00  7.80751E-02  2.93253E-01
  4.6333333333E+00  4.6375000000E+00  7.81438E-02  2.93801E-01
  4.6375000000E+00  4.6416666667E+00  7.82257E-02  3.00945E-01
  4.6416666667E+00  4.6458333333E+00  7.81273E-02  2.97033E-01
  4.6458333333E+00  4.6500000000E+00  7.80292E-02  2.86282E-01
  4.6500000000E+00  4.6541666667E+00  7.83507E-02  3.08079E-01
  4.6541666667E+00  4.6583333333E+00  7.82654E-02  2.98213E-01
  4.6583333333E+00  4.6625000000E+00  7.83930E-02  3.01131E-01
  4.6625000000E+00  4.6666666667E+00  7.86698E-02  3.12048E-01
  4.6666666667E+00  4.6708333333E+00  7.85775E-02  3.16684E-01
  4.6708333333E+00  4.6750000000E+00  7.81809E-02  2.98963E-01
  4.6750000000E+00  4.6791666667E+00  7.78354E-02  2.99884E-01
  4.6791666667E+00  4.6833333333E+00  7.78497E-02  2.98944E-01
  4.6833333333E+00  4.6875000000E+00  7.78643E-02  2.97484E-01
  4.6875000000E+00  4.6916666667E+00  7.77856E-02  2.96338E-01
  4.6916666667E+00  4.6958333333E+00  7.79440E-02  3.01123E-01
  4.6958333333E+00  4.7000000000E+00  7.79743E-02  3.03639E-01
  4.7000000000E+00  4.7041666667E+00  7.80747E-02  3.13608E-01
  4.7041666667E+00  4.7083333333E+00  7.80306E-02  3.07658E-01
  4.7083333333E+00  4.7125000000E+00  7.79902E-02  3.09258E-01
  4.7125000000E+00  4.7166666667E+00  7.81253E-02  3.09633E-01
  4.7166666667E+00  4.7208333333E+00  7.79114E-02  3.10257E-01
  4.7208333333E+00  4.7250000000E+00  7.78866E-02  3.00117E-01
  4.7250000000E+00  4.7291666667E+00  7.79078E-02  3.02107E-01
  4.7291666667E+00  4.7333333333E+00  7.79498E-02  3.07417E-01
  4.7333333333E+00  4.7375000000E+00  7.79607E-02  3.12600E-01
  4.7375000000E+00  4.7416666667E+00  7.76956E-02  3.05083E-01
  4.7416666667E+00  4.7458333333E+00  7.78771E-02  3.12550E-01
  4.7458333333E+00  4.7500000000E+00  7.78750E-02  3.09324E-01
  4.7500000000E+00  4.7541666667E+00  7.78422E-02  3.13637E-01
  4.7541666667E+00  4.7583333333E+00  7.77230E-02  3.10543E-01
  4.7583333333E+00  4.7625000000E+00  7.75970E-02  3.06394E-01
  4.7625000000E+00  4.7666666667E+00  7.77343E-02  3.18015E-01
  4.7666666667E+00  4.7708333333E+00  7.77909E-02  3.13016E-01
  4.7708333333E+00  4.7750000000E+00  7.74063E-02  3.06009E-01
  4.7750000000E+00  4.7791666667E+00  7.76847E-02  3.10689E-01
  4.7791666667E+00  4.7833333333E+00  7.76604E-02  3.13522E-01
  4.7833333333E+00  4.7875000000E+00  7.74422E-02  3.08424E-01
  4.7875000000E+00  4.7916666667E+00  7.78040E-02  3.12684E-01
  4.7916666667E+00  4.7958333333E+00  7.78243E-02  3.18680E-01
  4.7958333333E+00  4.8000000000E+00  7.80451E-02  3.19164E-01
  4.8000000000E+00  4.8041666667E+00  7.77062E-02  3.09576E-01
  4.8041666667E+00  4.8083333333E+00  7.78028E-02  3.19300E-01
  4.8083333333E+00  4.8125000000E+00  7.78801E-02  3.14457E-01
  4.8125000000E+00  4.8166666667E+00  7.80170E-02  3.16539E-01
  4.8166666667E+00  4.8208333333E+00  7.80970E-02  3.26742E-01
  4.8208333333E+00  4.8250000000E+00  7.78021E-02  3.16945E-01
  4.8250000000E+00  4.8291666667E+00  7.78420E-02  3.15513E-01
  4.8291666667E+00  4.8333333333E+00  7.79223E-02  3.16134E-01
  4.8333333333E+00  4.8375000000E+00  7.80551E-02  3.21802E-01
  4.8375000000E+00  4.8416666667E+00  7.79171E-02  3.23392E-01
  4.8416666667E+00  4.8458333333E+00  7.79845E-02  3.18662E-01
  4.8458333333E+00  4.8500000000E+00  7.80982E-02  3.19496E-01
  4.8500000000E+00  4.8541666667E+00  7.82748E-02  3.24812E-01
  4.8541666667E+00  4.8583333333E+00  7.83231E-02  3.23658E-01
  4.8583333333E+00  4.8625000000E+00  7.82696E-02  3.25907E-01
  4.8625000000E+00  4.8666666667E+00  7.80909E-02  3.22221E-01
  4.8666666667E+00  4.8708333333E+00  7.80039E-02  3.25205E-01
  4.8708333333E+00  4.8750000000E+00  7.79620E-02  3.25966E-01
  4.8750000000E+00  4.8791666667E+00  7.82175E-02  3.38709E-01
  4.8791666667E+00  4.8833333333E+00  7.80870E-02  3.29562E-01
  4.8833333333E+00  4.8875000000E+00  7.80882E-02  3.30891E-01
  4.8875000000E+00  4.8916666667E+00  7.79618E-02  3.31614E-01
  4.8916666667E+00  4.8958333333E+00  7.79083E-02  3.36167E-01
  4.8958333333E+00  4.9000000000E+00  7.79922E-02  3.27813E-01
  4.9000000000E+00  4.9041666667E+00  7.80150E-02  3.34743E-01
  4.9041666667E+00  4.9083333333E+00  7.80842E-02  3.32221E-01
  4.9083333333E+00  4.9125000000E+00  7.82535E-02  3.36934E-01
  4.9125000000E+00  4.9166666667E+00  7.82010E-02  3.36934E-01
  4.9166666667E+00  4.9208333333E+00  7.81982E-02  3.40749E-01
  4.9208333333E+00  4.9250000000E+00  7.80381E-02  3.38854E-01
  4.9250000000E+00  4.9291666667E+00  7.81121E-02  3.39809E-01
  4.9291666667E+00  4.9333333333E+00  7.84580E-02  3.41698E-01
  4.9333333333E+00  4.9375000000E+00  7.86519E-02  3.44150E-01
  4.9375000000E+00  4.9416666667E+00  7.87248E-02  3.43766E-01
  4.9416666667E+00  4.9458333333E+00  7.89057E-02  3.47820E-01
  4.9458333333E+00  4.9500000000E+00  7.91896E-02  3.48251E-01
  4.9500000000E+00  4.9541666667E+00  7.94196E-02  3.52392E-01
  4.9541666667E+00  4.9583333333E+00  7.96633E-02  3.54148E-01
  4.9583333333E+00  4.9625000000E+00  7.96746E-02  3.55685E-01
  4.9625000000E+00  4.9666666667E+00  7.95354E-02  3.54426E-01
  4.9666666667E+00  4.9708333333E+00  7.95609E-02  3.56477E-01
  4.9708333333E+00  4.9750000000E+00  7.98166E-02  3.55733E-01
  4.9750000000E+00  4.9791666667E+00  8.00624E-02  3.63124E-01
  4.9791666667E+00  4.9833333333E+00  8.02320E-02  3.64737E-01
  4.9833333333E+00  4.9875000000E+00  8.02158E-02  3.62986E-01
  4.9875000000E+00  4.9916666667E+00  8.04136E-02  3.70540E-01
  4.9916666667E+00  4.9958333333E+00  8.05912E-02  3.74766E-01
  4.9958333333E+00  5.0000000000E+00  8.05788E-02  3.78501E-01
  5.0000000000E+00  5.0041666667E+00  8.03146E-02  3.80053E-01
  5.0041666667E+00  5.0083333333E+00  8.00636E-02  3.80287E-01
  5.0083333333E+00  5.0125000000E+00  7.99925E-02  3.83796E-01
  5.0125000000E+00  5.0166666667E+00  7.99676E-02  3.92854E-01
  5.0166666667E+00  5.0208333333E+00  7.96266E-02  3.93055E-01
  5.0208333333E+00  5.0250000000E+00  7.92695E-02  4.00577E-01
  5.0250000000E+00  5.0291666667E+00  7.87355E-02  4.02952E-01
  5.0291666667E+00  5.0333333333E+00  7.82579E-02  4.07639E-01
  5.0333333333E+00  5.0375000000E+00  7.75742E-02  4.14089E-01
  5.0375000000E+00  5.0416666667E+00  7.62924E-02  4.18338E-01
  5.0416666667E+00  5.0458333333E+00  7.53440E-02  4.26053E-01
  5.0458333333E+00  5.0500000000E+00  7.43050E-02  4.36923E-01
  5.0500000000E+00  5.0541666667E+00  7.29348E-02  4.41621E-01
  5.0541666667E+00  5.0583333333E+00  7.15292E-02  4.50214E-01
  5.0583333333E+00  5.0625000000E+00  6.97244E-02  4.60455E-01
  5.0625000000E+00  5.0666666667E+00  6.81061E-02  4.71137E-01
  5.0666666667E+00  5.0708333333E+00  6.61387E-02  4.80107E-01
  5.0708333333E+00  5.0750000000E+00  6.41611E-02  4.91209E-01
  5.0750000000E+00  5.0791666667E+00  6.16210E-02  5.05510E-01
  5.0791666667E+00  5.0833333333E+00  5.96440E-02  5.20442E-01
  5.0833333333E+00  5.0875000000E+00  5.73830E-02  5.32864E-01
  5.0875000000E+00  5.0916666667E+00  5.47140E-02  5.47803E-01
  5.0916666667E+00  5.0958333333E+00  5.26566E-02  5.66017E-01
  5.0958333333E+00  5.1000000000E+00  4.98006E-02  5.85948E-01
  5.1000000000E+00  5.1041666667E+00  4.70118E-02  6.04481E-01
  5.1041666667E+00  5.1083333333E+00  4.42236E-02  6.28331E-01
  5.1083333333E+00  5.1125000000E+00  4.13703E-02  6.58251E-01
  5.1125000000E+00  5.1166666667E+00  3.84377E-02  6.83422E-01
  5.1166666667E+00  5.1208333333E+00  3.58142E-02  7.13657E-01
  5.1208333333E+00  5.1250000000E+00  3.30121E-02  7.45742E-01
  5.1250000000E+00  5.1291666667E+00  3.03802E-02  7.81136E-01
  5.1291666667E+00  5.1333333333E+00  2.79794E-02  8.25172E-01
  5.1333333333E+00  5.1375000000E+00  2.52830E-02  8.71655E-01
  5.1375000000E+00  5.1416666667E+00  2.26574E-02  9.18558E-01
  5.1416666667E+00  5.1458333333E+00  2.05277E-02  9.71832E-01
  5.1458333333E+00  5.1500000000E+00  1.82962E-02  1.03099E+00
  5.1500000000E+00  5.1541666667E+00  1.63818E-02  1.09703E+00
  5.1541666667E+00  5.1583333333E+00  1.47100E-02  1.17058E+00
  5.1583333333E+00  5.1625000000E+00  1.29052E-02  1.24752E+00
  5.1625000000E+00  5.1666666667E+00  1.13919E-02  1.34244E+00
  5.1666666667E+00  5.1708333333E+00  9.92149E-03  1.43634E+00
  5.1708333333E+00  5.1750000000E+00  8.64218E-03  1.54681E+00
  5.1750000000E+00  5.1791666667E+00  7.52373E-03  1.67216E+00
  5.1791666667E+00  5.1833333333E+00  6.45087E-03  1.81070E+00
  5.1833333333E+00  5.1875000000E+00  5.43177E-03  1.97314E+00
  5.1875000000E+00  5.1916666667E+00  4.64143E-03  2.13936E+00
  5.1916666667E+00  5.1958333333E+00  3.86556E-03  2.34134E+00
  5.1958333333E+00  5.2000000000E+00  3.20322E-03  2.57471E+00
  5.2000000000E+00  5.2041666667E+00  2.62592E-03  2.83836E+00
  5.2041666667E+00  5.2083333333E+00  2.18557E-03  3.10709E+00
  5.2083333333E+00  5.2125000000E+00  1.88298E-03  3.44705E+00
  5.2125000000E+00  5.2166666667E+00  1.49302E-03  3.78247E+00
  5.2166666667E+00  5.2208333333E+00  1.24024E-03  4.15550E+00
  5.2208333333E+00  5.2250000000E+00  1.04812E-03  4.57320E+00
  5.2250000000E+00  5.2291666667E+00  8.59372E-04  5.04085E+00
  5.2291666667E+00  5.2333333333E+00  6.82662E-04  5.59256E+00
  5.2333333333E+00  5.2375000000E+00  5.52282E-04  6.07963E+00
  5.2375000000E+00  5.2416666667E+00  4.70745E-04  6.67582E+00
  5.2416666667E+00  5.2458333333E+00  4.19714E-04  7.44240E+00
  5.2458333333E+00  5.2500000000E+00  3.27696E-04  8.18209E+00
  5.2500000000E+00  5.2541666667E+00  2.34588E-04  8.99701E+00
  5.2541666667E+00  5.2583333333E+00  1.79649E-04  9.65147E+00
  5.2583333333E+00  5.2625000000E+00  1.61166E-04  1.07417E+01
  5.2625000000E+00  5.2666666667E+00  1.45429E-04  1.11177E+01
  5.2666666667E+00  5.2708333333E+00  1.30444E-04  1.18829E+01
  5.2708333333E+00  5.2750000000E+00  9.92914E-05  1.27356E+01
  5.2750000000E+00  5.2791666667E+00  8.57643E-05  1.26492E+01
  5.2791666667E+00  5.2833333333E+00  8.31611E-05  1.30342E+01
  5.2833333333E+00  5.2875000000E+00  7.71129E-05  1.26308E+01
  5.2875000000E+00  5.2916666667E+00  7.67974E-05  1.30350E+01
  5.2916666667E+00  5.2958333333E+00  7.50667E-05  1.28328E+01
  5.2958333333E+00  5.3000000000E+00  7.28952E-05  1.32601E+01
  5.3000000000E+00  5.3041666667E+00  7.63881E-05  1.45767E+01
  5.3041666667E+00  5.3083333333E+00  6.22040E-05  1.29888E+01
  5.3083333333E+00  5.3125000000E+00  6.10673E-05  1.34598E+01
  5.3125000000E+00  5.3166666667E+00  6.76371E-05  1.39566E+01
  5.3166666667E+00  5.3208333333E+00  5.92602E-05  1.33766E+01
  5.3208333333E+00  5.3250000000E+00  5.88446E-05  1.47230E+01
  5.3250000000E+00  5.3291666667E+00  5.68690E-05  1.46166E+01
  5.3291666667E+00  5.3333333333E+00  5.51296E-05  1.49696E+01
  5.3333333333E+00  5.3375000000E+00  6.44486E-05  1.76006E+01
  5.3375000000E+00  5.3416666667E+00  5.11097E-05  1.51698E+01
  5.3416666667E+00  5.3458333333E+00  4.29952E-05  1.37661E+01
  5.3458333333E+00  5.3500000000E+00  4.30350E-05  1.39292E+01
  5.3500000000E+00  5.3541666667E+00  4.75018E-05  1.40129E+01
  5.3541666667E+00  5.3583333333E+00  5.38969E-05  1.52290E+01
  5.3583333333E+00  5.3625000000E+00  5.61849E-05  1.51132E+01
  5.3625000000E+00  5.3666666667E+00  5.64669E-05  1.56392E+01
  5.3666666667E+00  5.3708333333E+00  5.29654E-05  1.65968E+01
  5.3708333333E+00  5.3750000000E+00  4.71042E-05  1.57514E+01
  5.3750000000E+00  5.3791666667E+00  4.84647E-05  1.57992E+01
  5.3791666667E+00  5.3833333333E+00  5.38757E-05  1.72618E+01
  5.3833333333E+00  5.3875000000E+00  4.94516E-05  1.82555E+01
  5.3875000000E+00  5.3916666667E+00  3.68629E-05  1.53176E+01
  5.3916666667E+00  5.3958333333E+00  4.06040E-05  1.73394E+01
  5.3958333333E+00  5.4000000000E+00  3.83913E-05  1.57620E+01
  5.4000000000E+00  5.4041666667E+00  4.10995E-05  1.72264E+01
  5.4041666667E+00  5.4083333333E+00  4.16589E-05  1.77793E+01
  5.4083333333E+00  5.4125000000E+00  4.32408E-05  1.95037E+01
  5.4125000000E+00  5.4166666667E+00  3.85427E-05  1.77045E+01
  5.4166666667E+00  5.4208333333E+00  4.13862E-05  1.89542E+01
  5.4208333333E+00  5.4250000000E+00  3.48443E-05  1.75319E+01
  5.4250000000E+00  5.4291666667E+00  3.76255E-05  1.87942E+01
  5.4291666667E+00  5.4333333333E+00  3.69432E-05  1.90002E+01
  5.4333333333E+00  5.4375000000E+00  3.53519E-05  1.90115E+01
  5.4375000000E+00  5.4416666667E+00  3.24326E-05  1.82774E+01
  5.4416666667E+00  5.4458333333E+00  3.71775E-05  1.96460E+01
  5.4458333333E+00  5.4500000000E+00  3.71847E-05  1.81243E+01
  5.4500000000E+00  5.4541666667E+00  3.97377E-05  1.88506E+01
  5.4541666667E+00  5.4583333333E+00  4.02712E-05  2.01980E+01
  5.4583333333E+00  5.4625000000E+00  3.86772E-05  2.02851E+01
  5.4625000000E+00  5.4666666667E+00  3.35389E-05  2.05394E+01
  5.4666666667E+00  5.4708333333E+00  3.48542E-05  2.24298E+01
  5.4708333333E+00  5.4750000000E+00  3.08712E-05  2.35636E+01
  5.4750000000E+00  5.4791666667E+00  3.16297E-05  2.54194E+01
  5.4791666667E+00  5.4833333333E+00  2.44951E-05  2.93606E+01
  5.4833333333E+00  5.4875000000E+00  1.75351E-05  2.74355E+01
  5.4875000000E+00  5.4916666667E+00  1.91336E-05  2.75001E+01
  5.4916666667E+00  5.4958333333E+00  2.18157E-05  2.97571E+01
  5.4958333333E+00  5.5000000000E+00  1.88866E-05  2.80704E+01
  5.5000000000E+00  5.5041666667E+00  1.80651E-05  2.73900E+01
  5.5041666667E+00  5.5083333333E+00  2.03153E-05  2.93781E+01
  5.5083333333E+00  5.5125000000E+00  2.28278E-05  3.19256E+01
  5.5125000000E+00  5.5166666667E+00  1.87483E-05  3.36254E+01
  5.5166666667E+00  5.5208333333E+00  1.33490E-05  4.05395E+01
  5.5208333333E+00  5.5250000000E+00  1.03234E-05  3.77323E+01
  5.5250000000E+00  5.5291666667E+00  1.28256E-05  4.03177E+01
  5.5291666667E+00  5.5333333333E+00  1.41752E-05  3.73511E+01
  5.5333333333E+00  5.5375000000E+00  1.16147E-05  4.18720E+01
  5.5375000000E+00  5.5416666667E+00  9.50736E-06  5.37958E+01
  5.5416666667E+00  5.5458333333E+00  4.94691E-06  5.85644E+01
  5.5458333333E+00  5.5500000000E+00  4.38198E-06  6.67864E+01
  5.5500000000E+00  5.5541666667E+00  5.12305E-06  7.18273E+01
  5.5541666667E+00  5.5583333333E+00  3.15035E-06  1.00000E+02
  5.5583333333E+00  5.5625000000E+00  1.98106E-06  1.00000E+02
  5.5625000000E+00  5.5666666667E+00  0.00000E+00  0.00000E+00
  5.5666666667E+00  5.5708333333E+00  0.00000E+00  0.00000E+00
  5.5708333333E+00  5.5750000000E+00  0.00000E+00  0.00000E+00
  5.5750000000E+00  5.5791666667E+00  3.82350E-08  1.00000E+02
  5.5791666667E+00  5.5833333333E+00  0.00000E+00  0.00000E+00
  5.5833333333E+00  5.5875000000E+00  0.00000E+00  0.00000E+00
  5.5875000000E+00  5.5916666667E+00  0.00000E+00  0.00000E+00
  5.5916666667E+00  5.5958333333E+00  0.00000E+00  0.00000E+00
  5.5958333333E+00  5.6000000000E+00  0.00000E+00  0.00000E+00
  5.6000000000E+00  5.6041666667E+00  0.00000E+00  0.00000E+00
  5.6041666667E+00  5.6083333333E+00  0.00000E+00  0.00000E+00
  5.6083333333E+00  5.6125000000E+00  0.00000E+00  0.00000E+00
  5.6125000000E+00  5.6166666667E+00  0.00000E+00  0.00000E+00
  5.6166666667E+00  5.6208333333E+00  0.00000E+00  0.00000E+00
  5.6208333333E+00  5.6250000000E+00  0.00000E+00  0.00000E+00
  5.6250000000E+00  5.6291666667E+00  0.00000E+00  0.00000E+00
  5.6291666667E+00  5.6333333333E+00  0.00000E+00  0.00000E+00
  5.6333333333E+00  5.6375000000E+00  0.00000E+00  0.00000E+00
  5.6375000000E+00  5.6416666667E+00  4.20567E-07  1.00000E+02
  5.6416666667E+00  5.6458333333E+00  9.18015E-07  7.34011E+01
  5.6458333333E+00  5.6500000000E+00  9.18015E-07  1.00000E+02
  5.6500000000E+00  5.6541666667E+00  9.52021E-07  7.63070E+01
  5.6541666667E+00  5.6583333333E+00  9.62616E-07  1.00000E+02
  5.6583333333E+00  5.6625000000E+00  1.03119E-06  9.20648E+01
  5.6625000000E+00  5.6666666667E+00  1.08983E-06  7.75839E+01
  5.6666666667E+00  5.6708333333E+00  1.13802E-06  1.00000E+02
  5.6708333333E+00  5.6750000000E+00  1.17719E-06  7.13365E+01
  5.6750000000E+00  5.6791666667E+00  1.25449E-06  1.00000E+02
  5.6791666667E+00  5.6833333333E+00  1.33733E-06  8.50467E+01
  5.6833333333E+00  5.6875000000E+00  1.44758E-06  1.00000E+02
  5.6875000000E+00  5.6916666667E+00  1.52536E-06  9.85924E+01
  5.6916666667E+00  5.6958333333E+00  1.87011E-06  7.23407E+01
  5.6958333333E+00  5.7000000000E+00  2.26328E-06  1.00000E+02
  5.7000000000E+00  5.7041666667E+00  4.11846E-06  7.09666E+01
  5.7041666667E+00  5.7083333333E+00  1.07958E-06  1.00000E+02
  5.7083333333E+00  5.7125000000E+00  0.00000E+00  0.00000E+00
  5.7125000000E+00  5.7166666667E+00  0.00000E+00  0.00000E+00
  5.7166666667E+00  5.7208333333E+00  0.00000E+00  0.00000E+00
  5.7208333333E+00  5.7250000000E+00  0.00000E+00  0.00000E+00
  5.7250000000E+00  5.7291666667E+00  0.00000E+00  0.00000E+00
  5.7291666667E+00  5.7333333333E+00  0.00000E+00  0.00000E+00
  5.7333333333E+00  5.7375000000E+00  0.00000E+00  0.00000E+00
  5.7375000000E+00  5.7416666667E+00  0.00000E+00  0.00000E+00
  5.7416666667E+00  5.7458333333E+00  0.00000E+00  0.00000E+00
  5.7458333333E+00  5.7500000000E+00  0.00000E+00  0.00000E+00
  5.7500000000E+00  5.7541666667E+00  0.00000E+00  0.00000E+00
  5.7541666667E+00  5.7583333333E+00  0.00000E+00  0.00000E+00
  5.7583333333E+00  5.7625000000E+00  0.00000E+00  0.00000E+00
  5.7625000000E+00  5.7666666667E+00  0.00000E+00  0.00000E+00
  5.7666666667E+00  5.7708333333E+00  0.00000E+00  0.00000E+00
  5.7708333333E+00  5.7750000000E+00  0.00000E+00  0.00000E+00
  5.7750000000E+00  5.7791666667E+00  0.00000E+00  0.00000E+00
  5.7791666667E+00  5.7833333333E+00  0.00000E+00  0.00000E+00
  5.7833333333E+00  5.7875000000E+00  0.00000E+00  0.00000E+00
  5.7875000000E+00  5.7916666667E+00  0.00000E+00  0.00000E+00
  5.7916666667E+00  5.7958333333E+00  4.31295E-14  1.00000E+02
  5.7958333333E+00  5.8000000000E+00  0.00000E+00  0.00000E+00
  5.8000000000E+00  5.8041666667E+00  0.00000E+00  0.00000E+00
  5.8041666667E+00  5.8083333333E+00  0.00000E+00  0.00000E+00
  5.8083333333E+00  5.8125000000E+00  0.00000E+00  0.00000E+00
  5.8125000000E+00  5.8166666667E+00  0.00000E+00  0.00000E+00
  5.8166666667E+00  5.8208333333E+00  0.00000E+00  0.00000E+00
  5.8208333333E+00  5.8250000000E+00  0.00000E+00  0.00000E+00
  5.8250000000E+00  5.8291666667E+00  0.00000E+00  0.00000E+00
  5.8291666667E+00  5.8333333333E+00  0.00000E+00  0.00000E+00
  5.8333333333E+00  5.8375000000E+00  0.00000E+00  0.00000E+00
  5.8375000000E+00  5.8416666667E+00  0.00000E+00  0.00000E+00
  5.8416666667E+00  5.8458333333E+00  0.00000E+00  0.00000E+00
  5.8458333333E+00  5.8500000000E+00  0.00000E+00  0.00000E+00
  5.8500000000E+00  5.8541666667E+00  0.00000E+00  0.00000E+00
  5.8541666667E+00  5.8583333333E+00  0.00000E+00  0.00000E+00
  5.8583333333E+00  5.8625000000E+00  0.00000E+00  0.00000E+00
  5.8625000000E+00  5.8666666667E+00  0.00000E+00  0.00000E+00
  5.8666666667E+00  5.8708333333E+00  0.00000E+00  0.00000E+00
  5.8708333333E+00  5.8750000000E+00  0.00000E+00  0.00000E+00
  5.8750000000E+00  5.8791666667E+00  0.00000E+00  0.00000E+00
  5.8791666667E+00  5.8833333333E+00  0.00000E+00  0.00000E+00
  5.8833333333E+00  5.8875000000E+00  0.00000E+00  0.00000E+00
  5.8875000000E+00  5.8916666667E+00  0.00000E+00  0.00000E+00
  5.8916666667E+00  5.8958333333E+00  0.00000E+00  0.00000E+00
  5.8958333333E+00  5.9000000000E+00  0.00000E+00  0.00000E+00
  5.9000000000E+00  5.9041666667E+00  0.00000E+00  0.00000E+00
  5.9041666667E+00  5.9083333333E+00  0.00000E+00  0.00000E+00
  5.9083333333E+00  5.9125000000E+00  0.00000E+00  0.00000E+00
  5.9125000000E+00  5.9166666667E+00  0.00000E+00  0.00000E+00
  5.9166666667E+00  5.9208333333E+00  0.00000E+00  0.00000E+00
  5.9208333333E+00  5.9250000000E+00  0.00000E+00  0.00000E+00
  5.9250000000E+00  5.9291666667E+00  0.00000E+00  0.00000E+00
  5.9291666667E+00  5.9333333333E+00  0.00000E+00  0.00000E+00
  5.9333333333E+00  5.9375000000E+00  0.00000E+00  0.00000E+00
  5.9375000000E+00  5.9416666667E+00  0.00000E+00  0.00000E+00
  5.9416666667E+00  5.9458333333E+00  0.00000E+00  0.00000E+00
  5.9458333333E+00  5.9500000000E+00  2.75761E-07  1.00000E+02
  5.9500000000E+00  5.9541666667E+00  1.08796E-06  6.30870E+01
  5.9541666667E+00  5.9583333333E+00  1.10939E-06  7.10497E+01
  5.9583333333E+00  5.9625000000E+00  1.18055E-06  6.55647E+01
  5.9625000000E+00  5.9666666667E+00  1.22050E-06  9.84065E+01
  5.9666666667E+00  5.9708333333E+00  1.26709E-06  7.17512E+01
  5.9708333333E+00  5.9750000000E+00  1.34370E-06  7.71543E+01
  5.9750000000E+00  5.9791666667E+00  1.49218E-06  5.83429E+01
  5.9791666667E+00  5.9833333333E+00  1.66708E-06  9.90494E+01
  5.9833333333E+00  5.9875000000E+00  1.96720E-06  8.48706E+01
  5.9875000000E+00  5.9916666667E+00  2.21584E-06  6.30041E+01
  5.9916666667E+00  5.9958333333E+00  3.29102E-06  7.75365E+01
  5.9958333333E+00  6.0000000000E+00  3.60389E-06  7.07736E+01
  6.0000000000E+00  6.0000000000E+00  3.60389E-06  7.07736E+01