# Detector n: 1D Projection
  1.0000000000E+00  1.0041666667E+00  3.93147E-02  3.20700E-01
  1.0041666667E+00  1.0083333333E+00  3.94368E-02  3.32289E-01
  1.0083333333E+00  1.0125000000E+00  3.94621E-02  3.39397E-01
  1.0125000000E+00  1.0166666667E+00  3.95601E-02  3.36892E-01
  1.0166666667E+00  1.0208333333E+00  3.96047E-02  3.79064E-01
  1.0208333333E+00  1.0250000000E+00  3.97105E-02  3.67848E-01
  1.0250000000E+00  1.0291666667E+00  3.97529E-02  4.02801E-01
  1.0291666667E+00  1.0333333333E+00  3.96229E-02  3.42971E-01
  1.0333333333E+00  1.0375000000E+00  3.95530E-02  3.22067E-01
  1.0375000000E+00  1.0416666667E+00  3.95332E-02  3.14114E-01
  1.0416666667E+00  1.0458333333E+00  3.95168E-02  3.31432E-01
  1.0458333333E+00  1.0500000000E+00  3.96032E-02  3.60328E-01
  1.0500000000E+00  1.0541666667E+00  3.95049E-02  3.17235E-01
  1.0541666667E+00  1.0583333333E+00  3.94521E-02  3.02335E-01
  1.0583333333E+00  1.0625000000E+00  3.95786E-02  3.51682E-01
  1.0625000000E+00  1.0666666667E+00  3.96139E-02  3.10838E-01
  1.0666666667E+00  1.0708333333E+00  3.95349E-02  3.33944E-01
  1.0708333333E+00  1.0750000000E+00  3.96913E-02  3.23645E-01
  1.0750000000E+00  1.0791666667E+00  3.99013E-02  4.00997E-01
  1.0791666667E+00  1.0833333333E+00  4.00404E-02  3.75708E-01
  1.0833333333E+00  1.0875000000E+00  4.00061E-02  2.95034E-01
  1.0875000000E+00  1.0916666667E+00  4.03721E-02  3.88376E-01
  1.0916666667E+00  1.0958333333E+00  4.02291E-02  2.95514E-01
  1.0958333333E+00  1.1000000000E+00  4.04528E-02  4.05703E-01
  1.1000000000E+00  1.1041666667E+00  4.01397E-02  3.48554E-01
  1.1041666667E+00  1.1083333333E+00  4.02509E-02  3.66886E-01
  1.1083333333E+00  1.1125000000E+00  4.04363E-02  3.62338E-01
  1.1125000000E+00  1.1166666667E+00  4.01455E-02  3.37980E-01
  1.1166666667E+00  1.1208333333E+00  4.00534E-02  2.90057E-01
  1.1208333333E+00  1.1250000000E+00  3.99900E-02  3.02945E-01
  1.1250000000E+00  1.1291666667E+00  4.00156E-02  3.04171E-01
  1.1291666667E+00  1.1333333333E+00  4.04196E-02  3.89567E-01
  1.1333333333E+00  1.1375000000E+00  4.02836E-02  3.34131E-01
  1.1375000000E+00  1.1416666667E+00  4.02367E-02  3.33740E-01
  1.1416666667E+00  1.1458333333E+00  4.02413E-02  3.06257E-01
  1.1458333333E+00  1.1500000000E+00  4.02229E-02  3.20335E-01
  1.1500000000E+00  1.1541666667E+00  4.03144E-02  3.32765E-01
  1.1541666667E+00  1.1583333333E+00  4.01632E-02  3.37939E-01
  1.1583333333E+00  1.1625000000E+00  4.02131E-02  3.25681E-01
  1.1625000000E+00  1.1666666667E+00  4.02211E-02  3.00926E-01
  1.1666666667E+00  1.1708333333E+00  4.03566E-02  3.72434E-01
  1.1708333333E+00  1.1750000000E+00  4.02802E-02  3.33753E-01
  1.1750000000E+00  1.1791666667E+00  4.02926E-02  3.54963E-01
  1.1791666667E+00  1.1833333333E+00  4.02997E-02  3.25529E-01
  1.1833333333E+00  1.1875000000E+00  4.01744E-02  3.29866E-01
  1.1875000000E+00  1.1916666667E+00  4.03350E-02  3.99354E-01
  1.1916666667E+00  1.1958333333E+00  4.02852E-02  3.23849E-01
  1.1958333333E+00  1.2000000000E+00  4.07203E-02  3.78961E-01
  1.2000000000E+00  1.2041666667E+00  4.05069E-02  3.47168E-01
  1.2041666667E+00  1.2083333333E+00  4.03359E-02  2.98037E-01
  1.2083333333E+00  1.2125000000E+00  4.02910E-02  2.81610E-01
  1.2125000000E+00  1.2166666667E+00  4.07025E-02  3.81292E-01
  1.2166666667E+00  1.2208333333E+00  4.07588E-02  3.73198E-01
  1.2208333333E+00  1.2250000000E+00  4.05512E-02  3.21812E-01
  1.2250000000E+00  1.2291666667E+00  4.03973E-02  2.66946E-01
  1.2291666667E+00  1.2333333333E+00  4.05253E-02  3.17779E-01
  1.2333333333E+00  1.2375000000E+00  4.06263E-02  3.14315E-01
  1.2375000000E+00  1.2416666667E+00  4.06236E-02  3.12939E-01
  1.2416666667E+00  1.2458333333E+00  4.09980E-02  3.63774E-01
  1.2458333333E+00  1.2500000000E+00  4.07736E-02  3.04361E-01
  1.2500000000E+00  1.2541666667E+00  4.08735E-02  3.05702E-01
  1.2541666667E+00  1.2583333333E+00  4.09905E-02  3.27077E-01
  1.2583333333E+00  1.2625000000E+00  4.07449E-02  2.62444E-01
  1.2625000000E+00  1.2666666667E+00  4.10132E-02  3.33408E-01
  1.2666666667E+00  1.2708333333E+00  4.08218E-02  3.08220E-01
  1.2708333333E+00  1.2750000000E+00  4.10760E-02  3.40341E-01
  1.2750000000E+00  1.2791666667E+00  4.10601E-02  3.19561E-01
  1.2791666667E+00  1.2833333333E+00  4.10824E-02  3.49355E-01
  1.2833333333E+00  1.2875000000E+00  4.11970E-02  3.61402E-01
  1.2875000000E+00  1.2916666667E+00  4.08340E-02  2.88272E-01
  1.2916666667E+00  1.2958333333E+00  4.07387E-02  2.78682E-01
  1.2958333333E+00  1.3000000000E+00  4.10835E-02  3.24095E-01
  1.3000000000E+00  1.3041666667E+00  4.13271E-02  4.09601E-01
  1.3041666667E+00  1.3083333333E+00  4.10842E-02  3.43274E-01
  1.3083333333E+00  1.3125000000E+00  4.11326E-02  3.38272E-01
  1.3125000000E+00  1.3166666667E+00  4.10262E-02  3.43849E-01
  1.3166666667E+00  1.3208333333E+00  4.09872E-02  2.96127E-01
  1.3208333333E+00  1.3250000000E+00  4.12876E-02  3.83203E-01
  1.3250000000E+00  1.3291666667E+00  4.09922E-02  3.04561E-01
  1.3291666667E+00  1.3333333333E+00  4.08730E-02  2.78757E-01
  1.3333333333E+00  1.3375000000E+00  4.11212E-02  3.42375E-01
  1.3375000000E+00  1.3416666667E+00  4.13612E-02  3.29295E-01
  1.3416666667E+00  1.3458333333E+00  4.10091E-02  2.77177E-01
  1.3458333333E+00  1.3500000000E+00  4.11765E-02  3.31273E-01
  1.3500000000E+00  1.3541666667E+00  4.11971E-02  3.40404E-01
  1.3541666667E+00  1.3583333333E+00  4.10631E-02  3.01679E-01
  1.3583333333E+00  1.3625000000E+00  4.10758E-02  3.27340E-01
  1.3625000000E+00  1.3666666667E+00  4.09473E-02  2.74832E-01
  1.3666666667E+00  1.3708333333E+00  4.11333E-02  3.18159E-01
  1.3708333333E+00  1.3750000000E+00  4.11279E-02  3.16379E-01
  1.3750000000E+00  1.3791666667E+00  4.12007E-02  3.39701E-01
  1.3791666667E+00  1.3833333333E+00  4.12408E-02  3.40853E-01
  1.3833333333E+00  1.3875000000E+00  4.10452E-02  2.90913E-01
  1.3875000000E+00  1.3916666667E+00  4.10360E-02  3.23558E-01
  1.3916666667E+00  1.3958333333E+00  4.12545E-02  3.80883E-01
  1.3958333333E+00  1.4000000000E+00  4.11130E-02  3.11177E-01
  1.4000000000E+00  1.4041666667E+00  4.09967E-02  3.04554E-01
  1.4041666667E+00  1.4083333333E+00  4.11265E-02  3.00227E-01
  1.4083333333E+00  1.4125000000E+00  4.13753E-02  3.66146E-01
  1.4125000000E+00  1.4166666667E+00  4.13650E-02  3.26783E-01
  1.4166666667E+00  1.4208333333E+00  4.14597E-02  3.41519E-01
  1.4208333333E+00  1.4250000000E+00  4.13717E-02  3.53649E-01
  1.4250000000E+00  1.4291666667E+00  4.13114E-02  3.25762E-01
  1.4291666667E+00  1.4333333333E+00  4.12807E-02  3.05473E-01
  1.4333333333E+00  1.4375000000E+00  4.14035E-02  3.69049E-01
  1.4375000000E+00  1.4416666667E+00  4.12576E-02  3.11290E-01
  1.4416666667E+00  1.4458333333E+00  4.12386E-02  2.96689E-01
  1.4458333333E+00  1.4500000000E+00  4.12719E-02  3.29288E-01
  1.4500000000E+00  1.4541666667E+00  4.11515E-02  3.07002E-01
  1.4541666667E+00  1.4583333333E+00  4.14122E-02  3.27875E-01
  1.4583333333E+00  1.4625000000E+00  4.13589E-02  2.81510E-01
  1.4625000000E+00  1.4666666667E+00  4.13541E-02  3.00429E-01
  1.4666666667E+00  1.4708333333E+00  4.14192E-02  3.24342E-01
  1.4708333333E+00  1.4750000000E+00  4.12462E-02  2.97586E-01
  1.4750000000E+00  1.4791666667E+00  4.11830E-02  2.50620E-01
  1.4791666667E+00  1.4833333333E+00  4.13134E-02  3.03439E-01
  1.4833333333E+00  1.4875000000E+00  4.12482E-02  2.64334E-01
  1.4875000000E+00  1.4916666667E+00  4.14099E-02  3.14304E-01
  1.4916666667E+00  1.4958333333E+00  4.16969E-02  3.48319E-01
  1.4958333333E+00  1.5000000000E+00  4.14612E-02  3.16472E-01
  1.5000000000E+00  1.5041666667E+00  4.15664E-02  3.13633E-01
  1.5041666667E+00  1.5083333333E+00  4.15058E-02  3.17383E-01
  1.5083333333E+00  1.5125000000E+00  4.16255E-02  3.48427E-01
  1.5125000000E+00  1.5166666667E+00  4.14768E-02  2.75426E-01
  1.5166666667E+00  1.5208333333E+00  4.17201E-02  3.35970E-01
  1.5208333333E+00  1.5250000000E+00  4.16795E-02  3.25835E-01
  1.5250000000E+00  1.5291666667E+00  4.17411E-02  2.98338E-01
  1.5291666667E+00  1.5333333333E+00  4.19579E-02  3.93330E-01
  1.5333333333E+00  1.5375000000E+00  4.17766E-02  3.28935E-01
  1.5375000000E+00  1.5416666667E+00  4.18761E-02  3.39299E-01
  1.5416666667E+00  1.5458333333E+00  4.19991E-02  3.51048E-01
  1.5458333333E+00  1.5500000000E+00  4.17935E-02  2.95844E-01
  1.5500000000E+00  1.5541666667E+00  4.18713E-02  3.62301E-01
  1.5541666667E+00  1.5583333333E+00  4.17597E-02  2.88028E-01
  1.5583333333E+00  1.5625000000E+00  4.18257E-02  2.85254E-01
  1.5625000000E+00  1.5666666667E+00  4.20100E-02  3.21248E-01
  1.5666666667E+00  1.5708333333E+00  4.20689E-02  3.04825E-01
  1.5708333333E+00  1.5750000000E+00  4.23006E-02  3.31726E-01
  1.5750000000E+00  1.5791666667E+00  4.21022E-02  3.05928E-01
  1.5791666667E+00  1.5833333333E+00  4.20418E-02  2.92877E-01
  1.5833333333E+00  1.5875000000E+00  4.22151E-02  3.36298E-01
  1.5875000000E+00  1.5916666667E+00  4.21841E-02  3.13649E-01
  1.5916666667E+00  1.5958333333E+00  4.21700E-02  3.07229E-01
  1.5958333333E+00  1.6000000000E+00  4.23692E-02  3.62481E-01
  1.6000000000E+00  1.6041666667E+00  4.20564E-02  2.77903E-01
  1.6041666667E+00  1.6083333333E+00  4.21215E-02  2.88476E-01
  1.6083333333E+00  1.6125000000E+00  4.23744E-02  3.81973E-01
  1.6125000000E+00  1.6166666667E+00  4.21270E-02  3.24024E-01
  1.6166666667E+00  1.6208333333E+00  4.20278E-02  2.86263E-01
  1.6208333333E+00  1.6250000000E+00  4.21195E-02  3.00662E-01
  1.6250000000E+00  1.6291666667E+00  4.24057E-02  3.72358E-01
  1.6291666667E+00  1.6333333333E+00  4.21542E-02  3.12691E-01
  1.6333333333E+00  1.6375000000E+00  4.20780E-02  3.08271E-01
  1.6375000000E+00  1.6416666667E+00  4.22357E-02  3.02215E-01
  1.6416666667E+00  1.6458333333E+00  4.23094E-02  3.25569E-01
  1.6458333333E+00  1.6500000000E+00  4.23666E-02  3.51653E-01
  1.6500000000E+00  1.6541666667E+00  4.21417E-02  3.07727E-01
  1.6541666667E+00  1.6583333333E+00  4.21331E-02  2.71488E-01
  1.6583333333E+00  1.6625000000E+00  4.23799E-02  3.15448E-01
  1.6625000000E+00  1.6666666667E+00  4.24470E-02  3.14481E-01
  1.6666666667E+00  1.6708333333E+00  4.23443E-02  2.96381E-01
  1.6708333333E+00  1.6750000000E+00  4.23389E-02  3.00813E-01
  1.6750000000E+00  1.6791666667E+00  4.23441E-02  2.87430E-01
  1.6791666667E+00  1.6833333333E+00  4.26221E-02  3.75347E-01
  1.6833333333E+00  1.6875000000E+00  4.24429E-02  3.05854E-01
  1.6875000000E+00  1.6916666667E+00  4.23334E-02  2.86495E-01
  1.6916666667E+00  1.6958333333E+00  4.25526E-02  3.16547E-01
  1.6958333333E+00  1.7000000000E+00  4.24475E-02  3.15001E-01
  1.7000000000E+00  1.7041666667E+00  4.24563E-02  3.28182E-01
  1.7041666667E+00  1.7083333333E+00  4.23343E-02  2.97822E-01
  1.7083333333E+00  1.7125000000E+00  4.24014E-02  3.10164E-01
  1.7125000000E+00  1.7166666667E+00  4.24502E-02  3.19250E-01
  1.7166666667E+00  1.7208333333E+00  4.23694E-02  2.60069E-01
  1.7208333333E+00  1.7250000000E+00  4.22930E-02  2.68842E-01
  1.7250000000E+00  1.7291666667E+00  4.23575E-02  2.67515E-01
  1.7291666667E+00  1.7333333333E+00  4.22553E-02  2.44543E-01
  1.7333333333E+00  1.7375000000E+00  4.24512E-02  3.06998E-01
  1.7375000000E+00  1.7416666667E+00  4.24224E-02  3.26186E-01
  1.7416666667E+00  1.7458333333E+00  4.24466E-02  2.67544E-01
  1.7458333333E+00  1.7500000000E+00  4.25404E-02  3.27969E-01
  1.7500000000E+00  1.7541666667E+00  4.26574E-02  3.34070E-01
  1.7541666667E+00  1.7583333333E+00  4.26630E-02  2.98412E-01
  1.7583333333E+00  1.7625000000E+00  4.28347E-02  3.38852E-01
  1.7625000000E+00  1.7666666667E+00  4.29007E-02  3.59461E-01
  1.7666666667E+00  1.7708333333E+00  4.27200E-02  3.02369E-01
  1.7708333333E+00  1.7750000000E+00  4.27857E-02  3.32040E-01
  1.7750000000E+00  1.7791666667E+00  4.27741E-02  3.38868E-01
  1.7791666667E+00  1.7833333333E+00  4.28612E-02  3.50389E-01
  1.7833333333E+00  1.7875000000E+00  4.29964E-02  3.81781E-01
  1.7875000000E+00  1.7916666667E+00  4.27035E-02  3.17879E-01
  1.7916666667E+00  1.7958333333E+00  4.29947E-02  3.65351E-01
  1.7958333333E+00  1.8000000000E+00  4.29339E-02  3.12793E-01
  1.8000000000E+00  1.8041666667E+00  4.28452E-02  3.00046E-01
  1.8041666667E+00  1.8083333333E+00  4.32209E-02  3.70500E-01
  1.8083333333E+00  1.8125000000E+00  4.30971E-02  3.42746E-01
  1.8125000000E+00  1.8166666667E+00  4.31591E-02  3.56795E-01
  1.8166666667E+00  1.8208333333E+00  4.29743E-02  3.18093E-01
  1.8208333333E+00  1.8250000000E+00  4.28583E-02  2.67525E-01
  1.8250000000E+00  1.8291666667E+00  4.28609E-02  2.69700E-01
  1.8291666667E+00  1.8333333333E+00  4.30582E-02  3.14108E-01
  1.8333333333E+00  1.8375000000E+00  4.30780E-02  3.19275E-01
  1.8375000000E+00  1.8416666667E+00  4.31659E-02  3.30553E-01
  1.8416666667E+00  1.8458333333E+00  4.32245E-02  3.44818E-01
  1.8458333333E+00  1.8500000000E+00  4.30669E-02  3.24116E-01
  1.8500000000E+00  1.8541666667E+00  4.29776E-02  2.80987E-01
  1.8541666667E+00  1.8583333333E+00  4.31095E-02  3.03451E-01
  1.8583333333E+00  1.8625000000E+00  4.31929E-02  3.33381E-01
  1.8625000000E+00  1.8666666667E+00  4.31727E-02  3.30917E-01
  1.8666666667E+00  1.8708333333E+00  4.32285E-02  3.66642E-01
  1.8708333333E+00  1.8750000000E+00  4.32343E-02  3.36045E-01
  1.8750000000E+00  1.8791666667E+00  4.31556E-02  2.82932E-01
  1.8791666667E+00  1.8833333333E+00  4.33056E-02  3.40949E-01
  1.8833333333E+00  1.8875000000E+00  4.32275E-02  3.14204E-01
  1.8875000000E+00  1.8916666667E+00  4.31079E-02  3.00656E-01
  1.8916666667E+00  1.8958333333E+00  4.31747E-02  2.85178E-01
  1.8958333333E+00  1.9000000000E+00  4.32492E-02  3.29257E-01
  1.9000000000E+00  1.9041666667E+00  4.33372E-02  3.46022E-01
  1.9041666667E+00  1.9083333333E+00  4.31959E-02  3.18400E-01
  1.9083333333E+00  1.9125000000E+00  4.32372E-02  3.16240E-01
  1.9125000000E+00  1.9166666667E+00  4.31758E-02  2.85927E-01
  1.9166666667E+00  1.9208333333E+00  4.35398E-02  3.58432E-01
  1.9208333333E+00  1.9250000000E+00  4.33310E-02  3.09804E-01
  1.9250000000E+00  1.9291666667E+00  4.31228E-02  2.68416E-01
  1.9291666667E+00  1.9333333333E+00  4.32642E-02  2.87112E-01
  1.9333333333E+00  1.9375000000E+00  4.32656E-02  2.91121E-01
  1.9375000000E+00  1.9416666667E+00  4.34408E-02  3.35984E-01
  1.9416666667E+00  1.9458333333E+00  4.33898E-02  3.26828E-01
  1.9458333333E+00  1.9500000000E+00  4.31730E-02  2.65638E-01
  1.9500000000E+00  1.9541666667E+00  4.31723E-02  2.56234E-01
  1.9541666667E+00  1.9583333333E+00  4.34959E-02  3.28802E-01
  1.9583333333E+00  1.9625000000E+00  4.32822E-02  2.95578E-01
  1.9625000000E+00  1.9666666667E+00  4.35104E-02  3.23921E-01
  1.9666666667E+00  1.9708333333E+00  4.33344E-02  2.79004E-01
  1.9708333333E+00  1.9750000000E+00  4.34505E-02  2.91326E-01
  1.9750000000E+00  1.9791666667E+00  4.35632E-02  2.97802E-01
  1.9791666667E+00  1.9833333333E+00  4.36578E-02  3.30946E-01
  1.9833333333E+00  1.9875000000E+00  4.36014E-02  3.06901E-01
  1.9875000000E+00  1.9916666667E+00  4.36748E-02  3.11770E-01
  1.9916666667E+00  1.9958333333E+00  4.35735E-02  2.87164E-01
  1.9958333333E+00  2.0000000000E+00  4.36807E-02  3.75234E-01
  2.0000000000E+00  2.0041666667E+00  4.34325E-02  2.45783E-01
  2.0041666667E+00  2.0083333333E+00  4.36343E-02  3.07812E-01
  2.0083333333E+00  2.0125000000E+00  4.37078E-02  3.08121E-01
  2.0125000000E+00  2.0166666667E+00  4.37872E-02  3.32804E-01
  2.0166666667E+00  2.0208333333E+00  4.35999E-02  2.56788E-01
  2.0208333333E+00  2.0250000000E+00  4.37333E-02  3.02313E-01
  2.0250000000E+00  2.0291666667E+00  4.39519E-02  3.57364E-01
  2.0291666667E+00  2.0333333333E+00  4.40502E-02  3.71080E-01
  2.0333333333E+00  2.0375000000E+00  4.38855E-02  3.04613E-01
  2.0375000000E+00  2.0416666667E+00  4.42189E-02  3.95428E-01
  2.0416666667E+00  2.0458333333E+00  4.40310E-02  2.99043E-01
  2.0458333333E+00  2.0500000000E+00  4.42684E-02  3.67616E-01
  2.0500000000E+00  2.0541666667E+00  4.40554E-02  3.17206E-01
  2.0541666667E+00  2.0583333333E+00  4.43668E-02  3.66597E-01
  2.0583333333E+00  2.0625000000E+00  4.42061E-02  3.18433E-01
  2.0625000000E+00  2.0666666667E+00  4.39654E-02  2.79934E-01
  2.0666666667E+00  2.0708333333E+00  4.40678E-02  3.24799E-01
  2.0708333333E+00  2.0750000000E+00  4.40161E-02  3.15321E-01
  2.0750000000E+00  2.0791666667E+00  4.39675E-02  2.86815E-01
  2.0791666667E+00  2.0833333333E+00  4.40912E-02  3.05336E-01
  2.0833333333E+00  2.0875000000E+00  4.41242E-02  2.84424E-01
  2.0875000000E+00  2.0916666667E+00  4.42908E-02  3.24189E-01
  2.0916666667E+00  2.0958333333E+00  4.41682E-02  2.91913E-01
  2.0958333333E+00  2.1000000000E+00  4.42266E-02  3.17561E-01
  2.1000000000E+00  2.1041666667E+00  4.41507E-02  2.95376E-01
  2.1041666667E+00  2.1083333333E+00  4.42481E-02  3.04680E-01
  2.1083333333E+00  2.1125000000E+00  4.41824E-02  2.92018E-01
  2.1125000000E+00  2.1166666667E+00  4.42534E-02  2.87944E-01
  2.1166666667E+00  2.1208333333E+00  4.41381E-02  2.74235E-01
  2.1208333333E+00  2.1250000000E+00  4.42322E-02  3.09879E-01
  2.1250000000E+00  2.1291666667E+00  4.42277E-02  2.72695E-01
  2.1291666667E+00  2.1333333333E+00  4.44763E-02  3.05454E-01
  2.1333333333E+00  2.1375000000E+00  4.46091E-02  3.39220E-01
  2.1375000000E+00  2.1416666667E+00  4.46525E-02  3.24327E-01
  2.1416666667E+00  2.1458333333E+00  4.47863E-02  3.38677E-01
  2.1458333333E+00  2.1500000000E+00  4.47080E-02  3.05085E-01
  2.1500000000E+00  2.1541666667E+00  4.47917E-02  3.40948E-01
  2.1541666667E+00  2.1583333333E+00  4.46839E-02  3.07443E-01
  2.1583333333E+00  2.1625000000E+00  4.47884E-02  3.27298E-01
  2.1625000000E+00  2.1666666667E+00  4.47367E-02  2.96878E-01
  2.1666666667E+00  2.1708333333E+00  4.49027E-02  3.42683E-01
  2.1708333333E+00  2.1750000000E+00  4.46416E-02  3.05562E-01
  2.1750000000E+00  2.1791666667E+00  4.45775E-02  2.90286E-01
  2.1791666667E+00  2.1833333333E+00  4.47554E-02  2.97569E-01
  2.1833333333E+00  2.1875000000E+00  4.47230E-02  2.92708E-01
  2.1875000000E+00  2.1916666667E+00  4.49341E-02  3.22465E-01
  2.1916666667E+00  2.1958333333E+00  4.47855E-02  3.05576E-01
  2.1958333333E+00  2.2000000000E+00  4.45847E-02  2.62526E-01
  2.2000000000E+00  2.2041666667E+00  4.47804E-02  3.14468E-01
  2.2041666667E+00  2.2083333333E+00  4.48696E-02  3.06472E-01
  2.2083333333E+00  2.2125000000E+00  4.48895E-02  3.00944E-01
  2.2125000000E+00  2.2166666667E+00  4.49256E-02  3.00929E-01
  2.2166666667E+00  2.2208333333E+00  4.47577E-02  2.58075E-01
  2.2208333333E+00  2.2250000000E+00  4.48468E-02  2.72079E-01
  2.2250000000E+00  2.2291666667E+00  4.49076E-02  3.13176E-01
  2.2291666667E+00  2.2333333333E+00  4.49506E-02  2.97122E-01
  2.2333333333E+00  2.2375000000E+00  4.49449E-02  2.71525E-01
  2.2375000000E+00  2.2416666667E+00  4.49776E-02  3.02990E-01
  2.2416666667E+00  2.2458333333E+00  4.49866E-02  2.91310E-01
  2.2458333333E+00  2.2500000000E+00  4.49179E-02  3.12398E-01
  2.2500000000E+00  2.2541666667E+00  4.49277E-02  2.72269E-01
  2.2541666667E+00  2.2583333333E+00  4.51785E-02  3.16375E-01
  2.2583333333E+00  2.2625000000E+00  4.50706E-02  2.91538E-01
  2.2625000000E+00  2.2666666667E+00  4.50242E-02  2.74569E-01
  2.2666666667E+00  2.2708333333E+00  4.50380E-02  2.64641E-01
  2.2708333333E+00  2.2750000000E+00  4.51663E-02  2.90154E-01
  2.2750000000E+00  2.2791666667E+00  4.50531E-02  2.88168E-01
  2.2791666667E+00  2.2833333333E+00  4.53246E-02  3.39680E-01
  2.2833333333E+00  2.2875000000E+00  4.51849E-02  2.94175E-01
  2.2875000000E+00  2.2916666667E+00  4.49664E-02  2.58962E-01
  2.2916666667E+00  2.2958333333E+00  4.51914E-02  2.75227E-01
  2.2958333333E+00  2.3000000000E+00  4.51228E-02  2.78140E-01
  2.3000000000E+00  2.3041666667E+00  4.52931E-02  3.08070E-01
  2.3041666667E+00  2.3083333333E+00  4.52684E-02  2.86338E-01
  2.3083333333E+00  2.3125000000E+00  4.51424E-02  2.67294E-01
  2.3125000000E+00  2.3166666667E+00  4.52143E-02  2.71496E-01
  2.3166666667E+00  2.3208333333E+00  4.52932E-02  2.77902E-01
  2.3208333333E+00  2.3250000000E+00  4.53844E-02  3.14998E-01
  2.3250000000E+00  2.3291666667E+00  4.55230E-02  3.18163E-01
  2.3291666667E+00  2.3333333333E+00  4.55138E-02  3.23856E-01
  2.3333333333E+00  2.3375000000E+00  4.55013E-02  3.06617E-01
  2.3375000000E+00  2.3416666667E+00  4.55962E-02  3.27644E-01
  2.3416666667E+00  2.3458333333E+00  4.56251E-02  3.12055E-01
  2.3458333333E+00  2.3500000000E+00  4.55752E-02  2.95960E-01
  2.3500000000E+00  2.3541666667E+00  4.59091E-02  3.44063E-01
  2.3541666667E+00  2.3583333333E+00  4.54314E-02  2.60817E-01
  2.3583333333E+00  2.3625000000E+00  4.55713E-02  3.05660E-01
  2.3625000000E+00  2.3666666667E+00  4.54028E-02  2.54606E-01
  2.3666666667E+00  2.3708333333E+00  4.55740E-02  2.85521E-01
  2.3708333333E+00  2.3750000000E+00  4.54827E-02  2.58751E-01
  2.3750000000E+00  2.3791666667E+00  4.58727E-02  3.42915E-01
  2.3791666667E+00  2.3833333333E+00  4.57984E-02  2.96509E-01
  2.3833333333E+00  2.3875000000E+00  4.58242E-02  3.00780E-01
  2.3875000000E+00  2.3916666667E+00  4.58144E-02  3.23801E-01
  2.3916666667E+00  2.3958333333E+00  4.56071E-02  2.71258E-01
  2.3958333333E+00  2.4000000000E+00  4.55836E-02  2.55659E-01
  2.4000000000E+00  2.4041666667E+00  4.60475E-02  3.30328E-01
  2.4041666667E+00  2.4083333333E+00  4.57324E-02  2.84896E-01
  2.4083333333E+00  2.4125000000E+00  4.58048E-02  2.82321E-01
  2.4125000000E+00  2.4166666667E+00  4.58695E-02  2.70045E-01
  2.4166666667E+00  2.4208333333E+00  4.60775E-02  3.15848E-01
  2.4208333333E+00  2.4250000000E+00  4.60447E-02  3.60232E-01
  2.4250000000E+00  2.4291666667E+00  4.58542E-02  2.62366E-01
  2.4291666667E+00  2.4333333333E+00  4.60651E-02  2.90903E-01
  2.4333333333E+00  2.4375000000E+00  4.62421E-02  3.10625E-01
  2.4375000000E+00  2.4416666667E+00  4.59904E-02  2.82376E-01
  2.4416666667E+00  2.4458333333E+00  4.60720E-02  3.11384E-01
  2.4458333333E+00  2.4500000000E+00  4.60775E-02  2.86828E-01
  2.4500000000E+00  2.4541666667E+00  4.61831E-02  2.88133E-01
  2.4541666667E+00  2.4583333333E+00  4.60801E-02  2.76232E-01
  2.4583333333E+00  2.4625000000E+00  4.62009E-02  3.22968E-01
  2.4625000000E+00  2.4666666667E+00  4.61148E-02  2.93424E-01
  2.4666666667E+00  2.4708333333E+00  4.63031E-02  3.28099E-01
  2.4708333333E+00  2.4750000000E+00  4.63194E-02  3.30702E-01
  2.4750000000E+00  2.4791666667E+00  4.61261E-02  2.81611E-01
  2.4791666667E+00  2.4833333333E+00  4.63404E-02  3.29448E-01
  2.4833333333E+00  2.4875000000E+00  4.63450E-02  3.19765E-01
  2.4875000000E+00  2.4916666667E+00  4.63852E-02  3.06055E-01
  2.4916666667E+00  2.4958333333E+00  4.63364E-02  2.88604E-01
  2.4958333333E+00  2.5000000000E+00  4.62879E-02  2.98611E-01
  2.5000000000E+00  2.5041666667E+00  4.63876E-02  2.96096E-01
  2.5041666667E+00  2.5083333333E+00  4.61873E-02  2.45302E-01
  2.5083333333E+00  2.5125000000E+00  4.63734E-02  2.91578E-01
  2.5125000000E+00  2.5166666667E+00  4.63769E-02  2.99081E-01
  2.5166666667E+00  2.5208333333E+00  4.64778E-02  2.97379E-01
  2.5208333333E+00  2.5250000000E+00  4.65994E-02  3.06946E-01
  2.5250000000E+00  2.5291666667E+00  4.65591E-02  3.09245E-01
  2.5291666667E+00  2.5333333333E+00  4.65270E-02  2.99626E-01
  2.5333333333E+00  2.5375000000E+00  4.66583E-02  3.47507E-01
  2.5375000000E+00  2.5416666667E+00  4.68318E-02  3.17521E-01
  2.5416666667E+00  2.5458333333E+00  4.64936E-02  2.60887E-01
  2.5458333333E+00  2.5500000000E+00  4.66082E-02  3.14419E-01
  2.5500000000E+00  2.5541666667E+00  4.67389E-02  3.02918E-01
  2.5541666667E+00  2.5583333333E+00  4.67950E-02  3.25710E-01
  2.5583333333E+00  2.5625000000E+00  4.68166E-02  3.09003E-01
  2.5625000000E+00  2.5666666667E+00  4.66102E-02  2.65393E-01
  2.5666666667E+00  2.5708333333E+00  4.68647E-02  3.04009E-01
  2.5708333333E+00  2.5750000000E+00  4.68263E-02  3.04428E-01
  2.5750000000E+00  2.5791666667E+00  4.69206E-02  3.11919E-01
  2.5791666667E+00  2.5833333333E+00  4.67719E-02  2.74864E-01
  2.5833333333E+00  2.5875000000E+00  4.69844E-02  2.97363E-01
  2.5875000000E+00  2.5916666667E+00  4.69939E-02  3.17677E-01
  2.5916666667E+00  2.5958333333E+00  4.69124E-02  3.02966E-01
  2.5958333333E+00  2.6000000000E+00  4.68288E-02  2.90142E-01
  2.6000000000E+00  2.6041666667E+00  4.68659E-02  2.80087E-01
  2.6041666667E+00  2.6083333333E+00  4.69225E-02  2.86968E-01
  2.6083333333E+00  2.6125000000E+00  4.68605E-02  2.74593E-01
  2.6125000000E+00  2.6166666667E+00  4.69634E-02  2.79046E-01
  2.6166666667E+00  2.6208333333E+00  4.70243E-02  3.07516E-01
  2.6208333333E+00  2.6250000000E+00  4.70900E-02  2.97827E-01
  2.6250000000E+00  2.6291666667E+00  4.72949E-02  3.09885E-01
  2.6291666667E+00  2.6333333333E+00  4.74917E-02  3.51445E-01
  2.6333333333E+00  2.6375000000E+00  4.72415E-02  2.80504E-01
  2.6375000000E+00  2.6416666667E+00  4.74320E-02  3.11759E-01
  2.6416666667E+00  2.6458333333E+00  4.73232E-02  3.03721E-01
  2.6458333333E+00  2.6500000000E+00  4.71648E-02  2.82889E-01
  2.6500000000E+00  2.6541666667E+00  4.71627E-02  2.65024E-01
  2.6541666667E+00  2.6583333333E+00  4.72141E-02  2.84615E-01
  2.6583333333E+00  2.6625000000E+00  4.74807E-02  3.25081E-01
  2.6625000000E+00  2.6666666667E+00  4.73104E-02  2.84339E-01
  2.6666666667E+00  2.6708333333E+00  4.72455E-02  2.59757E-01
  2.6708333333E+00  2.6750000000E+00  4.73859E-02  2.78465E-01
  2.6750000000E+00  2.6791666667E+00  4.74553E-02  3.03069E-01
  2.6791666667E+00  2.6833333333E+00  4.76068E-02  3.36502E-01
  2.6833333333E+00  2.6875000000E+00  4.74841E-02  2.78835E-01
  2.6875000000E+00  2.6916666667E+00  4.74160E-02  2.81833E-01
  2.6916666667E+00  2.6958333333E+00  4.74065E-02  2.72250E-01
  2.6958333333E+00  2.7000000000E+00  4.74155E-02  2.70725E-01
  2.7000000000E+00  2.7041666667E+00  4.75330E-02  2.73881E-01
  2.7041666667E+00  2.7083333333E+00  4.73863E-02  2.38571E-01
  2.7083333333E+00  2.7125000000E+00  4.75358E-02  2.76902E-01
  2.7125000000E+00  2.7166666667E+00  4.77137E-02  3.26032E-01
  2.7166666667E+00  2.7208333333E+00  4.76094E-02  2.71533E-01
  2.7208333333E+00  2.7250000000E+00  4.76657E-02  2.81051E-01
  2.7250000000E+00  2.7291666667E+00  4.78484E-02  3.09918E-01
  2.7291666667E+00  2.7333333333E+00  4.79552E-02  3.19669E-01
  2.7333333333E+00  2.7375000000E+00  4.79963E-02  2.91826E-01
  2.7375000000E+00  2.7416666667E+00  4.79356E-02  3.03140E-01
  2.7416666667E+00  2.7458333333E+00  4.78370E-02  2.97158E-01
  2.7458333333E+00  2.7500000000E+00  4.80070E-02  2.99305E-01
  2.7500000000E+00  2.7541666667E+00  4.80781E-02  3.30088E-01
  2.7541666667E+00  2.7583333333E+00  4.79684E-02  2.84528E-01
  2.7583333333E+00  2.7625000000E+00  4.79749E-02  3.05156E-01
  2.7625000000E+00  2.7666666667E+00  4.81510E-02  3.38561E-01
  2.7666666667E+00  2.7708333333E+00  4.78860E-02  3.14090E-01
  2.7708333333E+00  2.7750000000E+00  4.78852E-02  2.65233E-01
  2.7750000000E+00  2.7791666667E+00  4.80008E-02  2.87292E-01
  2.7791666667E+00  2.7833333333E+00  4.80934E-02  2.91462E-01
  2.7833333333E+00  2.7875000000E+00  4.80058E-02  2.93309E-01
  2.7875000000E+00  2.7916666667E+00  4.81651E-02  2.93297E-01
  2.7916666667E+00  2.7958333333E+00  4.80472E-02  2.50281E-01
  2.7958333333E+00  2.8000000000E+00  4.81163E-02  2.79884E-01
  2.8000000000E+00  2.8041666667E+00  4.83373E-02  3.02199E-01
  2.8041666667E+00  2.8083333333E+00  4.81794E-02  2.72032E-01
  2.8083333333E+00  2.8125000000E+00  4.81240E-02  2.71155E-01
  2.8125000000E+00  2.8166666667E+00  4.82079E-02  2.58194E-01
  2.8166666667E+00  2.8208333333E+00  4.84997E-02  2.90207E-01
  2.8208333333E+00  2.8250000000E+00  4.84368E-02  2.89358E-01
  2.8250000000E+00  2.8291666667E+00  4.82779E-02  2.70021E-01
  2.8291666667E+00  2.8333333333E+00  4.82766E-02  2.58551E-01
  2.8333333333E+00  2.8375000000E+00  4.84182E-02  2.92701E-01
  2.8375000000E+00  2.8416666667E+00  4.83001E-02  2.66147E-01
  2.8416666667E+00  2.8458333333E+00  4.83948E-02  2.66656E-01
  2.8458333333E+00  2.8500000000E+00  4.83724E-02  2.56598E-01
  2.8500000000E+00  2.8541666667E+00  4.87203E-02  3.32457E-01
  2.8541666667E+00  2.8583333333E+00  4.86237E-02  3.22605E-01
  2.8583333333E+00  2.8625000000E+00  4.85899E-02  2.84834E-01
  2.8625000000E+00  2.8666666667E+00  4.85926E-02  2.94926E-01
  2.8666666667E+00  2.8708333333E+00  4.86985E-02  2.91151E-01
  2.8708333333E+00  2.8750000000E+00  4.87675E-02  2.77577E-01
  2.8750000000E+00  2.8791666667E+00  4.90263E-02  3.42412E-01
  2.8791666667E+00  2.8833333333E+00  4.86662E-02  2.63585E-01
  2.8833333333E+00  2.8875000000E+00  4.88462E-02  3.08333E-01
  2.8875000000E+00  2.8916666667E+00  4.88807E-02  2.88581E-01
  2.8916666667E+00  2.8958333333E+00  4.89124E-02  2.90035E-01
  2.8958333333E+00  2.9000000000E+00  4.88893E-02  2.86823E-01
  2.9000000000E+00  2.9041666667E+00  4.89959E-02  2.99365E-01
  2.9041666667E+00  2.9083333333E+00  4.90031E-02  2.94978E-01
  2.9083333333E+00  2.9125000000E+00  4.90468E-02  2.96977E-01
  2.9125000000E+00  2.9166666667E+00  4.94461E-02  3.65299E-01
  2.9166666667E+00  2.9208333333E+00  4.90958E-02  2.87715E-01
  2.9208333333E+00  2.9250000000E+00  4.90322E-02  2.97310E-01
  2.9250000000E+00  2.9291666667E+00  4.88869E-02  2.57535E-01
  2.9291666667E+00  2.9333333333E+00  4.88157E-02  2.37939E-01
  2.9333333333E+00  2.9375000000E+00  4.91729E-02  2.81912E-01
  2.9375000000E+00  2.9416666667E+00  4.91482E-02  2.79111E-01
  2.9416666667E+00  2.9458333333E+00  4.92672E-02  3.05427E-01
  2.9458333333E+00  2.9500000000E+00  4.91527E-02  2.73744E-01
  2.9500000000E+00  2.9541666667E+00  4.93331E-02  3.09004E-01
  2.9541666667E+00  2.9583333333E+00  4.94870E-02  3.04279E-01
  2.9583333333E+00  2.9625000000E+00  4.94552E-02  3.00603E-01
  2.9625000000E+00  2.9666666667E+00  4.95808E-02  3.32575E-01
  2.9666666667E+00  2.9708333333E+00  4.93910E-02  3.09042E-01
  2.9708333333E+00  2.9750000000E+00  4.95608E-02  3.03733E-01
  2.9750000000E+00  2.9791666667E+00  4.94067E-02  2.86221E-01
  2.9791666667E+00  2.9833333333E+00  4.92194E-02  2.62388E-01
  2.9833333333E+00  2.9875000000E+00  4.94667E-02  2.90075E-01
  2.9875000000E+00  2.9916666667E+00  4.96033E-02  2.99600E-01
  2.9916666667E+00  2.9958333333E+00  4.95037E-02  2.85425E-01
  2.9958333333E+00  3.0000000000E+00  4.95127E-02  2.78958E-01
  3.0000000000E+00  3.0041666667E+00  4.95431E-02  2.80363E-01
  3.0041666667E+00  3.0083333333E+00  4.96394E-02  2.74619E-01
  3.0083333333E+00  3.0125000000E+00  4.95624E-02  2.71771E-01
  3.0125000000E+00  3.0166666667E+00  4.97150E-02  2.91136E-01
  3.0166666667E+00  3.0208333333E+00  4.96808E-02  2.71388E-01
  3.0208333333E+00  3.0250000000E+00  4.96328E-02  2.81413E-01
  3.0250000000E+00  3.0291666667E+00  4.99089E-02  2.99763E-01
  3.0291666667E+00  3.0333333333E+00  4.97915E-02  2.95744E-01
  3.0333333333E+00  3.0375000000E+00  4.96314E-02  2.69987E-01
  3.0375000000E+00  3.0416666667E+00  4.96916E-02  2.67930E-01
  3.0416666667E+00  3.0458333333E+00  4.98211E-02  2.71249E-01
  3.0458333333E+00  3.0500000000E+00  4.99477E-02  2.89673E-01
  3.0500000000E+00  3.0541666667E+00  5.00259E-02  2.84892E-01
  3.0541666667E+00  3.0583333333E+00  5.02414E-02  3.26929E-01
  3.0583333333E+00  3.0625000000E+00  5.02262E-02  3.25732E-01
  3.0625000000E+00  3.0666666667E+00  5.02131E-02  3.04414E-01
  3.0666666667E+00  3.0708333333E+00  4.99468E-02  2.60249E-01
  3.0708333333E+00  3.0750000000E+00  5.01009E-02  2.71545E-01
  3.0750000000E+00  3.0791666667E+00  5.02963E-02  3.04888E-01
  3.0791666667E+00  3.0833333333E+00  5.02994E-02  3.07765E-01
  3.0833333333E+00  3.0875000000E+00  5.03263E-02  2.96522E-01
  3.0875000000E+00  3.0916666667E+00  5.03886E-02  3.10689E-01
  3.0916666667E+00  3.0958333333E+00  5.03581E-02  3.11911E-01
  3.0958333333E+00  3.1000000000E+00  5.02757E-02  2.70572E-01
  3.1000000000E+00  3.1041666667E+00  5.03377E-02  2.98854E-01
  3.1041666667E+00  3.1083333333E+00  5.01412E-02  2.30298E-01
  3.1083333333E+00  3.1125000000E+00  5.04778E-02  2.90222E-01
  3.1125000000E+00  3.1166666667E+00  5.02797E-02  2.60680E-01
  3.1166666667E+00  3.1208333333E+00  5.03399E-02  2.65236E-01
  3.1208333333E+00  3.1250000000E+00  5.05602E-02  3.04576E-01
  3.1250000000E+00  3.1291666667E+00  5.06919E-02  2.99610E-01
  3.1291666667E+00  3.1333333333E+00  5.06037E-02  2.89156E-01
  3.1333333333E+00  3.1375000000E+00  5.05890E-02  2.72097E-01
  3.1375000000E+00  3.1416666667E+00  5.07400E-02  2.80931E-01
  3.1416666667E+00  3.1458333333E+00  5.06734E-02  2.72042E-01
  3.1458333333E+00  3.1500000000E+00  5.08047E-02  2.97945E-01
  3.1500000000E+00  3.1541666667E+00  5.07605E-02  2.76039E-01
  3.1541666667E+00  3.1583333333E+00  5.05735E-02  2.43867E-01
  3.1583333333E+00  3.1625000000E+00  5.06180E-02  2.54750E-01
  3.1625000000E+00  3.1666666667E+00  5.06649E-02  2.78083E-01
  3.1666666667E+00  3.1708333333E+00  5.07666E-02  2.68151E-01
  3.1708333333E+00  3.1750000000E+00  5.09113E-02  3.10193E-01
  3.1750000000E+00  3.1791666667E+00  5.08983E-02  2.86953E-01
  3.1791666667E+00  3.1833333333E+00  5.11267E-02  2.87155E-01
  3.1833333333E+00  3.1875000000E+00  5.08902E-02  2.48509E-01
  3.1875000000E+00  3.1916666667E+00  5.11025E-02  2.73585E-01
  3.1916666667E+00  3.1958333333E+00  5.10930E-02  2.98223E-01
  3.1958333333E+00  3.2000000000E+00  5.10087E-02  2.53172E-01
  3.2000000000E+00  3.2041666667E+00  5.11982E-02  2.74808E-01
  3.2041666667E+00  3.2083333333E+00  5.10921E-02  2.53872E-01
  3.2083333333E+00  3.2125000000E+00  5.13317E-02  2.96171E-01
  3.2125000000E+00  3.2166666667E+00  5.13842E-02  2.89223E-01
  3.2166666667E+00  3.2208333333E+00  5.14791E-02  3.02692E-01
  3.2208333333E+00  3.2250000000E+00  5.13576E-02  2.76316E-01
  3.2250000000E+00  3.2291666667E+00  5.15027E-02  3.01626E-01
  3.2291666667E+00  3.2333333333E+00  5.13833E-02  2.85486E-01
  3.2333333333E+00  3.2375000000E+00  5.12921E-02  2.55122E-01
  3.2375000000E+00  3.2416666667E+00  5.14896E-02  2.76466E-01
  3.2416666667E+00  3.2458333333E+00  5.11838E-02  2.45797E-01
  3.2458333333E+00  3.2500000000E+00  5.15819E-02  2.78918E-01
  3.2500000000E+00  3.2541666667E+00  5.15114E-02  2.54044E-01
  3.2541666667E+00  3.2583333333E+00  5.16047E-02  2.63496E-01
  3.2583333333E+00  3.2625000000E+00  5.18559E-02  2.95205E-01
  3.2625000000E+00  3.2666666667E+00  5.17632E-02  2.81693E-01
  3.2666666667E+00  3.2708333333E+00  5.18751E-02  2.83328E-01
  3.2708333333E+00  3.2750000000E+00  5.18892E-02  2.77274E-01
  3.2750000000E+00  3.2791666667E+00  5.19130E-02  2.96625E-01
  3.2791666667E+00  3.2833333333E+00  5.20227E-02  2.77804E-01
  3.2833333333E+00  3.2875000000E+00  5.21398E-02  3.14836E-01
  3.2875000000E+00  3.2916666667E+00  5.19995E-02  2.82246E-01
  3.2916666667E+00  3.2958333333E+00  5.19976E-02  2.80004E-01
  3.2958333333E+00  3.3000000000E+00  5.18939E-02  2.52350E-01
  3.3000000000E+00  3.3041666667E+00  5.20525E-02  2.84825E-01
  3.3041666667E+00  3.3083333333E+00  5.21126E-02  2.78692E-01
  3.3083333333E+00  3.3125000000E+00  5.20662E-02  2.77783E-01
  3.3125000000E+00  3.3166666667E+00  5.18926E-02  2.42661E-01
  3.3166666667E+00  3.3208333333E+00  5.19771E-02  2.52950E-01
  3.3208333333E+00  3.3250000000E+00  5.22761E-02  2.81160E-01
  3.3250000000E+00  3.3291666667E+00  5.24117E-02  2.94899E-01
  3.3291666667E+00  3.3333333333E+00  5.22951E-02  2.70768E-01
  3.3333333333E+00  3.3375000000E+00  5.21909E-02  2.40407E-01
  3.3375000000E+00  3.3416666667E+00  5.25025E-02  3.06650E-01
  3.3416666667E+00  3.3458333333E+00  5.24606E-02  2.90146E-01
  3.3458333333E+00  3.3500000000E+00  5.23700E-02  2.69412E-01
  3.3500000000E+00  3.3541666667E+00  5.26854E-02  3.06022E-01
  3.3541666667E+00  3.3583333333E+00  5.29516E-02  3.20135E-01
  3.3583333333E+00  3.3625000000E+00  5.28127E-02  3.02242E-01
  3.3625000000E+00  3.3666666667E+00  5.26361E-02  2.64858E-01
  3.3666666667E+00  3.3708333333E+00  5.27716E-02  2.98766E-01
  3.3708333333E+00  3.3750000000E+00  5.27857E-02  2.84377E-01
  3.3750000000E+00  3.3791666667E+00  5.27577E-02  2.80578E-01
  3.3791666667E+00  3.3833333333E+00  5.30338E-02  3.06711E-01
  3.3833333333E+00  3.3875000000E+00  5.27791E-02  2.68251E-01
  3.3875000000E+00  3.3916666667E+00  5.30151E-02  2.98508E-01
  3.3916666667E+00  3.3958333333E+00  5.30418E-02  2.87986E-01
  3.3958333333E+00  3.4000000000E+00  5.33001E-02  3.26572E-01
  3.4000000000E+00  3.4041666667E+00  5.28045E-02  2.27889E-01
  3.4041666667E+00  3.4083333333E+00  5.30795E-02  2.70271E-01
  3.4083333333E+00  3.4125000000E+00  5.32695E-02  2.98035E-01
  3.4125000000E+00  3.4166666667E+00  5.32212E-02  2.82653E-01
  3.4166666667E+00  3.4208333333E+00  5.32697E-02  2.70220E-01
  3.4208333333E+00  3.4250000000E+00  5.31071E-02  2.55033E-01
  3.4250000000E+00  3.4291666667E+00  5.33781E-02  2.83760E-01
  3.4291666667E+00  3.4333333333E+00  5.32939E-02  2.59240E-01
  3.4333333333E+00  3.4375000000E+00  5.34418E-02  2.81566E-01
  3.4375000000E+00  3.4416666667E+00  5.35434E-02  2.91742E-01
  3.4416666667E+00  3.4458333333E+00  5.36656E-02  3.01884E-01
  3.4458333333E+00  3.4500000000E+00  5.36076E-02  2.83192E-01
  3.4500000000E+00  3.4541666667E+00  5.35257E-02  2.73485E-01
  3.4541666667E+00  3.4583333333E+00  5.36876E-02  2.79112E-01
  3.4583333333E+00  3.4625000000E+00  5.38217E-02  2.86124E-01
  3.4625000000E+00  3.4666666667E+00  5.36823E-02  2.43520E-01
  3.4666666667E+00  3.4708333333E+00  5.35861E-02  2.35762E-01
  3.4708333333E+00  3.4750000000E+00  5.40202E-02  3.03830E-01
  3.4750000000E+00  3.4791666667E+00  5.37511E-02  2.74405E-01
  3.4791666667E+00  3.4833333333E+00  5.37718E-02  2.63267E-01
  3.4833333333E+00  3.4875000000E+00  5.36930E-02  2.50041E-01
  3.4875000000E+00  3.4916666667E+00  5.41224E-02  3.03444E-01
  3.4916666667E+00  3.4958333333E+00  5.41024E-02  2.82547E-01
  3.4958333333E+00  3.5000000000E+00  5.41307E-02  2.91272E-01
  3.5000000000E+00  3.5041666667E+00  5.40854E-02  2.64670E-01
  3.5041666667E+00  3.5083333333E+00  5.42065E-02  2.85550E-01
  3.5083333333E+00  3.5125000000E+00  5.42143E-02  2.85472E-01
  3.5125000000E+00  3.5166666667E+00  5.42782E-02  2.87028E-01
  3.5166666667E+00  3.5208333333E+00  5.44311E-02  3.01022E-01
  3.5208333333E+00  3.5250000000E+00  5.43322E-02  2.54862E-01
  3.5250000000E+00  3.5291666667E+00  5.42657E-02  2.52002E-01
  3.5291666667E+00  3.5333333333E+00  5.44476E-02  2.78846E-01
  3.5333333333E+00  3.5375000000E+00  5.44357E-02  2.73989E-01
  3.5375000000E+00  3.5416666667E+00  5.43978E-02  2.58495E-01
  3.5416666667E+00  3.5458333333E+00  5.45789E-02  2.66752E-01
  3.5458333333E+00  3.5500000000E+00  5.46773E-02  2.63446E-01
  3.5500000000E+00  3.5541666667E+00  5.49733E-02  2.92618E-01
  3.5541666667E+00  3.5583333333E+00  5.46698E-02  2.46949E-01
  3.5583333333E+00  3.5625000000E+00  5.50547E-02  2.95557E-01
  3.5625000000E+00  3.5666666667E+00  5.48828E-02  2.80527E-01
  3.5666666667E+00  3.5708333333E+00  5.50227E-02  2.96026E-01
  3.5708333333E+00  3.5750000000E+00  5.49848E-02  2.69537E-01
  3.5750000000E+00  3.5791666667E+00  5.52580E-02  3.01707E-01
  3.5791666667E+00  3.5833333333E+00  5.50832E-02  2.76738E-01
  3.5833333333E+00  3.5875000000E+00  5.50644E-02  2.59907E-01
  3.5875000000E+00  3.5916666667E+00  5.52384E-02  2.65765E-01
  3.5916666667E+00  3.5958333333E+00  5.52068E-02  2.72346E-01
  3.5958333333E+00  3.6000000000E+00  5.52342E-02  2.70077E-01
  3.6000000000E+00  3.6041666667E+00  5.52540E-02  2.64063E-01
  3.6041666667E+00  3.6083333333E+00  5.54151E-02  2.72216E-01
  3.6083333333E+00  3.6125000000E+00  5.55909E-02  2.98486E-01
  3.6125000000E+00  3.6166666667E+00  5.54014E-02  2.63424E-01
  3.6166666667E+00  3.6208333333E+00  5.55036E-02  2.70173E-01
  3.6208333333E+00  3.6250000000E+00  5.56237E-02  2.76839E-01
  3.6250000000E+00  3.6291666667E+00  5.56929E-02  2.64867E-01
  3.6291666667E+00  3.6333333333E+00  5.56341E-02  2.60434E-01
  3.6333333333E+00  3.6375000000E+00  5.56744E-02  2.59298E-01
  3.6375000000E+00  3.6416666667E+00  5.57033E-02  2.65370E-01
  3.6416666667E+00  3.6458333333E+00  5.59626E-02  2.82384E-01
  3.6458333333E+00  3.6500000000E+00  5.59915E-02  2.84174E-01
  3.6500000000E+00  3.6541666667E+00  5.57912E-02  2.35976E-01
  3.6541666667E+00  3.6583333333E+00  5.60671E-02  2.69674E-01
  3.6583333333E+00  3.6625000000E+00  5.62212E-02  2.82822E-01
  3.6625000000E+00  3.6666666667E+00  5.61546E-02  2.86681E-01
  3.6666666667E+00  3.6708333333E+00  5.61361E-02  2.64446E-01
  3.6708333333E+00  3.6750000000E+00  5.63795E-02  2.84009E-01
  3.6750000000E+00  3.6791666667E+00  5.64089E-02  2.68918E-01
  3.6791666667E+00  3.6833333333E+00  5.64163E-02  2.70838E-01
  3.6833333333E+00  3.6875000000E+00  5.62058E-02  2.37720E-01
  3.6875000000E+00  3.6916666667E+00  5.64384E-02  2.70228E-01
  3.6916666667E+00  3.6958333333E+00  5.63001E-02  2.27410E-01
  3.6958333333E+00  3.7000000000E+00  5.65141E-02  2.49461E-01
  3.7000000000E+00  3.7041666667E+00  5.66419E-02  2.75192E-01
  3.7041666667E+00  3.7083333333E+00  5.66601E-02  2.58687E-01
  3.7083333333E+00  3.7125000000E+00  5.68259E-02  2.67577E-01
  3.7125000000E+00  3.7166666667E+00  5.69234E-02  2.65818E-01
  3.7166666667E+00  3.7208333333E+00  5.69604E-02  2.66082E-01
  3.7208333333E+00  3.7250000000E+00  5.68852E-02  2.55632E-01
  3.7250000000E+00  3.7291666667E+00  5.69045E-02  2.53842E-01
  3.7291666667E+00  3.7333333333E+00  5.71636E-02  2.66613E-01
  3.7333333333E+00  3.7375000000E+00  5.72971E-02  2.71626E-01
  3.7375000000E+00  3.7416666667E+00  5.74759E-02  2.91588E-01
  3.7416666667E+00  3.7458333333E+00  5.72735E-02  2.68240E-01
  3.7458333333E+00  3.7500000000E+00  5.74246E-02  2.57397E-01
  3.7500000000E+00  3.7541666667E+00  5.75793E-02  2.73346E-01
  3.7541666667E+00  3.7583333333E+00  5.76096E-02  2.74356E-01
  3.7583333333E+00  3.7625000000E+00  5.75488E-02  2.52663E-01
  3.7625000000E+00  3.7666666667E+00  5.76711E-02  2.64331E-01
  3.7666666667E+00  3.7708333333E+00  5.76394E-02  2.45147E-01
  3.7708333333E+00  3.7750000000E+00  5.79302E-02  2.70322E-01
  3.7750000000E+00  3.7791666667E+00  5.80063E-02  2.67275E-01
  3.7791666667E+00  3.7833333333E+00  5.79336E-02  2.53077E-01
  3.7833333333E+00  3.7875000000E+00  5.79913E-02  2.61335E-01
  3.7875000000E+00  3.7916666667E+00  5.79486E-02  2.54116E-01
  3.7916666667E+00  3.7958333333E+00  5.80946E-02  2.56550E-01
  3.7958333333E+00  3.8000000000E+00  5.82379E-02  2.68817E-01
  3.8000000000E+00  3.8041666667E+00  5.82789E-02  2.72302E-01
  3.8041666667E+00  3.8083333333E+00  5.84572E-02  2.75275E-01
  3.8083333333E+00  3.8125000000E+00  5.86127E-02  2.80881E-01
  3.8125000000E+00  3.8166666667E+00  5.84996E-02  2.60106E-01
  3.8166666667E+00  3.8208333333E+00  5.86197E-02  2.62200E-01
  3.8208333333E+00  3.8250000000E+00  5.89211E-02  2.83979E-01
  3.8250000000E+00  3.8291666667E+00  5.89008E-02  2.66737E-01
  3.8291666667E+00  3.8333333333E+00  5.89502E-02  2.62406E-01
  3.8333333333E+00  3.8375000000E+00  5.88773E-02  2.45276E-01
  3.8375000000E+00  3.8416666667E+00  5.91155E-02  2.80239E-01
  3.8416666667E+00  3.8458333333E+00  5.93007E-02  2.73256E-01
  3.8458333333E+00  3.8500000000E+00  5.91002E-02  2.50578E-01
  3.8500000000E+00  3.8541666667E+00  5.91642E-02  2.46137E-01
  3.8541666667E+00  3.8583333333E+00  5.92764E-02  2.61107E-01
  3.8583333333E+00  3.8625000000E+00  5.94419E-02  2.74843E-01
  3.8625000000E+00  3.8666666667E+00  5.95334E-02  2.65303E-01
  3.8666666667E+00  3.8708333333E+00  5.94691E-02  2.52889E-01
  3.8708333333E+00  3.8750000000E+00  5.95738E-02  2.60137E-01
  3.8750000000E+00  3.8791666667E+00  5.96133E-02  2.50721E-01
  3.8791666667E+00  3.8833333333E+00  5.99601E-02  2.84325E-01
  3.8833333333E+00  3.8875000000E+00  5.98835E-02  2.59426E-01
  3.8875000000E+00  3.8916666667E+00  5.98955E-02  2.50693E-01
  3.8916666667E+00  3.8958333333E+00  6.01616E-02  2.71842E-01
  3.8958333333E+00  3.9000000000E+00  6.00437E-02  2.48646E-01
  3.9000000000E+00  3.9041666667E+00  6.04141E-02  2.83664E-01
  3.9041666667E+00  3.9083333333E+00  6.03520E-02  2.46196E-01
  3.9083333333E+00  3.9125000000E+00  6.05108E-02  2.57081E-01
  3.9125000000E+00  3.9166666667E+00  6.06466E-02  2.64968E-01
  3.9166666667E+00  3.9208333333E+00  6.06044E-02  2.50788E-01
  3.9208333333E+00  3.9250000000E+00  6.08120E-02  2.73702E-01
  3.9250000000E+00  3.9291666667E+00  6.08353E-02  2.49331E-01
  3.9291666667E+00  3.9333333333E+00  6.10499E-02  2.78450E-01
  3.9333333333E+00  3.9375000000E+00  6.10739E-02  2.61504E-01
  3.9375000000E+00  3.9416666667E+00  6.12401E-02  2.70912E-01
  3.9416666667E+00  3.9458333333E+00  6.12135E-02  2.65795E-01
  3.9458333333E+00  3.9500000000E+00  6.11636E-02  2.44287E-01
  3.9500000000E+00  3.9541666667E+00  6.13720E-02  2.56813E-01
  3.9541666667E+00  3.9583333333E+00  6.16809E-02  2.87814E-01
  3.9583333333E+00  3.9625000000E+00  6.14892E-02  2.39558E-01
  3.9625000000E+00  3.9666666667E+00  6.18537E-02  2.89432E-01
  3.9666666667E+00  3.9708333333E+00  6.16627E-02  2.37834E-01
  3.9708333333E+00  3.9750000000E+00  6.18550E-02  2.55014E-01
  3.9750000000E+00  3.9791666667E+00  6.21157E-02  2.76643E-01
  3.9791666667E+00  3.9833333333E+00  6.23968E-02  2.93358E-01
  3.9833333333E+00  3.9875000000E+00  6.22626E-02  2.56346E-01
  3.9875000000E+00  3.9916666667E+00  6.23172E-02  2.54244E-01
  3.9916666667E+00  3.9958333333E+00  6.25341E-02  2.63470E-01
  3.9958333333E+00  4.0000000000E+00  6.28218E-02  2.83666E-01
  4.0000000000E+00  4.0041666667E+00  6.29348E-02  2.78414E-01
  4.0041666667E+00  4.0083333333E+00  6.28634E-02  2.55996E-01
  4.0083333333E+00  4.0125000000E+00  6.30043E-02  2.68325E-01
  4.0125000000E+00  4.0166666667E+00  6.28288E-02  2.32665E-01
  4.0166666667E+00  4.0208333333E+00  6.29616E-02  2.42253E-01
  4.0208333333E+00  4.0250000000E+00  6.33600E-02  2.60231E-01
  4.0250000000E+00  4.0291666667E+00  6.32505E-02  2.30831E-01
  4.0291666667E+00  4.0333333333E+00  6.34993E-02  2.41277E-01
  4.0333333333E+00  4.0375000000E+00  6.36061E-02  2.54518E-01
  4.0375000000E+00  4.0416666667E+00  6.39061E-02  2.65607E-01
  4.0416666667E+00  4.0458333333E+00  6.40064E-02  2.62433E-01
  4.0458333333E+00  4.0500000000E+00  6.38698E-02  2.34271E-01
  4.0500000000E+00  4.0541666667E+00  6.42271E-02  2.61250E-01
  4.0541666667E+00  4.0583333333E+00  6.44202E-02  2.57259E-01
  4.0583333333E+00  4.0625000000E+00  6.45521E-02  2.68566E-01
  4.0625000000E+00  4.0666666667E+00  6.47093E-02  2.60413E-01
  4.0666666667E+00  4.0708333333E+00  6.49259E-02  2.87958E-01
  4.0708333333E+00  4.0750000000E+00  6.48234E-02  2.43408E-01
  4.0750000000E+00  4.0791666667E+00  6.51390E-02  2.66575E-01
  4.0791666667E+00  4.0833333333E+00  6.52087E-02  2.49560E-01
  4.0833333333E+00  4.0875000000E+00  6.54228E-02  2.57207E-01
  4.0875000000E+00  4.0916666667E+00  6.55991E-02  2.67603E-01
  4.0916666667E+00  4.0958333333E+00  6.56162E-02  2.50045E-01
  4.0958333333E+00  4.1000000000E+00  6.57922E-02  2.45008E-01
  4.1000000000E+00  4.1041666667E+00  6.58899E-02  2.51081E-01
  4.1041666667E+00  4.1083333333E+00  6.57829E-02  2.24255E-01
  4.1083333333E+00  4.1125000000E+00  6.59639E-02  2.26300E-01
  4.1125000000E+00  4.1166666667E+00  6.64366E-02  2.59490E-01
  4.1166666667E+00  4.1208333333E+00  6.67677E-02  2.69651E-01
  4.1208333333E+00  4.1250000000E+00  6.67703E-02  2.51400E-01
  4.1250000000E+00  4.1291666667E+00  6.67827E-02  2.35314E-01
  4.1291666667E+00  4.1333333333E+00  6.70306E-02  2.42166E-01
  4.1333333333E+00  4.1375000000E+00  6.72467E-02  2.52729E-01
  4.1375000000E+00  4.1416666667E+00  6.73951E-02  2.49030E-01
  4.1416666667E+00  4.1458333333E+00  6.75284E-02  2.46890E-01
  4.1458333333E+00  4.1500000000E+00  6.78808E-02  2.62088E-01
  4.1500000000E+00  4.1541666667E+00  6.80795E-02  2.51140E-01
  4.1541666667E+00  4.1583333333E+00  6.80248E-02  2.25673E-01
  4.1583333333E+00  4.1625000000E+00  6.84090E-02  2.52028E-01
  4.1625000000E+00  4.1666666667E+00  6.87121E-02  2.49596E-01
  4.1666666667E+00  4.1708333333E+00  6.87564E-02  2.39415E-01
  4.1708333333E+00  4.1750000000E+00  6.89033E-02  2.37082E-01
  4.1750000000E+00  4.1791666667E+00  6.92804E-02  2.44281E-01
  4.1791666667E+00  4.1833333333E+00  6.93323E-02  2.29101E-01
  4.1833333333E+00  4.1875000000E+00  6.97763E-02  2.57675E-01
  4.1875000000E+00  4.1916666667E+00  7.01257E-02  2.54435E-01
  4.1916666667E+00  4.1958333333E+00  7.04162E-02  2.66707E-01
  4.1958333333E+00  4.2000000000E+00  7.04496E-02  2.37104E-01
  4.2000000000E+00  4.2041666667E+00  7.08405E-02  2.53564E-01
  4.2041666667E+00  4.2083333333E+00  7.10670E-02  2.52433E-01
  4.2083333333E+00  4.2125000000E+00  7.12734E-02  2.43327E-01
  4.2125000000E+00  4.2166666667E+00  7.16566E-02  2.53969E-01
  4.2166666667E+00  4.2208333333E+00  7.21596E-02  2.62491E-01
  4.2208333333E+00  4.2250000000E+00  7.24513E-02  2.71683E-01
  4.2250000000E+00  4.2291666667E+00  7.26308E-02  2.57662E-01
  4.2291666667E+00  4.2333333333E+00  7.29121E-02  2.63009E-01
  4.2333333333E+00  4.2375000000E+00  7.31714E-02  2.50482E-01
  4.2375000000E+00  4.2416666667E+00  7.34381E-02  2.48274E-01
  4.2416666667E+00  4.2458333333E+00  7.38911E-02  2.60564E-01
  4.2458333333E+00  4.2500000000E+00  7.42410E-02  2.65281E-01
  4.2500000000E+00  4.2541666667E+00  7.45703E-02  2.65098E-01
  4.2541666667E+00  4.2583333333E+00  7.46813E-02  2.43593E-01
  4.2583333333E+00  4.2625000000E+00  7.50828E-02  2.52548E-01
  4.2625000000E+00  4.2666666667E+00  7.54048E-02  2.55119E-01
  4.2666666667E+00  4.2708333333E+00  7.60292E-02  2.73610E-01
  4.2708333333E+00  4.2750000000E+00  7.60867E-02  2.56924E-01
  4.2750000000E+00  4.2791666667E+00  7.64775E-02  2.62930E-01
  4.2791666667E+00  4.2833333333E+00  7.66606E-02  2.49720E-01
  4.2833333333E+00  4.2875000000E+00  7.71610E-02  2.63843E-01
  4.2875000000E+00  4.2916666667E+00  7.74773E-02  2.65147E-01
  4.2916666667E+00  4.2958333333E+00  7.81388E-02  2.84444E-01
  4.2958333333E+00  4.3000000000E+00  7.82924E-02  2.69747E-01
  4.3000000000E+00  4.3041666667E+00  7.85695E-02  2.64270E-01
  4.3041666667E+00  4.3083333333E+00  7.89116E-02  2.74336E-01
  4.3083333333E+00  4.3125000000E+00  7.90193E-02  2.65544E-01
  4.3125000000E+00  4.3166666667E+00  7.93008E-02  2.72513E-01
  4.3166666667E+00  4.3208333333E+00  7.96291E-02  2.75166E-01
  4.3208333333E+00  4.3250000000E+00  7.97620E-02  2.71200E-01
  4.3250000000E+00  4.3291666667E+00  7.97853E-02  2.63566E-01
  4.3291666667E+00  4.3333333333E+00  8.01277E-02  2.72667E-01
  4.3333333333E+00  4.3375000000E+00  8.03166E-02  2.69436E-01
  4.3375000000E+00  4.3416666667E+00  8.05157E-02  2.84523E-01
  4.3416666667E+00  4.3458333333E+00  8.03902E-02  2.73071E-01
  4.3458333333E+00  4.3500000000E+00  8.05909E-02  2.79334E-01
  4.3500000000E+00  4.3541666667E+00  8.06076E-02  2.65954E-01
  4.3541666667E+00  4.3583333333E+00  8.06717E-02  2.74146E-01
  4.3583333333E+00  4.3625000000E+00  8.06066E-02  2.72931E-01
  4.3625000000E+00  4.3666666667E+00  8.05529E-02  2.73203E-01
  4.3666666667E+00  4.3708333333E+00  8.05350E-02  2.71104E-01
  4.3708333333E+00  4.3750000000E+00  8.04258E-02  2.66027E-01
  4.3750000000E+00  4.3791666667E+00  8.04220E-02  2.71444E-01
  4.3791666667E+00  4.3833333333E+00  8.05670E-02  2.86463E-01
  4.3833333333E+00  4.3875000000E+00  8.04527E-02  2.86218E-01
  4.3875000000E+00  4.3916666667E+00  8.00169E-02  2.71074E-01
  4.3916666667E+00  4.3958333333E+00  8.00357E-02  2.74089E-01
  4.3958333333E+00  4.4000000000E+00  8.01092E-02  2.80500E-01
  4.4000000000E+00  4.4041666667E+00  8.01768E-02  2.94627E-01
  4.4041666667E+00  4.4083333333E+00  8.00350E-02  2.84223E-01
  4.4083333333E+00  4.4125000000E+00  7.98464E-02  2.81748E-01
  4.4125000000E+00  4.4166666667E+00  7.97138E-02  2.83699E-01
  4.4166666667E+00  4.4208333333E+00  7.96038E-02  2.78208E-01
  4.4208333333E+00  4.4250000000E+00  7.94426E-02  2.74427E-01
  4.4250000000E+00  4.4291666667E+00  7.95486E-02  2.84384E-01
  4.4291666667E+00  4.4333333333E+00  7.94756E-02  2.91968E-01
  4.4333333333E+00  4.4375000000E+00  7.90717E-02  2.74148E-01
  4.4375000000E+00  4.4416666667E+00  7.91523E-02  2.80939E-01
  4.4416666667E+00  4.4458333333E+00  7.91969E-02  2.79931E-01
  4.4458333333E+00  4.4500000000E+00  7.89840E-02  2.75807E-01
  4.4500000000E+00  4.4541666667E+00  7.88963E-02  2.76348E-01
  4.4541666667E+00  4.4583333333E+00  7.88993E-02  2.72385E-01
  4.4583333333E+00  4.4625000000E+00  7.89240E-02  2.81622E-01
  4.4625000000E+00  4.4666666667E+00  7.88501E-02  2.74145E-01
  4.4666666667E+00  4.4708333333E+00  7.89234E-02  2.75533E-01
  4.4708333333E+00  4.4750000000E+00  7.91738E-02  2.83564E-01
  4.4750000000E+00  4.4791666667E+00  7.93830E-02  2.83665E-01
  4.4791666667E+00  4.4833333333E+00  7.93732E-02  2.79379E-01
  4.4833333333E+00  4.4875000000E+00  7.93215E-02  2.76663E-01
  4.4875000000E+00  4.4916666667E+00  7.92420E-02  2.77274E-01
  4.4916666667E+00  4.4958333333E+00  7.93018E-02  2.82160E-01
  4.4958333333E+00  4.5000000000E+00  7.93247E-02  2.76230E-01
  4.5000000000E+00  4.5041666667E+00  7.97607E-02  2.89050E-01
  4.5041666667E+00  4.5083333333E+00  7.95827E-02  2.86576E-01
  4.5083333333E+00  4.5125000000E+00  7.96027E-02  2.88279E-01
  4.5125000000E+00  4.5166666667E+00  7.93852E-02  2.76747E-01
  4.5166666667E+00  4.5208333333E+00  7.93927E-02  2.79371E-01
  4.5208333333E+00  4.5250000000E+00  7.93583E-02  2.82986E-01
  4.5250000000E+00  4.5291666667E+00  7.96413E-02  2.86408E-01
  4.5291666667E+00  4.5333333333E+00  7.93750E-02  2.80637E-01
  4.5333333333E+00  4.5375000000E+00  7.95190E-02  2.89875E-01
  4.5375000000E+00  4.5416666667E+00  7.94251E-02  2.87078E-01
  4.5416666667E+00  4.5458333333E+00  7.94532E-02  2.97606E-01
  4.5458333333E+00  4.5500000000E+00  7.92472E-02  2.81651E-01
  4.5500000000E+00  4.5541666667E+00  7.91983E-02  2.83237E-01
  4.5541666667E+00  4.5583333333E+00  7.90453E-02  2.86590E-01
  4.5583333333E+00  4.5625000000E+00  7.93036E-02  3.03787E-01
  4.5625000000E+00  4.5666666667E+00  7.88851E-02  2.88265E-01
  4.5666666667E+00  4.5708333333E+00  7.87798E-02  2.87436E-01
  4.5708333333E+00  4.5750000000E+00  7.87220E-02  2.94877E-01
  4.5750000000E+00  4.5791666667E+00  7.85831E-02  2.87531E-01
  4.5791666667E+00  4.5833333333E+00  7.85761E-02  2.88884E-01
  4.5833333333E+00  4.5875000000E+00  7.85786E-02  2.96383E-01
  4.5875000000E+00  4.5916666667E+00  7.83002E-02  2.85199E-01
  4.5916666667E+00  4.5958333333E+00  7.83450E-02  2.81626E-01
  4.5958333333E+00  4.6000000000E+00  7.84240E-02  2.89197E-01
  4.6000000000E+00  4.6041666667E+00  7.83821E-02  2.89207E-01
  4.6041666667E+00  4.6083333333E+00  7.83138E-02  2.87558E-01
  4.6083333333E+00  4.6125000000E+00  7.82539E-02  2.87698E-01
  4.6125000000E+00  4.6166666667E+00  7.84045E-02  2.92879E-01
  4.6166666667E+00  4.6208333333E+00  7.81727E-02  2.84128E-01
  4.6208333333E+00  4.6250000000E+00  7.83232E-02  2.94407E-01
  4.6250000000E+00  4.6291666667E+00  7.82233E-02  2.92012E-01
  4.6291666667E+00  4.6333333333E+00  7.83932E-02  2.99691E-01
  4.6333333333E+00  4.6375000000E+00  7.83894E-02  2.93966E-01
  4.6375000000E+00  4.6416666667E+00  7.84571E-02  2.91093E-01
  4.6416666667E+00  4.6458333333E+00  7.84399E-02  2.92000E-01
  4.6458333333E+00  4.6500000000E+00  7.87675E-02  2.97651E-01
  4.6500000000E+00  4.6541666667E+00  7.88329E-02  2.94924E-01
  4.6541666667E+00  4.6583333333E+00  7.89501E-02  2.98960E-01
  4.6583333333E+00  4.6625000000E+00  7.89055E-02  3.05347E-01
  4.6625000000E+00  4.6666666667E+00  7.87846E-02  2.98271E-01
  4.6666666667E+00  4.6708333333E+00  7.88134E-02  2.94482E-01
  4.6708333333E+00  4.6750000000E+00  7.90363E-02  2.94725E-01
  4.6750000000E+00  4.6791666667E+00  7.89770E-02  2.91392E-01
  4.6791666667E+00  4.6833333333E+00  7.91417E-02  3.00635E-01
  4.6833333333E+00  4.6875000000E+00  7.91396E-02  3.01470E-01
  4.6875000000E+00  4.6916666667E+00  7.90120E-02  2.99685E-01
  4.6916666667E+00  4.6958333333E+00  7.90265E-02  3.07361E-01
  4.6958333333E+00  4.7000000000E+00  7.87924E-02  3.03000E-01
  4.7000000000E+00  4.7041666667E+00  7.87703E-02  3.09792E-01
  4.7041666667E+00  4.7083333333E+00  7.85627E-02  3.02444E-01
  4.7083333333E+00  4.7125000000E+00  7.84533E-02  3.00836E-01
  4.7125000000E+00  4.7166666667E+00  7.84946E-02  3.04240E-01
  4.7166666667E+00  4.7208333333E+00  7.83308E-02  3.00444E-01
  4.7208333333E+00  4.7250000000E+00  7.82264E-02  3.01556E-01
  4.7250000000E+00  4.7291666667E+00  7.81840E-02  3.07017E-01
  4.7291666667E+00  4.7333333333E+00  7.82623E-02  3.09515E-01
  4.7333333333E+00  4.7375000000E+00  7.79326E-02  3.08108E-01
  4.7375000000E+00  4.7416666667E+00  7.77719E-02  3.12359E-01
  4.7416666667E+00  4.7458333333E+00  7.77329E-02  3.11008E-01
  4.7458333333E+00  4.7500000000E+00  7.76704E-02  3.05535E-01
  4.7500000000E+00  4.7541666667E+00  7.77400E-02  3.06012E-01
  4.7541666667E+00  4.7583333333E+00  7.77740E-02  3.07476E-01
  4.7583333333E+00  4.7625000000E+00  7.77560E-02  3.11750E-01
  4.7625000000E+00  4.7666666667E+00  7.74615E-02  2.99937E-01
  4.7666666667E+00  4.7708333333E+00  7.75317E-02  3.00342E-01
  4.7708333333E+00  4.7750000000E+00  7.76983E-02  3.09689E-01
  4.7750000000E+00  4.7791666667E+00  7.77576E-02  3.04285E-01
  4.7791666667E+00  4.7833333333E+00  7.78021E-02  3.02334E-01
  4.7833333333E+00  4.7875000000E+00  7.81668E-02  3.18552E-01
  4.7875000000E+00  4.7916666667E+00  7.82309E-02  3.16729E-01
  4.7916666667E+00  4.7958333333E+00  7.81301E-02  3.11557E-01
  4.7958333333E+00  4.8000000000E+00  7.83566E-02  3.11332E-01
  4.8000000000E+00  4.8041666667E+00  7.84523E-02  3.19885E-01
  4.8041666667E+00  4.8083333333E+00  7.83292E-02  3.15566E-01
  4.8083333333E+00  4.8125000000E+00  7.85616E-02  3.20900E-01
  4.8125000000E+00  4.8166666667E+00  7.86940E-02  3.12203E-01
  4.8166666667E+00  4.8208333333E+00  7.89718E-02  3.20885E-01
  4.8208333333E+00  4.8250000000E+00  7.88513E-02  3.18739E-01
  4.8250000000E+00  4.8291666667E+00  7.88295E-02  3.16135E-01
  4.8291666667E+00  4.8333333333E+00  7.90005E-02  3.24741E-01
  4.8333333333E+00  4.8375000000E+00  7.88837E-02  3.18633E-01
  4.8375000000E+00  4.8416666667E+00  7.90441E-02  3.24058E-01
  4.8416666667E+00  4.8458333333E+00  7.90596E-02  3.28279E-01
  4.8458333333E+00  4.8500000000E+00  7.89704E-02  3.20979E-01
  4.8500000000E+00  4.8541666667E+00  7.90333E-02  3.27802E-01
  4.8541666667E+00  4.8583333333E+00  7.87301E-02  3.21121E-01
  4.8583333333E+00  4.8625000000E+00  7.86500E-02  3.22378E-01
  4.8625000000E+00  4.8666666667E+00  7.86079E-02  3.27894E-01
  4.8666666667E+00  4.8708333333E+00  7.86222E-02  3.30043E-01
  4.8708333333E+00  4.8750000000E+00  7.86967E-02  3.25911E-01
  4.8750000000E+00  4.8791666667E+00  7.84995E-02  3.31061E-01
  4.8791666667E+00  4.8833333333E+00  7.83647E-02  3.32517E-01
  4.8833333333E+00  4.8875000000E+00  7.80794E-02  3.31220E-01
  4.8875000000E+00  4.8916666667E+00  7.81237E-02  3.27551E-01
  4.8916666667E+00  4.8958333333E+00  7.81410E-02  3.36921E-01
  4.8958333333E+00  4.9000000000E+00  7.80976E-02  3.31617E-01
  4.9000000000E+00  4.9041666667E+00  7.78207E-02  3.34356E-01
  4.9041666667E+00  4.9083333333E+00  7.77859E-02  3.35263E-01
  4.9083333333E+00  4.9125000000E+00  7.78281E-02  3.37301E-01
  4.9125000000E+00  4.9166666667E+00  7.78551E-02  3.38205E-01
  4.9166666667E+00  4.9208333333E+00  7.78503E-02  3.37213E-01
  4.9208333333E+00  4.9250000000E+00  7.78254E-02  3.40562E-01
  4.9250000000E+00  4.9291666667E+00  7.80533E-02  3.37772E-01
  4.9291666667E+00  4.9333333333E+00  7.82299E-02  3.41071E-01
  4.9333333333E+00  4.9375000000E+00  7.84840E-02  3.40763E-01
  4.9375000000E+00  4.9416666667E+00  7.86498E-02  3.45262E-01
  4.9416666667E+00  4.9458333333E+00  7.88854E-02  3.47304E-01
  4.9458333333E+00  4.9500000000E+00  7.92599E-02  3.50621E-01
  4.9500000000E+00  4.9541666667E+00  7.94698E-02  3.46613E-01
  4.9541666667E+00  4.9583333333E+00  7.96264E-02  3.45337E-01
  4.9583333333E+00  4.9625000000E+00  7.99062E-02  3.48364E-01
  4.9625000000E+00  4.9666666667E+00  8.02877E-02  3.53445E-01
  4.9666666667E+00  4.9708333333E+00  8.04821E-02  3.57081E-01
  4.9708333333E+00  4.9750000000E+00  8.08993E-02  3.61430E-01
  4.9750000000E+00  4.9791666667E+00  8.11189E-02  3.59468E-01
  4.9791666667E+00  4.9833333333E+00  8.13585E-02  3.61813E-01
  4.9833333333E+00  4.9875000000E+00  8.14930E-02  3.64052E-01
  4.9875000000E+00  4.9916666667E+00  8.19570E-02  3.71305E-01
  4.9916666667E+00  4.9958333333E+00  8.17909E-02  3.70971E-01
  4.9958333333E+00  5.0000000000E+00  8.19148E-02  3.76233E-01
  5.0000000000E+00  5.0041666667E+00  8.19937E-02  3.77604E-01
  5.0041666667E+00  5.0083333333E+00  8.18187E-02  3.81354E-01
  5.0083333333E+00  5.0125000000E+00  8.14908E-02  3.87367E-01
  5.0125000000E+00  5.0166666667E+00  8.11172E-02  3.90984E-01
  5.0166666667E+00  5.0208333333E+00  8.11712E-02  4.02196E-01
  5.0208333333E+00  5.0250000000E+00  8.03603E-02  4.01460E-01
  5.0250000000E+00  5.0291666667E+00  7.95299E-02  4.07544E-01
  5.0291666667E+00  5.0333333333E+00  7.87236E-02  4.12669E-01
  5.0333333333E+00  5.0375000000E+00  7.77065E-02  4.20359E-01
  5.0375000000E+00  5.0416666667E+00  7.65423E-02  4.27342E-01
  5.0416666667E+00  5.0458333333E+00  7.52556E-02  4.35179E-01
  5.0458333333E+00  5.0500000000E+00  7.36137E-02  4.41084E-01
  5.0500000000E+00  5.0541666667E+00  7.22002E-02  4.49111E-01
  5.0541666667E+00  5.0583333333E+00  7.04994E-02  4.58583E-01
  5.0583333333E+00  5.0625000000E+00  6.85990E-02  4.67708E-01
  5.0625000000E+00  5.0666666667E+00  6.66325E-02  4.78660E-01
  5.0666666667E+00  5.0708333333E+00  6.45260E-02  4.90697E-01
  5.0708333333E+00  5.0750000000E+00  6.23196E-02  5.03997E-01
  5.0750000000E+00  5.0791666667E+00  5.98666E-02  5.18024E-01
  5.0791666667E+00  5.0833333333E+00  5.74332E-02  5.32652E-01
  5.0833333333E+00  5.0875000000E+00  5.48265E-02  5.48089E-01
  5.0875000000E+00  5.0916666667E+00  5.22542E-02  5.64220E-01
  5.0916666667E+00  5.0958333333E+00  4.95717E-02  5.82065E-01
  5.0958333333E+00  5.1000000000E+00  4.70920E-02  6.02956E-01
  5.1000000000E+00  5.1041666667E+00  4.46413E-02  6.27794E-01
  5.1041666667E+00  5.1083333333E+00  4.17281E-02  6.53949E-01
  5.1083333333E+00  5.1125000000E+00  3.86669E-02  6.83156E-01
  5.1125000000E+00  5.1166666667E+00  3.58543E-02  7.15118E-01
  5.1166666667E+00  5.1208333333E+00  3.33381E-02  7.44719E-01
  5.1208333333E+00  5.1250000000E+00  3.06589E-02  7.77124E-01
  5.1250000000E+00  5.1291666667E+00  2.82553E-02  8.20315E-01
  5.1291666667E+00  5.1333333333E+00  2.57927E-02  8.59672E-01
  5.1333333333E+00  5.1375000000E+00  2.33665E-02  9.10140E-01
  5.1375000000E+00  5.1416666667E+00  2.09692E-02  9.67520E-01
  5.1416666667E+00  5.1458333333E+00  1.88642E-02  1.02905E+00
  5.1458333333E+00  5.1500000000E+00  1.65242E-02  1.09333E+00
  5.1500000000E+00  5.1541666667E+00  1.46818E-02  1.16452E+00
  5.1541666667E+00  5.1583333333E+00  1.30766E-02  1.24059E+00
  5.1583333333E+00  5.1625000000E+00  1.15350E-02  1.32314E+00
  5.1625000000E+00  5.1666666667E+00  1.00674E-02  1.42733E+00
  5.1666666667E+00  5.1708333333E+00  8.79402E-03  1.53903E+00
  5.1708333333E+00  5.1750000000E+00  7.63078E-03  1.65813E+00
  5.1750000000E+00  5.1791666667E+00  6.51302E-03  1.79045E+00
  5.1791666667E+00  5.1833333333E+00  5.53749E-03  1.93760E+00
  5.1833333333E+00  5.1875000000E+00  4.82268E-03  2.10480E+00
  5.1875000000E+00  5.1916666667E+00  4.08688E-03  2.28466E+00
  5.1916666667E+00  5.1958333333E+00  3.48396E-03  2.50134E+00
  5.1958333333E+00  5.2000000000E+00  2.83260E-03  2.78423E+00
  5.2000000000E+00  5.2041666667E+00  2.30636E-03  3.02400E+00
  5.2041666667E+00  5.2083333333E+00  1.89416E-03  3.34412E+00
  5.2083333333E+00  5.2125000000E+00  1.60525E-03  3.70500E+00
  5.2125000000E+00  5.2166666667E+00  1.34961E-03  4.02291E+00
  5.2166666667E+00  5.2208333333E+00  1.08493E-03  4.46111E+00
  5.2208333333E+00  5.2250000000E+00  9.15645E-04  5.01436E+00
  5.2250000000E+00  5.2291666667E+00  6.86044E-04  5.53856E+00
  5.2291666667E+00  5.2333333333E+00  5.58648E-04  6.10152E+00
  5.2333333333E+00  5.2375000000E+00  4.37648E-04  6.68281E+00
  5.2375000000E+00  5.2416666667E+00  4.06387E-04  7.50279E+00
  5.2416666667E+00  5.2458333333E+00  3.01671E-04  8.18452E+00
  5.2458333333E+00  5.2500000000E+00  2.48088E-04  9.20046E+00
  5.2500000000E+00  5.2541666667E+00  1.86412E-04  9.66912E+00
  5.2541666667E+00  5.2583333333E+00  1.73481E-04  1.05634E+01
  5.2583333333E+00  5.2625000000E+00  1.35604E-04  1.12303E+01
  5.2625000000E+00  5.2666666667E+00  1.13674E-04  1.14982E+01
  5.2666666667E+00  5.2708333333E+00  9.90657E-05  1.21809E+01
  5.2708333333E+00  5.2750000000E+00  9.04154E-05  1.16008E+01
  5.2750000000E+00  5.2791666667E+00  8.87167E-05  1.19132E+01
  5.2791666667E+00  5.2833333333E+00  9.28095E-05  1.26276E+01
  5.2833333333E+00  5.2875000000E+00  8.13843E-05  1.14304E+01
  5.2875000000E+00  5.2916666667E+00  7.38307E-05  1.17347E+01
  5.2916666667E+00  5.2958333333E+00  7.89533E-05  1.29356E+01
  5.2958333333E+00  5.3000000000E+00  7.87073E-05  1.31888E+01
  5.3000000000E+00  5.3041666667E+00  6.85043E-05  1.23667E+01
  5.3041666667E+00  5.3083333333E+00  7.03074E-05  1.28374E+01
  5.3083333333E+00  5.3125000000E+00  6.75884E-05  1.25438E+01
  5.3125000000E+00  5.3166666667E+00  6.63380E-05  1.28031E+01
  5.3166666667E+00  5.3208333333E+00  6.60075E-05  1.30076E+01
  5.3208333333E+00  5.3250000000E+00  6.59839E-05  1.25121E+01
  5.3250000000E+00  5.3291666667E+00  6.87469E-05  1.34345E+01
  5.3291666667E+00  5.3333333333E+00  6.90471E-05  1.33713E+01
  5.3333333333E+00  5.3375000000E+00  7.67858E-05  1.51781E+01
  5.3375000000E+00  5.3416666667E+00  6.14364E-05  1.47897E+01
  5.3416666667E+00  5.3458333333E+00  5.81524E-05  1.49209E+01
  5.3458333333E+00  5.3500000000E+00  5.63326E-05  1.53785E+01
  5.3500000000E+00  5.3541666667E+00  5.83885E-05  1.45256E+01
  5.3541666667E+00  5.3583333333E+00  5.22064E-05  1.40952E+01
  5.3583333333E+00  5.3625000000E+00  5.06902E-05  1.51551E+01
  5.3625000000E+00  5.3666666667E+00  4.81229E-05  1.45140E+01
  5.3666666667E+00  5.3708333333E+00  4.62788E-05  1.43557E+01
  5.3708333333E+00  5.3750000000E+00  5.15355E-05  1.65709E+01
  5.3750000000E+00  5.3791666667E+00  4.68476E-05  1.52381E+01
  5.3791666667E+00  5.3833333333E+00  4.17034E-05  1.40470E+01
  5.3833333333E+00  5.3875000000E+00  4.40481E-05  1.53068E+01
  5.3875000000E+00  5.3916666667E+00  4.88829E-05  1.63797E+01
  5.3916666667E+00  5.3958333333E+00  4.99616E-05  1.59518E+01
  5.3958333333E+00  5.4000000000E+00  4.45657E-05  1.56370E+01
  5.4000000000E+00  5.4041666667E+00  4.30068E-05  1.70006E+01
  5.4041666667E+00  5.4083333333E+00  4.24106E-05  1.66233E+01
  5.4083333333E+00  5.4125000000E+00  4.26758E-05  1.65351E+01
  5.4125000000E+00  5.4166666667E+00  4.20840E-05  1.65503E+01
  5.4166666667E+00  5.4208333333E+00  4.83553E-05  1.71320E+01
  5.4208333333E+00  5.4250000000E+00  4.52212E-05  1.73164E+01
  5.4250000000E+00  5.4291666667E+00  4.18715E-05  1.69758E+01
  5.4291666667E+00  5.4333333333E+00  4.48345E-05  1.74109E+01
  5.4333333333E+00  5.4375000000E+00  4.06680E-05  1.80749E+01
  5.4375000000E+00  5.4416666667E+00  4.09048E-05  1.84269E+01
  5.4416666667E+00  5.4458333333E+00  4.45651E-05  1.80712E+01
  5.4458333333E+00  5.4500000000E+00  4.38772E-05  1.90463E+01
  5.4500000000E+00  5.4541666667E+00  4.20421E-05  2.04874E+01
  5.4541666667E+00  5.4583333333E+00  4.03508E-05  2.16400E+01
  5.4583333333E+00  5.4625000000E+00  4.28696E-05  2.11243E+01
  5.4625000000E+00  5.4666666667E+00  2.50308E-05  2.24706E+01
  5.4666666667E+00  5.4708333333E+00  2.35886E-05  2.54077E+01
  5.4708333333E+00  5.4750000000E+00  1.77568E-05  2.30595E+01
  5.4750000000E+00  5.4791666667E+00  1.86352E-05  2.26883E+01
  5.4791666667E+00  5.4833333333E+00  2.00374E-05  2.32862E+01
  5.4833333333E+00  5.4875000000E+00  2.37090E-05  2.35696E+01
  5.4875000000E+00  5.4916666667E+00  2.44720E-05  2.24060E+01
  5.4916666667E+00  5.4958333333E+00  2.40041E-05  2.17416E+01
  5.4958333333E+00  5.5000000000E+00  2.83234E-05  2.44049E+01
  5.5000000000E+00  5.5041666667E+00  3.06273E-05  2.39265E+01
  5.5041666667E+00  5.5083333333E+00  4.73647E-05  5.00900E+01
  5.5083333333E+00  5.5125000000E+00  3.13955E-05  3.15037E+01
  5.5125000000E+00  5.5166666667E+00  4.59367E-05  3.68070E+01
  5.5166666667E+00  5.5208333333E+00  2.04957E-05  2.64138E+01
  5.5208333333E+00  5.5250000000E+00  2.01102E-05  3.09144E+01
  5.5250000000E+00  5.5291666667E+00  1.96726E-05  2.88116E+01
  5.5291666667E+00  5.5333333333E+00  1.84243E-05  3.39115E+01
  5.5333333333E+00  5.5375000000E+00  1.56411E-05  3.66572E+01
  5.5375000000E+00  5.5416666667E+00  1.27385E-05  3.82807E+01
  5.5416666667E+00  5.5458333333E+00  1.40497E-05  3.74266E+01
  5.5458333333E+00  5.5500000000E+00  1.41291E-05  4.21499E+01
  5.5500000000E+00  5.5541666667E+00  9.14844E-06  4.89792E+01
  5.5541666667E+00  5.5583333333E+00  9.69019E-06  5.25461E+01
  5.5583333333E+00  5.5625000000E+00  4.57260E-06  5.30365E+01
  5.5625000000E+00  5.5666666667E+00  5.62816E-06  6.36278E+01
  5.5666666667E+00  5.5708333333E+00  5.07301E-06  6.00344E+01
  5.5708333333E+00  5.5750000000E+00  3.28619E-06  7.33886E+01
  5.5750000000E+00  5.5791666667E+00  4.62517E-06  7.68051E+01
  5.5791666667E+00  5.5833333333E+00  3.09254E-06  7.09582E+01
  5.5833333333E+00  5.5875000000E+00  1.61141E-06  1.00000E+02
  5.5875000000E+00  5.5916666667E+00  1.91634E-06  1.00000E+02
  5.5916666667E+00  5.5958333333E+00  2.40124E-06  7.27634E+01
  5.5958333333E+00  5.6000000000E+00  3.83686E-06  1.00000E+02
  5.6000000000E+00  5.6041666667E+00  0.00000E+00  0.00000E+00
  5.6041666667E+00  5.6083333333E+00  0.00000E+00  0.00000E+00
  5.6083333333E+00  5.6125000000E+00  0.00000E+00  0.00000E+00
  5.6125000000E+00  5.6166666667E+00  0.00000E+00  0.00000E+00
  5.6166666667E+00  5.6208333333E+00  0.00000E+00  0.00000E+00
  5.6208333333E+00  5.6250000000E+00  0.00000E+00  0.00000E+00
  5.6250000000E+00  5.6291666667E+00  0.00000E+00  0.00000E+00
  5.6291666667E+00  5.6333333333E+00  0.00000E+00  0.00000E+00
  5.6333333333E+00  5.6375000000E+00  0.00000E+00  0.00000E+00
  5.6375000000E+00  5.6416666667E+00  0.00000E+00  0.00000E+00
  5.6416666667E+00  5.6458333333E+00  0.00000E+00  0.00000E+00
  5.6458333333E+00  5.6500000000E+00  3.17679E-07  1.00000E+02
  5.6500000000E+00  5.6541666667E+00  0.00000E+00  0.00000E+00
  5.6541666667E+00  5.6583333333E+00  0.00000E+00  0.00000E+00
  5.6583333333E+00  5.6625000000E+00  0.00000E+00  0.00000E+00
  5.6625000000E+00  5.6666666667E+00  0.00000E+00  0.00000E+00
  5.6666666667E+00  5.6708333333E+00  0.00000E+00  0.00000E+00
  5.6708333333E+00  5.6750000000E+00  0.00000E+00  0.00000E+00
  5.6750000000E+00  5.6791666667E+00  0.00000E+00  0.00000E+00
  5.6791666667E+00  5.6833333333E+00  0.00000E+00  0.00000E+00
  5.6833333333E+00  5.6875000000E+00  0.00000E+00  0.00000E+00
  5.6875000000E+00  5.6916666667E+00  0.00000E+00  0.00000E+00
  5.6916666667E+00  5.6958333333E+00  0.00000E+00  0.00000E+00
  5.6958333333E+00  5.7000000000E+00  2.43796E-08  1.00000E+02
  5.7000000000E+00  5.7041666667E+00  0.00000E+00  0.00000E+00
  5.7041666667E+00  5.7083333333E+00  0.00000E+00  0.00000E+00
  5.7083333333E+00  5.7125000000E+00  0.00000E+00  0.00000E+00
  5.7125000000E+00  5.7166666667E+00  0.00000E+00  0.00000E+00
  5.7166666667E+00  5.7208333333E+00  0.00000E+00  0.00000E+00
  5.7208333333E+00  5.7250000000E+00  0.00000E+00  0.00000E+00
  5.7250000000E+00  5.7291666667E+00  0.00000E+00  0.00000E+00
  5.7291666667E+00  5.7333333333E+00  0.00000E+00  0.00000E+00
  5.7333333333E+00  5.7375000000E+00  0.00000E+00  0.00000E+00
  5.7375000000E+00  5.7416666667E+00  0.00000E+00  0.00000E+00
  5.7416666667E+00  5.7458333333E+00  0.00000E+00  0.00000E+00
  5.7458333333E+00  5.7500000000E+00  0.00000E+00  0.00000E+00
  5.7500000000E+00  5.7541666667E+00  0.00000E+00  0.00000E+00
  5.7541666667E+00  5.7583333333E+00  0.00000E+00  0.00000E+00
  5.7583333333E+00  5.7625000000E+00  0.00000E+00  0.00000E+00
  5.7625000000E+00  5.7666666667E+00  0.00000E+00  0.00000E+00
  5.7666666667E+00  5.7708333333E+00  0.00000E+00  0.00000E+00
  5.7708333333E+00  5.7750000000E+00  0.00000E+00  0.00000E+00
  5.7750000000E+00  5.7791666667E+00  0.00000E+00  0.00000E+00
  5.7791666667E+00  5.7833333333E+00  0.00000E+00  0.00000E+00
  5.7833333333E+00  5.7875000000E+00  0.00000E+00  0.00000E+00
  5.7875000000E+00  5.7916666667E+00  4.09433E-06  1.00000E+02
  5.7916666667E+00  5.7958333333E+00  6.12406E-06  7.24455E+01
  5.7958333333E+00  5.8000000000E+00  6.93069E-06  7.09416E+01
  5.8000000000E+00  5.8041666667E+00  8.20358E-06  7.08823E+01
  5.8041666667E+00  5.8083333333E+00  9.62153E-06  7.13918E+01
  5.8083333333E+00  5.8125000000E+00  1.41614E-05  7.18741E+01
  5.8125000000E+00  5.8166666667E+00  1.10655E-05  1.00000E+02
  5.8166666667E+00  5.8208333333E+00  0.00000E+00  0.00000E+00
  5.8208333333E+00  5.8250000000E+00  4.94647E-14  1.00000E+02
  5.8250000000E+00  5.8291666667E+00  0.00000E+00  0.00000E+00
  5.8291666667E+00  5.8333333333E+00  0.00000E+00  0.00000E+00
  5.8333333333E+00  5.8375000000E+00  0.00000E+00  0.00000E+00
  5.8375000000E+00  5.8416666667E+00  0.00000E+00  0.00000E+00
  5.8416666667E+00  5.8458333333E+00  4.59679E-07  1.00000E+02
  5.8458333333E+00  5.8500000000E+00  5.02644E-06  6.13414E+01
  5.8500000000E+00  5.8541666667E+00  2.78565E-06  1.00000E+02
  5.8541666667E+00  5.8583333333E+00  0.00000E+00  0.00000E+00
  5.8583333333E+00  5.8625000000E+00  0.00000E+00  0.00000E+00
  5.8625000000E+00  5.8666666667E+00  0.00000E+00  0.00000E+00
  5.8666666667E+00  5.8708333333E+00  0.00000E+00  0.00000E+00
  5.8708333333E+00  5.8750000000E+00  3.42069E-14  1.00000E+02
  5.8750000000E+00  5.8791666667E+00  0.00000E+00  0.00000E+00
  5.8791666667E+00  5.8833333333E+00  0.00000E+00  0.00000E+00
  5.8833333333E+00  5.8875000000E+00  2.06126E-07  1.00000E+02
  5.8875000000E+00  5.8916666667E+00  0.00000E+00  0.00000E+00
  5.8916666667E+00  5.8958333333E+00  0.00000E+00  0.00000E+00
  5.8958333333E+00  5.9000000000E+00  0.00000E+00  0.00000E+00
  5.9000000000E+00  5.9041666667E+00  0.00000E+00  0.00000E+00
  5.9041666667E+00  5.9083333333E+00  0.00000E+00  0.00000E+00
  5.9083333333E+00  5.9125000000E+00  0.00000E+00  0.00000E+00
  5.9125000000E+00  5.9166666667E+00  0.00000E+00  0.00000E+00
  5.9166666667E+00  5.9208333333E+00  0.00000E+00  0.00000E+00
  5.9208333333E+00  5.9250000000E+00  0.00000E+00  0.00000E+00
  5.9250000000E+00  5.9291666667E+00  0.00000E+00  0.00000E+00
  5.9291666667E+00  5.9333333333E+00  0.00000E+00  0.00000E+00
  5.9333333333E+00  5.9375000000E+00  0.00000E+00  0.00000E+00
  5.9375000000E+00  5.9416666667E+00  0.00000E+00  0.00000E+00
  5.9416666667E+00  5.9458333333E+00  0.00000E+00  0.00000E+00
  5.9458333333E+00  5.9500000000E+00  0.00000E+00  0.00000E+00
  5.9500000000E+00  5.9541666667E+00  0.00000E+00  0.00000E+00
  5.9541666667E+00  5.9583333333E+00  0.00000E+00  0.00000E+00
  5.9583333333E+00  5.9625000000E+00  0.00000E+00  0.00000E+00
  5.9625000000E+00  5.9666666667E+00  0.00000E+00  0.00000E+00
  5.9666666667E+00  5.9708333333E+00  0.00000E+00  0.00000E+00
  5.9708333333E+00  5.9750000000E+00  0.00000E+00  0.00000E+00
  5.9750000000E+00  5.9791666667E+00  0.00000E+00  0.00000E+00
  5.9791666667E+00  5.9833333333E+00  0.00000E+00  0.00000E+00
  5.9833333333E+00  5.9875000000E+00  0.00000E+00  0.00000E+00
  5.9875000000E+00  5.9916666667E+00  0.00000E+00  0.00000E+00
  5.9916666667E+00  5.9958333333E+00  0.00000E+00  0.00000E+00
  5.9958333333E+00  6.0000000000E+00  1.62090E-09  1.00000E+02
  6.0000000000E+00  6.0000000000E+00  1.62090E-09  1.00000E+02