# Detector n: 1D Projection
  1.0000000000E+00  1.0041666667E+00  3.94651E-02  7.20371E-01
  1.0041666667E+00  1.0083333333E+00  3.90998E-02  4.60506E-01
  1.0083333333E+00  1.0125000000E+00  3.94548E-02  6.80884E-01
  1.0125000000E+00  1.0166666667E+00  3.92859E-02  5.81061E-01
  1.0166666667E+00  1.0208333333E+00  3.96146E-02  6.67280E-01
  1.0208333333E+00  1.0250000000E+00  3.93096E-02  5.51632E-01
  1.0250000000E+00  1.0291666667E+00  3.92602E-02  5.21590E-01
  1.0291666667E+00  1.0333333333E+00  3.91778E-02  5.67444E-01
  1.0333333333E+00  1.0375000000E+00  3.92740E-02  5.39021E-01
  1.0375000000E+00  1.0416666667E+00  3.95568E-02  6.36153E-01
  1.0416666667E+00  1.0458333333E+00  3.92885E-02  4.87436E-01
  1.0458333333E+00  1.0500000000E+00  3.96646E-02  7.25457E-01
  1.0500000000E+00  1.0541666667E+00  3.92760E-02  4.50550E-01
  1.0541666667E+00  1.0583333333E+00  3.94975E-02  6.34642E-01
  1.0583333333E+00  1.0625000000E+00  3.95526E-02  5.37232E-01
  1.0625000000E+00  1.0666666667E+00  3.93829E-02  6.09378E-01
  1.0666666667E+00  1.0708333333E+00  3.96068E-02  5.60344E-01
  1.0708333333E+00  1.0750000000E+00  3.97456E-02  6.91566E-01
  1.0750000000E+00  1.0791666667E+00  3.96611E-02  5.03660E-01
  1.0791666667E+00  1.0833333333E+00  3.95252E-02  4.23914E-01
  1.0833333333E+00  1.0875000000E+00  4.03093E-02  8.84999E-01
  1.0875000000E+00  1.0916666667E+00  4.03943E-02  7.48320E-01
  1.0916666667E+00  1.0958333333E+00  4.02653E-02  5.71871E-01
  1.0958333333E+00  1.1000000000E+00  4.03603E-02  7.84107E-01
  1.1000000000E+00  1.1041666667E+00  4.01085E-02  6.45156E-01
  1.1041666667E+00  1.1083333333E+00  4.02998E-02  6.49665E-01
  1.1083333333E+00  1.1125000000E+00  3.98007E-02  5.02960E-01
  1.1125000000E+00  1.1166666667E+00  4.01124E-02  5.57383E-01
  1.1166666667E+00  1.1208333333E+00  4.06665E-02  7.22118E-01
  1.1208333333E+00  1.1250000000E+00  4.05703E-02  6.73747E-01
  1.1250000000E+00  1.1291666667E+00  4.02688E-02  5.61839E-01
  1.1291666667E+00  1.1333333333E+00  4.00241E-02  4.69597E-01
  1.1333333333E+00  1.1375000000E+00  4.01979E-02  6.44763E-01
  1.1375000000E+00  1.1416666667E+00  4.01134E-02  5.72184E-01
  1.1416666667E+00  1.1458333333E+00  4.03583E-02  7.14548E-01
  1.1458333333E+00  1.1500000000E+00  4.02108E-02  6.31201E-01
  1.1500000000E+00  1.1541666667E+00  4.00802E-02  5.59057E-01
  1.1541666667E+00  1.1583333333E+00  4.05418E-02  7.34125E-01
  1.1583333333E+00  1.1625000000E+00  4.03274E-02  7.19709E-01
  1.1625000000E+00  1.1666666667E+00  4.05160E-02  6.80222E-01
  1.1666666667E+00  1.1708333333E+00  4.05710E-02  7.13230E-01
  1.1708333333E+00  1.1750000000E+00  4.07029E-02  6.54075E-01
  1.1750000000E+00  1.1791666667E+00  4.04102E-02  5.73681E-01
  1.1791666667E+00  1.1833333333E+00  4.04003E-02  6.15105E-01
  1.1833333333E+00  1.1875000000E+00  4.09344E-02  9.49031E-01
  1.1875000000E+00  1.1916666667E+00  4.05809E-02  6.45738E-01
  1.1916666667E+00  1.1958333333E+00  4.00771E-02  4.42101E-01
  1.1958333333E+00  1.2000000000E+00  4.07296E-02  8.47541E-01
  1.2000000000E+00  1.2041666667E+00  4.04082E-02  6.07141E-01
  1.2041666667E+00  1.2083333333E+00  4.03946E-02  5.87370E-01
  1.2083333333E+00  1.2125000000E+00  4.05196E-02  6.83119E-01
  1.2125000000E+00  1.2166666667E+00  4.05550E-02  6.85575E-01
  1.2166666667E+00  1.2208333333E+00  4.04838E-02  6.47968E-01
  1.2208333333E+00  1.2250000000E+00  4.03817E-02  4.94239E-01
  1.2250000000E+00  1.2291666667E+00  4.12379E-02  8.75402E-01
  1.2291666667E+00  1.2333333333E+00  4.06489E-02  5.45636E-01
  1.2333333333E+00  1.2375000000E+00  4.09457E-02  8.80921E-01
  1.2375000000E+00  1.2416666667E+00  4.10655E-02  7.92636E-01
  1.2416666667E+00  1.2458333333E+00  4.04980E-02  4.89417E-01
  1.2458333333E+00  1.2500000000E+00  4.07404E-02  5.69424E-01
  1.2500000000E+00  1.2541666667E+00  4.05771E-02  4.60245E-01
  1.2541666667E+00  1.2583333333E+00  4.08640E-02  7.08013E-01
  1.2583333333E+00  1.2625000000E+00  4.09489E-02  6.49045E-01
  1.2625000000E+00  1.2666666667E+00  4.06008E-02  4.60616E-01
  1.2666666667E+00  1.2708333333E+00  4.07794E-02  5.18347E-01
  1.2708333333E+00  1.2750000000E+00  4.08692E-02  5.41988E-01
  1.2750000000E+00  1.2791666667E+00  4.04832E-02  3.91972E-01
  1.2791666667E+00  1.2833333333E+00  4.10193E-02  7.59302E-01
  1.2833333333E+00  1.2875000000E+00  4.08445E-02  5.11466E-01
  1.2875000000E+00  1.2916666667E+00  4.07634E-02  5.70013E-01
  1.2916666667E+00  1.2958333333E+00  4.09856E-02  4.88658E-01
  1.2958333333E+00  1.3000000000E+00  4.09015E-02  4.92739E-01
  1.3000000000E+00  1.3041666667E+00  4.09690E-02  7.36521E-01
  1.3041666667E+00  1.3083333333E+00  4.07688E-02  4.65544E-01
  1.3083333333E+00  1.3125000000E+00  4.08598E-02  5.78989E-01
  1.3125000000E+00  1.3166666667E+00  4.08494E-02  5.73046E-01
  1.3166666667E+00  1.3208333333E+00  4.09692E-02  6.58796E-01
  1.3208333333E+00  1.3250000000E+00  4.08363E-02  5.42387E-01
  1.3250000000E+00  1.3291666667E+00  4.10969E-02  5.95741E-01
  1.3291666667E+00  1.3333333333E+00  4.16561E-02  8.13680E-01
  1.3333333333E+00  1.3375000000E+00  4.10762E-02  6.24113E-01
  1.3375000000E+00  1.3416666667E+00  4.08783E-02  5.01707E-01
  1.3416666667E+00  1.3458333333E+00  4.11596E-02  5.18498E-01
  1.3458333333E+00  1.3500000000E+00  4.13727E-02  6.57545E-01
  1.3500000000E+00  1.3541666667E+00  4.08613E-02  4.25638E-01
  1.3541666667E+00  1.3583333333E+00  4.07745E-02  4.26731E-01
  1.3583333333E+00  1.3625000000E+00  4.14043E-02  7.34356E-01
  1.3625000000E+00  1.3666666667E+00  4.09560E-02  5.47198E-01
  1.3666666667E+00  1.3708333333E+00  4.09930E-02  4.93034E-01
  1.3708333333E+00  1.3750000000E+00  4.10136E-02  5.06672E-01
  1.3750000000E+00  1.3791666667E+00  4.10881E-02  5.55387E-01
  1.3791666667E+00  1.3833333333E+00  4.09622E-02  4.81120E-01
  1.3833333333E+00  1.3875000000E+00  4.12885E-02  7.92647E-01
  1.3875000000E+00  1.3916666667E+00  4.14542E-02  6.73842E-01
  1.3916666667E+00  1.3958333333E+00  4.15914E-02  6.41593E-01
  1.3958333333E+00  1.4000000000E+00  4.13835E-02  6.48268E-01
  1.4000000000E+00  1.4041666667E+00  4.19219E-02  8.09532E-01
  1.4041666667E+00  1.4083333333E+00  4.12959E-02  5.29270E-01
  1.4083333333E+00  1.4125000000E+00  4.15110E-02  7.56324E-01
  1.4125000000E+00  1.4166666667E+00  4.14002E-02  6.83329E-01
  1.4166666667E+00  1.4208333333E+00  4.15654E-02  6.29322E-01
  1.4208333333E+00  1.4250000000E+00  4.11922E-02  5.03239E-01
  1.4250000000E+00  1.4291666667E+00  4.14576E-02  6.82215E-01
  1.4291666667E+00  1.4333333333E+00  4.18550E-02  6.98236E-01
  1.4333333333E+00  1.4375000000E+00  4.12809E-02  5.60720E-01
  1.4375000000E+00  1.4416666667E+00  4.14562E-02  8.47925E-01
  1.4416666667E+00  1.4458333333E+00  4.11394E-02  5.35723E-01
  1.4458333333E+00  1.4500000000E+00  4.08053E-02  3.95434E-01
  1.4500000000E+00  1.4541666667E+00  4.11157E-02  5.48506E-01
  1.4541666667E+00  1.4583333333E+00  4.10622E-02  4.89630E-01
  1.4583333333E+00  1.4625000000E+00  4.10114E-02  4.25108E-01
  1.4625000000E+00  1.4666666667E+00  4.16047E-02  6.90085E-01
  1.4666666667E+00  1.4708333333E+00  4.19685E-02  9.48895E-01
  1.4708333333E+00  1.4750000000E+00  4.18347E-02  7.20502E-01
  1.4750000000E+00  1.4791666667E+00  4.11553E-02  4.63842E-01
  1.4791666667E+00  1.4833333333E+00  4.18734E-02  7.95531E-01
  1.4833333333E+00  1.4875000000E+00  4.20616E-02  8.27115E-01
  1.4875000000E+00  1.4916666667E+00  4.19784E-02  7.19975E-01
  1.4916666667E+00  1.4958333333E+00  4.16154E-02  5.81207E-01
  1.4958333333E+00  1.5000000000E+00  4.14848E-02  5.69028E-01
  1.5000000000E+00  1.5041666667E+00  4.20950E-02  7.36954E-01
  1.5041666667E+00  1.5083333333E+00  4.13212E-02  4.72968E-01
  1.5083333333E+00  1.5125000000E+00  4.14141E-02  4.90513E-01
  1.5125000000E+00  1.5166666667E+00  4.16349E-02  7.35852E-01
  1.5166666667E+00  1.5208333333E+00  4.17062E-02  6.61115E-01
  1.5208333333E+00  1.5250000000E+00  4.16416E-02  5.55124E-01
  1.5250000000E+00  1.5291666667E+00  4.17240E-02  6.40808E-01
  1.5291666667E+00  1.5333333333E+00  4.17599E-02  6.21776E-01
  1.5333333333E+00  1.5375000000E+00  4.21872E-02  7.18417E-01
  1.5375000000E+00  1.5416666667E+00  4.17287E-02  5.31456E-01
  1.5416666667E+00  1.5458333333E+00  4.18182E-02  5.52672E-01
  1.5458333333E+00  1.5500000000E+00  4.21240E-02  6.91398E-01
  1.5500000000E+00  1.5541666667E+00  4.19299E-02  5.31883E-01
  1.5541666667E+00  1.5583333333E+00  4.23001E-02  8.75261E-01
  1.5583333333E+00  1.5625000000E+00  4.22312E-02  7.39048E-01
  1.5625000000E+00  1.5666666667E+00  4.21208E-02  7.82371E-01
  1.5666666667E+00  1.5708333333E+00  4.21951E-02  7.45555E-01
  1.5708333333E+00  1.5750000000E+00  4.27147E-02  1.01240E+00
  1.5750000000E+00  1.5791666667E+00  4.17322E-02  3.94687E-01
  1.5791666667E+00  1.5833333333E+00  4.19304E-02  4.91022E-01
  1.5833333333E+00  1.5875000000E+00  4.24186E-02  8.30519E-01
  1.5875000000E+00  1.5916666667E+00  4.25856E-02  7.42424E-01
  1.5916666667E+00  1.5958333333E+00  4.20021E-02  5.14568E-01
  1.5958333333E+00  1.6000000000E+00  4.19507E-02  5.27529E-01
  1.6000000000E+00  1.6041666667E+00  4.26892E-02  8.21322E-01
  1.6041666667E+00  1.6083333333E+00  4.21278E-02  5.56773E-01
  1.6083333333E+00  1.6125000000E+00  4.21114E-02  5.14497E-01
  1.6125000000E+00  1.6166666667E+00  4.21407E-02  4.81667E-01
  1.6166666667E+00  1.6208333333E+00  4.22574E-02  6.10680E-01
  1.6208333333E+00  1.6250000000E+00  4.21211E-02  5.56725E-01
  1.6250000000E+00  1.6291666667E+00  4.22294E-02  5.05827E-01
  1.6291666667E+00  1.6333333333E+00  4.28449E-02  6.53302E-01
  1.6333333333E+00  1.6375000000E+00  4.24312E-02  6.31277E-01
  1.6375000000E+00  1.6416666667E+00  4.24440E-02  5.33409E-01
  1.6416666667E+00  1.6458333333E+00  4.26975E-02  6.63501E-01
  1.6458333333E+00  1.6500000000E+00  4.25292E-02  5.50138E-01
  1.6500000000E+00  1.6541666667E+00  4.27776E-02  7.75456E-01
  1.6541666667E+00  1.6583333333E+00  4.20988E-02  5.21531E-01
  1.6583333333E+00  1.6625000000E+00  4.25541E-02  7.35362E-01
  1.6625000000E+00  1.6666666667E+00  4.23108E-02  5.20559E-01
  1.6666666667E+00  1.6708333333E+00  4.23973E-02  5.01624E-01
  1.6708333333E+00  1.6750000000E+00  4.23371E-02  4.85410E-01
  1.6750000000E+00  1.6791666667E+00  4.26445E-02  6.53195E-01
  1.6791666667E+00  1.6833333333E+00  4.23136E-02  4.28476E-01
  1.6833333333E+00  1.6875000000E+00  4.24255E-02  5.27093E-01
  1.6875000000E+00  1.6916666667E+00  4.24573E-02  5.09295E-01
  1.6916666667E+00  1.6958333333E+00  4.25544E-02  5.17209E-01
  1.6958333333E+00  1.7000000000E+00  4.29907E-02  6.21868E-01
  1.7000000000E+00  1.7041666667E+00  4.27237E-02  6.19350E-01
  1.7041666667E+00  1.7083333333E+00  4.23616E-02  4.47053E-01
  1.7083333333E+00  1.7125000000E+00  4.25599E-02  5.06135E-01
  1.7125000000E+00  1.7166666667E+00  4.25638E-02  4.42242E-01
  1.7166666667E+00  1.7208333333E+00  4.27273E-02  6.58761E-01
  1.7208333333E+00  1.7250000000E+00  4.28990E-02  5.98920E-01
  1.7250000000E+00  1.7291666667E+00  4.29523E-02  7.82711E-01
  1.7291666667E+00  1.7333333333E+00  4.28318E-02  5.41477E-01
  1.7333333333E+00  1.7375000000E+00  4.28337E-02  5.04928E-01
  1.7375000000E+00  1.7416666667E+00  4.29472E-02  6.15422E-01
  1.7416666667E+00  1.7458333333E+00  4.32123E-02  8.15987E-01
  1.7458333333E+00  1.7500000000E+00  4.30076E-02  5.98626E-01
  1.7500000000E+00  1.7541666667E+00  4.29913E-02  5.91853E-01
  1.7541666667E+00  1.7583333333E+00  4.31942E-02  6.34155E-01
  1.7583333333E+00  1.7625000000E+00  4.33025E-02  6.67898E-01
  1.7625000000E+00  1.7666666667E+00  4.30236E-02  5.86706E-01
  1.7666666667E+00  1.7708333333E+00  4.29628E-02  5.61132E-01
  1.7708333333E+00  1.7750000000E+00  4.30739E-02  5.99778E-01
  1.7750000000E+00  1.7791666667E+00  4.30089E-02  5.70889E-01
  1.7791666667E+00  1.7833333333E+00  4.30276E-02  5.34915E-01
  1.7833333333E+00  1.7875000000E+00  4.30524E-02  5.92598E-01
  1.7875000000E+00  1.7916666667E+00  4.32645E-02  5.85699E-01
  1.7916666667E+00  1.7958333333E+00  4.30742E-02  5.77433E-01
  1.7958333333E+00  1.8000000000E+00  4.28616E-02  5.51129E-01
  1.8000000000E+00  1.8041666667E+00  4.27176E-02  4.13631E-01
  1.8041666667E+00  1.8083333333E+00  4.29055E-02  5.36460E-01
  1.8083333333E+00  1.8125000000E+00  4.31387E-02  5.69959E-01
  1.8125000000E+00  1.8166666667E+00  4.28950E-02  4.92293E-01
  1.8166666667E+00  1.8208333333E+00  4.34555E-02  7.18450E-01
  1.8208333333E+00  1.8250000000E+00  4.34592E-02  6.01811E-01
  1.8250000000E+00  1.8291666667E+00  4.32599E-02  5.55359E-01
  1.8291666667E+00  1.8333333333E+00  4.38393E-02  7.64196E-01
  1.8333333333E+00  1.8375000000E+00  4.31806E-02  5.40289E-01
  1.8375000000E+00  1.8416666667E+00  4.39236E-02  9.02418E-01
  1.8416666667E+00  1.8458333333E+00  4.33396E-02  6.10305E-01
  1.8458333333E+00  1.8500000000E+00  4.33585E-02  5.71562E-01
  1.8500000000E+00  1.8541666667E+00  4.34413E-02  5.67517E-01
  1.8541666667E+00  1.8583333333E+00  4.34602E-02  5.89305E-01
  1.8583333333E+00  1.8625000000E+00  4.34958E-02  6.70337E-01
  1.8625000000E+00  1.8666666667E+00  4.39167E-02  8.23004E-01
  1.8666666667E+00  1.8708333333E+00  4.34368E-02  5.76274E-01
  1.8708333333E+00  1.8750000000E+00  4.32066E-02  5.38125E-01
  1.8750000000E+00  1.8791666667E+00  4.33937E-02  5.90074E-01
  1.8791666667E+00  1.8833333333E+00  4.32813E-02  6.89980E-01
  1.8833333333E+00  1.8875000000E+00  4.39964E-02  6.67289E-01
  1.8875000000E+00  1.8916666667E+00  4.35438E-02  6.64135E-01
  1.8916666667E+00  1.8958333333E+00  4.35390E-02  5.99830E-01
  1.8958333333E+00  1.9000000000E+00  4.38896E-02  7.34245E-01
  1.9000000000E+00  1.9041666667E+00  4.38568E-02  7.22361E-01
  1.9041666667E+00  1.9083333333E+00  4.34479E-02  4.97012E-01
  1.9083333333E+00  1.9125000000E+00  4.37206E-02  6.03827E-01
  1.9125000000E+00  1.9166666667E+00  4.36230E-02  6.75011E-01
  1.9166666667E+00  1.9208333333E+00  4.35557E-02  5.01009E-01
  1.9208333333E+00  1.9250000000E+00  4.35494E-02  4.87746E-01
  1.9250000000E+00  1.9291666667E+00  4.38686E-02  6.56007E-01
  1.9291666667E+00  1.9333333333E+00  4.41448E-02  7.18293E-01
  1.9333333333E+00  1.9375000000E+00  4.34402E-02  4.87967E-01
  1.9375000000E+00  1.9416666667E+00  4.34885E-02  5.20836E-01
  1.9416666667E+00  1.9458333333E+00  4.38001E-02  5.54182E-01
  1.9458333333E+00  1.9500000000E+00  4.41413E-02  7.61025E-01
  1.9500000000E+00  1.9541666667E+00  4.37444E-02  5.33845E-01
  1.9541666667E+00  1.9583333333E+00  4.41021E-02  6.98797E-01
  1.9583333333E+00  1.9625000000E+00  4.39856E-02  5.73933E-01
  1.9625000000E+00  1.9666666667E+00  4.36296E-02  5.08120E-01
  1.9666666667E+00  1.9708333333E+00  4.36187E-02  4.99188E-01
  1.9708333333E+00  1.9750000000E+00  4.37666E-02  4.98843E-01
  1.9750000000E+00  1.9791666667E+00  4.38911E-02  5.91105E-01
  1.9791666667E+00  1.9833333333E+00  4.39935E-02  6.31971E-01
  1.9833333333E+00  1.9875000000E+00  4.43866E-02  7.21872E-01
  1.9875000000E+00  1.9916666667E+00  4.39610E-02  5.64920E-01
  1.9916666667E+00  1.9958333333E+00  4.39515E-02  4.89174E-01
  1.9958333333E+00  2.0000000000E+00  4.44513E-02  6.12977E-01
  2.0000000000E+00  2.0041666667E+00  4.38355E-02  4.16524E-01
  2.0041666667E+00  2.0083333333E+00  4.43651E-02  6.41482E-01
  2.0083333333E+00  2.0125000000E+00  4.39929E-02  5.63434E-01
  2.0125000000E+00  2.0166666667E+00  4.42604E-02  5.60202E-01
  2.0166666667E+00  2.0208333333E+00  4.40448E-02  4.94063E-01
  2.0208333333E+00  2.0250000000E+00  4.40528E-02  5.49903E-01
  2.0250000000E+00  2.0291666667E+00  4.42388E-02  5.84074E-01
  2.0291666667E+00  2.0333333333E+00  4.40462E-02  4.84771E-01
  2.0333333333E+00  2.0375000000E+00  4.39347E-02  4.35484E-01
  2.0375000000E+00  2.0416666667E+00  4.45921E-02  8.13818E-01
  2.0416666667E+00  2.0458333333E+00  4.41056E-02  4.18153E-01
  2.0458333333E+00  2.0500000000E+00  4.41086E-02  4.85815E-01
  2.0500000000E+00  2.0541666667E+00  4.40434E-02  4.89963E-01
  2.0541666667E+00  2.0583333333E+00  4.41757E-02  5.11644E-01
  2.0583333333E+00  2.0625000000E+00  4.47432E-02  6.81290E-01
  2.0625000000E+00  2.0666666667E+00  4.47921E-02  7.13653E-01
  2.0666666667E+00  2.0708333333E+00  4.42942E-02  4.73945E-01
  2.0708333333E+00  2.0750000000E+00  4.45932E-02  5.82658E-01
  2.0750000000E+00  2.0791666667E+00  4.47962E-02  5.47848E-01
  2.0791666667E+00  2.0833333333E+00  4.48779E-02  7.77595E-01
  2.0833333333E+00  2.0875000000E+00  4.54258E-02  7.95232E-01
  2.0875000000E+00  2.0916666667E+00  4.50054E-02  5.47157E-01
  2.0916666667E+00  2.0958333333E+00  4.49411E-02  6.24445E-01
  2.0958333333E+00  2.1000000000E+00  4.52410E-02  7.58749E-01
  2.1000000000E+00  2.1041666667E+00  4.53615E-02  5.96306E-01
  2.1041666667E+00  2.1083333333E+00  4.51295E-02  6.59942E-01
  2.1083333333E+00  2.1125000000E+00  4.45860E-02  4.30501E-01
  2.1125000000E+00  2.1166666667E+00  4.46913E-02  4.93060E-01
  2.1166666667E+00  2.1208333333E+00  4.47794E-02  5.19123E-01
  2.1208333333E+00  2.1250000000E+00  4.51686E-02  6.94714E-01
  2.1250000000E+00  2.1291666667E+00  4.49242E-02  5.37461E-01
  2.1291666667E+00  2.1333333333E+00  4.51373E-02  5.75573E-01
  2.1333333333E+00  2.1375000000E+00  4.55154E-02  8.16596E-01
  2.1375000000E+00  2.1416666667E+00  4.53901E-02  7.91578E-01
  2.1416666667E+00  2.1458333333E+00  4.53860E-02  7.57719E-01
  2.1458333333E+00  2.1500000000E+00  4.60518E-02  8.00652E-01
  2.1500000000E+00  2.1541666667E+00  4.51805E-02  5.53002E-01
  2.1541666667E+00  2.1583333333E+00  4.54825E-02  6.59783E-01
  2.1583333333E+00  2.1625000000E+00  4.55198E-02  6.21253E-01
  2.1625000000E+00  2.1666666667E+00  4.53782E-02  6.24793E-01
  2.1666666667E+00  2.1708333333E+00  4.52562E-02  5.18309E-01
  2.1708333333E+00  2.1750000000E+00  4.54464E-02  5.96523E-01
  2.1750000000E+00  2.1791666667E+00  4.54525E-02  5.51528E-01
  2.1791666667E+00  2.1833333333E+00  4.52152E-02  5.08005E-01
  2.1833333333E+00  2.1875000000E+00  4.54298E-02  5.84294E-01
  2.1875000000E+00  2.1916666667E+00  4.52810E-02  4.96368E-01
  2.1916666667E+00  2.1958333333E+00  4.52744E-02  4.73541E-01
  2.1958333333E+00  2.2000000000E+00  4.50726E-02  3.99007E-01
  2.2000000000E+00  2.2041666667E+00  4.54572E-02  5.61047E-01
  2.2041666667E+00  2.2083333333E+00  4.58054E-02  6.00768E-01
  2.2083333333E+00  2.2125000000E+00  4.56540E-02  6.06082E-01
  2.2125000000E+00  2.2166666667E+00  4.57143E-02  6.27808E-01
  2.2166666667E+00  2.2208333333E+00  4.57150E-02  6.59329E-01
  2.2208333333E+00  2.2250000000E+00  4.58542E-02  7.20219E-01
  2.2250000000E+00  2.2291666667E+00  4.52090E-02  4.52134E-01
  2.2291666667E+00  2.2333333333E+00  4.54265E-02  4.83225E-01
  2.2333333333E+00  2.2375000000E+00  4.64009E-02  8.83925E-01
  2.2375000000E+00  2.2416666667E+00  4.55388E-02  5.22131E-01
  2.2416666667E+00  2.2458333333E+00  4.61623E-02  7.12234E-01
  2.2458333333E+00  2.2500000000E+00  4.58421E-02  5.09406E-01
  2.2500000000E+00  2.2541666667E+00  4.60996E-02  6.19183E-01
  2.2541666667E+00  2.2583333333E+00  4.60724E-02  5.47266E-01
  2.2583333333E+00  2.2625000000E+00  4.58739E-02  6.73052E-01
  2.2625000000E+00  2.2666666667E+00  4.58130E-02  5.89441E-01
  2.2666666667E+00  2.2708333333E+00  4.56388E-02  5.56718E-01
  2.2708333333E+00  2.2750000000E+00  4.59389E-02  6.59441E-01
  2.2750000000E+00  2.2791666667E+00  4.59863E-02  5.51494E-01
  2.2791666667E+00  2.2833333333E+00  4.62065E-02  7.38293E-01
  2.2833333333E+00  2.2875000000E+00  4.61897E-02  6.55741E-01
  2.2875000000E+00  2.2916666667E+00  4.59328E-02  6.28373E-01
  2.2916666667E+00  2.2958333333E+00  4.58313E-02  5.06337E-01
  2.2958333333E+00  2.3000000000E+00  4.60075E-02  5.65750E-01
  2.3000000000E+00  2.3041666667E+00  4.62414E-02  6.21164E-01
  2.3041666667E+00  2.3083333333E+00  4.60629E-02  5.90323E-01
  2.3083333333E+00  2.3125000000E+00  4.60940E-02  5.53943E-01
  2.3125000000E+00  2.3166666667E+00  4.62113E-02  5.35900E-01
  2.3166666667E+00  2.3208333333E+00  4.63233E-02  6.68702E-01
  2.3208333333E+00  2.3250000000E+00  4.63359E-02  5.50438E-01
  2.3250000000E+00  2.3291666667E+00  4.67057E-02  7.27983E-01
  2.3291666667E+00  2.3333333333E+00  4.60401E-02  4.58457E-01
  2.3333333333E+00  2.3375000000E+00  4.59375E-02  4.39315E-01
  2.3375000000E+00  2.3416666667E+00  4.66372E-02  5.78752E-01
  2.3416666667E+00  2.3458333333E+00  4.68526E-02  7.97236E-01
  2.3458333333E+00  2.3500000000E+00  4.66327E-02  7.30315E-01
  2.3500000000E+00  2.3541666667E+00  4.64607E-02  5.72308E-01
  2.3541666667E+00  2.3583333333E+00  4.59075E-02  4.00165E-01
  2.3583333333E+00  2.3625000000E+00  4.66344E-02  8.71760E-01
  2.3625000000E+00  2.3666666667E+00  4.64341E-02  6.00725E-01
  2.3666666667E+00  2.3708333333E+00  4.63987E-02  5.21455E-01
  2.3708333333E+00  2.3750000000E+00  4.61696E-02  4.54727E-01
  2.3750000000E+00  2.3791666667E+00  4.62637E-02  4.45324E-01
  2.3791666667E+00  2.3833333333E+00  4.65610E-02  5.44974E-01
  2.3833333333E+00  2.3875000000E+00  4.64313E-02  5.06781E-01
  2.3875000000E+00  2.3916666667E+00  4.66314E-02  5.22370E-01
  2.3916666667E+00  2.3958333333E+00  4.70246E-02  6.42511E-01
  2.3958333333E+00  2.4000000000E+00  4.73416E-02  7.05766E-01
  2.4000000000E+00  2.4041666667E+00  4.71273E-02  5.44062E-01
  2.4041666667E+00  2.4083333333E+00  4.69273E-02  6.35161E-01
  2.4083333333E+00  2.4125000000E+00  4.65818E-02  4.63461E-01
  2.4125000000E+00  2.4166666667E+00  4.68018E-02  5.44314E-01
  2.4166666667E+00  2.4208333333E+00  4.69096E-02  6.03527E-01
  2.4208333333E+00  2.4250000000E+00  4.68804E-02  5.54950E-01
  2.4250000000E+00  2.4291666667E+00  4.68081E-02  6.16038E-01
  2.4291666667E+00  2.4333333333E+00  4.68199E-02  5.44453E-01
  2.4333333333E+00  2.4375000000E+00  4.70679E-02  6.16158E-01
  2.4375000000E+00  2.4416666667E+00  4.70572E-02  5.38015E-01
  2.4416666667E+00  2.4458333333E+00  4.70560E-02  5.37558E-01
  2.4458333333E+00  2.4500000000E+00  4.69241E-02  5.93766E-01
  2.4500000000E+00  2.4541666667E+00  4.68653E-02  4.65050E-01
  2.4541666667E+00  2.4583333333E+00  4.71206E-02  5.33720E-01
  2.4583333333E+00  2.4625000000E+00  4.68009E-02  4.09606E-01
  2.4625000000E+00  2.4666666667E+00  4.73391E-02  7.32788E-01
  2.4666666667E+00  2.4708333333E+00  4.72206E-02  5.59689E-01
  2.4708333333E+00  2.4750000000E+00  4.69340E-02  4.45957E-01
  2.4750000000E+00  2.4791666667E+00  4.68926E-02  4.06199E-01
  2.4791666667E+00  2.4833333333E+00  4.79158E-02  7.08450E-01
  2.4833333333E+00  2.4875000000E+00  4.75290E-02  6.54417E-01
  2.4875000000E+00  2.4916666667E+00  4.77519E-02  7.28208E-01
  2.4916666667E+00  2.4958333333E+00  4.73369E-02  5.15726E-01
  2.4958333333E+00  2.5000000000E+00  4.80073E-02  7.65673E-01
  2.5000000000E+00  2.5041666667E+00  4.80106E-02  7.40769E-01
  2.5041666667E+00  2.5083333333E+00  4.77144E-02  6.16027E-01
  2.5083333333E+00  2.5125000000E+00  4.77327E-02  6.50411E-01
  2.5125000000E+00  2.5166666667E+00  4.77587E-02  6.36307E-01
  2.5166666667E+00  2.5208333333E+00  4.74345E-02  4.63561E-01
  2.5208333333E+00  2.5250000000E+00  4.73729E-02  4.53718E-01
  2.5250000000E+00  2.5291666667E+00  4.76397E-02  5.16598E-01
  2.5291666667E+00  2.5333333333E+00  4.74729E-02  5.02786E-01
  2.5333333333E+00  2.5375000000E+00  4.78055E-02  6.36409E-01
  2.5375000000E+00  2.5416666667E+00  4.78591E-02  6.91113E-01
  2.5416666667E+00  2.5458333333E+00  4.76709E-02  5.76344E-01
  2.5458333333E+00  2.5500000000E+00  4.78961E-02  5.89778E-01
  2.5500000000E+00  2.5541666667E+00  4.81669E-02  5.94074E-01
  2.5541666667E+00  2.5583333333E+00  4.76378E-02  4.52164E-01
  2.5583333333E+00  2.5625000000E+00  4.77914E-02  5.70237E-01
  2.5625000000E+00  2.5666666667E+00  4.79005E-02  5.64537E-01
  2.5666666667E+00  2.5708333333E+00  4.79414E-02  5.63291E-01
  2.5708333333E+00  2.5750000000E+00  4.80748E-02  5.98833E-01
  2.5750000000E+00  2.5791666667E+00  4.77099E-02  4.71015E-01
  2.5791666667E+00  2.5833333333E+00  4.77224E-02  4.36302E-01
  2.5833333333E+00  2.5875000000E+00  4.82168E-02  6.87040E-01
  2.5875000000E+00  2.5916666667E+00  4.83413E-02  6.00023E-01
  2.5916666667E+00  2.5958333333E+00  4.83593E-02  5.69946E-01
  2.5958333333E+00  2.6000000000E+00  4.80988E-02  4.88167E-01
  2.6000000000E+00  2.6041666667E+00  4.88291E-02  7.31381E-01
  2.6041666667E+00  2.6083333333E+00  4.82001E-02  5.03885E-01
  2.6083333333E+00  2.6125000000E+00  4.85527E-02  7.06110E-01
  2.6125000000E+00  2.6166666667E+00  4.80410E-02  4.82815E-01
  2.6166666667E+00  2.6208333333E+00  4.83710E-02  6.15238E-01
  2.6208333333E+00  2.6250000000E+00  4.83051E-02  5.63197E-01
  2.6250000000E+00  2.6291666667E+00  4.82937E-02  4.99936E-01
  2.6291666667E+00  2.6333333333E+00  4.83658E-02  5.08274E-01
  2.6333333333E+00  2.6375000000E+00  4.84071E-02  5.01396E-01
  2.6375000000E+00  2.6416666667E+00  4.87757E-02  6.28467E-01
  2.6416666667E+00  2.6458333333E+00  4.89871E-02  6.91875E-01
  2.6458333333E+00  2.6500000000E+00  4.88233E-02  6.93657E-01
  2.6500000000E+00  2.6541666667E+00  4.89235E-02  6.67658E-01
  2.6541666667E+00  2.6583333333E+00  4.87912E-02  6.45751E-01
  2.6583333333E+00  2.6625000000E+00  4.88573E-02  6.14364E-01
  2.6625000000E+00  2.6666666667E+00  4.88297E-02  6.47769E-01
  2.6666666667E+00  2.6708333333E+00  4.88615E-02  5.81062E-01
  2.6708333333E+00  2.6750000000E+00  4.88906E-02  5.50769E-01
  2.6750000000E+00  2.6791666667E+00  4.91160E-02  6.48903E-01
  2.6791666667E+00  2.6833333333E+00  4.91922E-02  6.03097E-01
  2.6833333333E+00  2.6875000000E+00  4.90406E-02  5.82907E-01
  2.6875000000E+00  2.6916666667E+00  4.92845E-02  6.64479E-01
  2.6916666667E+00  2.6958333333E+00  4.90697E-02  5.60957E-01
  2.6958333333E+00  2.7000000000E+00  4.95227E-02  7.90202E-01
  2.7000000000E+00  2.7041666667E+00  4.92925E-02  5.76750E-01
  2.7041666667E+00  2.7083333333E+00  4.90736E-02  5.15079E-01
  2.7083333333E+00  2.7125000000E+00  4.90748E-02  4.92623E-01
  2.7125000000E+00  2.7166666667E+00  4.92433E-02  5.69470E-01
  2.7166666667E+00  2.7208333333E+00  4.92199E-02  5.68218E-01
  2.7208333333E+00  2.7250000000E+00  4.90894E-02  5.87610E-01
  2.7250000000E+00  2.7291666667E+00  4.94646E-02  6.30626E-01
  2.7291666667E+00  2.7333333333E+00  4.91122E-02  5.25230E-01
  2.7333333333E+00  2.7375000000E+00  4.89347E-02  4.53982E-01
  2.7375000000E+00  2.7416666667E+00  4.90639E-02  4.44349E-01
  2.7416666667E+00  2.7458333333E+00  4.93832E-02  5.75329E-01
  2.7458333333E+00  2.7500000000E+00  4.97456E-02  6.44242E-01
  2.7500000000E+00  2.7541666667E+00  4.95494E-02  5.80284E-01
  2.7541666667E+00  2.7583333333E+00  4.92810E-02  4.60273E-01
  2.7583333333E+00  2.7625000000E+00  4.92799E-02  4.65677E-01
  2.7625000000E+00  2.7666666667E+00  4.94744E-02  5.41352E-01
  2.7666666667E+00  2.7708333333E+00  4.95650E-02  5.32848E-01
  2.7708333333E+00  2.7750000000E+00  4.97378E-02  6.63404E-01
  2.7750000000E+00  2.7791666667E+00  4.97887E-02  6.31999E-01
  2.7791666667E+00  2.7833333333E+00  4.93583E-02  4.29953E-01
  2.7833333333E+00  2.7875000000E+00  4.96228E-02  5.24264E-01
  2.7875000000E+00  2.7916666667E+00  4.94581E-02  4.42353E-01
  2.7916666667E+00  2.7958333333E+00  4.99481E-02  6.12669E-01
  2.7958333333E+00  2.8000000000E+00  4.97651E-02  5.24372E-01
  2.8000000000E+00  2.8041666667E+00  4.98139E-02  4.85954E-01
  2.8041666667E+00  2.8083333333E+00  5.02065E-02  6.74191E-01
  2.8083333333E+00  2.8125000000E+00  5.00021E-02  5.69692E-01
  2.8125000000E+00  2.8166666667E+00  4.96539E-02  4.81796E-01
  2.8166666667E+00  2.8208333333E+00  4.98090E-02  5.21388E-01
  2.8208333333E+00  2.8250000000E+00  5.01439E-02  5.65354E-01
  2.8250000000E+00  2.8291666667E+00  5.00975E-02  5.94451E-01
  2.8291666667E+00  2.8333333333E+00  4.99272E-02  4.75446E-01
  2.8333333333E+00  2.8375000000E+00  5.03621E-02  5.54401E-01
  2.8375000000E+00  2.8416666667E+00  5.08281E-02  7.45166E-01
  2.8416666667E+00  2.8458333333E+00  5.04379E-02  5.45820E-01
  2.8458333333E+00  2.8500000000E+00  5.03763E-02  6.96400E-01
  2.8500000000E+00  2.8541666667E+00  4.99671E-02  4.24650E-01
  2.8541666667E+00  2.8583333333E+00  5.02623E-02  5.22511E-01
  2.8583333333E+00  2.8625000000E+00  5.00602E-02  4.32960E-01
  2.8625000000E+00  2.8666666667E+00  4.99785E-02  4.05511E-01
  2.8666666667E+00  2.8708333333E+00  5.02154E-02  4.78341E-01
  2.8708333333E+00  2.8750000000E+00  5.11013E-02  7.10078E-01
  2.8750000000E+00  2.8791666667E+00  5.08798E-02  6.92450E-01
  2.8791666667E+00  2.8833333333E+00  5.07397E-02  6.02152E-01
  2.8833333333E+00  2.8875000000E+00  5.07762E-02  6.30757E-01
  2.8875000000E+00  2.8916666667E+00  5.07519E-02  5.57539E-01
  2.8916666667E+00  2.8958333333E+00  5.06582E-02  5.47582E-01
  2.8958333333E+00  2.9000000000E+00  5.05301E-02  5.18409E-01
  2.9000000000E+00  2.9041666667E+00  5.06001E-02  5.58532E-01
  2.9041666667E+00  2.9083333333E+00  5.07894E-02  5.91937E-01
  2.9083333333E+00  2.9125000000E+00  5.08216E-02  5.58163E-01
  2.9125000000E+00  2.9166666667E+00  5.07746E-02  4.85683E-01
  2.9166666667E+00  2.9208333333E+00  5.15081E-02  7.05885E-01
  2.9208333333E+00  2.9250000000E+00  5.13056E-02  5.95797E-01
  2.9250000000E+00  2.9291666667E+00  5.15621E-02  7.37339E-01
  2.9291666667E+00  2.9333333333E+00  5.12470E-02  5.71503E-01
  2.9333333333E+00  2.9375000000E+00  5.09517E-02  6.27783E-01
  2.9375000000E+00  2.9416666667E+00  5.11002E-02  5.13352E-01
  2.9416666667E+00  2.9458333333E+00  5.09286E-02  5.11861E-01
  2.9458333333E+00  2.9500000000E+00  5.08687E-02  4.45631E-01
  2.9500000000E+00  2.9541666667E+00  5.10317E-02  4.84030E-01
  2.9541666667E+00  2.9583333333E+00  5.19663E-02  7.70479E-01
  2.9583333333E+00  2.9625000000E+00  5.10494E-02  5.00326E-01
  2.9625000000E+00  2.9666666667E+00  5.09284E-02  4.15967E-01
  2.9666666667E+00  2.9708333333E+00  5.13392E-02  5.46345E-01
  2.9708333333E+00  2.9750000000E+00  5.12304E-02  5.39065E-01
  2.9750000000E+00  2.9791666667E+00  5.11920E-02  4.72809E-01
  2.9791666667E+00  2.9833333333E+00  5.23980E-02  8.32471E-01
  2.9833333333E+00  2.9875000000E+00  5.20564E-02  6.89607E-01
  2.9875000000E+00  2.9916666667E+00  5.15925E-02  5.50800E-01
  2.9916666667E+00  2.9958333333E+00  5.16922E-02  5.58198E-01
  2.9958333333E+00  3.0000000000E+00  5.13993E-02  4.83612E-01
  3.0000000000E+00  3.0041666667E+00  5.16703E-02  5.27424E-01
  3.0041666667E+00  3.0083333333E+00  5.14100E-02  4.54253E-01
  3.0083333333E+00  3.0125000000E+00  5.18032E-02  5.28978E-01
  3.0125000000E+00  3.0166666667E+00  5.21726E-02  7.03118E-01
  3.0166666667E+00  3.0208333333E+00  5.16190E-02  5.01797E-01
  3.0208333333E+00  3.0250000000E+00  5.16592E-02  5.51332E-01
  3.0250000000E+00  3.0291666667E+00  5.18789E-02  5.78359E-01
  3.0291666667E+00  3.0333333333E+00  5.16044E-02  4.30803E-01
  3.0333333333E+00  3.0375000000E+00  5.16828E-02  4.82103E-01
  3.0375000000E+00  3.0416666667E+00  5.20145E-02  5.19191E-01
  3.0416666667E+00  3.0458333333E+00  5.17444E-02  5.09923E-01
  3.0458333333E+00  3.0500000000E+00  5.19167E-02  5.27520E-01
  3.0500000000E+00  3.0541666667E+00  5.19481E-02  5.79975E-01
  3.0541666667E+00  3.0583333333E+00  5.20551E-02  5.58184E-01
  3.0583333333E+00  3.0625000000E+00  5.20733E-02  5.59287E-01
  3.0625000000E+00  3.0666666667E+00  5.19772E-02  4.58841E-01
  3.0666666667E+00  3.0708333333E+00  5.22580E-02  5.25103E-01
  3.0708333333E+00  3.0750000000E+00  5.23447E-02  5.48958E-01
  3.0750000000E+00  3.0791666667E+00  5.22003E-02  4.89270E-01
  3.0791666667E+00  3.0833333333E+00  5.22640E-02  5.94086E-01
  3.0833333333E+00  3.0875000000E+00  5.25377E-02  7.30338E-01
  3.0875000000E+00  3.0916666667E+00  5.24887E-02  5.48391E-01
  3.0916666667E+00  3.0958333333E+00  5.24900E-02  5.12102E-01
  3.0958333333E+00  3.1000000000E+00  5.25496E-02  5.00237E-01
  3.1000000000E+00  3.1041666667E+00  5.27630E-02  5.68934E-01
  3.1041666667E+00  3.1083333333E+00  5.27248E-02  5.24085E-01
  3.1083333333E+00  3.1125000000E+00  5.31805E-02  6.76993E-01
  3.1125000000E+00  3.1166666667E+00  5.26231E-02  5.03960E-01
  3.1166666667E+00  3.1208333333E+00  5.25919E-02  4.87479E-01
  3.1208333333E+00  3.1250000000E+00  5.31177E-02  6.23325E-01
  3.1250000000E+00  3.1291666667E+00  5.25078E-02  4.42637E-01
  3.1291666667E+00  3.1333333333E+00  5.27671E-02  4.77373E-01
  3.1333333333E+00  3.1375000000E+00  5.27939E-02  4.96030E-01
  3.1375000000E+00  3.1416666667E+00  5.27285E-02  5.03581E-01
  3.1416666667E+00  3.1458333333E+00  5.30744E-02  5.92741E-01
  3.1458333333E+00  3.1500000000E+00  5.29248E-02  5.04552E-01
  3.1500000000E+00  3.1541666667E+00  5.27815E-02  4.39833E-01
  3.1541666667E+00  3.1583333333E+00  5.34596E-02  8.02128E-01
  3.1583333333E+00  3.1625000000E+00  5.32963E-02  6.04566E-01
  3.1625000000E+00  3.1666666667E+00  5.32595E-02  5.57714E-01
  3.1666666667E+00  3.1708333333E+00  5.33322E-02  4.88396E-01
  3.1708333333E+00  3.1750000000E+00  5.34847E-02  5.28770E-01
  3.1750000000E+00  3.1791666667E+00  5.38553E-02  6.41122E-01
  3.1791666667E+00  3.1833333333E+00  5.36792E-02  6.03263E-01
  3.1833333333E+00  3.1875000000E+00  5.38593E-02  6.61124E-01
  3.1875000000E+00  3.1916666667E+00  5.35509E-02  6.22482E-01
  3.1916666667E+00  3.1958333333E+00  5.34383E-02  5.54540E-01
  3.1958333333E+00  3.2000000000E+00  5.36710E-02  4.83922E-01
  3.2000000000E+00  3.2041666667E+00  5.35184E-02  4.58810E-01
  3.2041666667E+00  3.2083333333E+00  5.34138E-02  4.13900E-01
  3.2083333333E+00  3.2125000000E+00  5.39874E-02  6.21830E-01
  3.2125000000E+00  3.2166666667E+00  5.42688E-02  6.85680E-01
  3.2166666667E+00  3.2208333333E+00  5.39090E-02  5.23839E-01
  3.2208333333E+00  3.2250000000E+00  5.46447E-02  7.29415E-01
  3.2250000000E+00  3.2291666667E+00  5.42079E-02  5.32522E-01
  3.2291666667E+00  3.2333333333E+00  5.41875E-02  6.37492E-01
  3.2333333333E+00  3.2375000000E+00  5.40661E-02  5.61469E-01
  3.2375000000E+00  3.2416666667E+00  5.44528E-02  6.36119E-01
  3.2416666667E+00  3.2458333333E+00  5.44830E-02  5.56532E-01
  3.2458333333E+00  3.2500000000E+00  5.43968E-02  4.92548E-01
  3.2500000000E+00  3.2541666667E+00  5.44340E-02  4.87093E-01
  3.2541666667E+00  3.2583333333E+00  5.49687E-02  6.27271E-01
  3.2583333333E+00  3.2625000000E+00  5.45480E-02  5.03313E-01
  3.2625000000E+00  3.2666666667E+00  5.42974E-02  5.07400E-01
  3.2666666667E+00  3.2708333333E+00  5.47140E-02  5.82843E-01
  3.2708333333E+00  3.2750000000E+00  5.48389E-02  5.59586E-01
  3.2750000000E+00  3.2791666667E+00  5.49292E-02  6.36805E-01
  3.2791666667E+00  3.2833333333E+00  5.44393E-02  4.23478E-01
  3.2833333333E+00  3.2875000000E+00  5.46576E-02  5.48807E-01
  3.2875000000E+00  3.2916666667E+00  5.48238E-02  4.87159E-01
  3.2916666667E+00  3.2958333333E+00  5.49212E-02  5.35676E-01
  3.2958333333E+00  3.3000000000E+00  5.50796E-02  6.13699E-01
  3.3000000000E+00  3.3041666667E+00  5.47480E-02  4.85539E-01
  3.3041666667E+00  3.3083333333E+00  5.46390E-02  4.23775E-01
  3.3083333333E+00  3.3125000000E+00  5.50319E-02  5.25060E-01
  3.3125000000E+00  3.3166666667E+00  5.50409E-02  5.53371E-01
  3.3166666667E+00  3.3208333333E+00  5.48676E-02  4.71102E-01
  3.3208333333E+00  3.3250000000E+00  5.50431E-02  4.72116E-01
  3.3250000000E+00  3.3291666667E+00  5.50404E-02  4.21620E-01
  3.3291666667E+00  3.3333333333E+00  5.60576E-02  6.82751E-01
  3.3333333333E+00  3.3375000000E+00  5.52941E-02  4.86614E-01
  3.3375000000E+00  3.3416666667E+00  5.55932E-02  5.61244E-01
  3.3416666667E+00  3.3458333333E+00  5.56549E-02  5.81996E-01
  3.3458333333E+00  3.3500000000E+00  5.56811E-02  5.43327E-01
  3.3500000000E+00  3.3541666667E+00  5.60015E-02  6.19208E-01
  3.3541666667E+00  3.3583333333E+00  5.58724E-02  5.17686E-01
  3.3583333333E+00  3.3625000000E+00  5.60764E-02  5.63313E-01
  3.3625000000E+00  3.3666666667E+00  5.63035E-02  6.25130E-01
  3.3666666667E+00  3.3708333333E+00  5.60905E-02  5.39478E-01
  3.3708333333E+00  3.3750000000E+00  5.61942E-02  5.66345E-01
  3.3750000000E+00  3.3791666667E+00  5.65219E-02  6.10598E-01
  3.3791666667E+00  3.3833333333E+00  5.64712E-02  6.27252E-01
  3.3833333333E+00  3.3875000000E+00  5.63023E-02  5.73913E-01
  3.3875000000E+00  3.3916666667E+00  5.62998E-02  5.17442E-01
  3.3916666667E+00  3.3958333333E+00  5.61900E-02  5.36409E-01
  3.3958333333E+00  3.4000000000E+00  5.60644E-02  4.57258E-01
  3.4000000000E+00  3.4041666667E+00  5.62508E-02  4.98040E-01
  3.4041666667E+00  3.4083333333E+00  5.63606E-02  5.67395E-01
  3.4083333333E+00  3.4125000000E+00  5.66704E-02  6.22650E-01
  3.4125000000E+00  3.4166666667E+00  5.62018E-02  4.87579E-01
  3.4166666667E+00  3.4208333333E+00  5.67341E-02  6.74752E-01
  3.4208333333E+00  3.4250000000E+00  5.66614E-02  5.53334E-01
  3.4250000000E+00  3.4291666667E+00  5.68481E-02  5.28163E-01
  3.4291666667E+00  3.4333333333E+00  5.71384E-02  6.37404E-01
  3.4333333333E+00  3.4375000000E+00  5.67835E-02  5.32238E-01
  3.4375000000E+00  3.4416666667E+00  5.64545E-02  4.29167E-01
  3.4416666667E+00  3.4458333333E+00  5.67050E-02  4.48534E-01
  3.4458333333E+00  3.4500000000E+00  5.74077E-02  6.50716E-01
  3.4500000000E+00  3.4541666667E+00  5.75225E-02  6.94471E-01
  3.4541666667E+00  3.4583333333E+00  5.71835E-02  5.60562E-01
  3.4583333333E+00  3.4625000000E+00  5.68365E-02  4.31531E-01
  3.4625000000E+00  3.4666666667E+00  5.69137E-02  4.44328E-01
  3.4666666667E+00  3.4708333333E+00  5.74392E-02  5.83752E-01
  3.4708333333E+00  3.4750000000E+00  5.74846E-02  5.44102E-01
  3.4750000000E+00  3.4791666667E+00  5.79850E-02  7.26502E-01
  3.4791666667E+00  3.4833333333E+00  5.71973E-02  4.63641E-01
  3.4833333333E+00  3.4875000000E+00  5.72331E-02  4.18919E-01
  3.4875000000E+00  3.4916666667E+00  5.73556E-02  4.30491E-01
  3.4916666667E+00  3.4958333333E+00  5.74379E-02  4.58272E-01
  3.4958333333E+00  3.5000000000E+00  5.77748E-02  5.38799E-01
  3.5000000000E+00  3.5041666667E+00  5.75169E-02  4.58171E-01
  3.5041666667E+00  3.5083333333E+00  5.77347E-02  4.50143E-01
  3.5083333333E+00  3.5125000000E+00  5.78424E-02  5.09990E-01
  3.5125000000E+00  3.5166666667E+00  5.79642E-02  6.12137E-01
  3.5166666667E+00  3.5208333333E+00  5.79208E-02  4.90407E-01
  3.5208333333E+00  3.5250000000E+00  5.83703E-02  5.47683E-01
  3.5250000000E+00  3.5291666667E+00  5.84708E-02  5.61287E-01
  3.5291666667E+00  3.5333333333E+00  5.84658E-02  5.93316E-01
  3.5333333333E+00  3.5375000000E+00  5.82900E-02  4.71341E-01
  3.5375000000E+00  3.5416666667E+00  5.82497E-02  5.02929E-01
  3.5416666667E+00  3.5458333333E+00  5.85431E-02  5.13370E-01
  3.5458333333E+00  3.5500000000E+00  5.82837E-02  4.30028E-01
  3.5500000000E+00  3.5541666667E+00  5.87669E-02  5.41190E-01
  3.5541666667E+00  3.5583333333E+00  5.89498E-02  5.64029E-01
  3.5583333333E+00  3.5625000000E+00  5.86802E-02  4.79619E-01
  3.5625000000E+00  3.5666666667E+00  5.90860E-02  4.91981E-01
  3.5666666667E+00  3.5708333333E+00  5.90955E-02  5.41568E-01
  3.5708333333E+00  3.5750000000E+00  5.95293E-02  5.62356E-01
  3.5750000000E+00  3.5791666667E+00  5.93279E-02  5.61785E-01
  3.5791666667E+00  3.5833333333E+00  5.95191E-02  5.61433E-01
  3.5833333333E+00  3.5875000000E+00  5.95621E-02  5.47802E-01
  3.5875000000E+00  3.5916666667E+00  5.92264E-02  4.41902E-01
  3.5916666667E+00  3.5958333333E+00  5.90295E-02  4.04984E-01
  3.5958333333E+00  3.6000000000E+00  5.91794E-02  4.79939E-01
  3.6000000000E+00  3.6041666667E+00  5.90262E-02  4.19215E-01
  3.6041666667E+00  3.6083333333E+00  5.92137E-02  4.41018E-01
  3.6083333333E+00  3.6125000000E+00  5.96949E-02  5.21790E-01
  3.6125000000E+00  3.6166666667E+00  5.98242E-02  5.57114E-01
  3.6166666667E+00  3.6208333333E+00  5.93781E-02  3.96277E-01
  3.6208333333E+00  3.6250000000E+00  5.95727E-02  4.15076E-01
  3.6250000000E+00  3.6291666667E+00  5.98554E-02  4.28027E-01
  3.6291666667E+00  3.6333333333E+00  6.06086E-02  5.99600E-01
  3.6333333333E+00  3.6375000000E+00  6.03639E-02  5.44263E-01
  3.6375000000E+00  3.6416666667E+00  6.02402E-02  4.63237E-01
  3.6416666667E+00  3.6458333333E+00  6.05047E-02  5.76801E-01
  3.6458333333E+00  3.6500000000E+00  6.04670E-02  5.26393E-01
  3.6500000000E+00  3.6541666667E+00  6.03915E-02  4.34753E-01
  3.6541666667E+00  3.6583333333E+00  6.06182E-02  4.78045E-01
  3.6583333333E+00  3.6625000000E+00  6.13362E-02  6.46822E-01
  3.6625000000E+00  3.6666666667E+00  6.05432E-02  5.00920E-01
  3.6666666667E+00  3.6708333333E+00  6.04718E-02  4.28966E-01
  3.6708333333E+00  3.6750000000E+00  6.05066E-02  4.57753E-01
  3.6750000000E+00  3.6791666667E+00  6.06484E-02  4.34101E-01
  3.6791666667E+00  3.6833333333E+00  6.13989E-02  5.41712E-01
  3.6833333333E+00  3.6875000000E+00  6.10655E-02  4.63554E-01
  3.6875000000E+00  3.6916666667E+00  6.13078E-02  5.29843E-01
  3.6916666667E+00  3.6958333333E+00  6.13883E-02  5.32688E-01
  3.6958333333E+00  3.7000000000E+00  6.11396E-02  4.32353E-01
  3.7000000000E+00  3.7041666667E+00  6.11462E-02  4.47292E-01
  3.7041666667E+00  3.7083333333E+00  6.15847E-02  4.93811E-01
  3.7083333333E+00  3.7125000000E+00  6.14276E-02  4.45201E-01
  3.7125000000E+00  3.7166666667E+00  6.17160E-02  5.10167E-01
  3.7166666667E+00  3.7208333333E+00  6.20355E-02  5.87084E-01
  3.7208333333E+00  3.7250000000E+00  6.17809E-02  4.63442E-01
  3.7250000000E+00  3.7291666667E+00  6.16068E-02  4.10192E-01
  3.7291666667E+00  3.7333333333E+00  6.20279E-02  5.05266E-01
  3.7333333333E+00  3.7375000000E+00  6.18045E-02  4.26908E-01
  3.7375000000E+00  3.7416666667E+00  6.23568E-02  5.40882E-01
  3.7416666667E+00  3.7458333333E+00  6.22014E-02  4.80440E-01
  3.7458333333E+00  3.7500000000E+00  6.27026E-02  5.44756E-01
  3.7500000000E+00  3.7541666667E+00  6.24262E-02  4.76389E-01
  3.7541666667E+00  3.7583333333E+00  6.27072E-02  5.17795E-01
  3.7583333333E+00  3.7625000000E+00  6.36541E-02  5.94283E-01
  3.7625000000E+00  3.7666666667E+00  6.29880E-02  5.59295E-01
  3.7666666667E+00  3.7708333333E+00  6.30228E-02  5.89521E-01
  3.7708333333E+00  3.7750000000E+00  6.34214E-02  5.71699E-01
  3.7750000000E+00  3.7791666667E+00  6.36946E-02  6.28573E-01
  3.7791666667E+00  3.7833333333E+00  6.33000E-02  5.11860E-01
  3.7833333333E+00  3.7875000000E+00  6.34895E-02  5.70054E-01
  3.7875000000E+00  3.7916666667E+00  6.31721E-02  4.60553E-01
  3.7916666667E+00  3.7958333333E+00  6.34877E-02  5.00213E-01
  3.7958333333E+00  3.8000000000E+00  6.34957E-02  4.90546E-01
  3.8000000000E+00  3.8041666667E+00  6.39034E-02  5.63221E-01
  3.8041666667E+00  3.8083333333E+00  6.37462E-02  5.09383E-01
  3.8083333333E+00  3.8125000000E+00  6.41019E-02  4.97268E-01
  3.8125000000E+00  3.8166666667E+00  6.47386E-02  5.84894E-01
  3.8166666667E+00  3.8208333333E+00  6.43849E-02  5.35562E-01
  3.8208333333E+00  3.8250000000E+00  6.46562E-02  5.64810E-01
  3.8250000000E+00  3.8291666667E+00  6.47904E-02  5.68988E-01
  3.8291666667E+00  3.8333333333E+00  6.46293E-02  5.56020E-01
  3.8333333333E+00  3.8375000000E+00  6.42812E-02  4.77591E-01
  3.8375000000E+00  3.8416666667E+00  6.48806E-02  5.20230E-01
  3.8416666667E+00  3.8458333333E+00  6.51102E-02  5.70379E-01
  3.8458333333E+00  3.8500000000E+00  6.51481E-02  5.83727E-01
  3.8500000000E+00  3.8541666667E+00  6.49236E-02  4.46725E-01
  3.8541666667E+00  3.8583333333E+00  6.49772E-02  4.77636E-01
  3.8583333333E+00  3.8625000000E+00  6.52828E-02  5.11691E-01
  3.8625000000E+00  3.8666666667E+00  6.51818E-02  4.31580E-01
  3.8666666667E+00  3.8708333333E+00  6.54355E-02  4.96417E-01
  3.8708333333E+00  3.8750000000E+00  6.57414E-02  5.08068E-01
  3.8750000000E+00  3.8791666667E+00  6.55105E-02  4.85768E-01
  3.8791666667E+00  3.8833333333E+00  6.60126E-02  5.95279E-01
  3.8833333333E+00  3.8875000000E+00  6.57080E-02  4.56279E-01
  3.8875000000E+00  3.8916666667E+00  6.58981E-02  4.69198E-01
  3.8916666667E+00  3.8958333333E+00  6.59017E-02  4.66138E-01
  3.8958333333E+00  3.9000000000E+00  6.59127E-02  4.19502E-01
  3.9000000000E+00  3.9041666667E+00  6.67030E-02  5.39550E-01
  3.9041666667E+00  3.9083333333E+00  6.66202E-02  4.98432E-01
  3.9083333333E+00  3.9125000000E+00  6.76145E-02  6.47183E-01
  3.9125000000E+00  3.9166666667E+00  6.70872E-02  5.06856E-01
  3.9166666667E+00  3.9208333333E+00  6.70335E-02  4.86853E-01
  3.9208333333E+00  3.9250000000E+00  6.66740E-02  4.07788E-01
  3.9250000000E+00  3.9291666667E+00  6.72986E-02  5.49955E-01
  3.9291666667E+00  3.9333333333E+00  6.73704E-02  5.30638E-01
  3.9333333333E+00  3.9375000000E+00  6.73072E-02  5.10330E-01
  3.9375000000E+00  3.9416666667E+00  6.73554E-02  4.88412E-01
  3.9416666667E+00  3.9458333333E+00  6.74882E-02  4.39408E-01
  3.9458333333E+00  3.9500000000E+00  6.77613E-02  4.50742E-01
  3.9500000000E+00  3.9541666667E+00  6.82278E-02  5.58345E-01
  3.9541666667E+00  3.9583333333E+00  6.82644E-02  5.48646E-01
  3.9583333333E+00  3.9625000000E+00  6.80949E-02  4.45205E-01
  3.9625000000E+00  3.9666666667E+00  6.88236E-02  5.51937E-01
  3.9666666667E+00  3.9708333333E+00  6.86158E-02  5.39728E-01
  3.9708333333E+00  3.9750000000E+00  6.86377E-02  4.90963E-01
  3.9750000000E+00  3.9791666667E+00  6.84463E-02  4.52838E-01
  3.9791666667E+00  3.9833333333E+00  6.88879E-02  5.40048E-01
  3.9833333333E+00  3.9875000000E+00  6.89502E-02  4.88014E-01
  3.9875000000E+00  3.9916666667E+00  6.91866E-02  4.70536E-01
  3.9916666667E+00  3.9958333333E+00  6.89873E-02  4.27381E-01
  3.9958333333E+00  4.0000000000E+00  6.96241E-02  5.24082E-01
  4.0000000000E+00  4.0041666667E+00  6.96881E-02  5.18568E-01
  4.0041666667E+00  4.0083333333E+00  7.04946E-02  6.31482E-01
  4.0083333333E+00  4.0125000000E+00  6.98959E-02  4.53060E-01
  4.0125000000E+00  4.0166666667E+00  7.01596E-02  5.10606E-01
  4.0166666667E+00  4.0208333333E+00  6.99176E-02  4.70057E-01
  4.0208333333E+00  4.0250000000E+00  7.05075E-02  5.48077E-01
  4.0250000000E+00  4.0291666667E+00  7.04334E-02  4.73415E-01
  4.0291666667E+00  4.0333333333E+00  7.03151E-02  4.29510E-01
  4.0333333333E+00  4.0375000000E+00  7.05489E-02  4.92780E-01
  4.0375000000E+00  4.0416666667E+00  7.10422E-02  5.25600E-01
  4.0416666667E+00  4.0458333333E+00  7.08734E-02  4.55664E-01
  4.0458333333E+00  4.0500000000E+00  7.12061E-02  5.02826E-01
  4.0500000000E+00  4.0541666667E+00  7.11978E-02  4.58549E-01
  4.0541666667E+00  4.0583333333E+00  7.17002E-02  5.03591E-01
  4.0583333333E+00  4.0625000000E+00  7.15685E-02  4.55691E-01
  4.0625000000E+00  4.0666666667E+00  7.17752E-02  4.48705E-01
  4.0666666667E+00  4.0708333333E+00  7.19672E-02  4.74102E-01
  4.0708333333E+00  4.0750000000E+00  7.23264E-02  4.98303E-01
  4.0750000000E+00  4.0791666667E+00  7.25726E-02  5.42108E-01
  4.0791666667E+00  4.0833333333E+00  7.24418E-02  4.49961E-01
  4.0833333333E+00  4.0875000000E+00  7.30408E-02  5.04372E-01
  4.0875000000E+00  4.0916666667E+00  7.26379E-02  4.05910E-01
  4.0916666667E+00  4.0958333333E+00  7.32019E-02  4.75174E-01
  4.0958333333E+00  4.1000000000E+00  7.36549E-02  5.74851E-01
  4.1000000000E+00  4.1041666667E+00  7.35250E-02  4.80054E-01
  4.1041666667E+00  4.1083333333E+00  7.38194E-02  5.27845E-01
  4.1083333333E+00  4.1125000000E+00  7.40874E-02  5.10726E-01
  4.1125000000E+00  4.1166666667E+00  7.40081E-02  4.30254E-01
  4.1166666667E+00  4.1208333333E+00  7.46460E-02  5.13473E-01
  4.1208333333E+00  4.1250000000E+00  7.46805E-02  4.63140E-01
  4.1250000000E+00  4.1291666667E+00  7.45339E-02  4.05662E-01
  4.1291666667E+00  4.1333333333E+00  7.49857E-02  4.62456E-01
  4.1333333333E+00  4.1375000000E+00  7.53868E-02  4.74990E-01
  4.1375000000E+00  4.1416666667E+00  7.57128E-02  4.63001E-01
  4.1416666667E+00  4.1458333333E+00  7.59407E-02  4.90325E-01
  4.1458333333E+00  4.1500000000E+00  7.59072E-02  4.53471E-01
  4.1500000000E+00  4.1541666667E+00  7.65782E-02  4.92682E-01
  4.1541666667E+00  4.1583333333E+00  7.67757E-02  4.85789E-01
  4.1583333333E+00  4.1625000000E+00  7.65235E-02  4.07881E-01
  4.1625000000E+00  4.1666666667E+00  7.69440E-02  4.57860E-01
  4.1666666667E+00  4.1708333333E+00  7.76219E-02  4.97314E-01
  4.1708333333E+00  4.1750000000E+00  7.81189E-02  5.21481E-01
  4.1750000000E+00  4.1791666667E+00  7.78342E-02  4.24838E-01
  4.1791666667E+00  4.1833333333E+00  7.81553E-02  4.57562E-01
  4.1833333333E+00  4.1875000000E+00  7.84479E-02  4.40451E-01
  4.1875000000E+00  4.1916666667E+00  7.85404E-02  4.13226E-01
  4.1916666667E+00  4.1958333333E+00  7.92053E-02  4.75366E-01
  4.1958333333E+00  4.2000000000E+00  8.00036E-02  5.30692E-01
  4.2000000000E+00  4.2041666667E+00  7.99650E-02  4.86253E-01
  4.2041666667E+00  4.2083333333E+00  8.04072E-02  4.96114E-01
  4.2083333333E+00  4.2125000000E+00  8.03905E-02  4.27349E-01
  4.2125000000E+00  4.2166666667E+00  8.09655E-02  4.85678E-01
  4.2166666667E+00  4.2208333333E+00  8.16893E-02  5.31074E-01
  4.2208333333E+00  4.2250000000E+00  8.20519E-02  4.80695E-01
  4.2250000000E+00  4.2291666667E+00  8.20899E-02  4.43702E-01
  4.2291666667E+00  4.2333333333E+00  8.25921E-02  4.63127E-01
  4.2333333333E+00  4.2375000000E+00  8.30436E-02  4.78475E-01
  4.2375000000E+00  4.2416666667E+00  8.32706E-02  4.67494E-01
  4.2416666667E+00  4.2458333333E+00  8.41844E-02  5.36341E-01
  4.2458333333E+00  4.2500000000E+00  8.42098E-02  4.79593E-01
  4.2500000000E+00  4.2541666667E+00  8.43213E-02  4.39496E-01
  4.2541666667E+00  4.2583333333E+00  8.47636E-02  4.58889E-01
  4.2583333333E+00  4.2625000000E+00  8.55391E-02  5.05317E-01
  4.2625000000E+00  4.2666666667E+00  8.62454E-02  5.15130E-01
  4.2666666667E+00  4.2708333333E+00  8.64937E-02  4.98655E-01
  4.2708333333E+00  4.2750000000E+00  8.66617E-02  4.94455E-01
  4.2750000000E+00  4.2791666667E+00  8.69548E-02  4.61730E-01
  4.2791666667E+00  4.2833333333E+00  8.77580E-02  5.22005E-01
  4.2833333333E+00  4.2875000000E+00  8.84611E-02  5.87246E-01
  4.2875000000E+00  4.2916666667E+00  8.87823E-02  5.74488E-01
  4.2916666667E+00  4.2958333333E+00  8.85203E-02  5.13501E-01
  4.2958333333E+00  4.3000000000E+00  8.87171E-02  4.95593E-01
  4.3000000000E+00  4.3041666667E+00  8.91206E-02  4.94820E-01
  4.3041666667E+00  4.3083333333E+00  8.93904E-02  5.17690E-01
  4.3083333333E+00  4.3125000000E+00  8.93555E-02  5.05980E-01
  4.3125000000E+00  4.3166666667E+00  8.94442E-02  5.06656E-01
  4.3166666667E+00  4.3208333333E+00  8.98312E-02  5.28545E-01
  4.3208333333E+00  4.3250000000E+00  8.96959E-02  5.14087E-01
  4.3250000000E+00  4.3291666667E+00  8.96301E-02  4.70403E-01
  4.3291666667E+00  4.3333333333E+00  9.04701E-02  5.18250E-01
  4.3333333333E+00  4.3375000000E+00  9.07401E-02  5.13634E-01
  4.3375000000E+00  4.3416666667E+00  9.05604E-02  5.09020E-01
  4.3416666667E+00  4.3458333333E+00  9.07187E-02  5.50107E-01
  4.3458333333E+00  4.3500000000E+00  9.06472E-02  5.21982E-01
  4.3500000000E+00  4.3541666667E+00  9.08892E-02  5.41970E-01
  4.3541666667E+00  4.3583333333E+00  9.08727E-02  5.28289E-01
  4.3583333333E+00  4.3625000000E+00  9.05049E-02  4.84073E-01
  4.3625000000E+00  4.3666666667E+00  9.03048E-02  4.83349E-01
  4.3666666667E+00  4.3708333333E+00  9.09584E-02  5.21417E-01
  4.3708333333E+00  4.3750000000E+00  9.07906E-02  5.32405E-01
  4.3750000000E+00  4.3791666667E+00  9.11315E-02  5.63108E-01
  4.3791666667E+00  4.3833333333E+00  9.05599E-02  5.08810E-01
  4.3833333333E+00  4.3875000000E+00  9.07819E-02  5.12900E-01
  4.3875000000E+00  4.3916666667E+00  9.05909E-02  5.16003E-01
  4.3916666667E+00  4.3958333333E+00  9.02561E-02  4.95146E-01
  4.3958333333E+00  4.4000000000E+00  9.04692E-02  5.34224E-01
  4.4000000000E+00  4.4041666667E+00  9.03852E-02  5.15693E-01
  4.4041666667E+00  4.4083333333E+00  9.02194E-02  5.22330E-01
  4.4083333333E+00  4.4125000000E+00  9.01595E-02  5.28631E-01
  4.4125000000E+00  4.4166666667E+00  8.99078E-02  5.45156E-01
  4.4166666667E+00  4.4208333333E+00  9.01477E-02  5.60570E-01
  4.4208333333E+00  4.4250000000E+00  8.95073E-02  4.95534E-01
  4.4250000000E+00  4.4291666667E+00  8.94340E-02  5.08967E-01
  4.4291666667E+00  4.4333333333E+00  8.98218E-02  5.33670E-01
  4.4333333333E+00  4.4375000000E+00  8.91190E-02  4.90379E-01
  4.4375000000E+00  4.4416666667E+00  8.94629E-02  5.20297E-01
  4.4416666667E+00  4.4458333333E+00  8.96695E-02  5.18959E-01
  4.4458333333E+00  4.4500000000E+00  8.97630E-02  5.15241E-01
  4.4500000000E+00  4.4541666667E+00  8.99715E-02  5.31008E-01
  4.4541666667E+00  4.4583333333E+00  9.03557E-02  5.47318E-01
  4.4583333333E+00  4.4625000000E+00  9.01701E-02  5.34711E-01
  4.4625000000E+00  4.4666666667E+00  8.95266E-02  4.99926E-01
  4.4666666667E+00  4.4708333333E+00  8.98121E-02  5.47013E-01
  4.4708333333E+00  4.4750000000E+00  8.93553E-02  5.10373E-01
  4.4750000000E+00  4.4791666667E+00  8.93903E-02  5.44861E-01
  4.4791666667E+00  4.4833333333E+00  8.97467E-02  5.55429E-01
  4.4833333333E+00  4.4875000000E+00  8.92151E-02  5.01838E-01
  4.4875000000E+00  4.4916666667E+00  8.92614E-02  5.08279E-01
  4.4916666667E+00  4.4958333333E+00  8.96662E-02  6.04398E-01
  4.4958333333E+00  4.5000000000E+00  8.99048E-02  5.40614E-01
  4.5000000000E+00  4.5041666667E+00  8.98996E-02  5.51247E-01
  4.5041666667E+00  4.5083333333E+00  9.02331E-02  5.68101E-01
  4.5083333333E+00  4.5125000000E+00  9.01928E-02  5.53219E-01
  4.5125000000E+00  4.5166666667E+00  8.94714E-02  5.08533E-01
  4.5166666667E+00  4.5208333333E+00  8.97473E-02  5.59386E-01
  4.5208333333E+00  4.5250000000E+00  8.93283E-02  5.13454E-01
  4.5250000000E+00  4.5291666667E+00  8.96988E-02  5.31576E-01
  4.5291666667E+00  4.5333333333E+00  8.95585E-02  5.27837E-01
  4.5333333333E+00  4.5375000000E+00  8.92532E-02  5.13545E-01
  4.5375000000E+00  4.5416666667E+00  8.89728E-02  5.10730E-01
  4.5416666667E+00  4.5458333333E+00  8.94133E-02  5.24387E-01
  4.5458333333E+00  4.5500000000E+00  8.97964E-02  5.66826E-01
  4.5500000000E+00  4.5541666667E+00  8.93253E-02  5.31590E-01
  4.5541666667E+00  4.5583333333E+00  8.92874E-02  5.33820E-01
  4.5583333333E+00  4.5625000000E+00  8.96965E-02  5.70667E-01
  4.5625000000E+00  4.5666666667E+00  8.96947E-02  5.65274E-01
  4.5666666667E+00  4.5708333333E+00  8.93932E-02  5.67324E-01
  4.5708333333E+00  4.5750000000E+00  8.92175E-02  5.34348E-01
  4.5750000000E+00  4.5791666667E+00  8.97645E-02  5.70579E-01
  4.5791666667E+00  4.5833333333E+00  8.92802E-02  5.31889E-01
  4.5833333333E+00  4.5875000000E+00  8.92991E-02  5.67921E-01
  4.5875000000E+00  4.5916666667E+00  8.93873E-02  5.49090E-01
  4.5916666667E+00  4.5958333333E+00  8.91972E-02  5.26319E-01
  4.5958333333E+00  4.6000000000E+00  8.92202E-02  5.69570E-01
  4.6000000000E+00  4.6041666667E+00  8.92766E-02  5.74636E-01
  4.6041666667E+00  4.6083333333E+00  8.91529E-02  5.56450E-01
  4.6083333333E+00  4.6125000000E+00  8.89958E-02  5.35177E-01
  4.6125000000E+00  4.6166666667E+00  8.92341E-02  5.62893E-01
  4.6166666667E+00  4.6208333333E+00  8.92027E-02  5.68982E-01
  4.6208333333E+00  4.6250000000E+00  8.93960E-02  5.69619E-01
  4.6250000000E+00  4.6291666667E+00  8.93878E-02  5.47934E-01
  4.6291666667E+00  4.6333333333E+00  8.96321E-02  5.77306E-01
  4.6333333333E+00  4.6375000000E+00  8.94722E-02  5.57372E-01
  4.6375000000E+00  4.6416666667E+00  8.96824E-02  5.73229E-01
  4.6416666667E+00  4.6458333333E+00  8.93499E-02  5.30879E-01
  4.6458333333E+00  4.6500000000E+00  8.96032E-02  5.42387E-01
  4.6500000000E+00  4.6541666667E+00  8.96973E-02  5.32738E-01
  4.6541666667E+00  4.6583333333E+00  9.05855E-02  5.76701E-01
  4.6583333333E+00  4.6625000000E+00  9.04794E-02  5.82404E-01
  4.6625000000E+00  4.6666666667E+00  8.94639E-02  5.36556E-01
  4.6666666667E+00  4.6708333333E+00  8.98487E-02  5.73576E-01
  4.6708333333E+00  4.6750000000E+00  8.97248E-02  5.50393E-01
  4.6750000000E+00  4.6791666667E+00  9.01453E-02  5.72774E-01
  4.6791666667E+00  4.6833333333E+00  8.98905E-02  5.80052E-01
  4.6833333333E+00  4.6875000000E+00  8.95013E-02  5.60583E-01
  4.6875000000E+00  4.6916666667E+00  8.92738E-02  5.77843E-01
  4.6916666667E+00  4.6958333333E+00  8.91348E-02  5.80248E-01
  4.6958333333E+00  4.7000000000E+00  8.94234E-02  5.92352E-01
  4.7000000000E+00  4.7041666667E+00  8.93861E-02  5.75446E-01
  4.7041666667E+00  4.7083333333E+00  8.91547E-02  5.73236E-01
  4.7083333333E+00  4.7125000000E+00  8.94351E-02  5.56998E-01
  4.7125000000E+00  4.7166666667E+00  8.93141E-02  5.73535E-01
  4.7166666667E+00  4.7208333333E+00  8.94058E-02  5.76445E-01
  4.7208333333E+00  4.7250000000E+00  8.94730E-02  5.80294E-01
  4.7250000000E+00  4.7291666667E+00  9.00005E-02  6.12521E-01
  4.7291666667E+00  4.7333333333E+00  8.91073E-02  5.65628E-01
  4.7333333333E+00  4.7375000000E+00  8.92280E-02  5.79017E-01
  4.7375000000E+00  4.7416666667E+00  8.92160E-02  5.92492E-01
  4.7416666667E+00  4.7458333333E+00  8.92507E-02  5.95840E-01
  4.7458333333E+00  4.7500000000E+00  8.91369E-02  5.68817E-01
  4.7500000000E+00  4.7541666667E+00  8.95814E-02  6.08756E-01
  4.7541666667E+00  4.7583333333E+00  8.89166E-02  5.74808E-01
  4.7583333333E+00  4.7625000000E+00  8.85475E-02  5.68892E-01
  4.7625000000E+00  4.7666666667E+00  8.89253E-02  5.77701E-01
  4.7666666667E+00  4.7708333333E+00  8.85657E-02  5.67802E-01
  4.7708333333E+00  4.7750000000E+00  8.84190E-02  5.65852E-01
  4.7750000000E+00  4.7791666667E+00  8.91154E-02  5.99106E-01
  4.7791666667E+00  4.7833333333E+00  8.92761E-02  6.03216E-01
  4.7833333333E+00  4.7875000000E+00  8.91422E-02  5.89236E-01
  4.7875000000E+00  4.7916666667E+00  8.92200E-02  5.83973E-01
  4.7916666667E+00  4.7958333333E+00  8.91126E-02  5.88502E-01
  4.7958333333E+00  4.8000000000E+00  8.87803E-02  5.84448E-01
  4.8000000000E+00  4.8041666667E+00  8.86318E-02  5.87049E-01
  4.8041666667E+00  4.8083333333E+00  8.84496E-02  5.80191E-01
  4.8083333333E+00  4.8125000000E+00  8.86008E-02  5.79010E-01
  4.8125000000E+00  4.8166666667E+00  8.91434E-02  5.97433E-01
  4.8166666667E+00  4.8208333333E+00  8.89922E-02  5.88300E-01
  4.8208333333E+00  4.8250000000E+00  8.91759E-02  6.02763E-01
  4.8250000000E+00  4.8291666667E+00  8.91779E-02  5.94744E-01
  4.8291666667E+00  4.8333333333E+00  8.90461E-02  5.93816E-01
  4.8333333333E+00  4.8375000000E+00  8.92261E-02  6.17499E-01
  4.8375000000E+00  4.8416666667E+00  8.91051E-02  5.99951E-01
  4.8416666667E+00  4.8458333333E+00  8.95696E-02  6.38833E-01
  4.8458333333E+00  4.8500000000E+00  8.90274E-02  5.92106E-01
  4.8500000000E+00  4.8541666667E+00  8.91722E-02  6.12937E-01
  4.8541666667E+00  4.8583333333E+00  8.89802E-02  6.14458E-01
  4.8583333333E+00  4.8625000000E+00  8.85096E-02  5.98153E-01
  4.8625000000E+00  4.8666666667E+00  8.86247E-02  5.97604E-01
  4.8666666667E+00  4.8708333333E+00  8.90210E-02  6.06076E-01
  4.8708333333E+00  4.8750000000E+00  8.94107E-02  6.18052E-01
  4.8750000000E+00  4.8791666667E+00  8.95813E-02  6.15211E-01
  4.8791666667E+00  4.8833333333E+00  8.93821E-02  6.29705E-01
  4.8833333333E+00  4.8875000000E+00  8.92653E-02  6.43291E-01
  4.8875000000E+00  4.8916666667E+00  8.91713E-02  6.16838E-01
  4.8916666667E+00  4.8958333333E+00  8.90820E-02  6.21309E-01
  4.8958333333E+00  4.9000000000E+00  8.92288E-02  6.30587E-01
  4.9000000000E+00  4.9041666667E+00  8.94629E-02  6.44242E-01
  4.9041666667E+00  4.9083333333E+00  8.87879E-02  6.49037E-01
  4.9083333333E+00  4.9125000000E+00  8.90838E-02  6.67843E-01
  4.9125000000E+00  4.9166666667E+00  8.86865E-02  6.22796E-01
  4.9166666667E+00  4.9208333333E+00  8.89559E-02  6.32589E-01
  4.9208333333E+00  4.9250000000E+00  8.92849E-02  6.58688E-01
  4.9250000000E+00  4.9291666667E+00  8.87609E-02  6.38130E-01
  4.9291666667E+00  4.9333333333E+00  8.88060E-02  6.31859E-01
  4.9333333333E+00  4.9375000000E+00  8.91106E-02  6.45357E-01
  4.9375000000E+00  4.9416666667E+00  8.91633E-02  6.47105E-01
  4.9416666667E+00  4.9458333333E+00  8.93334E-02  6.42648E-01
  4.9458333333E+00  4.9500000000E+00  8.97733E-02  6.67627E-01
  4.9500000000E+00  4.9541666667E+00  8.97298E-02  6.66364E-01
  4.9541666667E+00  4.9583333333E+00  9.03423E-02  6.65168E-01
  4.9583333333E+00  4.9625000000E+00  9.01552E-02  6.49570E-01
  4.9625000000E+00  4.9666666667E+00  9.12080E-02  6.67103E-01
  4.9666666667E+00  4.9708333333E+00  9.15047E-02  6.67042E-01
  4.9708333333E+00  4.9750000000E+00  9.16246E-02  6.76139E-01
  4.9750000000E+00  4.9791666667E+00  9.17329E-02  6.91220E-01
  4.9791666667E+00  4.9833333333E+00  9.16822E-02  6.82800E-01
  4.9833333333E+00  4.9875000000E+00  9.18890E-02  6.85015E-01
  4.9875000000E+00  4.9916666667E+00  9.20106E-02  7.09352E-01
  4.9916666667E+00  4.9958333333E+00  9.20755E-02  6.98080E-01
  4.9958333333E+00  5.0000000000E+00  9.25760E-02  7.09646E-01
  5.0000000000E+00  5.0041666667E+00  9.27638E-02  7.12734E-01
  5.0041666667E+00  5.0083333333E+00  9.25587E-02  7.32016E-01
  5.0083333333E+00  5.0125000000E+00  9.19645E-02  7.44971E-01
  5.0125000000E+00  5.0166666667E+00  9.09977E-02  7.35864E-01
  5.0166666667E+00  5.0208333333E+00  9.00797E-02  7.39623E-01
  5.0208333333E+00  5.0250000000E+00  8.97644E-02  7.49499E-01
  5.0250000000E+00  5.0291666667E+00  8.90437E-02  7.59413E-01
  5.0291666667E+00  5.0333333333E+00  8.78128E-02  7.71298E-01
  5.0333333333E+00  5.0375000000E+00  8.65405E-02  7.89999E-01
  5.0375000000E+00  5.0416666667E+00  8.46370E-02  8.01345E-01
  5.0416666667E+00  5.0458333333E+00  8.39961E-02  8.19540E-01
  5.0458333333E+00  5.0500000000E+00  8.24190E-02  8.34221E-01
  5.0500000000E+00  5.0541666667E+00  8.09526E-02  8.47345E-01
  5.0541666667E+00  5.0583333333E+00  7.88499E-02  8.64168E-01
  5.0583333333E+00  5.0625000000E+00  7.68486E-02  8.77522E-01
  5.0625000000E+00  5.0666666667E+00  7.52030E-02  9.02521E-01
  5.0666666667E+00  5.0708333333E+00  7.28119E-02  9.33105E-01
  5.0708333333E+00  5.0750000000E+00  6.99048E-02  9.46454E-01
  5.0750000000E+00  5.0791666667E+00  6.76345E-02  9.72319E-01
  5.0791666667E+00  5.0833333333E+00  6.46158E-02  1.00090E+00
  5.0833333333E+00  5.0875000000E+00  6.23708E-02  1.03410E+00
  5.0875000000E+00  5.0916666667E+00  5.86093E-02  1.06017E+00
  5.0916666667E+00  5.0958333333E+00  5.61672E-02  1.09256E+00
  5.0958333333E+00  5.1000000000E+00  5.33721E-02  1.12838E+00
  5.1000000000E+00  5.1041666667E+00  5.02827E-02  1.16483E+00
  5.1041666667E+00  5.1083333333E+00  4.76187E-02  1.22041E+00
  5.1083333333E+00  5.1125000000E+00  4.41669E-02  1.27516E+00
  5.1125000000E+00  5.1166666667E+00  4.14377E-02  1.32275E+00
  5.1166666667E+00  5.1208333333E+00  3.80153E-02  1.38127E+00
  5.1208333333E+00  5.1250000000E+00  3.48664E-02  1.44940E+00
  5.1250000000E+00  5.1291666667E+00  3.20592E-02  1.52275E+00
  5.1291666667E+00  5.1333333333E+00  2.96471E-02  1.59485E+00
  5.1333333333E+00  5.1375000000E+00  2.69606E-02  1.68342E+00
  5.1375000000E+00  5.1416666667E+00  2.44000E-02  1.77286E+00
  5.1416666667E+00  5.1458333333E+00  2.20195E-02  1.87768E+00
  5.1458333333E+00  5.1500000000E+00  2.01282E-02  1.99585E+00
  5.1500000000E+00  5.1541666667E+00  1.77048E-02  2.12441E+00
  5.1541666667E+00  5.1583333333E+00  1.56415E-02  2.29502E+00
  5.1583333333E+00  5.1625000000E+00  1.36595E-02  2.45954E+00
  5.1625000000E+00  5.1666666667E+00  1.19502E-02  2.66333E+00
  5.1666666667E+00  5.1708333333E+00  1.00811E-02  2.86058E+00
  5.1708333333E+00  5.1750000000E+00  8.81159E-03  3.10966E+00
  5.1750000000E+00  5.1791666667E+00  7.42495E-03  3.41635E+00
  5.1791666667E+00  5.1833333333E+00  6.15762E-03  3.71017E+00
  5.1833333333E+00  5.1875000000E+00  5.18849E-03  4.00920E+00
  5.1875000000E+00  5.1916666667E+00  4.45999E-03  4.38515E+00
  5.1916666667E+00  5.1958333333E+00  3.71290E-03  4.79061E+00
  5.1958333333E+00  5.2000000000E+00  2.96792E-03  5.27330E+00
  5.2000000000E+00  5.2041666667E+00  2.68637E-03  5.73072E+00
  5.2041666667E+00  5.2083333333E+00  2.20767E-03  6.28158E+00
  5.2083333333E+00  5.2125000000E+00  1.76365E-03  7.02733E+00
  5.2125000000E+00  5.2166666667E+00  1.45405E-03  7.78658E+00
  5.2166666667E+00  5.2208333333E+00  1.21067E-03  8.77838E+00
  5.2208333333E+00  5.2250000000E+00  9.44138E-04  9.47117E+00
  5.2250000000E+00  5.2291666667E+00  8.12751E-04  1.02558E+01
  5.2291666667E+00  5.2333333333E+00  6.76541E-04  1.16510E+01
  5.2333333333E+00  5.2375000000E+00  4.51763E-04  1.32827E+01
  5.2375000000E+00  5.2416666667E+00  3.99425E-04  1.51557E+01
  5.2416666667E+00  5.2458333333E+00  2.85712E-04  1.63928E+01
  5.2458333333E+00  5.2500000000E+00  2.34816E-04  1.83473E+01
  5.2500000000E+00  5.2541666667E+00  1.82219E-04  1.93504E+01
  5.2541666667E+00  5.2583333333E+00  2.03110E-04  2.05000E+01
  5.2583333333E+00  5.2625000000E+00  2.00463E-04  2.13758E+01
  5.2625000000E+00  5.2666666667E+00  1.14273E-04  2.28649E+01
  5.2666666667E+00  5.2708333333E+00  9.85077E-05  2.41890E+01
  5.2708333333E+00  5.2750000000E+00  8.73906E-05  2.62176E+01
  5.2750000000E+00  5.2791666667E+00  1.03368E-04  2.69672E+01
  5.2791666667E+00  5.2833333333E+00  9.81057E-05  2.70785E+01
  5.2833333333E+00  5.2875000000E+00  7.62006E-05  3.27183E+01
  5.2875000000E+00  5.2916666667E+00  6.77109E-05  3.90247E+01
  5.2916666667E+00  5.2958333333E+00  3.35850E-05  3.27962E+01
  5.2958333333E+00  5.3000000000E+00  2.37834E-05  3.07961E+01
  5.3000000000E+00  5.3041666667E+00  2.41299E-05  3.32517E+01
  5.3041666667E+00  5.3083333333E+00  2.47557E-05  3.41207E+01
  5.3083333333E+00  5.3125000000E+00  2.60547E-05  3.28631E+01
  5.3125000000E+00  5.3166666667E+00  2.80953E-05  3.05949E+01
  5.3166666667E+00  5.3208333333E+00  2.94042E-05  3.14863E+01
  5.3208333333E+00  5.3250000000E+00  3.08468E-05  3.51668E+01
  5.3250000000E+00  5.3291666667E+00  3.29481E-05  3.59907E+01
  5.3291666667E+00  5.3333333333E+00  3.75740E-05  3.88339E+01
  5.3333333333E+00  5.3375000000E+00  4.41551E-05  4.25927E+01
  5.3375000000E+00  5.3416666667E+00  2.87828E-05  3.74680E+01
  5.3416666667E+00  5.3458333333E+00  1.98723E-05  3.27382E+01
  5.3458333333E+00  5.3500000000E+00  2.41235E-05  3.15703E+01
  5.3500000000E+00  5.3541666667E+00  2.50005E-05  3.34939E+01
  5.3541666667E+00  5.3583333333E+00  2.60814E-05  3.29989E+01
  5.3583333333E+00  5.3625000000E+00  2.74862E-05  3.43883E+01
  5.3625000000E+00  5.3666666667E+00  2.92154E-05  3.33068E+01
  5.3666666667E+00  5.3708333333E+00  3.18472E-05  3.70354E+01
  5.3708333333E+00  5.3750000000E+00  4.02831E-05  3.86312E+01
  5.3750000000E+00  5.3791666667E+00  2.35298E-05  3.41458E+01
  5.3791666667E+00  5.3833333333E+00  2.38081E-05  3.01746E+01
  5.3833333333E+00  5.3875000000E+00  2.39900E-05  3.17841E+01
  5.3875000000E+00  5.3916666667E+00  2.47837E-05  3.48142E+01
  5.3916666667E+00  5.3958333333E+00  2.61903E-05  3.17378E+01
  5.3958333333E+00  5.4000000000E+00  2.77668E-05  3.62012E+01
  5.4000000000E+00  5.4041666667E+00  2.82244E-05  3.35238E+01
  5.4041666667E+00  5.4083333333E+00  2.97921E-05  3.70107E+01
  5.4083333333E+00  5.4125000000E+00  3.33396E-05  3.95737E+01
  5.4125000000E+00  5.4166666667E+00  3.83934E-05  3.54473E+01
  5.4166666667E+00  5.4208333333E+00  2.37472E-05  3.38117E+01
  5.4208333333E+00  5.4250000000E+00  2.43148E-05  3.47135E+01
  5.4250000000E+00  5.4291666667E+00  2.56011E-05  3.69980E+01
  5.4291666667E+00  5.4333333333E+00  2.70224E-05  3.38882E+01
  5.4333333333E+00  5.4375000000E+00  2.83685E-05  3.76393E+01
  5.4375000000E+00  5.4416666667E+00  2.93959E-05  3.32421E+01
  5.4416666667E+00  5.4458333333E+00  3.18024E-05  3.83821E+01
  5.4458333333E+00  5.4500000000E+00  3.59584E-05  3.53899E+01
  5.4500000000E+00  5.4541666667E+00  3.94022E-05  3.93186E+01
  5.4541666667E+00  5.4583333333E+00  2.81651E-05  4.05006E+01
  5.4583333333E+00  5.4625000000E+00  3.48031E-05  5.08326E+01
  5.4625000000E+00  5.4666666667E+00  2.39912E-05  3.61265E+01
  5.4666666667E+00  5.4708333333E+00  2.74423E-05  3.97245E+01
  5.4708333333E+00  5.4750000000E+00  3.08560E-05  4.34453E+01
  5.4750000000E+00  5.4791666667E+00  3.65703E-05  3.83849E+01
  5.4791666667E+00  5.4833333333E+00  2.30931E-05  4.21227E+01
  5.4833333333E+00  5.4875000000E+00  2.51727E-05  4.08747E+01
  5.4875000000E+00  5.4916666667E+00  2.65628E-05  4.25837E+01
  5.4916666667E+00  5.4958333333E+00  2.91131E-05  4.31633E+01
  5.4958333333E+00  5.5000000000E+00  3.34862E-05  4.43566E+01
  5.5000000000E+00  5.5041666667E+00  4.24612E-05  4.08880E+01
  5.5041666667E+00  5.5083333333E+00  3.71355E-05  4.58352E+01
  5.5083333333E+00  5.5125000000E+00  2.50886E-05  5.93627E+01
  5.5125000000E+00  5.5166666667E+00  2.20736E-05  5.54197E+01
  5.5166666667E+00  5.5208333333E+00  1.78186E-05  6.96752E+01
  5.5208333333E+00  5.5250000000E+00  1.59542E-05  6.70148E+01
  5.5250000000E+00  5.5291666667E+00  6.55593E-06  6.36656E+01
  5.5291666667E+00  5.5333333333E+00  7.18104E-06  7.07949E+01
  5.5333333333E+00  5.5375000000E+00  7.18104E-06  6.23384E+01
  5.5375000000E+00  5.5416666667E+00  7.43853E-06  7.07125E+01
  5.5416666667E+00  5.5458333333E+00  7.73586E-06  6.23835E+01
  5.5458333333E+00  5.5500000000E+00  7.74959E-06  7.07676E+01
  5.5500000000E+00  5.5541666667E+00  7.81624E-06  7.07302E+01
  5.5541666667E+00  5.5583333333E+00  8.71097E-06  7.07124E+01
  5.5583333333E+00  5.5625000000E+00  9.25190E-06  7.07137E+01
  5.5625000000E+00  5.5666666667E+00  9.69439E-06  7.07142E+01
  5.5666666667E+00  5.5708333333E+00  1.05625E-05  6.69148E+01
  5.5708333333E+00  5.5750000000E+00  1.27329E-05  6.18859E+01
  5.5750000000E+00  5.5791666667E+00  1.42658E-05  7.07441E+01
  5.5791666667E+00  5.5833333333E+00  1.71966E-05  6.98783E+01
  5.5833333333E+00  5.5875000000E+00  2.81118E-05  7.08334E+01
  5.5875000000E+00  5.5916666667E+00  1.05937E-05  7.33084E+01
  5.5916666667E+00  5.5958333333E+00  0.00000E+00  0.00000E+00
  5.5958333333E+00  5.6000000000E+00  0.00000E+00  0.00000E+00
  5.6000000000E+00  5.6041666667E+00  0.00000E+00  0.00000E+00
  5.6041666667E+00  5.6083333333E+00  0.00000E+00  0.00000E+00
  5.6083333333E+00  5.6125000000E+00  0.00000E+00  0.00000E+00
  5.6125000000E+00  5.6166666667E+00  0.00000E+00  0.00000E+00
  5.6166666667E+00  5.6208333333E+00  0.00000E+00  0.00000E+00
  5.6208333333E+00  5.6250000000E+00  0.00000E+00  0.00000E+00
  5.6250000000E+00  5.6291666667E+00  0.00000E+00  0.00000E+00
  5.6291666667E+00  5.6333333333E+00  0.00000E+00  0.00000E+00
  5.6333333333E+00  5.6375000000E+00  0.00000E+00  0.00000E+00
  5.6375000000E+00  5.6416666667E+00  0.00000E+00  0.00000E+00
  5.6416666667E+00  5.6458333333E+00  0.00000E+00  0.00000E+00
  5.6458333333E+00  5.6500000000E+00  0.00000E+00  0.00000E+00
  5.6500000000E+00  5.6541666667E+00  0.00000E+00  0.00000E+00
  5.6541666667E+00  5.6583333333E+00  0.00000E+00  0.00000E+00
  5.6583333333E+00  5.6625000000E+00  0.00000E+00  0.00000E+00
  5.6625000000E+00  5.6666666667E+00  0.00000E+00  0.00000E+00
  5.6666666667E+00  5.6708333333E+00  0.00000E+00  0.00000E+00
  5.6708333333E+00  5.6750000000E+00  4.05865E-13  1.00000E+02
  5.6750000000E+00  5.6791666667E+00  0.00000E+00  0.00000E+00
  5.6791666667E+00  5.6833333333E+00  0.00000E+00  0.00000E+00
  5.6833333333E+00  5.6875000000E+00  0.00000E+00  0.00000E+00
  5.6875000000E+00  5.6916666667E+00  0.00000E+00  0.00000E+00
  5.6916666667E+00  5.6958333333E+00  0.00000E+00  0.00000E+00
  5.6958333333E+00  5.7000000000E+00  0.00000E+00  0.00000E+00
  5.7000000000E+00  5.7041666667E+00  0.00000E+00  0.00000E+00
  5.7041666667E+00  5.7083333333E+00  0.00000E+00  0.00000E+00
  5.7083333333E+00  5.7125000000E+00  0.00000E+00  0.00000E+00
  5.7125000000E+00  5.7166666667E+00  0.00000E+00  0.00000E+00
  5.7166666667E+00  5.7208333333E+00  0.00000E+00  0.00000E+00
  5.7208333333E+00  5.7250000000E+00  0.00000E+00  0.00000E+00
  5.7250000000E+00  5.7291666667E+00  0.00000E+00  0.00000E+00
  5.7291666667E+00  5.7333333333E+00  0.00000E+00  0.00000E+00
  5.7333333333E+00  5.7375000000E+00  7.74550E-14  1.00000E+02
  5.7375000000E+00  5.7416666667E+00  0.00000E+00  0.00000E+00
  5.7416666667E+00  5.7458333333E+00  0.00000E+00  0.00000E+00
  5.7458333333E+00  5.7500000000E+00  0.00000E+00  0.00000E+00
  5.7500000000E+00  5.7541666667E+00  0.00000E+00  0.00000E+00
  5.7541666667E+00  5.7583333333E+00  0.00000E+00  0.00000E+00
  5.7583333333E+00  5.7625000000E+00  0.00000E+00  0.00000E+00
  5.7625000000E+00  5.7666666667E+00  0.00000E+00  0.00000E+00
  5.7666666667E+00  5.7708333333E+00  0.00000E+00  0.00000E+00
  5.7708333333E+00  5.7750000000E+00  0.00000E+00  0.00000E+00
  5.7750000000E+00  5.7791666667E+00  0.00000E+00  0.00000E+00
  5.7791666667E+00  5.7833333333E+00  0.00000E+00  0.00000E+00
  5.7833333333E+00  5.7875000000E+00  0.00000E+00  0.00000E+00
  5.7875000000E+00  5.7916666667E+00  0.00000E+00  0.00000E+00
  5.7916666667E+00  5.7958333333E+00  0.00000E+00  0.00000E+00
  5.7958333333E+00  5.8000000000E+00  0.00000E+00  0.00000E+00
  5.8000000000E+00  5.8041666667E+00  0.00000E+00  0.00000E+00
  5.8041666667E+00  5.8083333333E+00  0.00000E+00  0.00000E+00
  5.8083333333E+00  5.8125000000E+00  0.00000E+00  0.00000E+00
  5.8125000000E+00  5.8166666667E+00  0.00000E+00  0.00000E+00
  5.8166666667E+00  5.8208333333E+00  0.00000E+00  0.00000E+00
  5.8208333333E+00  5.8250000000E+00  0.00000E+00  0.00000E+00
  5.8250000000E+00  5.8291666667E+00  0.00000E+00  0.00000E+00
  5.8291666667E+00  5.8333333333E+00  0.00000E+00  0.00000E+00
  5.8333333333E+00  5.8375000000E+00  0.00000E+00  0.00000E+00
  5.8375000000E+00  5.8416666667E+00  0.00000E+00  0.00000E+00
  5.8416666667E+00  5.8458333333E+00  0.00000E+00  0.00000E+00
  5.8458333333E+00  5.8500000000E+00  0.00000E+00  0.00000E+00
  5.8500000000E+00  5.8541666667E+00  0.00000E+00  0.00000E+00
  5.8541666667E+00  5.8583333333E+00  0.00000E+00  0.00000E+00
  5.8583333333E+00  5.8625000000E+00  0.00000E+00  0.00000E+00
  5.8625000000E+00  5.8666666667E+00  0.00000E+00  0.00000E+00
  5.8666666667E+00  5.8708333333E+00  0.00000E+00  0.00000E+00
  5.8708333333E+00  5.8750000000E+00  0.00000E+00  0.00000E+00
  5.8750000000E+00  5.8791666667E+00  0.00000E+00  0.00000E+00
  5.8791666667E+00  5.8833333333E+00  0.00000E+00  0.00000E+00
  5.8833333333E+00  5.8875000000E+00  0.00000E+00  0.00000E+00
  5.8875000000E+00  5.8916666667E+00  0.00000E+00  0.00000E+00
  5.8916666667E+00  5.8958333333E+00  0.00000E+00  0.00000E+00
  5.8958333333E+00  5.9000000000E+00  0.00000E+00  0.00000E+00
  5.9000000000E+00  5.9041666667E+00  0.00000E+00  0.00000E+00
  5.9041666667E+00  5.9083333333E+00  0.00000E+00  0.00000E+00
  5.9083333333E+00  5.9125000000E+00  0.00000E+00  0.00000E+00
  5.9125000000E+00  5.9166666667E+00  0.00000E+00  0.00000E+00
  5.9166666667E+00  5.9208333333E+00  0.00000E+00  0.00000E+00
  5.9208333333E+00  5.9250000000E+00  0.00000E+00  0.00000E+00
  5.9250000000E+00  5.9291666667E+00  0.00000E+00  0.00000E+00
  5.9291666667E+00  5.9333333333E+00  0.00000E+00  0.00000E+00
  5.9333333333E+00  5.9375000000E+00  0.00000E+00  0.00000E+00
  5.9375000000E+00  5.9416666667E+00  0.00000E+00  0.00000E+00
  5.9416666667E+00  5.9458333333E+00  0.00000E+00  0.00000E+00
  5.9458333333E+00  5.9500000000E+00  0.00000E+00  0.00000E+00
  5.9500000000E+00  5.9541666667E+00  0.00000E+00  0.00000E+00
  5.9541666667E+00  5.9583333333E+00  0.00000E+00  0.00000E+00
  5.9583333333E+00  5.9625000000E+00  0.00000E+00  0.00000E+00
  5.9625000000E+00  5.9666666667E+00  0.00000E+00  0.00000E+00
  5.9666666667E+00  5.9708333333E+00  0.00000E+00  0.00000E+00
  5.9708333333E+00  5.9750000000E+00  0.00000E+00  0.00000E+00
  5.9750000000E+00  5.9791666667E+00  0.00000E+00  0.00000E+00
  5.9791666667E+00  5.9833333333E+00  0.00000E+00  0.00000E+00
  5.9833333333E+00  5.9875000000E+00  0.00000E+00  0.00000E+00
  5.9875000000E+00  5.9916666667E+00  0.00000E+00  0.00000E+00
  5.9916666667E+00  5.9958333333E+00  0.00000E+00  0.00000E+00
  5.9958333333E+00  6.0000000000E+00  0.00000E+00  0.00000E+00
  6.0000000000E+00  6.0000000000E+00  0.00000E+00  0.00000E+00