# Detector n: 1D Projection
  1.0000000000E+00  1.0041666667E+00  3.97321E-02  4.09224E-01
  1.0041666667E+00  1.0083333333E+00  3.93389E-02  3.12903E-01
  1.0083333333E+00  1.0125000000E+00  3.94852E-02  3.30742E-01
  1.0125000000E+00  1.0166666667E+00  3.94331E-02  3.63366E-01
  1.0166666667E+00  1.0208333333E+00  3.97888E-02  4.30810E-01
  1.0208333333E+00  1.0250000000E+00  3.94608E-02  3.23150E-01
  1.0250000000E+00  1.0291666667E+00  3.95094E-02  3.46013E-01
  1.0291666667E+00  1.0333333333E+00  3.95879E-02  3.90455E-01
  1.0333333333E+00  1.0375000000E+00  3.97105E-02  3.63398E-01
  1.0375000000E+00  1.0416666667E+00  3.94801E-02  3.10700E-01
  1.0416666667E+00  1.0458333333E+00  3.95412E-02  3.27552E-01
  1.0458333333E+00  1.0500000000E+00  3.96975E-02  3.51141E-01
  1.0500000000E+00  1.0541666667E+00  3.94045E-02  2.85487E-01
  1.0541666667E+00  1.0583333333E+00  3.95689E-02  2.97173E-01
  1.0583333333E+00  1.0625000000E+00  3.99831E-02  3.98286E-01
  1.0625000000E+00  1.0666666667E+00  3.99467E-02  3.98094E-01
  1.0666666667E+00  1.0708333333E+00  3.96891E-02  3.44751E-01
  1.0708333333E+00  1.0750000000E+00  3.98553E-02  3.54994E-01
  1.0750000000E+00  1.0791666667E+00  3.98252E-02  3.70481E-01
  1.0791666667E+00  1.0833333333E+00  3.99964E-02  3.53391E-01
  1.0833333333E+00  1.0875000000E+00  4.00313E-02  3.26683E-01
  1.0875000000E+00  1.0916666667E+00  4.00307E-02  3.41409E-01
  1.0916666667E+00  1.0958333333E+00  3.99668E-02  3.08173E-01
  1.0958333333E+00  1.1000000000E+00  3.99609E-02  2.96302E-01
  1.1000000000E+00  1.1041666667E+00  4.00598E-02  3.11697E-01
  1.1041666667E+00  1.1083333333E+00  3.98612E-02  2.78950E-01
  1.1083333333E+00  1.1125000000E+00  3.99578E-02  3.16349E-01
  1.1125000000E+00  1.1166666667E+00  4.01361E-02  3.94467E-01
  1.1166666667E+00  1.1208333333E+00  4.02543E-02  3.75351E-01
  1.1208333333E+00  1.1250000000E+00  4.00029E-02  3.05507E-01
  1.1250000000E+00  1.1291666667E+00  4.00194E-02  3.17287E-01
  1.1291666667E+00  1.1333333333E+00  3.98167E-02  2.61848E-01
  1.1333333333E+00  1.1375000000E+00  4.00787E-02  3.30700E-01
  1.1375000000E+00  1.1416666667E+00  4.00328E-02  3.28624E-01
  1.1416666667E+00  1.1458333333E+00  4.00596E-02  3.52887E-01
  1.1458333333E+00  1.1500000000E+00  3.98792E-02  2.69933E-01
  1.1500000000E+00  1.1541666667E+00  3.98773E-02  2.55683E-01
  1.1541666667E+00  1.1583333333E+00  4.02520E-02  3.25156E-01
  1.1583333333E+00  1.1625000000E+00  4.00639E-02  3.26535E-01
  1.1625000000E+00  1.1666666667E+00  3.99385E-02  2.61764E-01
  1.1666666667E+00  1.1708333333E+00  4.01830E-02  3.32369E-01
  1.1708333333E+00  1.1750000000E+00  4.00962E-02  3.29020E-01
  1.1750000000E+00  1.1791666667E+00  4.01697E-02  3.10706E-01
  1.1791666667E+00  1.1833333333E+00  4.03376E-02  3.61978E-01
  1.1833333333E+00  1.1875000000E+00  4.00640E-02  2.97337E-01
  1.1875000000E+00  1.1916666667E+00  4.03120E-02  3.21570E-01
  1.1916666667E+00  1.1958333333E+00  4.02216E-02  2.99131E-01
  1.1958333333E+00  1.2000000000E+00  4.01502E-02  2.91319E-01
  1.2000000000E+00  1.2041666667E+00  4.02000E-02  3.10005E-01
  1.2041666667E+00  1.2083333333E+00  4.02030E-02  3.49277E-01
  1.2083333333E+00  1.2125000000E+00  4.03539E-02  3.35341E-01
  1.2125000000E+00  1.2166666667E+00  4.04459E-02  3.42561E-01
  1.2166666667E+00  1.2208333333E+00  4.04440E-02  3.13345E-01
  1.2208333333E+00  1.2250000000E+00  4.03508E-02  2.76574E-01
  1.2250000000E+00  1.2291666667E+00  4.06051E-02  3.79524E-01
  1.2291666667E+00  1.2333333333E+00  4.07112E-02  3.63159E-01
  1.2333333333E+00  1.2375000000E+00  4.07217E-02  3.77568E-01
  1.2375000000E+00  1.2416666667E+00  4.04911E-02  3.18328E-01
  1.2416666667E+00  1.2458333333E+00  4.08375E-02  3.69151E-01
  1.2458333333E+00  1.2500000000E+00  4.07502E-02  3.22132E-01
  1.2500000000E+00  1.2541666667E+00  4.07873E-02  3.10517E-01
  1.2541666667E+00  1.2583333333E+00  4.09022E-02  3.27370E-01
  1.2583333333E+00  1.2625000000E+00  4.09092E-02  3.37192E-01
  1.2625000000E+00  1.2666666667E+00  4.09809E-02  3.58882E-01
  1.2666666667E+00  1.2708333333E+00  4.10399E-02  3.76654E-01
  1.2708333333E+00  1.2750000000E+00  4.07173E-02  2.76434E-01
  1.2750000000E+00  1.2791666667E+00  4.05998E-02  2.47026E-01
  1.2791666667E+00  1.2833333333E+00  4.08996E-02  3.41865E-01
  1.2833333333E+00  1.2875000000E+00  4.09945E-02  3.05824E-01
  1.2875000000E+00  1.2916666667E+00  4.08026E-02  3.02710E-01
  1.2916666667E+00  1.2958333333E+00  4.07911E-02  2.91113E-01
  1.2958333333E+00  1.3000000000E+00  4.08954E-02  3.09564E-01
  1.3000000000E+00  1.3041666667E+00  4.08169E-02  3.04776E-01
  1.3041666667E+00  1.3083333333E+00  4.08359E-02  3.05932E-01
  1.3083333333E+00  1.3125000000E+00  4.09759E-02  3.10869E-01
  1.3125000000E+00  1.3166666667E+00  4.09707E-02  3.11670E-01
  1.3166666667E+00  1.3208333333E+00  4.09358E-02  3.20099E-01
  1.3208333333E+00  1.3250000000E+00  4.09644E-02  3.10399E-01
  1.3250000000E+00  1.3291666667E+00  4.07235E-02  2.96777E-01
  1.3291666667E+00  1.3333333333E+00  4.10045E-02  3.84200E-01
  1.3333333333E+00  1.3375000000E+00  4.08538E-02  2.94739E-01
  1.3375000000E+00  1.3416666667E+00  4.09907E-02  3.16211E-01
  1.3416666667E+00  1.3458333333E+00  4.08868E-02  3.12937E-01
  1.3458333333E+00  1.3500000000E+00  4.11543E-02  3.30195E-01
  1.3500000000E+00  1.3541666667E+00  4.11401E-02  3.27868E-01
  1.3541666667E+00  1.3583333333E+00  4.12206E-02  3.73908E-01
  1.3583333333E+00  1.3625000000E+00  4.09620E-02  2.73365E-01
  1.3625000000E+00  1.3666666667E+00  4.11704E-02  3.45582E-01
  1.3666666667E+00  1.3708333333E+00  4.10215E-02  3.44176E-01
  1.3708333333E+00  1.3750000000E+00  4.11422E-02  3.69790E-01
  1.3750000000E+00  1.3791666667E+00  4.09270E-02  2.89124E-01
  1.3791666667E+00  1.3833333333E+00  4.11699E-02  3.78164E-01
  1.3833333333E+00  1.3875000000E+00  4.10684E-02  3.40823E-01
  1.3875000000E+00  1.3916666667E+00  4.10712E-02  3.09073E-01
  1.3916666667E+00  1.3958333333E+00  4.11551E-02  3.33983E-01
  1.3958333333E+00  1.4000000000E+00  4.10729E-02  3.13519E-01
  1.4000000000E+00  1.4041666667E+00  4.12121E-02  3.39540E-01
  1.4041666667E+00  1.4083333333E+00  4.10112E-02  2.92082E-01
  1.4083333333E+00  1.4125000000E+00  4.12335E-02  3.28534E-01
  1.4125000000E+00  1.4166666667E+00  4.11889E-02  3.42864E-01
  1.4166666667E+00  1.4208333333E+00  4.09495E-02  2.61928E-01
  1.4208333333E+00  1.4250000000E+00  4.10883E-02  3.11125E-01
  1.4250000000E+00  1.4291666667E+00  4.11835E-02  3.26762E-01
  1.4291666667E+00  1.4333333333E+00  4.11526E-02  3.27866E-01
  1.4333333333E+00  1.4375000000E+00  4.14274E-02  3.84574E-01
  1.4375000000E+00  1.4416666667E+00  4.12988E-02  3.68730E-01
  1.4416666667E+00  1.4458333333E+00  4.10584E-02  2.84392E-01
  1.4458333333E+00  1.4500000000E+00  4.09845E-02  2.69167E-01
  1.4500000000E+00  1.4541666667E+00  4.12247E-02  3.26579E-01
  1.4541666667E+00  1.4583333333E+00  4.11974E-02  3.25644E-01
  1.4583333333E+00  1.4625000000E+00  4.12506E-02  3.00145E-01
  1.4625000000E+00  1.4666666667E+00  4.14703E-02  3.87386E-01
  1.4666666667E+00  1.4708333333E+00  4.13477E-02  3.17789E-01
  1.4708333333E+00  1.4750000000E+00  4.14473E-02  3.49940E-01
  1.4750000000E+00  1.4791666667E+00  4.14830E-02  3.51262E-01
  1.4791666667E+00  1.4833333333E+00  4.14115E-02  3.28811E-01
  1.4833333333E+00  1.4875000000E+00  4.13827E-02  3.09265E-01
  1.4875000000E+00  1.4916666667E+00  4.14734E-02  3.07290E-01
  1.4916666667E+00  1.4958333333E+00  4.13678E-02  2.91361E-01
  1.4958333333E+00  1.5000000000E+00  4.14304E-02  3.24170E-01
  1.5000000000E+00  1.5041666667E+00  4.14061E-02  3.21757E-01
  1.5041666667E+00  1.5083333333E+00  4.13575E-02  2.90827E-01
  1.5083333333E+00  1.5125000000E+00  4.13501E-02  2.87673E-01
  1.5125000000E+00  1.5166666667E+00  4.14526E-02  3.19341E-01
  1.5166666667E+00  1.5208333333E+00  4.15882E-02  3.35141E-01
  1.5208333333E+00  1.5250000000E+00  4.15608E-02  2.85664E-01
  1.5250000000E+00  1.5291666667E+00  4.13686E-02  2.59067E-01
  1.5291666667E+00  1.5333333333E+00  4.14669E-02  2.92784E-01
  1.5333333333E+00  1.5375000000E+00  4.18374E-02  3.54070E-01
  1.5375000000E+00  1.5416666667E+00  4.15730E-02  3.06400E-01
  1.5416666667E+00  1.5458333333E+00  4.15934E-02  2.68220E-01
  1.5458333333E+00  1.5500000000E+00  4.16187E-02  3.06250E-01
  1.5500000000E+00  1.5541666667E+00  4.17927E-02  3.51911E-01
  1.5541666667E+00  1.5583333333E+00  4.18014E-02  3.00114E-01
  1.5583333333E+00  1.5625000000E+00  4.18526E-02  3.42093E-01
  1.5625000000E+00  1.5666666667E+00  4.18991E-02  3.19113E-01
  1.5666666667E+00  1.5708333333E+00  4.17705E-02  2.86865E-01
  1.5708333333E+00  1.5750000000E+00  4.20390E-02  3.46828E-01
  1.5750000000E+00  1.5791666667E+00  4.19657E-02  2.99835E-01
  1.5791666667E+00  1.5833333333E+00  4.21671E-02  3.46855E-01
  1.5833333333E+00  1.5875000000E+00  4.20689E-02  3.52022E-01
  1.5875000000E+00  1.5916666667E+00  4.21588E-02  3.60612E-01
  1.5916666667E+00  1.5958333333E+00  4.19985E-02  2.90561E-01
  1.5958333333E+00  1.6000000000E+00  4.20223E-02  3.19792E-01
  1.6000000000E+00  1.6041666667E+00  4.23159E-02  3.34071E-01
  1.6041666667E+00  1.6083333333E+00  4.19876E-02  3.01404E-01
  1.6083333333E+00  1.6125000000E+00  4.21454E-02  3.26374E-01
  1.6125000000E+00  1.6166666667E+00  4.20156E-02  3.08053E-01
  1.6166666667E+00  1.6208333333E+00  4.19390E-02  2.82625E-01
  1.6208333333E+00  1.6250000000E+00  4.20905E-02  2.91149E-01
  1.6250000000E+00  1.6291666667E+00  4.20708E-02  2.71396E-01
  1.6291666667E+00  1.6333333333E+00  4.22128E-02  3.60839E-01
  1.6333333333E+00  1.6375000000E+00  4.22665E-02  3.56976E-01
  1.6375000000E+00  1.6416666667E+00  4.22087E-02  3.25404E-01
  1.6416666667E+00  1.6458333333E+00  4.21682E-02  3.21675E-01
  1.6458333333E+00  1.6500000000E+00  4.23854E-02  3.67672E-01
  1.6500000000E+00  1.6541666667E+00  4.23160E-02  3.91294E-01
  1.6541666667E+00  1.6583333333E+00  4.21408E-02  2.87739E-01
  1.6583333333E+00  1.6625000000E+00  4.22632E-02  3.17643E-01
  1.6625000000E+00  1.6666666667E+00  4.21267E-02  3.21185E-01
  1.6666666667E+00  1.6708333333E+00  4.20747E-02  2.87952E-01
  1.6708333333E+00  1.6750000000E+00  4.20587E-02  2.52789E-01
  1.6750000000E+00  1.6791666667E+00  4.23881E-02  3.06316E-01
  1.6791666667E+00  1.6833333333E+00  4.24396E-02  4.07014E-01
  1.6833333333E+00  1.6875000000E+00  4.24800E-02  3.40339E-01
  1.6875000000E+00  1.6916666667E+00  4.22747E-02  2.92099E-01
  1.6916666667E+00  1.6958333333E+00  4.23604E-02  3.26833E-01
  1.6958333333E+00  1.7000000000E+00  4.23094E-02  3.31252E-01
  1.7000000000E+00  1.7041666667E+00  4.24347E-02  3.27738E-01
  1.7041666667E+00  1.7083333333E+00  4.25555E-02  3.11406E-01
  1.7083333333E+00  1.7125000000E+00  4.28073E-02  4.21642E-01
  1.7125000000E+00  1.7166666667E+00  4.22985E-02  2.76347E-01
  1.7166666667E+00  1.7208333333E+00  4.25986E-02  3.68364E-01
  1.7208333333E+00  1.7250000000E+00  4.26748E-02  3.68096E-01
  1.7250000000E+00  1.7291666667E+00  4.25871E-02  3.48662E-01
  1.7291666667E+00  1.7333333333E+00  4.22940E-02  2.76906E-01
  1.7333333333E+00  1.7375000000E+00  4.25632E-02  3.47717E-01
  1.7375000000E+00  1.7416666667E+00  4.24399E-02  2.81735E-01
  1.7416666667E+00  1.7458333333E+00  4.24666E-02  3.31901E-01
  1.7458333333E+00  1.7500000000E+00  4.25083E-02  3.21660E-01
  1.7500000000E+00  1.7541666667E+00  4.25010E-02  2.93973E-01
  1.7541666667E+00  1.7583333333E+00  4.23833E-02  2.81736E-01
  1.7583333333E+00  1.7625000000E+00  4.23852E-02  2.63630E-01
  1.7625000000E+00  1.7666666667E+00  4.24956E-02  3.18596E-01
  1.7666666667E+00  1.7708333333E+00  4.24681E-02  2.83041E-01
  1.7708333333E+00  1.7750000000E+00  4.24745E-02  2.90085E-01
  1.7750000000E+00  1.7791666667E+00  4.24221E-02  2.86627E-01
  1.7791666667E+00  1.7833333333E+00  4.23967E-02  3.02068E-01
  1.7833333333E+00  1.7875000000E+00  4.26473E-02  3.11544E-01
  1.7875000000E+00  1.7916666667E+00  4.25939E-02  2.94444E-01
  1.7916666667E+00  1.7958333333E+00  4.27402E-02  3.69137E-01
  1.7958333333E+00  1.8000000000E+00  4.27012E-02  3.17819E-01
  1.8000000000E+00  1.8041666667E+00  4.27321E-02  3.87960E-01
  1.8041666667E+00  1.8083333333E+00  4.27475E-02  3.25552E-01
  1.8083333333E+00  1.8125000000E+00  4.28643E-02  3.37421E-01
  1.8125000000E+00  1.8166666667E+00  4.26915E-02  3.07035E-01
  1.8166666667E+00  1.8208333333E+00  4.27147E-02  3.24816E-01
  1.8208333333E+00  1.8250000000E+00  4.28528E-02  3.54240E-01
  1.8250000000E+00  1.8291666667E+00  4.27626E-02  3.01350E-01
  1.8291666667E+00  1.8333333333E+00  4.29695E-02  3.49514E-01
  1.8333333333E+00  1.8375000000E+00  4.31014E-02  3.55797E-01
  1.8375000000E+00  1.8416666667E+00  4.29829E-02  3.17677E-01
  1.8416666667E+00  1.8458333333E+00  4.29658E-02  3.31727E-01
  1.8458333333E+00  1.8500000000E+00  4.29181E-02  3.32303E-01
  1.8500000000E+00  1.8541666667E+00  4.28254E-02  2.84950E-01
  1.8541666667E+00  1.8583333333E+00  4.30606E-02  3.44086E-01
  1.8583333333E+00  1.8625000000E+00  4.29159E-02  3.32937E-01
  1.8625000000E+00  1.8666666667E+00  4.28376E-02  2.91208E-01
  1.8666666667E+00  1.8708333333E+00  4.29426E-02  3.41668E-01
  1.8708333333E+00  1.8750000000E+00  4.30396E-02  3.38845E-01
  1.8750000000E+00  1.8791666667E+00  4.28866E-02  2.94290E-01
  1.8791666667E+00  1.8833333333E+00  4.30889E-02  3.31037E-01
  1.8833333333E+00  1.8875000000E+00  4.29974E-02  3.23393E-01
  1.8875000000E+00  1.8916666667E+00  4.29636E-02  2.94011E-01
  1.8916666667E+00  1.8958333333E+00  4.31305E-02  3.14971E-01
  1.8958333333E+00  1.9000000000E+00  4.30486E-02  2.88650E-01
  1.9000000000E+00  1.9041666667E+00  4.32760E-02  3.61098E-01
  1.9041666667E+00  1.9083333333E+00  4.31179E-02  2.95462E-01
  1.9083333333E+00  1.9125000000E+00  4.31058E-02  2.99508E-01
  1.9125000000E+00  1.9166666667E+00  4.31599E-02  2.97430E-01
  1.9166666667E+00  1.9208333333E+00  4.33557E-02  3.58095E-01
  1.9208333333E+00  1.9250000000E+00  4.31967E-02  3.43955E-01
  1.9250000000E+00  1.9291666667E+00  4.30233E-02  2.59980E-01
  1.9291666667E+00  1.9333333333E+00  4.32071E-02  3.06485E-01
  1.9333333333E+00  1.9375000000E+00  4.33035E-02  3.11706E-01
  1.9375000000E+00  1.9416666667E+00  4.32720E-02  2.99150E-01
  1.9416666667E+00  1.9458333333E+00  4.32643E-02  3.15557E-01
  1.9458333333E+00  1.9500000000E+00  4.34404E-02  3.29204E-01
  1.9500000000E+00  1.9541666667E+00  4.34330E-02  3.51515E-01
  1.9541666667E+00  1.9583333333E+00  4.31426E-02  2.51698E-01
  1.9583333333E+00  1.9625000000E+00  4.34748E-02  3.24297E-01
  1.9625000000E+00  1.9666666667E+00  4.35758E-02  3.20677E-01
  1.9666666667E+00  1.9708333333E+00  4.34193E-02  2.90631E-01
  1.9708333333E+00  1.9750000000E+00  4.34924E-02  3.04976E-01
  1.9750000000E+00  1.9791666667E+00  4.35275E-02  3.82034E-01
  1.9791666667E+00  1.9833333333E+00  4.35330E-02  3.13306E-01
  1.9833333333E+00  1.9875000000E+00  4.36003E-02  3.34883E-01
  1.9875000000E+00  1.9916666667E+00  4.35283E-02  3.11819E-01
  1.9916666667E+00  1.9958333333E+00  4.34300E-02  2.97242E-01
  1.9958333333E+00  2.0000000000E+00  4.34516E-02  2.82702E-01
  2.0000000000E+00  2.0041666667E+00  4.34081E-02  2.80517E-01
  2.0041666667E+00  2.0083333333E+00  4.35796E-02  3.16910E-01
  2.0083333333E+00  2.0125000000E+00  4.37314E-02  3.29992E-01
  2.0125000000E+00  2.0166666667E+00  4.37730E-02  3.37944E-01
  2.0166666667E+00  2.0208333333E+00  4.38456E-02  3.43324E-01
  2.0208333333E+00  2.0250000000E+00  4.37875E-02  3.30936E-01
  2.0250000000E+00  2.0291666667E+00  4.38613E-02  3.61470E-01
  2.0291666667E+00  2.0333333333E+00  4.41577E-02  3.57712E-01
  2.0333333333E+00  2.0375000000E+00  4.39699E-02  3.37212E-01
  2.0375000000E+00  2.0416666667E+00  4.38448E-02  3.24624E-01
  2.0416666667E+00  2.0458333333E+00  4.38889E-02  3.41893E-01
  2.0458333333E+00  2.0500000000E+00  4.36582E-02  2.65302E-01
  2.0500000000E+00  2.0541666667E+00  4.37287E-02  3.16539E-01
  2.0541666667E+00  2.0583333333E+00  4.36006E-02  2.63969E-01
  2.0583333333E+00  2.0625000000E+00  4.38505E-02  3.07417E-01
  2.0625000000E+00  2.0666666667E+00  4.38124E-02  3.02633E-01
  2.0666666667E+00  2.0708333333E+00  4.38673E-02  3.06246E-01
  2.0708333333E+00  2.0750000000E+00  4.40732E-02  3.28259E-01
  2.0750000000E+00  2.0791666667E+00  4.41947E-02  3.44685E-01
  2.0791666667E+00  2.0833333333E+00  4.40566E-02  3.19235E-01
  2.0833333333E+00  2.0875000000E+00  4.40376E-02  2.97345E-01
  2.0875000000E+00  2.0916666667E+00  4.41677E-02  3.29172E-01
  2.0916666667E+00  2.0958333333E+00  4.41876E-02  3.01980E-01
  2.0958333333E+00  2.1000000000E+00  4.41027E-02  2.98291E-01
  2.1000000000E+00  2.1041666667E+00  4.40638E-02  3.09700E-01
  2.1041666667E+00  2.1083333333E+00  4.40760E-02  2.96965E-01
  2.1083333333E+00  2.1125000000E+00  4.41333E-02  2.91518E-01
  2.1125000000E+00  2.1166666667E+00  4.44074E-02  3.48621E-01
  2.1166666667E+00  2.1208333333E+00  4.42587E-02  3.08660E-01
  2.1208333333E+00  2.1250000000E+00  4.44325E-02  3.39979E-01
  2.1250000000E+00  2.1291666667E+00  4.43897E-02  3.17752E-01
  2.1291666667E+00  2.1333333333E+00  4.42974E-02  3.12736E-01
  2.1333333333E+00  2.1375000000E+00  4.42562E-02  2.93639E-01
  2.1375000000E+00  2.1416666667E+00  4.43296E-02  2.95649E-01
  2.1416666667E+00  2.1458333333E+00  4.44575E-02  3.25083E-01
  2.1458333333E+00  2.1500000000E+00  4.41727E-02  2.79861E-01
  2.1500000000E+00  2.1541666667E+00  4.42236E-02  2.76068E-01
  2.1541666667E+00  2.1583333333E+00  4.43294E-02  2.95664E-01
  2.1583333333E+00  2.1625000000E+00  4.43446E-02  2.84596E-01
  2.1625000000E+00  2.1666666667E+00  4.47239E-02  3.65025E-01
  2.1666666667E+00  2.1708333333E+00  4.44369E-02  3.25936E-01
  2.1708333333E+00  2.1750000000E+00  4.43066E-02  2.77804E-01
  2.1750000000E+00  2.1791666667E+00  4.45020E-02  2.97847E-01
  2.1791666667E+00  2.1833333333E+00  4.45105E-02  2.88176E-01
  2.1833333333E+00  2.1875000000E+00  4.46894E-02  3.44011E-01
  2.1875000000E+00  2.1916666667E+00  4.45597E-02  3.29366E-01
  2.1916666667E+00  2.1958333333E+00  4.46470E-02  3.07077E-01
  2.1958333333E+00  2.2000000000E+00  4.45293E-02  2.78557E-01
  2.2000000000E+00  2.2041666667E+00  4.46400E-02  3.04357E-01
  2.2041666667E+00  2.2083333333E+00  4.45962E-02  2.80726E-01
  2.2083333333E+00  2.2125000000E+00  4.45474E-02  2.64135E-01
  2.2125000000E+00  2.2166666667E+00  4.46583E-02  2.97982E-01
  2.2166666667E+00  2.2208333333E+00  4.47614E-02  2.92208E-01
  2.2208333333E+00  2.2250000000E+00  4.49271E-02  3.48162E-01
  2.2250000000E+00  2.2291666667E+00  4.49040E-02  3.18701E-01
  2.2291666667E+00  2.2333333333E+00  4.47434E-02  2.75994E-01
  2.2333333333E+00  2.2375000000E+00  4.47997E-02  2.91567E-01
  2.2375000000E+00  2.2416666667E+00  4.49624E-02  3.28302E-01
  2.2416666667E+00  2.2458333333E+00  4.48146E-02  3.23432E-01
  2.2458333333E+00  2.2500000000E+00  4.48163E-02  3.06268E-01
  2.2500000000E+00  2.2541666667E+00  4.49253E-02  2.84067E-01
  2.2541666667E+00  2.2583333333E+00  4.50111E-02  3.05294E-01
  2.2583333333E+00  2.2625000000E+00  4.50120E-02  3.11827E-01
  2.2625000000E+00  2.2666666667E+00  4.50511E-02  3.09789E-01
  2.2666666667E+00  2.2708333333E+00  4.47965E-02  2.56357E-01
  2.2708333333E+00  2.2750000000E+00  4.49941E-02  3.06200E-01
  2.2750000000E+00  2.2791666667E+00  4.49462E-02  2.89420E-01
  2.2791666667E+00  2.2833333333E+00  4.51837E-02  3.44753E-01
  2.2833333333E+00  2.2875000000E+00  4.50842E-02  2.97541E-01
  2.2875000000E+00  2.2916666667E+00  4.51329E-02  3.33199E-01
  2.2916666667E+00  2.2958333333E+00  4.52330E-02  2.98217E-01
  2.2958333333E+00  2.3000000000E+00  4.54627E-02  3.34271E-01
  2.3000000000E+00  2.3041666667E+00  4.52299E-02  3.43091E-01
  2.3041666667E+00  2.3083333333E+00  4.50887E-02  2.81631E-01
  2.3083333333E+00  2.3125000000E+00  4.52073E-02  2.88250E-01
  2.3125000000E+00  2.3166666667E+00  4.52304E-02  2.98136E-01
  2.3166666667E+00  2.3208333333E+00  4.54668E-02  3.29895E-01
  2.3208333333E+00  2.3250000000E+00  4.53660E-02  2.83818E-01
  2.3250000000E+00  2.3291666667E+00  4.57959E-02  3.91093E-01
  2.3291666667E+00  2.3333333333E+00  4.54454E-02  3.33097E-01
  2.3333333333E+00  2.3375000000E+00  4.55372E-02  3.21520E-01
  2.3375000000E+00  2.3416666667E+00  4.52998E-02  2.84616E-01
  2.3416666667E+00  2.3458333333E+00  4.53245E-02  3.06242E-01
  2.3458333333E+00  2.3500000000E+00  4.55811E-02  3.28523E-01
  2.3500000000E+00  2.3541666667E+00  4.54699E-02  3.35346E-01
  2.3541666667E+00  2.3583333333E+00  4.53512E-02  2.83613E-01
  2.3583333333E+00  2.3625000000E+00  4.56402E-02  3.13387E-01
  2.3625000000E+00  2.3666666667E+00  4.56231E-02  3.20121E-01
  2.3666666667E+00  2.3708333333E+00  4.54610E-02  2.75617E-01
  2.3708333333E+00  2.3750000000E+00  4.55773E-02  3.09389E-01
  2.3750000000E+00  2.3791666667E+00  4.55102E-02  2.70492E-01
  2.3791666667E+00  2.3833333333E+00  4.54355E-02  2.62436E-01
  2.3833333333E+00  2.3875000000E+00  4.54355E-02  2.67324E-01
  2.3875000000E+00  2.3916666667E+00  4.57590E-02  3.24546E-01
  2.3916666667E+00  2.3958333333E+00  4.57669E-02  3.16655E-01
  2.3958333333E+00  2.4000000000E+00  4.57517E-02  3.18206E-01
  2.4000000000E+00  2.4041666667E+00  4.55359E-02  2.81921E-01
  2.4041666667E+00  2.4083333333E+00  4.58670E-02  3.14157E-01
  2.4083333333E+00  2.4125000000E+00  4.59365E-02  3.38286E-01
  2.4125000000E+00  2.4166666667E+00  4.58698E-02  3.02934E-01
  2.4166666667E+00  2.4208333333E+00  4.56260E-02  2.72515E-01
  2.4208333333E+00  2.4250000000E+00  4.56027E-02  2.52610E-01
  2.4250000000E+00  2.4291666667E+00  4.58251E-02  2.95684E-01
  2.4291666667E+00  2.4333333333E+00  4.58562E-02  3.21967E-01
  2.4333333333E+00  2.4375000000E+00  4.58322E-02  3.09954E-01
  2.4375000000E+00  2.4416666667E+00  4.59545E-02  3.23713E-01
  2.4416666667E+00  2.4458333333E+00  4.60459E-02  3.29789E-01
  2.4458333333E+00  2.4500000000E+00  4.57033E-02  2.67710E-01
  2.4500000000E+00  2.4541666667E+00  4.58435E-02  2.92391E-01
  2.4541666667E+00  2.4583333333E+00  4.59471E-02  2.79404E-01
  2.4583333333E+00  2.4625000000E+00  4.62699E-02  3.41272E-01
  2.4625000000E+00  2.4666666667E+00  4.59861E-02  2.83109E-01
  2.4666666667E+00  2.4708333333E+00  4.59454E-02  2.74052E-01
  2.4708333333E+00  2.4750000000E+00  4.59858E-02  2.74865E-01
  2.4750000000E+00  2.4791666667E+00  4.62351E-02  3.25747E-01
  2.4791666667E+00  2.4833333333E+00  4.63617E-02  3.21187E-01
  2.4833333333E+00  2.4875000000E+00  4.63697E-02  3.38260E-01
  2.4875000000E+00  2.4916666667E+00  4.60521E-02  2.63261E-01
  2.4916666667E+00  2.4958333333E+00  4.63138E-02  3.13893E-01
  2.4958333333E+00  2.5000000000E+00  4.62837E-02  3.30559E-01
  2.5000000000E+00  2.5041666667E+00  4.61968E-02  2.80110E-01
  2.5041666667E+00  2.5083333333E+00  4.62576E-02  3.30723E-01
  2.5083333333E+00  2.5125000000E+00  4.62498E-02  2.86397E-01
  2.5125000000E+00  2.5166666667E+00  4.63509E-02  3.21195E-01
  2.5166666667E+00  2.5208333333E+00  4.61851E-02  2.61607E-01
  2.5208333333E+00  2.5250000000E+00  4.64213E-02  3.05361E-01
  2.5250000000E+00  2.5291666667E+00  4.63720E-02  2.81170E-01
  2.5291666667E+00  2.5333333333E+00  4.63222E-02  2.98022E-01
  2.5333333333E+00  2.5375000000E+00  4.63127E-02  2.86022E-01
  2.5375000000E+00  2.5416666667E+00  4.64532E-02  3.06199E-01
  2.5416666667E+00  2.5458333333E+00  4.63722E-02  3.00568E-01
  2.5458333333E+00  2.5500000000E+00  4.64457E-02  2.98203E-01
  2.5500000000E+00  2.5541666667E+00  4.62223E-02  2.30402E-01
  2.5541666667E+00  2.5583333333E+00  4.64595E-02  2.78503E-01
  2.5583333333E+00  2.5625000000E+00  4.64525E-02  2.62762E-01
  2.5625000000E+00  2.5666666667E+00  4.64272E-02  2.59699E-01
  2.5666666667E+00  2.5708333333E+00  4.65215E-02  2.95442E-01
  2.5708333333E+00  2.5750000000E+00  4.64483E-02  2.64216E-01
  2.5750000000E+00  2.5791666667E+00  4.66158E-02  2.89073E-01
  2.5791666667E+00  2.5833333333E+00  4.66140E-02  2.79498E-01
  2.5833333333E+00  2.5875000000E+00  4.63990E-02  2.37254E-01
  2.5875000000E+00  2.5916666667E+00  4.65804E-02  2.81010E-01
  2.5916666667E+00  2.5958333333E+00  4.68099E-02  3.11473E-01
  2.5958333333E+00  2.6000000000E+00  4.67924E-02  3.19958E-01
  2.6000000000E+00  2.6041666667E+00  4.68076E-02  2.93070E-01
  2.6041666667E+00  2.6083333333E+00  4.67283E-02  2.75202E-01
  2.6083333333E+00  2.6125000000E+00  4.70138E-02  3.37129E-01
  2.6125000000E+00  2.6166666667E+00  4.69279E-02  3.15509E-01
  2.6166666667E+00  2.6208333333E+00  4.68167E-02  2.86331E-01
  2.6208333333E+00  2.6250000000E+00  4.70326E-02  3.43231E-01
  2.6250000000E+00  2.6291666667E+00  4.68099E-02  2.66046E-01
  2.6291666667E+00  2.6333333333E+00  4.70766E-02  3.16611E-01
  2.6333333333E+00  2.6375000000E+00  4.69601E-02  2.79998E-01
  2.6375000000E+00  2.6416666667E+00  4.70298E-02  2.97407E-01
  2.6416666667E+00  2.6458333333E+00  4.74666E-02  3.84739E-01
  2.6458333333E+00  2.6500000000E+00  4.70743E-02  2.77693E-01
  2.6500000000E+00  2.6541666667E+00  4.71930E-02  3.13173E-01
  2.6541666667E+00  2.6583333333E+00  4.72778E-02  3.20468E-01
  2.6583333333E+00  2.6625000000E+00  4.70646E-02  2.57660E-01
  2.6625000000E+00  2.6666666667E+00  4.75339E-02  3.31601E-01
  2.6666666667E+00  2.6708333333E+00  4.75098E-02  3.13680E-01
  2.6708333333E+00  2.6750000000E+00  4.74052E-02  3.17603E-01
  2.6750000000E+00  2.6791666667E+00  4.71339E-02  2.46042E-01
  2.6791666667E+00  2.6833333333E+00  4.71297E-02  2.56726E-01
  2.6833333333E+00  2.6875000000E+00  4.70964E-02  2.45545E-01
  2.6875000000E+00  2.6916666667E+00  4.73096E-02  2.59050E-01
  2.6916666667E+00  2.6958333333E+00  4.74165E-02  3.00577E-01
  2.6958333333E+00  2.7000000000E+00  4.72806E-02  2.58381E-01
  2.7000000000E+00  2.7041666667E+00  4.73514E-02  2.92883E-01
  2.7041666667E+00  2.7083333333E+00  4.71870E-02  2.94537E-01
  2.7083333333E+00  2.7125000000E+00  4.73804E-02  2.74420E-01
  2.7125000000E+00  2.7166666667E+00  4.74089E-02  3.18920E-01
  2.7166666667E+00  2.7208333333E+00  4.74569E-02  2.70018E-01
  2.7208333333E+00  2.7250000000E+00  4.74713E-02  2.88887E-01
  2.7250000000E+00  2.7291666667E+00  4.76332E-02  3.14116E-01
  2.7291666667E+00  2.7333333333E+00  4.76182E-02  2.77049E-01
  2.7333333333E+00  2.7375000000E+00  4.77299E-02  2.91368E-01
  2.7375000000E+00  2.7416666667E+00  4.77487E-02  3.35756E-01
  2.7416666667E+00  2.7458333333E+00  4.79582E-02  3.10061E-01
  2.7458333333E+00  2.7500000000E+00  4.79530E-02  3.07245E-01
  2.7500000000E+00  2.7541666667E+00  4.77357E-02  2.65267E-01
  2.7541666667E+00  2.7583333333E+00  4.79083E-02  3.14094E-01
  2.7583333333E+00  2.7625000000E+00  4.79376E-02  3.02213E-01
  2.7625000000E+00  2.7666666667E+00  4.76924E-02  2.66118E-01
  2.7666666667E+00  2.7708333333E+00  4.77829E-02  2.95167E-01
  2.7708333333E+00  2.7750000000E+00  4.80060E-02  3.09169E-01
  2.7750000000E+00  2.7791666667E+00  4.77320E-02  2.69314E-01
  2.7791666667E+00  2.7833333333E+00  4.79169E-02  2.75505E-01
  2.7833333333E+00  2.7875000000E+00  4.79671E-02  2.76467E-01
  2.7875000000E+00  2.7916666667E+00  4.82761E-02  3.37976E-01
  2.7916666667E+00  2.7958333333E+00  4.80811E-02  3.08533E-01
  2.7958333333E+00  2.8000000000E+00  4.80532E-02  2.95555E-01
  2.8000000000E+00  2.8041666667E+00  4.80088E-02  2.94702E-01
  2.8041666667E+00  2.8083333333E+00  4.80321E-02  2.67137E-01
  2.8083333333E+00  2.8125000000E+00  4.80996E-02  2.80504E-01
  2.8125000000E+00  2.8166666667E+00  4.83008E-02  3.31260E-01
  2.8166666667E+00  2.8208333333E+00  4.80433E-02  2.58513E-01
  2.8208333333E+00  2.8250000000E+00  4.82165E-02  2.79221E-01
  2.8250000000E+00  2.8291666667E+00  4.80997E-02  2.49603E-01
  2.8291666667E+00  2.8333333333E+00  4.82388E-02  2.75823E-01
  2.8333333333E+00  2.8375000000E+00  4.84038E-02  2.91631E-01
  2.8375000000E+00  2.8416666667E+00  4.82682E-02  2.98128E-01
  2.8416666667E+00  2.8458333333E+00  4.83865E-02  2.97345E-01
  2.8458333333E+00  2.8500000000E+00  4.83494E-02  2.73209E-01
  2.8500000000E+00  2.8541666667E+00  4.84538E-02  3.02001E-01
  2.8541666667E+00  2.8583333333E+00  4.83682E-02  2.66220E-01
  2.8583333333E+00  2.8625000000E+00  4.83772E-02  2.63585E-01
  2.8625000000E+00  2.8666666667E+00  4.83867E-02  2.58804E-01
  2.8666666667E+00  2.8708333333E+00  4.85484E-02  2.94566E-01
  2.8708333333E+00  2.8750000000E+00  4.85075E-02  3.00835E-01
  2.8750000000E+00  2.8791666667E+00  4.87060E-02  3.24446E-01
  2.8791666667E+00  2.8833333333E+00  4.84599E-02  2.61805E-01
  2.8833333333E+00  2.8875000000E+00  4.87001E-02  3.05619E-01
  2.8875000000E+00  2.8916666667E+00  4.86483E-02  2.69208E-01
  2.8916666667E+00  2.8958333333E+00  4.88607E-02  3.11807E-01
  2.8958333333E+00  2.9000000000E+00  4.87656E-02  2.92213E-01
  2.9000000000E+00  2.9041666667E+00  4.86123E-02  2.52944E-01
  2.9041666667E+00  2.9083333333E+00  4.86165E-02  2.55235E-01
  2.9083333333E+00  2.9125000000E+00  4.88105E-02  2.98114E-01
  2.9125000000E+00  2.9166666667E+00  4.87883E-02  2.81687E-01
  2.9166666667E+00  2.9208333333E+00  4.88059E-02  2.73469E-01
  2.9208333333E+00  2.9250000000E+00  4.90012E-02  3.12196E-01
  2.9250000000E+00  2.9291666667E+00  4.90487E-02  3.03323E-01
  2.9291666667E+00  2.9333333333E+00  4.88584E-02  2.59555E-01
  2.9333333333E+00  2.9375000000E+00  4.89349E-02  2.66894E-01
  2.9375000000E+00  2.9416666667E+00  4.91404E-02  2.97417E-01
  2.9416666667E+00  2.9458333333E+00  4.89563E-02  2.65777E-01
  2.9458333333E+00  2.9500000000E+00  4.91640E-02  2.87229E-01
  2.9500000000E+00  2.9541666667E+00  4.88521E-02  2.32883E-01
  2.9541666667E+00  2.9583333333E+00  4.89942E-02  2.62470E-01
  2.9583333333E+00  2.9625000000E+00  4.90450E-02  2.72975E-01
  2.9625000000E+00  2.9666666667E+00  4.92569E-02  3.10373E-01
  2.9666666667E+00  2.9708333333E+00  4.90304E-02  2.52122E-01
  2.9708333333E+00  2.9750000000E+00  4.91804E-02  2.75475E-01
  2.9750000000E+00  2.9791666667E+00  4.93650E-02  2.93947E-01
  2.9791666667E+00  2.9833333333E+00  4.92187E-02  2.55509E-01
  2.9833333333E+00  2.9875000000E+00  4.95651E-02  3.01022E-01
  2.9875000000E+00  2.9916666667E+00  4.94294E-02  2.80328E-01
  2.9916666667E+00  2.9958333333E+00  4.96871E-02  3.16123E-01
  2.9958333333E+00  3.0000000000E+00  4.97566E-02  3.13345E-01
  3.0000000000E+00  3.0041666667E+00  4.96043E-02  2.92048E-01
  3.0041666667E+00  3.0083333333E+00  4.94860E-02  2.54031E-01
  3.0083333333E+00  3.0125000000E+00  4.96585E-02  2.99110E-01
  3.0125000000E+00  3.0166666667E+00  4.96312E-02  2.72122E-01
  3.0166666667E+00  3.0208333333E+00  4.96057E-02  3.04225E-01
  3.0208333333E+00  3.0250000000E+00  4.96540E-02  2.82624E-01
  3.0250000000E+00  3.0291666667E+00  4.96789E-02  2.72319E-01
  3.0291666667E+00  3.0333333333E+00  4.98436E-02  2.96223E-01
  3.0333333333E+00  3.0375000000E+00  4.97937E-02  2.96229E-01
  3.0375000000E+00  3.0416666667E+00  4.95628E-02  2.37599E-01
  3.0416666667E+00  3.0458333333E+00  4.97697E-02  2.74577E-01
  3.0458333333E+00  3.0500000000E+00  4.99951E-02  3.19629E-01
  3.0500000000E+00  3.0541666667E+00  5.00110E-02  3.05519E-01
  3.0541666667E+00  3.0583333333E+00  4.98675E-02  2.69658E-01
  3.0583333333E+00  3.0625000000E+00  5.00449E-02  2.88947E-01
  3.0625000000E+00  3.0666666667E+00  5.00514E-02  2.80985E-01
  3.0666666667E+00  3.0708333333E+00  5.00777E-02  2.99861E-01
  3.0708333333E+00  3.0750000000E+00  5.03389E-02  3.28829E-01
  3.0750000000E+00  3.0791666667E+00  5.02590E-02  3.11368E-01
  3.0791666667E+00  3.0833333333E+00  5.00558E-02  2.63345E-01
  3.0833333333E+00  3.0875000000E+00  5.03621E-02  3.13595E-01
  3.0875000000E+00  3.0916666667E+00  5.03017E-02  3.00479E-01
  3.0916666667E+00  3.0958333333E+00  5.03768E-02  2.92378E-01
  3.0958333333E+00  3.1000000000E+00  5.02983E-02  2.88749E-01
  3.1000000000E+00  3.1041666667E+00  5.03554E-02  2.84404E-01
  3.1041666667E+00  3.1083333333E+00  5.04283E-02  3.14591E-01
  3.1083333333E+00  3.1125000000E+00  5.03378E-02  2.71902E-01
  3.1125000000E+00  3.1166666667E+00  5.03502E-02  2.87802E-01
  3.1166666667E+00  3.1208333333E+00  5.04311E-02  2.89666E-01
  3.1208333333E+00  3.1250000000E+00  5.05670E-02  3.00778E-01
  3.1250000000E+00  3.1291666667E+00  5.04315E-02  2.74214E-01
  3.1291666667E+00  3.1333333333E+00  5.05763E-02  2.97636E-01
  3.1333333333E+00  3.1375000000E+00  5.06541E-02  3.01214E-01
  3.1375000000E+00  3.1416666667E+00  5.05368E-02  2.71514E-01
  3.1416666667E+00  3.1458333333E+00  5.06687E-02  2.91780E-01
  3.1458333333E+00  3.1500000000E+00  5.05838E-02  2.62389E-01
  3.1500000000E+00  3.1541666667E+00  5.07574E-02  2.81873E-01
  3.1541666667E+00  3.1583333333E+00  5.08227E-02  2.93623E-01
  3.1583333333E+00  3.1625000000E+00  5.07510E-02  2.64167E-01
  3.1625000000E+00  3.1666666667E+00  5.08626E-02  2.98157E-01
  3.1666666667E+00  3.1708333333E+00  5.09211E-02  3.14652E-01
  3.1708333333E+00  3.1750000000E+00  5.11427E-02  3.16273E-01
  3.1750000000E+00  3.1791666667E+00  5.08750E-02  2.78834E-01
  3.1791666667E+00  3.1833333333E+00  5.09866E-02  2.94494E-01
  3.1833333333E+00  3.1875000000E+00  5.10180E-02  3.05163E-01
  3.1875000000E+00  3.1916666667E+00  5.08231E-02  2.57228E-01
  3.1916666667E+00  3.1958333333E+00  5.09824E-02  2.70125E-01
  3.1958333333E+00  3.2000000000E+00  5.11877E-02  3.01561E-01
  3.2000000000E+00  3.2041666667E+00  5.09906E-02  2.53998E-01
  3.2041666667E+00  3.2083333333E+00  5.11062E-02  2.76929E-01
  3.2083333333E+00  3.2125000000E+00  5.12477E-02  2.93381E-01
  3.2125000000E+00  3.2166666667E+00  5.12335E-02  2.93410E-01
  3.2166666667E+00  3.2208333333E+00  5.09894E-02  2.41494E-01
  3.2208333333E+00  3.2250000000E+00  5.11939E-02  2.73520E-01
  3.2250000000E+00  3.2291666667E+00  5.12855E-02  2.73850E-01
  3.2291666667E+00  3.2333333333E+00  5.12875E-02  2.77801E-01
  3.2333333333E+00  3.2375000000E+00  5.12880E-02  2.70714E-01
  3.2375000000E+00  3.2416666667E+00  5.13637E-02  2.54291E-01
  3.2416666667E+00  3.2458333333E+00  5.12558E-02  2.50605E-01
  3.2458333333E+00  3.2500000000E+00  5.13405E-02  2.49953E-01
  3.2500000000E+00  3.2541666667E+00  5.15651E-02  2.88704E-01
  3.2541666667E+00  3.2583333333E+00  5.17651E-02  3.26308E-01
  3.2583333333E+00  3.2625000000E+00  5.14843E-02  2.55254E-01
  3.2625000000E+00  3.2666666667E+00  5.16099E-02  2.66276E-01
  3.2666666667E+00  3.2708333333E+00  5.13892E-02  2.33499E-01
  3.2708333333E+00  3.2750000000E+00  5.15773E-02  2.55959E-01
  3.2750000000E+00  3.2791666667E+00  5.17020E-02  2.84927E-01
  3.2791666667E+00  3.2833333333E+00  5.16986E-02  2.87440E-01
  3.2833333333E+00  3.2875000000E+00  5.16390E-02  2.58917E-01
  3.2875000000E+00  3.2916666667E+00  5.18131E-02  2.85651E-01
  3.2916666667E+00  3.2958333333E+00  5.18512E-02  2.77933E-01
  3.2958333333E+00  3.3000000000E+00  5.19380E-02  2.78379E-01
  3.3000000000E+00  3.3041666667E+00  5.19729E-02  2.86491E-01
  3.3041666667E+00  3.3083333333E+00  5.19690E-02  2.74953E-01
  3.3083333333E+00  3.3125000000E+00  5.21646E-02  2.84959E-01
  3.3125000000E+00  3.3166666667E+00  5.22446E-02  3.04501E-01
  3.3166666667E+00  3.3208333333E+00  5.23252E-02  2.77851E-01
  3.3208333333E+00  3.3250000000E+00  5.21717E-02  2.83644E-01
  3.3250000000E+00  3.3291666667E+00  5.22747E-02  2.87920E-01
  3.3291666667E+00  3.3333333333E+00  5.23349E-02  2.88225E-01
  3.3333333333E+00  3.3375000000E+00  5.25241E-02  2.98549E-01
  3.3375000000E+00  3.3416666667E+00  5.25257E-02  2.86522E-01
  3.3416666667E+00  3.3458333333E+00  5.24314E-02  2.69503E-01
  3.3458333333E+00  3.3500000000E+00  5.24558E-02  2.78988E-01
  3.3500000000E+00  3.3541666667E+00  5.23880E-02  2.59271E-01
  3.3541666667E+00  3.3583333333E+00  5.25770E-02  2.84475E-01
  3.3583333333E+00  3.3625000000E+00  5.26614E-02  2.84182E-01
  3.3625000000E+00  3.3666666667E+00  5.25453E-02  2.58842E-01
  3.3666666667E+00  3.3708333333E+00  5.27015E-02  2.78183E-01
  3.3708333333E+00  3.3750000000E+00  5.27116E-02  2.85629E-01
  3.3750000000E+00  3.3791666667E+00  5.27576E-02  2.71849E-01
  3.3791666667E+00  3.3833333333E+00  5.27469E-02  2.69172E-01
  3.3833333333E+00  3.3875000000E+00  5.27782E-02  2.89039E-01
  3.3875000000E+00  3.3916666667E+00  5.27992E-02  2.53275E-01
  3.3916666667E+00  3.3958333333E+00  5.29533E-02  3.03427E-01
  3.3958333333E+00  3.4000000000E+00  5.29013E-02  2.72392E-01
  3.4000000000E+00  3.4041666667E+00  5.29137E-02  2.55418E-01
  3.4041666667E+00  3.4083333333E+00  5.31612E-02  2.92723E-01
  3.4083333333E+00  3.4125000000E+00  5.31132E-02  2.84151E-01
  3.4125000000E+00  3.4166666667E+00  5.29956E-02  2.51540E-01
  3.4166666667E+00  3.4208333333E+00  5.30411E-02  2.72854E-01
  3.4208333333E+00  3.4250000000E+00  5.31677E-02  2.94166E-01
  3.4250000000E+00  3.4291666667E+00  5.30840E-02  2.49019E-01
  3.4291666667E+00  3.4333333333E+00  5.32627E-02  2.71770E-01
  3.4333333333E+00  3.4375000000E+00  5.33640E-02  2.97751E-01
  3.4375000000E+00  3.4416666667E+00  5.33318E-02  2.72205E-01
  3.4416666667E+00  3.4458333333E+00  5.32014E-02  2.44289E-01
  3.4458333333E+00  3.4500000000E+00  5.34460E-02  2.68172E-01
  3.4500000000E+00  3.4541666667E+00  5.33798E-02  2.64105E-01
  3.4541666667E+00  3.4583333333E+00  5.34188E-02  2.65845E-01
  3.4583333333E+00  3.4625000000E+00  5.37042E-02  2.89944E-01
  3.4625000000E+00  3.4666666667E+00  5.35307E-02  2.50511E-01
  3.4666666667E+00  3.4708333333E+00  5.36345E-02  2.67193E-01
  3.4708333333E+00  3.4750000000E+00  5.35128E-02  2.39007E-01
  3.4750000000E+00  3.4791666667E+00  5.37578E-02  2.91131E-01
  3.4791666667E+00  3.4833333333E+00  5.37671E-02  2.71418E-01
  3.4833333333E+00  3.4875000000E+00  5.39052E-02  2.79090E-01
  3.4875000000E+00  3.4916666667E+00  5.36345E-02  2.42718E-01
  3.4916666667E+00  3.4958333333E+00  5.39034E-02  2.81574E-01
  3.4958333333E+00  3.5000000000E+00  5.38961E-02  2.69498E-01
  3.5000000000E+00  3.5041666667E+00  5.40989E-02  2.77485E-01
  3.5041666667E+00  3.5083333333E+00  5.40401E-02  2.60153E-01
  3.5083333333E+00  3.5125000000E+00  5.41650E-02  2.85907E-01
  3.5125000000E+00  3.5166666667E+00  5.42475E-02  3.06675E-01
  3.5166666667E+00  3.5208333333E+00  5.41804E-02  2.71101E-01
  3.5208333333E+00  3.5250000000E+00  5.42143E-02  2.83764E-01
  3.5250000000E+00  3.5291666667E+00  5.40952E-02  2.34777E-01
  3.5291666667E+00  3.5333333333E+00  5.42630E-02  2.67104E-01
  3.5333333333E+00  3.5375000000E+00  5.44930E-02  2.89763E-01
  3.5375000000E+00  3.5416666667E+00  5.44046E-02  2.70921E-01
  3.5416666667E+00  3.5458333333E+00  5.45337E-02  2.87046E-01
  3.5458333333E+00  3.5500000000E+00  5.43919E-02  2.44772E-01
  3.5500000000E+00  3.5541666667E+00  5.46348E-02  2.80774E-01
  3.5541666667E+00  3.5583333333E+00  5.45316E-02  2.65880E-01
  3.5583333333E+00  3.5625000000E+00  5.46373E-02  2.66493E-01
  3.5625000000E+00  3.5666666667E+00  5.47356E-02  2.75023E-01
  3.5666666667E+00  3.5708333333E+00  5.47526E-02  2.78282E-01
  3.5708333333E+00  3.5750000000E+00  5.45658E-02  2.39228E-01
  3.5750000000E+00  3.5791666667E+00  5.48856E-02  2.72871E-01
  3.5791666667E+00  3.5833333333E+00  5.51160E-02  2.76323E-01
  3.5833333333E+00  3.5875000000E+00  5.49629E-02  2.82777E-01
  3.5875000000E+00  3.5916666667E+00  5.52013E-02  2.98626E-01
  3.5916666667E+00  3.5958333333E+00  5.52125E-02  2.89548E-01
  3.5958333333E+00  3.6000000000E+00  5.53239E-02  2.89063E-01
  3.6000000000E+00  3.6041666667E+00  5.52566E-02  2.83954E-01
  3.6041666667E+00  3.6083333333E+00  5.50607E-02  2.45025E-01
  3.6083333333E+00  3.6125000000E+00  5.51408E-02  2.54287E-01
  3.6125000000E+00  3.6166666667E+00  5.51634E-02  2.60729E-01
  3.6166666667E+00  3.6208333333E+00  5.52011E-02  2.48139E-01
  3.6208333333E+00  3.6250000000E+00  5.54024E-02  2.57229E-01
  3.6250000000E+00  3.6291666667E+00  5.54585E-02  2.65568E-01
  3.6291666667E+00  3.6333333333E+00  5.54653E-02  2.66107E-01
  3.6333333333E+00  3.6375000000E+00  5.54017E-02  2.42388E-01
  3.6375000000E+00  3.6416666667E+00  5.54595E-02  2.36300E-01
  3.6416666667E+00  3.6458333333E+00  5.56328E-02  2.54360E-01
  3.6458333333E+00  3.6500000000E+00  5.57233E-02  2.72181E-01
  3.6500000000E+00  3.6541666667E+00  5.58415E-02  2.64639E-01
  3.6541666667E+00  3.6583333333E+00  5.61519E-02  3.05397E-01
  3.6583333333E+00  3.6625000000E+00  5.58631E-02  2.51429E-01
  3.6625000000E+00  3.6666666667E+00  5.59551E-02  2.71772E-01
  3.6666666667E+00  3.6708333333E+00  5.60390E-02  2.70025E-01
  3.6708333333E+00  3.6750000000E+00  5.60366E-02  2.62737E-01
  3.6750000000E+00  3.6791666667E+00  5.62206E-02  2.71170E-01
  3.6791666667E+00  3.6833333333E+00  5.61873E-02  2.54671E-01
  3.6833333333E+00  3.6875000000E+00  5.64836E-02  2.84146E-01
  3.6875000000E+00  3.6916666667E+00  5.63214E-02  2.62038E-01
  3.6916666667E+00  3.6958333333E+00  5.62584E-02  2.44790E-01
  3.6958333333E+00  3.7000000000E+00  5.66209E-02  2.83470E-01
  3.7000000000E+00  3.7041666667E+00  5.63277E-02  2.43228E-01
  3.7041666667E+00  3.7083333333E+00  5.65751E-02  2.59026E-01
  3.7083333333E+00  3.7125000000E+00  5.66885E-02  2.69215E-01
  3.7125000000E+00  3.7166666667E+00  5.67200E-02  2.74785E-01
  3.7166666667E+00  3.7208333333E+00  5.66928E-02  2.48246E-01
  3.7208333333E+00  3.7250000000E+00  5.69385E-02  2.77638E-01
  3.7250000000E+00  3.7291666667E+00  5.69799E-02  2.74811E-01
  3.7291666667E+00  3.7333333333E+00  5.70387E-02  2.69810E-01
  3.7333333333E+00  3.7375000000E+00  5.70826E-02  2.83032E-01
  3.7375000000E+00  3.7416666667E+00  5.69113E-02  2.57295E-01
  3.7416666667E+00  3.7458333333E+00  5.70783E-02  2.56688E-01
  3.7458333333E+00  3.7500000000E+00  5.72086E-02  2.53997E-01
  3.7500000000E+00  3.7541666667E+00  5.73136E-02  2.64115E-01
  3.7541666667E+00  3.7583333333E+00  5.73020E-02  2.49808E-01
  3.7583333333E+00  3.7625000000E+00  5.73993E-02  2.64911E-01
  3.7625000000E+00  3.7666666667E+00  5.75402E-02  2.67788E-01
  3.7666666667E+00  3.7708333333E+00  5.77531E-02  2.84356E-01
  3.7708333333E+00  3.7750000000E+00  5.77063E-02  2.59127E-01
  3.7750000000E+00  3.7791666667E+00  5.78453E-02  2.74793E-01
  3.7791666667E+00  3.7833333333E+00  5.79854E-02  2.82872E-01
  3.7833333333E+00  3.7875000000E+00  5.80405E-02  2.97626E-01
  3.7875000000E+00  3.7916666667E+00  5.79583E-02  2.56711E-01
  3.7916666667E+00  3.7958333333E+00  5.81422E-02  2.75687E-01
  3.7958333333E+00  3.8000000000E+00  5.81076E-02  2.76788E-01
  3.8000000000E+00  3.8041666667E+00  5.82075E-02  2.68638E-01
  3.8041666667E+00  3.8083333333E+00  5.80978E-02  2.36636E-01
  3.8083333333E+00  3.8125000000E+00  5.83665E-02  2.68961E-01
  3.8125000000E+00  3.8166666667E+00  5.85485E-02  2.94950E-01
  3.8166666667E+00  3.8208333333E+00  5.83951E-02  2.62979E-01
  3.8208333333E+00  3.8250000000E+00  5.85868E-02  2.86905E-01
  3.8250000000E+00  3.8291666667E+00  5.84939E-02  2.58158E-01
  3.8291666667E+00  3.8333333333E+00  5.84990E-02  2.38851E-01
  3.8333333333E+00  3.8375000000E+00  5.87036E-02  2.59465E-01
  3.8375000000E+00  3.8416666667E+00  5.87914E-02  2.47827E-01
  3.8416666667E+00  3.8458333333E+00  5.87703E-02  2.42846E-01
  3.8458333333E+00  3.8500000000E+00  5.88501E-02  2.50163E-01
  3.8500000000E+00  3.8541666667E+00  5.89585E-02  2.57962E-01
  3.8541666667E+00  3.8583333333E+00  5.90940E-02  2.57642E-01
  3.8583333333E+00  3.8625000000E+00  5.94054E-02  2.80249E-01
  3.8625000000E+00  3.8666666667E+00  5.93535E-02  2.73639E-01
  3.8666666667E+00  3.8708333333E+00  5.94714E-02  2.89337E-01
  3.8708333333E+00  3.8750000000E+00  5.93653E-02  2.50741E-01
  3.8750000000E+00  3.8791666667E+00  5.94435E-02  2.57592E-01
  3.8791666667E+00  3.8833333333E+00  5.95837E-02  2.54664E-01
  3.8833333333E+00  3.8875000000E+00  5.97755E-02  2.61214E-01
  3.8875000000E+00  3.8916666667E+00  5.98286E-02  2.61389E-01
  3.8916666667E+00  3.8958333333E+00  6.00953E-02  2.65229E-01
  3.8958333333E+00  3.9000000000E+00  6.02659E-02  2.77811E-01
  3.9000000000E+00  3.9041666667E+00  6.01688E-02  2.52346E-01
  3.9041666667E+00  3.9083333333E+00  6.03431E-02  2.61686E-01
  3.9083333333E+00  3.9125000000E+00  6.04363E-02  2.72757E-01
  3.9125000000E+00  3.9166666667E+00  6.06541E-02  2.89717E-01
  3.9166666667E+00  3.9208333333E+00  6.06690E-02  2.74337E-01
  3.9208333333E+00  3.9250000000E+00  6.06051E-02  2.69436E-01
  3.9250000000E+00  3.9291666667E+00  6.06594E-02  2.46767E-01
  3.9291666667E+00  3.9333333333E+00  6.08966E-02  2.70707E-01
  3.9333333333E+00  3.9375000000E+00  6.10095E-02  2.63566E-01
  3.9375000000E+00  3.9416666667E+00  6.11238E-02  2.75805E-01
  3.9416666667E+00  3.9458333333E+00  6.10546E-02  2.46288E-01
  3.9458333333E+00  3.9500000000E+00  6.12946E-02  2.55181E-01
  3.9500000000E+00  3.9541666667E+00  6.13969E-02  2.59555E-01
  3.9541666667E+00  3.9583333333E+00  6.14972E-02  2.81434E-01
  3.9583333333E+00  3.9625000000E+00  6.13222E-02  2.38154E-01
  3.9625000000E+00  3.9666666667E+00  6.17431E-02  2.63183E-01
  3.9666666667E+00  3.9708333333E+00  6.19757E-02  2.74689E-01
  3.9708333333E+00  3.9750000000E+00  6.19099E-02  2.55848E-01
  3.9750000000E+00  3.9791666667E+00  6.18840E-02  2.48998E-01
  3.9791666667E+00  3.9833333333E+00  6.20466E-02  2.56162E-01
  3.9833333333E+00  3.9875000000E+00  6.22626E-02  2.88214E-01
  3.9875000000E+00  3.9916666667E+00  6.22876E-02  2.43494E-01
  3.9916666667E+00  3.9958333333E+00  6.26993E-02  2.72635E-01
  3.9958333333E+00  4.0000000000E+00  6.27098E-02  2.61803E-01
  4.0000000000E+00  4.0041666667E+00  6.26130E-02  2.48113E-01
  4.0041666667E+00  4.0083333333E+00  6.26699E-02  2.45451E-01
  4.0083333333E+00  4.0125000000E+00  6.27144E-02  2.25946E-01
  4.0125000000E+00  4.0166666667E+00  6.30364E-02  2.57994E-01
  4.0166666667E+00  4.0208333333E+00  6.32829E-02  2.55562E-01
  4.0208333333E+00  4.0250000000E+00  6.34494E-02  2.65083E-01
  4.0250000000E+00  4.0291666667E+00  6.36619E-02  2.75212E-01
  4.0291666667E+00  4.0333333333E+00  6.37911E-02  2.75640E-01
  4.0333333333E+00  4.0375000000E+00  6.37939E-02  2.61307E-01
  4.0375000000E+00  4.0416666667E+00  6.39648E-02  2.64727E-01
  4.0416666667E+00  4.0458333333E+00  6.40945E-02  2.57660E-01
  4.0458333333E+00  4.0500000000E+00  6.42763E-02  2.66436E-01
  4.0500000000E+00  4.0541666667E+00  6.42817E-02  2.62756E-01
  4.0541666667E+00  4.0583333333E+00  6.45289E-02  2.72436E-01
  4.0583333333E+00  4.0625000000E+00  6.48125E-02  2.81442E-01
  4.0625000000E+00  4.0666666667E+00  6.47129E-02  2.64279E-01
  4.0666666667E+00  4.0708333333E+00  6.51344E-02  2.94459E-01
  4.0708333333E+00  4.0750000000E+00  6.52700E-02  2.74342E-01
  4.0750000000E+00  4.0791666667E+00  6.52396E-02  2.56483E-01
  4.0791666667E+00  4.0833333333E+00  6.54838E-02  2.56557E-01
  4.0833333333E+00  4.0875000000E+00  6.55484E-02  2.47741E-01
  4.0875000000E+00  4.0916666667E+00  6.59354E-02  2.77038E-01
  4.0916666667E+00  4.0958333333E+00  6.62152E-02  2.84823E-01
  4.0958333333E+00  4.1000000000E+00  6.60990E-02  2.45059E-01
  4.1000000000E+00  4.1041666667E+00  6.65096E-02  2.77469E-01
  4.1041666667E+00  4.1083333333E+00  6.66268E-02  2.60487E-01
  4.1083333333E+00  4.1125000000E+00  6.68683E-02  2.71403E-01
  4.1125000000E+00  4.1166666667E+00  6.71752E-02  2.80599E-01
  4.1166666667E+00  4.1208333333E+00  6.73064E-02  2.68860E-01
  4.1208333333E+00  4.1250000000E+00  6.72218E-02  2.44550E-01
  4.1250000000E+00  4.1291666667E+00  6.76312E-02  2.70898E-01
  4.1291666667E+00  4.1333333333E+00  6.78393E-02  2.61561E-01
  4.1333333333E+00  4.1375000000E+00  6.80775E-02  2.58456E-01
  4.1375000000E+00  4.1416666667E+00  6.82800E-02  2.52962E-01
  4.1416666667E+00  4.1458333333E+00  6.84956E-02  2.66147E-01
  4.1458333333E+00  4.1500000000E+00  6.86938E-02  2.68109E-01
  4.1500000000E+00  4.1541666667E+00  6.88609E-02  2.45044E-01
  4.1541666667E+00  4.1583333333E+00  6.90249E-02  2.63044E-01
  4.1583333333E+00  4.1625000000E+00  6.92715E-02  2.61297E-01
  4.1625000000E+00  4.1666666667E+00  6.93812E-02  2.47079E-01
  4.1666666667E+00  4.1708333333E+00  6.98527E-02  2.67690E-01
  4.1708333333E+00  4.1750000000E+00  6.99115E-02  2.40389E-01
  4.1750000000E+00  4.1791666667E+00  7.01245E-02  2.49591E-01
  4.1791666667E+00  4.1833333333E+00  7.03849E-02  2.52050E-01
  4.1833333333E+00  4.1875000000E+00  7.06866E-02  2.49656E-01
  4.1875000000E+00  4.1916666667E+00  7.09104E-02  2.54267E-01
  4.1916666667E+00  4.1958333333E+00  7.11855E-02  2.68072E-01
  4.1958333333E+00  4.2000000000E+00  7.13469E-02  2.47517E-01
  4.2000000000E+00  4.2041666667E+00  7.18693E-02  2.77297E-01
  4.2041666667E+00  4.2083333333E+00  7.19248E-02  2.57401E-01
  4.2083333333E+00  4.2125000000E+00  7.20969E-02  2.55272E-01
  4.2125000000E+00  4.2166666667E+00  7.25393E-02  2.73923E-01
  4.2166666667E+00  4.2208333333E+00  7.26740E-02  2.67334E-01
  4.2208333333E+00  4.2250000000E+00  7.30404E-02  2.78219E-01
  4.2250000000E+00  4.2291666667E+00  7.29508E-02  2.60024E-01
  4.2291666667E+00  4.2333333333E+00  7.32934E-02  2.75285E-01
  4.2333333333E+00  4.2375000000E+00  7.33830E-02  2.77653E-01
  4.2375000000E+00  4.2416666667E+00  7.36546E-02  2.80054E-01
  4.2416666667E+00  4.2458333333E+00  7.37529E-02  2.67426E-01
  4.2458333333E+00  4.2500000000E+00  7.38903E-02  2.57887E-01
  4.2500000000E+00  4.2541666667E+00  7.42988E-02  2.68818E-01
  4.2541666667E+00  4.2583333333E+00  7.45598E-02  2.69215E-01
  4.2583333333E+00  4.2625000000E+00  7.47433E-02  2.74627E-01
  4.2625000000E+00  4.2666666667E+00  7.47944E-02  2.66062E-01
  4.2666666667E+00  4.2708333333E+00  7.50224E-02  2.70455E-01
  4.2708333333E+00  4.2750000000E+00  7.51325E-02  2.72150E-01
  4.2750000000E+00  4.2791666667E+00  7.50119E-02  2.70064E-01
  4.2791666667E+00  4.2833333333E+00  7.49641E-02  2.60028E-01
  4.2833333333E+00  4.2875000000E+00  7.50790E-02  2.58431E-01
  4.2875000000E+00  4.2916666667E+00  7.55355E-02  2.81235E-01
  4.2916666667E+00  4.2958333333E+00  7.56858E-02  2.84868E-01
  4.2958333333E+00  4.3000000000E+00  7.56983E-02  2.77957E-01
  4.3000000000E+00  4.3041666667E+00  7.57841E-02  2.81148E-01
  4.3041666667E+00  4.3083333333E+00  7.58761E-02  2.83710E-01
  4.3083333333E+00  4.3125000000E+00  7.57054E-02  2.71296E-01
  4.3125000000E+00  4.3166666667E+00  7.58016E-02  2.74208E-01
  4.3166666667E+00  4.3208333333E+00  7.59521E-02  2.70090E-01
  4.3208333333E+00  4.3250000000E+00  7.61360E-02  2.79798E-01
  4.3250000000E+00  4.3291666667E+00  7.60039E-02  2.73307E-01
  4.3291666667E+00  4.3333333333E+00  7.60345E-02  2.76153E-01
  4.3333333333E+00  4.3375000000E+00  7.61991E-02  2.81495E-01
  4.3375000000E+00  4.3416666667E+00  7.61270E-02  2.75326E-01
  4.3416666667E+00  4.3458333333E+00  7.59504E-02  2.65422E-01
  4.3458333333E+00  4.3500000000E+00  7.61249E-02  2.72018E-01
  4.3500000000E+00  4.3541666667E+00  7.62277E-02  2.75705E-01
  4.3541666667E+00  4.3583333333E+00  7.63539E-02  2.83934E-01
  4.3583333333E+00  4.3625000000E+00  7.63256E-02  2.76153E-01
  4.3625000000E+00  4.3666666667E+00  7.61408E-02  2.76216E-01
  4.3666666667E+00  4.3708333333E+00  7.61771E-02  2.74022E-01
  4.3708333333E+00  4.3750000000E+00  7.61401E-02  2.71332E-01
  4.3750000000E+00  4.3791666667E+00  7.62489E-02  2.78273E-01
  4.3791666667E+00  4.3833333333E+00  7.63858E-02  2.84015E-01
  4.3833333333E+00  4.3875000000E+00  7.64639E-02  2.87181E-01
  4.3875000000E+00  4.3916666667E+00  7.63778E-02  2.80028E-01
  4.3916666667E+00  4.3958333333E+00  7.63643E-02  2.91394E-01
  4.3958333333E+00  4.4000000000E+00  7.62061E-02  2.81826E-01
  4.4000000000E+00  4.4041666667E+00  7.62672E-02  2.86286E-01
  4.4041666667E+00  4.4083333333E+00  7.61387E-02  2.83286E-01
  4.4083333333E+00  4.4125000000E+00  7.59738E-02  2.67436E-01
  4.4125000000E+00  4.4166666667E+00  7.62771E-02  2.88485E-01
  4.4166666667E+00  4.4208333333E+00  7.62504E-02  2.81994E-01
  4.4208333333E+00  4.4250000000E+00  7.61026E-02  2.72469E-01
  4.4250000000E+00  4.4291666667E+00  7.61697E-02  2.84426E-01
  4.4291666667E+00  4.4333333333E+00  7.61135E-02  2.82989E-01
  4.4333333333E+00  4.4375000000E+00  7.60786E-02  2.76516E-01
  4.4375000000E+00  4.4416666667E+00  7.60761E-02  2.78429E-01
  4.4416666667E+00  4.4458333333E+00  7.62269E-02  2.86032E-01
  4.4458333333E+00  4.4500000000E+00  7.61723E-02  2.80844E-01
  4.4500000000E+00  4.4541666667E+00  7.61401E-02  2.79790E-01
  4.4541666667E+00  4.4583333333E+00  7.60876E-02  2.91423E-01
  4.4583333333E+00  4.4625000000E+00  7.59429E-02  2.92340E-01
  4.4625000000E+00  4.4666666667E+00  7.58587E-02  2.81667E-01
  4.4666666667E+00  4.4708333333E+00  7.59630E-02  2.86844E-01
  4.4708333333E+00  4.4750000000E+00  7.59111E-02  2.87382E-01
  4.4750000000E+00  4.4791666667E+00  7.56470E-02  2.82144E-01
  4.4791666667E+00  4.4833333333E+00  7.56141E-02  2.79762E-01
  4.4833333333E+00  4.4875000000E+00  7.58601E-02  2.87174E-01
  4.4875000000E+00  4.4916666667E+00  7.59048E-02  2.93054E-01
  4.4916666667E+00  4.4958333333E+00  7.56320E-02  2.77681E-01
  4.4958333333E+00  4.5000000000E+00  7.55908E-02  2.87008E-01
  4.5000000000E+00  4.5041666667E+00  7.57670E-02  2.99008E-01
  4.5041666667E+00  4.5083333333E+00  7.55709E-02  2.92787E-01
  4.5083333333E+00  4.5125000000E+00  7.54907E-02  2.87116E-01
  4.5125000000E+00  4.5166666667E+00  7.56736E-02  2.92624E-01
  4.5166666667E+00  4.5208333333E+00  7.56106E-02  2.88638E-01
  4.5208333333E+00  4.5250000000E+00  7.53482E-02  2.82859E-01
  4.5250000000E+00  4.5291666667E+00  7.52100E-02  2.80446E-01
  4.5291666667E+00  4.5333333333E+00  7.52737E-02  2.89233E-01
  4.5333333333E+00  4.5375000000E+00  7.51122E-02  2.85982E-01
  4.5375000000E+00  4.5416666667E+00  7.53270E-02  2.85095E-01
  4.5416666667E+00  4.5458333333E+00  7.54074E-02  3.04016E-01
  4.5458333333E+00  4.5500000000E+00  7.52699E-02  2.95625E-01
  4.5500000000E+00  4.5541666667E+00  7.52213E-02  2.88252E-01
  4.5541666667E+00  4.5583333333E+00  7.51439E-02  2.79032E-01
  4.5583333333E+00  4.5625000000E+00  7.53617E-02  2.90554E-01
  4.5625000000E+00  4.5666666667E+00  7.53559E-02  2.85815E-01
  4.5666666667E+00  4.5708333333E+00  7.52707E-02  2.93924E-01
  4.5708333333E+00  4.5750000000E+00  7.51114E-02  2.86878E-01
  4.5750000000E+00  4.5791666667E+00  7.51526E-02  2.93915E-01
  4.5791666667E+00  4.5833333333E+00  7.52078E-02  2.99959E-01
  4.5833333333E+00  4.5875000000E+00  7.49383E-02  2.90240E-01
  4.5875000000E+00  4.5916666667E+00  7.50930E-02  2.99016E-01
  4.5916666667E+00  4.5958333333E+00  7.48756E-02  2.91557E-01
  4.5958333333E+00  4.6000000000E+00  7.47954E-02  2.85695E-01
  4.6000000000E+00  4.6041666667E+00  7.48156E-02  2.90453E-01
  4.6041666667E+00  4.6083333333E+00  7.49166E-02  2.91988E-01
  4.6083333333E+00  4.6125000000E+00  7.50594E-02  2.95655E-01
  4.6125000000E+00  4.6166666667E+00  7.48524E-02  2.89056E-01
  4.6166666667E+00  4.6208333333E+00  7.48761E-02  2.93315E-01
  4.6208333333E+00  4.6250000000E+00  7.48873E-02  2.93589E-01
  4.6250000000E+00  4.6291666667E+00  7.51492E-02  2.95252E-01
  4.6291666667E+00  4.6333333333E+00  7.50657E-02  3.07411E-01
  4.6333333333E+00  4.6375000000E+00  7.48342E-02  2.98724E-01
  4.6375000000E+00  4.6416666667E+00  7.46423E-02  2.95380E-01
  4.6416666667E+00  4.6458333333E+00  7.48039E-02  3.03504E-01
  4.6458333333E+00  4.6500000000E+00  7.46340E-02  2.98198E-01
  4.6500000000E+00  4.6541666667E+00  7.47671E-02  3.01344E-01
  4.6541666667E+00  4.6583333333E+00  7.47769E-02  3.04896E-01
  4.6583333333E+00  4.6625000000E+00  7.46525E-02  2.98514E-01
  4.6625000000E+00  4.6666666667E+00  7.44892E-02  2.93853E-01
  4.6666666667E+00  4.6708333333E+00  7.45732E-02  3.03540E-01
  4.6708333333E+00  4.6750000000E+00  7.45558E-02  3.00086E-01
  4.6750000000E+00  4.6791666667E+00  7.45811E-02  3.01775E-01
  4.6791666667E+00  4.6833333333E+00  7.46270E-02  3.04369E-01
  4.6833333333E+00  4.6875000000E+00  7.44678E-02  3.00218E-01
  4.6875000000E+00  4.6916666667E+00  7.45092E-02  3.06000E-01
  4.6916666667E+00  4.6958333333E+00  7.44062E-02  2.97711E-01
  4.6958333333E+00  4.7000000000E+00  7.43525E-02  2.99610E-01
  4.7000000000E+00  4.7041666667E+00  7.43799E-02  3.00757E-01
  4.7041666667E+00  4.7083333333E+00  7.45048E-02  3.05187E-01
  4.7083333333E+00  4.7125000000E+00  7.44125E-02  3.08238E-01
  4.7125000000E+00  4.7166666667E+00  7.43922E-02  3.05131E-01
  4.7166666667E+00  4.7208333333E+00  7.42551E-02  3.01523E-01
  4.7208333333E+00  4.7250000000E+00  7.43695E-02  3.09199E-01
  4.7250000000E+00  4.7291666667E+00  7.42622E-02  3.02422E-01
  4.7291666667E+00  4.7333333333E+00  7.43691E-02  3.06783E-01
  4.7333333333E+00  4.7375000000E+00  7.45109E-02  3.17445E-01
  4.7375000000E+00  4.7416666667E+00  7.43949E-02  3.12255E-01
  4.7416666667E+00  4.7458333333E+00  7.44061E-02  3.04707E-01
  4.7458333333E+00  4.7500000000E+00  7.44246E-02  3.10684E-01
  4.7500000000E+00  4.7541666667E+00  7.42630E-02  3.11144E-01
  4.7541666667E+00  4.7583333333E+00  7.41819E-02  3.06036E-01
  4.7583333333E+00  4.7625000000E+00  7.43089E-02  3.14745E-01
  4.7625000000E+00  4.7666666667E+00  7.42921E-02  3.05794E-01
  4.7666666667E+00  4.7708333333E+00  7.42990E-02  3.00917E-01
  4.7708333333E+00  4.7750000000E+00  7.43310E-02  3.03259E-01
  4.7750000000E+00  4.7791666667E+00  7.44396E-02  3.13165E-01
  4.7791666667E+00  4.7833333333E+00  7.44971E-02  3.14301E-01
  4.7833333333E+00  4.7875000000E+00  7.43304E-02  3.08912E-01
  4.7875000000E+00  4.7916666667E+00  7.42132E-02  3.09867E-01
  4.7916666667E+00  4.7958333333E+00  7.41980E-02  3.11220E-01
  4.7958333333E+00  4.8000000000E+00  7.41688E-02  3.10772E-01
  4.8000000000E+00  4.8041666667E+00  7.40641E-02  3.12953E-01
  4.8041666667E+00  4.8083333333E+00  7.41423E-02  3.14410E-01
  4.8083333333E+00  4.8125000000E+00  7.39558E-02  3.14291E-01
  4.8125000000E+00  4.8166666667E+00  7.39663E-02  3.09496E-01
  4.8166666667E+00  4.8208333333E+00  7.41302E-02  3.13351E-01
  4.8208333333E+00  4.8250000000E+00  7.42306E-02  3.16379E-01
  4.8250000000E+00  4.8291666667E+00  7.42373E-02  3.24222E-01
  4.8291666667E+00  4.8333333333E+00  7.40756E-02  3.13977E-01
  4.8333333333E+00  4.8375000000E+00  7.42442E-02  3.16152E-01
  4.8375000000E+00  4.8416666667E+00  7.42261E-02  3.12752E-01
  4.8416666667E+00  4.8458333333E+00  7.43351E-02  3.22728E-01
  4.8458333333E+00  4.8500000000E+00  7.43459E-02  3.23388E-01
  4.8500000000E+00  4.8541666667E+00  7.42353E-02  3.20029E-01
  4.8541666667E+00  4.8583333333E+00  7.43316E-02  3.28872E-01
  4.8583333333E+00  4.8625000000E+00  7.44445E-02  3.32910E-01
  4.8625000000E+00  4.8666666667E+00  7.44634E-02  3.33049E-01
  4.8666666667E+00  4.8708333333E+00  7.43738E-02  3.29949E-01
  4.8708333333E+00  4.8750000000E+00  7.43596E-02  3.23324E-01
  4.8750000000E+00  4.8791666667E+00  7.43290E-02  3.23022E-01
  4.8791666667E+00  4.8833333333E+00  7.42927E-02  3.28972E-01
  4.8833333333E+00  4.8875000000E+00  7.41700E-02  3.28273E-01
  4.8875000000E+00  4.8916666667E+00  7.41261E-02  3.22566E-01
  4.8916666667E+00  4.8958333333E+00  7.42246E-02  3.26297E-01
  4.8958333333E+00  4.9000000000E+00  7.42147E-02  3.32437E-01
  4.9000000000E+00  4.9041666667E+00  7.40393E-02  3.27900E-01
  4.9041666667E+00  4.9083333333E+00  7.41637E-02  3.33993E-01
  4.9083333333E+00  4.9125000000E+00  7.40752E-02  3.30338E-01
  4.9125000000E+00  4.9166666667E+00  7.40842E-02  3.29680E-01
  4.9166666667E+00  4.9208333333E+00  7.43949E-02  3.39171E-01
  4.9208333333E+00  4.9250000000E+00  7.42291E-02  3.33232E-01
  4.9250000000E+00  4.9291666667E+00  7.41698E-02  3.39659E-01
  4.9291666667E+00  4.9333333333E+00  7.44020E-02  3.35687E-01
  4.9333333333E+00  4.9375000000E+00  7.44834E-02  3.36538E-01
  4.9375000000E+00  4.9416666667E+00  7.47905E-02  3.40409E-01
  4.9416666667E+00  4.9458333333E+00  7.47279E-02  3.43013E-01
  4.9458333333E+00  4.9500000000E+00  7.49812E-02  3.44276E-01
  4.9500000000E+00  4.9541666667E+00  7.50009E-02  3.37544E-01
  4.9541666667E+00  4.9583333333E+00  7.50469E-02  3.37643E-01
  4.9583333333E+00  4.9625000000E+00  7.52296E-02  3.45794E-01
  4.9625000000E+00  4.9666666667E+00  7.52282E-02  3.48387E-01
  4.9666666667E+00  4.9708333333E+00  7.51671E-02  3.44294E-01
  4.9708333333E+00  4.9750000000E+00  7.52246E-02  3.50434E-01
  4.9750000000E+00  4.9791666667E+00  7.51224E-02  3.48473E-01
  4.9791666667E+00  4.9833333333E+00  7.53445E-02  3.55955E-01
  4.9833333333E+00  4.9875000000E+00  7.53310E-02  3.52922E-01
  4.9875000000E+00  4.9916666667E+00  7.53513E-02  3.60241E-01
  4.9916666667E+00  4.9958333333E+00  7.53643E-02  3.56278E-01
  4.9958333333E+00  5.0000000000E+00  7.57040E-02  3.70555E-01
  5.0000000000E+00  5.0041666667E+00  7.54151E-02  3.67116E-01
  5.0041666667E+00  5.0083333333E+00  7.53717E-02  3.71068E-01
  5.0083333333E+00  5.0125000000E+00  7.51265E-02  3.62558E-01
  5.0125000000E+00  5.0166666667E+00  7.51986E-02  3.66740E-01
  5.0166666667E+00  5.0208333333E+00  7.51947E-02  3.70203E-01
  5.0208333333E+00  5.0250000000E+00  7.48086E-02  3.66716E-01
  5.0250000000E+00  5.0291666667E+00  7.49648E-02  3.75072E-01
  5.0291666667E+00  5.0333333333E+00  7.48092E-02  3.74421E-01
  5.0333333333E+00  5.0375000000E+00  7.46979E-02  3.74619E-01
  5.0375000000E+00  5.0416666667E+00  7.44527E-02  3.82452E-01
  5.0416666667E+00  5.0458333333E+00  7.42668E-02  3.84141E-01
  5.0458333333E+00  5.0500000000E+00  7.39944E-02  3.87069E-01
  5.0500000000E+00  5.0541666667E+00  7.37345E-02  3.92344E-01
  5.0541666667E+00  5.0583333333E+00  7.33939E-02  3.93474E-01
  5.0583333333E+00  5.0625000000E+00  7.31418E-02  3.96900E-01
  5.0625000000E+00  5.0666666667E+00  7.27379E-02  3.98351E-01
  5.0666666667E+00  5.0708333333E+00  7.22923E-02  4.04246E-01
  5.0708333333E+00  5.0750000000E+00  7.16880E-02  4.10541E-01
  5.0750000000E+00  5.0791666667E+00  7.05367E-02  4.11472E-01
  5.0791666667E+00  5.0833333333E+00  6.99483E-02  4.19220E-01
  5.0833333333E+00  5.0875000000E+00  6.93827E-02  4.20825E-01
  5.0875000000E+00  5.0916666667E+00  6.87706E-02  4.28228E-01
  5.0916666667E+00  5.0958333333E+00  6.79301E-02  4.29016E-01
  5.0958333333E+00  5.1000000000E+00  6.70267E-02  4.35569E-01
  5.1000000000E+00  5.1041666667E+00  6.61675E-02  4.42143E-01
  5.1041666667E+00  5.1083333333E+00  6.51066E-02  4.47511E-01
  5.1083333333E+00  5.1125000000E+00  6.43130E-02  4.55955E-01
  5.1125000000E+00  5.1166666667E+00  6.33693E-02  4.61997E-01
  5.1166666667E+00  5.1208333333E+00  6.21675E-02  4.70260E-01
  5.1208333333E+00  5.1250000000E+00  6.07104E-02  4.78213E-01
  5.1250000000E+00  5.1291666667E+00  5.94627E-02  4.84300E-01
  5.1291666667E+00  5.1333333333E+00  5.82938E-02  4.95044E-01
  5.1333333333E+00  5.1375000000E+00  5.68866E-02  5.04709E-01
  5.1375000000E+00  5.1416666667E+00  5.53012E-02  5.13786E-01
  5.1416666667E+00  5.1458333333E+00  5.41035E-02  5.27038E-01
  5.1458333333E+00  5.1500000000E+00  5.26383E-02  5.36170E-01
  5.1500000000E+00  5.1541666667E+00  5.08641E-02  5.49278E-01
  5.1541666667E+00  5.1583333333E+00  4.90089E-02  5.67512E-01
  5.1583333333E+00  5.1625000000E+00  4.74847E-02  5.76143E-01
  5.1625000000E+00  5.1666666667E+00  4.57890E-02  5.93962E-01
  5.1666666667E+00  5.1708333333E+00  4.37882E-02  6.13542E-01
  5.1708333333E+00  5.1750000000E+00  4.18162E-02  6.29538E-01
  5.1750000000E+00  5.1791666667E+00  3.97212E-02  6.48845E-01
  5.1791666667E+00  5.1833333333E+00  3.76832E-02  6.72276E-01
  5.1833333333E+00  5.1875000000E+00  3.55345E-02  6.98732E-01
  5.1875000000E+00  5.1916666667E+00  3.32807E-02  7.21489E-01
  5.1916666667E+00  5.1958333333E+00  3.11115E-02  7.51236E-01
  5.1958333333E+00  5.2000000000E+00  2.89827E-02  7.81303E-01
  5.2000000000E+00  5.2041666667E+00  2.67212E-02  8.14503E-01
  5.2041666667E+00  5.2083333333E+00  2.49700E-02  8.55473E-01
  5.2083333333E+00  5.2125000000E+00  2.30014E-02  8.92427E-01
  5.2125000000E+00  5.2166666667E+00  2.09242E-02  9.38709E-01
  5.2166666667E+00  5.2208333333E+00  1.93326E-02  9.83607E-01
  5.2208333333E+00  5.2250000000E+00  1.77361E-02  1.03798E+00
  5.2250000000E+00  5.2291666667E+00  1.61037E-02  1.09488E+00
  5.2291666667E+00  5.2333333333E+00  1.44717E-02  1.15885E+00
  5.2333333333E+00  5.2375000000E+00  1.29161E-02  1.23044E+00
  5.2375000000E+00  5.2416666667E+00  1.15216E-02  1.30774E+00
  5.2416666667E+00  5.2458333333E+00  1.04467E-02  1.39528E+00
  5.2458333333E+00  5.2500000000E+00  9.11077E-03  1.49226E+00
  5.2500000000E+00  5.2541666667E+00  7.97582E-03  1.59490E+00
  5.2541666667E+00  5.2583333333E+00  6.93108E-03  1.73449E+00
  5.2583333333E+00  5.2625000000E+00  5.98965E-03  1.87342E+00
  5.2625000000E+00  5.2666666667E+00  5.08489E-03  2.02407E+00
  5.2666666667E+00  5.2708333333E+00  4.39764E-03  2.19056E+00
  5.2708333333E+00  5.2750000000E+00  3.80020E-03  2.39018E+00
  5.2750000000E+00  5.2791666667E+00  3.13704E-03  2.62271E+00
  5.2791666667E+00  5.2833333333E+00  2.61324E-03  2.86070E+00
  5.2833333333E+00  5.2875000000E+00  2.17509E-03  3.09915E+00
  5.2875000000E+00  5.2916666667E+00  1.88796E-03  3.39774E+00
  5.2916666667E+00  5.2958333333E+00  1.58225E-03  3.74151E+00
  5.2958333333E+00  5.3000000000E+00  1.30570E-03  4.15634E+00
  5.3000000000E+00  5.3041666667E+00  1.06188E-03  4.63491E+00
  5.3041666667E+00  5.3083333333E+00  8.34328E-04  5.11535E+00
  5.3083333333E+00  5.3125000000E+00  6.86310E-04  5.79023E+00
  5.3125000000E+00  5.3166666667E+00  5.36243E-04  6.49992E+00
  5.3166666667E+00  5.3208333333E+00  3.97994E-04  7.47203E+00
  5.3208333333E+00  5.3250000000E+00  3.12131E-04  8.08984E+00
  5.3250000000E+00  5.3291666667E+00  2.76306E-04  8.78125E+00
  5.3291666667E+00  5.3333333333E+00  2.26782E-04  9.76188E+00
  5.3333333333E+00  5.3375000000E+00  1.81044E-04  1.08191E+01
  5.3375000000E+00  5.3416666667E+00  1.44233E-04  1.17860E+01
  5.3416666667E+00  5.3458333333E+00  1.18643E-04  1.28422E+01
  5.3458333333E+00  5.3500000000E+00  1.09962E-04  1.39687E+01
  5.3500000000E+00  5.3541666667E+00  7.67855E-05  1.40266E+01
  5.3541666667E+00  5.3583333333E+00  6.50866E-05  1.57084E+01
  5.3583333333E+00  5.3625000000E+00  6.27823E-05  1.65085E+01
  5.3625000000E+00  5.3666666667E+00  6.56598E-05  1.72815E+01
  5.3666666667E+00  5.3708333333E+00  5.58583E-05  1.70866E+01
  5.3708333333E+00  5.3750000000E+00  5.22124E-05  1.85197E+01
  5.3750000000E+00  5.3791666667E+00  3.71460E-05  1.82161E+01
  5.3791666667E+00  5.3833333333E+00  3.52736E-05  1.83409E+01
  5.3833333333E+00  5.3875000000E+00  3.95077E-05  1.93827E+01
  5.3875000000E+00  5.3916666667E+00  3.53209E-05  1.96801E+01
  5.3916666667E+00  5.3958333333E+00  3.27624E-05  1.80611E+01
  5.3958333333E+00  5.4000000000E+00  3.12768E-05  2.01509E+01
  5.4000000000E+00  5.4041666667E+00  3.10784E-05  1.81226E+01
  5.4041666667E+00  5.4083333333E+00  2.76558E-05  1.95970E+01
  5.4083333333E+00  5.4125000000E+00  2.97409E-05  2.00091E+01
  5.4125000000E+00  5.4166666667E+00  2.86232E-05  1.90915E+01
  5.4166666667E+00  5.4208333333E+00  2.64576E-05  1.88031E+01
  5.4208333333E+00  5.4250000000E+00  2.95505E-05  2.18490E+01
  5.4250000000E+00  5.4291666667E+00  2.70435E-05  1.95766E+01
  5.4291666667E+00  5.4333333333E+00  2.90695E-05  2.04122E+01
  5.4333333333E+00  5.4375000000E+00  3.41504E-05  2.10197E+01
  5.4375000000E+00  5.4416666667E+00  2.91454E-05  2.17373E+01
  5.4416666667E+00  5.4458333333E+00  2.94822E-05  1.95227E+01
  5.4458333333E+00  5.4500000000E+00  2.96645E-05  2.08498E+01
  5.4500000000E+00  5.4541666667E+00  3.18567E-05  2.26774E+01
  5.4541666667E+00  5.4583333333E+00  3.50604E-05  2.27324E+01
  5.4583333333E+00  5.4625000000E+00  2.73322E-05  2.26328E+01
  5.4625000000E+00  5.4666666667E+00  2.44119E-05  2.45629E+01
  5.4666666667E+00  5.4708333333E+00  2.44467E-05  2.61853E+01
  5.4708333333E+00  5.4750000000E+00  2.45863E-05  2.68171E+01
  5.4750000000E+00  5.4791666667E+00  2.03326E-05  2.49953E+01
  5.4791666667E+00  5.4833333333E+00  2.26589E-05  2.88191E+01
  5.4833333333E+00  5.4875000000E+00  2.03244E-05  2.58743E+01
  5.4875000000E+00  5.4916666667E+00  1.67349E-05  2.73760E+01
  5.4916666667E+00  5.4958333333E+00  1.86190E-05  3.03507E+01
  5.4958333333E+00  5.5000000000E+00  1.72482E-05  3.15738E+01
  5.5000000000E+00  5.5041666667E+00  1.73374E-05  3.39876E+01
  5.5041666667E+00  5.5083333333E+00  1.05410E-05  3.71284E+01
  5.5083333333E+00  5.5125000000E+00  1.26080E-05  4.03559E+01
  5.5125000000E+00  5.5166666667E+00  1.20319E-05  3.51433E+01
  5.5166666667E+00  5.5208333333E+00  1.21378E-05  3.71219E+01
  5.5208333333E+00  5.5250000000E+00  8.13954E-06  3.51518E+01
  5.5250000000E+00  5.5291666667E+00  8.67801E-06  4.24073E+01
  5.5291666667E+00  5.5333333333E+00  1.08205E-05  4.57786E+01
  5.5333333333E+00  5.5375000000E+00  9.23151E-06  5.31068E+01
  5.5375000000E+00  5.5416666667E+00  5.43771E-06  4.75682E+01
  5.5416666667E+00  5.5458333333E+00  6.37868E-06  5.34707E+01
  5.5458333333E+00  5.5500000000E+00  6.13510E-06  5.09973E+01
  5.5500000000E+00  5.5541666667E+00  3.84291E-06  5.22108E+01
  5.5541666667E+00  5.5583333333E+00  4.06285E-06  5.23045E+01
  5.5583333333E+00  5.5625000000E+00  4.39162E-06  5.40027E+01
  5.5625000000E+00  5.5666666667E+00  5.21345E-06  4.62501E+01
  5.5666666667E+00  5.5708333333E+00  7.05804E-06  6.22160E+01
  5.5708333333E+00  5.5750000000E+00  3.92385E-06  5.43364E+01
  5.5750000000E+00  5.5791666667E+00  3.53441E-06  6.21140E+01
  5.5791666667E+00  5.5833333333E+00  4.35073E-06  6.37565E+01
  5.5833333333E+00  5.5875000000E+00  5.64388E-06  5.34491E+01
  5.5875000000E+00  5.5916666667E+00  5.02183E-06  5.73000E+01
  5.5916666667E+00  5.5958333333E+00  3.85452E-06  7.42883E+01
  5.5958333333E+00  5.6000000000E+00  5.85664E-07  1.00000E+02
  5.6000000000E+00  5.6041666667E+00  5.85664E-07  6.89042E+01
  5.6041666667E+00  5.6083333333E+00  5.85664E-07  1.00000E+02
  5.6083333333E+00  5.6125000000E+00  5.85664E-07  1.00000E+02
  5.6125000000E+00  5.6166666667E+00  5.92370E-07  7.62357E+01
  5.6166666667E+00  5.6208333333E+00  6.16714E-07  9.04767E+01
  5.6208333333E+00  5.6250000000E+00  6.16714E-07  1.00000E+02
  5.6250000000E+00  5.6291666667E+00  6.16714E-07  1.00000E+02
  5.6291666667E+00  5.6333333333E+00  6.16714E-07  7.11785E+01
  5.6333333333E+00  5.6375000000E+00  6.16714E-07  9.57548E+01
  5.6375000000E+00  5.6416666667E+00  6.25917E-07  1.00000E+02
  5.6416666667E+00  5.6458333333E+00  6.27358E-07  1.00000E+02
  5.6458333333E+00  5.6500000000E+00  6.27358E-07  9.13591E+01
  5.6500000000E+00  5.6541666667E+00  6.27358E-07  8.91366E+01
  5.6541666667E+00  5.6583333333E+00  6.89350E-07  1.00000E+02
  5.6583333333E+00  5.6625000000E+00  7.60847E-07  7.20681E+01
  5.6625000000E+00  5.6666666667E+00  7.60847E-07  1.00000E+02
  5.6666666667E+00  5.6708333333E+00  7.60847E-07  7.59173E+01
  5.6708333333E+00  5.6750000000E+00  8.30097E-07  9.34124E+01
  5.6750000000E+00  5.6791666667E+00  8.47364E-07  1.00000E+02
  5.6791666667E+00  5.6833333333E+00  8.47364E-07  1.00000E+02
  5.6833333333E+00  5.6875000000E+00  8.98931E-07  7.59475E+01
  5.6875000000E+00  5.6916666667E+00  9.10819E-07  8.23855E+01
  5.6916666667E+00  5.6958333333E+00  9.36537E-07  1.00000E+02
  5.6958333333E+00  5.7000000000E+00  9.82356E-07  1.00000E+02
  5.7000000000E+00  5.7041666667E+00  9.75325E-07  6.54048E+01
  5.7041666667E+00  5.7083333333E+00  9.61275E-07  1.00000E+02
  5.7083333333E+00  5.7125000000E+00  1.12933E-06  1.00000E+02
  5.7125000000E+00  5.7166666667E+00  1.21467E-06  1.00000E+02
  5.7166666667E+00  5.7208333333E+00  1.22800E-06  7.78044E+01
  5.7208333333E+00  5.7250000000E+00  1.33493E-06  1.00000E+02
  5.7250000000E+00  5.7291666667E+00  1.51238E-06  1.00000E+02
  5.7291666667E+00  5.7333333333E+00  1.68371E-06  8.89352E+01
  5.7333333333E+00  5.7375000000E+00  2.12997E-06  1.00000E+02
  5.7375000000E+00  5.7416666667E+00  3.07021E-06  8.20609E+01
  5.7416666667E+00  5.7458333333E+00  2.49875E-06  1.00000E+02
  5.7458333333E+00  5.7500000000E+00  0.00000E+00  0.00000E+00
  5.7500000000E+00  5.7541666667E+00  1.70044E-13  7.66454E+01
  5.7541666667E+00  5.7583333333E+00  0.00000E+00  0.00000E+00
  5.7583333333E+00  5.7625000000E+00  0.00000E+00  0.00000E+00
  5.7625000000E+00  5.7666666667E+00  0.00000E+00  0.00000E+00
  5.7666666667E+00  5.7708333333E+00  0.00000E+00  0.00000E+00
  5.7708333333E+00  5.7750000000E+00  0.00000E+00  0.00000E+00
  5.7750000000E+00  5.7791666667E+00  0.00000E+00  0.00000E+00
  5.7791666667E+00  5.7833333333E+00  1.72581E-13  1.00000E+02
  5.7833333333E+00  5.7875000000E+00  0.00000E+00  0.00000E+00
  5.7875000000E+00  5.7916666667E+00  0.00000E+00  0.00000E+00
  5.7916666667E+00  5.7958333333E+00  0.00000E+00  0.00000E+00
  5.7958333333E+00  5.8000000000E+00  0.00000E+00  0.00000E+00
  5.8000000000E+00  5.8041666667E+00  0.00000E+00  0.00000E+00
  5.8041666667E+00  5.8083333333E+00  0.00000E+00  0.00000E+00
  5.8083333333E+00  5.8125000000E+00  0.00000E+00  0.00000E+00
  5.8125000000E+00  5.8166666667E+00  0.00000E+00  0.00000E+00
  5.8166666667E+00  5.8208333333E+00  6.70986E-06  1.00000E+02
  5.8208333333E+00  5.8250000000E+00  0.00000E+00  0.00000E+00
  5.8250000000E+00  5.8291666667E+00  0.00000E+00  0.00000E+00
  5.8291666667E+00  5.8333333333E+00  0.00000E+00  0.00000E+00
  5.8333333333E+00  5.8375000000E+00  0.00000E+00  0.00000E+00
  5.8375000000E+00  5.8416666667E+00  0.00000E+00  0.00000E+00
  5.8416666667E+00  5.8458333333E+00  0.00000E+00  0.00000E+00
  5.8458333333E+00  5.8500000000E+00  0.00000E+00  0.00000E+00
  5.8500000000E+00  5.8541666667E+00  0.00000E+00  0.00000E+00
  5.8541666667E+00  5.8583333333E+00  8.91625E-14  1.00000E+02
  5.8583333333E+00  5.8625000000E+00  0.00000E+00  0.00000E+00
  5.8625000000E+00  5.8666666667E+00  0.00000E+00  0.00000E+00
  5.8666666667E+00  5.8708333333E+00  0.00000E+00  0.00000E+00
  5.8708333333E+00  5.8750000000E+00  0.00000E+00  0.00000E+00
  5.8750000000E+00  5.8791666667E+00  0.00000E+00  0.00000E+00
  5.8791666667E+00  5.8833333333E+00  0.00000E+00  0.00000E+00
  5.8833333333E+00  5.8875000000E+00  0.00000E+00  0.00000E+00
  5.8875000000E+00  5.8916666667E+00  0.00000E+00  0.00000E+00
  5.8916666667E+00  5.8958333333E+00  0.00000E+00  0.00000E+00
  5.8958333333E+00  5.9000000000E+00  0.00000E+00  0.00000E+00
  5.9000000000E+00  5.9041666667E+00  0.00000E+00  0.00000E+00
  5.9041666667E+00  5.9083333333E+00  0.00000E+00  0.00000E+00
  5.9083333333E+00  5.9125000000E+00  0.00000E+00  0.00000E+00
  5.9125000000E+00  5.9166666667E+00  0.00000E+00  0.00000E+00
  5.9166666667E+00  5.9208333333E+00  0.00000E+00  0.00000E+00
  5.9208333333E+00  5.9250000000E+00  0.00000E+00  0.00000E+00
  5.9250000000E+00  5.9291666667E+00  0.00000E+00  0.00000E+00
  5.9291666667E+00  5.9333333333E+00  0.00000E+00  0.00000E+00
  5.9333333333E+00  5.9375000000E+00  0.00000E+00  0.00000E+00
  5.9375000000E+00  5.9416666667E+00  0.00000E+00  0.00000E+00
  5.9416666667E+00  5.9458333333E+00  0.00000E+00  0.00000E+00
  5.9458333333E+00  5.9500000000E+00  0.00000E+00  0.00000E+00
  5.9500000000E+00  5.9541666667E+00  0.00000E+00  0.00000E+00
  5.9541666667E+00  5.9583333333E+00  0.00000E+00  0.00000E+00
  5.9583333333E+00  5.9625000000E+00  0.00000E+00  0.00000E+00
  5.9625000000E+00  5.9666666667E+00  0.00000E+00  0.00000E+00
  5.9666666667E+00  5.9708333333E+00  0.00000E+00  0.00000E+00
  5.9708333333E+00  5.9750000000E+00  0.00000E+00  0.00000E+00
  5.9750000000E+00  5.9791666667E+00  0.00000E+00  0.00000E+00
  5.9791666667E+00  5.9833333333E+00  0.00000E+00  0.00000E+00
  5.9833333333E+00  5.9875000000E+00  0.00000E+00  0.00000E+00
  5.9875000000E+00  5.9916666667E+00  0.00000E+00  0.00000E+00
  5.9916666667E+00  5.9958333333E+00  0.00000E+00  0.00000E+00
  5.9958333333E+00  6.0000000000E+00  0.00000E+00  0.00000E+00
  6.0000000000E+00  6.0000000000E+00  0.00000E+00  0.00000E+00