# Detector n: 1D Projection
  2.0000000000E+00  2.0041666667E+00  3.83654E-02  2.99598E-01
  2.0041666667E+00  2.0083333333E+00  3.86370E-02  3.76369E-01
  2.0083333333E+00  2.0125000000E+00  3.85588E-02  3.38290E-01
  2.0125000000E+00  2.0166666667E+00  3.87797E-02  3.90933E-01
  2.0166666667E+00  2.0208333333E+00  3.85855E-02  3.28463E-01
  2.0208333333E+00  2.0250000000E+00  3.86345E-02  3.56445E-01
  2.0250000000E+00  2.0291666667E+00  3.85575E-02  3.31608E-01
  2.0291666667E+00  2.0333333333E+00  3.86474E-02  3.49007E-01
  2.0333333333E+00  2.0375000000E+00  3.86705E-02  3.40681E-01
  2.0375000000E+00  2.0416666667E+00  3.87150E-02  3.04250E-01
  2.0416666667E+00  2.0458333333E+00  3.87454E-02  3.27499E-01
  2.0458333333E+00  2.0500000000E+00  3.90864E-02  4.30934E-01
  2.0500000000E+00  2.0541666667E+00  3.86471E-02  3.44202E-01
  2.0541666667E+00  2.0583333333E+00  3.86169E-02  2.99253E-01
  2.0583333333E+00  2.0625000000E+00  3.87231E-02  3.76876E-01
  2.0625000000E+00  2.0666666667E+00  3.86386E-02  3.32147E-01
  2.0666666667E+00  2.0708333333E+00  3.86617E-02  3.25084E-01
  2.0708333333E+00  2.0750000000E+00  3.88189E-02  3.44612E-01
  2.0750000000E+00  2.0791666667E+00  3.88431E-02  3.18327E-01
  2.0791666667E+00  2.0833333333E+00  3.91025E-02  3.70903E-01
  2.0833333333E+00  2.0875000000E+00  3.89033E-02  3.00447E-01
  2.0875000000E+00  2.0916666667E+00  3.89548E-02  2.67639E-01
  2.0916666667E+00  2.0958333333E+00  3.92771E-02  3.80671E-01
  2.0958333333E+00  2.1000000000E+00  3.91439E-02  2.81248E-01
  2.1000000000E+00  2.1041666667E+00  3.93995E-02  4.03959E-01
  2.1041666667E+00  2.1083333333E+00  3.90814E-02  2.99538E-01
  2.1083333333E+00  2.1125000000E+00  3.93301E-02  3.23468E-01
  2.1125000000E+00  2.1166666667E+00  3.94345E-02  3.65688E-01
  2.1166666667E+00  2.1208333333E+00  3.92682E-02  3.13187E-01
  2.1208333333E+00  2.1250000000E+00  3.94420E-02  3.28096E-01
  2.1250000000E+00  2.1291666667E+00  3.95415E-02  3.70901E-01
  2.1291666667E+00  2.1333333333E+00  3.95791E-02  3.83761E-01
  2.1333333333E+00  2.1375000000E+00  3.94025E-02  3.46631E-01
  2.1375000000E+00  2.1416666667E+00  3.91988E-02  3.10479E-01
  2.1416666667E+00  2.1458333333E+00  3.93398E-02  3.27295E-01
  2.1458333333E+00  2.1500000000E+00  3.94952E-02  3.40918E-01
  2.1500000000E+00  2.1541666667E+00  3.96266E-02  3.72951E-01
  2.1541666667E+00  2.1583333333E+00  3.91860E-02  2.82598E-01
  2.1583333333E+00  2.1625000000E+00  3.93359E-02  3.19455E-01
  2.1625000000E+00  2.1666666667E+00  3.94102E-02  3.26855E-01
  2.1666666667E+00  2.1708333333E+00  3.95193E-02  3.65571E-01
  2.1708333333E+00  2.1750000000E+00  3.93728E-02  3.32694E-01
  2.1750000000E+00  2.1791666667E+00  3.94281E-02  3.50345E-01
  2.1791666667E+00  2.1833333333E+00  3.94478E-02  3.59964E-01
  2.1833333333E+00  2.1875000000E+00  3.95285E-02  3.78144E-01
  2.1875000000E+00  2.1916666667E+00  3.96124E-02  3.33554E-01
  2.1916666667E+00  2.1958333333E+00  3.95589E-02  3.30827E-01
  2.1958333333E+00  2.2000000000E+00  3.96019E-02  3.26098E-01
  2.2000000000E+00  2.2041666667E+00  3.95025E-02  3.36940E-01
  2.2041666667E+00  2.2083333333E+00  3.93875E-02  2.77726E-01
  2.2083333333E+00  2.2125000000E+00  3.94819E-02  2.94043E-01
  2.2125000000E+00  2.2166666667E+00  3.95367E-02  3.36755E-01
  2.2166666667E+00  2.2208333333E+00  3.95421E-02  3.05859E-01
  2.2208333333E+00  2.2250000000E+00  3.97731E-02  3.67415E-01
  2.2250000000E+00  2.2291666667E+00  3.96079E-02  3.27570E-01
  2.2291666667E+00  2.2333333333E+00  3.97142E-02  3.24027E-01
  2.2333333333E+00  2.2375000000E+00  3.97557E-02  3.33846E-01
  2.2375000000E+00  2.2416666667E+00  3.99566E-02  3.40096E-01
  2.2416666667E+00  2.2458333333E+00  4.00354E-02  3.54290E-01
  2.2458333333E+00  2.2500000000E+00  4.00106E-02  3.35440E-01
  2.2500000000E+00  2.2541666667E+00  3.99104E-02  3.25995E-01
  2.2541666667E+00  2.2583333333E+00  3.99696E-02  3.06126E-01
  2.2583333333E+00  2.2625000000E+00  3.98046E-02  2.61476E-01
  2.2625000000E+00  2.2666666667E+00  3.98448E-02  2.67147E-01
  2.2666666667E+00  2.2708333333E+00  3.99422E-02  3.23734E-01
  2.2708333333E+00  2.2750000000E+00  4.00151E-02  3.21985E-01
  2.2750000000E+00  2.2791666667E+00  4.01171E-02  3.25346E-01
  2.2791666667E+00  2.2833333333E+00  4.03240E-02  3.93399E-01
  2.2833333333E+00  2.2875000000E+00  3.99408E-02  2.97285E-01
  2.2875000000E+00  2.2916666667E+00  4.01741E-02  3.23489E-01
  2.2916666667E+00  2.2958333333E+00  4.02909E-02  3.49605E-01
  2.2958333333E+00  2.3000000000E+00  4.03217E-02  3.72162E-01
  2.3000000000E+00  2.3041666667E+00  4.01811E-02  3.21902E-01
  2.3041666667E+00  2.3083333333E+00  4.03825E-02  3.74279E-01
  2.3083333333E+00  2.3125000000E+00  4.01268E-02  3.24004E-01
  2.3125000000E+00  2.3166666667E+00  4.03918E-02  3.84630E-01
  2.3166666667E+00  2.3208333333E+00  4.03167E-02  3.65742E-01
  2.3208333333E+00  2.3250000000E+00  4.02784E-02  3.72770E-01
  2.3250000000E+00  2.3291666667E+00  4.02423E-02  3.31238E-01
  2.3291666667E+00  2.3333333333E+00  4.04229E-02  3.78277E-01
  2.3333333333E+00  2.3375000000E+00  4.03029E-02  3.35501E-01
  2.3375000000E+00  2.3416666667E+00  4.01473E-02  3.34365E-01
  2.3416666667E+00  2.3458333333E+00  4.02647E-02  3.47547E-01
  2.3458333333E+00  2.3500000000E+00  4.01037E-02  2.89418E-01
  2.3500000000E+00  2.3541666667E+00  4.02213E-02  3.00953E-01
  2.3541666667E+00  2.3583333333E+00  4.03295E-02  3.20859E-01
  2.3583333333E+00  2.3625000000E+00  4.03651E-02  3.62691E-01
  2.3625000000E+00  2.3666666667E+00  4.00055E-02  2.65323E-01
  2.3666666667E+00  2.3708333333E+00  4.02797E-02  3.34121E-01
  2.3708333333E+00  2.3750000000E+00  4.02752E-02  3.10778E-01
  2.3750000000E+00  2.3791666667E+00  4.00823E-02  2.78170E-01
  2.3791666667E+00  2.3833333333E+00  4.01932E-02  3.44392E-01
  2.3833333333E+00  2.3875000000E+00  4.02878E-02  3.28843E-01
  2.3875000000E+00  2.3916666667E+00  4.04821E-02  3.98438E-01
  2.3916666667E+00  2.3958333333E+00  4.03230E-02  3.25478E-01
  2.3958333333E+00  2.4000000000E+00  4.02247E-02  3.08340E-01
  2.4000000000E+00  2.4041666667E+00  4.03909E-02  3.55721E-01
  2.4041666667E+00  2.4083333333E+00  4.04716E-02  3.55446E-01
  2.4083333333E+00  2.4125000000E+00  4.04494E-02  3.81976E-01
  2.4125000000E+00  2.4166666667E+00  4.05982E-02  3.75873E-01
  2.4166666667E+00  2.4208333333E+00  4.02764E-02  3.08547E-01
  2.4208333333E+00  2.4250000000E+00  4.02196E-02  2.91428E-01
  2.4250000000E+00  2.4291666667E+00  4.03589E-02  3.08821E-01
  2.4291666667E+00  2.4333333333E+00  4.04484E-02  3.23649E-01
  2.4333333333E+00  2.4375000000E+00  4.05783E-02  3.57254E-01
  2.4375000000E+00  2.4416666667E+00  4.06428E-02  3.68488E-01
  2.4416666667E+00  2.4458333333E+00  4.05306E-02  4.13370E-01
  2.4458333333E+00  2.4500000000E+00  4.04250E-02  3.10280E-01
  2.4500000000E+00  2.4541666667E+00  4.05498E-02  3.26092E-01
  2.4541666667E+00  2.4583333333E+00  4.04349E-02  3.49256E-01
  2.4583333333E+00  2.4625000000E+00  4.04932E-02  3.29387E-01
  2.4625000000E+00  2.4666666667E+00  4.05586E-02  3.73322E-01
  2.4666666667E+00  2.4708333333E+00  4.06583E-02  3.70294E-01
  2.4708333333E+00  2.4750000000E+00  4.06923E-02  3.44250E-01
  2.4750000000E+00  2.4791666667E+00  4.05377E-02  3.39967E-01
  2.4791666667E+00  2.4833333333E+00  4.08240E-02  4.22138E-01
  2.4833333333E+00  2.4875000000E+00  4.05279E-02  3.42222E-01
  2.4875000000E+00  2.4916666667E+00  4.10488E-02  4.14431E-01
  2.4916666667E+00  2.4958333333E+00  4.06360E-02  3.33486E-01
  2.4958333333E+00  2.5000000000E+00  4.05433E-02  3.11104E-01
  2.5000000000E+00  2.5041666667E+00  4.07503E-02  3.66485E-01
  2.5041666667E+00  2.5083333333E+00  4.05874E-02  2.89538E-01
  2.5083333333E+00  2.5125000000E+00  4.06969E-02  3.37240E-01
  2.5125000000E+00  2.5166666667E+00  4.08797E-02  3.72937E-01
  2.5166666667E+00  2.5208333333E+00  4.06006E-02  2.98682E-01
  2.5208333333E+00  2.5250000000E+00  4.08880E-02  3.40647E-01
  2.5250000000E+00  2.5291666667E+00  4.07059E-02  3.14773E-01
  2.5291666667E+00  2.5333333333E+00  4.09138E-02  3.68280E-01
  2.5333333333E+00  2.5375000000E+00  4.08659E-02  3.63816E-01
  2.5375000000E+00  2.5416666667E+00  4.06465E-02  2.71910E-01
  2.5416666667E+00  2.5458333333E+00  4.08362E-02  3.49995E-01
  2.5458333333E+00  2.5500000000E+00  4.06484E-02  2.56890E-01
  2.5500000000E+00  2.5541666667E+00  4.08858E-02  3.16974E-01
  2.5541666667E+00  2.5583333333E+00  4.09128E-02  3.44922E-01
  2.5583333333E+00  2.5625000000E+00  4.10962E-02  3.49122E-01
  2.5625000000E+00  2.5666666667E+00  4.10649E-02  3.40079E-01
  2.5666666667E+00  2.5708333333E+00  4.09732E-02  3.11741E-01
  2.5708333333E+00  2.5750000000E+00  4.10594E-02  3.32044E-01
  2.5750000000E+00  2.5791666667E+00  4.10104E-02  2.87086E-01
  2.5791666667E+00  2.5833333333E+00  4.14114E-02  3.92559E-01
  2.5833333333E+00  2.5875000000E+00  4.10426E-02  2.76139E-01
  2.5875000000E+00  2.5916666667E+00  4.11783E-02  3.06821E-01
  2.5916666667E+00  2.5958333333E+00  4.13138E-02  3.32461E-01
  2.5958333333E+00  2.6000000000E+00  4.12673E-02  3.48119E-01
  2.6000000000E+00  2.6041666667E+00  4.12050E-02  3.00955E-01
  2.6041666667E+00  2.6083333333E+00  4.13097E-02  3.24236E-01
  2.6083333333E+00  2.6125000000E+00  4.10248E-02  2.63485E-01
  2.6125000000E+00  2.6166666667E+00  4.13737E-02  3.35366E-01
  2.6166666667E+00  2.6208333333E+00  4.13699E-02  3.49797E-01
  2.6208333333E+00  2.6250000000E+00  4.12872E-02  3.07557E-01
  2.6250000000E+00  2.6291666667E+00  4.15160E-02  3.63161E-01
  2.6291666667E+00  2.6333333333E+00  4.13053E-02  3.28114E-01
  2.6333333333E+00  2.6375000000E+00  4.13938E-02  3.82411E-01
  2.6375000000E+00  2.6416666667E+00  4.12486E-02  3.09539E-01
  2.6416666667E+00  2.6458333333E+00  4.12635E-02  3.61787E-01
  2.6458333333E+00  2.6500000000E+00  4.14109E-02  3.27914E-01
  2.6500000000E+00  2.6541666667E+00  4.12110E-02  2.82927E-01
  2.6541666667E+00  2.6583333333E+00  4.12183E-02  2.91643E-01
  2.6583333333E+00  2.6625000000E+00  4.17386E-02  3.85687E-01
  2.6625000000E+00  2.6666666667E+00  4.13815E-02  2.98218E-01
  2.6666666667E+00  2.6708333333E+00  4.13530E-02  2.75413E-01
  2.6708333333E+00  2.6750000000E+00  4.15522E-02  3.32895E-01
  2.6750000000E+00  2.6791666667E+00  4.17994E-02  3.73935E-01
  2.6791666667E+00  2.6833333333E+00  4.15195E-02  3.29893E-01
  2.6833333333E+00  2.6875000000E+00  4.15337E-02  3.09032E-01
  2.6875000000E+00  2.6916666667E+00  4.15062E-02  3.00858E-01
  2.6916666667E+00  2.6958333333E+00  4.14494E-02  3.21260E-01
  2.6958333333E+00  2.7000000000E+00  4.14729E-02  2.95559E-01
  2.7000000000E+00  2.7041666667E+00  4.17809E-02  3.71307E-01
  2.7041666667E+00  2.7083333333E+00  4.14771E-02  2.86700E-01
  2.7083333333E+00  2.7125000000E+00  4.14015E-02  3.00441E-01
  2.7125000000E+00  2.7166666667E+00  4.17165E-02  3.40232E-01
  2.7166666667E+00  2.7208333333E+00  4.15603E-02  3.24288E-01
  2.7208333333E+00  2.7250000000E+00  4.14053E-02  2.80039E-01
  2.7250000000E+00  2.7291666667E+00  4.14874E-02  3.31694E-01
  2.7291666667E+00  2.7333333333E+00  4.15293E-02  2.98462E-01
  2.7333333333E+00  2.7375000000E+00  4.14568E-02  2.98345E-01
  2.7375000000E+00  2.7416666667E+00  4.16729E-02  3.29331E-01
  2.7416666667E+00  2.7458333333E+00  4.15364E-02  2.80611E-01
  2.7458333333E+00  2.7500000000E+00  4.15990E-02  2.92548E-01
  2.7500000000E+00  2.7541666667E+00  4.17286E-02  3.44506E-01
  2.7541666667E+00  2.7583333333E+00  4.16122E-02  2.99194E-01
  2.7583333333E+00  2.7625000000E+00  4.15636E-02  2.95360E-01
  2.7625000000E+00  2.7666666667E+00  4.18631E-02  3.55476E-01
  2.7666666667E+00  2.7708333333E+00  4.19828E-02  4.01012E-01
  2.7708333333E+00  2.7750000000E+00  4.15412E-02  2.95690E-01
  2.7750000000E+00  2.7791666667E+00  4.17098E-02  3.08910E-01
  2.7791666667E+00  2.7833333333E+00  4.18626E-02  3.42895E-01
  2.7833333333E+00  2.7875000000E+00  4.20439E-02  3.61369E-01
  2.7875000000E+00  2.7916666667E+00  4.18676E-02  3.05511E-01
  2.7916666667E+00  2.7958333333E+00  4.17501E-02  3.00813E-01
  2.7958333333E+00  2.8000000000E+00  4.18330E-02  3.16050E-01
  2.8000000000E+00  2.8041666667E+00  4.19559E-02  3.41539E-01
  2.8041666667E+00  2.8083333333E+00  4.17471E-02  2.76121E-01
  2.8083333333E+00  2.8125000000E+00  4.19434E-02  3.37258E-01
  2.8125000000E+00  2.8166666667E+00  4.18074E-02  3.26466E-01
  2.8166666667E+00  2.8208333333E+00  4.20554E-02  3.24514E-01
  2.8208333333E+00  2.8250000000E+00  4.18876E-02  2.91331E-01
  2.8250000000E+00  2.8291666667E+00  4.20687E-02  3.21878E-01
  2.8291666667E+00  2.8333333333E+00  4.19095E-02  2.82948E-01
  2.8333333333E+00  2.8375000000E+00  4.19635E-02  3.14161E-01
  2.8375000000E+00  2.8416666667E+00  4.20867E-02  3.35289E-01
  2.8416666667E+00  2.8458333333E+00  4.22711E-02  3.60372E-01
  2.8458333333E+00  2.8500000000E+00  4.21950E-02  3.35944E-01
  2.8500000000E+00  2.8541666667E+00  4.20859E-02  3.28487E-01
  2.8541666667E+00  2.8583333333E+00  4.21667E-02  3.41488E-01
  2.8583333333E+00  2.8625000000E+00  4.21689E-02  3.19960E-01
  2.8625000000E+00  2.8666666667E+00  4.20672E-02  2.87405E-01
  2.8666666667E+00  2.8708333333E+00  4.21254E-02  3.28654E-01
  2.8708333333E+00  2.8750000000E+00  4.20251E-02  2.91633E-01
  2.8750000000E+00  2.8791666667E+00  4.22755E-02  3.21393E-01
  2.8791666667E+00  2.8833333333E+00  4.24284E-02  3.52632E-01
  2.8833333333E+00  2.8875000000E+00  4.23814E-02  3.33285E-01
  2.8875000000E+00  2.8916666667E+00  4.22266E-02  3.02227E-01
  2.8916666667E+00  2.8958333333E+00  4.22983E-02  3.17399E-01
  2.8958333333E+00  2.9000000000E+00  4.23271E-02  3.51496E-01
  2.9000000000E+00  2.9041666667E+00  4.21231E-02  2.72997E-01
  2.9041666667E+00  2.9083333333E+00  4.21120E-02  2.75321E-01
  2.9083333333E+00  2.9125000000E+00  4.25535E-02  3.58343E-01
  2.9125000000E+00  2.9166666667E+00  4.24614E-02  2.98439E-01
  2.9166666667E+00  2.9208333333E+00  4.25607E-02  3.75686E-01
  2.9208333333E+00  2.9250000000E+00  4.26597E-02  3.54358E-01
  2.9250000000E+00  2.9291666667E+00  4.25676E-02  3.63515E-01
  2.9291666667E+00  2.9333333333E+00  4.24574E-02  3.37576E-01
  2.9333333333E+00  2.9375000000E+00  4.26193E-02  3.64134E-01
  2.9375000000E+00  2.9416666667E+00  4.24780E-02  3.18625E-01
  2.9416666667E+00  2.9458333333E+00  4.25235E-02  3.22411E-01
  2.9458333333E+00  2.9500000000E+00  4.24102E-02  3.10709E-01
  2.9500000000E+00  2.9541666667E+00  4.25470E-02  3.50072E-01
  2.9541666667E+00  2.9583333333E+00  4.23513E-02  2.88205E-01
  2.9583333333E+00  2.9625000000E+00  4.24596E-02  3.12275E-01
  2.9625000000E+00  2.9666666667E+00  4.25929E-02  2.96221E-01
  2.9666666667E+00  2.9708333333E+00  4.26053E-02  3.42509E-01
  2.9708333333E+00  2.9750000000E+00  4.27197E-02  3.46416E-01
  2.9750000000E+00  2.9791666667E+00  4.23857E-02  2.67675E-01
  2.9791666667E+00  2.9833333333E+00  4.23811E-02  2.67260E-01
  2.9833333333E+00  2.9875000000E+00  4.27006E-02  3.40984E-01
  2.9875000000E+00  2.9916666667E+00  4.23875E-02  2.57171E-01
  2.9916666667E+00  2.9958333333E+00  4.25284E-02  3.22967E-01
  2.9958333333E+00  3.0000000000E+00  4.24454E-02  2.44804E-01
  3.0000000000E+00  3.0041666667E+00  4.25215E-02  2.87754E-01
  3.0041666667E+00  3.0083333333E+00  4.25738E-02  2.76887E-01
  3.0083333333E+00  3.0125000000E+00  4.28475E-02  3.51174E-01
  3.0125000000E+00  3.0166666667E+00  4.28549E-02  3.36586E-01
  3.0166666667E+00  3.0208333333E+00  4.27968E-02  3.08656E-01
  3.0208333333E+00  3.0250000000E+00  4.28898E-02  3.31378E-01
  3.0250000000E+00  3.0291666667E+00  4.27734E-02  2.91174E-01
  3.0291666667E+00  3.0333333333E+00  4.30359E-02  3.60308E-01
  3.0333333333E+00  3.0375000000E+00  4.27874E-02  2.95123E-01
  3.0375000000E+00  3.0416666667E+00  4.30382E-02  3.70007E-01
  3.0416666667E+00  3.0458333333E+00  4.30281E-02  3.34085E-01
  3.0458333333E+00  3.0500000000E+00  4.29337E-02  3.18191E-01
  3.0500000000E+00  3.0541666667E+00  4.27760E-02  2.88477E-01
  3.0541666667E+00  3.0583333333E+00  4.30147E-02  3.35382E-01
  3.0583333333E+00  3.0625000000E+00  4.31872E-02  3.52041E-01
  3.0625000000E+00  3.0666666667E+00  4.29630E-02  2.97700E-01
  3.0666666667E+00  3.0708333333E+00  4.31990E-02  3.49334E-01
  3.0708333333E+00  3.0750000000E+00  4.30428E-02  3.32270E-01
  3.0750000000E+00  3.0791666667E+00  4.30120E-02  3.07675E-01
  3.0791666667E+00  3.0833333333E+00  4.33313E-02  3.78818E-01
  3.0833333333E+00  3.0875000000E+00  4.32198E-02  3.12028E-01
  3.0875000000E+00  3.0916666667E+00  4.30386E-02  3.04414E-01
  3.0916666667E+00  3.0958333333E+00  4.33902E-02  3.72776E-01
  3.0958333333E+00  3.1000000000E+00  4.32642E-02  3.55714E-01
  3.1000000000E+00  3.1041666667E+00  4.31457E-02  3.10080E-01
  3.1041666667E+00  3.1083333333E+00  4.31654E-02  2.90610E-01
  3.1083333333E+00  3.1125000000E+00  4.33142E-02  3.12530E-01
  3.1125000000E+00  3.1166666667E+00  4.32903E-02  3.42376E-01
  3.1166666667E+00  3.1208333333E+00  4.31470E-02  2.74043E-01
  3.1208333333E+00  3.1250000000E+00  4.32171E-02  2.82127E-01
  3.1250000000E+00  3.1291666667E+00  4.34412E-02  3.72786E-01
  3.1291666667E+00  3.1333333333E+00  4.33511E-02  3.17442E-01
  3.1333333333E+00  3.1375000000E+00  4.33942E-02  3.26749E-01
  3.1375000000E+00  3.1416666667E+00  4.34446E-02  3.17355E-01
  3.1416666667E+00  3.1458333333E+00  4.33491E-02  2.90365E-01
  3.1458333333E+00  3.1500000000E+00  4.34532E-02  3.12036E-01
  3.1500000000E+00  3.1541666667E+00  4.35865E-02  3.58576E-01
  3.1541666667E+00  3.1583333333E+00  4.35012E-02  3.17113E-01
  3.1583333333E+00  3.1625000000E+00  4.34373E-02  3.09772E-01
  3.1625000000E+00  3.1666666667E+00  4.36076E-02  3.18763E-01
  3.1666666667E+00  3.1708333333E+00  4.36413E-02  3.36020E-01
  3.1708333333E+00  3.1750000000E+00  4.36325E-02  3.25409E-01
  3.1750000000E+00  3.1791666667E+00  4.35595E-02  3.17734E-01
  3.1791666667E+00  3.1833333333E+00  4.34583E-02  2.87056E-01
  3.1833333333E+00  3.1875000000E+00  4.35417E-02  2.78713E-01
  3.1875000000E+00  3.1916666667E+00  4.35145E-02  2.78979E-01
  3.1916666667E+00  3.1958333333E+00  4.36172E-02  2.92388E-01
  3.1958333333E+00  3.2000000000E+00  4.38916E-02  3.65369E-01
  3.2000000000E+00  3.2041666667E+00  4.37826E-02  3.16662E-01
  3.2041666667E+00  3.2083333333E+00  4.35997E-02  2.73697E-01
  3.2083333333E+00  3.2125000000E+00  4.36067E-02  2.88640E-01
  3.2125000000E+00  3.2166666667E+00  4.36964E-02  3.06854E-01
  3.2166666667E+00  3.2208333333E+00  4.36400E-02  2.84055E-01
  3.2208333333E+00  3.2250000000E+00  4.36885E-02  2.88830E-01
  3.2250000000E+00  3.2291666667E+00  4.35970E-02  2.68106E-01
  3.2291666667E+00  3.2333333333E+00  4.39057E-02  3.47676E-01
  3.2333333333E+00  3.2375000000E+00  4.37990E-02  2.78337E-01
  3.2375000000E+00  3.2416666667E+00  4.40005E-02  3.32699E-01
  3.2416666667E+00  3.2458333333E+00  4.39141E-02  3.73173E-01
  3.2458333333E+00  3.2500000000E+00  4.38934E-02  3.18381E-01
  3.2500000000E+00  3.2541666667E+00  4.42382E-02  3.42356E-01
  3.2541666667E+00  3.2583333333E+00  4.40365E-02  3.09342E-01
  3.2583333333E+00  3.2625000000E+00  4.40820E-02  3.15903E-01
  3.2625000000E+00  3.2666666667E+00  4.39359E-02  2.82697E-01
  3.2666666667E+00  3.2708333333E+00  4.41122E-02  3.39517E-01
  3.2708333333E+00  3.2750000000E+00  4.40684E-02  3.21984E-01
  3.2750000000E+00  3.2791666667E+00  4.40012E-02  2.70617E-01
  3.2791666667E+00  3.2833333333E+00  4.39884E-02  2.77651E-01
  3.2833333333E+00  3.2875000000E+00  4.43568E-02  3.56838E-01
  3.2875000000E+00  3.2916666667E+00  4.44640E-02  3.64599E-01
  3.2916666667E+00  3.2958333333E+00  4.42715E-02  3.32006E-01
  3.2958333333E+00  3.3000000000E+00  4.41951E-02  3.00429E-01
  3.3000000000E+00  3.3041666667E+00  4.41575E-02  2.85935E-01
  3.3041666667E+00  3.3083333333E+00  4.43275E-02  3.41522E-01
  3.3083333333E+00  3.3125000000E+00  4.42845E-02  3.09787E-01
  3.3125000000E+00  3.3166666667E+00  4.41837E-02  2.71127E-01
  3.3166666667E+00  3.3208333333E+00  4.43790E-02  3.17200E-01
  3.3208333333E+00  3.3250000000E+00  4.44353E-02  3.30439E-01
  3.3250000000E+00  3.3291666667E+00  4.42795E-02  2.94338E-01
  3.3291666667E+00  3.3333333333E+00  4.43861E-02  3.19936E-01
  3.3333333333E+00  3.3375000000E+00  4.41509E-02  2.60348E-01
  3.3375000000E+00  3.3416666667E+00  4.42852E-02  3.06014E-01
  3.3416666667E+00  3.3458333333E+00  4.43053E-02  2.89461E-01
  3.3458333333E+00  3.3500000000E+00  4.44582E-02  2.99030E-01
  3.3500000000E+00  3.3541666667E+00  4.43746E-02  2.76822E-01
  3.3541666667E+00  3.3583333333E+00  4.43700E-02  3.09813E-01
  3.3583333333E+00  3.3625000000E+00  4.44732E-02  2.88394E-01
  3.3625000000E+00  3.3666666667E+00  4.43482E-02  2.61494E-01
  3.3666666667E+00  3.3708333333E+00  4.44792E-02  3.13931E-01
  3.3708333333E+00  3.3750000000E+00  4.44559E-02  2.92862E-01
  3.3750000000E+00  3.3791666667E+00  4.43104E-02  3.02569E-01
  3.3791666667E+00  3.3833333333E+00  4.44758E-02  2.75986E-01
  3.3833333333E+00  3.3875000000E+00  4.46427E-02  3.29859E-01
  3.3875000000E+00  3.3916666667E+00  4.48503E-02  3.41324E-01
  3.3916666667E+00  3.3958333333E+00  4.48794E-02  3.35423E-01
  3.3958333333E+00  3.4000000000E+00  4.48668E-02  3.06749E-01
  3.4000000000E+00  3.4041666667E+00  4.47464E-02  3.03253E-01
  3.4041666667E+00  3.4083333333E+00  4.48205E-02  3.07740E-01
  3.4083333333E+00  3.4125000000E+00  4.46597E-02  2.74162E-01
  3.4125000000E+00  3.4166666667E+00  4.49012E-02  3.30021E-01
  3.4166666667E+00  3.4208333333E+00  4.47448E-02  2.87400E-01
  3.4208333333E+00  3.4250000000E+00  4.49534E-02  3.30448E-01
  3.4250000000E+00  3.4291666667E+00  4.50377E-02  3.44850E-01
  3.4291666667E+00  3.4333333333E+00  4.49421E-02  3.16088E-01
  3.4333333333E+00  3.4375000000E+00  4.47109E-02  2.58592E-01
  3.4375000000E+00  3.4416666667E+00  4.46307E-02  2.52600E-01
  3.4416666667E+00  3.4458333333E+00  4.49504E-02  3.14585E-01
  3.4458333333E+00  3.4500000000E+00  4.49726E-02  2.89852E-01
  3.4500000000E+00  3.4541666667E+00  4.52020E-02  3.61332E-01
  3.4541666667E+00  3.4583333333E+00  4.53506E-02  3.54924E-01
  3.4583333333E+00  3.4625000000E+00  4.51267E-02  3.37941E-01
  3.4625000000E+00  3.4666666667E+00  4.50153E-02  2.88656E-01
  3.4666666667E+00  3.4708333333E+00  4.50333E-02  3.14869E-01
  3.4708333333E+00  3.4750000000E+00  4.51299E-02  3.11908E-01
  3.4750000000E+00  3.4791666667E+00  4.52406E-02  3.60297E-01
  3.4791666667E+00  3.4833333333E+00  4.52881E-02  3.56415E-01
  3.4833333333E+00  3.4875000000E+00  4.50611E-02  2.92248E-01
  3.4875000000E+00  3.4916666667E+00  4.53593E-02  3.46513E-01
  3.4916666667E+00  3.4958333333E+00  4.50738E-02  2.72825E-01
  3.4958333333E+00  3.5000000000E+00  4.51220E-02  2.76529E-01
  3.5000000000E+00  3.5041666667E+00  4.51068E-02  2.86256E-01
  3.5041666667E+00  3.5083333333E+00  4.52749E-02  2.88994E-01
  3.5083333333E+00  3.5125000000E+00  4.52800E-02  3.09633E-01
  3.5125000000E+00  3.5166666667E+00  4.51183E-02  2.74309E-01
  3.5166666667E+00  3.5208333333E+00  4.53031E-02  3.01613E-01
  3.5208333333E+00  3.5250000000E+00  4.53830E-02  3.19495E-01
  3.5250000000E+00  3.5291666667E+00  4.51850E-02  2.78068E-01
  3.5291666667E+00  3.5333333333E+00  4.54868E-02  3.38724E-01
  3.5333333333E+00  3.5375000000E+00  4.53919E-02  2.98792E-01
  3.5375000000E+00  3.5416666667E+00  4.56204E-02  3.63225E-01
  3.5416666667E+00  3.5458333333E+00  4.52326E-02  2.71605E-01
  3.5458333333E+00  3.5500000000E+00  4.50841E-02  2.53366E-01
  3.5500000000E+00  3.5541666667E+00  4.51501E-02  2.54213E-01
  3.5541666667E+00  3.5583333333E+00  4.53428E-02  2.94913E-01
  3.5583333333E+00  3.5625000000E+00  4.53760E-02  3.06413E-01
  3.5625000000E+00  3.5666666667E+00  4.53857E-02  2.96823E-01
  3.5666666667E+00  3.5708333333E+00  4.55442E-02  3.29694E-01
  3.5708333333E+00  3.5750000000E+00  4.57803E-02  3.60146E-01
  3.5750000000E+00  3.5791666667E+00  4.53044E-02  2.42324E-01
  3.5791666667E+00  3.5833333333E+00  4.55770E-02  3.18077E-01
  3.5833333333E+00  3.5875000000E+00  4.57190E-02  3.26675E-01
  3.5875000000E+00  3.5916666667E+00  4.56045E-02  2.96744E-01
  3.5916666667E+00  3.5958333333E+00  4.57954E-02  3.45737E-01
  3.5958333333E+00  3.6000000000E+00  4.55589E-02  2.66856E-01
  3.6000000000E+00  3.6041666667E+00  4.55502E-02  2.89165E-01
  3.6041666667E+00  3.6083333333E+00  4.57201E-02  3.20195E-01
  3.6083333333E+00  3.6125000000E+00  4.60139E-02  3.21028E-01
  3.6125000000E+00  3.6166666667E+00  4.58017E-02  3.08352E-01
  3.6166666667E+00  3.6208333333E+00  4.57840E-02  2.87561E-01
  3.6208333333E+00  3.6250000000E+00  4.55213E-02  2.34431E-01
  3.6250000000E+00  3.6291666667E+00  4.58249E-02  2.83853E-01
  3.6291666667E+00  3.6333333333E+00  4.59594E-02  2.79540E-01
  3.6333333333E+00  3.6375000000E+00  4.62358E-02  3.55819E-01
  3.6375000000E+00  3.6416666667E+00  4.62436E-02  3.37484E-01
  3.6416666667E+00  3.6458333333E+00  4.58793E-02  2.93221E-01
  3.6458333333E+00  3.6500000000E+00  4.57767E-02  2.80318E-01
  3.6500000000E+00  3.6541666667E+00  4.58680E-02  2.80413E-01
  3.6541666667E+00  3.6583333333E+00  4.60200E-02  3.10227E-01
  3.6583333333E+00  3.6625000000E+00  4.61356E-02  3.09860E-01
  3.6625000000E+00  3.6666666667E+00  4.61007E-02  3.42547E-01
  3.6666666667E+00  3.6708333333E+00  4.59833E-02  2.67066E-01
  3.6708333333E+00  3.6750000000E+00  4.63260E-02  3.23617E-01
  3.6750000000E+00  3.6791666667E+00  4.62022E-02  2.87603E-01
  3.6791666667E+00  3.6833333333E+00  4.61565E-02  2.91632E-01
  3.6833333333E+00  3.6875000000E+00  4.61131E-02  2.78957E-01
  3.6875000000E+00  3.6916666667E+00  4.59807E-02  2.54294E-01
  3.6916666667E+00  3.6958333333E+00  4.59575E-02  2.46059E-01
  3.6958333333E+00  3.7000000000E+00  4.62734E-02  3.24650E-01
  3.7000000000E+00  3.7041666667E+00  4.64363E-02  3.45895E-01
  3.7041666667E+00  3.7083333333E+00  4.63570E-02  3.10757E-01
  3.7083333333E+00  3.7125000000E+00  4.62846E-02  2.84376E-01
  3.7125000000E+00  3.7166666667E+00  4.62070E-02  2.98064E-01
  3.7166666667E+00  3.7208333333E+00  4.62419E-02  2.81144E-01
  3.7208333333E+00  3.7250000000E+00  4.63193E-02  2.93132E-01
  3.7250000000E+00  3.7291666667E+00  4.64769E-02  3.18743E-01
  3.7291666667E+00  3.7333333333E+00  4.62023E-02  2.54387E-01
  3.7333333333E+00  3.7375000000E+00  4.64568E-02  3.15077E-01
  3.7375000000E+00  3.7416666667E+00  4.66122E-02  3.31590E-01
  3.7416666667E+00  3.7458333333E+00  4.64040E-02  2.78065E-01
  3.7458333333E+00  3.7500000000E+00  4.64705E-02  3.01320E-01
  3.7500000000E+00  3.7541666667E+00  4.65673E-02  2.96693E-01
  3.7541666667E+00  3.7583333333E+00  4.67023E-02  3.34341E-01
  3.7583333333E+00  3.7625000000E+00  4.66288E-02  3.11262E-01
  3.7625000000E+00  3.7666666667E+00  4.66189E-02  2.90920E-01
  3.7666666667E+00  3.7708333333E+00  4.66302E-02  2.99753E-01
  3.7708333333E+00  3.7750000000E+00  4.66630E-02  2.93166E-01
  3.7750000000E+00  3.7791666667E+00  4.66486E-02  2.93958E-01
  3.7791666667E+00  3.7833333333E+00  4.66212E-02  3.02309E-01
  3.7833333333E+00  3.7875000000E+00  4.65321E-02  2.60835E-01
  3.7875000000E+00  3.7916666667E+00  4.66206E-02  2.78947E-01
  3.7916666667E+00  3.7958333333E+00  4.68292E-02  3.08890E-01
  3.7958333333E+00  3.8000000000E+00  4.67039E-02  2.79930E-01
  3.8000000000E+00  3.8041666667E+00  4.68694E-02  3.06212E-01
  3.8041666667E+00  3.8083333333E+00  4.69872E-02  3.20861E-01
  3.8083333333E+00  3.8125000000E+00  4.68837E-02  2.95910E-01
  3.8125000000E+00  3.8166666667E+00  4.72617E-02  3.25869E-01
  3.8166666667E+00  3.8208333333E+00  4.72841E-02  3.37691E-01
  3.8208333333E+00  3.8250000000E+00  4.70997E-02  2.94566E-01
  3.8250000000E+00  3.8291666667E+00  4.69168E-02  2.80266E-01
  3.8291666667E+00  3.8333333333E+00  4.71790E-02  3.23950E-01
  3.8333333333E+00  3.8375000000E+00  4.72357E-02  3.35127E-01
  3.8375000000E+00  3.8416666667E+00  4.72761E-02  3.17663E-01
  3.8416666667E+00  3.8458333333E+00  4.72703E-02  3.28803E-01
  3.8458333333E+00  3.8500000000E+00  4.72015E-02  3.24738E-01
  3.8500000000E+00  3.8541666667E+00  4.71127E-02  2.88725E-01
  3.8541666667E+00  3.8583333333E+00  4.71445E-02  3.11200E-01
  3.8583333333E+00  3.8625000000E+00  4.70669E-02  2.72429E-01
  3.8625000000E+00  3.8666666667E+00  4.71280E-02  2.80829E-01
  3.8666666667E+00  3.8708333333E+00  4.71791E-02  2.80612E-01
  3.8708333333E+00  3.8750000000E+00  4.71743E-02  2.85707E-01
  3.8750000000E+00  3.8791666667E+00  4.73119E-02  2.94711E-01
  3.8791666667E+00  3.8833333333E+00  4.71950E-02  2.73612E-01
  3.8833333333E+00  3.8875000000E+00  4.71429E-02  2.53910E-01
  3.8875000000E+00  3.8916666667E+00  4.74246E-02  3.27086E-01
  3.8916666667E+00  3.8958333333E+00  4.75390E-02  3.42793E-01
  3.8958333333E+00  3.9000000000E+00  4.75660E-02  3.39693E-01
  3.9000000000E+00  3.9041666667E+00  4.74381E-02  2.77891E-01
  3.9041666667E+00  3.9083333333E+00  4.75243E-02  2.97084E-01
  3.9083333333E+00  3.9125000000E+00  4.76592E-02  3.19033E-01
  3.9125000000E+00  3.9166666667E+00  4.76404E-02  3.19107E-01
  3.9166666667E+00  3.9208333333E+00  4.75187E-02  2.77594E-01
  3.9208333333E+00  3.9250000000E+00  4.75549E-02  2.73548E-01
  3.9250000000E+00  3.9291666667E+00  4.76271E-02  2.96683E-01
  3.9291666667E+00  3.9333333333E+00  4.76454E-02  3.01311E-01
  3.9333333333E+00  3.9375000000E+00  4.74740E-02  2.49371E-01
  3.9375000000E+00  3.9416666667E+00  4.77176E-02  2.98738E-01
  3.9416666667E+00  3.9458333333E+00  4.75766E-02  2.63255E-01
  3.9458333333E+00  3.9500000000E+00  4.77085E-02  3.06074E-01
  3.9500000000E+00  3.9541666667E+00  4.77188E-02  2.68192E-01
  3.9541666667E+00  3.9583333333E+00  4.77011E-02  2.57773E-01
  3.9583333333E+00  3.9625000000E+00  4.78733E-02  2.92293E-01
  3.9625000000E+00  3.9666666667E+00  4.78268E-02  3.11056E-01
  3.9666666667E+00  3.9708333333E+00  4.79851E-02  3.00223E-01
  3.9708333333E+00  3.9750000000E+00  4.79945E-02  2.86721E-01
  3.9750000000E+00  3.9791666667E+00  4.79814E-02  2.80985E-01
  3.9791666667E+00  3.9833333333E+00  4.80495E-02  3.23855E-01
  3.9833333333E+00  3.9875000000E+00  4.79380E-02  2.77513E-01
  3.9875000000E+00  3.9916666667E+00  4.81312E-02  2.94651E-01
  3.9916666667E+00  3.9958333333E+00  4.80794E-02  3.05995E-01
  3.9958333333E+00  4.0000000000E+00  4.82156E-02  3.27656E-01
  4.0000000000E+00  4.0041666667E+00  4.81076E-02  2.91149E-01
  4.0041666667E+00  4.0083333333E+00  4.83174E-02  3.36558E-01
  4.0083333333E+00  4.0125000000E+00  4.82188E-02  2.93929E-01
  4.0125000000E+00  4.0166666667E+00  4.81222E-02  2.57027E-01
  4.0166666667E+00  4.0208333333E+00  4.81621E-02  2.70473E-01
  4.0208333333E+00  4.0250000000E+00  4.81016E-02  2.77525E-01
  4.0250000000E+00  4.0291666667E+00  4.82025E-02  2.72882E-01
  4.0291666667E+00  4.0333333333E+00  4.81556E-02  2.65783E-01
  4.0333333333E+00  4.0375000000E+00  4.83939E-02  3.11096E-01
  4.0375000000E+00  4.0416666667E+00  4.84721E-02  3.15670E-01
  4.0416666667E+00  4.0458333333E+00  4.83701E-02  2.66281E-01
  4.0458333333E+00  4.0500000000E+00  4.83229E-02  2.68152E-01
  4.0500000000E+00  4.0541666667E+00  4.85996E-02  3.27746E-01
  4.0541666667E+00  4.0583333333E+00  4.84220E-02  2.54729E-01
  4.0583333333E+00  4.0625000000E+00  4.87169E-02  2.98162E-01
  4.0625000000E+00  4.0666666667E+00  4.84579E-02  2.63307E-01
  4.0666666667E+00  4.0708333333E+00  4.85324E-02  2.62214E-01
  4.0708333333E+00  4.0750000000E+00  4.88108E-02  3.25221E-01
  4.0750000000E+00  4.0791666667E+00  4.85319E-02  2.72779E-01
  4.0791666667E+00  4.0833333333E+00  4.85556E-02  2.54044E-01
  4.0833333333E+00  4.0875000000E+00  4.85300E-02  2.60749E-01
  4.0875000000E+00  4.0916666667E+00  4.86983E-02  2.89660E-01
  4.0916666667E+00  4.0958333333E+00  4.89004E-02  3.06558E-01
  4.0958333333E+00  4.1000000000E+00  4.86482E-02  2.68584E-01
  4.1000000000E+00  4.1041666667E+00  4.89972E-02  3.27611E-01
  4.1041666667E+00  4.1083333333E+00  4.86836E-02  2.41964E-01
  4.1083333333E+00  4.1125000000E+00  4.87539E-02  2.62846E-01
  4.1125000000E+00  4.1166666667E+00  4.88944E-02  2.65500E-01
  4.1166666667E+00  4.1208333333E+00  4.89205E-02  2.77916E-01
  4.1208333333E+00  4.1250000000E+00  4.93545E-02  3.37317E-01
  4.1250000000E+00  4.1291666667E+00  4.92855E-02  3.10464E-01
  4.1291666667E+00  4.1333333333E+00  4.89942E-02  2.70248E-01
  4.1333333333E+00  4.1375000000E+00  4.89957E-02  2.61951E-01
  4.1375000000E+00  4.1416666667E+00  4.93691E-02  3.53477E-01
  4.1416666667E+00  4.1458333333E+00  4.91316E-02  2.96896E-01
  4.1458333333E+00  4.1500000000E+00  4.95975E-02  3.83086E-01
  4.1500000000E+00  4.1541666667E+00  4.94998E-02  3.28436E-01
  4.1541666667E+00  4.1583333333E+00  4.94783E-02  3.19633E-01
  4.1583333333E+00  4.1625000000E+00  4.92922E-02  2.78394E-01
  4.1625000000E+00  4.1666666667E+00  4.95101E-02  3.17731E-01
  4.1666666667E+00  4.1708333333E+00  4.93412E-02  2.74544E-01
  4.1708333333E+00  4.1750000000E+00  4.94067E-02  2.89804E-01
  4.1750000000E+00  4.1791666667E+00  4.92794E-02  2.66658E-01
  4.1791666667E+00  4.1833333333E+00  4.95638E-02  3.22002E-01
  4.1833333333E+00  4.1875000000E+00  4.93270E-02  2.58747E-01
  4.1875000000E+00  4.1916666667E+00  4.93883E-02  2.39519E-01
  4.1916666667E+00  4.1958333333E+00  4.94739E-02  2.84131E-01
  4.1958333333E+00  4.2000000000E+00  4.95415E-02  2.93391E-01
  4.2000000000E+00  4.2041666667E+00  4.96732E-02  2.92859E-01
  4.2041666667E+00  4.2083333333E+00  4.96487E-02  2.71847E-01
  4.2083333333E+00  4.2125000000E+00  4.97709E-02  2.94804E-01
  4.2125000000E+00  4.2166666667E+00  4.96055E-02  2.49218E-01
  4.2166666667E+00  4.2208333333E+00  4.95935E-02  2.67475E-01
  4.2208333333E+00  4.2250000000E+00  4.96945E-02  2.86946E-01
  4.2250000000E+00  4.2291666667E+00  4.97438E-02  2.72213E-01
  4.2291666667E+00  4.2333333333E+00  4.99670E-02  3.13961E-01
  4.2333333333E+00  4.2375000000E+00  4.97992E-02  2.82502E-01
  4.2375000000E+00  4.2416666667E+00  5.00682E-02  3.18366E-01
  4.2416666667E+00  4.2458333333E+00  4.98700E-02  2.56247E-01
  4.2458333333E+00  4.2500000000E+00  4.99669E-02  2.69589E-01
  4.2500000000E+00  4.2541666667E+00  4.99032E-02  2.75883E-01
  4.2541666667E+00  4.2583333333E+00  4.98547E-02  2.74362E-01
  4.2583333333E+00  4.2625000000E+00  4.99182E-02  2.90206E-01
  4.2625000000E+00  4.2666666667E+00  5.02431E-02  3.21830E-01
  4.2666666667E+00  4.2708333333E+00  5.02811E-02  3.04582E-01
  4.2708333333E+00  4.2750000000E+00  5.03752E-02  3.19919E-01
  4.2750000000E+00  4.2791666667E+00  5.04247E-02  3.06145E-01
  4.2791666667E+00  4.2833333333E+00  5.01426E-02  2.47799E-01
  4.2833333333E+00  4.2875000000E+00  5.02224E-02  2.80340E-01
  4.2875000000E+00  4.2916666667E+00  5.02069E-02  2.66201E-01
  4.2916666667E+00  4.2958333333E+00  5.03043E-02  3.03664E-01
  4.2958333333E+00  4.3000000000E+00  5.03225E-02  2.68749E-01
  4.3000000000E+00  4.3041666667E+00  5.03469E-02  2.72705E-01
  4.3041666667E+00  4.3083333333E+00  5.04414E-02  2.83763E-01
  4.3083333333E+00  4.3125000000E+00  5.04674E-02  2.63978E-01
  4.3125000000E+00  4.3166666667E+00  5.07954E-02  3.01574E-01
  4.3166666667E+00  4.3208333333E+00  5.05610E-02  2.81150E-01
  4.3208333333E+00  4.3250000000E+00  5.06390E-02  3.02925E-01
  4.3250000000E+00  4.3291666667E+00  5.07058E-02  3.00010E-01
  4.3291666667E+00  4.3333333333E+00  5.05953E-02  2.76782E-01
  4.3333333333E+00  4.3375000000E+00  5.07597E-02  2.81605E-01
  4.3375000000E+00  4.3416666667E+00  5.07134E-02  2.78149E-01
  4.3416666667E+00  4.3458333333E+00  5.06094E-02  2.62705E-01
  4.3458333333E+00  4.3500000000E+00  5.07522E-02  2.71500E-01
  4.3500000000E+00  4.3541666667E+00  5.08949E-02  2.82467E-01
  4.3541666667E+00  4.3583333333E+00  5.06063E-02  2.27387E-01
  4.3583333333E+00  4.3625000000E+00  5.10741E-02  3.20612E-01
  4.3625000000E+00  4.3666666667E+00  5.09575E-02  2.91647E-01
  4.3666666667E+00  4.3708333333E+00  5.10978E-02  2.84676E-01
  4.3708333333E+00  4.3750000000E+00  5.11571E-02  2.83962E-01
  4.3750000000E+00  4.3791666667E+00  5.09259E-02  2.56338E-01
  4.3791666667E+00  4.3833333333E+00  5.10406E-02  2.70948E-01
  4.3833333333E+00  4.3875000000E+00  5.11479E-02  2.81916E-01
  4.3875000000E+00  4.3916666667E+00  5.10700E-02  2.63157E-01
  4.3916666667E+00  4.3958333333E+00  5.12014E-02  2.70426E-01
  4.3958333333E+00  4.4000000000E+00  5.12657E-02  2.85165E-01
  4.4000000000E+00  4.4041666667E+00  5.12515E-02  2.76020E-01
  4.4041666667E+00  4.4083333333E+00  5.13102E-02  2.74434E-01
  4.4083333333E+00  4.4125000000E+00  5.13933E-02  2.92231E-01
  4.4125000000E+00  4.4166666667E+00  5.12034E-02  2.62089E-01
  4.4166666667E+00  4.4208333333E+00  5.12773E-02  2.64457E-01
  4.4208333333E+00  4.4250000000E+00  5.13819E-02  2.63220E-01
  4.4250000000E+00  4.4291666667E+00  5.14521E-02  2.63745E-01
  4.4291666667E+00  4.4333333333E+00  5.16751E-02  3.01186E-01
  4.4333333333E+00  4.4375000000E+00  5.15182E-02  2.55590E-01
  4.4375000000E+00  4.4416666667E+00  5.15782E-02  2.78136E-01
  4.4416666667E+00  4.4458333333E+00  5.14869E-02  2.60581E-01
  4.4458333333E+00  4.4500000000E+00  5.16723E-02  2.59002E-01
  4.4500000000E+00  4.4541666667E+00  5.20305E-02  3.01333E-01
  4.4541666667E+00  4.4583333333E+00  5.21324E-02  3.19783E-01
  4.4583333333E+00  4.4625000000E+00  5.19172E-02  2.75464E-01
  4.4625000000E+00  4.4666666667E+00  5.20114E-02  2.99507E-01
  4.4666666667E+00  4.4708333333E+00  5.20449E-02  2.98971E-01
  4.4708333333E+00  4.4750000000E+00  5.20362E-02  2.80867E-01
  4.4750000000E+00  4.4791666667E+00  5.18772E-02  2.47901E-01
  4.4791666667E+00  4.4833333333E+00  5.22214E-02  2.95749E-01
  4.4833333333E+00  4.4875000000E+00  5.22981E-02  3.04819E-01
  4.4875000000E+00  4.4916666667E+00  5.22478E-02  2.89489E-01
  4.4916666667E+00  4.4958333333E+00  5.22014E-02  2.63100E-01
  4.4958333333E+00  4.5000000000E+00  5.22652E-02  2.77232E-01
  4.5000000000E+00  4.5041666667E+00  5.26565E-02  3.31182E-01
  4.5041666667E+00  4.5083333333E+00  5.24046E-02  2.83890E-01
  4.5083333333E+00  4.5125000000E+00  5.26442E-02  3.08806E-01
  4.5125000000E+00  4.5166666667E+00  5.24967E-02  2.77654E-01
  4.5166666667E+00  4.5208333333E+00  5.22719E-02  2.37843E-01
  4.5208333333E+00  4.5250000000E+00  5.25818E-02  2.90407E-01
  4.5250000000E+00  4.5291666667E+00  5.26802E-02  2.73437E-01
  4.5291666667E+00  4.5333333333E+00  5.30656E-02  3.15946E-01
  4.5333333333E+00  4.5375000000E+00  5.32104E-02  3.24184E-01
  4.5375000000E+00  4.5416666667E+00  5.28645E-02  2.79715E-01
  4.5416666667E+00  4.5458333333E+00  5.26658E-02  2.42868E-01
  4.5458333333E+00  4.5500000000E+00  5.28763E-02  2.77498E-01
  4.5500000000E+00  4.5541666667E+00  5.29089E-02  2.79060E-01
  4.5541666667E+00  4.5583333333E+00  5.27959E-02  2.42109E-01
  4.5583333333E+00  4.5625000000E+00  5.29960E-02  2.80101E-01
  4.5625000000E+00  4.5666666667E+00  5.31029E-02  2.77371E-01
  4.5666666667E+00  4.5708333333E+00  5.30344E-02  2.58465E-01
  4.5708333333E+00  4.5750000000E+00  5.33501E-02  3.20552E-01
  4.5750000000E+00  4.5791666667E+00  5.33567E-02  2.84257E-01
  4.5791666667E+00  4.5833333333E+00  5.34226E-02  2.83376E-01
  4.5833333333E+00  4.5875000000E+00  5.34536E-02  2.83790E-01
  4.5875000000E+00  4.5916666667E+00  5.32484E-02  2.32937E-01
  4.5916666667E+00  4.5958333333E+00  5.37761E-02  3.32096E-01
  4.5958333333E+00  4.6000000000E+00  5.36095E-02  2.91666E-01
  4.6000000000E+00  4.6041666667E+00  5.34699E-02  2.60320E-01
  4.6041666667E+00  4.6083333333E+00  5.36562E-02  2.68185E-01
  4.6083333333E+00  4.6125000000E+00  5.37904E-02  2.83605E-01
  4.6125000000E+00  4.6166666667E+00  5.37341E-02  2.62244E-01
  4.6166666667E+00  4.6208333333E+00  5.38131E-02  2.93309E-01
  4.6208333333E+00  4.6250000000E+00  5.37516E-02  2.60741E-01
  4.6250000000E+00  4.6291666667E+00  5.38289E-02  2.67946E-01
  4.6291666667E+00  4.6333333333E+00  5.39455E-02  2.68542E-01
  4.6333333333E+00  4.6375000000E+00  5.36958E-02  2.32814E-01
  4.6375000000E+00  4.6416666667E+00  5.40768E-02  3.05957E-01
  4.6416666667E+00  4.6458333333E+00  5.43471E-02  3.19623E-01
  4.6458333333E+00  4.6500000000E+00  5.40121E-02  2.64003E-01
  4.6500000000E+00  4.6541666667E+00  5.41903E-02  2.68444E-01
  4.6541666667E+00  4.6583333333E+00  5.42423E-02  2.94669E-01
  4.6583333333E+00  4.6625000000E+00  5.43240E-02  2.70170E-01
  4.6625000000E+00  4.6666666667E+00  5.43453E-02  2.67734E-01
  4.6666666667E+00  4.6708333333E+00  5.42808E-02  2.47010E-01
  4.6708333333E+00  4.6750000000E+00  5.46538E-02  3.05580E-01
  4.6750000000E+00  4.6791666667E+00  5.45142E-02  2.62844E-01
  4.6791666667E+00  4.6833333333E+00  5.46371E-02  2.73599E-01
  4.6833333333E+00  4.6875000000E+00  5.45689E-02  2.87732E-01
  4.6875000000E+00  4.6916666667E+00  5.48068E-02  3.05994E-01
  4.6916666667E+00  4.6958333333E+00  5.46407E-02  2.76999E-01
  4.6958333333E+00  4.7000000000E+00  5.47377E-02  2.68710E-01
  4.7000000000E+00  4.7041666667E+00  5.50138E-02  2.76406E-01
  4.7041666667E+00  4.7083333333E+00  5.47688E-02  2.47863E-01
  4.7083333333E+00  4.7125000000E+00  5.48490E-02  2.57995E-01
  4.7125000000E+00  4.7166666667E+00  5.49345E-02  2.50063E-01
  4.7166666667E+00  4.7208333333E+00  5.49927E-02  2.56858E-01
  4.7208333333E+00  4.7250000000E+00  5.54012E-02  2.88172E-01
  4.7250000000E+00  4.7291666667E+00  5.54870E-02  3.10949E-01
  4.7291666667E+00  4.7333333333E+00  5.52060E-02  2.41095E-01
  4.7333333333E+00  4.7375000000E+00  5.54638E-02  2.71815E-01
  4.7375000000E+00  4.7416666667E+00  5.53068E-02  2.30011E-01
  4.7416666667E+00  4.7458333333E+00  5.55863E-02  2.64176E-01
  4.7458333333E+00  4.7500000000E+00  5.55866E-02  2.68891E-01
  4.7500000000E+00  4.7541666667E+00  5.54751E-02  2.38009E-01
  4.7541666667E+00  4.7583333333E+00  5.60124E-02  3.24183E-01
  4.7583333333E+00  4.7625000000E+00  5.58516E-02  2.75310E-01
  4.7625000000E+00  4.7666666667E+00  5.61102E-02  2.91817E-01
  4.7666666667E+00  4.7708333333E+00  5.61228E-02  2.91327E-01
  4.7708333333E+00  4.7750000000E+00  5.58680E-02  2.42408E-01
  4.7750000000E+00  4.7791666667E+00  5.58996E-02  2.46067E-01
  4.7791666667E+00  4.7833333333E+00  5.59341E-02  2.54232E-01
  4.7833333333E+00  4.7875000000E+00  5.62768E-02  2.87808E-01
  4.7875000000E+00  4.7916666667E+00  5.62073E-02  2.56314E-01
  4.7916666667E+00  4.7958333333E+00  5.63735E-02  2.87195E-01
  4.7958333333E+00  4.8000000000E+00  5.64858E-02  2.95161E-01
  4.8000000000E+00  4.8041666667E+00  5.66680E-02  3.04252E-01
  4.8041666667E+00  4.8083333333E+00  5.65810E-02  2.55490E-01
  4.8083333333E+00  4.8125000000E+00  5.67707E-02  2.77647E-01
  4.8125000000E+00  4.8166666667E+00  5.69851E-02  3.07733E-01
  4.8166666667E+00  4.8208333333E+00  5.67432E-02  2.50207E-01
  4.8208333333E+00  4.8250000000E+00  5.67595E-02  2.56963E-01
  4.8250000000E+00  4.8291666667E+00  5.72332E-02  3.10930E-01
  4.8291666667E+00  4.8333333333E+00  5.71342E-02  2.76766E-01
  4.8333333333E+00  4.8375000000E+00  5.71709E-02  2.83017E-01
  4.8375000000E+00  4.8416666667E+00  5.71643E-02  2.69019E-01
  4.8416666667E+00  4.8458333333E+00  5.73739E-02  2.86754E-01
  4.8458333333E+00  4.8500000000E+00  5.74454E-02  2.93359E-01
  4.8500000000E+00  4.8541666667E+00  5.74448E-02  2.66309E-01
  4.8541666667E+00  4.8583333333E+00  5.78048E-02  2.99499E-01
  4.8583333333E+00  4.8625000000E+00  5.76936E-02  2.76531E-01
  4.8625000000E+00  4.8666666667E+00  5.75939E-02  2.55443E-01
  4.8666666667E+00  4.8708333333E+00  5.76850E-02  2.60356E-01
  4.8708333333E+00  4.8750000000E+00  5.79612E-02  2.91794E-01
  4.8750000000E+00  4.8791666667E+00  5.78302E-02  2.60973E-01
  4.8791666667E+00  4.8833333333E+00  5.80158E-02  2.76360E-01
  4.8833333333E+00  4.8875000000E+00  5.80735E-02  2.82905E-01
  4.8875000000E+00  4.8916666667E+00  5.80829E-02  2.69220E-01
  4.8916666667E+00  4.8958333333E+00  5.84503E-02  2.91874E-01
  4.8958333333E+00  4.9000000000E+00  5.83538E-02  2.76057E-01
  4.9000000000E+00  4.9041666667E+00  5.84893E-02  2.86230E-01
  4.9041666667E+00  4.9083333333E+00  5.85165E-02  2.79464E-01
  4.9083333333E+00  4.9125000000E+00  5.84352E-02  2.57658E-01
  4.9125000000E+00  4.9166666667E+00  5.83270E-02  2.41580E-01
  4.9166666667E+00  4.9208333333E+00  5.86530E-02  2.58889E-01
  4.9208333333E+00  4.9250000000E+00  5.90269E-02  3.06085E-01
  4.9250000000E+00  4.9291666667E+00  5.88563E-02  2.70237E-01
  4.9291666667E+00  4.9333333333E+00  5.88459E-02  2.57984E-01
  4.9333333333E+00  4.9375000000E+00  5.91681E-02  2.95416E-01
  4.9375000000E+00  4.9416666667E+00  5.89756E-02  2.35063E-01
  4.9416666667E+00  4.9458333333E+00  5.92938E-02  2.66151E-01
  4.9458333333E+00  4.9500000000E+00  5.95287E-02  2.79049E-01
  4.9500000000E+00  4.9541666667E+00  5.95840E-02  2.77197E-01
  4.9541666667E+00  4.9583333333E+00  5.96323E-02  2.57812E-01
  4.9583333333E+00  4.9625000000E+00  5.97738E-02  2.71733E-01
  4.9625000000E+00  4.9666666667E+00  5.97838E-02  2.68053E-01
  4.9666666667E+00  4.9708333333E+00  5.99914E-02  2.79421E-01
  4.9708333333E+00  4.9750000000E+00  5.99630E-02  2.74026E-01
  4.9750000000E+00  4.9791666667E+00  6.02278E-02  2.78992E-01
  4.9791666667E+00  4.9833333333E+00  6.01879E-02  2.71266E-01
  4.9833333333E+00  4.9875000000E+00  6.01538E-02  2.57839E-01
  4.9875000000E+00  4.9916666667E+00  6.02423E-02  2.59995E-01
  4.9916666667E+00  4.9958333333E+00  6.03673E-02  2.71004E-01
  4.9958333333E+00  5.0000000000E+00  6.04436E-02  2.64268E-01
  5.0000000000E+00  5.0041666667E+00  6.04436E-02  2.49763E-01
  5.0041666667E+00  5.0083333333E+00  6.06292E-02  2.58974E-01
  5.0083333333E+00  5.0125000000E+00  6.08763E-02  2.80205E-01
  5.0125000000E+00  5.0166666667E+00  6.08446E-02  2.61273E-01
  5.0166666667E+00  5.0208333333E+00  6.08853E-02  2.48135E-01
  5.0208333333E+00  5.0250000000E+00  6.13629E-02  2.88918E-01
  5.0250000000E+00  5.0291666667E+00  6.12777E-02  2.68280E-01
  5.0291666667E+00  5.0333333333E+00  6.14034E-02  2.62886E-01
  5.0333333333E+00  5.0375000000E+00  6.14944E-02  2.51706E-01
  5.0375000000E+00  5.0416666667E+00  6.17150E-02  2.74830E-01
  5.0416666667E+00  5.0458333333E+00  6.18693E-02  2.80803E-01
  5.0458333333E+00  5.0500000000E+00  6.18528E-02  2.67914E-01
  5.0500000000E+00  5.0541666667E+00  6.20219E-02  2.75427E-01
  5.0541666667E+00  5.0583333333E+00  6.19834E-02  2.55524E-01
  5.0583333333E+00  5.0625000000E+00  6.23356E-02  2.86964E-01
  5.0625000000E+00  5.0666666667E+00  6.24826E-02  2.63209E-01
  5.0666666667E+00  5.0708333333E+00  6.24209E-02  2.56583E-01
  5.0708333333E+00  5.0750000000E+00  6.26265E-02  2.62161E-01
  5.0750000000E+00  5.0791666667E+00  6.27681E-02  2.58868E-01
  5.0791666667E+00  5.0833333333E+00  6.30125E-02  2.57747E-01
  5.0833333333E+00  5.0875000000E+00  6.33858E-02  2.90820E-01
  5.0875000000E+00  5.0916666667E+00  6.32898E-02  2.69504E-01
  5.0916666667E+00  5.0958333333E+00  6.32068E-02  2.45421E-01
  5.0958333333E+00  5.1000000000E+00  6.34895E-02  2.69169E-01
  5.1000000000E+00  5.1041666667E+00  6.35399E-02  2.51677E-01
  5.1041666667E+00  5.1083333333E+00  6.37050E-02  2.51184E-01
  5.1083333333E+00  5.1125000000E+00  6.40778E-02  2.71387E-01
  5.1125000000E+00  5.1166666667E+00  6.39855E-02  2.45019E-01
  5.1166666667E+00  5.1208333333E+00  6.43446E-02  2.65996E-01
  5.1208333333E+00  5.1250000000E+00  6.46556E-02  2.86266E-01
  5.1250000000E+00  5.1291666667E+00  6.45173E-02  2.45471E-01
  5.1291666667E+00  5.1333333333E+00  6.47083E-02  2.56844E-01
  5.1333333333E+00  5.1375000000E+00  6.50894E-02  2.68096E-01
  5.1375000000E+00  5.1416666667E+00  6.53552E-02  2.82670E-01
  5.1416666667E+00  5.1458333333E+00  6.53887E-02  2.54067E-01
  5.1458333333E+00  5.1500000000E+00  6.55957E-02  2.65254E-01
  5.1500000000E+00  5.1541666667E+00  6.58067E-02  2.62204E-01
  5.1541666667E+00  5.1583333333E+00  6.58931E-02  2.52833E-01
  5.1583333333E+00  5.1625000000E+00  6.62297E-02  2.75486E-01
  5.1625000000E+00  5.1666666667E+00  6.65314E-02  2.81245E-01
  5.1666666667E+00  5.1708333333E+00  6.65524E-02  2.62897E-01
  5.1708333333E+00  5.1750000000E+00  6.67534E-02  2.75632E-01
  5.1750000000E+00  5.1791666667E+00  6.68107E-02  2.66506E-01
  5.1791666667E+00  5.1833333333E+00  6.70113E-02  2.57920E-01
  5.1833333333E+00  5.1875000000E+00  6.71050E-02  2.59011E-01
  5.1875000000E+00  5.1916666667E+00  6.74529E-02  2.71792E-01
  5.1916666667E+00  5.1958333333E+00  6.76520E-02  2.84573E-01
  5.1958333333E+00  5.2000000000E+00  6.76805E-02  2.67083E-01
  5.2000000000E+00  5.2041666667E+00  6.78421E-02  2.69020E-01
  5.2041666667E+00  5.2083333333E+00  6.79615E-02  2.65956E-01
  5.2083333333E+00  5.2125000000E+00  6.80655E-02  2.74339E-01
  5.2125000000E+00  5.2166666667E+00  6.81948E-02  2.72949E-01
  5.2166666667E+00  5.2208333333E+00  6.84117E-02  2.67204E-01
  5.2208333333E+00  5.2250000000E+00  6.86731E-02  2.86921E-01
  5.2250000000E+00  5.2291666667E+00  6.87084E-02  2.75850E-01
  5.2291666667E+00  5.2333333333E+00  6.88676E-02  2.72952E-01
  5.2333333333E+00  5.2375000000E+00  6.90273E-02  2.76559E-01
  5.2375000000E+00  5.2416666667E+00  6.92083E-02  2.72468E-01
  5.2416666667E+00  5.2458333333E+00  6.94515E-02  2.85419E-01
  5.2458333333E+00  5.2500000000E+00  6.93986E-02  2.68931E-01
  5.2500000000E+00  5.2541666667E+00  6.95172E-02  2.91634E-01
  5.2541666667E+00  5.2583333333E+00  6.94795E-02  2.83223E-01
  5.2583333333E+00  5.2625000000E+00  6.98085E-02  2.94591E-01
  5.2625000000E+00  5.2666666667E+00  6.97048E-02  2.78491E-01
  5.2666666667E+00  5.2708333333E+00  6.98938E-02  2.90856E-01
  5.2708333333E+00  5.2750000000E+00  7.00072E-02  2.83753E-01
  5.2750000000E+00  5.2791666667E+00  7.00822E-02  2.95533E-01
  5.2791666667E+00  5.2833333333E+00  6.99109E-02  2.71040E-01
  5.2833333333E+00  5.2875000000E+00  7.01384E-02  2.95458E-01
  5.2875000000E+00  5.2916666667E+00  7.02440E-02  2.81077E-01
  5.2916666667E+00  5.2958333333E+00  7.04098E-02  2.97302E-01
  5.2958333333E+00  5.3000000000E+00  7.01223E-02  2.64815E-01
  5.3000000000E+00  5.3041666667E+00  7.04915E-02  2.86450E-01
  5.3041666667E+00  5.3083333333E+00  7.03706E-02  2.77345E-01
  5.3083333333E+00  5.3125000000E+00  7.04817E-02  2.88432E-01
  5.3125000000E+00  5.3166666667E+00  7.03114E-02  2.80751E-01
  5.3166666667E+00  5.3208333333E+00  7.04220E-02  2.81804E-01
  5.3208333333E+00  5.3250000000E+00  7.02425E-02  2.67200E-01
  5.3250000000E+00  5.3291666667E+00  7.05373E-02  2.83132E-01
  5.3291666667E+00  5.3333333333E+00  7.04073E-02  2.76481E-01
  5.3333333333E+00  5.3375000000E+00  7.04337E-02  2.67999E-01
  5.3375000000E+00  5.3416666667E+00  7.05581E-02  2.79208E-01
  5.3416666667E+00  5.3458333333E+00  7.08145E-02  2.99756E-01
  5.3458333333E+00  5.3500000000E+00  7.05314E-02  2.73063E-01
  5.3500000000E+00  5.3541666667E+00  7.04585E-02  2.75039E-01
  5.3541666667E+00  5.3583333333E+00  7.06511E-02  2.84818E-01
  5.3583333333E+00  5.3625000000E+00  7.07247E-02  2.95676E-01
  5.3625000000E+00  5.3666666667E+00  7.05924E-02  2.87883E-01
  5.3666666667E+00  5.3708333333E+00  7.07576E-02  2.96048E-01
  5.3708333333E+00  5.3750000000E+00  7.05631E-02  2.81892E-01
  5.3750000000E+00  5.3791666667E+00  7.04344E-02  2.75517E-01
  5.3791666667E+00  5.3833333333E+00  7.04396E-02  2.84466E-01
  5.3833333333E+00  5.3875000000E+00  7.04228E-02  2.74808E-01
  5.3875000000E+00  5.3916666667E+00  7.06879E-02  2.83709E-01
  5.3916666667E+00  5.3958333333E+00  7.06390E-02  2.80751E-01
  5.3958333333E+00  5.4000000000E+00  7.07798E-02  2.93405E-01
  5.4000000000E+00  5.4041666667E+00  7.08267E-02  3.06698E-01
  5.4041666667E+00  5.4083333333E+00  7.05947E-02  2.90790E-01
  5.4083333333E+00  5.4125000000E+00  7.04652E-02  2.89493E-01
  5.4125000000E+00  5.4166666667E+00  7.06684E-02  2.89615E-01
  5.4166666667E+00  5.4208333333E+00  7.06872E-02  2.95979E-01
  5.4208333333E+00  5.4250000000E+00  7.05094E-02  2.80791E-01
  5.4250000000E+00  5.4291666667E+00  7.06031E-02  2.90143E-01
  5.4291666667E+00  5.4333333333E+00  7.05259E-02  2.98206E-01
  5.4333333333E+00  5.4375000000E+00  7.04696E-02  2.84655E-01
  5.4375000000E+00  5.4416666667E+00  7.05569E-02  2.84765E-01
  5.4416666667E+00  5.4458333333E+00  7.05578E-02  2.91099E-01
  5.4458333333E+00  5.4500000000E+00  7.02949E-02  2.77815E-01
  5.4500000000E+00  5.4541666667E+00  7.04567E-02  2.97443E-01
  5.4541666667E+00  5.4583333333E+00  7.05070E-02  2.93164E-01
  5.4583333333E+00  5.4625000000E+00  7.04722E-02  2.92194E-01
  5.4625000000E+00  5.4666666667E+00  7.04074E-02  2.92171E-01
  5.4666666667E+00  5.4708333333E+00  7.02611E-02  2.97780E-01
  5.4708333333E+00  5.4750000000E+00  7.01624E-02  2.89837E-01
  5.4750000000E+00  5.4791666667E+00  7.02378E-02  2.86675E-01
  5.4791666667E+00  5.4833333333E+00  7.01014E-02  2.80908E-01
  5.4833333333E+00  5.4875000000E+00  7.02843E-02  2.93685E-01
  5.4875000000E+00  5.4916666667E+00  7.03667E-02  3.04613E-01
  5.4916666667E+00  5.4958333333E+00  7.03015E-02  3.01559E-01
  5.4958333333E+00  5.5000000000E+00  7.00363E-02  2.90759E-01
  5.5000000000E+00  5.5041666667E+00  7.01762E-02  2.90468E-01
  5.5041666667E+00  5.5083333333E+00  7.00498E-02  2.90436E-01
  5.5083333333E+00  5.5125000000E+00  6.99814E-02  2.86505E-01
  5.5125000000E+00  5.5166666667E+00  7.00859E-02  3.03218E-01
  5.5166666667E+00  5.5208333333E+00  6.99017E-02  2.95773E-01
  5.5208333333E+00  5.5250000000E+00  6.98888E-02  2.86144E-01
  5.5250000000E+00  5.5291666667E+00  6.98904E-02  2.88700E-01
  5.5291666667E+00  5.5333333333E+00  7.00346E-02  3.13792E-01
  5.5333333333E+00  5.5375000000E+00  6.99259E-02  2.96214E-01
  5.5375000000E+00  5.5416666667E+00  6.99633E-02  2.99791E-01
  5.5416666667E+00  5.5458333333E+00  7.00027E-02  2.97380E-01
  5.5458333333E+00  5.5500000000E+00  6.99034E-02  2.96919E-01
  5.5500000000E+00  5.5541666667E+00  6.97557E-02  2.90363E-01
  5.5541666667E+00  5.5583333333E+00  6.97439E-02  2.99478E-01
  5.5583333333E+00  5.5625000000E+00  6.97996E-02  2.96831E-01
  5.5625000000E+00  5.5666666667E+00  6.98746E-02  3.03066E-01
  5.5666666667E+00  5.5708333333E+00  6.98154E-02  2.96357E-01
  5.5708333333E+00  5.5750000000E+00  6.98816E-02  3.05097E-01
  5.5750000000E+00  5.5791666667E+00  6.96448E-02  2.94373E-01
  5.5791666667E+00  5.5833333333E+00  6.96576E-02  3.03709E-01
  5.5833333333E+00  5.5875000000E+00  6.97088E-02  2.94796E-01
  5.5875000000E+00  5.5916666667E+00  6.96889E-02  2.97757E-01
  5.5916666667E+00  5.5958333333E+00  6.98585E-02  3.01199E-01
  5.5958333333E+00  5.6000000000E+00  6.95462E-02  2.95316E-01
  5.6000000000E+00  5.6041666667E+00  6.96546E-02  2.99474E-01
  5.6041666667E+00  5.6083333333E+00  6.96162E-02  2.92922E-01
  5.6083333333E+00  5.6125000000E+00  6.97793E-02  3.07713E-01
  5.6125000000E+00  5.6166666667E+00  6.97040E-02  3.01012E-01
  5.6166666667E+00  5.6208333333E+00  6.96130E-02  2.95099E-01
  5.6208333333E+00  5.6250000000E+00  6.97464E-02  3.07107E-01
  5.6250000000E+00  5.6291666667E+00  6.95813E-02  2.98037E-01
  5.6291666667E+00  5.6333333333E+00  6.96780E-02  3.01967E-01
  5.6333333333E+00  5.6375000000E+00  6.95933E-02  3.02016E-01
  5.6375000000E+00  5.6416666667E+00  6.94678E-02  2.84907E-01
  5.6416666667E+00  5.6458333333E+00  6.96466E-02  3.04621E-01
  5.6458333333E+00  5.6500000000E+00  6.98386E-02  3.16397E-01
  5.6500000000E+00  5.6541666667E+00  6.95221E-02  2.94468E-01
  5.6541666667E+00  5.6583333333E+00  6.95406E-02  3.03522E-01
  5.6583333333E+00  5.6625000000E+00  6.93252E-02  2.97635E-01
  5.6625000000E+00  5.6666666667E+00  6.94048E-02  2.95247E-01
  5.6666666667E+00  5.6708333333E+00  6.95259E-02  2.93398E-01
  5.6708333333E+00  5.6750000000E+00  6.96153E-02  3.03879E-01
  5.6750000000E+00  5.6791666667E+00  6.96359E-02  3.05521E-01
  5.6791666667E+00  5.6833333333E+00  6.95138E-02  3.01724E-01
  5.6833333333E+00  5.6875000000E+00  6.96132E-02  3.07359E-01
  5.6875000000E+00  5.6916666667E+00  6.93140E-02  3.01341E-01
  5.6916666667E+00  5.6958333333E+00  6.93597E-02  3.04271E-01
  5.6958333333E+00  5.7000000000E+00  6.93466E-02  3.05918E-01
  5.7000000000E+00  5.7041666667E+00  6.95932E-02  3.19247E-01
  5.7041666667E+00  5.7083333333E+00  6.94368E-02  3.14157E-01
  5.7083333333E+00  5.7125000000E+00  6.94014E-02  3.10165E-01
  5.7125000000E+00  5.7166666667E+00  6.94830E-02  3.12492E-01
  5.7166666667E+00  5.7208333333E+00  6.94876E-02  3.10192E-01
  5.7208333333E+00  5.7250000000E+00  6.94813E-02  3.03970E-01
  5.7250000000E+00  5.7291666667E+00  6.97518E-02  3.28997E-01
  5.7291666667E+00  5.7333333333E+00  6.93640E-02  3.11450E-01
  5.7333333333E+00  5.7375000000E+00  6.92328E-02  3.06171E-01
  5.7375000000E+00  5.7416666667E+00  6.93231E-02  3.12300E-01
  5.7416666667E+00  5.7458333333E+00  6.91842E-02  3.10621E-01
  5.7458333333E+00  5.7500000000E+00  6.92176E-02  3.15730E-01
  5.7500000000E+00  5.7541666667E+00  6.90189E-02  2.96849E-01
  5.7541666667E+00  5.7583333333E+00  6.90977E-02  3.00649E-01
  5.7583333333E+00  5.7625000000E+00  6.92938E-02  3.09961E-01
  5.7625000000E+00  5.7666666667E+00  6.92960E-02  3.12245E-01
  5.7666666667E+00  5.7708333333E+00  6.89486E-02  3.05090E-01
  5.7708333333E+00  5.7750000000E+00  6.92873E-02  3.14646E-01
  5.7750000000E+00  5.7791666667E+00  6.91369E-02  3.08440E-01
  5.7791666667E+00  5.7833333333E+00  6.92692E-02  3.17310E-01
  5.7833333333E+00  5.7875000000E+00  6.91496E-02  3.07566E-01
  5.7875000000E+00  5.7916666667E+00  6.92844E-02  3.19375E-01
  5.7916666667E+00  5.7958333333E+00  6.93279E-02  3.18551E-01
  5.7958333333E+00  5.8000000000E+00  6.92484E-02  3.12151E-01
  5.8000000000E+00  5.8041666667E+00  6.91408E-02  3.06620E-01
  5.8041666667E+00  5.8083333333E+00  6.92381E-02  3.11882E-01
  5.8083333333E+00  5.8125000000E+00  6.92148E-02  3.16730E-01
  5.8125000000E+00  5.8166666667E+00  6.90814E-02  3.06206E-01
  5.8166666667E+00  5.8208333333E+00  6.91656E-02  3.16566E-01
  5.8208333333E+00  5.8250000000E+00  6.92629E-02  3.23564E-01
  5.8250000000E+00  5.8291666667E+00  6.89671E-02  3.09329E-01
  5.8291666667E+00  5.8333333333E+00  6.91471E-02  3.28889E-01
  5.8333333333E+00  5.8375000000E+00  6.90529E-02  3.15179E-01
  5.8375000000E+00  5.8416666667E+00  6.90012E-02  3.13471E-01
  5.8416666667E+00  5.8458333333E+00  6.89976E-02  3.07074E-01
  5.8458333333E+00  5.8500000000E+00  6.90252E-02  3.14346E-01
  5.8500000000E+00  5.8541666667E+00  6.89987E-02  3.11451E-01
  5.8541666667E+00  5.8583333333E+00  6.91755E-02  3.19207E-01
  5.8583333333E+00  5.8625000000E+00  6.91082E-02  3.19413E-01
  5.8625000000E+00  5.8666666667E+00  6.92957E-02  3.22042E-01
  5.8666666667E+00  5.8708333333E+00  6.91883E-02  3.16266E-01
  5.8708333333E+00  5.8750000000E+00  6.92110E-02  3.22472E-01
  5.8750000000E+00  5.8791666667E+00  6.91509E-02  3.17990E-01
  5.8791666667E+00  5.8833333333E+00  6.91575E-02  3.19427E-01
  5.8833333333E+00  5.8875000000E+00  6.92513E-02  3.23690E-01
  5.8875000000E+00  5.8916666667E+00  6.93352E-02  3.27210E-01
  5.8916666667E+00  5.8958333333E+00  6.92265E-02  3.26088E-01
  5.8958333333E+00  5.9000000000E+00  6.91676E-02  3.23894E-01
  5.9000000000E+00  5.9041666667E+00  6.90952E-02  3.20114E-01
  5.9041666667E+00  5.9083333333E+00  6.91389E-02  3.29056E-01
  5.9083333333E+00  5.9125000000E+00  6.92333E-02  3.33954E-01
  5.9125000000E+00  5.9166666667E+00  6.88914E-02  3.18343E-01
  5.9166666667E+00  5.9208333333E+00  6.89535E-02  3.23502E-01
  5.9208333333E+00  5.9250000000E+00  6.90894E-02  3.23627E-01
  5.9250000000E+00  5.9291666667E+00  6.90923E-02  3.24962E-01
  5.9291666667E+00  5.9333333333E+00  6.92031E-02  3.30629E-01
  5.9333333333E+00  5.9375000000E+00  6.91893E-02  3.26661E-01
  5.9375000000E+00  5.9416666667E+00  6.91512E-02  3.24445E-01
  5.9416666667E+00  5.9458333333E+00  6.92404E-02  3.28044E-01
  5.9458333333E+00  5.9500000000E+00  6.94568E-02  3.36768E-01
  5.9500000000E+00  5.9541666667E+00  6.93891E-02  3.42445E-01
  5.9541666667E+00  5.9583333333E+00  6.93288E-02  3.32454E-01
  5.9583333333E+00  5.9625000000E+00  6.94003E-02  3.34311E-01
  5.9625000000E+00  5.9666666667E+00  6.96332E-02  3.29253E-01
  5.9666666667E+00  5.9708333333E+00  6.96418E-02  3.31946E-01
  5.9708333333E+00  5.9750000000E+00  6.97428E-02  3.42631E-01
  5.9750000000E+00  5.9791666667E+00  6.95176E-02  3.35200E-01
  5.9791666667E+00  5.9833333333E+00  6.94450E-02  3.35702E-01
  5.9833333333E+00  5.9875000000E+00  6.96172E-02  3.42391E-01
  5.9875000000E+00  5.9916666667E+00  6.94017E-02  3.33153E-01
  5.9916666667E+00  5.9958333333E+00  6.95891E-02  3.39183E-01
  5.9958333333E+00  6.0000000000E+00  6.97581E-02  3.48500E-01
  6.0000000000E+00  6.0041666667E+00  6.97538E-02  3.50255E-01
  6.0041666667E+00  6.0083333333E+00  6.95554E-02  3.36693E-01
  6.0083333333E+00  6.0125000000E+00  6.93770E-02  3.39966E-01
  6.0125000000E+00  6.0166666667E+00  6.96036E-02  3.42836E-01
  6.0166666667E+00  6.0208333333E+00  6.96654E-02  3.45571E-01
  6.0208333333E+00  6.0250000000E+00  6.96757E-02  3.47707E-01
  6.0250000000E+00  6.0291666667E+00  6.97283E-02  3.51250E-01
  6.0291666667E+00  6.0333333333E+00  6.98108E-02  3.60727E-01
  6.0333333333E+00  6.0375000000E+00  6.96464E-02  3.50770E-01
  6.0375000000E+00  6.0416666667E+00  6.96292E-02  3.56370E-01
  6.0416666667E+00  6.0458333333E+00  6.95088E-02  3.49500E-01
  6.0458333333E+00  6.0500000000E+00  6.97119E-02  3.62371E-01
  6.0500000000E+00  6.0541666667E+00  6.95125E-02  3.58798E-01
  6.0541666667E+00  6.0583333333E+00  6.94253E-02  3.55055E-01
  6.0583333333E+00  6.0625000000E+00  6.90653E-02  3.52331E-01
  6.0625000000E+00  6.0666666667E+00  6.91432E-02  3.54791E-01
  6.0666666667E+00  6.0708333333E+00  6.90629E-02  3.62441E-01
  6.0708333333E+00  6.0750000000E+00  6.90754E-02  3.67713E-01
  6.0750000000E+00  6.0791666667E+00  6.89575E-02  3.59614E-01
  6.0791666667E+00  6.0833333333E+00  6.89032E-02  3.63379E-01
  6.0833333333E+00  6.0875000000E+00  6.87741E-02  3.66961E-01
  6.0875000000E+00  6.0916666667E+00  6.87505E-02  3.74275E-01
  6.0916666667E+00  6.0958333333E+00  6.86459E-02  3.77704E-01
  6.0958333333E+00  6.1000000000E+00  6.82756E-02  3.66870E-01
  6.1000000000E+00  6.1041666667E+00  6.83016E-02  3.79039E-01
  6.1041666667E+00  6.1083333333E+00  6.81844E-02  3.78151E-01
  6.1083333333E+00  6.1125000000E+00  6.79938E-02  3.74720E-01
  6.1125000000E+00  6.1166666667E+00  6.78826E-02  3.79032E-01
  6.1166666667E+00  6.1208333333E+00  6.79305E-02  3.88858E-01
  6.1208333333E+00  6.1250000000E+00  6.77225E-02  3.85755E-01
  6.1250000000E+00  6.1291666667E+00  6.72981E-02  3.85908E-01
  6.1291666667E+00  6.1333333333E+00  6.71353E-02  3.90831E-01
  6.1333333333E+00  6.1375000000E+00  6.70878E-02  3.95052E-01
  6.1375000000E+00  6.1416666667E+00  6.66687E-02  3.92658E-01
  6.1416666667E+00  6.1458333333E+00  6.63653E-02  3.92384E-01
  6.1458333333E+00  6.1500000000E+00  6.62910E-02  3.97432E-01
  6.1500000000E+00  6.1541666667E+00  6.60324E-02  4.04512E-01
  6.1541666667E+00  6.1583333333E+00  6.56619E-02  4.07172E-01
  6.1583333333E+00  6.1625000000E+00  6.51974E-02  4.14410E-01
  6.1625000000E+00  6.1666666667E+00  6.46509E-02  4.09414E-01
  6.1666666667E+00  6.1708333333E+00  6.43900E-02  4.18014E-01
  6.1708333333E+00  6.1750000000E+00  6.40716E-02  4.18329E-01
  6.1750000000E+00  6.1791666667E+00  6.36913E-02  4.23897E-01
  6.1791666667E+00  6.1833333333E+00  6.33280E-02  4.23665E-01
  6.1833333333E+00  6.1875000000E+00  6.31148E-02  4.27376E-01
  6.1875000000E+00  6.1916666667E+00  6.25884E-02  4.32197E-01
  6.1916666667E+00  6.1958333333E+00  6.17671E-02  4.35702E-01
  6.1958333333E+00  6.2000000000E+00  6.16257E-02  4.48761E-01
  6.2000000000E+00  6.2041666667E+00  6.09094E-02  4.49222E-01
  6.2041666667E+00  6.2083333333E+00  6.01973E-02  4.49140E-01
  6.2083333333E+00  6.2125000000E+00  5.97319E-02  4.55572E-01
  6.2125000000E+00  6.2166666667E+00  5.91445E-02  4.60641E-01
  6.2166666667E+00  6.2208333333E+00  5.86427E-02  4.66459E-01
  6.2208333333E+00  6.2250000000E+00  5.81006E-02  4.72349E-01
  6.2250000000E+00  6.2291666667E+00  5.72812E-02  4.78410E-01
  6.2291666667E+00  6.2333333333E+00  5.64852E-02  4.83909E-01
  6.2333333333E+00  6.2375000000E+00  5.58251E-02  4.93290E-01
  6.2375000000E+00  6.2416666667E+00  5.48457E-02  5.00077E-01
  6.2416666667E+00  6.2458333333E+00  5.38382E-02  5.14940E-01
  6.2458333333E+00  6.2500000000E+00  5.28878E-02  5.19219E-01
  6.2500000000E+00  6.2541666667E+00  5.16970E-02  5.24942E-01
  6.2541666667E+00  6.2583333333E+00  5.05037E-02  5.36598E-01
  6.2583333333E+00  6.2625000000E+00  4.92689E-02  5.48102E-01
  6.2625000000E+00  6.2666666667E+00  4.80056E-02  5.66024E-01
  6.2666666667E+00  6.2708333333E+00  4.64146E-02  5.72978E-01
  6.2708333333E+00  6.2750000000E+00  4.50823E-02  5.89626E-01
  6.2750000000E+00  6.2791666667E+00  4.36373E-02  6.04009E-01
  6.2791666667E+00  6.2833333333E+00  4.17893E-02  6.22714E-01
  6.2833333333E+00  6.2875000000E+00  3.99298E-02  6.40788E-01
  6.2875000000E+00  6.2916666667E+00  3.79177E-02  6.59223E-01
  6.2916666667E+00  6.2958333333E+00  3.61113E-02  6.81112E-01
  6.2958333333E+00  6.3000000000E+00  3.42507E-02  7.03635E-01
  6.3000000000E+00  6.3041666667E+00  3.24314E-02  7.27276E-01
  6.3041666667E+00  6.3083333333E+00  3.07205E-02  7.61856E-01
  6.3083333333E+00  6.3125000000E+00  2.89250E-02  7.86497E-01
  6.3125000000E+00  6.3166666667E+00  2.68728E-02  8.16829E-01
  6.3166666667E+00  6.3208333333E+00  2.47971E-02  8.50649E-01
  6.3208333333E+00  6.3250000000E+00  2.30632E-02  8.91299E-01
  6.3250000000E+00  6.3291666667E+00  2.12044E-02  9.33327E-01
  6.3291666667E+00  6.3333333333E+00  1.94230E-02  9.89904E-01
  6.3333333333E+00  6.3375000000E+00  1.77683E-02  1.03471E+00
  6.3375000000E+00  6.3416666667E+00  1.60461E-02  1.09308E+00
  6.3416666667E+00  6.3458333333E+00  1.43809E-02  1.15957E+00
  6.3458333333E+00  6.3500000000E+00  1.29936E-02  1.22782E+00
  6.3500000000E+00  6.3541666667E+00  1.16433E-02  1.29972E+00
  6.3541666667E+00  6.3583333333E+00  1.03821E-02  1.38996E+00
  6.3583333333E+00  6.3625000000E+00  9.17810E-03  1.48376E+00
  6.3625000000E+00  6.3666666667E+00  8.06318E-03  1.58832E+00
  6.3666666667E+00  6.3708333333E+00  6.96778E-03  1.71557E+00
  6.3708333333E+00  6.3750000000E+00  6.11018E-03  1.85868E+00
  6.3750000000E+00  6.3791666667E+00  5.24884E-03  2.00875E+00
  6.3791666667E+00  6.3833333333E+00  4.46169E-03  2.16353E+00
  6.3833333333E+00  6.3875000000E+00  3.83365E-03  2.36246E+00
  6.3875000000E+00  6.3916666667E+00  3.26670E-03  2.58501E+00
  6.3916666667E+00  6.3958333333E+00  2.68987E-03  2.83472E+00
  6.3958333333E+00  6.4000000000E+00  2.27585E-03  3.09450E+00
  6.4000000000E+00  6.4041666667E+00  1.87067E-03  3.41459E+00
  6.4041666667E+00  6.4083333333E+00  1.56599E-03  3.78207E+00
  6.4083333333E+00  6.4125000000E+00  1.24945E-03  4.17792E+00
  6.4125000000E+00  6.4166666667E+00  1.01873E-03  4.59932E+00
  6.4166666667E+00  6.4208333333E+00  8.55578E-04  5.11861E+00
  6.4208333333E+00  6.4250000000E+00  6.81632E-04  5.65255E+00
  6.4250000000E+00  6.4291666667E+00  5.43438E-04  6.27172E+00
  6.4291666667E+00  6.4333333333E+00  4.65702E-04  6.95902E+00
  6.4333333333E+00  6.4375000000E+00  3.79387E-04  7.66352E+00
  6.4375000000E+00  6.4416666667E+00  2.97536E-04  8.69388E+00
  6.4416666667E+00  6.4458333333E+00  2.21060E-04  9.33426E+00
  6.4458333333E+00  6.4500000000E+00  1.92719E-04  1.01352E+01
  6.4500000000E+00  6.4541666667E+00  1.68925E-04  1.10194E+01
  6.4541666667E+00  6.4583333333E+00  1.50419E-04  1.19546E+01
  6.4583333333E+00  6.4625000000E+00  1.11797E-04  1.33325E+01
  6.4625000000E+00  6.4666666667E+00  9.82681E-05  1.44816E+01
  6.4666666667E+00  6.4708333333E+00  7.96237E-05  1.56674E+01
  6.4708333333E+00  6.4750000000E+00  7.01706E-05  1.61572E+01
  6.4750000000E+00  6.4791666667E+00  5.78534E-05  1.65196E+01
  6.4791666667E+00  6.4833333333E+00  5.44795E-05  1.80533E+01
  6.4833333333E+00  6.4875000000E+00  5.35620E-05  1.92371E+01
  6.4875000000E+00  6.4916666667E+00  4.42334E-05  1.93277E+01
  6.4916666667E+00  6.4958333333E+00  4.06694E-05  2.02269E+01
  6.4958333333E+00  6.5000000000E+00  3.99234E-05  1.99783E+01
  6.5000000000E+00  6.5041666667E+00  4.26418E-05  1.97409E+01
  6.5041666667E+00  6.5083333333E+00  4.45495E-05  2.10827E+01
  6.5083333333E+00  6.5125000000E+00  2.71772E-05  2.35698E+01
  6.5125000000E+00  6.5166666667E+00  2.91700E-05  2.34186E+01
  6.5166666667E+00  6.5208333333E+00  2.52209E-05  2.41331E+01
  6.5208333333E+00  6.5250000000E+00  2.20437E-05  2.65060E+01
  6.5250000000E+00  6.5291666667E+00  2.52504E-05  2.54908E+01
  6.5291666667E+00  6.5333333333E+00  2.29098E-05  2.76218E+01
  6.5333333333E+00  6.5375000000E+00  2.39060E-05  2.94877E+01
  6.5375000000E+00  6.5416666667E+00  2.17496E-05  2.70769E+01
  6.5416666667E+00  6.5458333333E+00  2.22421E-05  3.07491E+01
  6.5458333333E+00  6.5500000000E+00  1.88309E-05  3.43031E+01
  6.5500000000E+00  6.5541666667E+00  1.08372E-05  3.67530E+01
  6.5541666667E+00  6.5583333333E+00  1.31024E-05  3.59340E+01
  6.5583333333E+00  6.5625000000E+00  1.07510E-05  3.95099E+01
  6.5625000000E+00  6.5666666667E+00  1.64592E-05  4.46979E+01
  6.5666666667E+00  6.5708333333E+00  6.42754E-06  4.52253E+01
  6.5708333333E+00  6.5750000000E+00  5.30260E-06  4.96006E+01
  6.5750000000E+00  6.5791666667E+00  5.98264E-06  5.20147E+01
  6.5791666667E+00  6.5833333333E+00  7.65978E-06  5.48885E+01
  6.5833333333E+00  6.5875000000E+00  5.52727E-06  4.63838E+01
  6.5875000000E+00  6.5916666667E+00  5.48008E-06  5.88444E+01
  6.5916666667E+00  6.5958333333E+00  7.42798E-06  6.06126E+01
  6.5958333333E+00  6.6000000000E+00  6.30034E-06  5.95929E+01
  6.6000000000E+00  6.6041666667E+00  1.82972E-06  1.00000E+02
  6.6041666667E+00  6.6083333333E+00  2.32883E-06  1.00000E+02
  6.6083333333E+00  6.6125000000E+00  4.09862E-06  1.00000E+02
  6.6125000000E+00  6.6166666667E+00  0.00000E+00  0.00000E+00
  6.6166666667E+00  6.6208333333E+00  0.00000E+00  0.00000E+00
  6.6208333333E+00  6.6250000000E+00  0.00000E+00  0.00000E+00
  6.6250000000E+00  6.6291666667E+00  0.00000E+00  0.00000E+00
  6.6291666667E+00  6.6333333333E+00  0.00000E+00  0.00000E+00
  6.6333333333E+00  6.6375000000E+00  0.00000E+00  0.00000E+00
  6.6375000000E+00  6.6416666667E+00  0.00000E+00  0.00000E+00
  6.6416666667E+00  6.6458333333E+00  0.00000E+00  0.00000E+00
  6.6458333333E+00  6.6500000000E+00  0.00000E+00  0.00000E+00
  6.6500000000E+00  6.6541666667E+00  0.00000E+00  0.00000E+00
  6.6541666667E+00  6.6583333333E+00  0.00000E+00  0.00000E+00
  6.6583333333E+00  6.6625000000E+00  0.00000E+00  0.00000E+00
  6.6625000000E+00  6.6666666667E+00  0.00000E+00  0.00000E+00
  6.6666666667E+00  6.6708333333E+00  0.00000E+00  0.00000E+00
  6.6708333333E+00  6.6750000000E+00  0.00000E+00  0.00000E+00
  6.6750000000E+00  6.6791666667E+00  0.00000E+00  0.00000E+00
  6.6791666667E+00  6.6833333333E+00  0.00000E+00  0.00000E+00
  6.6833333333E+00  6.6875000000E+00  0.00000E+00  0.00000E+00
  6.6875000000E+00  6.6916666667E+00  0.00000E+00  0.00000E+00
  6.6916666667E+00  6.6958333333E+00  5.19930E-07  1.00000E+02
  6.6958333333E+00  6.7000000000E+00  0.00000E+00  0.00000E+00
  6.7000000000E+00  6.7041666667E+00  0.00000E+00  0.00000E+00
  6.7041666667E+00  6.7083333333E+00  0.00000E+00  0.00000E+00
  6.7083333333E+00  6.7125000000E+00  0.00000E+00  0.00000E+00
  6.7125000000E+00  6.7166666667E+00  0.00000E+00  0.00000E+00
  6.7166666667E+00  6.7208333333E+00  0.00000E+00  0.00000E+00
  6.7208333333E+00  6.7250000000E+00  3.42069E-14  1.00000E+02
  6.7250000000E+00  6.7291666667E+00  0.00000E+00  0.00000E+00
  6.7291666667E+00  6.7333333333E+00  0.00000E+00  0.00000E+00
  6.7333333333E+00  6.7375000000E+00  0.00000E+00  0.00000E+00
  6.7375000000E+00  6.7416666667E+00  0.00000E+00  0.00000E+00
  6.7416666667E+00  6.7458333333E+00  0.00000E+00  0.00000E+00
  6.7458333333E+00  6.7500000000E+00  0.00000E+00  0.00000E+00
  6.7500000000E+00  6.7541666667E+00  0.00000E+00  0.00000E+00
  6.7541666667E+00  6.7583333333E+00  0.00000E+00  0.00000E+00
  6.7583333333E+00  6.7625000000E+00  0.00000E+00  0.00000E+00
  6.7625000000E+00  6.7666666667E+00  0.00000E+00  0.00000E+00
  6.7666666667E+00  6.7708333333E+00  0.00000E+00  0.00000E+00
  6.7708333333E+00  6.7750000000E+00  0.00000E+00  0.00000E+00
  6.7750000000E+00  6.7791666667E+00  0.00000E+00  0.00000E+00
  6.7791666667E+00  6.7833333333E+00  0.00000E+00  0.00000E+00
  6.7833333333E+00  6.7875000000E+00  0.00000E+00  0.00000E+00
  6.7875000000E+00  6.7916666667E+00  0.00000E+00  0.00000E+00
  6.7916666667E+00  6.7958333333E+00  0.00000E+00  0.00000E+00
  6.7958333333E+00  6.8000000000E+00  0.00000E+00  0.00000E+00
  6.8000000000E+00  6.8041666667E+00  0.00000E+00  0.00000E+00
  6.8041666667E+00  6.8083333333E+00  0.00000E+00  0.00000E+00
  6.8083333333E+00  6.8125000000E+00  0.00000E+00  0.00000E+00
  6.8125000000E+00  6.8166666667E+00  0.00000E+00  0.00000E+00
  6.8166666667E+00  6.8208333333E+00  0.00000E+00  0.00000E+00
  6.8208333333E+00  6.8250000000E+00  0.00000E+00  0.00000E+00
  6.8250000000E+00  6.8291666667E+00  4.94647E-14  1.00000E+02
  6.8291666667E+00  6.8333333333E+00  0.00000E+00  0.00000E+00
  6.8333333333E+00  6.8375000000E+00  0.00000E+00  0.00000E+00
  6.8375000000E+00  6.8416666667E+00  0.00000E+00  0.00000E+00
  6.8416666667E+00  6.8458333333E+00  0.00000E+00  0.00000E+00
  6.8458333333E+00  6.8500000000E+00  0.00000E+00  0.00000E+00
  6.8500000000E+00  6.8541666667E+00  0.00000E+00  0.00000E+00
  6.8541666667E+00  6.8583333333E+00  0.00000E+00  0.00000E+00
  6.8583333333E+00  6.8625000000E+00  1.72609E-07  9.43810E+01
  6.8625000000E+00  6.8666666667E+00  3.90072E-07  1.00000E+02
  6.8666666667E+00  6.8708333333E+00  3.90072E-07  1.00000E+02
  6.8708333333E+00  6.8750000000E+00  3.90071E-07  9.36405E+01
  6.8750000000E+00  6.8791666667E+00  3.90072E-07  1.00000E+02
  6.8791666667E+00  6.8833333333E+00  3.90071E-07  8.57104E+01
  6.8833333333E+00  6.8875000000E+00  3.90072E-07  1.00000E+02
  6.8875000000E+00  6.8916666667E+00  8.74896E-07  6.56893E+01
  6.8916666667E+00  6.8958333333E+00  3.90072E-07  1.00000E+02
  6.8958333333E+00  6.9000000000E+00  3.90072E-07  7.42157E+01
  6.9000000000E+00  6.9041666667E+00  3.90072E-07  1.00000E+02
  6.9041666667E+00  6.9083333333E+00  4.27686E-07  6.56735E+01
  6.9083333333E+00  6.9125000000E+00  3.90072E-07  1.00000E+02
  6.9125000000E+00  6.9166666667E+00  3.90072E-07  7.07906E+01
  6.9166666667E+00  6.9208333333E+00  3.90072E-07  1.00000E+02
  6.9208333333E+00  6.9250000000E+00  4.38268E-07  7.23465E+01
  6.9250000000E+00  6.9291666667E+00  4.38598E-07  1.00000E+02
  6.9291666667E+00  6.9333333333E+00  4.38598E-07  7.49815E+01
  6.9333333333E+00  6.9375000000E+00  4.38598E-07  1.00000E+02
  6.9375000000E+00  6.9416666667E+00  4.38598E-07  7.77284E+01
  6.9416666667E+00  6.9458333333E+00  4.38598E-07  1.00000E+02
  6.9458333333E+00  6.9500000000E+00  4.38598E-07  8.33646E+01
  6.9500000000E+00  6.9541666667E+00  4.38598E-07  1.00000E+02
  6.9541666667E+00  6.9583333333E+00  4.38598E-07  8.88266E+01
  6.9583333333E+00  6.9625000000E+00  4.38598E-07  1.00000E+02
  6.9625000000E+00  6.9666666667E+00  4.38598E-07  9.49484E+01
  6.9666666667E+00  6.9708333333E+00  4.39011E-07  1.00000E+02
  6.9708333333E+00  6.9750000000E+00  4.95281E-07  1.00000E+02
  6.9750000000E+00  6.9791666667E+00  4.95281E-07  9.95056E+01
  6.9791666667E+00  6.9833333333E+00  4.95281E-07  1.00000E+02
  6.9833333333E+00  6.9875000000E+00  4.95281E-07  9.50753E+01
  6.9875000000E+00  6.9916666667E+00  4.95281E-07  1.00000E+02
  6.9916666667E+00  6.9958333333E+00  4.95281E-07  9.08878E+01
  6.9958333333E+00  7.0000000000E+00  4.95281E-07  1.00000E+02
  7.0000000000E+00  7.0000000000E+00  4.95281E-07  1.00000E+02