# Detector n: 1D Projection
  1.0000000000E+00  1.0041666667E+00  3.92999E-02  2.91657E-01
  1.0041666667E+00  1.0083333333E+00  3.92142E-02  2.71661E-01
  1.0083333333E+00  1.0125000000E+00  3.94203E-02  2.83453E-01
  1.0125000000E+00  1.0166666667E+00  3.96584E-02  4.00743E-01
  1.0166666667E+00  1.0208333333E+00  3.95416E-02  3.28987E-01
  1.0208333333E+00  1.0250000000E+00  3.96400E-02  3.33490E-01
  1.0250000000E+00  1.0291666667E+00  3.95232E-02  2.99325E-01
  1.0291666667E+00  1.0333333333E+00  3.96339E-02  3.27167E-01
  1.0333333333E+00  1.0375000000E+00  3.96959E-02  3.75293E-01
  1.0375000000E+00  1.0416666667E+00  3.96970E-02  3.31050E-01
  1.0416666667E+00  1.0458333333E+00  3.97364E-02  3.47052E-01
  1.0458333333E+00  1.0500000000E+00  3.97399E-02  3.48131E-01
  1.0500000000E+00  1.0541666667E+00  3.96862E-02  3.23860E-01
  1.0541666667E+00  1.0583333333E+00  3.97197E-02  3.21766E-01
  1.0583333333E+00  1.0625000000E+00  3.96151E-02  3.07017E-01
  1.0625000000E+00  1.0666666667E+00  3.97919E-02  3.17376E-01
  1.0666666667E+00  1.0708333333E+00  3.97279E-02  2.97497E-01
  1.0708333333E+00  1.0750000000E+00  3.97604E-02  3.01282E-01
  1.0750000000E+00  1.0791666667E+00  3.98147E-02  2.95619E-01
  1.0791666667E+00  1.0833333333E+00  4.01783E-02  3.35780E-01
  1.0833333333E+00  1.0875000000E+00  4.00544E-02  2.92586E-01
  1.0875000000E+00  1.0916666667E+00  4.02315E-02  3.17151E-01
  1.0916666667E+00  1.0958333333E+00  4.01994E-02  3.15594E-01
  1.0958333333E+00  1.1000000000E+00  4.01844E-02  3.06969E-01
  1.1000000000E+00  1.1041666667E+00  4.01984E-02  3.07285E-01
  1.1041666667E+00  1.1083333333E+00  4.01346E-02  3.05731E-01
  1.1083333333E+00  1.1125000000E+00  4.02813E-02  3.10581E-01
  1.1125000000E+00  1.1166666667E+00  4.04589E-02  3.59157E-01
  1.1166666667E+00  1.1208333333E+00  4.03024E-02  3.41997E-01
  1.1208333333E+00  1.1250000000E+00  4.01504E-02  3.08479E-01
  1.1250000000E+00  1.1291666667E+00  4.02572E-02  3.32763E-01
  1.1291666667E+00  1.1333333333E+00  4.05233E-02  3.59752E-01
  1.1333333333E+00  1.1375000000E+00  4.01306E-02  2.82867E-01
  1.1375000000E+00  1.1416666667E+00  4.01728E-02  2.92837E-01
  1.1416666667E+00  1.1458333333E+00  4.02147E-02  3.00203E-01
  1.1458333333E+00  1.1500000000E+00  4.02834E-02  3.33618E-01
  1.1500000000E+00  1.1541666667E+00  4.03400E-02  3.32301E-01
  1.1541666667E+00  1.1583333333E+00  4.04989E-02  3.50598E-01
  1.1583333333E+00  1.1625000000E+00  4.03587E-02  3.14627E-01
  1.1625000000E+00  1.1666666667E+00  4.04885E-02  3.36542E-01
  1.1666666667E+00  1.1708333333E+00  4.02878E-02  2.88939E-01
  1.1708333333E+00  1.1750000000E+00  4.03503E-02  3.14399E-01
  1.1750000000E+00  1.1791666667E+00  4.04509E-02  3.17746E-01
  1.1791666667E+00  1.1833333333E+00  4.05435E-02  4.04494E-01
  1.1833333333E+00  1.1875000000E+00  4.05595E-02  3.77630E-01
  1.1875000000E+00  1.1916666667E+00  4.04256E-02  3.54559E-01
  1.1916666667E+00  1.1958333333E+00  4.02995E-02  2.83409E-01
  1.1958333333E+00  1.2000000000E+00  4.04203E-02  3.20495E-01
  1.2000000000E+00  1.2041666667E+00  4.04951E-02  3.43623E-01
  1.2041666667E+00  1.2083333333E+00  4.04038E-02  3.24290E-01
  1.2083333333E+00  1.2125000000E+00  4.05291E-02  3.24212E-01
  1.2125000000E+00  1.2166666667E+00  4.03107E-02  2.74843E-01
  1.2166666667E+00  1.2208333333E+00  4.06068E-02  3.42331E-01
  1.2208333333E+00  1.2250000000E+00  4.06785E-02  3.43159E-01
  1.2250000000E+00  1.2291666667E+00  4.06817E-02  3.51263E-01
  1.2291666667E+00  1.2333333333E+00  4.06169E-02  3.33901E-01
  1.2333333333E+00  1.2375000000E+00  4.05910E-02  2.83155E-01
  1.2375000000E+00  1.2416666667E+00  4.07639E-02  3.27321E-01
  1.2416666667E+00  1.2458333333E+00  4.06962E-02  2.83883E-01
  1.2458333333E+00  1.2500000000E+00  4.09048E-02  2.92125E-01
  1.2500000000E+00  1.2541666667E+00  4.12298E-02  3.47635E-01
  1.2541666667E+00  1.2583333333E+00  4.11068E-02  3.15355E-01
  1.2583333333E+00  1.2625000000E+00  4.11166E-02  3.74683E-01
  1.2625000000E+00  1.2666666667E+00  4.12708E-02  3.35437E-01
  1.2666666667E+00  1.2708333333E+00  4.10467E-02  3.07376E-01
  1.2708333333E+00  1.2750000000E+00  4.10189E-02  3.37976E-01
  1.2750000000E+00  1.2791666667E+00  4.11909E-02  3.27618E-01
  1.2791666667E+00  1.2833333333E+00  4.11449E-02  3.26192E-01
  1.2833333333E+00  1.2875000000E+00  4.11548E-02  3.33644E-01
  1.2875000000E+00  1.2916666667E+00  4.13034E-02  3.30310E-01
  1.2916666667E+00  1.2958333333E+00  4.12743E-02  3.33230E-01
  1.2958333333E+00  1.3000000000E+00  4.15442E-02  3.91249E-01
  1.3000000000E+00  1.3041666667E+00  4.09382E-02  2.73420E-01
  1.3041666667E+00  1.3083333333E+00  4.09389E-02  2.82741E-01
  1.3083333333E+00  1.3125000000E+00  4.11925E-02  3.34241E-01
  1.3125000000E+00  1.3166666667E+00  4.12544E-02  3.26103E-01
  1.3166666667E+00  1.3208333333E+00  4.11745E-02  3.17592E-01
  1.3208333333E+00  1.3250000000E+00  4.10470E-02  2.66445E-01
  1.3250000000E+00  1.3291666667E+00  4.10193E-02  2.81314E-01
  1.3291666667E+00  1.3333333333E+00  4.12637E-02  3.65133E-01
  1.3333333333E+00  1.3375000000E+00  4.10345E-02  2.85420E-01
  1.3375000000E+00  1.3416666667E+00  4.11437E-02  3.20704E-01
  1.3416666667E+00  1.3458333333E+00  4.12820E-02  3.64045E-01
  1.3458333333E+00  1.3500000000E+00  4.11254E-02  2.99881E-01
  1.3500000000E+00  1.3541666667E+00  4.11596E-02  3.04878E-01
  1.3541666667E+00  1.3583333333E+00  4.12860E-02  3.13729E-01
  1.3583333333E+00  1.3625000000E+00  4.14133E-02  3.49462E-01
  1.3625000000E+00  1.3666666667E+00  4.13630E-02  3.45252E-01
  1.3666666667E+00  1.3708333333E+00  4.14169E-02  3.62666E-01
  1.3708333333E+00  1.3750000000E+00  4.10914E-02  2.66706E-01
  1.3750000000E+00  1.3791666667E+00  4.13164E-02  3.27790E-01
  1.3791666667E+00  1.3833333333E+00  4.15259E-02  3.50402E-01
  1.3833333333E+00  1.3875000000E+00  4.15922E-02  3.84316E-01
  1.3875000000E+00  1.3916666667E+00  4.15928E-02  3.75107E-01
  1.3916666667E+00  1.3958333333E+00  4.12513E-02  3.04856E-01
  1.3958333333E+00  1.4000000000E+00  4.13328E-02  3.43645E-01
  1.4000000000E+00  1.4041666667E+00  4.12877E-02  3.13051E-01
  1.4041666667E+00  1.4083333333E+00  4.13731E-02  3.61337E-01
  1.4083333333E+00  1.4125000000E+00  4.13714E-02  3.52934E-01
  1.4125000000E+00  1.4166666667E+00  4.13489E-02  3.26832E-01
  1.4166666667E+00  1.4208333333E+00  4.12546E-02  3.70274E-01
  1.4208333333E+00  1.4250000000E+00  4.15554E-02  3.80118E-01
  1.4250000000E+00  1.4291666667E+00  4.14362E-02  3.46055E-01
  1.4291666667E+00  1.4333333333E+00  4.17178E-02  3.81461E-01
  1.4333333333E+00  1.4375000000E+00  4.11904E-02  2.73960E-01
  1.4375000000E+00  1.4416666667E+00  4.13097E-02  3.30547E-01
  1.4416666667E+00  1.4458333333E+00  4.13439E-02  3.32649E-01
  1.4458333333E+00  1.4500000000E+00  4.13625E-02  3.09659E-01
  1.4500000000E+00  1.4541666667E+00  4.14537E-02  3.37889E-01
  1.4541666667E+00  1.4583333333E+00  4.14261E-02  3.00824E-01
  1.4583333333E+00  1.4625000000E+00  4.15822E-02  3.29752E-01
  1.4625000000E+00  1.4666666667E+00  4.14964E-02  3.52086E-01
  1.4666666667E+00  1.4708333333E+00  4.15311E-02  3.22929E-01
  1.4708333333E+00  1.4750000000E+00  4.15008E-02  2.94756E-01
  1.4750000000E+00  1.4791666667E+00  4.16349E-02  2.94765E-01
  1.4791666667E+00  1.4833333333E+00  4.16979E-02  3.36192E-01
  1.4833333333E+00  1.4875000000E+00  4.17397E-02  3.46727E-01
  1.4875000000E+00  1.4916666667E+00  4.18930E-02  3.68258E-01
  1.4916666667E+00  1.4958333333E+00  4.17811E-02  3.24422E-01
  1.4958333333E+00  1.5000000000E+00  4.17590E-02  3.40450E-01
  1.5000000000E+00  1.5041666667E+00  4.16589E-02  3.27757E-01
  1.5041666667E+00  1.5083333333E+00  4.17737E-02  2.98031E-01
  1.5083333333E+00  1.5125000000E+00  4.19288E-02  3.46511E-01
  1.5125000000E+00  1.5166666667E+00  4.15017E-02  2.58822E-01
  1.5166666667E+00  1.5208333333E+00  4.17578E-02  3.12569E-01
  1.5208333333E+00  1.5250000000E+00  4.19045E-02  3.29652E-01
  1.5250000000E+00  1.5291666667E+00  4.18742E-02  3.34525E-01
  1.5291666667E+00  1.5333333333E+00  4.18759E-02  3.19115E-01
  1.5333333333E+00  1.5375000000E+00  4.18262E-02  3.05373E-01
  1.5375000000E+00  1.5416666667E+00  4.17168E-02  2.63973E-01
  1.5416666667E+00  1.5458333333E+00  4.19113E-02  3.27085E-01
  1.5458333333E+00  1.5500000000E+00  4.19983E-02  2.97975E-01
  1.5500000000E+00  1.5541666667E+00  4.20717E-02  3.36626E-01
  1.5541666667E+00  1.5583333333E+00  4.19063E-02  2.74698E-01
  1.5583333333E+00  1.5625000000E+00  4.20485E-02  3.11876E-01
  1.5625000000E+00  1.5666666667E+00  4.21738E-02  3.01422E-01
  1.5666666667E+00  1.5708333333E+00  4.24614E-02  3.22080E-01
  1.5708333333E+00  1.5750000000E+00  4.22462E-02  2.83320E-01
  1.5750000000E+00  1.5791666667E+00  4.24717E-02  3.58004E-01
  1.5791666667E+00  1.5833333333E+00  4.23539E-02  3.47632E-01
  1.5833333333E+00  1.5875000000E+00  4.21534E-02  2.85053E-01
  1.5875000000E+00  1.5916666667E+00  4.23261E-02  3.75723E-01
  1.5916666667E+00  1.5958333333E+00  4.21602E-02  3.14769E-01
  1.5958333333E+00  1.6000000000E+00  4.22984E-02  3.02663E-01
  1.6000000000E+00  1.6041666667E+00  4.25331E-02  3.49059E-01
  1.6041666667E+00  1.6083333333E+00  4.25071E-02  3.33156E-01
  1.6083333333E+00  1.6125000000E+00  4.23535E-02  3.25798E-01
  1.6125000000E+00  1.6166666667E+00  4.25681E-02  3.42355E-01
  1.6166666667E+00  1.6208333333E+00  4.23950E-02  3.75685E-01
  1.6208333333E+00  1.6250000000E+00  4.22933E-02  3.06262E-01
  1.6250000000E+00  1.6291666667E+00  4.23156E-02  2.99198E-01
  1.6291666667E+00  1.6333333333E+00  4.24780E-02  3.26245E-01
  1.6333333333E+00  1.6375000000E+00  4.27638E-02  3.86565E-01
  1.6375000000E+00  1.6416666667E+00  4.24758E-02  3.39187E-01
  1.6416666667E+00  1.6458333333E+00  4.25018E-02  3.25414E-01
  1.6458333333E+00  1.6500000000E+00  4.23044E-02  2.94462E-01
  1.6500000000E+00  1.6541666667E+00  4.23470E-02  2.75313E-01
  1.6541666667E+00  1.6583333333E+00  4.25484E-02  3.62803E-01
  1.6583333333E+00  1.6625000000E+00  4.24525E-02  2.92630E-01
  1.6625000000E+00  1.6666666667E+00  4.23713E-02  3.06650E-01
  1.6666666667E+00  1.6708333333E+00  4.24923E-02  3.35793E-01
  1.6708333333E+00  1.6750000000E+00  4.24503E-02  3.07742E-01
  1.6750000000E+00  1.6791666667E+00  4.25915E-02  3.37218E-01
  1.6791666667E+00  1.6833333333E+00  4.25585E-02  2.82570E-01
  1.6833333333E+00  1.6875000000E+00  4.25913E-02  3.06330E-01
  1.6875000000E+00  1.6916666667E+00  4.24345E-02  2.69993E-01
  1.6916666667E+00  1.6958333333E+00  4.25990E-02  3.41151E-01
  1.6958333333E+00  1.7000000000E+00  4.25934E-02  3.16357E-01
  1.7000000000E+00  1.7041666667E+00  4.28548E-02  3.58130E-01
  1.7041666667E+00  1.7083333333E+00  4.28151E-02  3.53907E-01
  1.7083333333E+00  1.7125000000E+00  4.26065E-02  2.76285E-01
  1.7125000000E+00  1.7166666667E+00  4.27845E-02  3.41641E-01
  1.7166666667E+00  1.7208333333E+00  4.26109E-02  2.72006E-01
  1.7208333333E+00  1.7250000000E+00  4.27492E-02  2.79048E-01
  1.7250000000E+00  1.7291666667E+00  4.29853E-02  3.61039E-01
  1.7291666667E+00  1.7333333333E+00  4.28552E-02  3.39652E-01
  1.7333333333E+00  1.7375000000E+00  4.27292E-02  3.19180E-01
  1.7375000000E+00  1.7416666667E+00  4.26286E-02  2.76835E-01
  1.7416666667E+00  1.7458333333E+00  4.27868E-02  2.85142E-01
  1.7458333333E+00  1.7500000000E+00  4.30574E-02  3.64672E-01
  1.7500000000E+00  1.7541666667E+00  4.27762E-02  2.91180E-01
  1.7541666667E+00  1.7583333333E+00  4.27035E-02  2.99125E-01
  1.7583333333E+00  1.7625000000E+00  4.27141E-02  2.82025E-01
  1.7625000000E+00  1.7666666667E+00  4.28294E-02  3.24592E-01
  1.7666666667E+00  1.7708333333E+00  4.27899E-02  2.96163E-01
  1.7708333333E+00  1.7750000000E+00  4.31121E-02  3.57437E-01
  1.7750000000E+00  1.7791666667E+00  4.28203E-02  2.76232E-01
  1.7791666667E+00  1.7833333333E+00  4.30323E-02  3.53591E-01
  1.7833333333E+00  1.7875000000E+00  4.32334E-02  3.25754E-01
  1.7875000000E+00  1.7916666667E+00  4.32415E-02  3.50424E-01
  1.7916666667E+00  1.7958333333E+00  4.28711E-02  2.82147E-01
  1.7958333333E+00  1.8000000000E+00  4.29810E-02  2.99910E-01
  1.8000000000E+00  1.8041666667E+00  4.30529E-02  3.43871E-01
  1.8041666667E+00  1.8083333333E+00  4.28768E-02  2.70045E-01
  1.8083333333E+00  1.8125000000E+00  4.29907E-02  3.14814E-01
  1.8125000000E+00  1.8166666667E+00  4.31450E-02  3.29224E-01
  1.8166666667E+00  1.8208333333E+00  4.31859E-02  3.32851E-01
  1.8208333333E+00  1.8250000000E+00  4.33701E-02  3.65787E-01
  1.8250000000E+00  1.8291666667E+00  4.31655E-02  3.36002E-01
  1.8291666667E+00  1.8333333333E+00  4.30284E-02  3.10690E-01
  1.8333333333E+00  1.8375000000E+00  4.31324E-02  3.30789E-01
  1.8375000000E+00  1.8416666667E+00  4.31082E-02  2.98066E-01
  1.8416666667E+00  1.8458333333E+00  4.30292E-02  2.84098E-01
  1.8458333333E+00  1.8500000000E+00  4.29801E-02  2.45569E-01
  1.8500000000E+00  1.8541666667E+00  4.32900E-02  3.26523E-01
  1.8541666667E+00  1.8583333333E+00  4.31178E-02  2.88878E-01
  1.8583333333E+00  1.8625000000E+00  4.31239E-02  3.22466E-01
  1.8625000000E+00  1.8666666667E+00  4.33121E-02  3.07648E-01
  1.8666666667E+00  1.8708333333E+00  4.32979E-02  3.49669E-01
  1.8708333333E+00  1.8750000000E+00  4.36204E-02  3.46088E-01
  1.8750000000E+00  1.8791666667E+00  4.33858E-02  3.14277E-01
  1.8791666667E+00  1.8833333333E+00  4.31313E-02  2.50292E-01
  1.8833333333E+00  1.8875000000E+00  4.34003E-02  3.42461E-01
  1.8875000000E+00  1.8916666667E+00  4.34756E-02  3.22702E-01
  1.8916666667E+00  1.8958333333E+00  4.34767E-02  3.48781E-01
  1.8958333333E+00  1.9000000000E+00  4.33664E-02  2.69114E-01
  1.9000000000E+00  1.9041666667E+00  4.34996E-02  3.45129E-01
  1.9041666667E+00  1.9083333333E+00  4.35729E-02  3.37224E-01
  1.9083333333E+00  1.9125000000E+00  4.33908E-02  3.16164E-01
  1.9125000000E+00  1.9166666667E+00  4.34843E-02  3.05142E-01
  1.9166666667E+00  1.9208333333E+00  4.36190E-02  3.10279E-01
  1.9208333333E+00  1.9250000000E+00  4.35433E-02  2.91342E-01
  1.9250000000E+00  1.9291666667E+00  4.32911E-02  2.65826E-01
  1.9291666667E+00  1.9333333333E+00  4.34157E-02  3.08541E-01
  1.9333333333E+00  1.9375000000E+00  4.34525E-02  3.03314E-01
  1.9375000000E+00  1.9416666667E+00  4.36650E-02  3.53585E-01
  1.9416666667E+00  1.9458333333E+00  4.34131E-02  2.84549E-01
  1.9458333333E+00  1.9500000000E+00  4.35982E-02  3.13852E-01
  1.9500000000E+00  1.9541666667E+00  4.34644E-02  2.52582E-01
  1.9541666667E+00  1.9583333333E+00  4.35787E-02  3.01038E-01
  1.9583333333E+00  1.9625000000E+00  4.34872E-02  2.63915E-01
  1.9625000000E+00  1.9666666667E+00  4.37642E-02  3.12590E-01
  1.9666666667E+00  1.9708333333E+00  4.36823E-02  2.99914E-01
  1.9708333333E+00  1.9750000000E+00  4.36069E-02  2.85716E-01
  1.9750000000E+00  1.9791666667E+00  4.39016E-02  3.37715E-01
  1.9791666667E+00  1.9833333333E+00  4.36595E-02  2.81992E-01
  1.9833333333E+00  1.9875000000E+00  4.36350E-02  2.96380E-01
  1.9875000000E+00  1.9916666667E+00  4.35867E-02  2.58478E-01
  1.9916666667E+00  1.9958333333E+00  4.38655E-02  2.88902E-01
  1.9958333333E+00  2.0000000000E+00  4.39471E-02  3.07430E-01
  2.0000000000E+00  2.0041666667E+00  4.38547E-02  2.88170E-01
  2.0041666667E+00  2.0083333333E+00  4.37943E-02  2.84138E-01
  2.0083333333E+00  2.0125000000E+00  4.38414E-02  2.97141E-01
  2.0125000000E+00  2.0166666667E+00  4.38575E-02  2.92931E-01
  2.0166666667E+00  2.0208333333E+00  4.37218E-02  2.29858E-01
  2.0208333333E+00  2.0250000000E+00  4.39284E-02  2.88045E-01
  2.0250000000E+00  2.0291666667E+00  4.40955E-02  3.51784E-01
  2.0291666667E+00  2.0333333333E+00  4.40958E-02  3.23746E-01
  2.0333333333E+00  2.0375000000E+00  4.43519E-02  3.88882E-01
  2.0375000000E+00  2.0416666667E+00  4.41476E-02  3.17435E-01
  2.0416666667E+00  2.0458333333E+00  4.42036E-02  3.25035E-01
  2.0458333333E+00  2.0500000000E+00  4.40281E-02  2.90534E-01
  2.0500000000E+00  2.0541666667E+00  4.42090E-02  3.09744E-01
  2.0541666667E+00  2.0583333333E+00  4.42471E-02  3.03825E-01
  2.0583333333E+00  2.0625000000E+00  4.42832E-02  3.30146E-01
  2.0625000000E+00  2.0666666667E+00  4.41974E-02  3.33659E-01
  2.0666666667E+00  2.0708333333E+00  4.40284E-02  2.70497E-01
  2.0708333333E+00  2.0750000000E+00  4.43286E-02  3.32114E-01
  2.0750000000E+00  2.0791666667E+00  4.41889E-02  2.79322E-01
  2.0791666667E+00  2.0833333333E+00  4.43579E-02  3.20055E-01
  2.0833333333E+00  2.0875000000E+00  4.45420E-02  3.40534E-01
  2.0875000000E+00  2.0916666667E+00  4.45217E-02  3.44703E-01
  2.0916666667E+00  2.0958333333E+00  4.43149E-02  2.84944E-01
  2.0958333333E+00  2.1000000000E+00  4.44729E-02  3.33443E-01
  2.1000000000E+00  2.1041666667E+00  4.44305E-02  2.98883E-01
  2.1041666667E+00  2.1083333333E+00  4.43142E-02  2.81341E-01
  2.1083333333E+00  2.1125000000E+00  4.46045E-02  3.30491E-01
  2.1125000000E+00  2.1166666667E+00  4.44338E-02  3.11263E-01
  2.1166666667E+00  2.1208333333E+00  4.44392E-02  3.05387E-01
  2.1208333333E+00  2.1250000000E+00  4.45195E-02  2.94583E-01
  2.1250000000E+00  2.1291666667E+00  4.44109E-02  2.70745E-01
  2.1291666667E+00  2.1333333333E+00  4.44248E-02  2.65742E-01
  2.1333333333E+00  2.1375000000E+00  4.46975E-02  3.43304E-01
  2.1375000000E+00  2.1416666667E+00  4.46129E-02  2.89318E-01
  2.1416666667E+00  2.1458333333E+00  4.46899E-02  2.99569E-01
  2.1458333333E+00  2.1500000000E+00  4.47261E-02  2.87750E-01
  2.1500000000E+00  2.1541666667E+00  4.48623E-02  3.23744E-01
  2.1541666667E+00  2.1583333333E+00  4.46304E-02  2.81287E-01
  2.1583333333E+00  2.1625000000E+00  4.47073E-02  2.70201E-01
  2.1625000000E+00  2.1666666667E+00  4.46270E-02  2.84629E-01
  2.1666666667E+00  2.1708333333E+00  4.48143E-02  3.14124E-01
  2.1708333333E+00  2.1750000000E+00  4.49096E-02  2.95928E-01
  2.1750000000E+00  2.1791666667E+00  4.47525E-02  2.54503E-01
  2.1791666667E+00  2.1833333333E+00  4.49855E-02  2.98105E-01
  2.1833333333E+00  2.1875000000E+00  4.50194E-02  3.25659E-01
  2.1875000000E+00  2.1916666667E+00  4.50429E-02  3.45137E-01
  2.1916666667E+00  2.1958333333E+00  4.48760E-02  2.79752E-01
  2.1958333333E+00  2.2000000000E+00  4.49867E-02  2.88469E-01
  2.2000000000E+00  2.2041666667E+00  4.49311E-02  2.75453E-01
  2.2041666667E+00  2.2083333333E+00  4.51576E-02  3.30364E-01
  2.2083333333E+00  2.2125000000E+00  4.50308E-02  2.87241E-01
  2.2125000000E+00  2.2166666667E+00  4.53052E-02  3.56387E-01
  2.2166666667E+00  2.2208333333E+00  4.51845E-02  3.37518E-01
  2.2208333333E+00  2.2250000000E+00  4.50348E-02  2.82205E-01
  2.2250000000E+00  2.2291666667E+00  4.52421E-02  3.45447E-01
  2.2291666667E+00  2.2333333333E+00  4.51846E-02  3.05264E-01
  2.2333333333E+00  2.2375000000E+00  4.56471E-02  3.96611E-01
  2.2375000000E+00  2.2416666667E+00  4.53362E-02  3.19975E-01
  2.2416666667E+00  2.2458333333E+00  4.53010E-02  3.24184E-01
  2.2458333333E+00  2.2500000000E+00  4.52063E-02  3.00991E-01
  2.2500000000E+00  2.2541666667E+00  4.52575E-02  2.68801E-01
  2.2541666667E+00  2.2583333333E+00  4.53868E-02  3.28368E-01
  2.2583333333E+00  2.2625000000E+00  4.55027E-02  3.38872E-01
  2.2625000000E+00  2.2666666667E+00  4.54216E-02  3.35745E-01
  2.2666666667E+00  2.2708333333E+00  4.52317E-02  2.84588E-01
  2.2708333333E+00  2.2750000000E+00  4.53508E-02  3.06412E-01
  2.2750000000E+00  2.2791666667E+00  4.56220E-02  3.80482E-01
  2.2791666667E+00  2.2833333333E+00  4.54906E-02  3.17773E-01
  2.2833333333E+00  2.2875000000E+00  4.53236E-02  2.94901E-01
  2.2875000000E+00  2.2916666667E+00  4.55641E-02  3.32871E-01
  2.2916666667E+00  2.2958333333E+00  4.54628E-02  3.16579E-01
  2.2958333333E+00  2.3000000000E+00  4.55136E-02  2.94509E-01
  2.3000000000E+00  2.3041666667E+00  4.55121E-02  3.03810E-01
  2.3041666667E+00  2.3083333333E+00  4.53287E-02  2.68024E-01
  2.3083333333E+00  2.3125000000E+00  4.56074E-02  3.29616E-01
  2.3125000000E+00  2.3166666667E+00  4.55158E-02  2.72241E-01
  2.3166666667E+00  2.3208333333E+00  4.54717E-02  2.60792E-01
  2.3208333333E+00  2.3250000000E+00  4.55675E-02  3.00702E-01
  2.3250000000E+00  2.3291666667E+00  4.56069E-02  2.99268E-01
  2.3291666667E+00  2.3333333333E+00  4.58304E-02  3.22197E-01
  2.3333333333E+00  2.3375000000E+00  4.57770E-02  3.22699E-01
  2.3375000000E+00  2.3416666667E+00  4.55664E-02  2.64430E-01
  2.3416666667E+00  2.3458333333E+00  4.56810E-02  2.70623E-01
  2.3458333333E+00  2.3500000000E+00  4.58071E-02  3.09947E-01
  2.3500000000E+00  2.3541666667E+00  4.58685E-02  3.21468E-01
  2.3541666667E+00  2.3583333333E+00  4.58480E-02  3.18385E-01
  2.3583333333E+00  2.3625000000E+00  4.57715E-02  2.85178E-01
  2.3625000000E+00  2.3666666667E+00  4.58698E-02  2.95544E-01
  2.3666666667E+00  2.3708333333E+00  4.60859E-02  3.44608E-01
  2.3708333333E+00  2.3750000000E+00  4.59914E-02  3.07561E-01
  2.3750000000E+00  2.3791666667E+00  4.58167E-02  2.63115E-01
  2.3791666667E+00  2.3833333333E+00  4.60005E-02  3.12520E-01
  2.3833333333E+00  2.3875000000E+00  4.59160E-02  2.70042E-01
  2.3875000000E+00  2.3916666667E+00  4.58962E-02  2.79899E-01
  2.3916666667E+00  2.3958333333E+00  4.59664E-02  2.92342E-01
  2.3958333333E+00  2.4000000000E+00  4.61712E-02  3.19596E-01
  2.4000000000E+00  2.4041666667E+00  4.61751E-02  3.57999E-01
  2.4041666667E+00  2.4083333333E+00  4.58573E-02  2.51450E-01
  2.4083333333E+00  2.4125000000E+00  4.59125E-02  2.69831E-01
  2.4125000000E+00  2.4166666667E+00  4.60600E-02  2.75108E-01
  2.4166666667E+00  2.4208333333E+00  4.62856E-02  3.56552E-01
  2.4208333333E+00  2.4250000000E+00  4.59925E-02  2.63880E-01
  2.4250000000E+00  2.4291666667E+00  4.61686E-02  2.92563E-01
  2.4291666667E+00  2.4333333333E+00  4.61261E-02  3.07028E-01
  2.4333333333E+00  2.4375000000E+00  4.61348E-02  2.65549E-01
  2.4375000000E+00  2.4416666667E+00  4.62877E-02  3.02511E-01
  2.4416666667E+00  2.4458333333E+00  4.65003E-02  3.66540E-01
  2.4458333333E+00  2.4500000000E+00  4.63516E-02  2.97137E-01
  2.4500000000E+00  2.4541666667E+00  4.63382E-02  3.06579E-01
  2.4541666667E+00  2.4583333333E+00  4.63292E-02  2.82438E-01
  2.4583333333E+00  2.4625000000E+00  4.64766E-02  3.16755E-01
  2.4625000000E+00  2.4666666667E+00  4.63866E-02  2.96238E-01
  2.4666666667E+00  2.4708333333E+00  4.64913E-02  3.13377E-01
  2.4708333333E+00  2.4750000000E+00  4.63418E-02  2.92635E-01
  2.4750000000E+00  2.4791666667E+00  4.63900E-02  3.05849E-01
  2.4791666667E+00  2.4833333333E+00  4.67020E-02  3.12312E-01
  2.4833333333E+00  2.4875000000E+00  4.67935E-02  3.57279E-01
  2.4875000000E+00  2.4916666667E+00  4.66812E-02  3.46198E-01
  2.4916666667E+00  2.4958333333E+00  4.66195E-02  3.29127E-01
  2.4958333333E+00  2.5000000000E+00  4.64556E-02  3.03860E-01
  2.5000000000E+00  2.5041666667E+00  4.68651E-02  3.74846E-01
  2.5041666667E+00  2.5083333333E+00  4.66562E-02  2.87085E-01
  2.5083333333E+00  2.5125000000E+00  4.68634E-02  3.38078E-01
  2.5125000000E+00  2.5166666667E+00  4.68483E-02  3.38094E-01
  2.5166666667E+00  2.5208333333E+00  4.66157E-02  2.80802E-01
  2.5208333333E+00  2.5250000000E+00  4.65607E-02  2.52540E-01
  2.5250000000E+00  2.5291666667E+00  4.66390E-02  2.85447E-01
  2.5291666667E+00  2.5333333333E+00  4.69698E-02  3.23691E-01
  2.5333333333E+00  2.5375000000E+00  4.65415E-02  2.48310E-01
  2.5375000000E+00  2.5416666667E+00  4.66240E-02  2.55008E-01
  2.5416666667E+00  2.5458333333E+00  4.67163E-02  2.87845E-01
  2.5458333333E+00  2.5500000000E+00  4.67369E-02  2.82092E-01
  2.5500000000E+00  2.5541666667E+00  4.68121E-02  2.86345E-01
  2.5541666667E+00  2.5583333333E+00  4.67155E-02  2.58374E-01
  2.5583333333E+00  2.5625000000E+00  4.70365E-02  3.08518E-01
  2.5625000000E+00  2.5666666667E+00  4.69936E-02  3.05999E-01
  2.5666666667E+00  2.5708333333E+00  4.68722E-02  2.91559E-01
  2.5708333333E+00  2.5750000000E+00  4.68748E-02  2.84967E-01
  2.5750000000E+00  2.5791666667E+00  4.69812E-02  2.90715E-01
  2.5791666667E+00  2.5833333333E+00  4.72195E-02  3.39110E-01
  2.5833333333E+00  2.5875000000E+00  4.69607E-02  2.82626E-01
  2.5875000000E+00  2.5916666667E+00  4.69868E-02  2.78998E-01
  2.5916666667E+00  2.5958333333E+00  4.70569E-02  2.73604E-01
  2.5958333333E+00  2.6000000000E+00  4.71073E-02  2.90663E-01
  2.6000000000E+00  2.6041666667E+00  4.72714E-02  3.09514E-01
  2.6041666667E+00  2.6083333333E+00  4.71014E-02  2.73542E-01
  2.6083333333E+00  2.6125000000E+00  4.74221E-02  3.28158E-01
  2.6125000000E+00  2.6166666667E+00  4.74720E-02  3.19944E-01
  2.6166666667E+00  2.6208333333E+00  4.73662E-02  3.19837E-01
  2.6208333333E+00  2.6250000000E+00  4.72404E-02  2.76347E-01
  2.6250000000E+00  2.6291666667E+00  4.74380E-02  3.15148E-01
  2.6291666667E+00  2.6333333333E+00  4.73626E-02  3.15908E-01
  2.6333333333E+00  2.6375000000E+00  4.74426E-02  3.05523E-01
  2.6375000000E+00  2.6416666667E+00  4.74342E-02  2.86074E-01
  2.6416666667E+00  2.6458333333E+00  4.75845E-02  2.97410E-01
  2.6458333333E+00  2.6500000000E+00  4.75613E-02  3.06208E-01
  2.6500000000E+00  2.6541666667E+00  4.74837E-02  2.72544E-01
  2.6541666667E+00  2.6583333333E+00  4.75648E-02  2.80608E-01
  2.6583333333E+00  2.6625000000E+00  4.76430E-02  3.05184E-01
  2.6625000000E+00  2.6666666667E+00  4.75119E-02  2.81464E-01
  2.6666666667E+00  2.6708333333E+00  4.74479E-02  2.81374E-01
  2.6708333333E+00  2.6750000000E+00  4.75993E-02  3.14671E-01
  2.6750000000E+00  2.6791666667E+00  4.74879E-02  2.66114E-01
  2.6791666667E+00  2.6833333333E+00  4.76767E-02  3.12056E-01
  2.6833333333E+00  2.6875000000E+00  4.76226E-02  2.99953E-01
  2.6875000000E+00  2.6916666667E+00  4.76392E-02  2.88998E-01
  2.6916666667E+00  2.6958333333E+00  4.77078E-02  2.72510E-01
  2.6958333333E+00  2.7000000000E+00  4.78378E-02  3.21867E-01
  2.7000000000E+00  2.7041666667E+00  4.77678E-02  2.62962E-01
  2.7041666667E+00  2.7083333333E+00  4.80594E-02  3.22147E-01
  2.7083333333E+00  2.7125000000E+00  4.79730E-02  3.04275E-01
  2.7125000000E+00  2.7166666667E+00  4.78814E-02  2.88992E-01
  2.7166666667E+00  2.7208333333E+00  4.78604E-02  2.69193E-01
  2.7208333333E+00  2.7250000000E+00  4.79694E-02  3.08781E-01
  2.7250000000E+00  2.7291666667E+00  4.83098E-02  3.32281E-01
  2.7291666667E+00  2.7333333333E+00  4.79705E-02  2.68919E-01
  2.7333333333E+00  2.7375000000E+00  4.81056E-02  2.78450E-01
  2.7375000000E+00  2.7416666667E+00  4.82075E-02  2.89460E-01
  2.7416666667E+00  2.7458333333E+00  4.82931E-02  3.16192E-01
  2.7458333333E+00  2.7500000000E+00  4.81269E-02  2.93471E-01
  2.7500000000E+00  2.7541666667E+00  4.80610E-02  2.71069E-01
  2.7541666667E+00  2.7583333333E+00  4.82764E-02  3.24669E-01
  2.7583333333E+00  2.7625000000E+00  4.80941E-02  2.67085E-01
  2.7625000000E+00  2.7666666667E+00  4.82912E-02  3.12253E-01
  2.7666666667E+00  2.7708333333E+00  4.80896E-02  2.47941E-01
  2.7708333333E+00  2.7750000000E+00  4.82517E-02  2.85170E-01
  2.7750000000E+00  2.7791666667E+00  4.85069E-02  3.23981E-01
  2.7791666667E+00  2.7833333333E+00  4.85854E-02  3.33985E-01
  2.7833333333E+00  2.7875000000E+00  4.83085E-02  2.64701E-01
  2.7875000000E+00  2.7916666667E+00  4.86350E-02  3.11306E-01
  2.7916666667E+00  2.7958333333E+00  4.84238E-02  2.61418E-01
  2.7958333333E+00  2.8000000000E+00  4.86098E-02  3.28353E-01
  2.8000000000E+00  2.8041666667E+00  4.84394E-02  2.78309E-01
  2.8041666667E+00  2.8083333333E+00  4.84020E-02  2.59876E-01
  2.8083333333E+00  2.8125000000E+00  4.83419E-02  2.47884E-01
  2.8125000000E+00  2.8166666667E+00  4.85595E-02  2.94463E-01
  2.8166666667E+00  2.8208333333E+00  4.87928E-02  3.19766E-01
  2.8208333333E+00  2.8250000000E+00  4.84611E-02  2.73866E-01
  2.8250000000E+00  2.8291666667E+00  4.85279E-02  2.53899E-01
  2.8291666667E+00  2.8333333333E+00  4.84700E-02  2.46615E-01
  2.8333333333E+00  2.8375000000E+00  4.89199E-02  3.58541E-01
  2.8375000000E+00  2.8416666667E+00  4.87681E-02  2.97892E-01
  2.8416666667E+00  2.8458333333E+00  4.87220E-02  2.89642E-01
  2.8458333333E+00  2.8500000000E+00  4.89029E-02  3.23471E-01
  2.8500000000E+00  2.8541666667E+00  4.90539E-02  3.09841E-01
  2.8541666667E+00  2.8583333333E+00  4.90456E-02  3.14432E-01
  2.8583333333E+00  2.8625000000E+00  4.87337E-02  2.56698E-01
  2.8625000000E+00  2.8666666667E+00  4.89236E-02  3.16075E-01
  2.8666666667E+00  2.8708333333E+00  4.89631E-02  3.03145E-01
  2.8708333333E+00  2.8750000000E+00  4.89286E-02  2.93527E-01
  2.8750000000E+00  2.8791666667E+00  4.90170E-02  2.82307E-01
  2.8791666667E+00  2.8833333333E+00  4.90220E-02  2.90663E-01
  2.8833333333E+00  2.8875000000E+00  4.92511E-02  3.16130E-01
  2.8875000000E+00  2.8916666667E+00  4.92692E-02  3.01932E-01
  2.8916666667E+00  2.8958333333E+00  4.89745E-02  2.47452E-01
  2.8958333333E+00  2.9000000000E+00  4.91806E-02  3.11786E-01
  2.9000000000E+00  2.9041666667E+00  4.91617E-02  2.75304E-01
  2.9041666667E+00  2.9083333333E+00  4.93141E-02  3.01722E-01
  2.9083333333E+00  2.9125000000E+00  4.92605E-02  2.67593E-01
  2.9125000000E+00  2.9166666667E+00  4.92822E-02  2.78125E-01
  2.9166666667E+00  2.9208333333E+00  4.90820E-02  2.60096E-01
  2.9208333333E+00  2.9250000000E+00  4.93654E-02  2.94521E-01
  2.9250000000E+00  2.9291666667E+00  4.94832E-02  3.12453E-01
  2.9291666667E+00  2.9333333333E+00  4.93690E-02  2.85597E-01
  2.9333333333E+00  2.9375000000E+00  4.94454E-02  2.95457E-01
  2.9375000000E+00  2.9416666667E+00  4.96195E-02  3.10133E-01
  2.9416666667E+00  2.9458333333E+00  4.95534E-02  2.86034E-01
  2.9458333333E+00  2.9500000000E+00  4.96682E-02  3.40084E-01
  2.9500000000E+00  2.9541666667E+00  4.95242E-02  2.79799E-01
  2.9541666667E+00  2.9583333333E+00  4.95101E-02  2.70623E-01
  2.9583333333E+00  2.9625000000E+00  4.97933E-02  3.32923E-01
  2.9625000000E+00  2.9666666667E+00  4.96476E-02  3.03470E-01
  2.9666666667E+00  2.9708333333E+00  4.95375E-02  2.73941E-01
  2.9708333333E+00  2.9750000000E+00  4.97788E-02  2.89872E-01
  2.9750000000E+00  2.9791666667E+00  4.96185E-02  2.81979E-01
  2.9791666667E+00  2.9833333333E+00  4.95523E-02  2.93870E-01
  2.9833333333E+00  2.9875000000E+00  4.96577E-02  2.90255E-01
  2.9875000000E+00  2.9916666667E+00  4.95038E-02  2.31793E-01
  2.9916666667E+00  2.9958333333E+00  4.97088E-02  2.78886E-01
  2.9958333333E+00  3.0000000000E+00  4.98258E-02  2.90840E-01
  3.0000000000E+00  3.0041666667E+00  5.00500E-02  2.86720E-01
  3.0041666667E+00  3.0083333333E+00  4.98806E-02  2.84706E-01
  3.0083333333E+00  3.0125000000E+00  4.99966E-02  3.17735E-01
  3.0125000000E+00  3.0166666667E+00  4.97610E-02  2.70812E-01
  3.0166666667E+00  3.0208333333E+00  4.98501E-02  2.75463E-01
  3.0208333333E+00  3.0250000000E+00  4.98340E-02  2.75611E-01
  3.0250000000E+00  3.0291666667E+00  4.99402E-02  2.71813E-01
  3.0291666667E+00  3.0333333333E+00  5.00587E-02  2.91732E-01
  3.0333333333E+00  3.0375000000E+00  5.01119E-02  2.97894E-01
  3.0375000000E+00  3.0416666667E+00  5.00428E-02  2.81212E-01
  3.0416666667E+00  3.0458333333E+00  4.99453E-02  2.57219E-01
  3.0458333333E+00  3.0500000000E+00  5.00565E-02  2.71435E-01
  3.0500000000E+00  3.0541666667E+00  5.03948E-02  3.20228E-01
  3.0541666667E+00  3.0583333333E+00  5.04191E-02  3.27438E-01
  3.0583333333E+00  3.0625000000E+00  5.02947E-02  2.98613E-01
  3.0625000000E+00  3.0666666667E+00  5.02533E-02  2.93650E-01
  3.0666666667E+00  3.0708333333E+00  5.04054E-02  2.84719E-01
  3.0708333333E+00  3.0750000000E+00  5.05528E-02  3.19334E-01
  3.0750000000E+00  3.0791666667E+00  5.03902E-02  2.60877E-01
  3.0791666667E+00  3.0833333333E+00  5.05298E-02  2.96449E-01
  3.0833333333E+00  3.0875000000E+00  5.03930E-02  2.70614E-01
  3.0875000000E+00  3.0916666667E+00  5.04581E-02  2.89443E-01
  3.0916666667E+00  3.0958333333E+00  5.03798E-02  2.73890E-01
  3.0958333333E+00  3.1000000000E+00  5.04417E-02  2.86917E-01
  3.1000000000E+00  3.1041666667E+00  5.07209E-02  3.11086E-01
  3.1041666667E+00  3.1083333333E+00  5.06385E-02  2.93192E-01
  3.1083333333E+00  3.1125000000E+00  5.04987E-02  2.55645E-01
  3.1125000000E+00  3.1166666667E+00  5.07271E-02  2.76615E-01
  3.1166666667E+00  3.1208333333E+00  5.05326E-02  2.45636E-01
  3.1208333333E+00  3.1250000000E+00  5.07963E-02  2.95009E-01
  3.1250000000E+00  3.1291666667E+00  5.07888E-02  2.69740E-01
  3.1291666667E+00  3.1333333333E+00  5.07360E-02  2.61923E-01
  3.1333333333E+00  3.1375000000E+00  5.09168E-02  2.87991E-01
  3.1375000000E+00  3.1416666667E+00  5.11869E-02  3.15370E-01
  3.1416666667E+00  3.1458333333E+00  5.11315E-02  3.00885E-01
  3.1458333333E+00  3.1500000000E+00  5.10376E-02  2.87602E-01
  3.1500000000E+00  3.1541666667E+00  5.11731E-02  3.16767E-01
  3.1541666667E+00  3.1583333333E+00  5.12637E-02  3.01468E-01
  3.1583333333E+00  3.1625000000E+00  5.11267E-02  2.82465E-01
  3.1625000000E+00  3.1666666667E+00  5.12217E-02  3.05944E-01
  3.1666666667E+00  3.1708333333E+00  5.13060E-02  3.15819E-01
  3.1708333333E+00  3.1750000000E+00  5.10970E-02  2.69544E-01
  3.1750000000E+00  3.1791666667E+00  5.12799E-02  2.72660E-01
  3.1791666667E+00  3.1833333333E+00  5.10062E-02  2.52524E-01
  3.1833333333E+00  3.1875000000E+00  5.11911E-02  2.79536E-01
  3.1875000000E+00  3.1916666667E+00  5.11050E-02  2.50863E-01
  3.1916666667E+00  3.1958333333E+00  5.12730E-02  3.05236E-01
  3.1958333333E+00  3.2000000000E+00  5.13181E-02  2.69161E-01
  3.2000000000E+00  3.2041666667E+00  5.13202E-02  2.82090E-01
  3.2041666667E+00  3.2083333333E+00  5.13512E-02  2.72457E-01
  3.2083333333E+00  3.2125000000E+00  5.12946E-02  2.44104E-01
  3.2125000000E+00  3.2166666667E+00  5.15203E-02  3.10684E-01
  3.2166666667E+00  3.2208333333E+00  5.16840E-02  3.00720E-01
  3.2208333333E+00  3.2250000000E+00  5.14077E-02  2.41293E-01
  3.2250000000E+00  3.2291666667E+00  5.15450E-02  2.74789E-01
  3.2291666667E+00  3.2333333333E+00  5.19091E-02  2.99919E-01
  3.2333333333E+00  3.2375000000E+00  5.18731E-02  2.79931E-01
  3.2375000000E+00  3.2416666667E+00  5.17543E-02  2.57824E-01
  3.2416666667E+00  3.2458333333E+00  5.22366E-02  3.38503E-01
  3.2458333333E+00  3.2500000000E+00  5.19093E-02  2.74420E-01
  3.2500000000E+00  3.2541666667E+00  5.18261E-02  2.67138E-01
  3.2541666667E+00  3.2583333333E+00  5.20102E-02  3.02560E-01
  3.2583333333E+00  3.2625000000E+00  5.19159E-02  2.59837E-01
  3.2625000000E+00  3.2666666667E+00  5.20818E-02  2.81604E-01
  3.2666666667E+00  3.2708333333E+00  5.20811E-02  3.04210E-01
  3.2708333333E+00  3.2750000000E+00  5.20012E-02  2.70553E-01
  3.2750000000E+00  3.2791666667E+00  5.20140E-02  2.53054E-01
  3.2791666667E+00  3.2833333333E+00  5.22237E-02  2.84229E-01
  3.2833333333E+00  3.2875000000E+00  5.21750E-02  2.72821E-01
  3.2875000000E+00  3.2916666667E+00  5.21633E-02  2.77737E-01
  3.2916666667E+00  3.2958333333E+00  5.21029E-02  2.74266E-01
  3.2958333333E+00  3.3000000000E+00  5.22698E-02  2.72211E-01
  3.3000000000E+00  3.3041666667E+00  5.20674E-02  2.30141E-01
  3.3041666667E+00  3.3083333333E+00  5.22684E-02  2.43858E-01
  3.3083333333E+00  3.3125000000E+00  5.24778E-02  3.02106E-01
  3.3125000000E+00  3.3166666667E+00  5.22761E-02  2.49326E-01
  3.3166666667E+00  3.3208333333E+00  5.25039E-02  2.76006E-01
  3.3208333333E+00  3.3250000000E+00  5.25321E-02  2.71863E-01
  3.3250000000E+00  3.3291666667E+00  5.25309E-02  2.71004E-01
  3.3291666667E+00  3.3333333333E+00  5.24429E-02  2.43814E-01
  3.3333333333E+00  3.3375000000E+00  5.25902E-02  2.74553E-01
  3.3375000000E+00  3.3416666667E+00  5.26001E-02  2.76366E-01
  3.3416666667E+00  3.3458333333E+00  5.27558E-02  2.78337E-01
  3.3458333333E+00  3.3500000000E+00  5.27707E-02  2.69712E-01
  3.3500000000E+00  3.3541666667E+00  5.28684E-02  2.90784E-01
  3.3541666667E+00  3.3583333333E+00  5.27613E-02  2.61991E-01
  3.3583333333E+00  3.3625000000E+00  5.28230E-02  2.51041E-01
  3.3625000000E+00  3.3666666667E+00  5.29676E-02  2.84181E-01
  3.3666666667E+00  3.3708333333E+00  5.29544E-02  2.78810E-01
  3.3708333333E+00  3.3750000000E+00  5.30052E-02  2.81271E-01
  3.3750000000E+00  3.3791666667E+00  5.30509E-02  2.83761E-01
  3.3791666667E+00  3.3833333333E+00  5.30573E-02  2.79556E-01
  3.3833333333E+00  3.3875000000E+00  5.30340E-02  2.61130E-01
  3.3875000000E+00  3.3916666667E+00  5.30924E-02  2.62226E-01
  3.3916666667E+00  3.3958333333E+00  5.30305E-02  2.54573E-01
  3.3958333333E+00  3.4000000000E+00  5.31790E-02  2.62214E-01
  3.4000000000E+00  3.4041666667E+00  5.34621E-02  3.05287E-01
  3.4041666667E+00  3.4083333333E+00  5.35232E-02  2.90783E-01
  3.4083333333E+00  3.4125000000E+00  5.33702E-02  2.83231E-01
  3.4125000000E+00  3.4166666667E+00  5.33247E-02  2.63532E-01
  3.4166666667E+00  3.4208333333E+00  5.33086E-02  2.30845E-01
  3.4208333333E+00  3.4250000000E+00  5.35921E-02  2.68928E-01
  3.4250000000E+00  3.4291666667E+00  5.33372E-02  2.53822E-01
  3.4291666667E+00  3.4333333333E+00  5.36263E-02  2.82586E-01
  3.4333333333E+00  3.4375000000E+00  5.35516E-02  2.56467E-01
  3.4375000000E+00  3.4416666667E+00  5.37564E-02  2.73833E-01
  3.4416666667E+00  3.4458333333E+00  5.39697E-02  3.01135E-01
  3.4458333333E+00  3.4500000000E+00  5.39296E-02  2.73201E-01
  3.4500000000E+00  3.4541666667E+00  5.37918E-02  2.52379E-01
  3.4541666667E+00  3.4583333333E+00  5.40964E-02  2.94861E-01
  3.4583333333E+00  3.4625000000E+00  5.40791E-02  2.92618E-01
  3.4625000000E+00  3.4666666667E+00  5.39184E-02  2.57970E-01
  3.4666666667E+00  3.4708333333E+00  5.39581E-02  2.46118E-01
  3.4708333333E+00  3.4750000000E+00  5.41305E-02  2.71287E-01
  3.4750000000E+00  3.4791666667E+00  5.42336E-02  2.86403E-01
  3.4791666667E+00  3.4833333333E+00  5.43105E-02  2.82518E-01
  3.4833333333E+00  3.4875000000E+00  5.42585E-02  2.84206E-01
  3.4875000000E+00  3.4916666667E+00  5.43603E-02  2.76364E-01
  3.4916666667E+00  3.4958333333E+00  5.45240E-02  2.92176E-01
  3.4958333333E+00  3.5000000000E+00  5.44164E-02  2.70432E-01
  3.5000000000E+00  3.5041666667E+00  5.47351E-02  3.23791E-01
  3.5041666667E+00  3.5083333333E+00  5.45188E-02  2.55005E-01
  3.5083333333E+00  3.5125000000E+00  5.45191E-02  2.68289E-01
  3.5125000000E+00  3.5166666667E+00  5.44952E-02  2.64456E-01
  3.5166666667E+00  3.5208333333E+00  5.44711E-02  2.50031E-01
  3.5208333333E+00  3.5250000000E+00  5.46491E-02  2.80250E-01
  3.5250000000E+00  3.5291666667E+00  5.46545E-02  2.65588E-01
  3.5291666667E+00  3.5333333333E+00  5.47863E-02  2.65627E-01
  3.5333333333E+00  3.5375000000E+00  5.47513E-02  2.52537E-01
  3.5375000000E+00  3.5416666667E+00  5.51107E-02  3.08958E-01
  3.5416666667E+00  3.5458333333E+00  5.48752E-02  2.53654E-01
  3.5458333333E+00  3.5500000000E+00  5.48988E-02  2.65237E-01
  3.5500000000E+00  3.5541666667E+00  5.51380E-02  2.81779E-01
  3.5541666667E+00  3.5583333333E+00  5.51948E-02  2.91321E-01
  3.5583333333E+00  3.5625000000E+00  5.49771E-02  2.46299E-01
  3.5625000000E+00  3.5666666667E+00  5.52457E-02  2.82141E-01
  3.5666666667E+00  3.5708333333E+00  5.52329E-02  2.71768E-01
  3.5708333333E+00  3.5750000000E+00  5.53503E-02  2.78751E-01
  3.5750000000E+00  3.5791666667E+00  5.52928E-02  2.62582E-01
  3.5791666667E+00  3.5833333333E+00  5.54045E-02  2.61250E-01
  3.5833333333E+00  3.5875000000E+00  5.54465E-02  2.70550E-01
  3.5875000000E+00  3.5916666667E+00  5.54609E-02  2.60304E-01
  3.5916666667E+00  3.5958333333E+00  5.54693E-02  2.54706E-01
  3.5958333333E+00  3.6000000000E+00  5.56341E-02  2.80771E-01
  3.6000000000E+00  3.6041666667E+00  5.57740E-02  2.65915E-01
  3.6041666667E+00  3.6083333333E+00  5.57842E-02  2.67185E-01
  3.6083333333E+00  3.6125000000E+00  5.57276E-02  2.60978E-01
  3.6125000000E+00  3.6166666667E+00  5.59039E-02  2.75770E-01
  3.6166666667E+00  3.6208333333E+00  5.59032E-02  2.51062E-01
  3.6208333333E+00  3.6250000000E+00  5.60991E-02  2.77619E-01
  3.6250000000E+00  3.6291666667E+00  5.60683E-02  2.49805E-01
  3.6291666667E+00  3.6333333333E+00  5.62184E-02  2.78367E-01
  3.6333333333E+00  3.6375000000E+00  5.62384E-02  2.62756E-01
  3.6375000000E+00  3.6416666667E+00  5.63626E-02  2.81713E-01
  3.6416666667E+00  3.6458333333E+00  5.65329E-02  2.97486E-01
  3.6458333333E+00  3.6500000000E+00  5.63397E-02  2.49323E-01
  3.6500000000E+00  3.6541666667E+00  5.64616E-02  2.57521E-01
  3.6541666667E+00  3.6583333333E+00  5.64795E-02  2.60156E-01
  3.6583333333E+00  3.6625000000E+00  5.66365E-02  2.69500E-01
  3.6625000000E+00  3.6666666667E+00  5.66124E-02  2.60019E-01
  3.6666666667E+00  3.6708333333E+00  5.65988E-02  2.68845E-01
  3.6708333333E+00  3.6750000000E+00  5.68437E-02  2.83921E-01
  3.6750000000E+00  3.6791666667E+00  5.66119E-02  2.48660E-01
  3.6791666667E+00  3.6833333333E+00  5.68705E-02  2.65841E-01
  3.6833333333E+00  3.6875000000E+00  5.70862E-02  2.88495E-01
  3.6875000000E+00  3.6916666667E+00  5.70685E-02  2.69630E-01
  3.6916666667E+00  3.6958333333E+00  5.69921E-02  2.62468E-01
  3.6958333333E+00  3.7000000000E+00  5.74076E-02  2.93314E-01
  3.7000000000E+00  3.7041666667E+00  5.71752E-02  2.51428E-01
  3.7041666667E+00  3.7083333333E+00  5.73881E-02  2.72285E-01
  3.7083333333E+00  3.7125000000E+00  5.73482E-02  2.61627E-01
  3.7125000000E+00  3.7166666667E+00  5.75156E-02  2.87648E-01
  3.7166666667E+00  3.7208333333E+00  5.75652E-02  2.78238E-01
  3.7208333333E+00  3.7250000000E+00  5.75670E-02  2.68236E-01
  3.7250000000E+00  3.7291666667E+00  5.77329E-02  2.81540E-01
  3.7291666667E+00  3.7333333333E+00  5.77278E-02  2.64540E-01
  3.7333333333E+00  3.7375000000E+00  5.78066E-02  2.84424E-01
  3.7375000000E+00  3.7416666667E+00  5.77175E-02  2.50035E-01
  3.7416666667E+00  3.7458333333E+00  5.78420E-02  2.64454E-01
  3.7458333333E+00  3.7500000000E+00  5.78992E-02  2.63175E-01
  3.7500000000E+00  3.7541666667E+00  5.81921E-02  2.76948E-01
  3.7541666667E+00  3.7583333333E+00  5.81051E-02  2.74673E-01
  3.7583333333E+00  3.7625000000E+00  5.81640E-02  2.68611E-01
  3.7625000000E+00  3.7666666667E+00  5.82109E-02  2.68392E-01
  3.7666666667E+00  3.7708333333E+00  5.84126E-02  2.72978E-01
  3.7708333333E+00  3.7750000000E+00  5.83066E-02  2.52797E-01
  3.7750000000E+00  3.7791666667E+00  5.84595E-02  2.68859E-01
  3.7791666667E+00  3.7833333333E+00  5.86654E-02  2.66813E-01
  3.7833333333E+00  3.7875000000E+00  5.87485E-02  2.66214E-01
  3.7875000000E+00  3.7916666667E+00  5.89165E-02  2.71607E-01
  3.7916666667E+00  3.7958333333E+00  5.89694E-02  2.60148E-01
  3.7958333333E+00  3.8000000000E+00  5.88605E-02  2.60916E-01
  3.8000000000E+00  3.8041666667E+00  5.88742E-02  2.61393E-01
  3.8041666667E+00  3.8083333333E+00  5.88877E-02  2.39857E-01
  3.8083333333E+00  3.8125000000E+00  5.92995E-02  2.85708E-01
  3.8125000000E+00  3.8166666667E+00  5.93181E-02  2.89201E-01
  3.8166666667E+00  3.8208333333E+00  5.92513E-02  2.81647E-01
  3.8208333333E+00  3.8250000000E+00  5.91331E-02  2.53756E-01
  3.8250000000E+00  3.8291666667E+00  5.93348E-02  2.64111E-01
  3.8291666667E+00  3.8333333333E+00  5.94315E-02  2.64819E-01
  3.8333333333E+00  3.8375000000E+00  5.95238E-02  2.54076E-01
  3.8375000000E+00  3.8416666667E+00  5.97142E-02  2.87250E-01
  3.8416666667E+00  3.8458333333E+00  5.98068E-02  2.79600E-01
  3.8458333333E+00  3.8500000000E+00  5.98275E-02  2.59143E-01
  3.8500000000E+00  3.8541666667E+00  5.98700E-02  2.48315E-01
  3.8541666667E+00  3.8583333333E+00  6.01233E-02  2.74936E-01
  3.8583333333E+00  3.8625000000E+00  6.02621E-02  2.89704E-01
  3.8625000000E+00  3.8666666667E+00  6.01596E-02  2.47103E-01
  3.8666666667E+00  3.8708333333E+00  6.02830E-02  2.59475E-01
  3.8708333333E+00  3.8750000000E+00  6.03957E-02  2.54639E-01
  3.8750000000E+00  3.8791666667E+00  6.03772E-02  2.51269E-01
  3.8791666667E+00  3.8833333333E+00  6.05610E-02  2.70024E-01
  3.8833333333E+00  3.8875000000E+00  6.07297E-02  2.68480E-01
  3.8875000000E+00  3.8916666667E+00  6.07799E-02  2.52058E-01
  3.8916666667E+00  3.8958333333E+00  6.07947E-02  2.61891E-01
  3.8958333333E+00  3.9000000000E+00  6.09146E-02  2.62874E-01
  3.9000000000E+00  3.9041666667E+00  6.07854E-02  2.40754E-01
  3.9041666667E+00  3.9083333333E+00  6.11615E-02  2.66975E-01
  3.9083333333E+00  3.9125000000E+00  6.12268E-02  2.60356E-01
  3.9125000000E+00  3.9166666667E+00  6.13595E-02  2.50598E-01
  3.9166666667E+00  3.9208333333E+00  6.16434E-02  2.81504E-01
  3.9208333333E+00  3.9250000000E+00  6.14493E-02  2.51221E-01
  3.9250000000E+00  3.9291666667E+00  6.16834E-02  2.67751E-01
  3.9291666667E+00  3.9333333333E+00  6.16648E-02  2.53387E-01
  3.9333333333E+00  3.9375000000E+00  6.16914E-02  2.45515E-01
  3.9375000000E+00  3.9416666667E+00  6.18292E-02  2.50145E-01
  3.9416666667E+00  3.9458333333E+00  6.22430E-02  2.83662E-01
  3.9458333333E+00  3.9500000000E+00  6.22820E-02  2.73736E-01
  3.9500000000E+00  3.9541666667E+00  6.23209E-02  2.65259E-01
  3.9541666667E+00  3.9583333333E+00  6.24365E-02  2.62916E-01
  3.9583333333E+00  3.9625000000E+00  6.25392E-02  2.55477E-01
  3.9625000000E+00  3.9666666667E+00  6.27474E-02  2.66075E-01
  3.9666666667E+00  3.9708333333E+00  6.29327E-02  2.71345E-01
  3.9708333333E+00  3.9750000000E+00  6.29530E-02  2.71786E-01
  3.9750000000E+00  3.9791666667E+00  6.29384E-02  2.50586E-01
  3.9791666667E+00  3.9833333333E+00  6.30485E-02  2.61350E-01
  3.9833333333E+00  3.9875000000E+00  6.30382E-02  2.50394E-01
  3.9875000000E+00  3.9916666667E+00  6.33794E-02  2.65469E-01
  3.9916666667E+00  3.9958333333E+00  6.33586E-02  2.56217E-01
  3.9958333333E+00  4.0000000000E+00  6.35301E-02  2.69004E-01
  4.0000000000E+00  4.0041666667E+00  6.36353E-02  2.60809E-01
  4.0041666667E+00  4.0083333333E+00  6.38707E-02  2.65592E-01
  4.0083333333E+00  4.0125000000E+00  6.38887E-02  2.65645E-01
  4.0125000000E+00  4.0166666667E+00  6.38362E-02  2.42630E-01
  4.0166666667E+00  4.0208333333E+00  6.40437E-02  2.51466E-01
  4.0208333333E+00  4.0250000000E+00  6.43584E-02  2.73545E-01
  4.0250000000E+00  4.0291666667E+00  6.44131E-02  2.54966E-01
  4.0291666667E+00  4.0333333333E+00  6.46994E-02  2.70856E-01
  4.0333333333E+00  4.0375000000E+00  6.45028E-02  2.41867E-01
  4.0375000000E+00  4.0416666667E+00  6.46658E-02  2.50148E-01
  4.0416666667E+00  4.0458333333E+00  6.50672E-02  2.76175E-01
  4.0458333333E+00  4.0500000000E+00  6.51148E-02  2.59457E-01
  4.0500000000E+00  4.0541666667E+00  6.50681E-02  2.50394E-01
  4.0541666667E+00  4.0583333333E+00  6.51561E-02  2.36997E-01
  4.0583333333E+00  4.0625000000E+00  6.53566E-02  2.51841E-01
  4.0625000000E+00  4.0666666667E+00  6.56657E-02  2.67252E-01
  4.0666666667E+00  4.0708333333E+00  6.57211E-02  2.39515E-01
  4.0708333333E+00  4.0750000000E+00  6.58371E-02  2.49419E-01
  4.0750000000E+00  4.0791666667E+00  6.60904E-02  2.54823E-01
  4.0791666667E+00  4.0833333333E+00  6.62585E-02  2.52912E-01
  4.0833333333E+00  4.0875000000E+00  6.63548E-02  2.46590E-01
  4.0875000000E+00  4.0916666667E+00  6.65969E-02  2.45384E-01
  4.0916666667E+00  4.0958333333E+00  6.68936E-02  2.60074E-01
  4.0958333333E+00  4.1000000000E+00  6.70727E-02  2.76545E-01
  4.1000000000E+00  4.1041666667E+00  6.70519E-02  2.43313E-01
  4.1041666667E+00  4.1083333333E+00  6.74635E-02  2.66926E-01
  4.1083333333E+00  4.1125000000E+00  6.76611E-02  2.74267E-01
  4.1125000000E+00  4.1166666667E+00  6.76597E-02  2.46116E-01
  4.1166666667E+00  4.1208333333E+00  6.79665E-02  2.55302E-01
  4.1208333333E+00  4.1250000000E+00  6.81101E-02  2.53407E-01
  4.1250000000E+00  4.1291666667E+00  6.83487E-02  2.57264E-01
  4.1291666667E+00  4.1333333333E+00  6.83831E-02  2.45863E-01
  4.1333333333E+00  4.1375000000E+00  6.87348E-02  2.57745E-01
  4.1375000000E+00  4.1416666667E+00  6.88831E-02  2.51970E-01
  4.1416666667E+00  4.1458333333E+00  6.90904E-02  2.53649E-01
  4.1458333333E+00  4.1500000000E+00  6.93931E-02  2.62076E-01
  4.1500000000E+00  4.1541666667E+00  6.95482E-02  2.49397E-01
  4.1541666667E+00  4.1583333333E+00  6.99021E-02  2.65240E-01
  4.1583333333E+00  4.1625000000E+00  7.00178E-02  2.53027E-01
  4.1625000000E+00  4.1666666667E+00  7.02693E-02  2.50229E-01
  4.1666666667E+00  4.1708333333E+00  7.04196E-02  2.52699E-01
  4.1708333333E+00  4.1750000000E+00  7.08112E-02  2.51302E-01
  4.1750000000E+00  4.1791666667E+00  7.10752E-02  2.53115E-01
  4.1791666667E+00  4.1833333333E+00  7.13237E-02  2.48707E-01
  4.1833333333E+00  4.1875000000E+00  7.15393E-02  2.50968E-01
  4.1875000000E+00  4.1916666667E+00  7.18272E-02  2.49985E-01
  4.1916666667E+00  4.1958333333E+00  7.25330E-02  2.85987E-01
  4.1958333333E+00  4.2000000000E+00  7.25401E-02  2.58581E-01
  4.2000000000E+00  4.2041666667E+00  7.29832E-02  2.67068E-01
  4.2041666667E+00  4.2083333333E+00  7.32868E-02  2.61959E-01
  4.2083333333E+00  4.2125000000E+00  7.34008E-02  2.45179E-01
  4.2125000000E+00  4.2166666667E+00  7.36714E-02  2.48929E-01
  4.2166666667E+00  4.2208333333E+00  7.41267E-02  2.56565E-01
  4.2208333333E+00  4.2250000000E+00  7.45047E-02  2.71132E-01
  4.2250000000E+00  4.2291666667E+00  7.47118E-02  2.62047E-01
  4.2291666667E+00  4.2333333333E+00  7.50843E-02  2.59799E-01
  4.2333333333E+00  4.2375000000E+00  7.51298E-02  2.41933E-01
  4.2375000000E+00  4.2416666667E+00  7.58585E-02  2.72704E-01
  4.2416666667E+00  4.2458333333E+00  7.59485E-02  2.65519E-01
  4.2458333333E+00  4.2500000000E+00  7.60802E-02  2.43102E-01
  4.2500000000E+00  4.2541666667E+00  7.65635E-02  2.54179E-01
  4.2541666667E+00  4.2583333333E+00  7.68599E-02  2.52101E-01
  4.2583333333E+00  4.2625000000E+00  7.73112E-02  2.66823E-01
  4.2625000000E+00  4.2666666667E+00  7.75417E-02  2.66769E-01
  4.2666666667E+00  4.2708333333E+00  7.77144E-02  2.63137E-01
  4.2708333333E+00  4.2750000000E+00  7.78707E-02  2.53304E-01
  4.2750000000E+00  4.2791666667E+00  7.82555E-02  2.60518E-01
  4.2791666667E+00  4.2833333333E+00  7.87639E-02  2.84105E-01
  4.2833333333E+00  4.2875000000E+00  7.87994E-02  2.56420E-01
  4.2875000000E+00  4.2916666667E+00  7.90119E-02  2.67913E-01
  4.2916666667E+00  4.2958333333E+00  7.91966E-02  2.58710E-01
  4.2958333333E+00  4.3000000000E+00  7.94785E-02  2.68769E-01
  4.3000000000E+00  4.3041666667E+00  7.97226E-02  2.69502E-01
  4.3041666667E+00  4.3083333333E+00  7.97413E-02  2.75917E-01
  4.3083333333E+00  4.3125000000E+00  7.98093E-02  2.69210E-01
  4.3125000000E+00  4.3166666667E+00  7.98821E-02  2.62307E-01
  4.3166666667E+00  4.3208333333E+00  7.99488E-02  2.55504E-01
  4.3208333333E+00  4.3250000000E+00  8.00694E-02  2.58147E-01
  4.3250000000E+00  4.3291666667E+00  8.01457E-02  2.60329E-01
  4.3291666667E+00  4.3333333333E+00  8.07122E-02  2.82559E-01
  4.3333333333E+00  4.3375000000E+00  8.05985E-02  2.81818E-01
  4.3375000000E+00  4.3416666667E+00  8.04371E-02  2.70183E-01
  4.3416666667E+00  4.3458333333E+00  8.06380E-02  2.76167E-01
  4.3458333333E+00  4.3500000000E+00  8.05611E-02  2.68675E-01
  4.3500000000E+00  4.3541666667E+00  8.08329E-02  2.78959E-01
  4.3541666667E+00  4.3583333333E+00  8.07574E-02  2.76082E-01
  4.3583333333E+00  4.3625000000E+00  8.07503E-02  2.80030E-01
  4.3625000000E+00  4.3666666667E+00  8.08305E-02  2.86075E-01
  4.3666666667E+00  4.3708333333E+00  8.07142E-02  2.78040E-01
  4.3708333333E+00  4.3750000000E+00  8.05113E-02  2.75523E-01
  4.3750000000E+00  4.3791666667E+00  8.03915E-02  2.65659E-01
  4.3791666667E+00  4.3833333333E+00  8.05736E-02  2.72687E-01
  4.3833333333E+00  4.3875000000E+00  8.05881E-02  2.76067E-01
  4.3875000000E+00  4.3916666667E+00  8.05001E-02  2.79556E-01
  4.3916666667E+00  4.3958333333E+00  8.05552E-02  2.76166E-01
  4.3958333333E+00  4.4000000000E+00  8.06168E-02  2.87037E-01
  4.4000000000E+00  4.4041666667E+00  8.03942E-02  2.80518E-01
  4.4041666667E+00  4.4083333333E+00  8.04443E-02  2.84801E-01
  4.4083333333E+00  4.4125000000E+00  8.04979E-02  2.85066E-01
  4.4125000000E+00  4.4166666667E+00  8.03406E-02  2.86391E-01
  4.4166666667E+00  4.4208333333E+00  8.01066E-02  2.71863E-01
  4.4208333333E+00  4.4250000000E+00  8.03109E-02  2.83267E-01
  4.4250000000E+00  4.4291666667E+00  8.03376E-02  2.86540E-01
  4.4291666667E+00  4.4333333333E+00  8.02392E-02  2.84016E-01
  4.4333333333E+00  4.4375000000E+00  8.02601E-02  2.88960E-01
  4.4375000000E+00  4.4416666667E+00  8.02468E-02  2.87222E-01
  4.4416666667E+00  4.4458333333E+00  8.00802E-02  2.77981E-01
  4.4458333333E+00  4.4500000000E+00  8.02721E-02  2.93030E-01
  4.4500000000E+00  4.4541666667E+00  7.99358E-02  2.78787E-01
  4.4541666667E+00  4.4583333333E+00  7.99011E-02  2.82598E-01
  4.4583333333E+00  4.4625000000E+00  7.98755E-02  2.85151E-01
  4.4625000000E+00  4.4666666667E+00  7.97929E-02  2.78188E-01
  4.4666666667E+00  4.4708333333E+00  7.96465E-02  2.78295E-01
  4.4708333333E+00  4.4750000000E+00  7.98019E-02  2.82945E-01
  4.4750000000E+00  4.4791666667E+00  7.98975E-02  2.91299E-01
  4.4791666667E+00  4.4833333333E+00  7.97049E-02  2.86624E-01
  4.4833333333E+00  4.4875000000E+00  7.96571E-02  2.79468E-01
  4.4875000000E+00  4.4916666667E+00  7.95160E-02  2.74779E-01
  4.4916666667E+00  4.4958333333E+00  7.96638E-02  2.92007E-01
  4.4958333333E+00  4.5000000000E+00  7.96720E-02  2.81833E-01
  4.5000000000E+00  4.5041666667E+00  7.96910E-02  2.87595E-01
  4.5041666667E+00  4.5083333333E+00  7.97962E-02  2.95349E-01
  4.5083333333E+00  4.5125000000E+00  7.94712E-02  2.80446E-01
  4.5125000000E+00  4.5166666667E+00  7.94610E-02  2.88512E-01
  4.5166666667E+00  4.5208333333E+00  7.94146E-02  2.82923E-01
  4.5208333333E+00  4.5250000000E+00  7.95860E-02  2.91450E-01
  4.5250000000E+00  4.5291666667E+00  7.94309E-02  2.85372E-01
  4.5291666667E+00  4.5333333333E+00  7.92764E-02  2.82057E-01
  4.5333333333E+00  4.5375000000E+00  7.93803E-02  2.90652E-01
  4.5375000000E+00  4.5416666667E+00  7.93188E-02  2.83091E-01
  4.5416666667E+00  4.5458333333E+00  7.93421E-02  2.84154E-01
  4.5458333333E+00  4.5500000000E+00  7.93960E-02  2.88385E-01
  4.5500000000E+00  4.5541666667E+00  7.92622E-02  2.84727E-01
  4.5541666667E+00  4.5583333333E+00  7.90783E-02  2.86782E-01
  4.5583333333E+00  4.5625000000E+00  7.92033E-02  2.89775E-01
  4.5625000000E+00  4.5666666667E+00  7.94257E-02  3.02876E-01
  4.5666666667E+00  4.5708333333E+00  7.91049E-02  2.86204E-01
  4.5708333333E+00  4.5750000000E+00  7.91018E-02  2.80375E-01
  4.5750000000E+00  4.5791666667E+00  7.91943E-02  2.89474E-01
  4.5791666667E+00  4.5833333333E+00  7.92355E-02  2.90693E-01
  4.5833333333E+00  4.5875000000E+00  7.93523E-02  2.96479E-01
  4.5875000000E+00  4.5916666667E+00  7.92926E-02  2.93527E-01
  4.5916666667E+00  4.5958333333E+00  7.93329E-02  2.91289E-01
  4.5958333333E+00  4.6000000000E+00  7.93959E-02  2.89149E-01
  4.6000000000E+00  4.6041666667E+00  7.96285E-02  2.96318E-01
  4.6041666667E+00  4.6083333333E+00  7.94985E-02  2.98660E-01
  4.6083333333E+00  4.6125000000E+00  7.93516E-02  2.92256E-01
  4.6125000000E+00  4.6166666667E+00  7.94464E-02  2.95270E-01
  4.6166666667E+00  4.6208333333E+00  7.94615E-02  2.97705E-01
  4.6208333333E+00  4.6250000000E+00  7.94124E-02  2.93709E-01
  4.6250000000E+00  4.6291666667E+00  7.95088E-02  2.92534E-01
  4.6291666667E+00  4.6333333333E+00  7.96371E-02  2.99255E-01
  4.6333333333E+00  4.6375000000E+00  7.95619E-02  3.02309E-01
  4.6375000000E+00  4.6416666667E+00  7.92755E-02  2.90778E-01
  4.6416666667E+00  4.6458333333E+00  7.95738E-02  3.05973E-01
  4.6458333333E+00  4.6500000000E+00  7.95547E-02  2.97780E-01
  4.6500000000E+00  4.6541666667E+00  7.96882E-02  3.03028E-01
  4.6541666667E+00  4.6583333333E+00  7.94670E-02  2.99049E-01
  4.6583333333E+00  4.6625000000E+00  7.94744E-02  2.99448E-01
  4.6625000000E+00  4.6666666667E+00  7.94892E-02  3.04453E-01
  4.6666666667E+00  4.6708333333E+00  7.93495E-02  3.01376E-01
  4.6708333333E+00  4.6750000000E+00  7.91023E-02  2.99249E-01
  4.6750000000E+00  4.6791666667E+00  7.91849E-02  3.09034E-01
  4.6791666667E+00  4.6833333333E+00  7.89717E-02  2.96840E-01
  4.6833333333E+00  4.6875000000E+00  7.89489E-02  2.98074E-01
  4.6875000000E+00  4.6916666667E+00  7.90055E-02  3.03315E-01
  4.6916666667E+00  4.6958333333E+00  7.91657E-02  3.04575E-01
  4.6958333333E+00  4.7000000000E+00  7.91837E-02  3.01273E-01
  4.7000000000E+00  4.7041666667E+00  7.92831E-02  3.08459E-01
  4.7041666667E+00  4.7083333333E+00  7.89929E-02  3.00832E-01
  4.7083333333E+00  4.7125000000E+00  7.88251E-02  2.97555E-01
  4.7125000000E+00  4.7166666667E+00  7.89270E-02  3.06915E-01
  4.7166666667E+00  4.7208333333E+00  7.86611E-02  3.00804E-01
  4.7208333333E+00  4.7250000000E+00  7.86617E-02  3.07791E-01
  4.7250000000E+00  4.7291666667E+00  7.84631E-02  3.04607E-01
  4.7291666667E+00  4.7333333333E+00  7.85986E-02  3.08720E-01
  4.7333333333E+00  4.7375000000E+00  7.86792E-02  3.10588E-01
  4.7375000000E+00  4.7416666667E+00  7.85832E-02  3.08358E-01
  4.7416666667E+00  4.7458333333E+00  7.84632E-02  3.06998E-01
  4.7458333333E+00  4.7500000000E+00  7.81978E-02  3.05081E-01
  4.7500000000E+00  4.7541666667E+00  7.81818E-02  3.03755E-01
  4.7541666667E+00  4.7583333333E+00  7.84767E-02  3.10330E-01
  4.7583333333E+00  4.7625000000E+00  7.85270E-02  3.14295E-01
  4.7625000000E+00  4.7666666667E+00  7.85072E-02  3.15217E-01
  4.7666666667E+00  4.7708333333E+00  7.84977E-02  3.11169E-01
  4.7708333333E+00  4.7750000000E+00  7.84809E-02  3.13240E-01
  4.7750000000E+00  4.7791666667E+00  7.84636E-02  3.12981E-01
  4.7791666667E+00  4.7833333333E+00  7.84969E-02  3.11595E-01
  4.7833333333E+00  4.7875000000E+00  7.86440E-02  3.12538E-01
  4.7875000000E+00  4.7916666667E+00  7.86775E-02  3.18892E-01
  4.7916666667E+00  4.7958333333E+00  7.87409E-02  3.16966E-01
  4.7958333333E+00  4.8000000000E+00  7.87249E-02  3.16346E-01
  4.8000000000E+00  4.8041666667E+00  7.86766E-02  3.17712E-01
  4.8041666667E+00  4.8083333333E+00  7.89217E-02  3.20883E-01
  4.8083333333E+00  4.8125000000E+00  7.88422E-02  3.18340E-01
  4.8125000000E+00  4.8166666667E+00  7.90895E-02  3.28927E-01
  4.8166666667E+00  4.8208333333E+00  7.90464E-02  3.20926E-01
  4.8208333333E+00  4.8250000000E+00  7.89996E-02  3.18958E-01
  4.8250000000E+00  4.8291666667E+00  7.90937E-02  3.21432E-01
  4.8291666667E+00  4.8333333333E+00  7.92347E-02  3.22819E-01
  4.8333333333E+00  4.8375000000E+00  7.91499E-02  3.24245E-01
  4.8375000000E+00  4.8416666667E+00  7.93155E-02  3.32489E-01
  4.8416666667E+00  4.8458333333E+00  7.92244E-02  3.28256E-01
  4.8458333333E+00  4.8500000000E+00  7.92003E-02  3.29727E-01
  4.8500000000E+00  4.8541666667E+00  7.90209E-02  3.29794E-01
  4.8541666667E+00  4.8583333333E+00  7.90519E-02  3.31582E-01
  4.8583333333E+00  4.8625000000E+00  7.88715E-02  3.29271E-01
  4.8625000000E+00  4.8666666667E+00  7.89386E-02  3.33172E-01
  4.8666666667E+00  4.8708333333E+00  7.88193E-02  3.35191E-01
  4.8708333333E+00  4.8750000000E+00  7.87386E-02  3.35022E-01
  4.8750000000E+00  4.8791666667E+00  7.86999E-02  3.35631E-01
  4.8791666667E+00  4.8833333333E+00  7.89989E-02  3.39532E-01
  4.8833333333E+00  4.8875000000E+00  7.85679E-02  3.33611E-01
  4.8875000000E+00  4.8916666667E+00  7.87840E-02  3.42743E-01
  4.8916666667E+00  4.8958333333E+00  7.87007E-02  3.42241E-01
  4.8958333333E+00  4.9000000000E+00  7.88068E-02  3.39782E-01
  4.9000000000E+00  4.9041666667E+00  7.88952E-02  3.39978E-01
  4.9041666667E+00  4.9083333333E+00  7.89173E-02  3.38976E-01
  4.9083333333E+00  4.9125000000E+00  7.91733E-02  3.43580E-01
  4.9125000000E+00  4.9166666667E+00  7.93813E-02  3.45046E-01
  4.9166666667E+00  4.9208333333E+00  7.95049E-02  3.48300E-01
  4.9208333333E+00  4.9250000000E+00  8.00291E-02  3.50120E-01
  4.9250000000E+00  4.9291666667E+00  8.01658E-02  3.47283E-01
  4.9291666667E+00  4.9333333333E+00  8.03690E-02  3.47026E-01
  4.9333333333E+00  4.9375000000E+00  8.06492E-02  3.52442E-01
  4.9375000000E+00  4.9416666667E+00  8.11038E-02  3.52885E-01
  4.9416666667E+00  4.9458333333E+00  8.12864E-02  3.52419E-01
  4.9458333333E+00  4.9500000000E+00  8.17974E-02  3.58321E-01
  4.9500000000E+00  4.9541666667E+00  8.19986E-02  3.57203E-01
  4.9541666667E+00  4.9583333333E+00  8.22745E-02  3.61316E-01
  4.9583333333E+00  4.9625000000E+00  8.29552E-02  3.69407E-01
  4.9625000000E+00  4.9666666667E+00  8.31426E-02  3.65847E-01
  4.9666666667E+00  4.9708333333E+00  8.35807E-02  3.70309E-01
  4.9708333333E+00  4.9750000000E+00  8.35305E-02  3.75157E-01
  4.9750000000E+00  4.9791666667E+00  8.37174E-02  3.81165E-01
  4.9791666667E+00  4.9833333333E+00  8.37667E-02  3.82725E-01
  4.9833333333E+00  4.9875000000E+00  8.34092E-02  3.88859E-01
  4.9875000000E+00  4.9916666667E+00  8.30349E-02  3.92781E-01
  4.9916666667E+00  4.9958333333E+00  8.26406E-02  3.97835E-01
  4.9958333333E+00  5.0000000000E+00  8.19466E-02  4.03049E-01
  5.0000000000E+00  5.0041666667E+00  8.16484E-02  4.08382E-01
  5.0041666667E+00  5.0083333333E+00  8.09150E-02  4.18481E-01
  5.0083333333E+00  5.0125000000E+00  7.96620E-02  4.23269E-01
  5.0125000000E+00  5.0166666667E+00  7.79427E-02  4.30995E-01
  5.0166666667E+00  5.0208333333E+00  7.64190E-02  4.40383E-01
  5.0208333333E+00  5.0250000000E+00  7.46954E-02  4.51324E-01
  5.0250000000E+00  5.0291666667E+00  7.26764E-02  4.61287E-01
  5.0291666667E+00  5.0333333333E+00  7.05496E-02  4.72148E-01
  5.0333333333E+00  5.0375000000E+00  6.81065E-02  4.87042E-01
  5.0375000000E+00  5.0416666667E+00  6.54726E-02  5.00628E-01
  5.0416666667E+00  5.0458333333E+00  6.26636E-02  5.15033E-01
  5.0458333333E+00  5.0500000000E+00  5.94048E-02  5.32305E-01
  5.0500000000E+00  5.0541666667E+00  5.63346E-02  5.52098E-01
  5.0541666667E+00  5.0583333333E+00  5.33376E-02  5.70655E-01
  5.0583333333E+00  5.0625000000E+00  5.04237E-02  5.93081E-01
  5.0625000000E+00  5.0666666667E+00  4.69280E-02  6.18855E-01
  5.0666666667E+00  5.0708333333E+00  4.38353E-02  6.44744E-01
  5.0708333333E+00  5.0750000000E+00  4.04196E-02  6.74245E-01
  5.0750000000E+00  5.0791666667E+00  3.71872E-02  7.05799E-01
  5.0791666667E+00  5.0833333333E+00  3.42595E-02  7.42047E-01
  5.0833333333E+00  5.0875000000E+00  3.12971E-02  7.82742E-01
  5.0875000000E+00  5.0916666667E+00  2.83840E-02  8.23282E-01
  5.0916666667E+00  5.0958333333E+00  2.56283E-02  8.78812E-01
  5.0958333333E+00  5.1000000000E+00  2.29263E-02  9.27488E-01
  5.1000000000E+00  5.1041666667E+00  2.05222E-02  9.86175E-01
  5.1041666667E+00  5.1083333333E+00  1.82642E-02  1.05023E+00
  5.1083333333E+00  5.1125000000E+00  1.59849E-02  1.12935E+00
  5.1125000000E+00  5.1166666667E+00  1.40891E-02  1.21355E+00
  5.1166666667E+00  5.1208333333E+00  1.21725E-02  1.31122E+00
  5.1208333333E+00  5.1250000000E+00  1.03988E-02  1.40621E+00
  5.1250000000E+00  5.1291666667E+00  8.94507E-03  1.52991E+00
  5.1291666667E+00  5.1333333333E+00  7.80579E-03  1.64616E+00
  5.1333333333E+00  5.1375000000E+00  6.56358E-03  1.80449E+00
  5.1375000000E+00  5.1416666667E+00  5.47822E-03  1.96848E+00
  5.1416666667E+00  5.1458333333E+00  4.58334E-03  2.14839E+00
  5.1458333333E+00  5.1500000000E+00  3.97083E-03  2.33562E+00
  5.1500000000E+00  5.1541666667E+00  3.24655E-03  2.56915E+00
  5.1541666667E+00  5.1583333333E+00  2.67604E-03  2.81156E+00
  5.1583333333E+00  5.1625000000E+00  2.27554E-03  3.12273E+00
  5.1625000000E+00  5.1666666667E+00  1.84617E-03  3.45532E+00
  5.1666666667E+00  5.1708333333E+00  1.47751E-03  3.84037E+00
  5.1708333333E+00  5.1750000000E+00  1.17719E-03  4.25168E+00
  5.1750000000E+00  5.1791666667E+00  1.00786E-03  4.59260E+00
  5.1791666667E+00  5.1833333333E+00  8.08031E-04  5.12643E+00
  5.1833333333E+00  5.1875000000E+00  6.32339E-04  5.61186E+00
  5.1875000000E+00  5.1916666667E+00  5.41036E-04  6.22646E+00
  5.1916666667E+00  5.1958333333E+00  4.38222E-04  6.68332E+00
  5.1958333333E+00  5.2000000000E+00  3.82818E-04  7.17223E+00
  5.2000000000E+00  5.2041666667E+00  3.13004E-04  7.87788E+00
  5.2041666667E+00  5.2083333333E+00  2.53158E-04  8.69312E+00
  5.2083333333E+00  5.2125000000E+00  2.23845E-04  9.19966E+00
  5.2125000000E+00  5.2166666667E+00  1.91138E-04  9.70578E+00
  5.2166666667E+00  5.2208333333E+00  1.64221E-04  1.01921E+01
  5.2208333333E+00  5.2250000000E+00  1.39474E-04  1.08329E+01
  5.2250000000E+00  5.2291666667E+00  1.28814E-04  1.11962E+01
  5.2291666667E+00  5.2333333333E+00  1.09770E-04  1.11475E+01
  5.2333333333E+00  5.2375000000E+00  1.07426E-04  1.18974E+01
  5.2375000000E+00  5.2416666667E+00  9.85251E-05  1.15312E+01
  5.2416666667E+00  5.2458333333E+00  8.97623E-05  1.18434E+01
  5.2458333333E+00  5.2500000000E+00  8.45192E-05  1.15634E+01
  5.2500000000E+00  5.2541666667E+00  8.05179E-05  1.09649E+01
  5.2541666667E+00  5.2583333333E+00  8.14494E-05  1.10965E+01
  5.2583333333E+00  5.2625000000E+00  9.13137E-05  1.23149E+01
  5.2625000000E+00  5.2666666667E+00  8.90300E-05  1.27620E+01
  5.2666666667E+00  5.2708333333E+00  7.96286E-05  1.24039E+01
  5.2708333333E+00  5.2750000000E+00  7.75438E-05  1.27922E+01
  5.2750000000E+00  5.2791666667E+00  6.73159E-05  1.28280E+01
  5.2791666667E+00  5.2833333333E+00  6.71622E-05  1.20539E+01
  5.2833333333E+00  5.2875000000E+00  6.83781E-05  1.31730E+01
  5.2875000000E+00  5.2916666667E+00  6.17188E-05  1.24745E+01
  5.2916666667E+00  5.2958333333E+00  6.07962E-05  1.24201E+01
  5.2958333333E+00  5.3000000000E+00  6.75610E-05  1.37961E+01
  5.3000000000E+00  5.3041666667E+00  6.46848E-05  1.27670E+01
  5.3041666667E+00  5.3083333333E+00  6.87693E-05  1.36782E+01
  5.3083333333E+00  5.3125000000E+00  6.16231E-05  1.28134E+01
  5.3125000000E+00  5.3166666667E+00  6.52557E-05  1.39845E+01
  5.3166666667E+00  5.3208333333E+00  6.46686E-05  1.39278E+01
  5.3208333333E+00  5.3250000000E+00  6.27097E-05  1.44831E+01
  5.3250000000E+00  5.3291666667E+00  5.73902E-05  1.36843E+01
  5.3291666667E+00  5.3333333333E+00  5.78220E-05  1.39357E+01
  5.3333333333E+00  5.3375000000E+00  6.05565E-05  1.42647E+01
  5.3375000000E+00  5.3416666667E+00  6.38354E-05  1.47099E+01
  5.3416666667E+00  5.3458333333E+00  5.60397E-05  1.47936E+01
  5.3458333333E+00  5.3500000000E+00  5.55703E-05  1.55421E+01
  5.3500000000E+00  5.3541666667E+00  5.33774E-05  1.53576E+01
  5.3541666667E+00  5.3583333333E+00  5.82250E-05  1.61671E+01
  5.3583333333E+00  5.3625000000E+00  4.91920E-05  1.47787E+01
  5.3625000000E+00  5.3666666667E+00  5.03785E-05  1.55219E+01
  5.3666666667E+00  5.3708333333E+00  5.71207E-05  1.64095E+01
  5.3708333333E+00  5.3750000000E+00  4.62091E-05  1.57477E+01
  5.3750000000E+00  5.3791666667E+00  5.19817E-05  1.72121E+01
  5.3791666667E+00  5.3833333333E+00  5.05158E-05  1.76032E+01
  5.3833333333E+00  5.3875000000E+00  4.69557E-05  1.73021E+01
  5.3875000000E+00  5.3916666667E+00  4.16744E-05  1.78742E+01
  5.3916666667E+00  5.3958333333E+00  4.58617E-05  1.80226E+01
  5.3958333333E+00  5.4000000000E+00  3.85256E-05  1.79950E+01
  5.4000000000E+00  5.4041666667E+00  3.35149E-05  1.72898E+01
  5.4041666667E+00  5.4083333333E+00  3.55668E-05  1.96861E+01
  5.4083333333E+00  5.4125000000E+00  3.39338E-05  1.88827E+01
  5.4125000000E+00  5.4166666667E+00  3.48028E-05  1.95386E+01
  5.4166666667E+00  5.4208333333E+00  3.58228E-05  2.07964E+01
  5.4208333333E+00  5.4250000000E+00  3.01209E-05  1.97004E+01
  5.4250000000E+00  5.4291666667E+00  2.76115E-05  1.81028E+01
  5.4291666667E+00  5.4333333333E+00  3.05188E-05  2.05861E+01
  5.4333333333E+00  5.4375000000E+00  3.01069E-05  1.90429E+01
  5.4375000000E+00  5.4416666667E+00  3.16823E-05  2.02738E+01
  5.4416666667E+00  5.4458333333E+00  3.22347E-05  1.97263E+01
  5.4458333333E+00  5.4500000000E+00  3.46729E-05  2.09409E+01
  5.4500000000E+00  5.4541666667E+00  4.21168E-05  2.26441E+01
  5.4541666667E+00  5.4583333333E+00  3.31164E-05  2.20508E+01
  5.4583333333E+00  5.4625000000E+00  2.46920E-05  2.25403E+01
  5.4625000000E+00  5.4666666667E+00  2.67851E-05  2.39699E+01
  5.4666666667E+00  5.4708333333E+00  3.29198E-05  2.46084E+01
  5.4708333333E+00  5.4750000000E+00  2.39431E-05  2.68341E+01
  5.4750000000E+00  5.4791666667E+00  2.11423E-05  2.67593E+01
  5.4791666667E+00  5.4833333333E+00  1.97791E-05  2.96698E+01
  5.4833333333E+00  5.4875000000E+00  1.82208E-05  2.79554E+01
  5.4875000000E+00  5.4916666667E+00  1.93544E-05  2.73433E+01
  5.4916666667E+00  5.4958333333E+00  2.34693E-05  2.80172E+01
  5.4958333333E+00  5.5000000000E+00  2.67661E-05  3.02242E+01
  5.5000000000E+00  5.5041666667E+00  1.19833E-05  3.14987E+01
  5.5041666667E+00  5.5083333333E+00  1.46658E-05  3.53596E+01
  5.5083333333E+00  5.5125000000E+00  1.27209E-05  3.55625E+01
  5.5125000000E+00  5.5166666667E+00  9.42691E-06  3.43897E+01
  5.5166666667E+00  5.5208333333E+00  1.08043E-05  3.71497E+01
  5.5208333333E+00  5.5250000000E+00  1.31663E-05  4.08341E+01
  5.5250000000E+00  5.5291666667E+00  1.11941E-05  3.79030E+01
  5.5291666667E+00  5.5333333333E+00  1.35337E-05  4.00797E+01
  5.5333333333E+00  5.5375000000E+00  1.04816E-05  3.97917E+01
  5.5375000000E+00  5.5416666667E+00  9.01758E-06  4.29315E+01
  5.5416666667E+00  5.5458333333E+00  1.21559E-05  3.80878E+01
  5.5458333333E+00  5.5500000000E+00  1.15483E-05  4.29781E+01
  5.5500000000E+00  5.5541666667E+00  9.28058E-06  5.35480E+01
  5.5541666667E+00  5.5583333333E+00  7.25061E-06  6.19981E+01
  5.5583333333E+00  5.5625000000E+00  3.66442E-06  5.56244E+01
  5.5625000000E+00  5.5666666667E+00  3.99740E-06  5.82221E+01
  5.5666666667E+00  5.5708333333E+00  4.74358E-06  6.46282E+01
  5.5708333333E+00  5.5750000000E+00  5.45421E-06  6.70763E+01
  5.5750000000E+00  5.5791666667E+00  2.16466E-06  7.09350E+01
  5.5791666667E+00  5.5833333333E+00  2.31958E-06  7.07499E+01
  5.5833333333E+00  5.5875000000E+00  2.42860E-06  6.72147E+01
  5.5875000000E+00  5.5916666667E+00  2.72028E-06  7.12015E+01
  5.5916666667E+00  5.5958333333E+00  3.10263E-06  7.16072E+01
  5.5958333333E+00  5.6000000000E+00  3.80914E-06  7.27762E+01
  5.6000000000E+00  5.6041666667E+00  5.76110E-06  5.86453E+01
  5.6041666667E+00  5.6083333333E+00  1.92436E-06  1.00000E+02
  5.6083333333E+00  5.6125000000E+00  2.76675E-06  1.00000E+02
  5.6125000000E+00  5.6166666667E+00  2.91799E-06  1.00000E+02
  5.6166666667E+00  5.6208333333E+00  0.00000E+00  0.00000E+00
  5.6208333333E+00  5.6250000000E+00  0.00000E+00  0.00000E+00
  5.6250000000E+00  5.6291666667E+00  0.00000E+00  0.00000E+00
  5.6291666667E+00  5.6333333333E+00  0.00000E+00  0.00000E+00
  5.6333333333E+00  5.6375000000E+00  0.00000E+00  0.00000E+00
  5.6375000000E+00  5.6416666667E+00  0.00000E+00  0.00000E+00
  5.6416666667E+00  5.6458333333E+00  2.97397E-06  1.00000E+02
  5.6458333333E+00  5.6500000000E+00  3.14003E-06  6.53734E+01
  5.6500000000E+00  5.6541666667E+00  0.00000E+00  0.00000E+00
  5.6541666667E+00  5.6583333333E+00  0.00000E+00  0.00000E+00
  5.6583333333E+00  5.6625000000E+00  0.00000E+00  0.00000E+00
  5.6625000000E+00  5.6666666667E+00  0.00000E+00  0.00000E+00
  5.6666666667E+00  5.6708333333E+00  0.00000E+00  0.00000E+00
  5.6708333333E+00  5.6750000000E+00  6.37879E-07  1.00000E+02
  5.6750000000E+00  5.6791666667E+00  0.00000E+00  0.00000E+00
  5.6791666667E+00  5.6833333333E+00  0.00000E+00  0.00000E+00
  5.6833333333E+00  5.6875000000E+00  0.00000E+00  0.00000E+00
  5.6875000000E+00  5.6916666667E+00  0.00000E+00  0.00000E+00
  5.6916666667E+00  5.6958333333E+00  0.00000E+00  0.00000E+00
  5.6958333333E+00  5.7000000000E+00  0.00000E+00  0.00000E+00
  5.7000000000E+00  5.7041666667E+00  0.00000E+00  0.00000E+00
  5.7041666667E+00  5.7083333333E+00  0.00000E+00  0.00000E+00
  5.7083333333E+00  5.7125000000E+00  0.00000E+00  0.00000E+00
  5.7125000000E+00  5.7166666667E+00  0.00000E+00  0.00000E+00
  5.7166666667E+00  5.7208333333E+00  0.00000E+00  0.00000E+00
  5.7208333333E+00  5.7250000000E+00  0.00000E+00  0.00000E+00
  5.7250000000E+00  5.7291666667E+00  0.00000E+00  0.00000E+00
  5.7291666667E+00  5.7333333333E+00  7.96990E-09  1.00000E+02
  5.7333333333E+00  5.7375000000E+00  0.00000E+00  0.00000E+00
  5.7375000000E+00  5.7416666667E+00  0.00000E+00  0.00000E+00
  5.7416666667E+00  5.7458333333E+00  0.00000E+00  0.00000E+00
  5.7458333333E+00  5.7500000000E+00  0.00000E+00  0.00000E+00
  5.7500000000E+00  5.7541666667E+00  0.00000E+00  0.00000E+00
  5.7541666667E+00  5.7583333333E+00  0.00000E+00  0.00000E+00
  5.7583333333E+00  5.7625000000E+00  0.00000E+00  0.00000E+00
  5.7625000000E+00  5.7666666667E+00  0.00000E+00  0.00000E+00
  5.7666666667E+00  5.7708333333E+00  0.00000E+00  0.00000E+00
  5.7708333333E+00  5.7750000000E+00  0.00000E+00  0.00000E+00
  5.7750000000E+00  5.7791666667E+00  0.00000E+00  0.00000E+00
  5.7791666667E+00  5.7833333333E+00  0.00000E+00  0.00000E+00
  5.7833333333E+00  5.7875000000E+00  0.00000E+00  0.00000E+00
  5.7875000000E+00  5.7916666667E+00  7.96990E-09  1.00000E+02
  5.7916666667E+00  5.7958333333E+00  0.00000E+00  0.00000E+00
  5.7958333333E+00  5.8000000000E+00  0.00000E+00  0.00000E+00
  5.8000000000E+00  5.8041666667E+00  0.00000E+00  0.00000E+00
  5.8041666667E+00  5.8083333333E+00  0.00000E+00  0.00000E+00
  5.8083333333E+00  5.8125000000E+00  0.00000E+00  0.00000E+00
  5.8125000000E+00  5.8166666667E+00  0.00000E+00  0.00000E+00
  5.8166666667E+00  5.8208333333E+00  0.00000E+00  0.00000E+00
  5.8208333333E+00  5.8250000000E+00  0.00000E+00  0.00000E+00
  5.8250000000E+00  5.8291666667E+00  0.00000E+00  0.00000E+00
  5.8291666667E+00  5.8333333333E+00  0.00000E+00  0.00000E+00
  5.8333333333E+00  5.8375000000E+00  0.00000E+00  0.00000E+00
  5.8375000000E+00  5.8416666667E+00  0.00000E+00  0.00000E+00
  5.8416666667E+00  5.8458333333E+00  0.00000E+00  0.00000E+00
  5.8458333333E+00  5.8500000000E+00  0.00000E+00  0.00000E+00
  5.8500000000E+00  5.8541666667E+00  1.05183E-08  1.00000E+02
  5.8541666667E+00  5.8583333333E+00  0.00000E+00  0.00000E+00
  5.8583333333E+00  5.8625000000E+00  0.00000E+00  0.00000E+00
  5.8625000000E+00  5.8666666667E+00  0.00000E+00  0.00000E+00
  5.8666666667E+00  5.8708333333E+00  0.00000E+00  0.00000E+00
  5.8708333333E+00  5.8750000000E+00  0.00000E+00  0.00000E+00
  5.8750000000E+00  5.8791666667E+00  0.00000E+00  0.00000E+00
  5.8791666667E+00  5.8833333333E+00  0.00000E+00  0.00000E+00
  5.8833333333E+00  5.8875000000E+00  0.00000E+00  0.00000E+00
  5.8875000000E+00  5.8916666667E+00  0.00000E+00  0.00000E+00
  5.8916666667E+00  5.8958333333E+00  0.00000E+00  0.00000E+00
  5.8958333333E+00  5.9000000000E+00  0.00000E+00  0.00000E+00
  5.9000000000E+00  5.9041666667E+00  2.66659E-08  8.81868E+01
  5.9041666667E+00  5.9083333333E+00  0.00000E+00  0.00000E+00
  5.9083333333E+00  5.9125000000E+00  0.00000E+00  0.00000E+00
  5.9125000000E+00  5.9166666667E+00  0.00000E+00  0.00000E+00
  5.9166666667E+00  5.9208333333E+00  0.00000E+00  0.00000E+00
  5.9208333333E+00  5.9250000000E+00  0.00000E+00  0.00000E+00
  5.9250000000E+00  5.9291666667E+00  0.00000E+00  0.00000E+00
  5.9291666667E+00  5.9333333333E+00  0.00000E+00  0.00000E+00
  5.9333333333E+00  5.9375000000E+00  5.60816E-09  9.99993E+01
  5.9375000000E+00  5.9416666667E+00  0.00000E+00  0.00000E+00
  5.9416666667E+00  5.9458333333E+00  0.00000E+00  0.00000E+00
  5.9458333333E+00  5.9500000000E+00  0.00000E+00  0.00000E+00
  5.9500000000E+00  5.9541666667E+00  0.00000E+00  0.00000E+00
  5.9541666667E+00  5.9583333333E+00  0.00000E+00  0.00000E+00
  5.9583333333E+00  5.9625000000E+00  0.00000E+00  0.00000E+00
  5.9625000000E+00  5.9666666667E+00  0.00000E+00  0.00000E+00
  5.9666666667E+00  5.9708333333E+00  0.00000E+00  0.00000E+00
  5.9708333333E+00  5.9750000000E+00  0.00000E+00  0.00000E+00
  5.9750000000E+00  5.9791666667E+00  0.00000E+00  0.00000E+00
  5.9791666667E+00  5.9833333333E+00  0.00000E+00  0.00000E+00
  5.9833333333E+00  5.9875000000E+00  0.00000E+00  0.00000E+00
  5.9875000000E+00  5.9916666667E+00  0.00000E+00  0.00000E+00
  5.9916666667E+00  5.9958333333E+00  0.00000E+00  0.00000E+00
  5.9958333333E+00  6.0000000000E+00  0.00000E+00  0.00000E+00
  6.0000000000E+00  6.0000000000E+00  0.00000E+00  0.00000E+00