# Detector n: 1D Projection
  1.0000000000E+00  1.0041666667E+00  3.93984E-02  3.68768E-01
  1.0041666667E+00  1.0083333333E+00  3.95579E-02  3.79968E-01
  1.0083333333E+00  1.0125000000E+00  3.94116E-02  3.70571E-01
  1.0125000000E+00  1.0166666667E+00  3.95622E-02  3.73528E-01
  1.0166666667E+00  1.0208333333E+00  3.93888E-02  3.63029E-01
  1.0208333333E+00  1.0250000000E+00  3.93434E-02  3.30077E-01
  1.0250000000E+00  1.0291666667E+00  3.94522E-02  3.55564E-01
  1.0291666667E+00  1.0333333333E+00  3.95206E-02  3.40490E-01
  1.0333333333E+00  1.0375000000E+00  3.97315E-02  3.87707E-01
  1.0375000000E+00  1.0416666667E+00  3.95311E-02  4.09209E-01
  1.0416666667E+00  1.0458333333E+00  3.95238E-02  3.61555E-01
  1.0458333333E+00  1.0500000000E+00  3.94413E-02  3.36373E-01
  1.0500000000E+00  1.0541666667E+00  3.98562E-02  4.35511E-01
  1.0541666667E+00  1.0583333333E+00  3.98433E-02  4.74585E-01
  1.0583333333E+00  1.0625000000E+00  3.96908E-02  4.18531E-01
  1.0625000000E+00  1.0666666667E+00  3.97863E-02  4.48131E-01
  1.0666666667E+00  1.0708333333E+00  3.98136E-02  4.11580E-01
  1.0708333333E+00  1.0750000000E+00  4.00157E-02  4.56012E-01
  1.0750000000E+00  1.0791666667E+00  4.01179E-02  4.81697E-01
  1.0791666667E+00  1.0833333333E+00  3.99385E-02  4.03669E-01
  1.0833333333E+00  1.0875000000E+00  3.99367E-02  3.56845E-01
  1.0875000000E+00  1.0916666667E+00  4.01775E-02  4.12683E-01
  1.0916666667E+00  1.0958333333E+00  3.99853E-02  3.62392E-01
  1.0958333333E+00  1.1000000000E+00  4.01843E-02  3.56880E-01
  1.1000000000E+00  1.1041666667E+00  4.02000E-02  3.65804E-01
  1.1041666667E+00  1.1083333333E+00  4.01919E-02  3.79707E-01
  1.1083333333E+00  1.1125000000E+00  3.99222E-02  3.21498E-01
  1.1125000000E+00  1.1166666667E+00  4.01593E-02  3.49964E-01
  1.1166666667E+00  1.1208333333E+00  4.00237E-02  3.37401E-01
  1.1208333333E+00  1.1250000000E+00  4.00166E-02  3.25344E-01
  1.1250000000E+00  1.1291666667E+00  4.00762E-02  3.66431E-01
  1.1291666667E+00  1.1333333333E+00  4.02470E-02  3.69367E-01
  1.1333333333E+00  1.1375000000E+00  4.00952E-02  3.28938E-01
  1.1375000000E+00  1.1416666667E+00  4.04044E-02  4.59429E-01
  1.1416666667E+00  1.1458333333E+00  4.01967E-02  3.70299E-01
  1.1458333333E+00  1.1500000000E+00  4.03299E-02  3.86461E-01
  1.1500000000E+00  1.1541666667E+00  4.05371E-02  4.49792E-01
  1.1541666667E+00  1.1583333333E+00  4.02566E-02  3.29698E-01
  1.1583333333E+00  1.1625000000E+00  4.05651E-02  4.56433E-01
  1.1625000000E+00  1.1666666667E+00  4.04134E-02  4.43681E-01
  1.1666666667E+00  1.1708333333E+00  4.00243E-02  3.14496E-01
  1.1708333333E+00  1.1750000000E+00  4.01440E-02  3.12708E-01
  1.1750000000E+00  1.1791666667E+00  4.02756E-02  4.04053E-01
  1.1791666667E+00  1.1833333333E+00  4.00524E-02  3.24386E-01
  1.1833333333E+00  1.1875000000E+00  4.00942E-02  3.29325E-01
  1.1875000000E+00  1.1916666667E+00  4.01909E-02  3.43090E-01
  1.1916666667E+00  1.1958333333E+00  4.03516E-02  3.65911E-01
  1.1958333333E+00  1.2000000000E+00  4.05361E-02  4.33282E-01
  1.2000000000E+00  1.2041666667E+00  4.04293E-02  4.01221E-01
  1.2041666667E+00  1.2083333333E+00  4.07484E-02  4.83385E-01
  1.2083333333E+00  1.2125000000E+00  4.05101E-02  3.90718E-01
  1.2125000000E+00  1.2166666667E+00  4.01690E-02  3.27135E-01
  1.2166666667E+00  1.2208333333E+00  4.02067E-02  3.26858E-01
  1.2208333333E+00  1.2250000000E+00  4.04123E-02  3.84243E-01
  1.2250000000E+00  1.2291666667E+00  4.03593E-02  3.53180E-01
  1.2291666667E+00  1.2333333333E+00  4.04655E-02  3.56767E-01
  1.2333333333E+00  1.2375000000E+00  4.07043E-02  3.96446E-01
  1.2375000000E+00  1.2416666667E+00  4.08019E-02  4.11179E-01
  1.2416666667E+00  1.2458333333E+00  4.07310E-02  4.20495E-01
  1.2458333333E+00  1.2500000000E+00  4.08634E-02  4.22273E-01
  1.2500000000E+00  1.2541666667E+00  4.11392E-02  4.47064E-01
  1.2541666667E+00  1.2583333333E+00  4.09611E-02  3.73066E-01
  1.2583333333E+00  1.2625000000E+00  4.08955E-02  3.57308E-01
  1.2625000000E+00  1.2666666667E+00  4.07978E-02  3.08115E-01
  1.2666666667E+00  1.2708333333E+00  4.10376E-02  4.25377E-01
  1.2708333333E+00  1.2750000000E+00  4.09018E-02  3.68921E-01
  1.2750000000E+00  1.2791666667E+00  4.09683E-02  3.60504E-01
  1.2791666667E+00  1.2833333333E+00  4.08086E-02  3.72993E-01
  1.2833333333E+00  1.2875000000E+00  4.09510E-02  4.05289E-01
  1.2875000000E+00  1.2916666667E+00  4.08991E-02  3.77994E-01
  1.2916666667E+00  1.2958333333E+00  4.06813E-02  2.92545E-01
  1.2958333333E+00  1.3000000000E+00  4.10890E-02  4.23753E-01
  1.3000000000E+00  1.3041666667E+00  4.11758E-02  4.25461E-01
  1.3041666667E+00  1.3083333333E+00  4.12695E-02  4.08862E-01
  1.3083333333E+00  1.3125000000E+00  4.11585E-02  3.60426E-01
  1.3125000000E+00  1.3166666667E+00  4.07986E-02  2.89979E-01
  1.3166666667E+00  1.3208333333E+00  4.09592E-02  3.62433E-01
  1.3208333333E+00  1.3250000000E+00  4.10366E-02  4.18030E-01
  1.3250000000E+00  1.3291666667E+00  4.08851E-02  3.21251E-01
  1.3291666667E+00  1.3333333333E+00  4.08737E-02  3.32458E-01
  1.3333333333E+00  1.3375000000E+00  4.12944E-02  4.50570E-01
  1.3375000000E+00  1.3416666667E+00  4.11410E-02  3.92909E-01
  1.3416666667E+00  1.3458333333E+00  4.11977E-02  3.89302E-01
  1.3458333333E+00  1.3500000000E+00  4.12034E-02  4.00041E-01
  1.3500000000E+00  1.3541666667E+00  4.09852E-02  3.32216E-01
  1.3541666667E+00  1.3583333333E+00  4.10398E-02  3.76339E-01
  1.3583333333E+00  1.3625000000E+00  4.09629E-02  3.29158E-01
  1.3625000000E+00  1.3666666667E+00  4.11532E-02  3.77726E-01
  1.3666666667E+00  1.3708333333E+00  4.10904E-02  3.52740E-01
  1.3708333333E+00  1.3750000000E+00  4.11744E-02  3.68184E-01
  1.3750000000E+00  1.3791666667E+00  4.11731E-02  3.53382E-01
  1.3791666667E+00  1.3833333333E+00  4.11398E-02  3.44786E-01
  1.3833333333E+00  1.3875000000E+00  4.12734E-02  3.77301E-01
  1.3875000000E+00  1.3916666667E+00  4.13212E-02  4.67408E-01
  1.3916666667E+00  1.3958333333E+00  4.11992E-02  3.53652E-01
  1.3958333333E+00  1.4000000000E+00  4.14411E-02  3.59669E-01
  1.4000000000E+00  1.4041666667E+00  4.11002E-02  3.19451E-01
  1.4041666667E+00  1.4083333333E+00  4.10661E-02  3.15370E-01
  1.4083333333E+00  1.4125000000E+00  4.10144E-02  3.05770E-01
  1.4125000000E+00  1.4166666667E+00  4.10606E-02  3.33800E-01
  1.4166666667E+00  1.4208333333E+00  4.12189E-02  3.79654E-01
  1.4208333333E+00  1.4250000000E+00  4.15194E-02  4.40109E-01
  1.4250000000E+00  1.4291666667E+00  4.14277E-02  4.30466E-01
  1.4291666667E+00  1.4333333333E+00  4.12044E-02  3.58004E-01
  1.4333333333E+00  1.4375000000E+00  4.12046E-02  3.32531E-01
  1.4375000000E+00  1.4416666667E+00  4.12530E-02  3.60808E-01
  1.4416666667E+00  1.4458333333E+00  4.10003E-02  2.81663E-01
  1.4458333333E+00  1.4500000000E+00  4.12963E-02  4.02113E-01
  1.4500000000E+00  1.4541666667E+00  4.14169E-02  3.93638E-01
  1.4541666667E+00  1.4583333333E+00  4.14321E-02  4.60061E-01
  1.4583333333E+00  1.4625000000E+00  4.13594E-02  3.79652E-01
  1.4625000000E+00  1.4666666667E+00  4.13233E-02  3.68298E-01
  1.4666666667E+00  1.4708333333E+00  4.14109E-02  4.25444E-01
  1.4708333333E+00  1.4750000000E+00  4.14344E-02  3.76951E-01
  1.4750000000E+00  1.4791666667E+00  4.14885E-02  4.07370E-01
  1.4791666667E+00  1.4833333333E+00  4.13655E-02  3.76343E-01
  1.4833333333E+00  1.4875000000E+00  4.11412E-02  2.97230E-01
  1.4875000000E+00  1.4916666667E+00  4.13809E-02  3.33036E-01
  1.4916666667E+00  1.4958333333E+00  4.15044E-02  3.83902E-01
  1.4958333333E+00  1.5000000000E+00  4.13191E-02  3.20890E-01
  1.5000000000E+00  1.5041666667E+00  4.16350E-02  3.45486E-01
  1.5041666667E+00  1.5083333333E+00  4.12872E-02  2.87167E-01
  1.5083333333E+00  1.5125000000E+00  4.12064E-02  2.60475E-01
  1.5125000000E+00  1.5166666667E+00  4.15676E-02  3.25424E-01
  1.5166666667E+00  1.5208333333E+00  4.17768E-02  3.77229E-01
  1.5208333333E+00  1.5250000000E+00  4.17695E-02  3.27950E-01
  1.5250000000E+00  1.5291666667E+00  4.18720E-02  3.79710E-01
  1.5291666667E+00  1.5333333333E+00  4.17446E-02  3.40953E-01
  1.5333333333E+00  1.5375000000E+00  4.15686E-02  3.24712E-01
  1.5375000000E+00  1.5416666667E+00  4.17925E-02  3.28666E-01
  1.5416666667E+00  1.5458333333E+00  4.20647E-02  3.98051E-01
  1.5458333333E+00  1.5500000000E+00  4.19497E-02  4.01699E-01
  1.5500000000E+00  1.5541666667E+00  4.20693E-02  3.65225E-01
  1.5541666667E+00  1.5583333333E+00  4.18222E-02  3.29817E-01
  1.5583333333E+00  1.5625000000E+00  4.18405E-02  3.69565E-01
  1.5625000000E+00  1.5666666667E+00  4.19850E-02  3.79961E-01
  1.5666666667E+00  1.5708333333E+00  4.18099E-02  2.86395E-01
  1.5708333333E+00  1.5750000000E+00  4.21064E-02  3.81516E-01
  1.5750000000E+00  1.5791666667E+00  4.20827E-02  3.31241E-01
  1.5791666667E+00  1.5833333333E+00  4.20334E-02  3.64865E-01
  1.5833333333E+00  1.5875000000E+00  4.20037E-02  3.15272E-01
  1.5875000000E+00  1.5916666667E+00  4.21160E-02  3.49944E-01
  1.5916666667E+00  1.5958333333E+00  4.22612E-02  3.94987E-01
  1.5958333333E+00  1.6000000000E+00  4.24791E-02  4.67965E-01
  1.6000000000E+00  1.6041666667E+00  4.23986E-02  4.42670E-01
  1.6041666667E+00  1.6083333333E+00  4.22225E-02  4.03758E-01
  1.6083333333E+00  1.6125000000E+00  4.23817E-02  4.39395E-01
  1.6125000000E+00  1.6166666667E+00  4.22226E-02  3.71861E-01
  1.6166666667E+00  1.6208333333E+00  4.22307E-02  4.06895E-01
  1.6208333333E+00  1.6250000000E+00  4.25149E-02  4.22894E-01
  1.6250000000E+00  1.6291666667E+00  4.22539E-02  3.71357E-01
  1.6291666667E+00  1.6333333333E+00  4.21347E-02  3.61675E-01
  1.6333333333E+00  1.6375000000E+00  4.19565E-02  2.75330E-01
  1.6375000000E+00  1.6416666667E+00  4.22582E-02  3.83508E-01
  1.6416666667E+00  1.6458333333E+00  4.20614E-02  3.15969E-01
  1.6458333333E+00  1.6500000000E+00  4.21386E-02  3.91190E-01
  1.6500000000E+00  1.6541666667E+00  4.25422E-02  4.20126E-01
  1.6541666667E+00  1.6583333333E+00  4.22018E-02  2.85431E-01
  1.6583333333E+00  1.6625000000E+00  4.23618E-02  3.51904E-01
  1.6625000000E+00  1.6666666667E+00  4.21409E-02  3.32488E-01
  1.6666666667E+00  1.6708333333E+00  4.25752E-02  4.44127E-01
  1.6708333333E+00  1.6750000000E+00  4.26650E-02  3.79514E-01
  1.6750000000E+00  1.6791666667E+00  4.25284E-02  3.98253E-01
  1.6791666667E+00  1.6833333333E+00  4.25627E-02  4.05088E-01
  1.6833333333E+00  1.6875000000E+00  4.22022E-02  3.09939E-01
  1.6875000000E+00  1.6916666667E+00  4.22835E-02  3.41958E-01
  1.6916666667E+00  1.6958333333E+00  4.25236E-02  4.01444E-01
  1.6958333333E+00  1.7000000000E+00  4.22920E-02  3.38061E-01
  1.7000000000E+00  1.7041666667E+00  4.24194E-02  3.48334E-01
  1.7041666667E+00  1.7083333333E+00  4.27355E-02  4.36412E-01
  1.7083333333E+00  1.7125000000E+00  4.24383E-02  3.71783E-01
  1.7125000000E+00  1.7166666667E+00  4.22843E-02  3.02521E-01
  1.7166666667E+00  1.7208333333E+00  4.24675E-02  3.50724E-01
  1.7208333333E+00  1.7250000000E+00  4.24369E-02  3.57961E-01
  1.7250000000E+00  1.7291666667E+00  4.22700E-02  3.00357E-01
  1.7291666667E+00  1.7333333333E+00  4.22956E-02  2.84282E-01
  1.7333333333E+00  1.7375000000E+00  4.29090E-02  4.13135E-01
  1.7375000000E+00  1.7416666667E+00  4.27888E-02  3.95053E-01
  1.7416666667E+00  1.7458333333E+00  4.27844E-02  3.53916E-01
  1.7458333333E+00  1.7500000000E+00  4.29944E-02  4.20084E-01
  1.7500000000E+00  1.7541666667E+00  4.27164E-02  3.55419E-01
  1.7541666667E+00  1.7583333333E+00  4.29323E-02  4.35694E-01
  1.7583333333E+00  1.7625000000E+00  4.28335E-02  3.66606E-01
  1.7625000000E+00  1.7666666667E+00  4.30176E-02  4.08563E-01
  1.7666666667E+00  1.7708333333E+00  4.26738E-02  3.42645E-01
  1.7708333333E+00  1.7750000000E+00  4.28866E-02  3.24283E-01
  1.7750000000E+00  1.7791666667E+00  4.34079E-02  4.72372E-01
  1.7791666667E+00  1.7833333333E+00  4.26081E-02  3.32248E-01
  1.7833333333E+00  1.7875000000E+00  4.25253E-02  3.07365E-01
  1.7875000000E+00  1.7916666667E+00  4.26291E-02  3.09752E-01
  1.7916666667E+00  1.7958333333E+00  4.29662E-02  4.05187E-01
  1.7958333333E+00  1.8000000000E+00  4.27493E-02  3.57928E-01
  1.8000000000E+00  1.8041666667E+00  4.27246E-02  3.22084E-01
  1.8041666667E+00  1.8083333333E+00  4.32028E-02  4.12332E-01
  1.8083333333E+00  1.8125000000E+00  4.33106E-02  4.45549E-01
  1.8125000000E+00  1.8166666667E+00  4.30268E-02  3.80935E-01
  1.8166666667E+00  1.8208333333E+00  4.27439E-02  3.07662E-01
  1.8208333333E+00  1.8250000000E+00  4.27500E-02  3.01641E-01
  1.8250000000E+00  1.8291666667E+00  4.29135E-02  3.56274E-01
  1.8291666667E+00  1.8333333333E+00  4.29914E-02  3.89194E-01
  1.8333333333E+00  1.8375000000E+00  4.31661E-02  4.72405E-01
  1.8375000000E+00  1.8416666667E+00  4.31206E-02  3.90260E-01
  1.8416666667E+00  1.8458333333E+00  4.32549E-02  4.06361E-01
  1.8458333333E+00  1.8500000000E+00  4.30962E-02  4.00478E-01
  1.8500000000E+00  1.8541666667E+00  4.31799E-02  3.54445E-01
  1.8541666667E+00  1.8583333333E+00  4.32365E-02  3.98418E-01
  1.8583333333E+00  1.8625000000E+00  4.32583E-02  3.79640E-01
  1.8625000000E+00  1.8666666667E+00  4.31215E-02  3.34238E-01
  1.8666666667E+00  1.8708333333E+00  4.29726E-02  3.12979E-01
  1.8708333333E+00  1.8750000000E+00  4.31648E-02  3.32893E-01
  1.8750000000E+00  1.8791666667E+00  4.31523E-02  3.35745E-01
  1.8791666667E+00  1.8833333333E+00  4.30828E-02  3.13255E-01
  1.8833333333E+00  1.8875000000E+00  4.29795E-02  2.96526E-01
  1.8875000000E+00  1.8916666667E+00  4.34127E-02  4.06051E-01
  1.8916666667E+00  1.8958333333E+00  4.35098E-02  3.97562E-01
  1.8958333333E+00  1.9000000000E+00  4.34787E-02  3.77090E-01
  1.9000000000E+00  1.9041666667E+00  4.34270E-02  4.01588E-01
  1.9041666667E+00  1.9083333333E+00  4.34585E-02  4.21972E-01
  1.9083333333E+00  1.9125000000E+00  4.33975E-02  3.79174E-01
  1.9125000000E+00  1.9166666667E+00  4.33058E-02  3.45416E-01
  1.9166666667E+00  1.9208333333E+00  4.30716E-02  2.77196E-01
  1.9208333333E+00  1.9250000000E+00  4.33846E-02  3.82898E-01
  1.9250000000E+00  1.9291666667E+00  4.37014E-02  4.73211E-01
  1.9291666667E+00  1.9333333333E+00  4.32160E-02  2.95777E-01
  1.9333333333E+00  1.9375000000E+00  4.32022E-02  3.18539E-01
  1.9375000000E+00  1.9416666667E+00  4.33853E-02  3.47735E-01
  1.9416666667E+00  1.9458333333E+00  4.36583E-02  3.91337E-01
  1.9458333333E+00  1.9500000000E+00  4.36337E-02  4.08054E-01
  1.9500000000E+00  1.9541666667E+00  4.36696E-02  4.05854E-01
  1.9541666667E+00  1.9583333333E+00  4.36913E-02  4.34890E-01
  1.9583333333E+00  1.9625000000E+00  4.36064E-02  3.78541E-01
  1.9625000000E+00  1.9666666667E+00  4.38829E-02  4.47499E-01
  1.9666666667E+00  1.9708333333E+00  4.36401E-02  3.87749E-01
  1.9708333333E+00  1.9750000000E+00  4.37208E-02  4.36990E-01
  1.9750000000E+00  1.9791666667E+00  4.33166E-02  3.08832E-01
  1.9791666667E+00  1.9833333333E+00  4.33726E-02  3.43299E-01
  1.9833333333E+00  1.9875000000E+00  4.36611E-02  4.11476E-01
  1.9875000000E+00  1.9916666667E+00  4.34767E-02  3.28928E-01
  1.9916666667E+00  1.9958333333E+00  4.34521E-02  3.09673E-01
  1.9958333333E+00  2.0000000000E+00  4.35484E-02  3.55010E-01
  2.0000000000E+00  2.0041666667E+00  4.35916E-02  3.16830E-01
  2.0041666667E+00  2.0083333333E+00  4.38155E-02  3.97573E-01
  2.0083333333E+00  2.0125000000E+00  4.38974E-02  3.95236E-01
  2.0125000000E+00  2.0166666667E+00  4.42756E-02  5.18239E-01
  2.0166666667E+00  2.0208333333E+00  4.38319E-02  3.63003E-01
  2.0208333333E+00  2.0250000000E+00  4.38659E-02  3.83422E-01
  2.0250000000E+00  2.0291666667E+00  4.36081E-02  2.94052E-01
  2.0291666667E+00  2.0333333333E+00  4.37353E-02  3.42032E-01
  2.0333333333E+00  2.0375000000E+00  4.37725E-02  3.39633E-01
  2.0375000000E+00  2.0416666667E+00  4.37520E-02  3.35438E-01
  2.0416666667E+00  2.0458333333E+00  4.38567E-02  3.58398E-01
  2.0458333333E+00  2.0500000000E+00  4.37209E-02  2.90496E-01
  2.0500000000E+00  2.0541666667E+00  4.40630E-02  3.85282E-01
  2.0541666667E+00  2.0583333333E+00  4.40567E-02  4.19480E-01
  2.0583333333E+00  2.0625000000E+00  4.38623E-02  3.17151E-01
  2.0625000000E+00  2.0666666667E+00  4.43470E-02  4.65521E-01
  2.0666666667E+00  2.0708333333E+00  4.37654E-02  3.01226E-01
  2.0708333333E+00  2.0750000000E+00  4.39009E-02  3.37960E-01
  2.0750000000E+00  2.0791666667E+00  4.39155E-02  3.40239E-01
  2.0791666667E+00  2.0833333333E+00  4.40514E-02  3.74782E-01
  2.0833333333E+00  2.0875000000E+00  4.43807E-02  4.35207E-01
  2.0875000000E+00  2.0916666667E+00  4.40233E-02  3.32140E-01
  2.0916666667E+00  2.0958333333E+00  4.42134E-02  4.03627E-01
  2.0958333333E+00  2.1000000000E+00  4.43498E-02  3.78102E-01
  2.1000000000E+00  2.1041666667E+00  4.41210E-02  3.50338E-01
  2.1041666667E+00  2.1083333333E+00  4.39468E-02  2.77149E-01
  2.1083333333E+00  2.1125000000E+00  4.40171E-02  3.22566E-01
  2.1125000000E+00  2.1166666667E+00  4.39896E-02  2.95182E-01
  2.1166666667E+00  2.1208333333E+00  4.40791E-02  3.31909E-01
  2.1208333333E+00  2.1250000000E+00  4.42706E-02  3.66570E-01
  2.1250000000E+00  2.1291666667E+00  4.43618E-02  3.68605E-01
  2.1291666667E+00  2.1333333333E+00  4.42050E-02  3.40807E-01
  2.1333333333E+00  2.1375000000E+00  4.42811E-02  3.37809E-01
  2.1375000000E+00  2.1416666667E+00  4.43697E-02  3.20172E-01
  2.1416666667E+00  2.1458333333E+00  4.44633E-02  3.95100E-01
  2.1458333333E+00  2.1500000000E+00  4.42962E-02  3.21555E-01
  2.1500000000E+00  2.1541666667E+00  4.44551E-02  3.42647E-01
  2.1541666667E+00  2.1583333333E+00  4.46730E-02  4.31034E-01
  2.1583333333E+00  2.1625000000E+00  4.44888E-02  3.27884E-01
  2.1625000000E+00  2.1666666667E+00  4.48912E-02  4.37880E-01
  2.1666666667E+00  2.1708333333E+00  4.44688E-02  3.34853E-01
  2.1708333333E+00  2.1750000000E+00  4.45367E-02  3.14087E-01
  2.1750000000E+00  2.1791666667E+00  4.44933E-02  3.37091E-01
  2.1791666667E+00  2.1833333333E+00  4.45255E-02  3.08338E-01
  2.1833333333E+00  2.1875000000E+00  4.48571E-02  4.08402E-01
  2.1875000000E+00  2.1916666667E+00  4.49899E-02  3.85561E-01
  2.1916666667E+00  2.1958333333E+00  4.49546E-02  3.52727E-01
  2.1958333333E+00  2.2000000000E+00  4.47903E-02  3.82656E-01
  2.2000000000E+00  2.2041666667E+00  4.49862E-02  4.42152E-01
  2.2041666667E+00  2.2083333333E+00  4.49292E-02  3.94397E-01
  2.2083333333E+00  2.2125000000E+00  4.47700E-02  3.24699E-01
  2.2125000000E+00  2.2166666667E+00  4.49049E-02  3.27446E-01
  2.2166666667E+00  2.2208333333E+00  4.50005E-02  3.68833E-01
  2.2208333333E+00  2.2250000000E+00  4.48745E-02  3.59226E-01
  2.2250000000E+00  2.2291666667E+00  4.48066E-02  3.34253E-01
  2.2291666667E+00  2.2333333333E+00  4.50231E-02  3.57926E-01
  2.2333333333E+00  2.2375000000E+00  4.53138E-02  4.88327E-01
  2.2375000000E+00  2.2416666667E+00  4.49634E-02  3.63130E-01
  2.2416666667E+00  2.2458333333E+00  4.50028E-02  3.57349E-01
  2.2458333333E+00  2.2500000000E+00  4.48443E-02  3.10257E-01
  2.2500000000E+00  2.2541666667E+00  4.50234E-02  3.82347E-01
  2.2541666667E+00  2.2583333333E+00  4.52762E-02  3.78671E-01
  2.2583333333E+00  2.2625000000E+00  4.52736E-02  3.92924E-01
  2.2625000000E+00  2.2666666667E+00  4.51596E-02  3.78884E-01
  2.2666666667E+00  2.2708333333E+00  4.50758E-02  3.32792E-01
  2.2708333333E+00  2.2750000000E+00  4.49756E-02  3.03733E-01
  2.2750000000E+00  2.2791666667E+00  4.53018E-02  3.61056E-01
  2.2791666667E+00  2.2833333333E+00  4.51471E-02  3.36065E-01
  2.2833333333E+00  2.2875000000E+00  4.53939E-02  4.27382E-01
  2.2875000000E+00  2.2916666667E+00  4.50813E-02  3.21520E-01
  2.2916666667E+00  2.2958333333E+00  4.52458E-02  3.62360E-01
  2.2958333333E+00  2.3000000000E+00  4.53439E-02  3.47672E-01
  2.3000000000E+00  2.3041666667E+00  4.55324E-02  3.93895E-01
  2.3041666667E+00  2.3083333333E+00  4.54326E-02  3.61534E-01
  2.3083333333E+00  2.3125000000E+00  4.54490E-02  3.73154E-01
  2.3125000000E+00  2.3166666667E+00  4.55430E-02  4.19902E-01
  2.3166666667E+00  2.3208333333E+00  4.54521E-02  3.61428E-01
  2.3208333333E+00  2.3250000000E+00  4.52195E-02  3.03673E-01
  2.3250000000E+00  2.3291666667E+00  4.51748E-02  3.08708E-01
  2.3291666667E+00  2.3333333333E+00  4.55517E-02  3.49410E-01
  2.3333333333E+00  2.3375000000E+00  4.55645E-02  3.90277E-01
  2.3375000000E+00  2.3416666667E+00  4.55283E-02  3.73366E-01
  2.3416666667E+00  2.3458333333E+00  4.54400E-02  3.41058E-01
  2.3458333333E+00  2.3500000000E+00  4.56022E-02  3.91196E-01
  2.3500000000E+00  2.3541666667E+00  4.52276E-02  2.88876E-01
  2.3541666667E+00  2.3583333333E+00  4.54643E-02  3.44415E-01
  2.3583333333E+00  2.3625000000E+00  4.53194E-02  3.08523E-01
  2.3625000000E+00  2.3666666667E+00  4.55634E-02  3.37491E-01
  2.3666666667E+00  2.3708333333E+00  4.55697E-02  3.46017E-01
  2.3708333333E+00  2.3750000000E+00  4.55631E-02  3.49467E-01
  2.3750000000E+00  2.3791666667E+00  4.55638E-02  3.48945E-01
  2.3791666667E+00  2.3833333333E+00  4.55719E-02  3.68009E-01
  2.3833333333E+00  2.3875000000E+00  4.56866E-02  3.55762E-01
  2.3875000000E+00  2.3916666667E+00  4.55784E-02  3.25537E-01
  2.3916666667E+00  2.3958333333E+00  4.57257E-02  3.55550E-01
  2.3958333333E+00  2.4000000000E+00  4.55345E-02  3.13194E-01
  2.4000000000E+00  2.4041666667E+00  4.55676E-02  3.15987E-01
  2.4041666667E+00  2.4083333333E+00  4.56992E-02  3.19561E-01
  2.4083333333E+00  2.4125000000E+00  4.56710E-02  3.19367E-01
  2.4125000000E+00  2.4166666667E+00  4.59647E-02  3.75135E-01
  2.4166666667E+00  2.4208333333E+00  4.58970E-02  3.29440E-01
  2.4208333333E+00  2.4250000000E+00  4.60518E-02  3.55169E-01
  2.4250000000E+00  2.4291666667E+00  4.58597E-02  3.33719E-01
  2.4291666667E+00  2.4333333333E+00  4.59356E-02  3.48296E-01
  2.4333333333E+00  2.4375000000E+00  4.58076E-02  3.15356E-01
  2.4375000000E+00  2.4416666667E+00  4.59222E-02  3.82110E-01
  2.4416666667E+00  2.4458333333E+00  4.58440E-02  3.26443E-01
  2.4458333333E+00  2.4500000000E+00  4.61065E-02  4.05645E-01
  2.4500000000E+00  2.4541666667E+00  4.58692E-02  3.28097E-01
  2.4541666667E+00  2.4583333333E+00  4.65547E-02  4.83184E-01
  2.4583333333E+00  2.4625000000E+00  4.59626E-02  3.33958E-01
  2.4625000000E+00  2.4666666667E+00  4.59985E-02  3.46720E-01
  2.4666666667E+00  2.4708333333E+00  4.60965E-02  3.62027E-01
  2.4708333333E+00  2.4750000000E+00  4.59042E-02  2.88461E-01
  2.4750000000E+00  2.4791666667E+00  4.59775E-02  3.54697E-01
  2.4791666667E+00  2.4833333333E+00  4.59284E-02  2.92662E-01
  2.4833333333E+00  2.4875000000E+00  4.61215E-02  3.47876E-01
  2.4875000000E+00  2.4916666667E+00  4.61011E-02  3.20505E-01
  2.4916666667E+00  2.4958333333E+00  4.62936E-02  3.46342E-01
  2.4958333333E+00  2.5000000000E+00  4.63249E-02  3.72201E-01
  2.5000000000E+00  2.5041666667E+00  4.62865E-02  3.47314E-01
  2.5041666667E+00  2.5083333333E+00  4.65261E-02  4.49962E-01
  2.5083333333E+00  2.5125000000E+00  4.62578E-02  3.43389E-01
  2.5125000000E+00  2.5166666667E+00  4.61877E-02  3.23901E-01
  2.5166666667E+00  2.5208333333E+00  4.60744E-02  2.96027E-01
  2.5208333333E+00  2.5250000000E+00  4.63234E-02  3.11804E-01
  2.5250000000E+00  2.5291666667E+00  4.65354E-02  3.62393E-01
  2.5291666667E+00  2.5333333333E+00  4.67832E-02  4.26931E-01
  2.5333333333E+00  2.5375000000E+00  4.64532E-02  3.65722E-01
  2.5375000000E+00  2.5416666667E+00  4.65906E-02  4.05539E-01
  2.5416666667E+00  2.5458333333E+00  4.67881E-02  4.02944E-01
  2.5458333333E+00  2.5500000000E+00  4.66236E-02  3.64211E-01
  2.5500000000E+00  2.5541666667E+00  4.64582E-02  3.09276E-01
  2.5541666667E+00  2.5583333333E+00  4.63972E-02  3.26108E-01
  2.5583333333E+00  2.5625000000E+00  4.65621E-02  2.97973E-01
  2.5625000000E+00  2.5666666667E+00  4.68419E-02  3.81578E-01
  2.5666666667E+00  2.5708333333E+00  4.65702E-02  3.28253E-01
  2.5708333333E+00  2.5750000000E+00  4.65700E-02  3.49937E-01
  2.5750000000E+00  2.5791666667E+00  4.66054E-02  3.28068E-01
  2.5791666667E+00  2.5833333333E+00  4.68284E-02  3.73828E-01
  2.5833333333E+00  2.5875000000E+00  4.68292E-02  3.56117E-01
  2.5875000000E+00  2.5916666667E+00  4.69322E-02  3.37323E-01
  2.5916666667E+00  2.5958333333E+00  4.66934E-02  2.87236E-01
  2.5958333333E+00  2.6000000000E+00  4.66327E-02  2.79339E-01
  2.6000000000E+00  2.6041666667E+00  4.69920E-02  3.60410E-01
  2.6041666667E+00  2.6083333333E+00  4.68948E-02  3.20630E-01
  2.6083333333E+00  2.6125000000E+00  4.69892E-02  3.61972E-01
  2.6125000000E+00  2.6166666667E+00  4.70733E-02  3.73926E-01
  2.6166666667E+00  2.6208333333E+00  4.68991E-02  3.22852E-01
  2.6208333333E+00  2.6250000000E+00  4.71310E-02  3.54470E-01
  2.6250000000E+00  2.6291666667E+00  4.72619E-02  3.81401E-01
  2.6291666667E+00  2.6333333333E+00  4.73334E-02  3.89672E-01
  2.6333333333E+00  2.6375000000E+00  4.72860E-02  3.99626E-01
  2.6375000000E+00  2.6416666667E+00  4.72799E-02  3.91394E-01
  2.6416666667E+00  2.6458333333E+00  4.70019E-02  3.38278E-01
  2.6458333333E+00  2.6500000000E+00  4.71219E-02  3.12708E-01
  2.6500000000E+00  2.6541666667E+00  4.70603E-02  3.19373E-01
  2.6541666667E+00  2.6583333333E+00  4.67689E-02  2.65049E-01
  2.6583333333E+00  2.6625000000E+00  4.69797E-02  2.95780E-01
  2.6625000000E+00  2.6666666667E+00  4.77500E-02  4.48256E-01
  2.6666666667E+00  2.6708333333E+00  4.72569E-02  3.17758E-01
  2.6708333333E+00  2.6750000000E+00  4.73793E-02  3.53302E-01
  2.6750000000E+00  2.6791666667E+00  4.72959E-02  3.42754E-01
  2.6791666667E+00  2.6833333333E+00  4.73300E-02  3.34669E-01
  2.6833333333E+00  2.6875000000E+00  4.75050E-02  3.62302E-01
  2.6875000000E+00  2.6916666667E+00  4.74614E-02  3.16065E-01
  2.6916666667E+00  2.6958333333E+00  4.75634E-02  3.63203E-01
  2.6958333333E+00  2.7000000000E+00  4.74011E-02  3.28208E-01
  2.7000000000E+00  2.7041666667E+00  4.74042E-02  3.34404E-01
  2.7041666667E+00  2.7083333333E+00  4.77130E-02  3.73072E-01
  2.7083333333E+00  2.7125000000E+00  4.77123E-02  3.47333E-01
  2.7125000000E+00  2.7166666667E+00  4.75136E-02  3.10728E-01
  2.7166666667E+00  2.7208333333E+00  4.76757E-02  3.64153E-01
  2.7208333333E+00  2.7250000000E+00  4.74817E-02  3.12086E-01
  2.7250000000E+00  2.7291666667E+00  4.75317E-02  3.33894E-01
  2.7291666667E+00  2.7333333333E+00  4.75687E-02  3.06238E-01
  2.7333333333E+00  2.7375000000E+00  4.75806E-02  3.14528E-01
  2.7375000000E+00  2.7416666667E+00  4.76245E-02  3.28883E-01
  2.7416666667E+00  2.7458333333E+00  4.79137E-02  3.76651E-01
  2.7458333333E+00  2.7500000000E+00  4.76485E-02  3.10370E-01
  2.7500000000E+00  2.7541666667E+00  4.78410E-02  3.67385E-01
  2.7541666667E+00  2.7583333333E+00  4.78742E-02  3.50337E-01
  2.7583333333E+00  2.7625000000E+00  4.79224E-02  3.59767E-01
  2.7625000000E+00  2.7666666667E+00  4.77696E-02  3.31791E-01
  2.7666666667E+00  2.7708333333E+00  4.79442E-02  3.53408E-01
  2.7708333333E+00  2.7750000000E+00  4.79479E-02  3.57527E-01
  2.7750000000E+00  2.7791666667E+00  4.79872E-02  3.17714E-01
  2.7791666667E+00  2.7833333333E+00  4.80899E-02  3.37052E-01
  2.7833333333E+00  2.7875000000E+00  4.80638E-02  3.49235E-01
  2.7875000000E+00  2.7916666667E+00  4.79279E-02  3.27534E-01
  2.7916666667E+00  2.7958333333E+00  4.78234E-02  2.91803E-01
  2.7958333333E+00  2.8000000000E+00  4.80208E-02  3.09900E-01
  2.8000000000E+00  2.8041666667E+00  4.77153E-02  2.76928E-01
  2.8041666667E+00  2.8083333333E+00  4.83486E-02  3.79991E-01
  2.8083333333E+00  2.8125000000E+00  4.81227E-02  3.45764E-01
  2.8125000000E+00  2.8166666667E+00  4.82050E-02  3.62534E-01
  2.8166666667E+00  2.8208333333E+00  4.84506E-02  4.01284E-01
  2.8208333333E+00  2.8250000000E+00  4.81623E-02  2.95215E-01
  2.8250000000E+00  2.8291666667E+00  4.85699E-02  4.17348E-01
  2.8291666667E+00  2.8333333333E+00  4.81954E-02  2.73219E-01
  2.8333333333E+00  2.8375000000E+00  4.82180E-02  3.40941E-01
  2.8375000000E+00  2.8416666667E+00  4.81525E-02  2.99684E-01
  2.8416666667E+00  2.8458333333E+00  4.86358E-02  3.99655E-01
  2.8458333333E+00  2.8500000000E+00  4.82768E-02  3.00843E-01
  2.8500000000E+00  2.8541666667E+00  4.84924E-02  3.49339E-01
  2.8541666667E+00  2.8583333333E+00  4.84123E-02  3.59964E-01
  2.8583333333E+00  2.8625000000E+00  4.84123E-02  3.19369E-01
  2.8625000000E+00  2.8666666667E+00  4.85613E-02  3.14313E-01
  2.8666666667E+00  2.8708333333E+00  4.87037E-02  3.52198E-01
  2.8708333333E+00  2.8750000000E+00  4.86143E-02  3.40339E-01
  2.8750000000E+00  2.8791666667E+00  4.87729E-02  3.78640E-01
  2.8791666667E+00  2.8833333333E+00  4.85769E-02  3.25536E-01
  2.8833333333E+00  2.8875000000E+00  4.86941E-02  3.18410E-01
  2.8875000000E+00  2.8916666667E+00  4.87090E-02  3.07878E-01
  2.8916666667E+00  2.8958333333E+00  4.88760E-02  3.43221E-01
  2.8958333333E+00  2.9000000000E+00  4.90744E-02  3.84200E-01
  2.9000000000E+00  2.9041666667E+00  4.92250E-02  3.97625E-01
  2.9041666667E+00  2.9083333333E+00  4.88450E-02  3.25364E-01
  2.9083333333E+00  2.9125000000E+00  4.90283E-02  3.68989E-01
  2.9125000000E+00  2.9166666667E+00  4.89697E-02  3.32180E-01
  2.9166666667E+00  2.9208333333E+00  4.90004E-02  3.51549E-01
  2.9208333333E+00  2.9250000000E+00  4.88853E-02  3.09582E-01
  2.9250000000E+00  2.9291666667E+00  4.89243E-02  3.15502E-01
  2.9291666667E+00  2.9333333333E+00  4.91083E-02  3.62986E-01
  2.9333333333E+00  2.9375000000E+00  4.90811E-02  3.59149E-01
  2.9375000000E+00  2.9416666667E+00  4.90032E-02  3.25425E-01
  2.9416666667E+00  2.9458333333E+00  4.92260E-02  3.88194E-01
  2.9458333333E+00  2.9500000000E+00  4.90481E-02  3.65377E-01
  2.9500000000E+00  2.9541666667E+00  4.90399E-02  3.24619E-01
  2.9541666667E+00  2.9583333333E+00  4.91106E-02  3.69581E-01
  2.9583333333E+00  2.9625000000E+00  4.92128E-02  3.45910E-01
  2.9625000000E+00  2.9666666667E+00  4.93879E-02  3.91526E-01
  2.9666666667E+00  2.9708333333E+00  4.90892E-02  2.97025E-01
  2.9708333333E+00  2.9750000000E+00  4.92653E-02  3.64739E-01
  2.9750000000E+00  2.9791666667E+00  4.94946E-02  3.32641E-01
  2.9791666667E+00  2.9833333333E+00  4.97937E-02  3.77365E-01
  2.9833333333E+00  2.9875000000E+00  4.96248E-02  3.92769E-01
  2.9875000000E+00  2.9916666667E+00  4.91937E-02  2.73833E-01
  2.9916666667E+00  2.9958333333E+00  4.93895E-02  3.37359E-01
  2.9958333333E+00  3.0000000000E+00  4.96458E-02  3.65026E-01
  3.0000000000E+00  3.0041666667E+00  4.96342E-02  3.59352E-01
  3.0041666667E+00  3.0083333333E+00  4.95963E-02  3.31442E-01
  3.0083333333E+00  3.0125000000E+00  4.97244E-02  3.92116E-01
  3.0125000000E+00  3.0166666667E+00  4.96293E-02  3.59537E-01
  3.0166666667E+00  3.0208333333E+00  4.94845E-02  3.03448E-01
  3.0208333333E+00  3.0250000000E+00  4.95934E-02  3.18379E-01
  3.0250000000E+00  3.0291666667E+00  4.98003E-02  3.61856E-01
  3.0291666667E+00  3.0333333333E+00  4.98386E-02  3.84343E-01
  3.0333333333E+00  3.0375000000E+00  4.98959E-02  3.51105E-01
  3.0375000000E+00  3.0416666667E+00  4.99911E-02  3.97941E-01
  3.0416666667E+00  3.0458333333E+00  4.96606E-02  2.99071E-01
  3.0458333333E+00  3.0500000000E+00  4.99254E-02  3.57995E-01
  3.0500000000E+00  3.0541666667E+00  5.01176E-02  3.74098E-01
  3.0541666667E+00  3.0583333333E+00  4.99792E-02  3.65455E-01
  3.0583333333E+00  3.0625000000E+00  4.96720E-02  2.98115E-01
  3.0625000000E+00  3.0666666667E+00  4.97760E-02  3.31597E-01
  3.0666666667E+00  3.0708333333E+00  4.97699E-02  2.77210E-01
  3.0708333333E+00  3.0750000000E+00  4.98783E-02  3.17909E-01
  3.0750000000E+00  3.0791666667E+00  4.98264E-02  3.16964E-01
  3.0791666667E+00  3.0833333333E+00  5.00294E-02  3.36900E-01
  3.0833333333E+00  3.0875000000E+00  4.99978E-02  2.96154E-01
  3.0875000000E+00  3.0916666667E+00  5.03136E-02  3.91866E-01
  3.0916666667E+00  3.0958333333E+00  5.00495E-02  3.04773E-01
  3.0958333333E+00  3.1000000000E+00  5.03383E-02  3.95637E-01
  3.1000000000E+00  3.1041666667E+00  5.01825E-02  3.20447E-01
  3.1041666667E+00  3.1083333333E+00  5.04273E-02  3.81643E-01
  3.1083333333E+00  3.1125000000E+00  5.03955E-02  3.34960E-01
  3.1125000000E+00  3.1166666667E+00  5.02167E-02  3.08009E-01
  3.1166666667E+00  3.1208333333E+00  5.03784E-02  3.23573E-01
  3.1208333333E+00  3.1250000000E+00  5.02542E-02  3.26163E-01
  3.1250000000E+00  3.1291666667E+00  5.00331E-02  2.55561E-01
  3.1291666667E+00  3.1333333333E+00  5.01963E-02  2.83267E-01
  3.1333333333E+00  3.1375000000E+00  5.06368E-02  3.77566E-01
  3.1375000000E+00  3.1416666667E+00  5.06257E-02  3.59453E-01
  3.1416666667E+00  3.1458333333E+00  5.04514E-02  3.00693E-01
  3.1458333333E+00  3.1500000000E+00  5.08199E-02  3.69365E-01
  3.1500000000E+00  3.1541666667E+00  5.10003E-02  3.62677E-01
  3.1541666667E+00  3.1583333333E+00  5.05911E-02  3.06782E-01
  3.1583333333E+00  3.1625000000E+00  5.05887E-02  3.22111E-01
  3.1625000000E+00  3.1666666667E+00  5.07026E-02  3.10373E-01
  3.1666666667E+00  3.1708333333E+00  5.08745E-02  3.37998E-01
  3.1708333333E+00  3.1750000000E+00  5.09924E-02  3.67071E-01
  3.1750000000E+00  3.1791666667E+00  5.06328E-02  3.08242E-01
  3.1791666667E+00  3.1833333333E+00  5.05598E-02  2.73520E-01
  3.1833333333E+00  3.1875000000E+00  5.11019E-02  3.74449E-01
  3.1875000000E+00  3.1916666667E+00  5.10007E-02  3.22246E-01
  3.1916666667E+00  3.1958333333E+00  5.08074E-02  2.94121E-01
  3.1958333333E+00  3.2000000000E+00  5.09939E-02  3.30272E-01
  3.2000000000E+00  3.2041666667E+00  5.08598E-02  3.11872E-01
  3.2041666667E+00  3.2083333333E+00  5.13333E-02  3.73195E-01
  3.2083333333E+00  3.2125000000E+00  5.09419E-02  3.22761E-01
  3.2125000000E+00  3.2166666667E+00  5.09304E-02  3.05942E-01
  3.2166666667E+00  3.2208333333E+00  5.10015E-02  3.21138E-01
  3.2208333333E+00  3.2250000000E+00  5.09692E-02  2.91280E-01
  3.2250000000E+00  3.2291666667E+00  5.11062E-02  3.40828E-01
  3.2291666667E+00  3.2333333333E+00  5.08893E-02  2.77331E-01
  3.2333333333E+00  3.2375000000E+00  5.11227E-02  3.19635E-01
  3.2375000000E+00  3.2416666667E+00  5.12295E-02  3.25727E-01
  3.2416666667E+00  3.2458333333E+00  5.12462E-02  3.21122E-01
  3.2458333333E+00  3.2500000000E+00  5.14077E-02  3.41637E-01
  3.2500000000E+00  3.2541666667E+00  5.11744E-02  2.99543E-01
  3.2541666667E+00  3.2583333333E+00  5.13493E-02  3.28496E-01
  3.2583333333E+00  3.2625000000E+00  5.12862E-02  3.11650E-01
  3.2625000000E+00  3.2666666667E+00  5.14682E-02  3.53209E-01
  3.2666666667E+00  3.2708333333E+00  5.13271E-02  3.07146E-01
  3.2708333333E+00  3.2750000000E+00  5.16125E-02  3.41512E-01
  3.2750000000E+00  3.2791666667E+00  5.15561E-02  2.98531E-01
  3.2791666667E+00  3.2833333333E+00  5.15049E-02  3.01531E-01
  3.2833333333E+00  3.2875000000E+00  5.16154E-02  3.02812E-01
  3.2875000000E+00  3.2916666667E+00  5.15850E-02  3.18754E-01
  3.2916666667E+00  3.2958333333E+00  5.16570E-02  3.18175E-01
  3.2958333333E+00  3.3000000000E+00  5.17976E-02  3.69644E-01
  3.3000000000E+00  3.3041666667E+00  5.19452E-02  3.77610E-01
  3.3041666667E+00  3.3083333333E+00  5.17069E-02  3.28351E-01
  3.3083333333E+00  3.3125000000E+00  5.17567E-02  3.04974E-01
  3.3125000000E+00  3.3166666667E+00  5.21974E-02  3.78845E-01
  3.3166666667E+00  3.3208333333E+00  5.19385E-02  3.19180E-01
  3.3208333333E+00  3.3250000000E+00  5.18120E-02  3.00931E-01
  3.3250000000E+00  3.3291666667E+00  5.17543E-02  2.86094E-01
  3.3291666667E+00  3.3333333333E+00  5.18023E-02  2.79715E-01
  3.3333333333E+00  3.3375000000E+00  5.19370E-02  2.96737E-01
  3.3375000000E+00  3.3416666667E+00  5.22983E-02  3.85336E-01
  3.3416666667E+00  3.3458333333E+00  5.19995E-02  2.91504E-01
  3.3458333333E+00  3.3500000000E+00  5.19932E-02  2.87742E-01
  3.3500000000E+00  3.3541666667E+00  5.25034E-02  3.76359E-01
  3.3541666667E+00  3.3583333333E+00  5.22553E-02  3.15132E-01
  3.3583333333E+00  3.3625000000E+00  5.26493E-02  3.82291E-01
  3.3625000000E+00  3.3666666667E+00  5.24876E-02  3.28932E-01
  3.3666666667E+00  3.3708333333E+00  5.24064E-02  3.12925E-01
  3.3708333333E+00  3.3750000000E+00  5.23072E-02  2.78631E-01
  3.3750000000E+00  3.3791666667E+00  5.24961E-02  3.04385E-01
  3.3791666667E+00  3.3833333333E+00  5.27772E-02  3.83100E-01
  3.3833333333E+00  3.3875000000E+00  5.25814E-02  3.20071E-01
  3.3875000000E+00  3.3916666667E+00  5.24564E-02  3.11623E-01
  3.3916666667E+00  3.3958333333E+00  5.25603E-02  2.97023E-01
  3.3958333333E+00  3.4000000000E+00  5.27269E-02  3.26580E-01
  3.4000000000E+00  3.4041666667E+00  5.25961E-02  3.01966E-01
  3.4041666667E+00  3.4083333333E+00  5.28759E-02  3.47906E-01
  3.4083333333E+00  3.4125000000E+00  5.28989E-02  3.38378E-01
  3.4125000000E+00  3.4166666667E+00  5.28196E-02  3.12010E-01
  3.4166666667E+00  3.4208333333E+00  5.29151E-02  3.30205E-01
  3.4208333333E+00  3.4250000000E+00  5.27667E-02  2.83916E-01
  3.4250000000E+00  3.4291666667E+00  5.30499E-02  3.50838E-01
  3.4291666667E+00  3.4333333333E+00  5.31784E-02  3.36778E-01
  3.4333333333E+00  3.4375000000E+00  5.29419E-02  2.83353E-01
  3.4375000000E+00  3.4416666667E+00  5.30702E-02  3.20854E-01
  3.4416666667E+00  3.4458333333E+00  5.31505E-02  3.30940E-01
  3.4458333333E+00  3.4500000000E+00  5.30841E-02  2.88713E-01
  3.4500000000E+00  3.4541666667E+00  5.33286E-02  3.38272E-01
  3.4541666667E+00  3.4583333333E+00  5.30515E-02  2.86849E-01
  3.4583333333E+00  3.4625000000E+00  5.33226E-02  3.16780E-01
  3.4625000000E+00  3.4666666667E+00  5.33340E-02  3.23306E-01
  3.4666666667E+00  3.4708333333E+00  5.35726E-02  3.22595E-01
  3.4708333333E+00  3.4750000000E+00  5.33041E-02  2.85380E-01
  3.4750000000E+00  3.4791666667E+00  5.35784E-02  3.30957E-01
  3.4791666667E+00  3.4833333333E+00  5.37048E-02  3.41231E-01
  3.4833333333E+00  3.4875000000E+00  5.36054E-02  3.01583E-01
  3.4875000000E+00  3.4916666667E+00  5.34845E-02  2.83141E-01
  3.4916666667E+00  3.4958333333E+00  5.34491E-02  2.65489E-01
  3.4958333333E+00  3.5000000000E+00  5.37780E-02  3.44376E-01
  3.5000000000E+00  3.5041666667E+00  5.38197E-02  3.10856E-01
  3.5041666667E+00  3.5083333333E+00  5.36974E-02  3.02338E-01
  3.5083333333E+00  3.5125000000E+00  5.36743E-02  3.01579E-01
  3.5125000000E+00  3.5166666667E+00  5.38265E-02  3.01743E-01
  3.5166666667E+00  3.5208333333E+00  5.39295E-02  3.34382E-01
  3.5208333333E+00  3.5250000000E+00  5.41289E-02  3.29519E-01
  3.5250000000E+00  3.5291666667E+00  5.41195E-02  3.22656E-01
  3.5291666667E+00  3.5333333333E+00  5.39242E-02  2.94722E-01
  3.5333333333E+00  3.5375000000E+00  5.40663E-02  3.15626E-01
  3.5375000000E+00  3.5416666667E+00  5.42330E-02  3.02570E-01
  3.5416666667E+00  3.5458333333E+00  5.41253E-02  2.90616E-01
  3.5458333333E+00  3.5500000000E+00  5.44018E-02  3.35579E-01
  3.5500000000E+00  3.5541666667E+00  5.44031E-02  3.10035E-01
  3.5541666667E+00  3.5583333333E+00  5.46606E-02  3.61336E-01
  3.5583333333E+00  3.5625000000E+00  5.44358E-02  3.11957E-01
  3.5625000000E+00  3.5666666667E+00  5.45388E-02  3.26971E-01
  3.5666666667E+00  3.5708333333E+00  5.46856E-02  3.20309E-01
  3.5708333333E+00  3.5750000000E+00  5.46042E-02  3.33195E-01
  3.5750000000E+00  3.5791666667E+00  5.46876E-02  3.07245E-01
  3.5791666667E+00  3.5833333333E+00  5.47143E-02  3.31168E-01
  3.5833333333E+00  3.5875000000E+00  5.45989E-02  3.09659E-01
  3.5875000000E+00  3.5916666667E+00  5.47718E-02  3.19190E-01
  3.5916666667E+00  3.5958333333E+00  5.47708E-02  3.00513E-01
  3.5958333333E+00  3.6000000000E+00  5.47331E-02  2.92266E-01
  3.6000000000E+00  3.6041666667E+00  5.49904E-02  3.20473E-01
  3.6041666667E+00  3.6083333333E+00  5.51112E-02  3.54838E-01
  3.6083333333E+00  3.6125000000E+00  5.49115E-02  3.18115E-01
  3.6125000000E+00  3.6166666667E+00  5.49634E-02  3.12079E-01
  3.6166666667E+00  3.6208333333E+00  5.52563E-02  3.37107E-01
  3.6208333333E+00  3.6250000000E+00  5.52254E-02  3.29667E-01
  3.6250000000E+00  3.6291666667E+00  5.51501E-02  3.09906E-01
  3.6291666667E+00  3.6333333333E+00  5.53404E-02  3.31600E-01
  3.6333333333E+00  3.6375000000E+00  5.53827E-02  3.37685E-01
  3.6375000000E+00  3.6416666667E+00  5.56182E-02  3.48182E-01
  3.6416666667E+00  3.6458333333E+00  5.57313E-02  3.58830E-01
  3.6458333333E+00  3.6500000000E+00  5.53058E-02  2.81380E-01
  3.6500000000E+00  3.6541666667E+00  5.54037E-02  2.85634E-01
  3.6541666667E+00  3.6583333333E+00  5.56765E-02  3.56963E-01
  3.6583333333E+00  3.6625000000E+00  5.57043E-02  3.21744E-01
  3.6625000000E+00  3.6666666667E+00  5.54256E-02  2.80413E-01
  3.6666666667E+00  3.6708333333E+00  5.58564E-02  3.51904E-01
  3.6708333333E+00  3.6750000000E+00  5.58652E-02  3.35774E-01
  3.6750000000E+00  3.6791666667E+00  5.55935E-02  2.71855E-01
  3.6791666667E+00  3.6833333333E+00  5.60325E-02  3.34320E-01
  3.6833333333E+00  3.6875000000E+00  5.59131E-02  3.04513E-01
  3.6875000000E+00  3.6916666667E+00  5.59957E-02  3.24136E-01
  3.6916666667E+00  3.6958333333E+00  5.60412E-02  3.13550E-01
  3.6958333333E+00  3.7000000000E+00  5.60602E-02  2.95199E-01
  3.7000000000E+00  3.7041666667E+00  5.63290E-02  3.22923E-01
  3.7041666667E+00  3.7083333333E+00  5.60468E-02  2.94261E-01
  3.7083333333E+00  3.7125000000E+00  5.62048E-02  3.07040E-01
  3.7125000000E+00  3.7166666667E+00  5.62567E-02  3.17832E-01
  3.7166666667E+00  3.7208333333E+00  5.60057E-02  2.55423E-01
  3.7208333333E+00  3.7250000000E+00  5.63586E-02  3.12968E-01
  3.7250000000E+00  3.7291666667E+00  5.62617E-02  2.71942E-01
  3.7291666667E+00  3.7333333333E+00  5.61949E-02  2.61232E-01
  3.7333333333E+00  3.7375000000E+00  5.66346E-02  3.36876E-01
  3.7375000000E+00  3.7416666667E+00  5.66728E-02  3.24476E-01
  3.7416666667E+00  3.7458333333E+00  5.65012E-02  2.63396E-01
  3.7458333333E+00  3.7500000000E+00  5.67605E-02  2.98687E-01
  3.7500000000E+00  3.7541666667E+00  5.67000E-02  3.02280E-01
  3.7541666667E+00  3.7583333333E+00  5.69437E-02  3.28376E-01
  3.7583333333E+00  3.7625000000E+00  5.69350E-02  3.00246E-01
  3.7625000000E+00  3.7666666667E+00  5.71002E-02  3.04961E-01
  3.7666666667E+00  3.7708333333E+00  5.69274E-02  2.95523E-01
  3.7708333333E+00  3.7750000000E+00  5.72161E-02  3.12496E-01
  3.7750000000E+00  3.7791666667E+00  5.74072E-02  3.32925E-01
  3.7791666667E+00  3.7833333333E+00  5.72784E-02  3.09062E-01
  3.7833333333E+00  3.7875000000E+00  5.71247E-02  2.93444E-01
  3.7875000000E+00  3.7916666667E+00  5.76177E-02  3.49044E-01
  3.7916666667E+00  3.7958333333E+00  5.73794E-02  3.09685E-01
  3.7958333333E+00  3.8000000000E+00  5.75188E-02  3.19506E-01
  3.8000000000E+00  3.8041666667E+00  5.74505E-02  3.09769E-01
  3.8041666667E+00  3.8083333333E+00  5.75831E-02  2.95311E-01
  3.8083333333E+00  3.8125000000E+00  5.79761E-02  3.53467E-01
  3.8125000000E+00  3.8166666667E+00  5.79173E-02  3.29372E-01
  3.8166666667E+00  3.8208333333E+00  5.79953E-02  3.21819E-01
  3.8208333333E+00  3.8250000000E+00  5.78963E-02  3.09293E-01
  3.8250000000E+00  3.8291666667E+00  5.80059E-02  3.06901E-01
  3.8291666667E+00  3.8333333333E+00  5.79791E-02  2.87858E-01
  3.8333333333E+00  3.8375000000E+00  5.82419E-02  3.28947E-01
  3.8375000000E+00  3.8416666667E+00  5.81006E-02  2.93132E-01
  3.8416666667E+00  3.8458333333E+00  5.82011E-02  3.10720E-01
  3.8458333333E+00  3.8500000000E+00  5.82525E-02  3.07746E-01
  3.8500000000E+00  3.8541666667E+00  5.83783E-02  3.20954E-01
  3.8541666667E+00  3.8583333333E+00  5.85572E-02  3.22840E-01
  3.8583333333E+00  3.8625000000E+00  5.86290E-02  3.09529E-01
  3.8625000000E+00  3.8666666667E+00  5.84316E-02  2.72671E-01
  3.8666666667E+00  3.8708333333E+00  5.89953E-02  3.41427E-01
  3.8708333333E+00  3.8750000000E+00  5.89586E-02  3.29174E-01
  3.8750000000E+00  3.8791666667E+00  5.89090E-02  3.08722E-01
  3.8791666667E+00  3.8833333333E+00  5.89732E-02  3.03987E-01
  3.8833333333E+00  3.8875000000E+00  5.89557E-02  2.92656E-01
  3.8875000000E+00  3.8916666667E+00  5.92038E-02  3.40213E-01
  3.8916666667E+00  3.8958333333E+00  5.93215E-02  3.27559E-01
  3.8958333333E+00  3.9000000000E+00  5.89552E-02  2.72571E-01
  3.9000000000E+00  3.9041666667E+00  5.90151E-02  2.64011E-01
  3.9041666667E+00  3.9083333333E+00  5.93387E-02  3.07997E-01
  3.9083333333E+00  3.9125000000E+00  5.94014E-02  3.00767E-01
  3.9125000000E+00  3.9166666667E+00  5.98148E-02  3.36366E-01
  3.9166666667E+00  3.9208333333E+00  5.95017E-02  2.91029E-01
  3.9208333333E+00  3.9250000000E+00  5.97232E-02  3.28502E-01
  3.9250000000E+00  3.9291666667E+00  5.96054E-02  2.88319E-01
  3.9291666667E+00  3.9333333333E+00  5.97899E-02  3.15546E-01
  3.9333333333E+00  3.9375000000E+00  5.96616E-02  2.79679E-01
  3.9375000000E+00  3.9416666667E+00  5.98944E-02  2.82603E-01
  3.9416666667E+00  3.9458333333E+00  6.00017E-02  2.81210E-01
  3.9458333333E+00  3.9500000000E+00  6.01263E-02  2.90779E-01
  3.9500000000E+00  3.9541666667E+00  6.03691E-02  3.04396E-01
  3.9541666667E+00  3.9583333333E+00  6.05353E-02  3.42377E-01
  3.9583333333E+00  3.9625000000E+00  6.03300E-02  2.88924E-01
  3.9625000000E+00  3.9666666667E+00  6.05495E-02  2.95816E-01
  3.9666666667E+00  3.9708333333E+00  6.05213E-02  2.86366E-01
  3.9708333333E+00  3.9750000000E+00  6.07142E-02  2.99250E-01
  3.9750000000E+00  3.9791666667E+00  6.07757E-02  2.91577E-01
  3.9791666667E+00  3.9833333333E+00  6.08786E-02  2.97807E-01
  3.9833333333E+00  3.9875000000E+00  6.08794E-02  2.92677E-01
  3.9875000000E+00  3.9916666667E+00  6.09628E-02  2.91286E-01
  3.9916666667E+00  3.9958333333E+00  6.09429E-02  2.77428E-01
  3.9958333333E+00  4.0000000000E+00  6.11594E-02  2.78010E-01
  4.0000000000E+00  4.0041666667E+00  6.13121E-02  2.99139E-01
  4.0041666667E+00  4.0083333333E+00  6.14978E-02  3.04721E-01
  4.0083333333E+00  4.0125000000E+00  6.17786E-02  3.14703E-01
  4.0125000000E+00  4.0166666667E+00  6.16178E-02  2.94238E-01
  4.0166666667E+00  4.0208333333E+00  6.16391E-02  2.83573E-01
  4.0208333333E+00  4.0250000000E+00  6.17085E-02  2.85884E-01
  4.0250000000E+00  4.0291666667E+00  6.19616E-02  3.06151E-01
  4.0291666667E+00  4.0333333333E+00  6.20227E-02  3.05151E-01
  4.0333333333E+00  4.0375000000E+00  6.22700E-02  3.00420E-01
  4.0375000000E+00  4.0416666667E+00  6.21434E-02  2.73889E-01
  4.0416666667E+00  4.0458333333E+00  6.23466E-02  2.88344E-01
  4.0458333333E+00  4.0500000000E+00  6.24627E-02  2.98160E-01
  4.0500000000E+00  4.0541666667E+00  6.25305E-02  3.14383E-01
  4.0541666667E+00  4.0583333333E+00  6.25612E-02  2.88810E-01
  4.0583333333E+00  4.0625000000E+00  6.28054E-02  2.99615E-01
  4.0625000000E+00  4.0666666667E+00  6.28885E-02  2.92308E-01
  4.0666666667E+00  4.0708333333E+00  6.30502E-02  3.07997E-01
  4.0708333333E+00  4.0750000000E+00  6.30447E-02  2.90489E-01
  4.0750000000E+00  4.0791666667E+00  6.32634E-02  3.01290E-01
  4.0791666667E+00  4.0833333333E+00  6.30670E-02  2.69446E-01
  4.0833333333E+00  4.0875000000E+00  6.32100E-02  2.83300E-01
  4.0875000000E+00  4.0916666667E+00  6.33135E-02  2.86447E-01
  4.0916666667E+00  4.0958333333E+00  6.34181E-02  2.83274E-01
  4.0958333333E+00  4.1000000000E+00  6.36368E-02  2.89546E-01
  4.1000000000E+00  4.1041666667E+00  6.38339E-02  2.87771E-01
  4.1041666667E+00  4.1083333333E+00  6.38520E-02  2.80841E-01
  4.1083333333E+00  4.1125000000E+00  6.42940E-02  3.10901E-01
  4.1125000000E+00  4.1166666667E+00  6.41764E-02  2.83008E-01
  4.1166666667E+00  4.1208333333E+00  6.41408E-02  2.62846E-01
  4.1208333333E+00  4.1250000000E+00  6.46963E-02  3.02017E-01
  4.1250000000E+00  4.1291666667E+00  6.49823E-02  3.34511E-01
  4.1291666667E+00  4.1333333333E+00  6.49245E-02  3.07683E-01
  4.1333333333E+00  4.1375000000E+00  6.51361E-02  3.23709E-01
  4.1375000000E+00  4.1416666667E+00  6.49829E-02  2.94872E-01
  4.1416666667E+00  4.1458333333E+00  6.52979E-02  3.19650E-01
  4.1458333333E+00  4.1500000000E+00  6.54088E-02  2.99582E-01
  4.1500000000E+00  4.1541666667E+00  6.55383E-02  3.13240E-01
  4.1541666667E+00  4.1583333333E+00  6.55380E-02  2.95708E-01
  4.1583333333E+00  4.1625000000E+00  6.56587E-02  2.90071E-01
  4.1625000000E+00  4.1666666667E+00  6.60760E-02  3.24158E-01
  4.1666666667E+00  4.1708333333E+00  6.58918E-02  2.72405E-01
  4.1708333333E+00  4.1750000000E+00  6.60759E-02  2.87641E-01
  4.1750000000E+00  4.1791666667E+00  6.62296E-02  2.91951E-01
  4.1791666667E+00  4.1833333333E+00  6.64097E-02  2.78362E-01
  4.1833333333E+00  4.1875000000E+00  6.64134E-02  2.60116E-01
  4.1875000000E+00  4.1916666667E+00  6.69251E-02  3.04387E-01
  4.1916666667E+00  4.1958333333E+00  6.70002E-02  3.07057E-01
  4.1958333333E+00  4.2000000000E+00  6.71790E-02  3.00884E-01
  4.2000000000E+00  4.2041666667E+00  6.74337E-02  2.93406E-01
  4.2041666667E+00  4.2083333333E+00  6.74085E-02  2.80834E-01
  4.2083333333E+00  4.2125000000E+00  6.75590E-02  2.89327E-01
  4.2125000000E+00  4.2166666667E+00  6.78459E-02  2.80490E-01
  4.2166666667E+00  4.2208333333E+00  6.79041E-02  2.85221E-01
  4.2208333333E+00  4.2250000000E+00  6.81889E-02  3.01081E-01
  4.2250000000E+00  4.2291666667E+00  6.83381E-02  2.90584E-01
  4.2291666667E+00  4.2333333333E+00  6.85416E-02  2.93105E-01
  4.2333333333E+00  4.2375000000E+00  6.86933E-02  2.96867E-01
  4.2375000000E+00  4.2416666667E+00  6.89414E-02  3.00225E-01
  4.2416666667E+00  4.2458333333E+00  6.87638E-02  2.59466E-01
  4.2458333333E+00  4.2500000000E+00  6.92482E-02  2.88089E-01
  4.2500000000E+00  4.2541666667E+00  6.94663E-02  2.88917E-01
  4.2541666667E+00  4.2583333333E+00  6.95511E-02  2.75381E-01
  4.2583333333E+00  4.2625000000E+00  6.97318E-02  2.78986E-01
  4.2625000000E+00  4.2666666667E+00  6.99546E-02  2.83008E-01
  4.2666666667E+00  4.2708333333E+00  7.05682E-02  3.23597E-01
  4.2708333333E+00  4.2750000000E+00  7.05732E-02  2.86550E-01
  4.2750000000E+00  4.2791666667E+00  7.09868E-02  3.09086E-01
  4.2791666667E+00  4.2833333333E+00  7.09392E-02  2.77983E-01
  4.2833333333E+00  4.2875000000E+00  7.13947E-02  3.06347E-01
  4.2875000000E+00  4.2916666667E+00  7.17517E-02  3.13738E-01
  4.2916666667E+00  4.2958333333E+00  7.16920E-02  2.73009E-01
  4.2958333333E+00  4.3000000000E+00  7.20929E-02  2.82093E-01
  4.3000000000E+00  4.3041666667E+00  7.23710E-02  2.87844E-01
  4.3041666667E+00  4.3083333333E+00  7.28301E-02  2.99107E-01
  4.3083333333E+00  4.3125000000E+00  7.29561E-02  2.76098E-01
  4.3125000000E+00  4.3166666667E+00  7.35695E-02  3.08203E-01
  4.3166666667E+00  4.3208333333E+00  7.37463E-02  2.92842E-01
  4.3208333333E+00  4.3250000000E+00  7.42525E-02  3.04782E-01
  4.3250000000E+00  4.3291666667E+00  7.43367E-02  2.85064E-01
  4.3291666667E+00  4.3333333333E+00  7.50013E-02  3.11436E-01
  4.3333333333E+00  4.3375000000E+00  7.53241E-02  3.14170E-01
  4.3375000000E+00  4.3416666667E+00  7.54396E-02  2.97549E-01
  4.3416666667E+00  4.3458333333E+00  7.59892E-02  3.07309E-01
  4.3458333333E+00  4.3500000000E+00  7.65426E-02  3.20557E-01
  4.3500000000E+00  4.3541666667E+00  7.67966E-02  3.02747E-01
  4.3541666667E+00  4.3583333333E+00  7.72436E-02  2.99045E-01
  4.3583333333E+00  4.3625000000E+00  7.78300E-02  3.14635E-01
  4.3625000000E+00  4.3666666667E+00  7.79217E-02  2.98773E-01
  4.3666666667E+00  4.3708333333E+00  7.83755E-02  3.05948E-01
  4.3708333333E+00  4.3750000000E+00  7.88160E-02  3.10315E-01
  4.3750000000E+00  4.3791666667E+00  7.89988E-02  2.90966E-01
  4.3791666667E+00  4.3833333333E+00  7.93296E-02  2.93843E-01
  4.3833333333E+00  4.3875000000E+00  7.97588E-02  3.04780E-01
  4.3875000000E+00  4.3916666667E+00  8.01855E-02  3.02711E-01
  4.3916666667E+00  4.3958333333E+00  8.06423E-02  3.10857E-01
  4.3958333333E+00  4.4000000000E+00  8.08839E-02  3.07258E-01
  4.4000000000E+00  4.4041666667E+00  8.11382E-02  3.09814E-01
  4.4041666667E+00  4.4083333333E+00  8.15831E-02  3.21732E-01
  4.4083333333E+00  4.4125000000E+00  8.18316E-02  3.15434E-01
  4.4125000000E+00  4.4166666667E+00  8.19648E-02  3.18681E-01
  4.4166666667E+00  4.4208333333E+00  8.19243E-02  2.95868E-01
  4.4208333333E+00  4.4250000000E+00  8.21204E-02  3.07303E-01
  4.4250000000E+00  4.4291666667E+00  8.23412E-02  3.15074E-01
  4.4291666667E+00  4.4333333333E+00  8.25689E-02  3.19652E-01
  4.4333333333E+00  4.4375000000E+00  8.28363E-02  3.16453E-01
  4.4375000000E+00  4.4416666667E+00  8.29127E-02  3.22743E-01
  4.4416666667E+00  4.4458333333E+00  8.25683E-02  3.09494E-01
  4.4458333333E+00  4.4500000000E+00  8.28627E-02  3.27299E-01
  4.4500000000E+00  4.4541666667E+00  8.27331E-02  3.26892E-01
  4.4541666667E+00  4.4583333333E+00  8.26771E-02  3.23511E-01
  4.4583333333E+00  4.4625000000E+00  8.22500E-02  3.10423E-01
  4.4625000000E+00  4.4666666667E+00  8.23450E-02  3.41318E-01
  4.4666666667E+00  4.4708333333E+00  8.20666E-02  3.22658E-01
  4.4708333333E+00  4.4750000000E+00  8.18898E-02  3.24683E-01
  4.4750000000E+00  4.4791666667E+00  8.14131E-02  3.09083E-01
  4.4791666667E+00  4.4833333333E+00  8.12870E-02  3.23021E-01
  4.4833333333E+00  4.4875000000E+00  8.11501E-02  3.17348E-01
  4.4875000000E+00  4.4916666667E+00  8.11588E-02  3.31304E-01
  4.4916666667E+00  4.4958333333E+00  8.07818E-02  3.19991E-01
  4.4958333333E+00  4.5000000000E+00  8.06453E-02  3.24848E-01
  4.5000000000E+00  4.5041666667E+00  8.08457E-02  3.32824E-01
  4.5041666667E+00  4.5083333333E+00  8.04535E-02  3.11964E-01
  4.5083333333E+00  4.5125000000E+00  8.01479E-02  3.08045E-01
  4.5125000000E+00  4.5166666667E+00  8.03974E-02  3.15563E-01
  4.5166666667E+00  4.5208333333E+00  8.00809E-02  3.09744E-01
  4.5208333333E+00  4.5250000000E+00  8.01317E-02  3.22548E-01
  4.5250000000E+00  4.5291666667E+00  8.02764E-02  3.35466E-01
  4.5291666667E+00  4.5333333333E+00  8.02476E-02  3.09761E-01
  4.5333333333E+00  4.5375000000E+00  8.03890E-02  3.26001E-01
  4.5375000000E+00  4.5416666667E+00  8.04104E-02  3.27550E-01
  4.5416666667E+00  4.5458333333E+00  8.05424E-02  3.27670E-01
  4.5458333333E+00  4.5500000000E+00  8.06794E-02  3.28195E-01
  4.5500000000E+00  4.5541666667E+00  8.05235E-02  3.15373E-01
  4.5541666667E+00  4.5583333333E+00  8.06704E-02  3.19687E-01
  4.5583333333E+00  4.5625000000E+00  8.06307E-02  3.26064E-01
  4.5625000000E+00  4.5666666667E+00  8.06170E-02  3.34101E-01
  4.5666666667E+00  4.5708333333E+00  8.07986E-02  3.29687E-01
  4.5708333333E+00  4.5750000000E+00  8.09114E-02  3.23551E-01
  4.5750000000E+00  4.5791666667E+00  8.07863E-02  3.24290E-01
  4.5791666667E+00  4.5833333333E+00  8.10284E-02  3.32238E-01
  4.5833333333E+00  4.5875000000E+00  8.08275E-02  3.14816E-01
  4.5875000000E+00  4.5916666667E+00  8.09531E-02  3.30308E-01
  4.5916666667E+00  4.5958333333E+00  8.08328E-02  3.25330E-01
  4.5958333333E+00  4.6000000000E+00  8.10204E-02  3.24061E-01
  4.6000000000E+00  4.6041666667E+00  8.09808E-02  3.18713E-01
  4.6041666667E+00  4.6083333333E+00  8.10963E-02  3.45233E-01
  4.6083333333E+00  4.6125000000E+00  8.10045E-02  3.27974E-01
  4.6125000000E+00  4.6166666667E+00  8.10668E-02  3.30166E-01
  4.6166666667E+00  4.6208333333E+00  8.12470E-02  3.32191E-01
  4.6208333333E+00  4.6250000000E+00  8.11591E-02  3.30892E-01
  4.6250000000E+00  4.6291666667E+00  8.09570E-02  3.31140E-01
  4.6291666667E+00  4.6333333333E+00  8.10141E-02  3.34511E-01
  4.6333333333E+00  4.6375000000E+00  8.08240E-02  3.28512E-01
  4.6375000000E+00  4.6416666667E+00  8.08693E-02  3.43281E-01
  4.6416666667E+00  4.6458333333E+00  8.06219E-02  3.26964E-01
  4.6458333333E+00  4.6500000000E+00  8.07374E-02  3.43877E-01
  4.6500000000E+00  4.6541666667E+00  8.05736E-02  3.32058E-01
  4.6541666667E+00  4.6583333333E+00  8.06000E-02  3.35525E-01
  4.6583333333E+00  4.6625000000E+00  8.06280E-02  3.38293E-01
  4.6625000000E+00  4.6666666667E+00  8.05966E-02  3.35954E-01
  4.6666666667E+00  4.6708333333E+00  8.05579E-02  3.32408E-01
  4.6708333333E+00  4.6750000000E+00  8.04856E-02  3.28097E-01
  4.6750000000E+00  4.6791666667E+00  8.09195E-02  3.45227E-01
  4.6791666667E+00  4.6833333333E+00  8.07202E-02  3.46210E-01
  4.6833333333E+00  4.6875000000E+00  8.05544E-02  3.39673E-01
  4.6875000000E+00  4.6916666667E+00  8.07126E-02  3.42312E-01
  4.6916666667E+00  4.6958333333E+00  8.05290E-02  3.43055E-01
  4.6958333333E+00  4.7000000000E+00  8.01980E-02  3.31498E-01
  4.7000000000E+00  4.7041666667E+00  8.02165E-02  3.34257E-01
  4.7041666667E+00  4.7083333333E+00  8.03297E-02  3.42514E-01
  4.7083333333E+00  4.7125000000E+00  8.05195E-02  3.46983E-01
  4.7125000000E+00  4.7166666667E+00  8.02166E-02  3.34027E-01
  4.7166666667E+00  4.7208333333E+00  8.06165E-02  3.51834E-01
  4.7208333333E+00  4.7250000000E+00  8.02629E-02  3.33010E-01
  4.7250000000E+00  4.7291666667E+00  8.01506E-02  3.39331E-01
  4.7291666667E+00  4.7333333333E+00  8.01361E-02  3.42029E-01
  4.7333333333E+00  4.7375000000E+00  8.02761E-02  3.35634E-01
  4.7375000000E+00  4.7416666667E+00  8.04406E-02  3.48207E-01
  4.7416666667E+00  4.7458333333E+00  8.02348E-02  3.35770E-01
  4.7458333333E+00  4.7500000000E+00  8.04632E-02  3.41931E-01
  4.7500000000E+00  4.7541666667E+00  8.03853E-02  3.41140E-01
  4.7541666667E+00  4.7583333333E+00  8.04857E-02  3.61619E-01
  4.7583333333E+00  4.7625000000E+00  8.03329E-02  3.51924E-01
  4.7625000000E+00  4.7666666667E+00  8.01251E-02  3.44755E-01
  4.7666666667E+00  4.7708333333E+00  8.00727E-02  3.39560E-01
  4.7708333333E+00  4.7750000000E+00  8.02938E-02  3.48233E-01
  4.7750000000E+00  4.7791666667E+00  8.04646E-02  3.52534E-01
  4.7791666667E+00  4.7833333333E+00  8.03459E-02  3.44733E-01
  4.7833333333E+00  4.7875000000E+00  8.04072E-02  3.58350E-01
  4.7875000000E+00  4.7916666667E+00  8.00654E-02  3.46868E-01
  4.7916666667E+00  4.7958333333E+00  8.00618E-02  3.45029E-01
  4.7958333333E+00  4.8000000000E+00  7.99620E-02  3.50467E-01
  4.8000000000E+00  4.8041666667E+00  7.97305E-02  3.44499E-01
  4.8041666667E+00  4.8083333333E+00  8.01737E-02  3.66812E-01
  4.8083333333E+00  4.8125000000E+00  7.97679E-02  3.52175E-01
  4.8125000000E+00  4.8166666667E+00  7.98155E-02  3.55216E-01
  4.8166666667E+00  4.8208333333E+00  7.95125E-02  3.49148E-01
  4.8208333333E+00  4.8250000000E+00  7.95305E-02  3.56288E-01
  4.8250000000E+00  4.8291666667E+00  7.92078E-02  3.46541E-01
  4.8291666667E+00  4.8333333333E+00  7.93900E-02  3.55746E-01
  4.8333333333E+00  4.8375000000E+00  7.94859E-02  3.51559E-01
  4.8375000000E+00  4.8416666667E+00  7.91869E-02  3.51354E-01
  4.8416666667E+00  4.8458333333E+00  7.92256E-02  3.58320E-01
  4.8458333333E+00  4.8500000000E+00  7.91142E-02  3.56385E-01
  4.8500000000E+00  4.8541666667E+00  7.90595E-02  3.58170E-01
  4.8541666667E+00  4.8583333333E+00  7.92352E-02  3.52455E-01
  4.8583333333E+00  4.8625000000E+00  7.94218E-02  3.66039E-01
  4.8625000000E+00  4.8666666667E+00  7.92589E-02  3.54988E-01
  4.8666666667E+00  4.8708333333E+00  7.92894E-02  3.62203E-01
  4.8708333333E+00  4.8750000000E+00  7.92630E-02  3.60032E-01
  4.8750000000E+00  4.8791666667E+00  7.95234E-02  3.65223E-01
  4.8791666667E+00  4.8833333333E+00  7.94215E-02  3.53528E-01
  4.8833333333E+00  4.8875000000E+00  7.95205E-02  3.59751E-01
  4.8875000000E+00  4.8916666667E+00  7.96353E-02  3.64079E-01
  4.8916666667E+00  4.8958333333E+00  7.96380E-02  3.62412E-01
  4.8958333333E+00  4.9000000000E+00  7.98436E-02  3.71057E-01
  4.9000000000E+00  4.9041666667E+00  7.99598E-02  3.71356E-01
  4.9041666667E+00  4.9083333333E+00  7.98518E-02  3.64855E-01
  4.9083333333E+00  4.9125000000E+00  7.99013E-02  3.61956E-01
  4.9125000000E+00  4.9166666667E+00  8.01502E-02  3.73377E-01
  4.9166666667E+00  4.9208333333E+00  8.00931E-02  3.71378E-01
  4.9208333333E+00  4.9250000000E+00  8.02207E-02  3.75912E-01
  4.9250000000E+00  4.9291666667E+00  8.00107E-02  3.71984E-01
  4.9291666667E+00  4.9333333333E+00  7.98915E-02  3.76298E-01
  4.9333333333E+00  4.9375000000E+00  7.98634E-02  3.72506E-01
  4.9375000000E+00  4.9416666667E+00  8.00680E-02  3.79395E-01
  4.9416666667E+00  4.9458333333E+00  7.98512E-02  3.81354E-01
  4.9458333333E+00  4.9500000000E+00  7.97955E-02  3.75080E-01
  4.9500000000E+00  4.9541666667E+00  7.97662E-02  3.78546E-01
  4.9541666667E+00  4.9583333333E+00  7.98812E-02  3.86785E-01
  4.9583333333E+00  4.9625000000E+00  7.96363E-02  3.81100E-01
  4.9625000000E+00  4.9666666667E+00  7.96100E-02  3.79806E-01
  4.9666666667E+00  4.9708333333E+00  7.96893E-02  3.91081E-01
  4.9708333333E+00  4.9750000000E+00  7.96393E-02  3.89660E-01
  4.9750000000E+00  4.9791666667E+00  7.94868E-02  3.88394E-01
  4.9791666667E+00  4.9833333333E+00  7.94745E-02  3.90268E-01
  4.9833333333E+00  4.9875000000E+00  7.95430E-02  3.91998E-01
  4.9875000000E+00  4.9916666667E+00  7.94412E-02  3.98007E-01
  4.9916666667E+00  4.9958333333E+00  7.93451E-02  3.86781E-01
  4.9958333333E+00  5.0000000000E+00  7.95450E-02  3.90100E-01
  5.0000000000E+00  5.0041666667E+00  7.97226E-02  3.91339E-01
  5.0041666667E+00  5.0083333333E+00  7.99969E-02  3.94316E-01
  5.0083333333E+00  5.0125000000E+00  8.00355E-02  3.93271E-01
  5.0125000000E+00  5.0166666667E+00  8.01577E-02  3.94309E-01
  5.0166666667E+00  5.0208333333E+00  8.05080E-02  4.02694E-01
  5.0208333333E+00  5.0250000000E+00  8.08154E-02  4.04706E-01
  5.0250000000E+00  5.0291666667E+00  8.10656E-02  4.01454E-01
  5.0291666667E+00  5.0333333333E+00  8.14819E-02  4.08245E-01
  5.0333333333E+00  5.0375000000E+00  8.17956E-02  4.07790E-01
  5.0375000000E+00  5.0416666667E+00  8.23686E-02  4.07501E-01
  5.0416666667E+00  5.0458333333E+00  8.25394E-02  4.14797E-01
  5.0458333333E+00  5.0500000000E+00  8.29157E-02  4.15571E-01
  5.0500000000E+00  5.0541666667E+00  8.31494E-02  4.14388E-01
  5.0541666667E+00  5.0583333333E+00  8.37922E-02  4.21765E-01
  5.0583333333E+00  5.0625000000E+00  8.41062E-02  4.30559E-01
  5.0625000000E+00  5.0666666667E+00  8.40191E-02  4.29988E-01
  5.0666666667E+00  5.0708333333E+00  8.40538E-02  4.33810E-01
  5.0708333333E+00  5.0750000000E+00  8.41101E-02  4.38278E-01
  5.0750000000E+00  5.0791666667E+00  8.39251E-02  4.43038E-01
  5.0791666667E+00  5.0833333333E+00  8.37793E-02  4.48063E-01
  5.0833333333E+00  5.0875000000E+00  8.31776E-02  4.53812E-01
  5.0875000000E+00  5.0916666667E+00  8.30107E-02  4.61667E-01
  5.0916666667E+00  5.0958333333E+00  8.20970E-02  4.67216E-01
  5.0958333333E+00  5.1000000000E+00  8.11295E-02  4.74820E-01
  5.1000000000E+00  5.1041666667E+00  8.01567E-02  4.85201E-01
  5.1041666667E+00  5.1083333333E+00  7.89334E-02  4.93397E-01
  5.1083333333E+00  5.1125000000E+00  7.71808E-02  5.03845E-01
  5.1125000000E+00  5.1166666667E+00  7.53632E-02  5.13746E-01
  5.1166666667E+00  5.1208333333E+00  7.33168E-02  5.25682E-01
  5.1208333333E+00  5.1250000000E+00  7.12407E-02  5.38697E-01
  5.1250000000E+00  5.1291666667E+00  6.89787E-02  5.53109E-01
  5.1291666667E+00  5.1333333333E+00  6.62618E-02  5.65891E-01
  5.1333333333E+00  5.1375000000E+00  6.36939E-02  5.79082E-01
  5.1375000000E+00  5.1416666667E+00  6.10657E-02  5.98294E-01
  5.1416666667E+00  5.1458333333E+00  5.85155E-02  6.17514E-01
  5.1458333333E+00  5.1500000000E+00  5.58572E-02  6.38293E-01
  5.1500000000E+00  5.1541666667E+00  5.27819E-02  6.61775E-01
  5.1541666667E+00  5.1583333333E+00  4.93786E-02  6.86140E-01
  5.1583333333E+00  5.1625000000E+00  4.65858E-02  7.14915E-01
  5.1625000000E+00  5.1666666667E+00  4.35381E-02  7.45110E-01
  5.1666666667E+00  5.1708333333E+00  4.05725E-02  7.78960E-01
  5.1708333333E+00  5.1750000000E+00  3.71072E-02  8.16184E-01
  5.1750000000E+00  5.1791666667E+00  3.41319E-02  8.58039E-01
  5.1791666667E+00  5.1833333333E+00  3.10221E-02  9.04845E-01
  5.1833333333E+00  5.1875000000E+00  2.81537E-02  9.59376E-01
  5.1875000000E+00  5.1916666667E+00  2.52477E-02  1.01340E+00
  5.1916666667E+00  5.1958333333E+00  2.26394E-02  1.07323E+00
  5.1958333333E+00  5.2000000000E+00  2.03653E-02  1.14120E+00
  5.2000000000E+00  5.2041666667E+00  1.81614E-02  1.22059E+00
  5.2041666667E+00  5.2083333333E+00  1.57748E-02  1.30949E+00
  5.2083333333E+00  5.2125000000E+00  1.37781E-02  1.40549E+00
  5.2125000000E+00  5.2166666667E+00  1.20607E-02  1.50805E+00
  5.2166666667E+00  5.2208333333E+00  1.05541E-02  1.63809E+00
  5.2208333333E+00  5.2250000000E+00  8.86727E-03  1.76968E+00
  5.2250000000E+00  5.2291666667E+00  7.60763E-03  1.93467E+00
  5.2291666667E+00  5.2333333333E+00  6.70027E-03  2.07852E+00
  5.2333333333E+00  5.2375000000E+00  5.45277E-03  2.30259E+00
  5.2375000000E+00  5.2416666667E+00  4.54379E-03  2.51694E+00
  5.2416666667E+00  5.2458333333E+00  3.65710E-03  2.78835E+00
  5.2458333333E+00  5.2500000000E+00  3.17679E-03  3.04004E+00
  5.2500000000E+00  5.2541666667E+00  2.58761E-03  3.39240E+00
  5.2541666667E+00  5.2583333333E+00  2.12882E-03  3.74985E+00
  5.2583333333E+00  5.2625000000E+00  1.66418E-03  4.17921E+00
  5.2625000000E+00  5.2666666667E+00  1.34457E-03  4.67437E+00
  5.2666666667E+00  5.2708333333E+00  1.09179E-03  5.25046E+00
  5.2708333333E+00  5.2750000000E+00  8.99971E-04  5.76906E+00
  5.2750000000E+00  5.2791666667E+00  6.64830E-04  6.56532E+00
  5.2791666667E+00  5.2833333333E+00  5.38596E-04  7.42168E+00
  5.2833333333E+00  5.2875000000E+00  4.12603E-04  8.32079E+00
  5.2875000000E+00  5.2916666667E+00  3.46828E-04  9.03646E+00
  5.2916666667E+00  5.2958333333E+00  2.52738E-04  1.03645E+01
  5.2958333333E+00  5.3000000000E+00  2.41987E-04  1.69474E+01
  5.3000000000E+00  5.3041666667E+00  1.85260E-04  1.20888E+01
  5.3041666667E+00  5.3083333333E+00  1.60395E-04  1.24854E+01
  5.3083333333E+00  5.3125000000E+00  1.22815E-04  1.32187E+01
  5.3125000000E+00  5.3166666667E+00  1.06261E-04  1.34203E+01
  5.3166666667E+00  5.3208333333E+00  9.22497E-05  1.41096E+01
  5.3208333333E+00  5.3250000000E+00  9.18095E-05  1.40785E+01
  5.3250000000E+00  5.3291666667E+00  8.49264E-05  1.48901E+01
  5.3291666667E+00  5.3333333333E+00  8.33774E-05  1.50852E+01
  5.3333333333E+00  5.3375000000E+00  7.29671E-05  1.50005E+01
  5.3375000000E+00  5.3416666667E+00  7.44944E-05  1.58355E+01
  5.3416666667E+00  5.3458333333E+00  6.56948E-05  1.55053E+01
  5.3458333333E+00  5.3500000000E+00  5.79219E-05  1.56447E+01
  5.3500000000E+00  5.3541666667E+00  6.16303E-05  1.67355E+01
  5.3541666667E+00  5.3583333333E+00  5.91536E-05  1.56806E+01
  5.3583333333E+00  5.3625000000E+00  5.49791E-05  1.58953E+01
  5.3625000000E+00  5.3666666667E+00  5.18738E-05  1.37093E+01
  5.3666666667E+00  5.3708333333E+00  4.99311E-05  1.45855E+01
  5.3708333333E+00  5.3750000000E+00  5.28322E-05  1.40820E+01
  5.3750000000E+00  5.3791666667E+00  5.45804E-05  1.45716E+01
  5.3791666667E+00  5.3833333333E+00  5.73909E-05  1.50986E+01
  5.3833333333E+00  5.3875000000E+00  6.25981E-05  1.58200E+01
  5.3875000000E+00  5.3916666667E+00  6.25186E-05  1.62753E+01
  5.3916666667E+00  5.3958333333E+00  6.50153E-05  1.58659E+01
  5.3958333333E+00  5.4000000000E+00  6.63528E-05  1.64025E+01
  5.4000000000E+00  5.4041666667E+00  6.38034E-05  1.62978E+01
  5.4041666667E+00  5.4083333333E+00  6.30385E-05  1.76889E+01
  5.4083333333E+00  5.4125000000E+00  6.37151E-05  1.72764E+01
  5.4125000000E+00  5.4166666667E+00  6.48757E-05  1.83098E+01
  5.4166666667E+00  5.4208333333E+00  5.92742E-05  1.78343E+01
  5.4208333333E+00  5.4250000000E+00  5.45308E-05  1.82202E+01
  5.4250000000E+00  5.4291666667E+00  5.44652E-05  1.85683E+01
  5.4291666667E+00  5.4333333333E+00  4.50893E-05  1.75309E+01
  5.4333333333E+00  5.4375000000E+00  5.09543E-05  1.93962E+01
  5.4375000000E+00  5.4416666667E+00  4.93356E-05  1.93446E+01
  5.4416666667E+00  5.4458333333E+00  5.56329E-05  2.17260E+01
  5.4458333333E+00  5.4500000000E+00  5.15704E-05  2.14993E+01
  5.4500000000E+00  5.4541666667E+00  4.89908E-05  2.21064E+01
  5.4541666667E+00  5.4583333333E+00  3.44914E-05  2.28948E+01
  5.4583333333E+00  5.4625000000E+00  3.41531E-05  2.23328E+01
  5.4625000000E+00  5.4666666667E+00  3.47815E-05  2.26287E+01
  5.4666666667E+00  5.4708333333E+00  3.60773E-05  2.52146E+01
  5.4708333333E+00  5.4750000000E+00  3.88248E-05  2.45443E+01
  5.4750000000E+00  5.4791666667E+00  3.91781E-05  2.34204E+01
  5.4791666667E+00  5.4833333333E+00  5.06251E-05  2.63444E+01
  5.4833333333E+00  5.4875000000E+00  2.39518E-05  2.63926E+01
  5.4875000000E+00  5.4916666667E+00  2.55711E-05  3.03105E+01
  5.4916666667E+00  5.4958333333E+00  2.31005E-05  2.94975E+01
  5.4958333333E+00  5.5000000000E+00  2.37143E-05  2.92748E+01
  5.5000000000E+00  5.5041666667E+00  2.17384E-05  3.03885E+01
  5.5041666667E+00  5.5083333333E+00  2.11917E-05  3.02021E+01
  5.5083333333E+00  5.5125000000E+00  2.37039E-05  3.30268E+01
  5.5125000000E+00  5.5166666667E+00  1.82527E-05  3.15908E+01
  5.5166666667E+00  5.5208333333E+00  1.42715E-05  3.45165E+01
  5.5208333333E+00  5.5250000000E+00  1.60854E-05  3.47959E+01
  5.5250000000E+00  5.5291666667E+00  1.93397E-05  3.64554E+01
  5.5291666667E+00  5.5333333333E+00  2.14194E-05  3.69204E+01
  5.5333333333E+00  5.5375000000E+00  1.82788E-05  3.70002E+01
  5.5375000000E+00  5.5416666667E+00  8.67588E-06  4.76845E+01
  5.5416666667E+00  5.5458333333E+00  1.12223E-05  5.11429E+01
  5.5458333333E+00  5.5500000000E+00  8.50186E-06  4.49814E+01
  5.5500000000E+00  5.5541666667E+00  8.51342E-06  5.57463E+01
  5.5541666667E+00  5.5583333333E+00  8.47364E-06  5.17751E+01
  5.5583333333E+00  5.5625000000E+00  5.88306E-06  6.00533E+01
  5.5625000000E+00  5.5666666667E+00  7.26157E-06  6.16784E+01
  5.5666666667E+00  5.5708333333E+00  6.82794E-06  5.82448E+01
  5.5708333333E+00  5.5750000000E+00  4.01730E-06  7.10776E+01
  5.5750000000E+00  5.5791666667E+00  4.64316E-06  7.17330E+01
  5.5791666667E+00  5.5833333333E+00  6.09040E-06  7.30892E+01
  5.5833333333E+00  5.5875000000E+00  6.22865E-06  7.13860E+01
  5.5875000000E+00  5.5916666667E+00  4.23011E-06  1.00000E+02
  5.5916666667E+00  5.5958333333E+00  2.68218E-06  1.00000E+02
  5.5958333333E+00  5.6000000000E+00  0.00000E+00  0.00000E+00
  5.6000000000E+00  5.6041666667E+00  0.00000E+00  0.00000E+00
  5.6041666667E+00  5.6083333333E+00  0.00000E+00  0.00000E+00
  5.6083333333E+00  5.6125000000E+00  0.00000E+00  0.00000E+00
  5.6125000000E+00  5.6166666667E+00  0.00000E+00  0.00000E+00
  5.6166666667E+00  5.6208333333E+00  0.00000E+00  0.00000E+00
  5.6208333333E+00  5.6250000000E+00  0.00000E+00  0.00000E+00
  5.6250000000E+00  5.6291666667E+00  0.00000E+00  0.00000E+00
  5.6291666667E+00  5.6333333333E+00  0.00000E+00  0.00000E+00
  5.6333333333E+00  5.6375000000E+00  0.00000E+00  0.00000E+00
  5.6375000000E+00  5.6416666667E+00  0.00000E+00  0.00000E+00
  5.6416666667E+00  5.6458333333E+00  0.00000E+00  0.00000E+00
  5.6458333333E+00  5.6500000000E+00  0.00000E+00  0.00000E+00
  5.6500000000E+00  5.6541666667E+00  0.00000E+00  0.00000E+00
  5.6541666667E+00  5.6583333333E+00  0.00000E+00  0.00000E+00
  5.6583333333E+00  5.6625000000E+00  0.00000E+00  0.00000E+00
  5.6625000000E+00  5.6666666667E+00  2.13840E-06  8.69015E+01
  5.6666666667E+00  5.6708333333E+00  2.93234E-06  7.28046E+01
  5.6708333333E+00  5.6750000000E+00  3.69759E-06  6.26563E+01
  5.6750000000E+00  5.6791666667E+00  6.84186E-06  8.23056E+01
  5.6791666667E+00  5.6833333333E+00  0.00000E+00  0.00000E+00
  5.6833333333E+00  5.6875000000E+00  0.00000E+00  0.00000E+00
  5.6875000000E+00  5.6916666667E+00  0.00000E+00  0.00000E+00
  5.6916666667E+00  5.6958333333E+00  0.00000E+00  0.00000E+00
  5.6958333333E+00  5.7000000000E+00  2.42430E-06  1.00000E+02
  5.7000000000E+00  5.7041666667E+00  0.00000E+00  0.00000E+00
  5.7041666667E+00  5.7083333333E+00  0.00000E+00  0.00000E+00
  5.7083333333E+00  5.7125000000E+00  0.00000E+00  0.00000E+00
  5.7125000000E+00  5.7166666667E+00  0.00000E+00  0.00000E+00
  5.7166666667E+00  5.7208333333E+00  0.00000E+00  0.00000E+00
  5.7208333333E+00  5.7250000000E+00  0.00000E+00  0.00000E+00
  5.7250000000E+00  5.7291666667E+00  0.00000E+00  0.00000E+00
  5.7291666667E+00  5.7333333333E+00  0.00000E+00  0.00000E+00
  5.7333333333E+00  5.7375000000E+00  0.00000E+00  0.00000E+00
  5.7375000000E+00  5.7416666667E+00  0.00000E+00  0.00000E+00
  5.7416666667E+00  5.7458333333E+00  0.00000E+00  0.00000E+00
  5.7458333333E+00  5.7500000000E+00  0.00000E+00  0.00000E+00
  5.7500000000E+00  5.7541666667E+00  0.00000E+00  0.00000E+00
  5.7541666667E+00  5.7583333333E+00  0.00000E+00  0.00000E+00
  5.7583333333E+00  5.7625000000E+00  0.00000E+00  0.00000E+00
  5.7625000000E+00  5.7666666667E+00  0.00000E+00  0.00000E+00
  5.7666666667E+00  5.7708333333E+00  0.00000E+00  0.00000E+00
  5.7708333333E+00  5.7750000000E+00  0.00000E+00  0.00000E+00
  5.7750000000E+00  5.7791666667E+00  0.00000E+00  0.00000E+00
  5.7791666667E+00  5.7833333333E+00  0.00000E+00  0.00000E+00
  5.7833333333E+00  5.7875000000E+00  2.24157E-13  1.00000E+02
  5.7875000000E+00  5.7916666667E+00  0.00000E+00  0.00000E+00
  5.7916666667E+00  5.7958333333E+00  0.00000E+00  0.00000E+00
  5.7958333333E+00  5.8000000000E+00  0.00000E+00  0.00000E+00
  5.8000000000E+00  5.8041666667E+00  0.00000E+00  0.00000E+00
  5.8041666667E+00  5.8083333333E+00  0.00000E+00  0.00000E+00
  5.8083333333E+00  5.8125000000E+00  0.00000E+00  0.00000E+00
  5.8125000000E+00  5.8166666667E+00  0.00000E+00  0.00000E+00
  5.8166666667E+00  5.8208333333E+00  0.00000E+00  0.00000E+00
  5.8208333333E+00  5.8250000000E+00  0.00000E+00  0.00000E+00
  5.8250000000E+00  5.8291666667E+00  0.00000E+00  0.00000E+00
  5.8291666667E+00  5.8333333333E+00  0.00000E+00  0.00000E+00
  5.8333333333E+00  5.8375000000E+00  0.00000E+00  0.00000E+00
  5.8375000000E+00  5.8416666667E+00  0.00000E+00  0.00000E+00
  5.8416666667E+00  5.8458333333E+00  0.00000E+00  0.00000E+00
  5.8458333333E+00  5.8500000000E+00  0.00000E+00  0.00000E+00
  5.8500000000E+00  5.8541666667E+00  0.00000E+00  0.00000E+00
  5.8541666667E+00  5.8583333333E+00  0.00000E+00  0.00000E+00
  5.8583333333E+00  5.8625000000E+00  0.00000E+00  0.00000E+00
  5.8625000000E+00  5.8666666667E+00  0.00000E+00  0.00000E+00
  5.8666666667E+00  5.8708333333E+00  0.00000E+00  0.00000E+00
  5.8708333333E+00  5.8750000000E+00  0.00000E+00  0.00000E+00
  5.8750000000E+00  5.8791666667E+00  0.00000E+00  0.00000E+00
  5.8791666667E+00  5.8833333333E+00  7.95073E-06  1.00000E+02
  5.8833333333E+00  5.8875000000E+00  0.00000E+00  0.00000E+00
  5.8875000000E+00  5.8916666667E+00  0.00000E+00  0.00000E+00
  5.8916666667E+00  5.8958333333E+00  0.00000E+00  0.00000E+00
  5.8958333333E+00  5.9000000000E+00  0.00000E+00  0.00000E+00
  5.9000000000E+00  5.9041666667E+00  0.00000E+00  0.00000E+00
  5.9041666667E+00  5.9083333333E+00  0.00000E+00  0.00000E+00
  5.9083333333E+00  5.9125000000E+00  0.00000E+00  0.00000E+00
  5.9125000000E+00  5.9166666667E+00  0.00000E+00  0.00000E+00
  5.9166666667E+00  5.9208333333E+00  0.00000E+00  0.00000E+00
  5.9208333333E+00  5.9250000000E+00  0.00000E+00  0.00000E+00
  5.9250000000E+00  5.9291666667E+00  0.00000E+00  0.00000E+00
  5.9291666667E+00  5.9333333333E+00  0.00000E+00  0.00000E+00
  5.9333333333E+00  5.9375000000E+00  0.00000E+00  0.00000E+00
  5.9375000000E+00  5.9416666667E+00  0.00000E+00  0.00000E+00
  5.9416666667E+00  5.9458333333E+00  0.00000E+00  0.00000E+00
  5.9458333333E+00  5.9500000000E+00  9.21222E-07  1.00000E+02
  5.9500000000E+00  5.9541666667E+00  3.88249E-06  7.04649E+01
  5.9541666667E+00  5.9583333333E+00  0.00000E+00  0.00000E+00
  5.9583333333E+00  5.9625000000E+00  0.00000E+00  0.00000E+00
  5.9625000000E+00  5.9666666667E+00  0.00000E+00  0.00000E+00
  5.9666666667E+00  5.9708333333E+00  0.00000E+00  0.00000E+00
  5.9708333333E+00  5.9750000000E+00  0.00000E+00  0.00000E+00
  5.9750000000E+00  5.9791666667E+00  0.00000E+00  0.00000E+00
  5.9791666667E+00  5.9833333333E+00  0.00000E+00  0.00000E+00
  5.9833333333E+00  5.9875000000E+00  0.00000E+00  0.00000E+00
  5.9875000000E+00  5.9916666667E+00  0.00000E+00  0.00000E+00
  5.9916666667E+00  5.9958333333E+00  0.00000E+00  0.00000E+00
  5.9958333333E+00  6.0000000000E+00  0.00000E+00  0.00000E+00
  6.0000000000E+00  6.0000000000E+00  0.00000E+00  0.00000E+00