# Detector n: 1D Projection
  1.0000000000E+00  1.0300000000E+00  3.94057E-02  2.15353E-01
  1.0300000000E+00  1.0600000000E+00  3.95132E-02  2.18314E-01
  1.0600000000E+00  1.0900000000E+00  3.97196E-02  2.17035E-01
  1.0900000000E+00  1.1200000000E+00  4.00779E-02  2.16254E-01
  1.1200000000E+00  1.1500000000E+00  4.01909E-02  2.18931E-01
  1.1500000000E+00  1.1800000000E+00  4.02299E-02  2.14984E-01
  1.1800000000E+00  1.2100000000E+00  4.03528E-02  2.26890E-01
  1.2100000000E+00  1.2400000000E+00  4.03749E-02  2.15652E-01
  1.2400000000E+00  1.2700000000E+00  4.08043E-02  2.16833E-01
  1.2700000000E+00  1.3000000000E+00  4.09130E-02  2.13546E-01
  1.3000000000E+00  1.3300000000E+00  4.11480E-02  2.22112E-01
  1.3300000000E+00  1.3600000000E+00  4.11040E-02  2.15912E-01
  1.3600000000E+00  1.3900000000E+00  4.10637E-02  2.10602E-01
  1.3900000000E+00  1.4200000000E+00  4.10511E-02  2.11626E-01
  1.4200000000E+00  1.4500000000E+00  4.11043E-02  2.13716E-01
  1.4500000000E+00  1.4800000000E+00  4.13715E-02  2.25160E-01
  1.4800000000E+00  1.5100000000E+00  4.13600E-02  2.15004E-01
  1.5100000000E+00  1.5400000000E+00  4.16899E-02  2.26672E-01
  1.5400000000E+00  1.5700000000E+00  4.18171E-02  2.16100E-01
  1.5700000000E+00  1.6000000000E+00  4.20039E-02  2.08073E-01
  1.6000000000E+00  1.6300000000E+00  4.22031E-02  2.14898E-01
  1.6300000000E+00  1.6600000000E+00  4.22204E-02  2.13384E-01
  1.6600000000E+00  1.6900000000E+00  4.24180E-02  2.14336E-01
  1.6900000000E+00  1.7200000000E+00  4.25149E-02  2.14507E-01
  1.7200000000E+00  1.7500000000E+00  4.25442E-02  2.15113E-01
  1.7500000000E+00  1.7800000000E+00  4.26319E-02  2.08669E-01
  1.7800000000E+00  1.8100000000E+00  4.26861E-02  2.09318E-01
  1.8100000000E+00  1.8400000000E+00  4.28025E-02  2.09303E-01
  1.8400000000E+00  1.8700000000E+00  4.30616E-02  2.16947E-01
  1.8700000000E+00  1.9000000000E+00  4.30710E-02  2.11705E-01
  1.9000000000E+00  1.9300000000E+00  4.32346E-02  2.11925E-01
  1.9300000000E+00  1.9600000000E+00  4.34342E-02  2.12756E-01
  1.9600000000E+00  1.9900000000E+00  4.34237E-02  2.07646E-01
  1.9900000000E+00  2.0200000000E+00  4.35381E-02  2.08721E-01
  2.0200000000E+00  2.0500000000E+00  4.37684E-02  2.12209E-01
  2.0500000000E+00  2.0800000000E+00  4.39572E-02  2.16672E-01
  2.0800000000E+00  2.1100000000E+00  4.40173E-02  2.09238E-01
  2.1100000000E+00  2.1400000000E+00  4.43154E-02  2.14852E-01
  2.1400000000E+00  2.1700000000E+00  4.45219E-02  2.08768E-01
  2.1700000000E+00  2.2000000000E+00  4.48454E-02  2.15215E-01
  2.2000000000E+00  2.2300000000E+00  4.47711E-02  2.13812E-01
  2.2300000000E+00  2.2600000000E+00  4.48210E-02  2.09154E-01
  2.2600000000E+00  2.2900000000E+00  4.51311E-02  2.11898E-01
  2.2900000000E+00  2.3200000000E+00  4.52583E-02  2.15396E-01
  2.3200000000E+00  2.3500000000E+00  4.52862E-02  2.05772E-01
  2.3500000000E+00  2.3800000000E+00  4.54999E-02  2.08191E-01
  2.3800000000E+00  2.4100000000E+00  4.56277E-02  2.09739E-01
  2.4100000000E+00  2.4400000000E+00  4.57674E-02  2.09981E-01
  2.4400000000E+00  2.4700000000E+00  4.59347E-02  2.10433E-01
  2.4700000000E+00  2.5000000000E+00  4.62067E-02  2.11543E-01
  2.5000000000E+00  2.5300000000E+00  4.63677E-02  2.10628E-01
  2.5300000000E+00  2.5600000000E+00  4.64884E-02  2.10704E-01
  2.5600000000E+00  2.5900000000E+00  4.67201E-02  2.11226E-01
  2.5900000000E+00  2.6200000000E+00  4.68475E-02  2.07988E-01
  2.6200000000E+00  2.6500000000E+00  4.70283E-02  2.07170E-01
  2.6500000000E+00  2.6800000000E+00  4.71640E-02  2.04700E-01
  2.6800000000E+00  2.7100000000E+00  4.74811E-02  2.07175E-01
  2.7100000000E+00  2.7400000000E+00  4.76547E-02  2.06683E-01
  2.7400000000E+00  2.7700000000E+00  4.78639E-02  2.05885E-01
  2.7700000000E+00  2.8000000000E+00  4.80746E-02  2.09884E-01
  2.8000000000E+00  2.8300000000E+00  4.80748E-02  2.02289E-01
  2.8300000000E+00  2.8600000000E+00  4.84137E-02  2.09111E-01
  2.8600000000E+00  2.8900000000E+00  4.86987E-02  2.09558E-01
  2.8900000000E+00  2.9200000000E+00  4.88428E-02  2.06391E-01
  2.9200000000E+00  2.9500000000E+00  4.91703E-02  2.09069E-01
  2.9500000000E+00  2.9800000000E+00  4.92968E-02  2.11364E-01
  2.9800000000E+00  3.0100000000E+00  4.93279E-02  2.05030E-01
  3.0100000000E+00  3.0400000000E+00  4.97151E-02  2.11142E-01
  3.0400000000E+00  3.0700000000E+00  4.97368E-02  2.04789E-01
  3.0700000000E+00  3.1000000000E+00  4.99989E-02  2.03821E-01
  3.1000000000E+00  3.1300000000E+00  5.03330E-02  2.06144E-01
  3.1300000000E+00  3.1600000000E+00  5.06328E-02  2.07147E-01
  3.1600000000E+00  3.1900000000E+00  5.07371E-02  2.04599E-01
  3.1900000000E+00  3.2200000000E+00  5.09857E-02  2.05503E-01
  3.2200000000E+00  3.2500000000E+00  5.12214E-02  2.05408E-01
  3.2500000000E+00  3.2800000000E+00  5.14630E-02  2.06017E-01
  3.2800000000E+00  3.3100000000E+00  5.17062E-02  2.07143E-01
  3.3100000000E+00  3.3400000000E+00  5.19839E-02  2.05712E-01
  3.3400000000E+00  3.3700000000E+00  5.21862E-02  2.03415E-01
  3.3700000000E+00  3.4000000000E+00  5.26216E-02  2.05495E-01
  3.4000000000E+00  3.4300000000E+00  5.29039E-02  2.05141E-01
  3.4300000000E+00  3.4600000000E+00  5.32244E-02  2.07574E-01
  3.4600000000E+00  3.4900000000E+00  5.35431E-02  2.06713E-01
  3.4900000000E+00  3.5200000000E+00  5.38451E-02  2.05852E-01
  3.5200000000E+00  3.5500000000E+00  5.41059E-02  2.06309E-01
  3.5500000000E+00  3.5800000000E+00  5.43633E-02  2.06557E-01
  3.5800000000E+00  3.6100000000E+00  5.47298E-02  2.05257E-01
  3.6100000000E+00  3.6400000000E+00  5.50054E-02  2.01848E-01
  3.6400000000E+00  3.6700000000E+00  5.54692E-02  2.05885E-01
  3.6700000000E+00  3.7000000000E+00  5.61365E-02  2.11733E-01
  3.7000000000E+00  3.7300000000E+00  5.60546E-02  2.01814E-01
  3.7300000000E+00  3.7600000000E+00  5.67780E-02  2.07171E-01
  3.7600000000E+00  3.7900000000E+00  5.70734E-02  2.03838E-01
  3.7900000000E+00  3.8200000000E+00  5.76076E-02  2.04713E-01
  3.8200000000E+00  3.8500000000E+00  5.81931E-02  2.06586E-01
  3.8500000000E+00  3.8800000000E+00  5.85719E-02  2.04122E-01
  3.8800000000E+00  3.9100000000E+00  5.91413E-02  2.06618E-01
  3.9100000000E+00  3.9400000000E+00  5.95538E-02  2.02850E-01
  3.9400000000E+00  3.9700000000E+00  6.02408E-02  2.03994E-01
  3.9700000000E+00  4.0000000000E+00  6.08193E-02  2.04930E-01
  4.0000000000E+00  4.0300000000E+00  6.15074E-02  2.04475E-01
  4.0300000000E+00  4.0600000000E+00  6.22400E-02  2.03362E-01
  4.0600000000E+00  4.0900000000E+00  6.28539E-02  2.02691E-01
  4.0900000000E+00  4.1200000000E+00  6.37034E-02  2.03656E-01
  4.1200000000E+00  4.1500000000E+00  6.46213E-02  2.02844E-01
  4.1500000000E+00  4.1800000000E+00  6.57513E-02  2.05765E-01
  4.1800000000E+00  4.2100000000E+00  6.69066E-02  2.05467E-01
  4.2100000000E+00  4.2400000000E+00  6.80804E-02  2.05916E-01
  4.2400000000E+00  4.2700000000E+00  6.96126E-02  2.07499E-01
  4.2700000000E+00  4.3000000000E+00  7.13085E-02  2.07543E-01
  4.3000000000E+00  4.3300000000E+00  7.32726E-02  2.08909E-01
  4.3300000000E+00  4.3600000000E+00  7.58800E-02  2.12998E-01
  4.3600000000E+00  4.3900000000E+00  7.86172E-02  2.18130E-01
  4.3900000000E+00  4.4200000000E+00  8.12819E-02  2.22609E-01
  4.4200000000E+00  4.4500000000E+00  8.24645E-02  2.26011E-01
  4.4500000000E+00  4.4800000000E+00  8.18947E-02  2.27808E-01
  4.4800000000E+00  4.5100000000E+00  8.07660E-02  2.27507E-01
  4.5100000000E+00  4.5400000000E+00  8.01800E-02  2.28470E-01
  4.5400000000E+00  4.5700000000E+00  8.06340E-02  2.30028E-01
  4.5700000000E+00  4.6000000000E+00  8.11913E-02  2.34297E-01
  4.6000000000E+00  4.6300000000E+00  8.08120E-02  2.37450E-01
  4.6300000000E+00  4.6600000000E+00  7.99341E-02  2.38223E-01
  4.6600000000E+00  4.6900000000E+00  7.96346E-02  2.40768E-01
  4.6900000000E+00  4.7200000000E+00  7.97682E-02  2.42678E-01
  4.7200000000E+00  4.7500000000E+00  8.00995E-02  2.46668E-01
  4.7500000000E+00  4.7800000000E+00  8.02355E-02  2.50856E-01
  4.7800000000E+00  4.8100000000E+00  8.00824E-02  2.54000E-01
  4.8100000000E+00  4.8400000000E+00  7.95656E-02  2.56893E-01
  4.8400000000E+00  4.8700000000E+00  7.90723E-02  2.60529E-01
  4.8700000000E+00  4.9000000000E+00  7.87874E-02  2.64145E-01
  4.9000000000E+00  4.9300000000E+00  7.90409E-02  2.68202E-01
  4.9300000000E+00  4.9600000000E+00  7.98604E-02  2.72853E-01
  4.9600000000E+00  4.9900000000E+00  8.08314E-02  2.79104E-01
  4.9900000000E+00  5.0200000000E+00  8.05615E-02  2.86275E-01
  5.0200000000E+00  5.0500000000E+00  8.12106E-02  2.94882E-01
  5.0500000000E+00  5.0800000000E+00  8.26075E-02  3.08569E-01
  5.0800000000E+00  5.1100000000E+00  8.20037E-02  3.26692E-01
  5.1100000000E+00  5.1400000000E+00  7.24994E-02  3.64025E-01
  5.1400000000E+00  5.1700000000E+00  5.28456E-02  4.40143E-01
  5.1700000000E+00  5.2000000000E+00  3.05646E-02  5.91640E-01
  5.2000000000E+00  5.2300000000E+00  1.34735E-02  9.01793E-01
  5.2300000000E+00  5.2600000000E+00  4.26820E-03  1.60828E+00
  5.2600000000E+00  5.2900000000E+00  1.03675E-03  3.20749E+00
  5.2900000000E+00  5.3200000000E+00  2.28469E-04  6.57513E+00
  5.3200000000E+00  5.3500000000E+00  7.30613E-05  1.00772E+01
  5.3500000000E+00  5.3800000000E+00  5.94313E-05  1.15881E+01
  5.3800000000E+00  5.4100000000E+00  5.70356E-05  1.19128E+01
  5.4100000000E+00  5.4400000000E+00  5.14619E-05  1.22777E+01
  5.4400000000E+00  5.4700000000E+00  5.24490E-05  1.36108E+01
  5.4700000000E+00  5.5000000000E+00  3.53900E-05  1.56356E+01
  5.5000000000E+00  5.5300000000E+00  2.94488E-05  1.86438E+01
  5.5300000000E+00  5.5600000000E+00  1.62961E-05  2.66293E+01
  5.5600000000E+00  5.5900000000E+00  1.24603E-05  3.23349E+01
  5.5900000000E+00  5.6200000000E+00  9.33973E-07  7.35511E+01
  5.6200000000E+00  5.6500000000E+00  0.00000E+00  0.00000E+00
  5.6500000000E+00  5.6800000000E+00  0.00000E+00  0.00000E+00
  5.6800000000E+00  5.7100000000E+00  0.00000E+00  0.00000E+00
  5.7100000000E+00  5.7400000000E+00  0.00000E+00  0.00000E+00
  5.7400000000E+00  5.7700000000E+00  0.00000E+00  0.00000E+00
  5.7700000000E+00  5.8000000000E+00  0.00000E+00  0.00000E+00
  5.8000000000E+00  5.8300000000E+00  0.00000E+00  0.00000E+00
  5.8300000000E+00  5.8600000000E+00  0.00000E+00  0.00000E+00
  5.8600000000E+00  5.8900000000E+00  0.00000E+00  0.00000E+00
  5.8900000000E+00  5.9200000000E+00  0.00000E+00  0.00000E+00
  5.9200000000E+00  5.9500000000E+00  0.00000E+00  0.00000E+00
  5.9500000000E+00  5.9800000000E+00  0.00000E+00  0.00000E+00
  5.9800000000E+00  6.0100000000E+00  0.00000E+00  0.00000E+00
  6.0100000000E+00  6.0400000000E+00  2.54409E-14  7.11575E+01
  6.0400000000E+00  6.0700000000E+00  1.33504E-11  1.00000E+02
  6.0700000000E+00  6.1000000000E+00  3.52454E-14  1.00000E+02
  6.1000000000E+00  6.1300000000E+00  0.00000E+00  0.00000E+00
  6.1300000000E+00  6.1600000000E+00  1.81406E-06  4.32750E+01
  6.1600000000E+00  6.1900000000E+00  0.00000E+00  0.00000E+00
  6.1900000000E+00  6.2200000000E+00  0.00000E+00  0.00000E+00
  6.2200000000E+00  6.2500000000E+00  0.00000E+00  0.00000E+00
  6.2500000000E+00  6.2800000000E+00  0.00000E+00  0.00000E+00
  6.2800000000E+00  6.3100000000E+00  1.98137E-08  1.00000E+02
  6.3100000000E+00  6.3400000000E+00  0.00000E+00  0.00000E+00
  6.3400000000E+00  6.3700000000E+00  0.00000E+00  0.00000E+00
  6.3700000000E+00  6.4000000000E+00  0.00000E+00  0.00000E+00
  6.4000000000E+00  6.4300000000E+00  0.00000E+00  0.00000E+00
  6.4300000000E+00  6.4600000000E+00  6.84595E-15  1.00000E+02
  6.4600000000E+00  6.4900000000E+00  0.00000E+00  0.00000E+00
  6.4900000000E+00  6.5200000000E+00  1.33504E-11  1.00000E+02
  6.5200000000E+00  6.5500000000E+00  0.00000E+00  0.00000E+00
  6.5500000000E+00  6.5800000000E+00  0.00000E+00  0.00000E+00
  6.5800000000E+00  6.6100000000E+00  0.00000E+00  0.00000E+00
  6.6100000000E+00  6.6400000000E+00  2.72154E-11  1.00000E+02
  6.6400000000E+00  6.6700000000E+00  1.05400E-07  1.00000E+02
  6.6700000000E+00  6.7000000000E+00  6.84595E-15  1.00000E+02
  6.7000000000E+00  6.7300000000E+00  0.00000E+00  0.00000E+00
  6.7300000000E+00  6.7600000000E+00  0.00000E+00  0.00000E+00
  6.7600000000E+00  6.7900000000E+00  0.00000E+00  0.00000E+00
  6.7900000000E+00  6.8200000000E+00  0.00000E+00  0.00000E+00
  6.8200000000E+00  6.8500000000E+00  0.00000E+00  0.00000E+00
  6.8500000000E+00  6.8800000000E+00  0.00000E+00  0.00000E+00
  6.8800000000E+00  6.9100000000E+00  0.00000E+00  0.00000E+00
  6.9100000000E+00  6.9400000000E+00  0.00000E+00  0.00000E+00
  6.9400000000E+00  6.9700000000E+00  0.00000E+00  0.00000E+00
  6.9700000000E+00  7.0000000000E+00  9.66146E-15  1.00000E+02
  7.0000000000E+00  7.0000000000E+00  9.66146E-15  1.00000E+02