# Detector n: 1D Projection
  1.0000000000E+00  1.0041666667E+00  3.92165E-02  2.67847E-01
  1.0041666667E+00  1.0083333333E+00  3.94777E-02  3.41958E-01
  1.0083333333E+00  1.0125000000E+00  3.99190E-02  4.29950E-01
  1.0125000000E+00  1.0166666667E+00  3.95727E-02  3.47352E-01
  1.0166666667E+00  1.0208333333E+00  3.95077E-02  3.47187E-01
  1.0208333333E+00  1.0250000000E+00  3.96051E-02  3.46020E-01
  1.0250000000E+00  1.0291666667E+00  3.96124E-02  3.77478E-01
  1.0291666667E+00  1.0333333333E+00  3.94473E-02  2.95151E-01
  1.0333333333E+00  1.0375000000E+00  3.95356E-02  3.33853E-01
  1.0375000000E+00  1.0416666667E+00  3.94453E-02  2.98277E-01
  1.0416666667E+00  1.0458333333E+00  3.94312E-02  3.09018E-01
  1.0458333333E+00  1.0500000000E+00  3.95648E-02  3.37656E-01
  1.0500000000E+00  1.0541666667E+00  3.96851E-02  3.65209E-01
  1.0541666667E+00  1.0583333333E+00  3.94822E-02  3.06543E-01
  1.0583333333E+00  1.0625000000E+00  3.95816E-02  3.41598E-01
  1.0625000000E+00  1.0666666667E+00  3.95146E-02  2.83528E-01
  1.0666666667E+00  1.0708333333E+00  3.96159E-02  3.38113E-01
  1.0708333333E+00  1.0750000000E+00  3.97203E-02  3.37563E-01
  1.0750000000E+00  1.0791666667E+00  3.97220E-02  3.35375E-01
  1.0791666667E+00  1.0833333333E+00  3.96843E-02  2.75176E-01
  1.0833333333E+00  1.0875000000E+00  3.99376E-02  3.03212E-01
  1.0875000000E+00  1.0916666667E+00  4.01521E-02  3.50085E-01
  1.0916666667E+00  1.0958333333E+00  4.00093E-02  3.39396E-01
  1.0958333333E+00  1.1000000000E+00  3.99437E-02  2.91803E-01
  1.1000000000E+00  1.1041666667E+00  4.02448E-02  3.70628E-01
  1.1041666667E+00  1.1083333333E+00  4.01908E-02  3.52012E-01
  1.1083333333E+00  1.1125000000E+00  4.03253E-02  3.38099E-01
  1.1125000000E+00  1.1166666667E+00  4.02219E-02  3.11340E-01
  1.1166666667E+00  1.1208333333E+00  4.01781E-02  3.12914E-01
  1.1208333333E+00  1.1250000000E+00  4.04035E-02  4.10318E-01
  1.1250000000E+00  1.1291666667E+00  3.99670E-02  2.73604E-01
  1.1291666667E+00  1.1333333333E+00  4.03359E-02  3.61102E-01
  1.1333333333E+00  1.1375000000E+00  4.00585E-02  3.18531E-01
  1.1375000000E+00  1.1416666667E+00  4.01046E-02  3.03689E-01
  1.1416666667E+00  1.1458333333E+00  3.99593E-02  2.65853E-01
  1.1458333333E+00  1.1500000000E+00  4.00646E-02  2.92330E-01
  1.1500000000E+00  1.1541666667E+00  4.00312E-02  2.94218E-01
  1.1541666667E+00  1.1583333333E+00  4.03350E-02  3.43940E-01
  1.1583333333E+00  1.1625000000E+00  4.02657E-02  3.30411E-01
  1.1625000000E+00  1.1666666667E+00  3.99991E-02  2.75071E-01
  1.1666666667E+00  1.1708333333E+00  4.01614E-02  3.46018E-01
  1.1708333333E+00  1.1750000000E+00  4.02240E-02  3.28348E-01
  1.1750000000E+00  1.1791666667E+00  4.01744E-02  3.34008E-01
  1.1791666667E+00  1.1833333333E+00  4.01389E-02  3.34987E-01
  1.1833333333E+00  1.1875000000E+00  4.02969E-02  3.34320E-01
  1.1875000000E+00  1.1916666667E+00  4.03849E-02  3.42720E-01
  1.1916666667E+00  1.1958333333E+00  4.04037E-02  3.64948E-01
  1.1958333333E+00  1.2000000000E+00  4.07007E-02  4.19587E-01
  1.2000000000E+00  1.2041666667E+00  4.03138E-02  3.01923E-01
  1.2041666667E+00  1.2083333333E+00  4.06092E-02  3.83595E-01
  1.2083333333E+00  1.2125000000E+00  4.03967E-02  3.51742E-01
  1.2125000000E+00  1.2166666667E+00  4.02472E-02  3.09216E-01
  1.2166666667E+00  1.2208333333E+00  4.03186E-02  3.05802E-01
  1.2208333333E+00  1.2250000000E+00  4.05038E-02  3.42497E-01
  1.2250000000E+00  1.2291666667E+00  4.05705E-02  3.45824E-01
  1.2291666667E+00  1.2333333333E+00  4.08063E-02  4.08135E-01
  1.2333333333E+00  1.2375000000E+00  4.05344E-02  3.33544E-01
  1.2375000000E+00  1.2416666667E+00  4.05279E-02  3.07730E-01
  1.2416666667E+00  1.2458333333E+00  4.06199E-02  2.90112E-01
  1.2458333333E+00  1.2500000000E+00  4.06889E-02  3.21715E-01
  1.2500000000E+00  1.2541666667E+00  4.12411E-02  4.35658E-01
  1.2541666667E+00  1.2583333333E+00  4.09808E-02  3.32115E-01
  1.2583333333E+00  1.2625000000E+00  4.08612E-02  2.99039E-01
  1.2625000000E+00  1.2666666667E+00  4.09103E-02  3.17210E-01
  1.2666666667E+00  1.2708333333E+00  4.08313E-02  3.08332E-01
  1.2708333333E+00  1.2750000000E+00  4.08135E-02  3.06375E-01
  1.2750000000E+00  1.2791666667E+00  4.09297E-02  3.22801E-01
  1.2791666667E+00  1.2833333333E+00  4.08045E-02  2.67223E-01
  1.2833333333E+00  1.2875000000E+00  4.09382E-02  2.95538E-01
  1.2875000000E+00  1.2916666667E+00  4.09208E-02  3.13007E-01
  1.2916666667E+00  1.2958333333E+00  4.11136E-02  3.49841E-01
  1.2958333333E+00  1.3000000000E+00  4.08952E-02  2.84130E-01
  1.3000000000E+00  1.3041666667E+00  4.11772E-02  3.59383E-01
  1.3041666667E+00  1.3083333333E+00  4.10609E-02  3.17860E-01
  1.3083333333E+00  1.3125000000E+00  4.09787E-02  3.53270E-01
  1.3125000000E+00  1.3166666667E+00  4.12108E-02  3.56168E-01
  1.3166666667E+00  1.3208333333E+00  4.09460E-02  2.95888E-01
  1.3208333333E+00  1.3250000000E+00  4.11269E-02  3.46437E-01
  1.3250000000E+00  1.3291666667E+00  4.11555E-02  3.38760E-01
  1.3291666667E+00  1.3333333333E+00  4.10566E-02  3.09817E-01
  1.3333333333E+00  1.3375000000E+00  4.12643E-02  3.33520E-01
  1.3375000000E+00  1.3416666667E+00  4.10839E-02  3.09537E-01
  1.3416666667E+00  1.3458333333E+00  4.11249E-02  3.12970E-01
  1.3458333333E+00  1.3500000000E+00  4.10702E-02  3.09661E-01
  1.3500000000E+00  1.3541666667E+00  4.13497E-02  3.79071E-01
  1.3541666667E+00  1.3583333333E+00  4.10827E-02  3.00149E-01
  1.3583333333E+00  1.3625000000E+00  4.10807E-02  2.92548E-01
  1.3625000000E+00  1.3666666667E+00  4.11001E-02  3.31044E-01
  1.3666666667E+00  1.3708333333E+00  4.13834E-02  3.79105E-01
  1.3708333333E+00  1.3750000000E+00  4.10792E-02  3.21489E-01
  1.3750000000E+00  1.3791666667E+00  4.11093E-02  3.02664E-01
  1.3791666667E+00  1.3833333333E+00  4.10296E-02  2.72609E-01
  1.3833333333E+00  1.3875000000E+00  4.10414E-02  2.78372E-01
  1.3875000000E+00  1.3916666667E+00  4.12458E-02  3.93008E-01
  1.3916666667E+00  1.3958333333E+00  4.13101E-02  3.30015E-01
  1.3958333333E+00  1.4000000000E+00  4.14852E-02  4.05754E-01
  1.4000000000E+00  1.4041666667E+00  4.12332E-02  3.19762E-01
  1.4041666667E+00  1.4083333333E+00  4.11223E-02  2.79309E-01
  1.4083333333E+00  1.4125000000E+00  4.15008E-02  3.92907E-01
  1.4125000000E+00  1.4166666667E+00  4.13285E-02  3.25179E-01
  1.4166666667E+00  1.4208333333E+00  4.13102E-02  3.38518E-01
  1.4208333333E+00  1.4250000000E+00  4.13108E-02  3.13546E-01
  1.4250000000E+00  1.4291666667E+00  4.11458E-02  2.85383E-01
  1.4291666667E+00  1.4333333333E+00  4.10342E-02  2.74552E-01
  1.4333333333E+00  1.4375000000E+00  4.11767E-02  3.10922E-01
  1.4375000000E+00  1.4416666667E+00  4.11763E-02  3.08720E-01
  1.4416666667E+00  1.4458333333E+00  4.14126E-02  3.34560E-01
  1.4458333333E+00  1.4500000000E+00  4.14240E-02  3.63102E-01
  1.4500000000E+00  1.4541666667E+00  4.14125E-02  3.15311E-01
  1.4541666667E+00  1.4583333333E+00  4.12393E-02  3.10092E-01
  1.4583333333E+00  1.4625000000E+00  4.14101E-02  3.48557E-01
  1.4625000000E+00  1.4666666667E+00  4.12105E-02  2.91991E-01
  1.4666666667E+00  1.4708333333E+00  4.11682E-02  3.17834E-01
  1.4708333333E+00  1.4750000000E+00  4.13584E-02  3.51310E-01
  1.4750000000E+00  1.4791666667E+00  4.15008E-02  3.47427E-01
  1.4791666667E+00  1.4833333333E+00  4.15352E-02  3.62517E-01
  1.4833333333E+00  1.4875000000E+00  4.15889E-02  3.54056E-01
  1.4875000000E+00  1.4916666667E+00  4.14017E-02  3.03249E-01
  1.4916666667E+00  1.4958333333E+00  4.14449E-02  3.15536E-01
  1.4958333333E+00  1.5000000000E+00  4.15298E-02  3.43114E-01
  1.5000000000E+00  1.5041666667E+00  4.17208E-02  3.53292E-01
  1.5041666667E+00  1.5083333333E+00  4.14930E-02  3.07234E-01
  1.5083333333E+00  1.5125000000E+00  4.15178E-02  3.10189E-01
  1.5125000000E+00  1.5166666667E+00  4.18220E-02  3.70610E-01
  1.5166666667E+00  1.5208333333E+00  4.14677E-02  3.00610E-01
  1.5208333333E+00  1.5250000000E+00  4.12571E-02  2.49470E-01
  1.5250000000E+00  1.5291666667E+00  4.16576E-02  3.39403E-01
  1.5291666667E+00  1.5333333333E+00  4.16558E-02  3.15916E-01
  1.5333333333E+00  1.5375000000E+00  4.16481E-02  3.35349E-01
  1.5375000000E+00  1.5416666667E+00  4.17368E-02  3.38996E-01
  1.5416666667E+00  1.5458333333E+00  4.17284E-02  3.60973E-01
  1.5458333333E+00  1.5500000000E+00  4.16047E-02  2.94789E-01
  1.5500000000E+00  1.5541666667E+00  4.19412E-02  3.50471E-01
  1.5541666667E+00  1.5583333333E+00  4.18921E-02  3.54924E-01
  1.5583333333E+00  1.5625000000E+00  4.16960E-02  2.93400E-01
  1.5625000000E+00  1.5666666667E+00  4.18032E-02  2.95078E-01
  1.5666666667E+00  1.5708333333E+00  4.21709E-02  3.59491E-01
  1.5708333333E+00  1.5750000000E+00  4.24777E-02  4.29175E-01
  1.5750000000E+00  1.5791666667E+00  4.20373E-02  2.87381E-01
  1.5791666667E+00  1.5833333333E+00  4.23147E-02  3.54009E-01
  1.5833333333E+00  1.5875000000E+00  4.21474E-02  3.21155E-01
  1.5875000000E+00  1.5916666667E+00  4.23842E-02  3.94689E-01
  1.5916666667E+00  1.5958333333E+00  4.20607E-02  2.77185E-01
  1.5958333333E+00  1.6000000000E+00  4.22543E-02  3.67286E-01
  1.6000000000E+00  1.6041666667E+00  4.20133E-02  2.92808E-01
  1.6041666667E+00  1.6083333333E+00  4.21142E-02  3.34423E-01
  1.6083333333E+00  1.6125000000E+00  4.21292E-02  3.34887E-01
  1.6125000000E+00  1.6166666667E+00  4.22036E-02  3.41392E-01
  1.6166666667E+00  1.6208333333E+00  4.22394E-02  3.44506E-01
  1.6208333333E+00  1.6250000000E+00  4.21136E-02  2.85965E-01
  1.6250000000E+00  1.6291666667E+00  4.22906E-02  3.34101E-01
  1.6291666667E+00  1.6333333333E+00  4.20585E-02  2.86028E-01
  1.6333333333E+00  1.6375000000E+00  4.21684E-02  3.32091E-01
  1.6375000000E+00  1.6416666667E+00  4.21987E-02  3.08231E-01
  1.6416666667E+00  1.6458333333E+00  4.20757E-02  2.66385E-01
  1.6458333333E+00  1.6500000000E+00  4.23051E-02  3.78957E-01
  1.6500000000E+00  1.6541666667E+00  4.22236E-02  3.07453E-01
  1.6541666667E+00  1.6583333333E+00  4.21011E-02  2.91290E-01
  1.6583333333E+00  1.6625000000E+00  4.23507E-02  3.42041E-01
  1.6625000000E+00  1.6666666667E+00  4.21627E-02  3.18634E-01
  1.6666666667E+00  1.6708333333E+00  4.20830E-02  2.75137E-01
  1.6708333333E+00  1.6750000000E+00  4.21229E-02  2.83163E-01
  1.6750000000E+00  1.6791666667E+00  4.22013E-02  2.81897E-01
  1.6791666667E+00  1.6833333333E+00  4.22630E-02  2.99291E-01
  1.6833333333E+00  1.6875000000E+00  4.21904E-02  2.86731E-01
  1.6875000000E+00  1.6916666667E+00  4.23736E-02  3.15725E-01
  1.6916666667E+00  1.6958333333E+00  4.25073E-02  3.71612E-01
  1.6958333333E+00  1.7000000000E+00  4.23962E-02  3.34036E-01
  1.7000000000E+00  1.7041666667E+00  4.24668E-02  3.09537E-01
  1.7041666667E+00  1.7083333333E+00  4.23533E-02  3.06141E-01
  1.7083333333E+00  1.7125000000E+00  4.22741E-02  2.70608E-01
  1.7125000000E+00  1.7166666667E+00  4.24575E-02  2.98276E-01
  1.7166666667E+00  1.7208333333E+00  4.25883E-02  3.46072E-01
  1.7208333333E+00  1.7250000000E+00  4.26717E-02  3.43456E-01
  1.7250000000E+00  1.7291666667E+00  4.25953E-02  3.17728E-01
  1.7291666667E+00  1.7333333333E+00  4.27187E-02  3.47309E-01
  1.7333333333E+00  1.7375000000E+00  4.26305E-02  3.34747E-01
  1.7375000000E+00  1.7416666667E+00  4.26993E-02  3.82909E-01
  1.7416666667E+00  1.7458333333E+00  4.25763E-02  2.97044E-01
  1.7458333333E+00  1.7500000000E+00  4.25391E-02  3.32451E-01
  1.7500000000E+00  1.7541666667E+00  4.26093E-02  3.07361E-01
  1.7541666667E+00  1.7583333333E+00  4.26557E-02  3.09429E-01
  1.7583333333E+00  1.7625000000E+00  4.25675E-02  3.08370E-01
  1.7625000000E+00  1.7666666667E+00  4.27879E-02  3.39842E-01
  1.7666666667E+00  1.7708333333E+00  4.26088E-02  2.97753E-01
  1.7708333333E+00  1.7750000000E+00  4.26575E-02  3.15543E-01
  1.7750000000E+00  1.7791666667E+00  4.27273E-02  3.07584E-01
  1.7791666667E+00  1.7833333333E+00  4.25998E-02  2.80919E-01
  1.7833333333E+00  1.7875000000E+00  4.30323E-02  3.89635E-01
  1.7875000000E+00  1.7916666667E+00  4.26621E-02  2.99489E-01
  1.7916666667E+00  1.7958333333E+00  4.27187E-02  2.89438E-01
  1.7958333333E+00  1.8000000000E+00  4.29001E-02  3.30743E-01
  1.8000000000E+00  1.8041666667E+00  4.28401E-02  3.06011E-01
  1.8041666667E+00  1.8083333333E+00  4.27343E-02  3.00898E-01
  1.8083333333E+00  1.8125000000E+00  4.29332E-02  3.33919E-01
  1.8125000000E+00  1.8166666667E+00  4.27723E-02  2.69468E-01
  1.8166666667E+00  1.8208333333E+00  4.28945E-02  3.08087E-01
  1.8208333333E+00  1.8250000000E+00  4.27137E-02  2.94569E-01
  1.8250000000E+00  1.8291666667E+00  4.26815E-02  2.99897E-01
  1.8291666667E+00  1.8333333333E+00  4.26252E-02  2.68870E-01
  1.8333333333E+00  1.8375000000E+00  4.28285E-02  3.10177E-01
  1.8375000000E+00  1.8416666667E+00  4.29742E-02  3.38436E-01
  1.8416666667E+00  1.8458333333E+00  4.27597E-02  2.96302E-01
  1.8458333333E+00  1.8500000000E+00  4.29055E-02  3.22371E-01
  1.8500000000E+00  1.8541666667E+00  4.28059E-02  2.70108E-01
  1.8541666667E+00  1.8583333333E+00  4.28701E-02  3.34900E-01
  1.8583333333E+00  1.8625000000E+00  4.27487E-02  3.03169E-01
  1.8625000000E+00  1.8666666667E+00  4.27414E-02  2.72651E-01
  1.8666666667E+00  1.8708333333E+00  4.28993E-02  2.87286E-01
  1.8708333333E+00  1.8750000000E+00  4.30783E-02  3.01860E-01
  1.8750000000E+00  1.8791666667E+00  4.29482E-02  2.95010E-01
  1.8791666667E+00  1.8833333333E+00  4.29982E-02  2.96183E-01
  1.8833333333E+00  1.8875000000E+00  4.29590E-02  2.73123E-01
  1.8875000000E+00  1.8916666667E+00  4.29576E-02  2.91100E-01
  1.8916666667E+00  1.8958333333E+00  4.31893E-02  3.21877E-01
  1.8958333333E+00  1.9000000000E+00  4.33145E-02  3.63043E-01
  1.9000000000E+00  1.9041666667E+00  4.31354E-02  3.07472E-01
  1.9041666667E+00  1.9083333333E+00  4.30532E-02  2.87299E-01
  1.9083333333E+00  1.9125000000E+00  4.31015E-02  2.86014E-01
  1.9125000000E+00  1.9166666667E+00  4.31584E-02  3.17345E-01
  1.9166666667E+00  1.9208333333E+00  4.33403E-02  3.24622E-01
  1.9208333333E+00  1.9250000000E+00  4.31616E-02  3.04476E-01
  1.9250000000E+00  1.9291666667E+00  4.30723E-02  2.82684E-01
  1.9291666667E+00  1.9333333333E+00  4.32007E-02  2.83993E-01
  1.9333333333E+00  1.9375000000E+00  4.30706E-02  2.61388E-01
  1.9375000000E+00  1.9416666667E+00  4.31176E-02  2.83030E-01
  1.9416666667E+00  1.9458333333E+00  4.35022E-02  3.50657E-01
  1.9458333333E+00  1.9500000000E+00  4.34087E-02  3.86809E-01
  1.9500000000E+00  1.9541666667E+00  4.36229E-02  3.33892E-01
  1.9541666667E+00  1.9583333333E+00  4.32973E-02  2.75253E-01
  1.9583333333E+00  1.9625000000E+00  4.34442E-02  3.45583E-01
  1.9625000000E+00  1.9666666667E+00  4.32100E-02  2.82970E-01
  1.9666666667E+00  1.9708333333E+00  4.35304E-02  3.65211E-01
  1.9708333333E+00  1.9750000000E+00  4.33296E-02  2.81351E-01
  1.9750000000E+00  1.9791666667E+00  4.34162E-02  2.86403E-01
  1.9791666667E+00  1.9833333333E+00  4.35148E-02  3.02113E-01
  1.9833333333E+00  1.9875000000E+00  4.37241E-02  3.40040E-01
  1.9875000000E+00  1.9916666667E+00  4.36719E-02  3.17235E-01
  1.9916666667E+00  1.9958333333E+00  4.37337E-02  3.32066E-01
  1.9958333333E+00  2.0000000000E+00  4.34930E-02  2.79477E-01
  2.0000000000E+00  2.0041666667E+00  4.35326E-02  2.78328E-01
  2.0041666667E+00  2.0083333333E+00  4.36542E-02  3.15326E-01
  2.0083333333E+00  2.0125000000E+00  4.39408E-02  3.66155E-01
  2.0125000000E+00  2.0166666667E+00  4.38817E-02  3.32569E-01
  2.0166666667E+00  2.0208333333E+00  4.36528E-02  3.11912E-01
  2.0208333333E+00  2.0250000000E+00  4.36499E-02  3.36010E-01
  2.0250000000E+00  2.0291666667E+00  4.36364E-02  2.92481E-01
  2.0291666667E+00  2.0333333333E+00  4.37687E-02  3.23023E-01
  2.0333333333E+00  2.0375000000E+00  4.36141E-02  2.70368E-01
  2.0375000000E+00  2.0416666667E+00  4.35541E-02  2.56715E-01
  2.0416666667E+00  2.0458333333E+00  4.37530E-02  3.03675E-01
  2.0458333333E+00  2.0500000000E+00  4.38360E-02  2.97269E-01
  2.0500000000E+00  2.0541666667E+00  4.38400E-02  2.94790E-01
  2.0541666667E+00  2.0583333333E+00  4.39787E-02  3.28250E-01
  2.0583333333E+00  2.0625000000E+00  4.40468E-02  3.28577E-01
  2.0625000000E+00  2.0666666667E+00  4.40109E-02  3.24832E-01
  2.0666666667E+00  2.0708333333E+00  4.39407E-02  3.15363E-01
  2.0708333333E+00  2.0750000000E+00  4.39251E-02  2.97565E-01
  2.0750000000E+00  2.0791666667E+00  4.41365E-02  3.66926E-01
  2.0791666667E+00  2.0833333333E+00  4.42139E-02  3.35992E-01
  2.0833333333E+00  2.0875000000E+00  4.43047E-02  3.54318E-01
  2.0875000000E+00  2.0916666667E+00  4.41537E-02  3.31256E-01
  2.0916666667E+00  2.0958333333E+00  4.42077E-02  3.15153E-01
  2.0958333333E+00  2.1000000000E+00  4.45051E-02  3.72659E-01
  2.1000000000E+00  2.1041666667E+00  4.42174E-02  2.93449E-01
  2.1041666667E+00  2.1083333333E+00  4.42081E-02  3.10956E-01
  2.1083333333E+00  2.1125000000E+00  4.41591E-02  2.99908E-01
  2.1125000000E+00  2.1166666667E+00  4.43938E-02  3.47692E-01
  2.1166666667E+00  2.1208333333E+00  4.43162E-02  3.15286E-01
  2.1208333333E+00  2.1250000000E+00  4.43700E-02  3.06149E-01
  2.1250000000E+00  2.1291666667E+00  4.42420E-02  3.20020E-01
  2.1291666667E+00  2.1333333333E+00  4.42326E-02  3.03211E-01
  2.1333333333E+00  2.1375000000E+00  4.42324E-02  2.84622E-01
  2.1375000000E+00  2.1416666667E+00  4.41516E-02  2.72458E-01
  2.1416666667E+00  2.1458333333E+00  4.42380E-02  3.02427E-01
  2.1458333333E+00  2.1500000000E+00  4.42973E-02  2.69682E-01
  2.1500000000E+00  2.1541666667E+00  4.43411E-02  2.90396E-01
  2.1541666667E+00  2.1583333333E+00  4.43818E-02  3.07287E-01
  2.1583333333E+00  2.1625000000E+00  4.42301E-02  2.50924E-01
  2.1625000000E+00  2.1666666667E+00  4.45627E-02  3.05285E-01
  2.1666666667E+00  2.1708333333E+00  4.43540E-02  2.62624E-01
  2.1708333333E+00  2.1750000000E+00  4.45546E-02  2.99954E-01
  2.1750000000E+00  2.1791666667E+00  4.45594E-02  2.83138E-01
  2.1791666667E+00  2.1833333333E+00  4.46338E-02  3.06954E-01
  2.1833333333E+00  2.1875000000E+00  4.49168E-02  3.37713E-01
  2.1875000000E+00  2.1916666667E+00  4.47725E-02  3.21638E-01
  2.1916666667E+00  2.1958333333E+00  4.50326E-02  3.38202E-01
  2.1958333333E+00  2.2000000000E+00  4.48077E-02  3.21090E-01
  2.2000000000E+00  2.2041666667E+00  4.46921E-02  3.19790E-01
  2.2041666667E+00  2.2083333333E+00  4.47275E-02  2.86083E-01
  2.2083333333E+00  2.2125000000E+00  4.47498E-02  3.13863E-01
  2.2125000000E+00  2.2166666667E+00  4.46746E-02  2.87906E-01
  2.2166666667E+00  2.2208333333E+00  4.47892E-02  2.93974E-01
  2.2208333333E+00  2.2250000000E+00  4.48969E-02  3.02386E-01
  2.2250000000E+00  2.2291666667E+00  4.49073E-02  3.16600E-01
  2.2291666667E+00  2.2333333333E+00  4.48258E-02  2.93298E-01
  2.2333333333E+00  2.2375000000E+00  4.49291E-02  3.31813E-01
  2.2375000000E+00  2.2416666667E+00  4.48438E-02  3.05823E-01
  2.2416666667E+00  2.2458333333E+00  4.48519E-02  2.81577E-01
  2.2458333333E+00  2.2500000000E+00  4.49472E-02  3.41708E-01
  2.2500000000E+00  2.2541666667E+00  4.49340E-02  3.35641E-01
  2.2541666667E+00  2.2583333333E+00  4.50996E-02  3.18673E-01
  2.2583333333E+00  2.2625000000E+00  4.50030E-02  2.90933E-01
  2.2625000000E+00  2.2666666667E+00  4.51516E-02  3.11098E-01
  2.2666666667E+00  2.2708333333E+00  4.49224E-02  2.83880E-01
  2.2708333333E+00  2.2750000000E+00  4.50523E-02  3.27295E-01
  2.2750000000E+00  2.2791666667E+00  4.53179E-02  3.68802E-01
  2.2791666667E+00  2.2833333333E+00  4.50066E-02  2.90885E-01
  2.2833333333E+00  2.2875000000E+00  4.49184E-02  2.58981E-01
  2.2875000000E+00  2.2916666667E+00  4.50186E-02  2.70380E-01
  2.2916666667E+00  2.2958333333E+00  4.55528E-02  3.67150E-01
  2.2958333333E+00  2.3000000000E+00  4.53724E-02  3.05071E-01
  2.3000000000E+00  2.3041666667E+00  4.54312E-02  3.65865E-01
  2.3041666667E+00  2.3083333333E+00  4.54506E-02  3.36686E-01
  2.3083333333E+00  2.3125000000E+00  4.53629E-02  3.38632E-01
  2.3125000000E+00  2.3166666667E+00  4.52151E-02  2.87582E-01
  2.3166666667E+00  2.3208333333E+00  4.51966E-02  2.89017E-01
  2.3208333333E+00  2.3250000000E+00  4.52198E-02  3.03799E-01
  2.3250000000E+00  2.3291666667E+00  4.54864E-02  3.14546E-01
  2.3291666667E+00  2.3333333333E+00  4.53597E-02  3.04424E-01
  2.3333333333E+00  2.3375000000E+00  4.53786E-02  2.93891E-01
  2.3375000000E+00  2.3416666667E+00  4.53159E-02  2.71981E-01
  2.3416666667E+00  2.3458333333E+00  4.55153E-02  3.48682E-01
  2.3458333333E+00  2.3500000000E+00  4.53018E-02  2.78285E-01
  2.3500000000E+00  2.3541666667E+00  4.53879E-02  2.72849E-01
  2.3541666667E+00  2.3583333333E+00  4.53636E-02  2.85907E-01
  2.3583333333E+00  2.3625000000E+00  4.53507E-02  2.73018E-01
  2.3625000000E+00  2.3666666667E+00  4.53319E-02  2.88728E-01
  2.3666666667E+00  2.3708333333E+00  4.55255E-02  3.07921E-01
  2.3708333333E+00  2.3750000000E+00  4.55121E-02  2.86536E-01
  2.3750000000E+00  2.3791666667E+00  4.55517E-02  2.92834E-01
  2.3791666667E+00  2.3833333333E+00  4.55774E-02  2.88814E-01
  2.3833333333E+00  2.3875000000E+00  4.57875E-02  3.39589E-01
  2.3875000000E+00  2.3916666667E+00  4.56756E-02  3.08852E-01
  2.3916666667E+00  2.3958333333E+00  4.54935E-02  2.71177E-01
  2.3958333333E+00  2.4000000000E+00  4.56636E-02  2.92665E-01
  2.4000000000E+00  2.4041666667E+00  4.56327E-02  3.04155E-01
  2.4041666667E+00  2.4083333333E+00  4.56300E-02  2.79105E-01
  2.4083333333E+00  2.4125000000E+00  4.59442E-02  3.29267E-01
  2.4125000000E+00  2.4166666667E+00  4.58161E-02  2.91818E-01
  2.4166666667E+00  2.4208333333E+00  4.59012E-02  3.30605E-01
  2.4208333333E+00  2.4250000000E+00  4.60903E-02  3.36058E-01
  2.4250000000E+00  2.4291666667E+00  4.57160E-02  2.89520E-01
  2.4291666667E+00  2.4333333333E+00  4.58508E-02  3.02881E-01
  2.4333333333E+00  2.4375000000E+00  4.59825E-02  3.01430E-01
  2.4375000000E+00  2.4416666667E+00  4.62059E-02  3.56908E-01
  2.4416666667E+00  2.4458333333E+00  4.59436E-02  2.92523E-01
  2.4458333333E+00  2.4500000000E+00  4.59098E-02  2.72566E-01
  2.4500000000E+00  2.4541666667E+00  4.59490E-02  2.90454E-01
  2.4541666667E+00  2.4583333333E+00  4.59830E-02  2.97567E-01
  2.4583333333E+00  2.4625000000E+00  4.60619E-02  2.95824E-01
  2.4625000000E+00  2.4666666667E+00  4.61752E-02  3.36819E-01
  2.4666666667E+00  2.4708333333E+00  4.62182E-02  3.33790E-01
  2.4708333333E+00  2.4750000000E+00  4.61840E-02  3.24763E-01
  2.4750000000E+00  2.4791666667E+00  4.63632E-02  3.54123E-01
  2.4791666667E+00  2.4833333333E+00  4.61223E-02  2.97295E-01
  2.4833333333E+00  2.4875000000E+00  4.61173E-02  2.90574E-01
  2.4875000000E+00  2.4916666667E+00  4.62630E-02  3.05572E-01
  2.4916666667E+00  2.4958333333E+00  4.64634E-02  3.19655E-01
  2.4958333333E+00  2.5000000000E+00  4.63096E-02  2.97462E-01
  2.5000000000E+00  2.5041666667E+00  4.63900E-02  3.60568E-01
  2.5041666667E+00  2.5083333333E+00  4.61694E-02  2.98003E-01
  2.5083333333E+00  2.5125000000E+00  4.63544E-02  3.28875E-01
  2.5125000000E+00  2.5166666667E+00  4.63420E-02  3.04348E-01
  2.5166666667E+00  2.5208333333E+00  4.65034E-02  3.17630E-01
  2.5208333333E+00  2.5250000000E+00  4.64280E-02  2.81753E-01
  2.5250000000E+00  2.5291666667E+00  4.65479E-02  3.22241E-01
  2.5291666667E+00  2.5333333333E+00  4.67803E-02  3.66859E-01
  2.5333333333E+00  2.5375000000E+00  4.63879E-02  2.82578E-01
  2.5375000000E+00  2.5416666667E+00  4.63627E-02  2.96214E-01
  2.5416666667E+00  2.5458333333E+00  4.66451E-02  3.39416E-01
  2.5458333333E+00  2.5500000000E+00  4.65465E-02  3.37413E-01
  2.5500000000E+00  2.5541666667E+00  4.64516E-02  2.94592E-01
  2.5541666667E+00  2.5583333333E+00  4.63059E-02  2.64049E-01
  2.5583333333E+00  2.5625000000E+00  4.64519E-02  2.71495E-01
  2.5625000000E+00  2.5666666667E+00  4.65122E-02  3.10890E-01
  2.5666666667E+00  2.5708333333E+00  4.64545E-02  2.68075E-01
  2.5708333333E+00  2.5750000000E+00  4.65101E-02  2.77497E-01
  2.5750000000E+00  2.5791666667E+00  4.64928E-02  2.77310E-01
  2.5791666667E+00  2.5833333333E+00  4.66463E-02  2.86385E-01
  2.5833333333E+00  2.5875000000E+00  4.67979E-02  2.86465E-01
  2.5875000000E+00  2.5916666667E+00  4.69582E-02  3.57455E-01
  2.5916666667E+00  2.5958333333E+00  4.69078E-02  3.01771E-01
  2.5958333333E+00  2.6000000000E+00  4.71392E-02  3.72191E-01
  2.6000000000E+00  2.6041666667E+00  4.70118E-02  3.17612E-01
  2.6041666667E+00  2.6083333333E+00  4.69785E-02  3.16658E-01
  2.6083333333E+00  2.6125000000E+00  4.71022E-02  3.74479E-01
  2.6125000000E+00  2.6166666667E+00  4.70720E-02  3.19847E-01
  2.6166666667E+00  2.6208333333E+00  4.67965E-02  2.61424E-01
  2.6208333333E+00  2.6250000000E+00  4.68137E-02  2.92426E-01
  2.6250000000E+00  2.6291666667E+00  4.67496E-02  2.67385E-01
  2.6291666667E+00  2.6333333333E+00  4.66804E-02  2.32425E-01
  2.6333333333E+00  2.6375000000E+00  4.71539E-02  3.17598E-01
  2.6375000000E+00  2.6416666667E+00  4.70407E-02  3.20178E-01
  2.6416666667E+00  2.6458333333E+00  4.71234E-02  3.43199E-01
  2.6458333333E+00  2.6500000000E+00  4.71765E-02  3.29228E-01
  2.6500000000E+00  2.6541666667E+00  4.69194E-02  2.67251E-01
  2.6541666667E+00  2.6583333333E+00  4.69143E-02  2.64954E-01
  2.6583333333E+00  2.6625000000E+00  4.73238E-02  3.58183E-01
  2.6625000000E+00  2.6666666667E+00  4.72045E-02  2.86588E-01
  2.6666666667E+00  2.6708333333E+00  4.71659E-02  2.67123E-01
  2.6708333333E+00  2.6750000000E+00  4.73144E-02  3.26615E-01
  2.6750000000E+00  2.6791666667E+00  4.71894E-02  2.58711E-01
  2.6791666667E+00  2.6833333333E+00  4.74563E-02  3.23110E-01
  2.6833333333E+00  2.6875000000E+00  4.72392E-02  2.58445E-01
  2.6875000000E+00  2.6916666667E+00  4.75070E-02  3.01000E-01
  2.6916666667E+00  2.6958333333E+00  4.76471E-02  3.40472E-01
  2.6958333333E+00  2.7000000000E+00  4.73890E-02  2.61045E-01
  2.7000000000E+00  2.7041666667E+00  4.74362E-02  3.13598E-01
  2.7041666667E+00  2.7083333333E+00  4.75128E-02  3.10623E-01
  2.7083333333E+00  2.7125000000E+00  4.72330E-02  2.56117E-01
  2.7125000000E+00  2.7166666667E+00  4.73405E-02  2.67576E-01
  2.7166666667E+00  2.7208333333E+00  4.75180E-02  2.82630E-01
  2.7208333333E+00  2.7250000000E+00  4.75365E-02  2.76113E-01
  2.7250000000E+00  2.7291666667E+00  4.76447E-02  3.04231E-01
  2.7291666667E+00  2.7333333333E+00  4.76034E-02  2.97266E-01
  2.7333333333E+00  2.7375000000E+00  4.75874E-02  2.69651E-01
  2.7375000000E+00  2.7416666667E+00  4.75980E-02  2.71058E-01
  2.7416666667E+00  2.7458333333E+00  4.77270E-02  3.08391E-01
  2.7458333333E+00  2.7500000000E+00  4.75748E-02  2.53377E-01
  2.7500000000E+00  2.7541666667E+00  4.77998E-02  3.04234E-01
  2.7541666667E+00  2.7583333333E+00  4.77956E-02  2.83504E-01
  2.7583333333E+00  2.7625000000E+00  4.77398E-02  2.71609E-01
  2.7625000000E+00  2.7666666667E+00  4.77316E-02  2.62949E-01
  2.7666666667E+00  2.7708333333E+00  4.78958E-02  3.18271E-01
  2.7708333333E+00  2.7750000000E+00  4.78943E-02  3.07185E-01
  2.7750000000E+00  2.7791666667E+00  4.79959E-02  3.13332E-01
  2.7791666667E+00  2.7833333333E+00  4.77531E-02  2.58134E-01
  2.7833333333E+00  2.7875000000E+00  4.79065E-02  2.82916E-01
  2.7875000000E+00  2.7916666667E+00  4.79344E-02  2.91412E-01
  2.7916666667E+00  2.7958333333E+00  4.80199E-02  2.99086E-01
  2.7958333333E+00  2.8000000000E+00  4.79158E-02  2.71102E-01
  2.8000000000E+00  2.8041666667E+00  4.78240E-02  2.77956E-01
  2.8041666667E+00  2.8083333333E+00  4.78974E-02  2.71492E-01
  2.8083333333E+00  2.8125000000E+00  4.81782E-02  3.13022E-01
  2.8125000000E+00  2.8166666667E+00  4.83820E-02  3.16407E-01
  2.8166666667E+00  2.8208333333E+00  4.82503E-02  2.84758E-01
  2.8208333333E+00  2.8250000000E+00  4.85350E-02  3.44194E-01
  2.8250000000E+00  2.8291666667E+00  4.84600E-02  3.33528E-01
  2.8291666667E+00  2.8333333333E+00  4.82638E-02  2.70741E-01
  2.8333333333E+00  2.8375000000E+00  4.83685E-02  3.05732E-01
  2.8375000000E+00  2.8416666667E+00  4.82278E-02  2.82741E-01
  2.8416666667E+00  2.8458333333E+00  4.80870E-02  2.57034E-01
  2.8458333333E+00  2.8500000000E+00  4.82719E-02  2.80579E-01
  2.8500000000E+00  2.8541666667E+00  4.84406E-02  3.25645E-01
  2.8541666667E+00  2.8583333333E+00  4.83291E-02  2.91276E-01
  2.8583333333E+00  2.8625000000E+00  4.84942E-02  2.93288E-01
  2.8625000000E+00  2.8666666667E+00  4.84176E-02  2.85318E-01
  2.8666666667E+00  2.8708333333E+00  4.85633E-02  3.13766E-01
  2.8708333333E+00  2.8750000000E+00  4.85444E-02  2.79571E-01
  2.8750000000E+00  2.8791666667E+00  4.87717E-02  3.80672E-01
  2.8791666667E+00  2.8833333333E+00  4.83110E-02  2.49494E-01
  2.8833333333E+00  2.8875000000E+00  4.85203E-02  2.82048E-01
  2.8875000000E+00  2.8916666667E+00  4.84831E-02  2.80729E-01
  2.8916666667E+00  2.8958333333E+00  4.85950E-02  2.76052E-01
  2.8958333333E+00  2.9000000000E+00  4.86351E-02  2.76542E-01
  2.9000000000E+00  2.9041666667E+00  4.88201E-02  3.00929E-01
  2.9041666667E+00  2.9083333333E+00  4.87636E-02  2.90573E-01
  2.9083333333E+00  2.9125000000E+00  4.85518E-02  2.53958E-01
  2.9125000000E+00  2.9166666667E+00  4.89244E-02  3.09484E-01
  2.9166666667E+00  2.9208333333E+00  4.88242E-02  3.03519E-01
  2.9208333333E+00  2.9250000000E+00  4.89731E-02  3.30514E-01
  2.9250000000E+00  2.9291666667E+00  4.87258E-02  2.61653E-01
  2.9291666667E+00  2.9333333333E+00  4.89719E-02  2.83657E-01
  2.9333333333E+00  2.9375000000E+00  4.88710E-02  2.77421E-01
  2.9375000000E+00  2.9416666667E+00  4.89115E-02  2.94008E-01
  2.9416666667E+00  2.9458333333E+00  4.91309E-02  3.02171E-01
  2.9458333333E+00  2.9500000000E+00  4.90093E-02  2.52250E-01
  2.9500000000E+00  2.9541666667E+00  4.92164E-02  3.14728E-01
  2.9541666667E+00  2.9583333333E+00  4.92391E-02  2.92428E-01
  2.9583333333E+00  2.9625000000E+00  4.92673E-02  2.97749E-01
  2.9625000000E+00  2.9666666667E+00  4.92920E-02  3.10822E-01
  2.9666666667E+00  2.9708333333E+00  4.92087E-02  2.73590E-01
  2.9708333333E+00  2.9750000000E+00  4.94738E-02  3.25789E-01
  2.9750000000E+00  2.9791666667E+00  4.93474E-02  3.07265E-01
  2.9791666667E+00  2.9833333333E+00  4.93071E-02  2.67653E-01
  2.9833333333E+00  2.9875000000E+00  4.94648E-02  2.91830E-01
  2.9875000000E+00  2.9916666667E+00  4.94573E-02  2.96650E-01
  2.9916666667E+00  2.9958333333E+00  4.94623E-02  3.11911E-01
  2.9958333333E+00  3.0000000000E+00  4.94690E-02  2.72592E-01
  3.0000000000E+00  3.0041666667E+00  4.94525E-02  2.78278E-01
  3.0041666667E+00  3.0083333333E+00  4.95947E-02  3.47214E-01
  3.0083333333E+00  3.0125000000E+00  4.94448E-02  2.55182E-01
  3.0125000000E+00  3.0166666667E+00  4.96139E-02  2.76733E-01
  3.0166666667E+00  3.0208333333E+00  4.95573E-02  2.71366E-01
  3.0208333333E+00  3.0250000000E+00  4.94975E-02  2.89786E-01
  3.0250000000E+00  3.0291666667E+00  4.97038E-02  2.98092E-01
  3.0291666667E+00  3.0333333333E+00  4.98229E-02  3.01868E-01
  3.0333333333E+00  3.0375000000E+00  4.98418E-02  2.92002E-01
  3.0375000000E+00  3.0416666667E+00  4.96474E-02  2.74625E-01
  3.0416666667E+00  3.0458333333E+00  4.97161E-02  2.77457E-01
  3.0458333333E+00  3.0500000000E+00  4.97882E-02  3.02048E-01
  3.0500000000E+00  3.0541666667E+00  4.98396E-02  2.97002E-01
  3.0541666667E+00  3.0583333333E+00  4.97392E-02  2.74220E-01
  3.0583333333E+00  3.0625000000E+00  4.97912E-02  2.62013E-01
  3.0625000000E+00  3.0666666667E+00  5.00976E-02  3.18422E-01
  3.0666666667E+00  3.0708333333E+00  4.98865E-02  2.73363E-01
  3.0708333333E+00  3.0750000000E+00  5.01775E-02  3.26984E-01
  3.0750000000E+00  3.0791666667E+00  5.01490E-02  3.19098E-01
  3.0791666667E+00  3.0833333333E+00  4.99679E-02  2.78843E-01
  3.0833333333E+00  3.0875000000E+00  5.01423E-02  2.88434E-01
  3.0875000000E+00  3.0916666667E+00  5.03351E-02  3.39633E-01
  3.0916666667E+00  3.0958333333E+00  4.99418E-02  2.63456E-01
  3.0958333333E+00  3.1000000000E+00  5.03560E-02  3.23992E-01
  3.1000000000E+00  3.1041666667E+00  5.02316E-02  2.99356E-01
  3.1041666667E+00  3.1083333333E+00  5.05491E-02  3.44886E-01
  3.1083333333E+00  3.1125000000E+00  5.02786E-02  2.81027E-01
  3.1125000000E+00  3.1166666667E+00  5.02397E-02  2.85713E-01
  3.1166666667E+00  3.1208333333E+00  5.02755E-02  2.79444E-01
  3.1208333333E+00  3.1250000000E+00  5.03399E-02  2.80170E-01
  3.1250000000E+00  3.1291666667E+00  5.02286E-02  2.61242E-01
  3.1291666667E+00  3.1333333333E+00  5.05634E-02  3.26525E-01
  3.1333333333E+00  3.1375000000E+00  5.05650E-02  3.07995E-01
  3.1375000000E+00  3.1416666667E+00  5.04814E-02  2.84235E-01
  3.1416666667E+00  3.1458333333E+00  5.05085E-02  2.88842E-01
  3.1458333333E+00  3.1500000000E+00  5.04635E-02  2.52917E-01
  3.1500000000E+00  3.1541666667E+00  5.06067E-02  2.80625E-01
  3.1541666667E+00  3.1583333333E+00  5.06933E-02  2.95890E-01
  3.1583333333E+00  3.1625000000E+00  5.07115E-02  3.02814E-01
  3.1625000000E+00  3.1666666667E+00  5.07238E-02  2.87861E-01
  3.1666666667E+00  3.1708333333E+00  5.07724E-02  2.93433E-01
  3.1708333333E+00  3.1750000000E+00  5.07857E-02  2.72603E-01
  3.1750000000E+00  3.1791666667E+00  5.08784E-02  3.04551E-01
  3.1791666667E+00  3.1833333333E+00  5.06945E-02  2.74153E-01
  3.1833333333E+00  3.1875000000E+00  5.06376E-02  2.48784E-01
  3.1875000000E+00  3.1916666667E+00  5.07168E-02  2.41655E-01
  3.1916666667E+00  3.1958333333E+00  5.09332E-02  2.79208E-01
  3.1958333333E+00  3.2000000000E+00  5.10655E-02  3.06376E-01
  3.2000000000E+00  3.2041666667E+00  5.10787E-02  3.04204E-01
  3.2041666667E+00  3.2083333333E+00  5.09823E-02  2.91003E-01
  3.2083333333E+00  3.2125000000E+00  5.09898E-02  2.80423E-01
  3.2125000000E+00  3.2166666667E+00  5.12459E-02  3.00056E-01
  3.2166666667E+00  3.2208333333E+00  5.12777E-02  3.16359E-01
  3.2208333333E+00  3.2250000000E+00  5.10480E-02  2.63651E-01
  3.2250000000E+00  3.2291666667E+00  5.12531E-02  2.93286E-01
  3.2291666667E+00  3.2333333333E+00  5.11804E-02  2.92504E-01
  3.2333333333E+00  3.2375000000E+00  5.13070E-02  2.85222E-01
  3.2375000000E+00  3.2416666667E+00  5.13162E-02  2.91364E-01
  3.2416666667E+00  3.2458333333E+00  5.13979E-02  2.84216E-01
  3.2458333333E+00  3.2500000000E+00  5.15324E-02  3.00790E-01
  3.2500000000E+00  3.2541666667E+00  5.12875E-02  2.54583E-01
  3.2541666667E+00  3.2583333333E+00  5.14965E-02  2.86320E-01
  3.2583333333E+00  3.2625000000E+00  5.13934E-02  2.83244E-01
  3.2625000000E+00  3.2666666667E+00  5.14310E-02  3.01238E-01
  3.2666666667E+00  3.2708333333E+00  5.16150E-02  3.06204E-01
  3.2708333333E+00  3.2750000000E+00  5.14625E-02  2.66685E-01
  3.2750000000E+00  3.2791666667E+00  5.16183E-02  2.90462E-01
  3.2791666667E+00  3.2833333333E+00  5.15326E-02  2.66251E-01
  3.2833333333E+00  3.2875000000E+00  5.15245E-02  2.88603E-01
  3.2875000000E+00  3.2916666667E+00  5.15743E-02  2.74535E-01
  3.2916666667E+00  3.2958333333E+00  5.16393E-02  2.74319E-01
  3.2958333333E+00  3.3000000000E+00  5.17048E-02  2.76085E-01
  3.3000000000E+00  3.3041666667E+00  5.16849E-02  2.83965E-01
  3.3041666667E+00  3.3083333333E+00  5.16260E-02  2.52543E-01
  3.3083333333E+00  3.3125000000E+00  5.17475E-02  2.74843E-01
  3.3125000000E+00  3.3166666667E+00  5.18309E-02  2.80224E-01
  3.3166666667E+00  3.3208333333E+00  5.17986E-02  2.59724E-01
  3.3208333333E+00  3.3250000000E+00  5.20139E-02  2.96746E-01
  3.3250000000E+00  3.3291666667E+00  5.19470E-02  2.73599E-01
  3.3291666667E+00  3.3333333333E+00  5.19097E-02  2.72178E-01
  3.3333333333E+00  3.3375000000E+00  5.23135E-02  3.06488E-01
  3.3375000000E+00  3.3416666667E+00  5.19197E-02  2.44643E-01
  3.3416666667E+00  3.3458333333E+00  5.21570E-02  2.88369E-01
  3.3458333333E+00  3.3500000000E+00  5.21628E-02  2.87038E-01
  3.3500000000E+00  3.3541666667E+00  5.21871E-02  2.92408E-01
  3.3541666667E+00  3.3583333333E+00  5.22532E-02  2.69809E-01
  3.3583333333E+00  3.3625000000E+00  5.23759E-02  3.06211E-01
  3.3625000000E+00  3.3666666667E+00  5.23027E-02  2.99607E-01
  3.3666666667E+00  3.3708333333E+00  5.23502E-02  2.65963E-01
  3.3708333333E+00  3.3750000000E+00  5.22170E-02  2.47534E-01
  3.3750000000E+00  3.3791666667E+00  5.24103E-02  2.76416E-01
  3.3791666667E+00  3.3833333333E+00  5.23616E-02  2.59793E-01
  3.3833333333E+00  3.3875000000E+00  5.24887E-02  2.77365E-01
  3.3875000000E+00  3.3916666667E+00  5.25256E-02  2.80537E-01
  3.3916666667E+00  3.3958333333E+00  5.23426E-02  2.42404E-01
  3.3958333333E+00  3.4000000000E+00  5.27346E-02  2.82916E-01
  3.4000000000E+00  3.4041666667E+00  5.25955E-02  2.75136E-01
  3.4041666667E+00  3.4083333333E+00  5.24886E-02  2.39054E-01
  3.4083333333E+00  3.4125000000E+00  5.25504E-02  2.32470E-01
  3.4125000000E+00  3.4166666667E+00  5.28047E-02  2.94715E-01
  3.4166666667E+00  3.4208333333E+00  5.28092E-02  2.96209E-01
  3.4208333333E+00  3.4250000000E+00  5.28985E-02  2.78635E-01
  3.4250000000E+00  3.4291666667E+00  5.28237E-02  2.87454E-01
  3.4291666667E+00  3.4333333333E+00  5.28458E-02  2.53658E-01
  3.4333333333E+00  3.4375000000E+00  5.29931E-02  2.70441E-01
  3.4375000000E+00  3.4416666667E+00  5.30269E-02  2.60066E-01
  3.4416666667E+00  3.4458333333E+00  5.31834E-02  2.87005E-01
  3.4458333333E+00  3.4500000000E+00  5.34576E-02  3.03293E-01
  3.4500000000E+00  3.4541666667E+00  5.33483E-02  2.83366E-01
  3.4541666667E+00  3.4583333333E+00  5.32352E-02  2.67548E-01
  3.4583333333E+00  3.4625000000E+00  5.31211E-02  2.47665E-01
  3.4625000000E+00  3.4666666667E+00  5.33907E-02  3.02364E-01
  3.4666666667E+00  3.4708333333E+00  5.31340E-02  2.46010E-01
  3.4708333333E+00  3.4750000000E+00  5.35071E-02  3.05409E-01
  3.4750000000E+00  3.4791666667E+00  5.32730E-02  2.50649E-01
  3.4791666667E+00  3.4833333333E+00  5.33920E-02  2.74539E-01
  3.4833333333E+00  3.4875000000E+00  5.34256E-02  2.79659E-01
  3.4875000000E+00  3.4916666667E+00  5.37575E-02  3.21198E-01
  3.4916666667E+00  3.4958333333E+00  5.37527E-02  3.12922E-01
  3.4958333333E+00  3.5000000000E+00  5.37991E-02  2.92524E-01
  3.5000000000E+00  3.5041666667E+00  5.39640E-02  3.14859E-01
  3.5041666667E+00  3.5083333333E+00  5.39356E-02  2.84273E-01
  3.5083333333E+00  3.5125000000E+00  5.39171E-02  2.75628E-01
  3.5125000000E+00  3.5166666667E+00  5.39025E-02  3.02535E-01
  3.5166666667E+00  3.5208333333E+00  5.37691E-02  2.61085E-01
  3.5208333333E+00  3.5250000000E+00  5.36596E-02  2.56390E-01
  3.5250000000E+00  3.5291666667E+00  5.39258E-02  2.83845E-01
  3.5291666667E+00  3.5333333333E+00  5.38561E-02  2.40284E-01
  3.5333333333E+00  3.5375000000E+00  5.41953E-02  2.95492E-01
  3.5375000000E+00  3.5416666667E+00  5.40404E-02  2.68656E-01
  3.5416666667E+00  3.5458333333E+00  5.41753E-02  2.92374E-01
  3.5458333333E+00  3.5500000000E+00  5.41284E-02  2.58642E-01
  3.5500000000E+00  3.5541666667E+00  5.43700E-02  3.11187E-01
  3.5541666667E+00  3.5583333333E+00  5.42354E-02  2.79818E-01
  3.5583333333E+00  3.5625000000E+00  5.41893E-02  2.62313E-01
  3.5625000000E+00  3.5666666667E+00  5.42679E-02  2.67224E-01
  3.5666666667E+00  3.5708333333E+00  5.41478E-02  2.43832E-01
  3.5708333333E+00  3.5750000000E+00  5.42308E-02  2.53194E-01
  3.5750000000E+00  3.5791666667E+00  5.45943E-02  3.09191E-01
  3.5791666667E+00  3.5833333333E+00  5.45286E-02  2.77905E-01
  3.5833333333E+00  3.5875000000E+00  5.45899E-02  2.89833E-01
  3.5875000000E+00  3.5916666667E+00  5.47862E-02  2.90706E-01
  3.5916666667E+00  3.5958333333E+00  5.46842E-02  2.67944E-01
  3.5958333333E+00  3.6000000000E+00  5.44855E-02  2.52910E-01
  3.6000000000E+00  3.6041666667E+00  5.46905E-02  2.74594E-01
  3.6041666667E+00  3.6083333333E+00  5.49015E-02  2.85313E-01
  3.6083333333E+00  3.6125000000E+00  5.49657E-02  2.96545E-01
  3.6125000000E+00  3.6166666667E+00  5.48697E-02  2.69477E-01
  3.6166666667E+00  3.6208333333E+00  5.49172E-02  2.75649E-01
  3.6208333333E+00  3.6250000000E+00  5.51028E-02  2.72098E-01
  3.6250000000E+00  3.6291666667E+00  5.51286E-02  2.85686E-01
  3.6291666667E+00  3.6333333333E+00  5.50516E-02  2.61913E-01
  3.6333333333E+00  3.6375000000E+00  5.54247E-02  3.00920E-01
  3.6375000000E+00  3.6416666667E+00  5.55287E-02  3.08093E-01
  3.6416666667E+00  3.6458333333E+00  5.52112E-02  2.59234E-01
  3.6458333333E+00  3.6500000000E+00  5.54358E-02  2.78960E-01
  3.6500000000E+00  3.6541666667E+00  5.55472E-02  2.79650E-01
  3.6541666667E+00  3.6583333333E+00  5.54667E-02  2.89867E-01
  3.6583333333E+00  3.6625000000E+00  5.55600E-02  2.99833E-01
  3.6625000000E+00  3.6666666667E+00  5.54693E-02  2.62407E-01
  3.6666666667E+00  3.6708333333E+00  5.55698E-02  2.69489E-01
  3.6708333333E+00  3.6750000000E+00  5.57492E-02  3.03336E-01
  3.6750000000E+00  3.6791666667E+00  5.55387E-02  2.65295E-01
  3.6791666667E+00  3.6833333333E+00  5.55869E-02  2.43402E-01
  3.6833333333E+00  3.6875000000E+00  5.59078E-02  2.77373E-01
  3.6875000000E+00  3.6916666667E+00  5.58278E-02  2.75030E-01
  3.6916666667E+00  3.6958333333E+00  5.59135E-02  2.86868E-01
  3.6958333333E+00  3.7000000000E+00  5.60394E-02  2.88506E-01
  3.7000000000E+00  3.7041666667E+00  5.61144E-02  2.84639E-01
  3.7041666667E+00  3.7083333333E+00  5.61818E-02  2.86564E-01
  3.7083333333E+00  3.7125000000E+00  5.60762E-02  2.61973E-01
  3.7125000000E+00  3.7166666667E+00  5.63102E-02  2.70386E-01
  3.7166666667E+00  3.7208333333E+00  5.61320E-02  2.51913E-01
  3.7208333333E+00  3.7250000000E+00  5.63310E-02  2.92581E-01
  3.7250000000E+00  3.7291666667E+00  5.63370E-02  2.65913E-01
  3.7291666667E+00  3.7333333333E+00  5.65008E-02  2.77250E-01
  3.7333333333E+00  3.7375000000E+00  5.65893E-02  2.89107E-01
  3.7375000000E+00  3.7416666667E+00  5.65594E-02  2.81757E-01
  3.7416666667E+00  3.7458333333E+00  5.66646E-02  2.79098E-01
  3.7458333333E+00  3.7500000000E+00  5.66780E-02  3.02052E-01
  3.7500000000E+00  3.7541666667E+00  5.67036E-02  2.66495E-01
  3.7541666667E+00  3.7583333333E+00  5.66412E-02  2.47475E-01
  3.7583333333E+00  3.7625000000E+00  5.66915E-02  2.54411E-01
  3.7625000000E+00  3.7666666667E+00  5.69154E-02  2.63061E-01
  3.7666666667E+00  3.7708333333E+00  5.70886E-02  2.80689E-01
  3.7708333333E+00  3.7750000000E+00  5.70212E-02  2.65333E-01
  3.7750000000E+00  3.7791666667E+00  5.71039E-02  2.72574E-01
  3.7791666667E+00  3.7833333333E+00  5.71443E-02  2.64296E-01
  3.7833333333E+00  3.7875000000E+00  5.72329E-02  2.85456E-01
  3.7875000000E+00  3.7916666667E+00  5.70614E-02  2.50027E-01
  3.7916666667E+00  3.7958333333E+00  5.70848E-02  2.33206E-01
  3.7958333333E+00  3.8000000000E+00  5.74285E-02  2.84189E-01
  3.8000000000E+00  3.8041666667E+00  5.75776E-02  2.81568E-01
  3.8041666667E+00  3.8083333333E+00  5.75674E-02  2.74785E-01
  3.8083333333E+00  3.8125000000E+00  5.74874E-02  2.41691E-01
  3.8125000000E+00  3.8166666667E+00  5.78532E-02  2.82174E-01
  3.8166666667E+00  3.8208333333E+00  5.81216E-02  3.00882E-01
  3.8208333333E+00  3.8250000000E+00  5.81391E-02  2.96324E-01
  3.8250000000E+00  3.8291666667E+00  5.81088E-02  2.81450E-01
  3.8291666667E+00  3.8333333333E+00  5.78227E-02  2.56092E-01
  3.8333333333E+00  3.8375000000E+00  5.78524E-02  2.69952E-01
  3.8375000000E+00  3.8416666667E+00  5.79360E-02  2.56589E-01
  3.8416666667E+00  3.8458333333E+00  5.81359E-02  2.72497E-01
  3.8458333333E+00  3.8500000000E+00  5.83995E-02  2.99329E-01
  3.8500000000E+00  3.8541666667E+00  5.84712E-02  2.77975E-01
  3.8541666667E+00  3.8583333333E+00  5.85415E-02  2.82919E-01
  3.8583333333E+00  3.8625000000E+00  5.84002E-02  2.73514E-01
  3.8625000000E+00  3.8666666667E+00  5.83837E-02  2.52031E-01
  3.8666666667E+00  3.8708333333E+00  5.84155E-02  2.51646E-01
  3.8708333333E+00  3.8750000000E+00  5.85725E-02  2.66482E-01
  3.8750000000E+00  3.8791666667E+00  5.87171E-02  2.86994E-01
  3.8791666667E+00  3.8833333333E+00  5.88746E-02  2.66974E-01
  3.8833333333E+00  3.8875000000E+00  5.87603E-02  2.45700E-01
  3.8875000000E+00  3.8916666667E+00  5.89243E-02  2.59456E-01
  3.8916666667E+00  3.8958333333E+00  5.90110E-02  2.63308E-01
  3.8958333333E+00  3.9000000000E+00  5.90293E-02  2.57181E-01
  3.9000000000E+00  3.9041666667E+00  5.91142E-02  2.61043E-01
  3.9041666667E+00  3.9083333333E+00  5.91895E-02  2.45885E-01
  3.9083333333E+00  3.9125000000E+00  5.92684E-02  2.50599E-01
  3.9125000000E+00  3.9166666667E+00  5.94902E-02  2.78726E-01
  3.9166666667E+00  3.9208333333E+00  5.93851E-02  2.51645E-01
  3.9208333333E+00  3.9250000000E+00  5.97612E-02  2.85334E-01
  3.9250000000E+00  3.9291666667E+00  5.95489E-02  2.37034E-01
  3.9291666667E+00  3.9333333333E+00  5.99335E-02  2.76383E-01
  3.9333333333E+00  3.9375000000E+00  5.98132E-02  2.50730E-01
  3.9375000000E+00  3.9416666667E+00  6.00583E-02  2.72606E-01
  3.9416666667E+00  3.9458333333E+00  6.02670E-02  2.77516E-01
  3.9458333333E+00  3.9500000000E+00  5.99684E-02  2.33901E-01
  3.9500000000E+00  3.9541666667E+00  6.02018E-02  2.72133E-01
  3.9541666667E+00  3.9583333333E+00  6.05512E-02  2.84396E-01
  3.9583333333E+00  3.9625000000E+00  6.04924E-02  2.77000E-01
  3.9625000000E+00  3.9666666667E+00  6.05730E-02  2.76159E-01
  3.9666666667E+00  3.9708333333E+00  6.06694E-02  2.66766E-01
  3.9708333333E+00  3.9750000000E+00  6.09405E-02  2.78519E-01
  3.9750000000E+00  3.9791666667E+00  6.07562E-02  2.59534E-01
  3.9791666667E+00  3.9833333333E+00  6.09749E-02  2.65254E-01
  3.9833333333E+00  3.9875000000E+00  6.09618E-02  2.62806E-01
  3.9875000000E+00  3.9916666667E+00  6.08378E-02  2.45069E-01
  3.9916666667E+00  3.9958333333E+00  6.11117E-02  2.61796E-01
  3.9958333333E+00  4.0000000000E+00  6.11137E-02  2.74005E-01
  4.0000000000E+00  4.0041666667E+00  6.12824E-02  2.53626E-01
  4.0041666667E+00  4.0083333333E+00  6.16141E-02  2.77692E-01
  4.0083333333E+00  4.0125000000E+00  6.15423E-02  2.55751E-01
  4.0125000000E+00  4.0166666667E+00  6.16693E-02  2.65307E-01
  4.0166666667E+00  4.0208333333E+00  6.16146E-02  2.36450E-01
  4.0208333333E+00  4.0250000000E+00  6.16815E-02  2.44704E-01
  4.0250000000E+00  4.0291666667E+00  6.20942E-02  2.68732E-01
  4.0291666667E+00  4.0333333333E+00  6.21294E-02  2.86266E-01
  4.0333333333E+00  4.0375000000E+00  6.19854E-02  2.56960E-01
  4.0375000000E+00  4.0416666667E+00  6.22921E-02  2.85743E-01
  4.0416666667E+00  4.0458333333E+00  6.24854E-02  2.83130E-01
  4.0458333333E+00  4.0500000000E+00  6.24999E-02  2.68934E-01
  4.0500000000E+00  4.0541666667E+00  6.24839E-02  2.42367E-01
  4.0541666667E+00  4.0583333333E+00  6.27360E-02  2.58639E-01
  4.0583333333E+00  4.0625000000E+00  6.25529E-02  2.33487E-01
  4.0625000000E+00  4.0666666667E+00  6.26836E-02  2.45654E-01
  4.0666666667E+00  4.0708333333E+00  6.29449E-02  2.64740E-01
  4.0708333333E+00  4.0750000000E+00  6.29513E-02  2.48198E-01
  4.0750000000E+00  4.0791666667E+00  6.31672E-02  2.71278E-01
  4.0791666667E+00  4.0833333333E+00  6.31540E-02  2.52201E-01
  4.0833333333E+00  4.0875000000E+00  6.33534E-02  2.49458E-01
  4.0875000000E+00  4.0916666667E+00  6.35055E-02  2.51510E-01
  4.0916666667E+00  4.0958333333E+00  6.36525E-02  2.59072E-01
  4.0958333333E+00  4.1000000000E+00  6.35112E-02  2.36570E-01
  4.1000000000E+00  4.1041666667E+00  6.35258E-02  2.22179E-01
  4.1041666667E+00  4.1083333333E+00  6.38630E-02  2.48053E-01
  4.1083333333E+00  4.1125000000E+00  6.40945E-02  2.54053E-01
  4.1125000000E+00  4.1166666667E+00  6.42109E-02  2.61617E-01
  4.1166666667E+00  4.1208333333E+00  6.44303E-02  2.66093E-01
  4.1208333333E+00  4.1250000000E+00  6.43906E-02  2.52074E-01
  4.1250000000E+00  4.1291666667E+00  6.45413E-02  2.64556E-01
  4.1291666667E+00  4.1333333333E+00  6.47378E-02  2.54844E-01
  4.1333333333E+00  4.1375000000E+00  6.49448E-02  2.61369E-01
  4.1375000000E+00  4.1416666667E+00  6.51808E-02  2.79218E-01
  4.1416666667E+00  4.1458333333E+00  6.51178E-02  2.57254E-01
  4.1458333333E+00  4.1500000000E+00  6.51130E-02  2.44837E-01
  4.1500000000E+00  4.1541666667E+00  6.53471E-02  2.69411E-01
  4.1541666667E+00  4.1583333333E+00  6.56811E-02  2.58285E-01
  4.1583333333E+00  4.1625000000E+00  6.57439E-02  2.54434E-01
  4.1625000000E+00  4.1666666667E+00  6.59000E-02  2.60822E-01
  4.1666666667E+00  4.1708333333E+00  6.58313E-02  2.38877E-01
  4.1708333333E+00  4.1750000000E+00  6.60115E-02  2.43536E-01
  4.1750000000E+00  4.1791666667E+00  6.61556E-02  2.39493E-01
  4.1791666667E+00  4.1833333333E+00  6.67166E-02  2.72432E-01
  4.1833333333E+00  4.1875000000E+00  6.65893E-02  2.45247E-01
  4.1875000000E+00  4.1916666667E+00  6.67530E-02  2.39035E-01
  4.1916666667E+00  4.1958333333E+00  6.72577E-02  2.88028E-01
  4.1958333333E+00  4.2000000000E+00  6.72900E-02  2.64005E-01
  4.2000000000E+00  4.2041666667E+00  6.71731E-02  2.45427E-01
  4.2041666667E+00  4.2083333333E+00  6.74684E-02  2.54075E-01
  4.2083333333E+00  4.2125000000E+00  6.75264E-02  2.32883E-01
  4.2125000000E+00  4.2166666667E+00  6.78947E-02  2.54604E-01
  4.2166666667E+00  4.2208333333E+00  6.80946E-02  2.59078E-01
  4.2208333333E+00  4.2250000000E+00  6.82116E-02  2.50806E-01
  4.2250000000E+00  4.2291666667E+00  6.83983E-02  2.55464E-01
  4.2291666667E+00  4.2333333333E+00  6.85447E-02  2.50486E-01
  4.2333333333E+00  4.2375000000E+00  6.89324E-02  2.61575E-01
  4.2375000000E+00  4.2416666667E+00  6.91118E-02  2.57326E-01
  4.2416666667E+00  4.2458333333E+00  6.91594E-02  2.46556E-01
  4.2458333333E+00  4.2500000000E+00  6.92716E-02  2.40374E-01
  4.2500000000E+00  4.2541666667E+00  6.96889E-02  2.65885E-01
  4.2541666667E+00  4.2583333333E+00  6.98008E-02  2.50387E-01
  4.2583333333E+00  4.2625000000E+00  7.03465E-02  2.74070E-01
  4.2625000000E+00  4.2666666667E+00  7.03342E-02  2.54034E-01
  4.2666666667E+00  4.2708333333E+00  7.04324E-02  2.40539E-01
  4.2708333333E+00  4.2750000000E+00  7.06117E-02  2.39685E-01
  4.2750000000E+00  4.2791666667E+00  7.10482E-02  2.66522E-01
  4.2791666667E+00  4.2833333333E+00  7.13758E-02  2.62159E-01
  4.2833333333E+00  4.2875000000E+00  7.13270E-02  2.34534E-01
  4.2875000000E+00  4.2916666667E+00  7.17011E-02  2.46900E-01
  4.2916666667E+00  4.2958333333E+00  7.19481E-02  2.46358E-01
  4.2958333333E+00  4.3000000000E+00  7.21557E-02  2.36293E-01
  4.3000000000E+00  4.3041666667E+00  7.25231E-02  2.48495E-01
  4.3041666667E+00  4.3083333333E+00  7.31092E-02  2.70994E-01
  4.3083333333E+00  4.3125000000E+00  7.33538E-02  2.60148E-01
  4.3125000000E+00  4.3166666667E+00  7.34453E-02  2.48891E-01
  4.3166666667E+00  4.3208333333E+00  7.37634E-02  2.40985E-01
  4.3208333333E+00  4.3250000000E+00  7.42004E-02  2.48852E-01
  4.3250000000E+00  4.3291666667E+00  7.46385E-02  2.58295E-01
  4.3291666667E+00  4.3333333333E+00  7.50240E-02  2.56281E-01
  4.3333333333E+00  4.3375000000E+00  7.54136E-02  2.57736E-01
  4.3375000000E+00  4.3416666667E+00  7.56844E-02  2.59159E-01
  4.3416666667E+00  4.3458333333E+00  7.61566E-02  2.63419E-01
  4.3458333333E+00  4.3500000000E+00  7.64467E-02  2.59064E-01
  4.3500000000E+00  4.3541666667E+00  7.66599E-02  2.48474E-01
  4.3541666667E+00  4.3583333333E+00  7.73722E-02  2.63519E-01
  4.3583333333E+00  4.3625000000E+00  7.77564E-02  2.64078E-01
  4.3625000000E+00  4.3666666667E+00  7.82098E-02  2.75915E-01
  4.3666666667E+00  4.3708333333E+00  7.85373E-02  2.75169E-01
  4.3708333333E+00  4.3750000000E+00  7.89131E-02  2.63430E-01
  4.3750000000E+00  4.3791666667E+00  7.92704E-02  2.64941E-01
  4.3791666667E+00  4.3833333333E+00  7.95303E-02  2.64169E-01
  4.3833333333E+00  4.3875000000E+00  7.97448E-02  2.60051E-01
  4.3875000000E+00  4.3916666667E+00  8.00916E-02  2.54434E-01
  4.3916666667E+00  4.3958333333E+00  8.05171E-02  2.66513E-01
  4.3958333333E+00  4.4000000000E+00  8.08561E-02  2.64601E-01
  4.4000000000E+00  4.4041666667E+00  8.09594E-02  2.60953E-01
  4.4041666667E+00  4.4083333333E+00  8.13196E-02  2.64947E-01
  4.4083333333E+00  4.4125000000E+00  8.16374E-02  2.70548E-01
  4.4125000000E+00  4.4166666667E+00  8.19574E-02  2.74701E-01
  4.4166666667E+00  4.4208333333E+00  8.21876E-02  2.65727E-01
  4.4208333333E+00  4.4250000000E+00  8.23743E-02  2.70819E-01
  4.4250000000E+00  4.4291666667E+00  8.23537E-02  2.64184E-01
  4.4291666667E+00  4.4333333333E+00  8.29123E-02  2.93804E-01
  4.4333333333E+00  4.4375000000E+00  8.26323E-02  2.71956E-01
  4.4375000000E+00  4.4416666667E+00  8.26754E-02  2.75054E-01
  4.4416666667E+00  4.4458333333E+00  8.26090E-02  2.76141E-01
  4.4458333333E+00  4.4500000000E+00  8.24773E-02  2.74097E-01
  4.4500000000E+00  4.4541666667E+00  8.24891E-02  2.78406E-01
  4.4541666667E+00  4.4583333333E+00  8.23340E-02  2.70140E-01
  4.4583333333E+00  4.4625000000E+00  8.23158E-02  2.78100E-01
  4.4625000000E+00  4.4666666667E+00  8.21865E-02  2.81510E-01
  4.4666666667E+00  4.4708333333E+00  8.18471E-02  2.74999E-01
  4.4708333333E+00  4.4750000000E+00  8.18064E-02  2.80694E-01
  4.4750000000E+00  4.4791666667E+00  8.17793E-02  2.85719E-01
  4.4791666667E+00  4.4833333333E+00  8.15581E-02  2.80876E-01
  4.4833333333E+00  4.4875000000E+00  8.10679E-02  2.74775E-01
  4.4875000000E+00  4.4916666667E+00  8.11026E-02  2.93558E-01
  4.4916666667E+00  4.4958333333E+00  8.07346E-02  2.72383E-01
  4.4958333333E+00  4.5000000000E+00  8.05972E-02  2.75022E-01
  4.5000000000E+00  4.5041666667E+00  8.05273E-02  2.79263E-01
  4.5041666667E+00  4.5083333333E+00  8.03503E-02  2.77487E-01
  4.5083333333E+00  4.5125000000E+00  8.03985E-02  2.76376E-01
  4.5125000000E+00  4.5166666667E+00  8.03481E-02  2.70466E-01
  4.5166666667E+00  4.5208333333E+00  8.03278E-02  2.72030E-01
  4.5208333333E+00  4.5250000000E+00  8.02967E-02  2.74499E-01
  4.5250000000E+00  4.5291666667E+00  8.04987E-02  2.81983E-01
  4.5291666667E+00  4.5333333333E+00  8.03094E-02  2.72170E-01
  4.5333333333E+00  4.5375000000E+00  8.05478E-02  2.80693E-01
  4.5375000000E+00  4.5416666667E+00  8.06035E-02  2.77088E-01
  4.5416666667E+00  4.5458333333E+00  8.06546E-02  2.84403E-01
  4.5458333333E+00  4.5500000000E+00  8.07588E-02  2.87922E-01
  4.5500000000E+00  4.5541666667E+00  8.06205E-02  2.72013E-01
  4.5541666667E+00  4.5583333333E+00  8.07841E-02  2.84182E-01
  4.5583333333E+00  4.5625000000E+00  8.06098E-02  2.79136E-01
  4.5625000000E+00  4.5666666667E+00  8.08954E-02  2.86947E-01
  4.5666666667E+00  4.5708333333E+00  8.07412E-02  2.75666E-01
  4.5708333333E+00  4.5750000000E+00  8.09539E-02  2.84437E-01
  4.5750000000E+00  4.5791666667E+00  8.09677E-02  2.88390E-01
  4.5791666667E+00  4.5833333333E+00  8.08288E-02  2.83394E-01
  4.5833333333E+00  4.5875000000E+00  8.07075E-02  2.81524E-01
  4.5875000000E+00  4.5916666667E+00  8.06216E-02  2.79921E-01
  4.5916666667E+00  4.5958333333E+00  8.06576E-02  2.79449E-01
  4.5958333333E+00  4.6000000000E+00  8.06608E-02  2.80759E-01
  4.6000000000E+00  4.6041666667E+00  8.07807E-02  2.96205E-01
  4.6041666667E+00  4.6083333333E+00  8.06975E-02  2.94602E-01
  4.6083333333E+00  4.6125000000E+00  8.04230E-02  2.82470E-01
  4.6125000000E+00  4.6166666667E+00  8.04811E-02  2.98995E-01
  4.6166666667E+00  4.6208333333E+00  8.02202E-02  2.91553E-01
  4.6208333333E+00  4.6250000000E+00  8.02031E-02  2.92867E-01
  4.6250000000E+00  4.6291666667E+00  8.00523E-02  2.77401E-01
  4.6291666667E+00  4.6333333333E+00  8.01154E-02  2.83067E-01
  4.6333333333E+00  4.6375000000E+00  8.01603E-02  2.89863E-01
  4.6375000000E+00  4.6416666667E+00  8.00191E-02  2.86541E-01
  4.6416666667E+00  4.6458333333E+00  7.99648E-02  2.85771E-01
  4.6458333333E+00  4.6500000000E+00  7.99314E-02  2.82014E-01
  4.6500000000E+00  4.6541666667E+00  8.00252E-02  2.91837E-01
  4.6541666667E+00  4.6583333333E+00  8.01449E-02  2.87400E-01
  4.6583333333E+00  4.6625000000E+00  7.99154E-02  2.79550E-01
  4.6625000000E+00  4.6666666667E+00  8.01115E-02  2.96360E-01
  4.6666666667E+00  4.6708333333E+00  8.00787E-02  2.98610E-01
  4.6708333333E+00  4.6750000000E+00  7.99447E-02  2.94727E-01
  4.6750000000E+00  4.6791666667E+00  7.99863E-02  2.89027E-01
  4.6791666667E+00  4.6833333333E+00  8.00378E-02  2.91375E-01
  4.6833333333E+00  4.6875000000E+00  7.98409E-02  2.92354E-01
  4.6875000000E+00  4.6916666667E+00  7.98370E-02  2.94519E-01
  4.6916666667E+00  4.6958333333E+00  7.95824E-02  2.88391E-01
  4.6958333333E+00  4.7000000000E+00  7.94504E-02  2.83477E-01
  4.7000000000E+00  4.7041666667E+00  7.95993E-02  2.92719E-01
  4.7041666667E+00  4.7083333333E+00  7.96721E-02  2.99764E-01
  4.7083333333E+00  4.7125000000E+00  7.95786E-02  2.97021E-01
  4.7125000000E+00  4.7166666667E+00  7.94865E-02  2.93133E-01
  4.7166666667E+00  4.7208333333E+00  7.95645E-02  2.99422E-01
  4.7208333333E+00  4.7250000000E+00  7.92281E-02  2.99583E-01
  4.7250000000E+00  4.7291666667E+00  7.91514E-02  2.98403E-01
  4.7291666667E+00  4.7333333333E+00  7.90450E-02  2.91903E-01
  4.7333333333E+00  4.7375000000E+00  7.90542E-02  2.93493E-01
  4.7375000000E+00  4.7416666667E+00  7.89721E-02  2.87721E-01
  4.7416666667E+00  4.7458333333E+00  7.89263E-02  2.89314E-01
  4.7458333333E+00  4.7500000000E+00  7.92184E-02  2.99645E-01
  4.7500000000E+00  4.7541666667E+00  7.89434E-02  2.82978E-01
  4.7541666667E+00  4.7583333333E+00  7.92177E-02  2.98121E-01
  4.7583333333E+00  4.7625000000E+00  7.94074E-02  2.94187E-01
  4.7625000000E+00  4.7666666667E+00  7.95340E-02  2.99882E-01
  4.7666666667E+00  4.7708333333E+00  7.96692E-02  2.93857E-01
  4.7708333333E+00  4.7750000000E+00  7.96964E-02  3.00435E-01
  4.7750000000E+00  4.7791666667E+00  7.97122E-02  2.99469E-01
  4.7791666667E+00  4.7833333333E+00  7.99066E-02  3.01964E-01
  4.7833333333E+00  4.7875000000E+00  8.00495E-02  3.01774E-01
  4.7875000000E+00  4.7916666667E+00  8.02956E-02  3.03725E-01
  4.7916666667E+00  4.7958333333E+00  8.04765E-02  3.01460E-01
  4.7958333333E+00  4.8000000000E+00  8.05023E-02  3.08354E-01
  4.8000000000E+00  4.8041666667E+00  8.04626E-02  3.00298E-01
  4.8041666667E+00  4.8083333333E+00  8.05553E-02  3.04251E-01
  4.8083333333E+00  4.8125000000E+00  8.05860E-02  3.02200E-01
  4.8125000000E+00  4.8166666667E+00  8.03610E-02  3.03092E-01
  4.8166666667E+00  4.8208333333E+00  8.03012E-02  3.00953E-01
  4.8208333333E+00  4.8250000000E+00  8.04897E-02  3.11478E-01
  4.8250000000E+00  4.8291666667E+00  8.03230E-02  3.07432E-01
  4.8291666667E+00  4.8333333333E+00  8.03778E-02  3.10724E-01
  4.8333333333E+00  4.8375000000E+00  8.00036E-02  3.04929E-01
  4.8375000000E+00  4.8416666667E+00  7.98755E-02  3.06912E-01
  4.8416666667E+00  4.8458333333E+00  8.01365E-02  3.17544E-01
  4.8458333333E+00  4.8500000000E+00  8.00401E-02  3.16366E-01
  4.8500000000E+00  4.8541666667E+00  7.97806E-02  3.13733E-01
  4.8541666667E+00  4.8583333333E+00  7.93099E-02  3.07138E-01
  4.8583333333E+00  4.8625000000E+00  7.91401E-02  3.12542E-01
  4.8625000000E+00  4.8666666667E+00  7.89901E-02  3.14161E-01
  4.8666666667E+00  4.8708333333E+00  7.88179E-02  3.14605E-01
  4.8708333333E+00  4.8750000000E+00  7.87546E-02  3.20400E-01
  4.8750000000E+00  4.8791666667E+00  7.84305E-02  3.08229E-01
  4.8791666667E+00  4.8833333333E+00  7.82955E-02  3.12202E-01
  4.8833333333E+00  4.8875000000E+00  7.82030E-02  3.14357E-01
  4.8875000000E+00  4.8916666667E+00  7.80747E-02  3.11392E-01
  4.8916666667E+00  4.8958333333E+00  7.80305E-02  3.12599E-01
  4.8958333333E+00  4.9000000000E+00  7.79018E-02  3.12078E-01
  4.9000000000E+00  4.9041666667E+00  7.80868E-02  3.17284E-01
  4.9041666667E+00  4.9083333333E+00  7.81167E-02  3.13173E-01
  4.9083333333E+00  4.9125000000E+00  7.83213E-02  3.19816E-01
  4.9125000000E+00  4.9166666667E+00  7.83985E-02  3.14627E-01
  4.9166666667E+00  4.9208333333E+00  7.86150E-02  3.16303E-01
  4.9208333333E+00  4.9250000000E+00  7.89784E-02  3.25232E-01
  4.9250000000E+00  4.9291666667E+00  7.90372E-02  3.18926E-01
  4.9291666667E+00  4.9333333333E+00  7.93231E-02  3.22219E-01
  4.9333333333E+00  4.9375000000E+00  7.97183E-02  3.30056E-01
  4.9375000000E+00  4.9416666667E+00  7.98098E-02  3.25053E-01
  4.9416666667E+00  4.9458333333E+00  8.01344E-02  3.30893E-01
  4.9458333333E+00  4.9500000000E+00  8.03476E-02  3.26785E-01
  4.9500000000E+00  4.9541666667E+00  8.05872E-02  3.32653E-01
  4.9541666667E+00  4.9583333333E+00  8.06070E-02  3.27342E-01
  4.9583333333E+00  4.9625000000E+00  8.09848E-02  3.33338E-01
  4.9625000000E+00  4.9666666667E+00  8.11298E-02  3.36166E-01
  4.9666666667E+00  4.9708333333E+00  8.10098E-02  3.32090E-01
  4.9708333333E+00  4.9750000000E+00  8.10552E-02  3.39331E-01
  4.9750000000E+00  4.9791666667E+00  8.12509E-02  3.40438E-01
  4.9791666667E+00  4.9833333333E+00  8.11840E-02  3.36357E-01
  4.9833333333E+00  4.9875000000E+00  8.13954E-02  3.45453E-01
  4.9875000000E+00  4.9916666667E+00  8.11412E-02  3.40832E-01
  4.9916666667E+00  4.9958333333E+00  8.08147E-02  3.45435E-01
  4.9958333333E+00  5.0000000000E+00  8.05989E-02  3.46707E-01
  5.0000000000E+00  5.0041666667E+00  8.05281E-02  3.47595E-01
  5.0041666667E+00  5.0083333333E+00  8.03561E-02  3.46570E-01
  5.0083333333E+00  5.0125000000E+00  8.04314E-02  3.50676E-01
  5.0125000000E+00  5.0166666667E+00  8.00013E-02  3.45596E-01
  5.0166666667E+00  5.0208333333E+00  7.99178E-02  3.50087E-01
  5.0208333333E+00  5.0250000000E+00  7.98547E-02  3.49759E-01
  5.0250000000E+00  5.0291666667E+00  7.96290E-02  3.51124E-01
  5.0291666667E+00  5.0333333333E+00  7.94770E-02  3.52958E-01
  5.0333333333E+00  5.0375000000E+00  7.96155E-02  3.51594E-01
  5.0375000000E+00  5.0416666667E+00  7.98575E-02  3.55906E-01
  5.0416666667E+00  5.0458333333E+00  7.99489E-02  3.56159E-01
  5.0458333333E+00  5.0500000000E+00  8.03683E-02  3.59749E-01
  5.0500000000E+00  5.0541666667E+00  8.06784E-02  3.65300E-01
  5.0541666667E+00  5.0583333333E+00  8.03932E-02  3.64105E-01
  5.0583333333E+00  5.0625000000E+00  8.07977E-02  3.69759E-01
  5.0625000000E+00  5.0666666667E+00  8.10701E-02  3.71451E-01
  5.0666666667E+00  5.0708333333E+00  8.17053E-02  3.78992E-01
  5.0708333333E+00  5.0750000000E+00  8.20161E-02  3.76464E-01
  5.0750000000E+00  5.0791666667E+00  8.19905E-02  3.77845E-01
  5.0791666667E+00  5.0833333333E+00  8.20891E-02  3.85666E-01
  5.0833333333E+00  5.0875000000E+00  8.19869E-02  3.87000E-01
  5.0875000000E+00  5.0916666667E+00  8.18070E-02  3.89841E-01
  5.0916666667E+00  5.0958333333E+00  8.15082E-02  3.96800E-01
  5.0958333333E+00  5.1000000000E+00  8.10838E-02  4.01622E-01
  5.1000000000E+00  5.1041666667E+00  8.03869E-02  4.09487E-01
  5.1041666667E+00  5.1083333333E+00  7.98014E-02  4.16465E-01
  5.1083333333E+00  5.1125000000E+00  7.88581E-02  4.23068E-01
  5.1125000000E+00  5.1166666667E+00  7.75288E-02  4.32359E-01
  5.1166666667E+00  5.1208333333E+00  7.61625E-02  4.39526E-01
  5.1208333333E+00  5.1250000000E+00  7.46292E-02  4.48086E-01
  5.1250000000E+00  5.1291666667E+00  7.26566E-02  4.58795E-01
  5.1291666667E+00  5.1333333333E+00  7.06401E-02  4.70627E-01
  5.1333333333E+00  5.1375000000E+00  6.83924E-02  4.80835E-01
  5.1375000000E+00  5.1416666667E+00  6.59777E-02  4.95168E-01
  5.1416666667E+00  5.1458333333E+00  6.33592E-02  5.12471E-01
  5.1458333333E+00  5.1500000000E+00  6.04994E-02  5.25898E-01
  5.1500000000E+00  5.1541666667E+00  5.73917E-02  5.43582E-01
  5.1541666667E+00  5.1583333333E+00  5.45021E-02  5.62575E-01
  5.1583333333E+00  5.1625000000E+00  5.14429E-02  5.85144E-01
  5.1625000000E+00  5.1666666667E+00  4.79487E-02  6.10785E-01
  5.1666666667E+00  5.1708333333E+00  4.47111E-02  6.37794E-01
  5.1708333333E+00  5.1750000000E+00  4.13766E-02  6.65457E-01
  5.1750000000E+00  5.1791666667E+00  3.81468E-02  6.98699E-01
  5.1791666667E+00  5.1833333333E+00  3.48594E-02  7.34413E-01
  5.1833333333E+00  5.1875000000E+00  3.19389E-02  7.72706E-01
  5.1875000000E+00  5.1916666667E+00  2.91128E-02  8.16336E-01
  5.1916666667E+00  5.1958333333E+00  2.61173E-02  8.66826E-01
  5.1958333333E+00  5.2000000000E+00  2.33311E-02  9.21561E-01
  5.2000000000E+00  5.2041666667E+00  2.07764E-02  9.80544E-01
  5.2041666667E+00  5.2083333333E+00  1.84347E-02  1.04779E+00
  5.2083333333E+00  5.2125000000E+00  1.61570E-02  1.13065E+00
  5.2125000000E+00  5.2166666667E+00  1.40988E-02  1.20725E+00
  5.2166666667E+00  5.2208333333E+00  1.21200E-02  1.30624E+00
  5.2208333333E+00  5.2250000000E+00  1.04321E-02  1.41155E+00
  5.2250000000E+00  5.2291666667E+00  9.09001E-03  1.52947E+00
  5.2291666667E+00  5.2333333333E+00  7.71889E-03  1.65946E+00
  5.2333333333E+00  5.2375000000E+00  6.44042E-03  1.81488E+00
  5.2375000000E+00  5.2416666667E+00  5.39030E-03  1.98538E+00
  5.2416666667E+00  5.2458333333E+00  4.61053E-03  2.17393E+00
  5.2458333333E+00  5.2500000000E+00  3.84586E-03  2.39137E+00
  5.2500000000E+00  5.2541666667E+00  3.11460E-03  2.63643E+00
  5.2541666667E+00  5.2583333333E+00  2.62532E-03  2.91642E+00
  5.2583333333E+00  5.2625000000E+00  2.17341E-03  3.20462E+00
  5.2625000000E+00  5.2666666667E+00  1.68608E-03  3.62985E+00
  5.2666666667E+00  5.2708333333E+00  1.31002E-03  4.06576E+00
  5.2708333333E+00  5.2750000000E+00  1.09619E-03  4.58140E+00
  5.2750000000E+00  5.2791666667E+00  8.23734E-04  5.13491E+00
  5.2791666667E+00  5.2833333333E+00  7.13860E-04  5.64528E+00
  5.2833333333E+00  5.2875000000E+00  5.61470E-04  6.12096E+00
  5.2875000000E+00  5.2916666667E+00  4.42019E-04  6.93741E+00
  5.2916666667E+00  5.2958333333E+00  3.47622E-04  7.63709E+00
  5.2958333333E+00  5.3000000000E+00  3.00766E-04  8.22025E+00
  5.3000000000E+00  5.3041666667E+00  2.61181E-04  9.20852E+00
  5.3041666667E+00  5.3083333333E+00  1.89265E-04  1.01949E+01
  5.3083333333E+00  5.3125000000E+00  1.50030E-04  1.09079E+01
  5.3125000000E+00  5.3166666667E+00  1.57635E-04  1.80277E+01
  5.3166666667E+00  5.3208333333E+00  1.23922E-04  1.24409E+01
  5.3208333333E+00  5.3250000000E+00  9.25691E-05  1.31011E+01
  5.3250000000E+00  5.3291666667E+00  7.21206E-05  1.33315E+01
  5.3291666667E+00  5.3333333333E+00  6.81291E-05  1.35202E+01
  5.3333333333E+00  5.3375000000E+00  6.34424E-05  1.25974E+01
  5.3375000000E+00  5.3416666667E+00  6.31595E-05  1.37642E+01
  5.3416666667E+00  5.3458333333E+00  6.48860E-05  1.41234E+01
  5.3458333333E+00  5.3500000000E+00  5.68606E-05  1.39551E+01
  5.3500000000E+00  5.3541666667E+00  5.47985E-05  1.32760E+01
  5.3541666667E+00  5.3583333333E+00  6.05762E-05  1.39223E+01
  5.3583333333E+00  5.3625000000E+00  5.38050E-05  1.31187E+01
  5.3625000000E+00  5.3666666667E+00  5.59005E-05  1.36531E+01
  5.3666666667E+00  5.3708333333E+00  6.08800E-05  1.46341E+01
  5.3708333333E+00  5.3750000000E+00  6.00138E-05  1.41091E+01
  5.3750000000E+00  5.3791666667E+00  5.92519E-05  1.57840E+01
  5.3791666667E+00  5.3833333333E+00  5.03099E-05  1.55859E+01
  5.3833333333E+00  5.3875000000E+00  4.47017E-05  1.30208E+01
  5.3875000000E+00  5.3916666667E+00  4.59221E-05  1.39430E+01
  5.3916666667E+00  5.3958333333E+00  4.89598E-05  1.43724E+01
  5.3958333333E+00  5.4000000000E+00  5.33638E-05  1.50605E+01
  5.4000000000E+00  5.4041666667E+00  4.82530E-05  1.44766E+01
  5.4041666667E+00  5.4083333333E+00  5.04106E-05  1.56281E+01
  5.4083333333E+00  5.4125000000E+00  4.60506E-05  1.49809E+01
  5.4125000000E+00  5.4166666667E+00  4.50034E-05  1.44641E+01
  5.4166666667E+00  5.4208333333E+00  4.94896E-05  1.57527E+01
  5.4208333333E+00  5.4250000000E+00  4.40276E-05  1.42309E+01
  5.4250000000E+00  5.4291666667E+00  4.64709E-05  1.46769E+01
  5.4291666667E+00  5.4333333333E+00  5.11595E-05  1.45349E+01
  5.4333333333E+00  5.4375000000E+00  5.16612E-05  1.49926E+01
  5.4375000000E+00  5.4416666667E+00  5.69432E-05  1.60160E+01
  5.4416666667E+00  5.4458333333E+00  5.43002E-05  1.67269E+01
  5.4458333333E+00  5.4500000000E+00  4.94524E-05  1.68546E+01
  5.4500000000E+00  5.4541666667E+00  4.81264E-05  1.63443E+01
  5.4541666667E+00  5.4583333333E+00  4.70528E-05  1.79966E+01
  5.4583333333E+00  5.4625000000E+00  4.32738E-05  1.73077E+01
  5.4625000000E+00  5.4666666667E+00  4.31300E-05  1.80676E+01
  5.4666666667E+00  5.4708333333E+00  3.61481E-05  1.68790E+01
  5.4708333333E+00  5.4750000000E+00  4.07069E-05  1.88594E+01
  5.4750000000E+00  5.4791666667E+00  3.79297E-05  1.70329E+01
  5.4791666667E+00  5.4833333333E+00  3.48121E-05  1.81925E+01
  5.4833333333E+00  5.4875000000E+00  3.88354E-05  1.88037E+01
  5.4875000000E+00  5.4916666667E+00  3.77841E-05  1.88687E+01
  5.4916666667E+00  5.4958333333E+00  3.93648E-05  1.93985E+01
  5.4958333333E+00  5.5000000000E+00  3.64280E-05  2.00837E+01
  5.5000000000E+00  5.5041666667E+00  3.70857E-05  2.06132E+01
  5.5041666667E+00  5.5083333333E+00  3.90495E-05  2.08637E+01
  5.5083333333E+00  5.5125000000E+00  3.64542E-05  2.23581E+01
  5.5125000000E+00  5.5166666667E+00  3.24532E-05  2.14719E+01
  5.5166666667E+00  5.5208333333E+00  3.29706E-05  1.97738E+01
  5.5208333333E+00  5.5250000000E+00  3.64312E-05  2.24291E+01
  5.5250000000E+00  5.5291666667E+00  3.55876E-05  2.40366E+01
  5.5291666667E+00  5.5333333333E+00  3.26234E-05  2.47084E+01
  5.5333333333E+00  5.5375000000E+00  2.67962E-05  2.78967E+01
  5.5375000000E+00  5.5416666667E+00  2.17106E-05  2.88950E+01
  5.5416666667E+00  5.5458333333E+00  2.06333E-05  2.98744E+01
  5.5458333333E+00  5.5500000000E+00  2.12293E-05  3.08162E+01
  5.5500000000E+00  5.5541666667E+00  1.75867E-05  3.08957E+01
  5.5541666667E+00  5.5583333333E+00  1.96865E-05  3.44711E+01
  5.5583333333E+00  5.5625000000E+00  1.39438E-05  3.52794E+01
  5.5625000000E+00  5.5666666667E+00  1.74054E-05  3.71417E+01
  5.5666666667E+00  5.5708333333E+00  1.44140E-05  4.04158E+01
  5.5708333333E+00  5.5750000000E+00  7.01266E-06  4.81088E+01
  5.5750000000E+00  5.5791666667E+00  8.85317E-06  4.89456E+01
  5.5791666667E+00  5.5833333333E+00  9.73237E-06  4.97863E+01
  5.5833333333E+00  5.5875000000E+00  6.60820E-06  5.67837E+01
  5.5875000000E+00  5.5916666667E+00  1.88089E-06  7.34041E+01
  5.5916666667E+00  5.5958333333E+00  2.02299E-06  7.41521E+01
  5.5958333333E+00  5.6000000000E+00  2.16992E-06  5.58416E+01
  5.6000000000E+00  5.6041666667E+00  2.28414E-06  7.42226E+01
  5.6041666667E+00  5.6083333333E+00  2.45159E-06  7.52875E+01
  5.6083333333E+00  5.6125000000E+00  2.81232E-06  7.31946E+01
  5.6125000000E+00  5.6166666667E+00  3.71027E-06  7.09415E+01
  5.6166666667E+00  5.6208333333E+00  3.66790E-06  7.96705E+01
  5.6208333333E+00  5.6250000000E+00  8.95786E-07  7.26448E+01
  5.6250000000E+00  5.6291666667E+00  9.05961E-07  1.00000E+02
  5.6291666667E+00  5.6333333333E+00  9.42223E-07  1.00000E+02
  5.6333333333E+00  5.6375000000E+00  1.12137E-06  8.97721E+01
  5.6375000000E+00  5.6416666667E+00  1.10690E-06  1.00000E+02
  5.6416666667E+00  5.6458333333E+00  1.04173E-06  1.00000E+02
  5.6458333333E+00  5.6500000000E+00  1.12120E-06  7.09147E+01
  5.6500000000E+00  5.6541666667E+00  1.19663E-06  7.43802E+01
  5.6541666667E+00  5.6583333333E+00  1.29002E-06  1.00000E+02
  5.6583333333E+00  5.6625000000E+00  1.47143E-06  1.00000E+02
  5.6625000000E+00  5.6666666667E+00  1.57572E-06  7.69953E+01
  5.6666666667E+00  5.6708333333E+00  1.95654E-06  1.00000E+02
  5.6708333333E+00  5.6750000000E+00  2.35251E-06  1.00000E+02
  5.6750000000E+00  5.6791666667E+00  4.24151E-06  1.00000E+02
  5.6791666667E+00  5.6833333333E+00  0.00000E+00  0.00000E+00
  5.6833333333E+00  5.6875000000E+00  0.00000E+00  0.00000E+00
  5.6875000000E+00  5.6916666667E+00  0.00000E+00  0.00000E+00
  5.6916666667E+00  5.6958333333E+00  0.00000E+00  0.00000E+00
  5.6958333333E+00  5.7000000000E+00  8.91625E-14  1.00000E+02
  5.7000000000E+00  5.7041666667E+00  0.00000E+00  0.00000E+00
  5.7041666667E+00  5.7083333333E+00  0.00000E+00  0.00000E+00
  5.7083333333E+00  5.7125000000E+00  0.00000E+00  0.00000E+00
  5.7125000000E+00  5.7166666667E+00  0.00000E+00  0.00000E+00
  5.7166666667E+00  5.7208333333E+00  0.00000E+00  0.00000E+00
  5.7208333333E+00  5.7250000000E+00  0.00000E+00  0.00000E+00
  5.7250000000E+00  5.7291666667E+00  0.00000E+00  0.00000E+00
  5.7291666667E+00  5.7333333333E+00  0.00000E+00  0.00000E+00
  5.7333333333E+00  5.7375000000E+00  0.00000E+00  0.00000E+00
  5.7375000000E+00  5.7416666667E+00  0.00000E+00  0.00000E+00
  5.7416666667E+00  5.7458333333E+00  0.00000E+00  0.00000E+00
  5.7458333333E+00  5.7500000000E+00  1.86907E-07  9.42133E+01
  5.7500000000E+00  5.7541666667E+00  5.47624E-07  7.64200E+01
  5.7541666667E+00  5.7583333333E+00  5.47624E-07  1.00000E+02
  5.7583333333E+00  5.7625000000E+00  5.47624E-07  6.21598E+01
  5.7625000000E+00  5.7666666667E+00  5.47624E-07  7.20331E+01
  5.7666666667E+00  5.7708333333E+00  5.47624E-07  6.92368E+01
  5.7708333333E+00  5.7750000000E+00  5.47624E-07  8.92744E+01
  5.7750000000E+00  5.7791666667E+00  5.47624E-07  1.00000E+02
  5.7791666667E+00  5.7833333333E+00  5.47624E-07  8.33133E+01
  5.7833333333E+00  5.7875000000E+00  5.47624E-07  7.31385E+01
  5.7875000000E+00  5.7916666667E+00  6.12769E-07  6.60810E+01
  5.7916666667E+00  5.7958333333E+00  2.51669E-06  7.83095E+01
  5.7958333333E+00  5.8000000000E+00  6.21538E-07  9.86323E+01
  5.8000000000E+00  5.8041666667E+00  6.21538E-07  9.00571E+01
  5.8041666667E+00  5.8083333333E+00  6.21538E-07  7.37129E+01
  5.8083333333E+00  5.8125000000E+00  6.21538E-07  6.16613E+01
  5.8125000000E+00  5.8166666667E+00  6.21538E-07  8.60695E+01
  5.8166666667E+00  5.8208333333E+00  6.22835E-07  9.01380E+01
  5.8208333333E+00  5.8250000000E+00  6.57296E-07  9.15247E+01
  5.8250000000E+00  5.8291666667E+00  6.57296E-07  7.67806E+01
  5.8291666667E+00  5.8333333333E+00  6.57296E-07  6.18621E+01
  5.8333333333E+00  5.8375000000E+00  6.57296E-07  7.54982E+01
  5.8375000000E+00  5.8416666667E+00  6.57296E-07  6.95226E+01
  5.8416666667E+00  5.8458333333E+00  6.57296E-07  1.00000E+02
  5.8458333333E+00  5.8500000000E+00  7.38013E-07  9.26795E+01
  5.8500000000E+00  5.8541666667E+00  7.66367E-07  7.90790E+01
  5.8541666667E+00  5.8583333333E+00  7.66367E-07  7.21800E+01
  5.8583333333E+00  5.8625000000E+00  7.66367E-07  6.12465E+01
  5.8625000000E+00  5.8666666667E+00  7.66367E-07  7.62923E+01
  5.8666666667E+00  5.8708333333E+00  7.88403E-07  7.78620E+01
  5.8708333333E+00  5.8750000000E+00  8.01830E-07  1.00000E+02
  5.8750000000E+00  5.8791666667E+00  8.01830E-07  9.62559E+01
  5.8791666667E+00  5.8833333333E+00  8.01830E-07  7.91489E+01
  5.8833333333E+00  5.8875000000E+00  8.01394E-07  7.25009E+01
  5.8875000000E+00  5.8916666667E+00  5.43593E-07  8.43432E+01
  5.8916666667E+00  5.8958333333E+00  0.00000E+00  0.00000E+00
  5.8958333333E+00  5.9000000000E+00  0.00000E+00  0.00000E+00
  5.9000000000E+00  5.9041666667E+00  0.00000E+00  0.00000E+00
  5.9041666667E+00  5.9083333333E+00  0.00000E+00  0.00000E+00
  5.9083333333E+00  5.9125000000E+00  0.00000E+00  0.00000E+00
  5.9125000000E+00  5.9166666667E+00  0.00000E+00  0.00000E+00
  5.9166666667E+00  5.9208333333E+00  0.00000E+00  0.00000E+00
  5.9208333333E+00  5.9250000000E+00  0.00000E+00  0.00000E+00
  5.9250000000E+00  5.9291666667E+00  0.00000E+00  0.00000E+00
  5.9291666667E+00  5.9333333333E+00  0.00000E+00  0.00000E+00
  5.9333333333E+00  5.9375000000E+00  0.00000E+00  0.00000E+00
  5.9375000000E+00  5.9416666667E+00  0.00000E+00  0.00000E+00
  5.9416666667E+00  5.9458333333E+00  0.00000E+00  0.00000E+00
  5.9458333333E+00  5.9500000000E+00  0.00000E+00  0.00000E+00
  5.9500000000E+00  5.9541666667E+00  0.00000E+00  0.00000E+00
  5.9541666667E+00  5.9583333333E+00  0.00000E+00  0.00000E+00
  5.9583333333E+00  5.9625000000E+00  6.41160E-07  1.00000E+02
  5.9625000000E+00  5.9666666667E+00  7.85059E-07  9.74159E+01
  5.9666666667E+00  5.9708333333E+00  7.64496E-07  1.00000E+02
  5.9708333333E+00  5.9750000000E+00  8.80117E-07  1.00000E+02
  5.9750000000E+00  5.9791666667E+00  8.95345E-07  7.85528E+01
  5.9791666667E+00  5.9833333333E+00  9.13255E-07  1.00000E+02
  5.9833333333E+00  5.9875000000E+00  9.36991E-07  1.00000E+02
  5.9875000000E+00  5.9916666667E+00  9.41979E-07  1.00000E+02
  5.9916666667E+00  5.9958333333E+00  9.48700E-07  1.00000E+02
  5.9958333333E+00  6.0000000000E+00  1.08907E-06  1.00000E+02
  6.0000000000E+00  6.0000000000E+00  1.08907E-06  1.00000E+02