# Detector n: 1D Projection
  1.0000000000E+00  1.0041666667E+00  3.86062E-02  3.14941E-01
  1.0041666667E+00  1.0083333333E+00  3.89822E-02  4.35697E-01
  1.0083333333E+00  1.0125000000E+00  3.87889E-02  3.53693E-01
  1.0125000000E+00  1.0166666667E+00  3.87596E-02  3.43702E-01
  1.0166666667E+00  1.0208333333E+00  3.89396E-02  4.26266E-01
  1.0208333333E+00  1.0250000000E+00  3.90001E-02  4.67593E-01
  1.0250000000E+00  1.0291666667E+00  3.88738E-02  3.85369E-01
  1.0291666667E+00  1.0333333333E+00  3.90192E-02  3.73497E-01
  1.0333333333E+00  1.0375000000E+00  3.90032E-02  3.82976E-01
  1.0375000000E+00  1.0416666667E+00  3.90103E-02  3.30129E-01
  1.0416666667E+00  1.0458333333E+00  3.91592E-02  4.32967E-01
  1.0458333333E+00  1.0500000000E+00  3.92764E-02  5.00756E-01
  1.0500000000E+00  1.0541666667E+00  3.90323E-02  3.38150E-01
  1.0541666667E+00  1.0583333333E+00  3.90455E-02  3.92313E-01
  1.0583333333E+00  1.0625000000E+00  3.93547E-02  4.50234E-01
  1.0625000000E+00  1.0666666667E+00  3.90349E-02  3.25529E-01
  1.0666666667E+00  1.0708333333E+00  3.91562E-02  3.87716E-01
  1.0708333333E+00  1.0750000000E+00  3.92998E-02  4.44036E-01
  1.0750000000E+00  1.0791666667E+00  3.89249E-02  3.47342E-01
  1.0791666667E+00  1.0833333333E+00  3.91659E-02  3.80183E-01
  1.0833333333E+00  1.0875000000E+00  3.93643E-02  3.70017E-01
  1.0875000000E+00  1.0916666667E+00  3.96546E-02  4.18662E-01
  1.0916666667E+00  1.0958333333E+00  3.96601E-02  4.32189E-01
  1.0958333333E+00  1.1000000000E+00  3.95270E-02  3.38018E-01
  1.1000000000E+00  1.1041666667E+00  3.94848E-02  3.70073E-01
  1.1041666667E+00  1.1083333333E+00  3.93908E-02  3.46387E-01
  1.1083333333E+00  1.1125000000E+00  3.94850E-02  3.54040E-01
  1.1125000000E+00  1.1166666667E+00  3.95461E-02  4.12692E-01
  1.1166666667E+00  1.1208333333E+00  3.94372E-02  3.55848E-01
  1.1208333333E+00  1.1250000000E+00  3.97163E-02  4.28539E-01
  1.1250000000E+00  1.1291666667E+00  3.95549E-02  3.35852E-01
  1.1291666667E+00  1.1333333333E+00  3.95024E-02  3.33617E-01
  1.1333333333E+00  1.1375000000E+00  3.98457E-02  4.70204E-01
  1.1375000000E+00  1.1416666667E+00  3.94807E-02  3.26153E-01
  1.1416666667E+00  1.1458333333E+00  3.96204E-02  3.53260E-01
  1.1458333333E+00  1.1500000000E+00  3.95725E-02  3.11925E-01
  1.1500000000E+00  1.1541666667E+00  3.99049E-02  4.33909E-01
  1.1541666667E+00  1.1583333333E+00  3.99249E-02  4.09357E-01
  1.1583333333E+00  1.1625000000E+00  3.99183E-02  5.04252E-01
  1.1625000000E+00  1.1666666667E+00  3.96463E-02  3.94927E-01
  1.1666666667E+00  1.1708333333E+00  3.96425E-02  3.54264E-01
  1.1708333333E+00  1.1750000000E+00  3.96959E-02  4.04392E-01
  1.1750000000E+00  1.1791666667E+00  3.96999E-02  3.67088E-01
  1.1791666667E+00  1.1833333333E+00  3.98307E-02  3.92074E-01
  1.1833333333E+00  1.1875000000E+00  3.99452E-02  4.32094E-01
  1.1875000000E+00  1.1916666667E+00  3.98658E-02  4.27222E-01
  1.1916666667E+00  1.1958333333E+00  3.97622E-02  3.56414E-01
  1.1958333333E+00  1.2000000000E+00  3.97108E-02  3.19608E-01
  1.2000000000E+00  1.2041666667E+00  3.97216E-02  3.74172E-01
  1.2041666667E+00  1.2083333333E+00  3.98175E-02  4.53333E-01
  1.2083333333E+00  1.2125000000E+00  3.97168E-02  3.48958E-01
  1.2125000000E+00  1.2166666667E+00  3.96237E-02  3.97728E-01
  1.2166666667E+00  1.2208333333E+00  3.99283E-02  4.43455E-01
  1.2208333333E+00  1.2250000000E+00  3.96757E-02  3.41025E-01
  1.2250000000E+00  1.2291666667E+00  3.99499E-02  4.35387E-01
  1.2291666667E+00  1.2333333333E+00  3.98087E-02  3.85307E-01
  1.2333333333E+00  1.2375000000E+00  3.98546E-02  3.49496E-01
  1.2375000000E+00  1.2416666667E+00  3.99038E-02  3.21334E-01
  1.2416666667E+00  1.2458333333E+00  4.01551E-02  4.09360E-01
  1.2458333333E+00  1.2500000000E+00  4.04535E-02  5.11366E-01
  1.2500000000E+00  1.2541666667E+00  4.03127E-02  3.49441E-01
  1.2541666667E+00  1.2583333333E+00  4.04753E-02  4.00319E-01
  1.2583333333E+00  1.2625000000E+00  4.03537E-02  3.27768E-01
  1.2625000000E+00  1.2666666667E+00  4.04729E-02  4.02888E-01
  1.2666666667E+00  1.2708333333E+00  4.02588E-02  3.35855E-01
  1.2708333333E+00  1.2750000000E+00  4.03355E-02  3.70297E-01
  1.2750000000E+00  1.2791666667E+00  4.05352E-02  4.01934E-01
  1.2791666667E+00  1.2833333333E+00  4.05206E-02  3.80945E-01
  1.2833333333E+00  1.2875000000E+00  4.04839E-02  3.80726E-01
  1.2875000000E+00  1.2916666667E+00  4.06911E-02  4.01790E-01
  1.2916666667E+00  1.2958333333E+00  4.06370E-02  4.10356E-01
  1.2958333333E+00  1.3000000000E+00  4.06066E-02  4.12693E-01
  1.3000000000E+00  1.3041666667E+00  4.03235E-02  3.08224E-01
  1.3041666667E+00  1.3083333333E+00  4.04167E-02  3.94772E-01
  1.3083333333E+00  1.3125000000E+00  4.04170E-02  3.68851E-01
  1.3125000000E+00  1.3166666667E+00  4.05279E-02  3.66114E-01
  1.3166666667E+00  1.3208333333E+00  4.04965E-02  3.54512E-01
  1.3208333333E+00  1.3250000000E+00  4.03419E-02  3.06520E-01
  1.3250000000E+00  1.3291666667E+00  4.04632E-02  3.25334E-01
  1.3291666667E+00  1.3333333333E+00  4.04745E-02  3.45540E-01
  1.3333333333E+00  1.3375000000E+00  4.03955E-02  3.10313E-01
  1.3375000000E+00  1.3416666667E+00  4.06350E-02  3.83377E-01
  1.3416666667E+00  1.3458333333E+00  4.04220E-02  3.09779E-01
  1.3458333333E+00  1.3500000000E+00  4.03735E-02  2.89522E-01
  1.3500000000E+00  1.3541666667E+00  4.04836E-02  3.36230E-01
  1.3541666667E+00  1.3583333333E+00  4.07172E-02  3.80163E-01
  1.3583333333E+00  1.3625000000E+00  4.07841E-02  4.42012E-01
  1.3625000000E+00  1.3666666667E+00  4.07651E-02  4.07962E-01
  1.3666666667E+00  1.3708333333E+00  4.08115E-02  3.88531E-01
  1.3708333333E+00  1.3750000000E+00  4.06073E-02  3.95261E-01
  1.3750000000E+00  1.3791666667E+00  4.08131E-02  4.31623E-01
  1.3791666667E+00  1.3833333333E+00  4.08289E-02  3.81488E-01
  1.3833333333E+00  1.3875000000E+00  4.07021E-02  3.82537E-01
  1.3875000000E+00  1.3916666667E+00  4.07370E-02  4.49634E-01
  1.3916666667E+00  1.3958333333E+00  4.09327E-02  4.21978E-01
  1.3958333333E+00  1.4000000000E+00  4.09116E-02  4.13845E-01
  1.4000000000E+00  1.4041666667E+00  4.07060E-02  4.36556E-01
  1.4041666667E+00  1.4083333333E+00  4.07785E-02  3.93816E-01
  1.4083333333E+00  1.4125000000E+00  4.07214E-02  3.40996E-01
  1.4125000000E+00  1.4166666667E+00  4.07535E-02  3.68015E-01
  1.4166666667E+00  1.4208333333E+00  4.08389E-02  4.46438E-01
  1.4208333333E+00  1.4250000000E+00  4.05914E-02  3.20990E-01
  1.4250000000E+00  1.4291666667E+00  4.06555E-02  3.20792E-01
  1.4291666667E+00  1.4333333333E+00  4.06600E-02  3.47259E-01
  1.4333333333E+00  1.4375000000E+00  4.05707E-02  3.33819E-01
  1.4375000000E+00  1.4416666667E+00  4.06343E-02  3.67967E-01
  1.4416666667E+00  1.4458333333E+00  4.06322E-02  3.71762E-01
  1.4458333333E+00  1.4500000000E+00  4.06447E-02  3.61465E-01
  1.4500000000E+00  1.4541666667E+00  4.06303E-02  3.46394E-01
  1.4541666667E+00  1.4583333333E+00  4.08339E-02  3.86020E-01
  1.4583333333E+00  1.4625000000E+00  4.07705E-02  3.67294E-01
  1.4625000000E+00  1.4666666667E+00  4.08952E-02  3.84833E-01
  1.4666666667E+00  1.4708333333E+00  4.07720E-02  3.47077E-01
  1.4708333333E+00  1.4750000000E+00  4.06627E-02  3.28971E-01
  1.4750000000E+00  1.4791666667E+00  4.08448E-02  3.56234E-01
  1.4791666667E+00  1.4833333333E+00  4.08148E-02  3.77999E-01
  1.4833333333E+00  1.4875000000E+00  4.09289E-02  3.74747E-01
  1.4875000000E+00  1.4916666667E+00  4.11963E-02  4.24684E-01
  1.4916666667E+00  1.4958333333E+00  4.11697E-02  4.05156E-01
  1.4958333333E+00  1.5000000000E+00  4.08699E-02  3.72305E-01
  1.5000000000E+00  1.5041666667E+00  4.09357E-02  3.69565E-01
  1.5041666667E+00  1.5083333333E+00  4.10205E-02  4.10016E-01
  1.5083333333E+00  1.5125000000E+00  4.08175E-02  3.50725E-01
  1.5125000000E+00  1.5166666667E+00  4.10646E-02  4.14073E-01
  1.5166666667E+00  1.5208333333E+00  4.09846E-02  4.19698E-01
  1.5208333333E+00  1.5250000000E+00  4.08468E-02  3.18223E-01
  1.5250000000E+00  1.5291666667E+00  4.09236E-02  3.82990E-01
  1.5291666667E+00  1.5333333333E+00  4.12718E-02  4.63074E-01
  1.5333333333E+00  1.5375000000E+00  4.12899E-02  4.43483E-01
  1.5375000000E+00  1.5416666667E+00  4.12006E-02  3.54205E-01
  1.5416666667E+00  1.5458333333E+00  4.11677E-02  3.33450E-01
  1.5458333333E+00  1.5500000000E+00  4.11753E-02  3.91625E-01
  1.5500000000E+00  1.5541666667E+00  4.11958E-02  3.58546E-01
  1.5541666667E+00  1.5583333333E+00  4.13643E-02  3.89710E-01
  1.5583333333E+00  1.5625000000E+00  4.12623E-02  3.20451E-01
  1.5625000000E+00  1.5666666667E+00  4.10687E-02  3.05086E-01
  1.5666666667E+00  1.5708333333E+00  4.12999E-02  3.66355E-01
  1.5708333333E+00  1.5750000000E+00  4.14328E-02  3.94347E-01
  1.5750000000E+00  1.5791666667E+00  4.14211E-02  3.34411E-01
  1.5791666667E+00  1.5833333333E+00  4.15956E-02  3.49449E-01
  1.5833333333E+00  1.5875000000E+00  4.12984E-02  2.74955E-01
  1.5875000000E+00  1.5916666667E+00  4.17617E-02  4.24717E-01
  1.5916666667E+00  1.5958333333E+00  4.17493E-02  3.95312E-01
  1.5958333333E+00  1.6000000000E+00  4.13618E-02  2.95658E-01
  1.6000000000E+00  1.6041666667E+00  4.17436E-02  3.98755E-01
  1.6041666667E+00  1.6083333333E+00  4.17918E-02  4.16807E-01
  1.6083333333E+00  1.6125000000E+00  4.15719E-02  3.46977E-01
  1.6125000000E+00  1.6166666667E+00  4.15702E-02  3.42382E-01
  1.6166666667E+00  1.6208333333E+00  4.16093E-02  3.39698E-01
  1.6208333333E+00  1.6250000000E+00  4.15036E-02  3.41342E-01
  1.6250000000E+00  1.6291666667E+00  4.16837E-02  3.57377E-01
  1.6291666667E+00  1.6333333333E+00  4.15554E-02  3.42186E-01
  1.6333333333E+00  1.6375000000E+00  4.15864E-02  3.42643E-01
  1.6375000000E+00  1.6416666667E+00  4.18801E-02  4.02338E-01
  1.6416666667E+00  1.6458333333E+00  4.17173E-02  4.09081E-01
  1.6458333333E+00  1.6500000000E+00  4.15997E-02  3.35560E-01
  1.6500000000E+00  1.6541666667E+00  4.18092E-02  4.16399E-01
  1.6541666667E+00  1.6583333333E+00  4.17749E-02  3.60809E-01
  1.6583333333E+00  1.6625000000E+00  4.17719E-02  3.80920E-01
  1.6625000000E+00  1.6666666667E+00  4.16491E-02  3.29237E-01
  1.6666666667E+00  1.6708333333E+00  4.18190E-02  3.50106E-01
  1.6708333333E+00  1.6750000000E+00  4.19702E-02  3.75893E-01
  1.6750000000E+00  1.6791666667E+00  4.21642E-02  4.36935E-01
  1.6791666667E+00  1.6833333333E+00  4.17916E-02  3.62831E-01
  1.6833333333E+00  1.6875000000E+00  4.18282E-02  3.43195E-01
  1.6875000000E+00  1.6916666667E+00  4.20633E-02  3.95290E-01
  1.6916666667E+00  1.6958333333E+00  4.21409E-02  3.97201E-01
  1.6958333333E+00  1.7000000000E+00  4.19485E-02  3.43097E-01
  1.7000000000E+00  1.7041666667E+00  4.20210E-02  3.82398E-01
  1.7041666667E+00  1.7083333333E+00  4.19741E-02  3.77339E-01
  1.7083333333E+00  1.7125000000E+00  4.24402E-02  4.53851E-01
  1.7125000000E+00  1.7166666667E+00  4.21163E-02  3.86684E-01
  1.7166666667E+00  1.7208333333E+00  4.19328E-02  3.70851E-01
  1.7208333333E+00  1.7250000000E+00  4.21820E-02  3.76492E-01
  1.7250000000E+00  1.7291666667E+00  4.21644E-02  3.64896E-01
  1.7291666667E+00  1.7333333333E+00  4.18247E-02  3.00116E-01
  1.7333333333E+00  1.7375000000E+00  4.20980E-02  3.60337E-01
  1.7375000000E+00  1.7416666667E+00  4.20317E-02  3.38767E-01
  1.7416666667E+00  1.7458333333E+00  4.22194E-02  3.79940E-01
  1.7458333333E+00  1.7500000000E+00  4.21771E-02  3.55167E-01
  1.7500000000E+00  1.7541666667E+00  4.21373E-02  4.25624E-01
  1.7541666667E+00  1.7583333333E+00  4.19941E-02  3.67537E-01
  1.7583333333E+00  1.7625000000E+00  4.19827E-02  3.39939E-01
  1.7625000000E+00  1.7666666667E+00  4.24951E-02  4.50699E-01
  1.7666666667E+00  1.7708333333E+00  4.24387E-02  4.39503E-01
  1.7708333333E+00  1.7750000000E+00  4.23098E-02  3.44132E-01
  1.7750000000E+00  1.7791666667E+00  4.20519E-02  2.97674E-01
  1.7791666667E+00  1.7833333333E+00  4.21641E-02  4.01567E-01
  1.7833333333E+00  1.7875000000E+00  4.22939E-02  3.86329E-01
  1.7875000000E+00  1.7916666667E+00  4.22803E-02  4.12103E-01
  1.7916666667E+00  1.7958333333E+00  4.20409E-02  3.14539E-01
  1.7958333333E+00  1.8000000000E+00  4.20711E-02  3.00986E-01
  1.8000000000E+00  1.8041666667E+00  4.20722E-02  3.11478E-01
  1.8041666667E+00  1.8083333333E+00  4.22729E-02  3.68705E-01
  1.8083333333E+00  1.8125000000E+00  4.24548E-02  3.73114E-01
  1.8125000000E+00  1.8166666667E+00  4.25361E-02  3.86899E-01
  1.8166666667E+00  1.8208333333E+00  4.27848E-02  4.57085E-01
  1.8208333333E+00  1.8250000000E+00  4.24536E-02  4.32391E-01
  1.8250000000E+00  1.8291666667E+00  4.23672E-02  3.61225E-01
  1.8291666667E+00  1.8333333333E+00  4.23239E-02  3.66181E-01
  1.8333333333E+00  1.8375000000E+00  4.23269E-02  3.41911E-01
  1.8375000000E+00  1.8416666667E+00  4.24348E-02  3.86187E-01
  1.8416666667E+00  1.8458333333E+00  4.23994E-02  3.68221E-01
  1.8458333333E+00  1.8500000000E+00  4.23627E-02  3.38301E-01
  1.8500000000E+00  1.8541666667E+00  4.23304E-02  3.47686E-01
  1.8541666667E+00  1.8583333333E+00  4.25926E-02  3.84893E-01
  1.8583333333E+00  1.8625000000E+00  4.23463E-02  3.13789E-01
  1.8625000000E+00  1.8666666667E+00  4.26530E-02  3.86755E-01
  1.8666666667E+00  1.8708333333E+00  4.27474E-02  4.89625E-01
  1.8708333333E+00  1.8750000000E+00  4.26862E-02  3.82745E-01
  1.8750000000E+00  1.8791666667E+00  4.27948E-02  4.42279E-01
  1.8791666667E+00  1.8833333333E+00  4.27040E-02  3.80309E-01
  1.8833333333E+00  1.8875000000E+00  4.25801E-02  3.97373E-01
  1.8875000000E+00  1.8916666667E+00  4.26474E-02  4.02618E-01
  1.8916666667E+00  1.8958333333E+00  4.26089E-02  3.46128E-01
  1.8958333333E+00  1.9000000000E+00  4.28837E-02  4.68182E-01
  1.9000000000E+00  1.9041666667E+00  4.25924E-02  3.09970E-01
  1.9041666667E+00  1.9083333333E+00  4.28522E-02  4.02923E-01
  1.9083333333E+00  1.9125000000E+00  4.25212E-02  3.18093E-01
  1.9125000000E+00  1.9166666667E+00  4.25195E-02  3.34758E-01
  1.9166666667E+00  1.9208333333E+00  4.26372E-02  3.57838E-01
  1.9208333333E+00  1.9250000000E+00  4.26225E-02  3.20592E-01
  1.9250000000E+00  1.9291666667E+00  4.28822E-02  3.79348E-01
  1.9291666667E+00  1.9333333333E+00  4.27205E-02  3.40424E-01
  1.9333333333E+00  1.9375000000E+00  4.27591E-02  3.59931E-01
  1.9375000000E+00  1.9416666667E+00  4.27459E-02  3.67051E-01
  1.9416666667E+00  1.9458333333E+00  4.29194E-02  3.72924E-01
  1.9458333333E+00  1.9500000000E+00  4.29512E-02  3.58205E-01
  1.9500000000E+00  1.9541666667E+00  4.27042E-02  3.19124E-01
  1.9541666667E+00  1.9583333333E+00  4.27095E-02  3.02635E-01
  1.9583333333E+00  1.9625000000E+00  4.31987E-02  4.03628E-01
  1.9625000000E+00  1.9666666667E+00  4.26716E-02  3.25558E-01
  1.9666666667E+00  1.9708333333E+00  4.27119E-02  3.49236E-01
  1.9708333333E+00  1.9750000000E+00  4.31029E-02  4.10909E-01
  1.9750000000E+00  1.9791666667E+00  4.29072E-02  3.42585E-01
  1.9791666667E+00  1.9833333333E+00  4.30637E-02  4.02658E-01
  1.9833333333E+00  1.9875000000E+00  4.29872E-02  3.31874E-01
  1.9875000000E+00  1.9916666667E+00  4.29703E-02  3.52121E-01
  1.9916666667E+00  1.9958333333E+00  4.29931E-02  3.48747E-01
  1.9958333333E+00  2.0000000000E+00  4.31050E-02  3.71881E-01
  2.0000000000E+00  2.0041666667E+00  4.31840E-02  4.31501E-01
  2.0041666667E+00  2.0083333333E+00  4.31417E-02  3.79322E-01
  2.0083333333E+00  2.0125000000E+00  4.28531E-02  3.35168E-01
  2.0125000000E+00  2.0166666667E+00  4.30269E-02  3.55663E-01
  2.0166666667E+00  2.0208333333E+00  4.33661E-02  3.79271E-01
  2.0208333333E+00  2.0250000000E+00  4.31007E-02  3.17355E-01
  2.0250000000E+00  2.0291666667E+00  4.32250E-02  3.78187E-01
  2.0291666667E+00  2.0333333333E+00  4.29388E-02  2.99438E-01
  2.0333333333E+00  2.0375000000E+00  4.31417E-02  3.87544E-01
  2.0375000000E+00  2.0416666667E+00  4.32744E-02  4.18283E-01
  2.0416666667E+00  2.0458333333E+00  4.30174E-02  3.19689E-01
  2.0458333333E+00  2.0500000000E+00  4.31581E-02  3.51560E-01
  2.0500000000E+00  2.0541666667E+00  4.34786E-02  4.57716E-01
  2.0541666667E+00  2.0583333333E+00  4.30758E-02  3.29769E-01
  2.0583333333E+00  2.0625000000E+00  4.30011E-02  3.06340E-01
  2.0625000000E+00  2.0666666667E+00  4.31373E-02  3.38520E-01
  2.0666666667E+00  2.0708333333E+00  4.31538E-02  3.20450E-01
  2.0708333333E+00  2.0750000000E+00  4.32550E-02  3.56073E-01
  2.0750000000E+00  2.0791666667E+00  4.31907E-02  3.20421E-01
  2.0791666667E+00  2.0833333333E+00  4.31381E-02  3.24880E-01
  2.0833333333E+00  2.0875000000E+00  4.33574E-02  3.73473E-01
  2.0875000000E+00  2.0916666667E+00  4.34250E-02  3.73549E-01
  2.0916666667E+00  2.0958333333E+00  4.31755E-02  3.03431E-01
  2.0958333333E+00  2.1000000000E+00  4.32797E-02  3.37961E-01
  2.1000000000E+00  2.1041666667E+00  4.31752E-02  2.89752E-01
  2.1041666667E+00  2.1083333333E+00  4.34739E-02  4.05647E-01
  2.1083333333E+00  2.1125000000E+00  4.33385E-02  3.29809E-01
  2.1125000000E+00  2.1166666667E+00  4.34875E-02  3.77097E-01
  2.1166666667E+00  2.1208333333E+00  4.37228E-02  4.22595E-01
  2.1208333333E+00  2.1250000000E+00  4.34439E-02  3.15792E-01
  2.1250000000E+00  2.1291666667E+00  4.35959E-02  3.90060E-01
  2.1291666667E+00  2.1333333333E+00  4.34072E-02  3.27589E-01
  2.1333333333E+00  2.1375000000E+00  4.35457E-02  3.60297E-01
  2.1375000000E+00  2.1416666667E+00  4.35595E-02  3.17013E-01
  2.1416666667E+00  2.1458333333E+00  4.38682E-02  3.87608E-01
  2.1458333333E+00  2.1500000000E+00  4.37984E-02  3.62279E-01
  2.1500000000E+00  2.1541666667E+00  4.34614E-02  2.69888E-01
  2.1541666667E+00  2.1583333333E+00  4.39517E-02  3.90890E-01
  2.1583333333E+00  2.1625000000E+00  4.38844E-02  3.66202E-01
  2.1625000000E+00  2.1666666667E+00  4.40150E-02  3.93916E-01
  2.1666666667E+00  2.1708333333E+00  4.37972E-02  3.40746E-01
  2.1708333333E+00  2.1750000000E+00  4.40370E-02  4.06085E-01
  2.1750000000E+00  2.1791666667E+00  4.37699E-02  3.21991E-01
  2.1791666667E+00  2.1833333333E+00  4.37151E-02  2.86795E-01
  2.1833333333E+00  2.1875000000E+00  4.41326E-02  3.58825E-01
  2.1875000000E+00  2.1916666667E+00  4.42830E-02  4.07231E-01
  2.1916666667E+00  2.1958333333E+00  4.39157E-02  3.66540E-01
  2.1958333333E+00  2.2000000000E+00  4.37341E-02  2.88227E-01
  2.2000000000E+00  2.2041666667E+00  4.40751E-02  3.63856E-01
  2.2041666667E+00  2.2083333333E+00  4.41662E-02  3.44385E-01
  2.2083333333E+00  2.2125000000E+00  4.40925E-02  3.34234E-01
  2.2125000000E+00  2.2166666667E+00  4.40243E-02  3.08859E-01
  2.2166666667E+00  2.2208333333E+00  4.41211E-02  3.10264E-01
  2.2208333333E+00  2.2250000000E+00  4.42324E-02  3.35028E-01
  2.2250000000E+00  2.2291666667E+00  4.42128E-02  3.36921E-01
  2.2291666667E+00  2.2333333333E+00  4.41617E-02  3.06995E-01
  2.2333333333E+00  2.2375000000E+00  4.43530E-02  3.50394E-01
  2.2375000000E+00  2.2416666667E+00  4.44321E-02  3.89620E-01
  2.2416666667E+00  2.2458333333E+00  4.41967E-02  3.17345E-01
  2.2458333333E+00  2.2500000000E+00  4.43942E-02  4.01528E-01
  2.2500000000E+00  2.2541666667E+00  4.43608E-02  3.42220E-01
  2.2541666667E+00  2.2583333333E+00  4.43254E-02  2.78203E-01
  2.2583333333E+00  2.2625000000E+00  4.49983E-02  4.49433E-01
  2.2625000000E+00  2.2666666667E+00  4.48229E-02  4.64578E-01
  2.2666666667E+00  2.2708333333E+00  4.45461E-02  3.85899E-01
  2.2708333333E+00  2.2750000000E+00  4.45709E-02  3.82861E-01
  2.2750000000E+00  2.2791666667E+00  4.44278E-02  3.85923E-01
  2.2791666667E+00  2.2833333333E+00  4.43549E-02  3.66420E-01
  2.2833333333E+00  2.2875000000E+00  4.44565E-02  3.29053E-01
  2.2875000000E+00  2.2916666667E+00  4.45055E-02  3.24471E-01
  2.2916666667E+00  2.2958333333E+00  4.45908E-02  3.48294E-01
  2.2958333333E+00  2.3000000000E+00  4.45596E-02  3.77933E-01
  2.3000000000E+00  2.3041666667E+00  4.45876E-02  3.46824E-01
  2.3041666667E+00  2.3083333333E+00  4.45337E-02  3.30079E-01
  2.3083333333E+00  2.3125000000E+00  4.44219E-02  3.01543E-01
  2.3125000000E+00  2.3166666667E+00  4.45771E-02  3.05809E-01
  2.3166666667E+00  2.3208333333E+00  4.46762E-02  3.55627E-01
  2.3208333333E+00  2.3250000000E+00  4.48991E-02  3.90272E-01
  2.3250000000E+00  2.3291666667E+00  4.48322E-02  3.50970E-01
  2.3291666667E+00  2.3333333333E+00  4.49318E-02  3.61881E-01
  2.3333333333E+00  2.3375000000E+00  4.49926E-02  3.78460E-01
  2.3375000000E+00  2.3416666667E+00  4.48353E-02  3.56415E-01
  2.3416666667E+00  2.3458333333E+00  4.46331E-02  3.36824E-01
  2.3458333333E+00  2.3500000000E+00  4.46584E-02  3.39940E-01
  2.3500000000E+00  2.3541666667E+00  4.49771E-02  4.23306E-01
  2.3541666667E+00  2.3583333333E+00  4.48641E-02  3.47529E-01
  2.3583333333E+00  2.3625000000E+00  4.49593E-02  4.10829E-01
  2.3625000000E+00  2.3666666667E+00  4.49897E-02  3.63953E-01
  2.3666666667E+00  2.3708333333E+00  4.48340E-02  3.34280E-01
  2.3708333333E+00  2.3750000000E+00  4.49500E-02  3.37825E-01
  2.3750000000E+00  2.3791666667E+00  4.49529E-02  3.51567E-01
  2.3791666667E+00  2.3833333333E+00  4.49670E-02  3.27412E-01
  2.3833333333E+00  2.3875000000E+00  4.49871E-02  3.61773E-01
  2.3875000000E+00  2.3916666667E+00  4.52183E-02  4.27566E-01
  2.3916666667E+00  2.3958333333E+00  4.51599E-02  4.01764E-01
  2.3958333333E+00  2.4000000000E+00  4.49801E-02  3.33625E-01
  2.4000000000E+00  2.4041666667E+00  4.49722E-02  3.22326E-01
  2.4041666667E+00  2.4083333333E+00  4.52923E-02  4.18057E-01
  2.4083333333E+00  2.4125000000E+00  4.51831E-02  4.04984E-01
  2.4125000000E+00  2.4166666667E+00  4.49327E-02  2.75728E-01
  2.4166666667E+00  2.4208333333E+00  4.51982E-02  3.62476E-01
  2.4208333333E+00  2.4250000000E+00  4.51142E-02  3.08091E-01
  2.4250000000E+00  2.4291666667E+00  4.54552E-02  3.87934E-01
  2.4291666667E+00  2.4333333333E+00  4.50390E-02  3.04731E-01
  2.4333333333E+00  2.4375000000E+00  4.54083E-02  3.72004E-01
  2.4375000000E+00  2.4416666667E+00  4.54854E-02  3.90744E-01
  2.4416666667E+00  2.4458333333E+00  4.52963E-02  3.49039E-01
  2.4458333333E+00  2.4500000000E+00  4.53464E-02  3.41874E-01
  2.4500000000E+00  2.4541666667E+00  4.53956E-02  3.70524E-01
  2.4541666667E+00  2.4583333333E+00  4.54555E-02  3.74505E-01
  2.4583333333E+00  2.4625000000E+00  4.52839E-02  3.28702E-01
  2.4625000000E+00  2.4666666667E+00  4.54226E-02  3.60929E-01
  2.4666666667E+00  2.4708333333E+00  4.53660E-02  3.10356E-01
  2.4708333333E+00  2.4750000000E+00  4.56044E-02  4.00564E-01
  2.4750000000E+00  2.4791666667E+00  4.53561E-02  3.30624E-01
  2.4791666667E+00  2.4833333333E+00  4.53731E-02  3.62256E-01
  2.4833333333E+00  2.4875000000E+00  4.52797E-02  3.10727E-01
  2.4875000000E+00  2.4916666667E+00  4.55102E-02  3.37559E-01
  2.4916666667E+00  2.4958333333E+00  4.54630E-02  3.46821E-01
  2.4958333333E+00  2.5000000000E+00  4.53972E-02  3.14964E-01
  2.5000000000E+00  2.5041666667E+00  4.54983E-02  3.43673E-01
  2.5041666667E+00  2.5083333333E+00  4.56070E-02  3.53776E-01
  2.5083333333E+00  2.5125000000E+00  4.55858E-02  3.90733E-01
  2.5125000000E+00  2.5166666667E+00  4.56223E-02  3.38201E-01
  2.5166666667E+00  2.5208333333E+00  4.57714E-02  3.55574E-01
  2.5208333333E+00  2.5250000000E+00  4.56002E-02  3.36369E-01
  2.5250000000E+00  2.5291666667E+00  4.55542E-02  3.38770E-01
  2.5291666667E+00  2.5333333333E+00  4.56628E-02  3.49504E-01
  2.5333333333E+00  2.5375000000E+00  4.57689E-02  3.32548E-01
  2.5375000000E+00  2.5416666667E+00  4.58203E-02  3.58094E-01
  2.5416666667E+00  2.5458333333E+00  4.58947E-02  3.50030E-01
  2.5458333333E+00  2.5500000000E+00  4.55472E-02  2.97676E-01
  2.5500000000E+00  2.5541666667E+00  4.58982E-02  4.22989E-01
  2.5541666667E+00  2.5583333333E+00  4.58094E-02  3.45134E-01
  2.5583333333E+00  2.5625000000E+00  4.59432E-02  3.47534E-01
  2.5625000000E+00  2.5666666667E+00  4.57963E-02  3.47989E-01
  2.5666666667E+00  2.5708333333E+00  4.59257E-02  3.55182E-01
  2.5708333333E+00  2.5750000000E+00  4.61687E-02  3.80256E-01
  2.5750000000E+00  2.5791666667E+00  4.58928E-02  3.22458E-01
  2.5791666667E+00  2.5833333333E+00  4.57777E-02  3.00451E-01
  2.5833333333E+00  2.5875000000E+00  4.58013E-02  3.00282E-01
  2.5875000000E+00  2.5916666667E+00  4.61405E-02  3.68404E-01
  2.5916666667E+00  2.5958333333E+00  4.61450E-02  3.53399E-01
  2.5958333333E+00  2.6000000000E+00  4.60540E-02  3.30716E-01
  2.6000000000E+00  2.6041666667E+00  4.60813E-02  3.58074E-01
  2.6041666667E+00  2.6083333333E+00  4.62966E-02  3.54817E-01
  2.6083333333E+00  2.6125000000E+00  4.60579E-02  3.17877E-01
  2.6125000000E+00  2.6166666667E+00  4.60892E-02  3.00612E-01
  2.6166666667E+00  2.6208333333E+00  4.59806E-02  3.11398E-01
  2.6208333333E+00  2.6250000000E+00  4.60144E-02  2.89587E-01
  2.6250000000E+00  2.6291666667E+00  4.59136E-02  2.77421E-01
  2.6291666667E+00  2.6333333333E+00  4.64038E-02  3.71660E-01
  2.6333333333E+00  2.6375000000E+00  4.63118E-02  3.17431E-01
  2.6375000000E+00  2.6416666667E+00  4.63612E-02  3.20766E-01
  2.6416666667E+00  2.6458333333E+00  4.65385E-02  3.69162E-01
  2.6458333333E+00  2.6500000000E+00  4.63867E-02  3.61657E-01
  2.6500000000E+00  2.6541666667E+00  4.65153E-02  3.70119E-01
  2.6541666667E+00  2.6583333333E+00  4.61795E-02  2.73820E-01
  2.6583333333E+00  2.6625000000E+00  4.64753E-02  3.56522E-01
  2.6625000000E+00  2.6666666667E+00  4.62047E-02  2.79020E-01
  2.6666666667E+00  2.6708333333E+00  4.64420E-02  3.33111E-01
  2.6708333333E+00  2.6750000000E+00  4.64889E-02  3.29318E-01
  2.6750000000E+00  2.6791666667E+00  4.65496E-02  3.50435E-01
  2.6791666667E+00  2.6833333333E+00  4.65457E-02  3.48463E-01
  2.6833333333E+00  2.6875000000E+00  4.64542E-02  2.91754E-01
  2.6875000000E+00  2.6916666667E+00  4.69999E-02  3.92486E-01
  2.6916666667E+00  2.6958333333E+00  4.67568E-02  3.15172E-01
  2.6958333333E+00  2.7000000000E+00  4.68480E-02  3.47889E-01
  2.7000000000E+00  2.7041666667E+00  4.65151E-02  2.76581E-01
  2.7041666667E+00  2.7083333333E+00  4.66987E-02  3.06781E-01
  2.7083333333E+00  2.7125000000E+00  4.68507E-02  3.29152E-01
  2.7125000000E+00  2.7166666667E+00  4.67627E-02  3.31662E-01
  2.7166666667E+00  2.7208333333E+00  4.67918E-02  3.47042E-01
  2.7208333333E+00  2.7250000000E+00  4.69017E-02  3.55947E-01
  2.7250000000E+00  2.7291666667E+00  4.68884E-02  3.30599E-01
  2.7291666667E+00  2.7333333333E+00  4.67966E-02  3.13122E-01
  2.7333333333E+00  2.7375000000E+00  4.70713E-02  3.74607E-01
  2.7375000000E+00  2.7416666667E+00  4.69475E-02  3.52588E-01
  2.7416666667E+00  2.7458333333E+00  4.69111E-02  3.31124E-01
  2.7458333333E+00  2.7500000000E+00  4.71095E-02  3.68661E-01
  2.7500000000E+00  2.7541666667E+00  4.68251E-02  2.87733E-01
  2.7541666667E+00  2.7583333333E+00  4.70907E-02  3.82566E-01
  2.7583333333E+00  2.7625000000E+00  4.70701E-02  3.66250E-01
  2.7625000000E+00  2.7666666667E+00  4.71156E-02  3.48187E-01
  2.7666666667E+00  2.7708333333E+00  4.68019E-02  2.77470E-01
  2.7708333333E+00  2.7750000000E+00  4.73443E-02  3.80707E-01
  2.7750000000E+00  2.7791666667E+00  4.70299E-02  3.52837E-01
  2.7791666667E+00  2.7833333333E+00  4.72989E-02  3.76605E-01
  2.7833333333E+00  2.7875000000E+00  4.69970E-02  2.79385E-01
  2.7875000000E+00  2.7916666667E+00  4.73110E-02  3.59918E-01
  2.7916666667E+00  2.7958333333E+00  4.73212E-02  3.66549E-01
  2.7958333333E+00  2.8000000000E+00  4.72120E-02  2.98949E-01
  2.8000000000E+00  2.8041666667E+00  4.72270E-02  3.00759E-01
  2.8041666667E+00  2.8083333333E+00  4.70808E-02  2.69785E-01
  2.8083333333E+00  2.8125000000E+00  4.72324E-02  3.17678E-01
  2.8125000000E+00  2.8166666667E+00  4.72142E-02  3.05354E-01
  2.8166666667E+00  2.8208333333E+00  4.73662E-02  3.35195E-01
  2.8208333333E+00  2.8250000000E+00  4.73149E-02  3.06181E-01
  2.8250000000E+00  2.8291666667E+00  4.74640E-02  3.29514E-01
  2.8291666667E+00  2.8333333333E+00  4.78212E-02  3.73903E-01
  2.8333333333E+00  2.8375000000E+00  4.76841E-02  3.09971E-01
  2.8375000000E+00  2.8416666667E+00  4.76800E-02  3.33400E-01
  2.8416666667E+00  2.8458333333E+00  4.75967E-02  3.39933E-01
  2.8458333333E+00  2.8500000000E+00  4.77079E-02  3.69509E-01
  2.8500000000E+00  2.8541666667E+00  4.78845E-02  3.92955E-01
  2.8541666667E+00  2.8583333333E+00  4.76439E-02  3.20110E-01
  2.8583333333E+00  2.8625000000E+00  4.76621E-02  3.39584E-01
  2.8625000000E+00  2.8666666667E+00  4.78490E-02  3.91178E-01
  2.8666666667E+00  2.8708333333E+00  4.80330E-02  3.81570E-01
  2.8708333333E+00  2.8750000000E+00  4.78640E-02  3.55771E-01
  2.8750000000E+00  2.8791666667E+00  4.80288E-02  3.73044E-01
  2.8791666667E+00  2.8833333333E+00  4.78018E-02  3.41036E-01
  2.8833333333E+00  2.8875000000E+00  4.77580E-02  2.96179E-01
  2.8875000000E+00  2.8916666667E+00  4.78698E-02  3.51466E-01
  2.8916666667E+00  2.8958333333E+00  4.77873E-02  2.99965E-01
  2.8958333333E+00  2.9000000000E+00  4.79921E-02  3.48235E-01
  2.9000000000E+00  2.9041666667E+00  4.80276E-02  3.41575E-01
  2.9041666667E+00  2.9083333333E+00  4.76378E-02  2.53697E-01
  2.9083333333E+00  2.9125000000E+00  4.78267E-02  3.26316E-01
  2.9125000000E+00  2.9166666667E+00  4.79438E-02  3.32735E-01
  2.9166666667E+00  2.9208333333E+00  4.78488E-02  2.92250E-01
  2.9208333333E+00  2.9250000000E+00  4.81107E-02  3.50398E-01
  2.9250000000E+00  2.9291666667E+00  4.80081E-02  3.33118E-01
  2.9291666667E+00  2.9333333333E+00  4.82432E-02  4.19548E-01
  2.9333333333E+00  2.9375000000E+00  4.82527E-02  3.66417E-01
  2.9375000000E+00  2.9416666667E+00  4.81842E-02  3.49671E-01
  2.9416666667E+00  2.9458333333E+00  4.80332E-02  3.14450E-01
  2.9458333333E+00  2.9500000000E+00  4.82095E-02  3.29058E-01
  2.9500000000E+00  2.9541666667E+00  4.83120E-02  3.39462E-01
  2.9541666667E+00  2.9583333333E+00  4.81423E-02  3.16501E-01
  2.9583333333E+00  2.9625000000E+00  4.82182E-02  2.91169E-01
  2.9625000000E+00  2.9666666667E+00  4.86000E-02  4.03116E-01
  2.9666666667E+00  2.9708333333E+00  4.84166E-02  3.17329E-01
  2.9708333333E+00  2.9750000000E+00  4.83602E-02  3.18838E-01
  2.9750000000E+00  2.9791666667E+00  4.83860E-02  3.38297E-01
  2.9791666667E+00  2.9833333333E+00  4.87730E-02  3.77720E-01
  2.9833333333E+00  2.9875000000E+00  4.84498E-02  3.16501E-01
  2.9875000000E+00  2.9916666667E+00  4.81682E-02  2.79488E-01
  2.9916666667E+00  2.9958333333E+00  4.86209E-02  4.04651E-01
  2.9958333333E+00  3.0000000000E+00  4.83871E-02  2.86727E-01
  3.0000000000E+00  3.0041666667E+00  4.84635E-02  2.96417E-01
  3.0041666667E+00  3.0083333333E+00  4.86702E-02  3.56999E-01
  3.0083333333E+00  3.0125000000E+00  4.83993E-02  2.75001E-01
  3.0125000000E+00  3.0166666667E+00  4.84126E-02  2.74925E-01
  3.0166666667E+00  3.0208333333E+00  4.85632E-02  3.12449E-01
  3.0208333333E+00  3.0250000000E+00  4.86774E-02  3.14736E-01
  3.0250000000E+00  3.0291666667E+00  4.86612E-02  3.30850E-01
  3.0291666667E+00  3.0333333333E+00  4.88410E-02  3.45531E-01
  3.0333333333E+00  3.0375000000E+00  4.87801E-02  3.13452E-01
  3.0375000000E+00  3.0416666667E+00  4.87282E-02  3.10490E-01
  3.0416666667E+00  3.0458333333E+00  4.87100E-02  3.19304E-01
  3.0458333333E+00  3.0500000000E+00  4.89136E-02  3.92542E-01
  3.0500000000E+00  3.0541666667E+00  4.85877E-02  2.65079E-01
  3.0541666667E+00  3.0583333333E+00  4.87590E-02  3.14775E-01
  3.0583333333E+00  3.0625000000E+00  4.89832E-02  3.61925E-01
  3.0625000000E+00  3.0666666667E+00  4.86115E-02  2.46793E-01
  3.0666666667E+00  3.0708333333E+00  4.89298E-02  3.32893E-01
  3.0708333333E+00  3.0750000000E+00  4.90330E-02  3.45633E-01
  3.0750000000E+00  3.0791666667E+00  4.91391E-02  3.34348E-01
  3.0791666667E+00  3.0833333333E+00  4.92102E-02  3.37040E-01
  3.0833333333E+00  3.0875000000E+00  4.89106E-02  2.79737E-01
  3.0875000000E+00  3.0916666667E+00  4.90004E-02  2.97072E-01
  3.0916666667E+00  3.0958333333E+00  4.93315E-02  3.63546E-01
  3.0958333333E+00  3.1000000000E+00  4.94214E-02  3.48089E-01
  3.1000000000E+00  3.1041666667E+00  4.94707E-02  3.79445E-01
  3.1041666667E+00  3.1083333333E+00  4.93823E-02  3.41249E-01
  3.1083333333E+00  3.1125000000E+00  4.90428E-02  2.67369E-01
  3.1125000000E+00  3.1166666667E+00  4.94790E-02  3.41911E-01
  3.1166666667E+00  3.1208333333E+00  4.92426E-02  2.92963E-01
  3.1208333333E+00  3.1250000000E+00  4.93801E-02  3.24435E-01
  3.1250000000E+00  3.1291666667E+00  4.96546E-02  3.73552E-01
  3.1291666667E+00  3.1333333333E+00  4.93548E-02  2.94718E-01
  3.1333333333E+00  3.1375000000E+00  4.98142E-02  4.16804E-01
  3.1375000000E+00  3.1416666667E+00  4.96174E-02  3.30343E-01
  3.1416666667E+00  3.1458333333E+00  4.94174E-02  3.06570E-01
  3.1458333333E+00  3.1500000000E+00  4.97321E-02  3.26590E-01
  3.1500000000E+00  3.1541666667E+00  4.98506E-02  3.70979E-01
  3.1541666667E+00  3.1583333333E+00  4.99825E-02  3.68363E-01
  3.1583333333E+00  3.1625000000E+00  4.96335E-02  2.96790E-01
  3.1625000000E+00  3.1666666667E+00  4.98544E-02  3.44066E-01
  3.1666666667E+00  3.1708333333E+00  4.97317E-02  3.22054E-01
  3.1708333333E+00  3.1750000000E+00  4.98777E-02  3.23802E-01
  3.1750000000E+00  3.1791666667E+00  4.98436E-02  3.26665E-01
  3.1791666667E+00  3.1833333333E+00  5.00180E-02  3.30461E-01
  3.1833333333E+00  3.1875000000E+00  4.99697E-02  3.36142E-01
  3.1875000000E+00  3.1916666667E+00  5.03318E-02  4.26935E-01
  3.1916666667E+00  3.1958333333E+00  5.01644E-02  3.68796E-01
  3.1958333333E+00  3.2000000000E+00  4.99684E-02  3.10331E-01
  3.2000000000E+00  3.2041666667E+00  4.99258E-02  3.05642E-01
  3.2041666667E+00  3.2083333333E+00  5.02927E-02  3.60491E-01
  3.2083333333E+00  3.2125000000E+00  5.02560E-02  3.82083E-01
  3.2125000000E+00  3.2166666667E+00  5.01548E-02  3.51411E-01
  3.2166666667E+00  3.2208333333E+00  5.03688E-02  3.71015E-01
  3.2208333333E+00  3.2250000000E+00  5.03018E-02  3.22163E-01
  3.2250000000E+00  3.2291666667E+00  5.02711E-02  3.26626E-01
  3.2291666667E+00  3.2333333333E+00  5.00881E-02  2.93212E-01
  3.2333333333E+00  3.2375000000E+00  5.03658E-02  3.76639E-01
  3.2375000000E+00  3.2416666667E+00  5.04838E-02  3.84058E-01
  3.2416666667E+00  3.2458333333E+00  5.04414E-02  3.39080E-01
  3.2458333333E+00  3.2500000000E+00  5.03314E-02  3.19083E-01
  3.2500000000E+00  3.2541666667E+00  5.05809E-02  3.85356E-01
  3.2541666667E+00  3.2583333333E+00  5.03616E-02  3.33657E-01
  3.2583333333E+00  3.2625000000E+00  5.00363E-02  2.62648E-01
  3.2625000000E+00  3.2666666667E+00  5.02647E-02  3.00039E-01
  3.2666666667E+00  3.2708333333E+00  5.04905E-02  3.43174E-01
  3.2708333333E+00  3.2750000000E+00  5.03069E-02  3.08938E-01
  3.2750000000E+00  3.2791666667E+00  5.03216E-02  2.77010E-01
  3.2791666667E+00  3.2833333333E+00  5.05407E-02  3.20626E-01
  3.2833333333E+00  3.2875000000E+00  5.05408E-02  3.27632E-01
  3.2875000000E+00  3.2916666667E+00  5.08383E-02  3.41473E-01
  3.2916666667E+00  3.2958333333E+00  5.09439E-02  3.64971E-01
  3.2958333333E+00  3.3000000000E+00  5.10185E-02  3.49608E-01
  3.3000000000E+00  3.3041666667E+00  5.08822E-02  3.29429E-01
  3.3041666667E+00  3.3083333333E+00  5.09869E-02  3.63757E-01
  3.3083333333E+00  3.3125000000E+00  5.07465E-02  3.00853E-01
  3.3125000000E+00  3.3166666667E+00  5.10363E-02  3.62854E-01
  3.3166666667E+00  3.3208333333E+00  5.08542E-02  3.16831E-01
  3.3208333333E+00  3.3250000000E+00  5.08091E-02  3.03405E-01
  3.3250000000E+00  3.3291666667E+00  5.07799E-02  2.77601E-01
  3.3291666667E+00  3.3333333333E+00  5.11861E-02  3.79629E-01
  3.3333333333E+00  3.3375000000E+00  5.10424E-02  3.27418E-01
  3.3375000000E+00  3.3416666667E+00  5.13260E-02  3.94556E-01
  3.3416666667E+00  3.3458333333E+00  5.12724E-02  3.56703E-01
  3.3458333333E+00  3.3500000000E+00  5.09401E-02  3.06604E-01
  3.3500000000E+00  3.3541666667E+00  5.11541E-02  3.24662E-01
  3.3541666667E+00  3.3583333333E+00  5.09809E-02  2.97890E-01
  3.3583333333E+00  3.3625000000E+00  5.09090E-02  2.72953E-01
  3.3625000000E+00  3.3666666667E+00  5.13241E-02  3.53065E-01
  3.3666666667E+00  3.3708333333E+00  5.11692E-02  3.09941E-01
  3.3708333333E+00  3.3750000000E+00  5.17014E-02  3.83467E-01
  3.3750000000E+00  3.3791666667E+00  5.13822E-02  3.45061E-01
  3.3791666667E+00  3.3833333333E+00  5.14469E-02  3.40474E-01
  3.3833333333E+00  3.3875000000E+00  5.13362E-02  3.02438E-01
  3.3875000000E+00  3.3916666667E+00  5.13712E-02  3.14977E-01
  3.3916666667E+00  3.3958333333E+00  5.14763E-02  3.25166E-01
  3.3958333333E+00  3.4000000000E+00  5.15294E-02  3.30762E-01
  3.4000000000E+00  3.4041666667E+00  5.15309E-02  3.31530E-01
  3.4041666667E+00  3.4083333333E+00  5.16248E-02  3.28530E-01
  3.4083333333E+00  3.4125000000E+00  5.13918E-02  2.88612E-01
  3.4125000000E+00  3.4166666667E+00  5.18468E-02  3.69176E-01
  3.4166666667E+00  3.4208333333E+00  5.20300E-02  3.57700E-01
  3.4208333333E+00  3.4250000000E+00  5.15420E-02  2.75683E-01
  3.4250000000E+00  3.4291666667E+00  5.17635E-02  3.29165E-01
  3.4291666667E+00  3.4333333333E+00  5.16059E-02  2.98530E-01
  3.4333333333E+00  3.4375000000E+00  5.17331E-02  3.04662E-01
  3.4375000000E+00  3.4416666667E+00  5.19055E-02  3.57535E-01
  3.4416666667E+00  3.4458333333E+00  5.17714E-02  3.04706E-01
  3.4458333333E+00  3.4500000000E+00  5.18231E-02  3.04367E-01
  3.4500000000E+00  3.4541666667E+00  5.19065E-02  3.12700E-01
  3.4541666667E+00  3.4583333333E+00  5.21377E-02  3.77030E-01
  3.4583333333E+00  3.4625000000E+00  5.19624E-02  3.16864E-01
  3.4625000000E+00  3.4666666667E+00  5.18360E-02  2.89000E-01
  3.4666666667E+00  3.4708333333E+00  5.21052E-02  3.28795E-01
  3.4708333333E+00  3.4750000000E+00  5.21594E-02  3.48929E-01
  3.4750000000E+00  3.4791666667E+00  5.23195E-02  3.33918E-01
  3.4791666667E+00  3.4833333333E+00  5.24288E-02  3.46132E-01
  3.4833333333E+00  3.4875000000E+00  5.23134E-02  3.38970E-01
  3.4875000000E+00  3.4916666667E+00  5.22653E-02  3.16699E-01
  3.4916666667E+00  3.4958333333E+00  5.23765E-02  3.31273E-01
  3.4958333333E+00  3.5000000000E+00  5.24828E-02  3.28192E-01
  3.5000000000E+00  3.5041666667E+00  5.24154E-02  3.13257E-01
  3.5041666667E+00  3.5083333333E+00  5.26504E-02  3.72817E-01
  3.5083333333E+00  3.5125000000E+00  5.22264E-02  2.77157E-01
  3.5125000000E+00  3.5166666667E+00  5.26118E-02  3.37855E-01
  3.5166666667E+00  3.5208333333E+00  5.27681E-02  3.70548E-01
  3.5208333333E+00  3.5250000000E+00  5.22621E-02  2.62518E-01
  3.5250000000E+00  3.5291666667E+00  5.27196E-02  3.18574E-01
  3.5291666667E+00  3.5333333333E+00  5.25402E-02  3.06171E-01
  3.5333333333E+00  3.5375000000E+00  5.24442E-02  2.71502E-01
  3.5375000000E+00  3.5416666667E+00  5.26607E-02  3.23598E-01
  3.5416666667E+00  3.5458333333E+00  5.25277E-02  2.74952E-01
  3.5458333333E+00  3.5500000000E+00  5.28253E-02  3.23096E-01
  3.5500000000E+00  3.5541666667E+00  5.27135E-02  2.92322E-01
  3.5541666667E+00  3.5583333333E+00  5.27760E-02  3.05941E-01
  3.5583333333E+00  3.5625000000E+00  5.30532E-02  3.24847E-01
  3.5625000000E+00  3.5666666667E+00  5.30375E-02  3.29285E-01
  3.5666666667E+00  3.5708333333E+00  5.32261E-02  3.86360E-01
  3.5708333333E+00  3.5750000000E+00  5.28523E-02  3.02669E-01
  3.5750000000E+00  3.5791666667E+00  5.29623E-02  3.07719E-01
  3.5791666667E+00  3.5833333333E+00  5.29703E-02  2.95654E-01
  3.5833333333E+00  3.5875000000E+00  5.29675E-02  3.13958E-01
  3.5875000000E+00  3.5916666667E+00  5.29534E-02  2.81087E-01
  3.5916666667E+00  3.5958333333E+00  5.29319E-02  2.69174E-01
  3.5958333333E+00  3.6000000000E+00  5.32432E-02  3.12857E-01
  3.6000000000E+00  3.6041666667E+00  5.34733E-02  3.39667E-01
  3.6041666667E+00  3.6083333333E+00  5.33622E-02  3.25466E-01
  3.6083333333E+00  3.6125000000E+00  5.32867E-02  2.98050E-01
  3.6125000000E+00  3.6166666667E+00  5.33635E-02  3.15693E-01
  3.6166666667E+00  3.6208333333E+00  5.32485E-02  2.78673E-01
  3.6208333333E+00  3.6250000000E+00  5.33178E-02  2.82224E-01
  3.6250000000E+00  3.6291666667E+00  5.34446E-02  2.83480E-01
  3.6291666667E+00  3.6333333333E+00  5.35564E-02  2.93965E-01
  3.6333333333E+00  3.6375000000E+00  5.35171E-02  2.99579E-01
  3.6375000000E+00  3.6416666667E+00  5.38325E-02  3.38979E-01
  3.6416666667E+00  3.6458333333E+00  5.37049E-02  3.18644E-01
  3.6458333333E+00  3.6500000000E+00  5.34478E-02  2.61129E-01
  3.6500000000E+00  3.6541666667E+00  5.35135E-02  2.80050E-01
  3.6541666667E+00  3.6583333333E+00  5.37236E-02  3.03306E-01
  3.6583333333E+00  3.6625000000E+00  5.37032E-02  2.85851E-01
  3.6625000000E+00  3.6666666667E+00  5.41820E-02  3.64097E-01
  3.6666666667E+00  3.6708333333E+00  5.40326E-02  3.18773E-01
  3.6708333333E+00  3.6750000000E+00  5.40764E-02  3.35937E-01
  3.6750000000E+00  3.6791666667E+00  5.39051E-02  2.85804E-01
  3.6791666667E+00  3.6833333333E+00  5.41065E-02  3.18007E-01
  3.6833333333E+00  3.6875000000E+00  5.43316E-02  3.62522E-01
  3.6875000000E+00  3.6916666667E+00  5.40589E-02  2.87780E-01
  3.6916666667E+00  3.6958333333E+00  5.44460E-02  3.56489E-01
  3.6958333333E+00  3.7000000000E+00  5.43249E-02  3.18362E-01
  3.7000000000E+00  3.7041666667E+00  5.45307E-02  3.67529E-01
  3.7041666667E+00  3.7083333333E+00  5.44871E-02  3.38155E-01
  3.7083333333E+00  3.7125000000E+00  5.42662E-02  2.85541E-01
  3.7125000000E+00  3.7166666667E+00  5.45466E-02  3.29231E-01
  3.7166666667E+00  3.7208333333E+00  5.43624E-02  2.94695E-01
  3.7208333333E+00  3.7250000000E+00  5.46424E-02  3.33258E-01
  3.7250000000E+00  3.7291666667E+00  5.44965E-02  2.94444E-01
  3.7291666667E+00  3.7333333333E+00  5.45189E-02  2.90957E-01
  3.7333333333E+00  3.7375000000E+00  5.45405E-02  2.97214E-01
  3.7375000000E+00  3.7416666667E+00  5.44672E-02  2.83174E-01
  3.7416666667E+00  3.7458333333E+00  5.47135E-02  3.41656E-01
  3.7458333333E+00  3.7500000000E+00  5.48205E-02  3.26059E-01
  3.7500000000E+00  3.7541666667E+00  5.47745E-02  2.92381E-01
  3.7541666667E+00  3.7583333333E+00  5.50301E-02  3.29037E-01
  3.7583333333E+00  3.7625000000E+00  5.47313E-02  2.76840E-01
  3.7625000000E+00  3.7666666667E+00  5.48859E-02  3.01730E-01
  3.7666666667E+00  3.7708333333E+00  5.50092E-02  3.00291E-01
  3.7708333333E+00  3.7750000000E+00  5.51454E-02  3.15323E-01
  3.7750000000E+00  3.7791666667E+00  5.51224E-02  2.86382E-01
  3.7791666667E+00  3.7833333333E+00  5.51715E-02  2.91295E-01
  3.7833333333E+00  3.7875000000E+00  5.54450E-02  3.17107E-01
  3.7875000000E+00  3.7916666667E+00  5.55265E-02  3.58043E-01
  3.7916666667E+00  3.7958333333E+00  5.52367E-02  2.94516E-01
  3.7958333333E+00  3.8000000000E+00  5.53586E-02  3.17444E-01
  3.8000000000E+00  3.8041666667E+00  5.52347E-02  2.92477E-01
  3.8041666667E+00  3.8083333333E+00  5.53640E-02  2.91020E-01
  3.8083333333E+00  3.8125000000E+00  5.54243E-02  2.94816E-01
  3.8125000000E+00  3.8166666667E+00  5.54267E-02  3.02867E-01
  3.8166666667E+00  3.8208333333E+00  5.55604E-02  3.09195E-01
  3.8208333333E+00  3.8250000000E+00  5.55109E-02  2.86160E-01
  3.8250000000E+00  3.8291666667E+00  5.58542E-02  3.13657E-01
  3.8291666667E+00  3.8333333333E+00  5.59615E-02  3.14147E-01
  3.8333333333E+00  3.8375000000E+00  5.59032E-02  3.07137E-01
  3.8375000000E+00  3.8416666667E+00  5.59858E-02  3.27284E-01
  3.8416666667E+00  3.8458333333E+00  5.56685E-02  2.66825E-01
  3.8458333333E+00  3.8500000000E+00  5.59856E-02  3.08851E-01
  3.8500000000E+00  3.8541666667E+00  5.60827E-02  3.20702E-01
  3.8541666667E+00  3.8583333333E+00  5.60400E-02  3.09974E-01
  3.8583333333E+00  3.8625000000E+00  5.59985E-02  2.89558E-01
  3.8625000000E+00  3.8666666667E+00  5.60565E-02  2.93586E-01
  3.8666666667E+00  3.8708333333E+00  5.61127E-02  2.90129E-01
  3.8708333333E+00  3.8750000000E+00  5.62739E-02  3.24917E-01
  3.8750000000E+00  3.8791666667E+00  5.62357E-02  2.97154E-01
  3.8791666667E+00  3.8833333333E+00  5.64266E-02  2.96427E-01
  3.8833333333E+00  3.8875000000E+00  5.66768E-02  3.40478E-01
  3.8875000000E+00  3.8916666667E+00  5.64608E-02  2.95502E-01
  3.8916666667E+00  3.8958333333E+00  5.65834E-02  3.23421E-01
  3.8958333333E+00  3.9000000000E+00  5.66532E-02  3.09094E-01
  3.9000000000E+00  3.9041666667E+00  5.67457E-02  3.17301E-01
  3.9041666667E+00  3.9083333333E+00  5.66057E-02  2.77351E-01
  3.9083333333E+00  3.9125000000E+00  5.68961E-02  3.14878E-01
  3.9125000000E+00  3.9166666667E+00  5.69687E-02  3.13778E-01
  3.9166666667E+00  3.9208333333E+00  5.70689E-02  3.26237E-01
  3.9208333333E+00  3.9250000000E+00  5.69989E-02  3.03857E-01
  3.9250000000E+00  3.9291666667E+00  5.72345E-02  3.32030E-01
  3.9291666667E+00  3.9333333333E+00  5.72423E-02  3.34104E-01
  3.9333333333E+00  3.9375000000E+00  5.72470E-02  3.15201E-01
  3.9375000000E+00  3.9416666667E+00  5.73495E-02  3.11711E-01
  3.9416666667E+00  3.9458333333E+00  5.73203E-02  3.08846E-01
  3.9458333333E+00  3.9500000000E+00  5.74046E-02  3.15577E-01
  3.9500000000E+00  3.9541666667E+00  5.75569E-02  3.52990E-01
  3.9541666667E+00  3.9583333333E+00  5.73446E-02  2.78886E-01
  3.9583333333E+00  3.9625000000E+00  5.76343E-02  3.21754E-01
  3.9625000000E+00  3.9666666667E+00  5.76916E-02  3.19961E-01
  3.9666666667E+00  3.9708333333E+00  5.76485E-02  2.96103E-01
  3.9708333333E+00  3.9750000000E+00  5.75120E-02  2.78139E-01
  3.9750000000E+00  3.9791666667E+00  5.78337E-02  3.33516E-01
  3.9791666667E+00  3.9833333333E+00  5.77386E-02  3.09319E-01
  3.9833333333E+00  3.9875000000E+00  5.78509E-02  3.05195E-01
  3.9875000000E+00  3.9916666667E+00  5.80631E-02  3.16092E-01
  3.9916666667E+00  3.9958333333E+00  5.80447E-02  3.12752E-01
  3.9958333333E+00  4.0000000000E+00  5.83218E-02  3.38773E-01
  4.0000000000E+00  4.0041666667E+00  5.82997E-02  3.07813E-01
  4.0041666667E+00  4.0083333333E+00  5.82289E-02  2.86122E-01
  4.0083333333E+00  4.0125000000E+00  5.85476E-02  3.22759E-01
  4.0125000000E+00  4.0166666667E+00  5.86047E-02  3.37085E-01
  4.0166666667E+00  4.0208333333E+00  5.85883E-02  3.06429E-01
  4.0208333333E+00  4.0250000000E+00  5.87537E-02  3.39885E-01
  4.0250000000E+00  4.0291666667E+00  5.86263E-02  3.02454E-01
  4.0291666667E+00  4.0333333333E+00  5.86963E-02  2.89300E-01
  4.0333333333E+00  4.0375000000E+00  5.89886E-02  3.38363E-01
  4.0375000000E+00  4.0416666667E+00  5.88440E-02  2.91186E-01
  4.0416666667E+00  4.0458333333E+00  5.89153E-02  2.92858E-01
  4.0458333333E+00  4.0500000000E+00  5.90874E-02  3.21783E-01
  4.0500000000E+00  4.0541666667E+00  5.91680E-02  3.19101E-01
  4.0541666667E+00  4.0583333333E+00  5.89757E-02  2.83816E-01
  4.0583333333E+00  4.0625000000E+00  5.89027E-02  2.62181E-01
  4.0625000000E+00  4.0666666667E+00  5.91007E-02  2.93576E-01
  4.0666666667E+00  4.0708333333E+00  5.93650E-02  3.14151E-01
  4.0708333333E+00  4.0750000000E+00  5.95317E-02  3.32882E-01
  4.0750000000E+00  4.0791666667E+00  5.94130E-02  2.88512E-01
  4.0791666667E+00  4.0833333333E+00  5.96004E-02  3.06046E-01
  4.0833333333E+00  4.0875000000E+00  5.95692E-02  2.93015E-01
  4.0875000000E+00  4.0916666667E+00  5.97884E-02  3.06849E-01
  4.0916666667E+00  4.0958333333E+00  5.99438E-02  3.28864E-01
  4.0958333333E+00  4.1000000000E+00  5.98524E-02  3.00343E-01
  4.1000000000E+00  4.1041666667E+00  5.97637E-02  2.90944E-01
  4.1041666667E+00  4.1083333333E+00  6.04496E-02  3.65879E-01
  4.1083333333E+00  4.1125000000E+00  6.03442E-02  3.34061E-01
  4.1125000000E+00  4.1166666667E+00  6.01371E-02  2.86873E-01
  4.1166666667E+00  4.1208333333E+00  6.03446E-02  3.05291E-01
  4.1208333333E+00  4.1250000000E+00  6.04573E-02  3.18984E-01
  4.1250000000E+00  4.1291666667E+00  6.02015E-02  2.65018E-01
  4.1291666667E+00  4.1333333333E+00  6.06041E-02  3.13235E-01
  4.1333333333E+00  4.1375000000E+00  6.07125E-02  3.20906E-01
  4.1375000000E+00  4.1416666667E+00  6.06667E-02  2.89272E-01
  4.1416666667E+00  4.1458333333E+00  6.09717E-02  3.10376E-01
  4.1458333333E+00  4.1500000000E+00  6.09516E-02  3.22278E-01
  4.1500000000E+00  4.1541666667E+00  6.10280E-02  3.25852E-01
  4.1541666667E+00  4.1583333333E+00  6.10014E-02  2.95795E-01
  4.1583333333E+00  4.1625000000E+00  6.12843E-02  3.16668E-01
  4.1625000000E+00  4.1666666667E+00  6.11627E-02  2.89891E-01
  4.1666666667E+00  4.1708333333E+00  6.15233E-02  3.26451E-01
  4.1708333333E+00  4.1750000000E+00  6.13230E-02  2.90483E-01
  4.1750000000E+00  4.1791666667E+00  6.16979E-02  3.24209E-01
  4.1791666667E+00  4.1833333333E+00  6.13529E-02  2.70323E-01
  4.1833333333E+00  4.1875000000E+00  6.15536E-02  2.86867E-01
  4.1875000000E+00  4.1916666667E+00  6.15624E-02  2.68916E-01
  4.1916666667E+00  4.1958333333E+00  6.18749E-02  3.08475E-01
  4.1958333333E+00  4.2000000000E+00  6.16975E-02  2.85627E-01
  4.2000000000E+00  4.2041666667E+00  6.19926E-02  3.05469E-01
  4.2041666667E+00  4.2083333333E+00  6.17921E-02  2.64916E-01
  4.2083333333E+00  4.2125000000E+00  6.20841E-02  2.80504E-01
  4.2125000000E+00  4.2166666667E+00  6.22758E-02  2.96341E-01
  4.2166666667E+00  4.2208333333E+00  6.26641E-02  3.13867E-01
  4.2208333333E+00  4.2250000000E+00  6.26266E-02  3.25568E-01
  4.2250000000E+00  4.2291666667E+00  6.24809E-02  2.80521E-01
  4.2291666667E+00  4.2333333333E+00  6.28145E-02  3.10934E-01
  4.2333333333E+00  4.2375000000E+00  6.27836E-02  2.92844E-01
  4.2375000000E+00  4.2416666667E+00  6.27707E-02  2.78815E-01
  4.2416666667E+00  4.2458333333E+00  6.32118E-02  3.18551E-01
  4.2458333333E+00  4.2500000000E+00  6.30938E-02  2.87182E-01
  4.2500000000E+00  4.2541666667E+00  6.32959E-02  3.01791E-01
  4.2541666667E+00  4.2583333333E+00  6.35730E-02  3.09172E-01
  4.2583333333E+00  4.2625000000E+00  6.34757E-02  2.94103E-01
  4.2625000000E+00  4.2666666667E+00  6.34734E-02  2.74982E-01
  4.2666666667E+00  4.2708333333E+00  6.36079E-02  2.85777E-01
  4.2708333333E+00  4.2750000000E+00  6.36352E-02  2.84082E-01
  4.2750000000E+00  4.2791666667E+00  6.38214E-02  2.87023E-01
  4.2791666667E+00  4.2833333333E+00  6.39887E-02  2.95212E-01
  4.2833333333E+00  4.2875000000E+00  6.39970E-02  2.77548E-01
  4.2875000000E+00  4.2916666667E+00  6.43210E-02  3.09834E-01
  4.2916666667E+00  4.2958333333E+00  6.41922E-02  2.86480E-01
  4.2958333333E+00  4.3000000000E+00  6.41668E-02  2.74984E-01
  4.3000000000E+00  4.3041666667E+00  6.42552E-02  2.73498E-01
  4.3041666667E+00  4.3083333333E+00  6.45321E-02  2.78363E-01
  4.3083333333E+00  4.3125000000E+00  6.50032E-02  3.17379E-01
  4.3125000000E+00  4.3166666667E+00  6.47256E-02  2.69258E-01
  4.3166666667E+00  4.3208333333E+00  6.51474E-02  3.05204E-01
  4.3208333333E+00  4.3250000000E+00  6.53609E-02  3.13159E-01
  4.3250000000E+00  4.3291666667E+00  6.52632E-02  3.01974E-01
  4.3291666667E+00  4.3333333333E+00  6.51572E-02  2.70284E-01
  4.3333333333E+00  4.3375000000E+00  6.53080E-02  2.80832E-01
  4.3375000000E+00  4.3416666667E+00  6.53764E-02  2.66172E-01
  4.3416666667E+00  4.3458333333E+00  6.58838E-02  3.11884E-01
  4.3458333333E+00  4.3500000000E+00  6.57094E-02  2.75200E-01
  4.3500000000E+00  4.3541666667E+00  6.58617E-02  2.76097E-01
  4.3541666667E+00  4.3583333333E+00  6.64563E-02  3.32241E-01
  4.3583333333E+00  4.3625000000E+00  6.63807E-02  3.06366E-01
  4.3625000000E+00  4.3666666667E+00  6.62544E-02  2.80160E-01
  4.3666666667E+00  4.3708333333E+00  6.65036E-02  2.84988E-01
  4.3708333333E+00  4.3750000000E+00  6.67299E-02  2.98800E-01
  4.3750000000E+00  4.3791666667E+00  6.69831E-02  2.92102E-01
  4.3791666667E+00  4.3833333333E+00  6.70731E-02  2.96913E-01
  4.3833333333E+00  4.3875000000E+00  6.72409E-02  3.06628E-01
  4.3875000000E+00  4.3916666667E+00  6.72701E-02  2.85962E-01
  4.3916666667E+00  4.3958333333E+00  6.74499E-02  2.83966E-01
  4.3958333333E+00  4.4000000000E+00  6.77761E-02  2.98744E-01
  4.4000000000E+00  4.4041666667E+00  6.80461E-02  3.27358E-01
  4.4041666667E+00  4.4083333333E+00  6.80510E-02  3.10801E-01
  4.4083333333E+00  4.4125000000E+00  6.81100E-02  2.92287E-01
  4.4125000000E+00  4.4166666667E+00  6.83116E-02  2.91420E-01
  4.4166666667E+00  4.4208333333E+00  6.84325E-02  2.91989E-01
  4.4208333333E+00  4.4250000000E+00  6.84017E-02  2.65250E-01
  4.4250000000E+00  4.4291666667E+00  6.83829E-02  2.62750E-01
  4.4291666667E+00  4.4333333333E+00  6.87439E-02  2.80798E-01
  4.4333333333E+00  4.4375000000E+00  6.88752E-02  2.72011E-01
  4.4375000000E+00  4.4416666667E+00  6.93008E-02  3.04927E-01
  4.4416666667E+00  4.4458333333E+00  6.92031E-02  2.73915E-01
  4.4458333333E+00  4.4500000000E+00  6.95334E-02  2.81115E-01
  4.4500000000E+00  4.4541666667E+00  6.96784E-02  2.76529E-01
  4.4541666667E+00  4.4583333333E+00  6.97915E-02  2.80139E-01
  4.4583333333E+00  4.4625000000E+00  7.02035E-02  2.97529E-01
  4.4625000000E+00  4.4666666667E+00  7.03109E-02  3.00614E-01
  4.4666666667E+00  4.4708333333E+00  7.01466E-02  2.60689E-01
  4.4708333333E+00  4.4750000000E+00  7.03160E-02  2.62769E-01
  4.4750000000E+00  4.4791666667E+00  7.06556E-02  2.76791E-01
  4.4791666667E+00  4.4833333333E+00  7.10117E-02  2.94018E-01
  4.4833333333E+00  4.4875000000E+00  7.11686E-02  2.95484E-01
  4.4875000000E+00  4.4916666667E+00  7.12833E-02  2.72847E-01
  4.4916666667E+00  4.4958333333E+00  7.17821E-02  3.00580E-01
  4.4958333333E+00  4.5000000000E+00  7.18595E-02  2.97490E-01
  4.5000000000E+00  4.5041666667E+00  7.20205E-02  2.79252E-01
  4.5041666667E+00  4.5083333333E+00  7.21358E-02  2.85179E-01
  4.5083333333E+00  4.5125000000E+00  7.22631E-02  2.82250E-01
  4.5125000000E+00  4.5166666667E+00  7.26186E-02  2.95991E-01
  4.5166666667E+00  4.5208333333E+00  7.28374E-02  2.76561E-01
  4.5208333333E+00  4.5250000000E+00  7.30037E-02  2.81399E-01
  4.5250000000E+00  4.5291666667E+00  7.30462E-02  2.66383E-01
  4.5291666667E+00  4.5333333333E+00  7.34365E-02  2.77050E-01
  4.5333333333E+00  4.5375000000E+00  7.35766E-02  2.70943E-01
  4.5375000000E+00  4.5416666667E+00  7.39963E-02  2.83457E-01
  4.5416666667E+00  4.5458333333E+00  7.40654E-02  2.74779E-01
  4.5458333333E+00  4.5500000000E+00  7.44019E-02  2.78481E-01
  4.5500000000E+00  4.5541666667E+00  7.45313E-02  2.73989E-01
  4.5541666667E+00  4.5583333333E+00  7.50201E-02  2.94982E-01
  4.5583333333E+00  4.5625000000E+00  7.51856E-02  2.85593E-01
  4.5625000000E+00  4.5666666667E+00  7.52653E-02  2.64847E-01
  4.5666666667E+00  4.5708333333E+00  7.54615E-02  2.65985E-01
  4.5708333333E+00  4.5750000000E+00  7.61140E-02  3.01376E-01
  4.5750000000E+00  4.5791666667E+00  7.63551E-02  2.98146E-01
  4.5791666667E+00  4.5833333333E+00  7.61375E-02  2.60375E-01
  4.5833333333E+00  4.5875000000E+00  7.63514E-02  2.55193E-01
  4.5875000000E+00  4.5916666667E+00  7.70064E-02  2.93763E-01
  4.5916666667E+00  4.5958333333E+00  7.71528E-02  2.71489E-01
  4.5958333333E+00  4.6000000000E+00  7.77860E-02  3.00542E-01
  4.6000000000E+00  4.6041666667E+00  7.78871E-02  2.74056E-01
  4.6041666667E+00  4.6083333333E+00  7.82392E-02  2.85753E-01
  4.6083333333E+00  4.6125000000E+00  7.86202E-02  2.87789E-01
  4.6125000000E+00  4.6166666667E+00  7.87711E-02  2.81569E-01
  4.6166666667E+00  4.6208333333E+00  7.91370E-02  2.85146E-01
  4.6208333333E+00  4.6250000000E+00  7.93878E-02  2.72894E-01
  4.6250000000E+00  4.6291666667E+00  7.97578E-02  2.81119E-01
  4.6291666667E+00  4.6333333333E+00  8.01637E-02  2.80636E-01
  4.6333333333E+00  4.6375000000E+00  8.03526E-02  2.63247E-01
  4.6375000000E+00  4.6416666667E+00  8.08881E-02  2.81301E-01
  4.6416666667E+00  4.6458333333E+00  8.11241E-02  2.74369E-01
  4.6458333333E+00  4.6500000000E+00  8.14077E-02  2.66510E-01
  4.6500000000E+00  4.6541666667E+00  8.20217E-02  2.79183E-01
  4.6541666667E+00  4.6583333333E+00  8.26058E-02  3.05155E-01
  4.6583333333E+00  4.6625000000E+00  8.27855E-02  2.79306E-01
  4.6625000000E+00  4.6666666667E+00  8.31380E-02  2.72641E-01
  4.6666666667E+00  4.6708333333E+00  8.35748E-02  2.76507E-01
  4.6708333333E+00  4.6750000000E+00  8.40185E-02  2.74491E-01
  4.6750000000E+00  4.6791666667E+00  8.44168E-02  2.79075E-01
  4.6791666667E+00  4.6833333333E+00  8.48636E-02  2.67141E-01
  4.6833333333E+00  4.6875000000E+00  8.54992E-02  2.78543E-01
  4.6875000000E+00  4.6916666667E+00  8.60841E-02  2.73262E-01
  4.6916666667E+00  4.6958333333E+00  8.65918E-02  2.75307E-01
  4.6958333333E+00  4.7000000000E+00  8.71506E-02  2.84371E-01
  4.7000000000E+00  4.7041666667E+00  8.78410E-02  2.77631E-01
  4.7041666667E+00  4.7083333333E+00  8.83310E-02  2.80824E-01
  4.7083333333E+00  4.7125000000E+00  8.89895E-02  2.78507E-01
  4.7125000000E+00  4.7166666667E+00  8.95740E-02  2.84722E-01
  4.7166666667E+00  4.7208333333E+00  9.02036E-02  2.88855E-01
  4.7208333333E+00  4.7250000000E+00  9.07975E-02  2.73271E-01
  4.7250000000E+00  4.7291666667E+00  9.14920E-02  2.77639E-01
  4.7291666667E+00  4.7333333333E+00  9.23544E-02  2.81236E-01
  4.7333333333E+00  4.7375000000E+00  9.33625E-02  2.99142E-01
  4.7375000000E+00  4.7416666667E+00  9.36460E-02  2.72523E-01
  4.7416666667E+00  4.7458333333E+00  9.45091E-02  2.79041E-01
  4.7458333333E+00  4.7500000000E+00  9.54114E-02  2.91591E-01
  4.7500000000E+00  4.7541666667E+00  9.61290E-02  2.87998E-01
  4.7541666667E+00  4.7583333333E+00  9.73082E-02  3.03364E-01
  4.7583333333E+00  4.7625000000E+00  9.79181E-02  2.90202E-01
  4.7625000000E+00  4.7666666667E+00  9.86753E-02  2.82898E-01
  4.7666666667E+00  4.7708333333E+00  9.92803E-02  2.81155E-01
  4.7708333333E+00  4.7750000000E+00  1.00078E-01  2.84880E-01
  4.7750000000E+00  4.7791666667E+00  1.01004E-01  2.97365E-01
  4.7791666667E+00  4.7833333333E+00  1.01611E-01  2.93517E-01
  4.7833333333E+00  4.7875000000E+00  1.02273E-01  2.88625E-01
  4.7875000000E+00  4.7916666667E+00  1.03265E-01  2.96313E-01
  4.7916666667E+00  4.7958333333E+00  1.03744E-01  2.98398E-01
  4.7958333333E+00  4.8000000000E+00  1.04025E-01  2.92170E-01
  4.8000000000E+00  4.8041666667E+00  1.04989E-01  3.05253E-01
  4.8041666667E+00  4.8083333333E+00  1.05575E-01  3.03224E-01
  4.8083333333E+00  4.8125000000E+00  1.05997E-01  3.09885E-01
  4.8125000000E+00  4.8166666667E+00  1.06093E-01  3.08295E-01
  4.8166666667E+00  4.8208333333E+00  1.06647E-01  3.12617E-01
  4.8208333333E+00  4.8250000000E+00  1.06769E-01  3.15182E-01
  4.8250000000E+00  4.8291666667E+00  1.06656E-01  3.08317E-01
  4.8291666667E+00  4.8333333333E+00  1.06826E-01  3.15851E-01
  4.8333333333E+00  4.8375000000E+00  1.06536E-01  3.07876E-01
  4.8375000000E+00  4.8416666667E+00  1.06324E-01  3.13196E-01
  4.8416666667E+00  4.8458333333E+00  1.06161E-01  3.22790E-01
  4.8458333333E+00  4.8500000000E+00  1.06173E-01  3.23336E-01
  4.8500000000E+00  4.8541666667E+00  1.05786E-01  3.19556E-01
  4.8541666667E+00  4.8583333333E+00  1.05365E-01  3.26925E-01
  4.8583333333E+00  4.8625000000E+00  1.04893E-01  3.21650E-01
  4.8625000000E+00  4.8666666667E+00  1.04438E-01  3.15683E-01
  4.8666666667E+00  4.8708333333E+00  1.04044E-01  3.18292E-01
  4.8708333333E+00  4.8750000000E+00  1.03658E-01  3.24492E-01
  4.8750000000E+00  4.8791666667E+00  1.02924E-01  3.14325E-01
  4.8791666667E+00  4.8833333333E+00  1.02714E-01  3.16088E-01
  4.8833333333E+00  4.8875000000E+00  1.02541E-01  3.19261E-01
  4.8875000000E+00  4.8916666667E+00  1.02202E-01  3.14330E-01
  4.8916666667E+00  4.8958333333E+00  1.02250E-01  3.19301E-01
  4.8958333333E+00  4.9000000000E+00  1.02121E-01  3.20497E-01
  4.9000000000E+00  4.9041666667E+00  1.02034E-01  3.20488E-01
  4.9041666667E+00  4.9083333333E+00  1.02004E-01  3.17623E-01
  4.9083333333E+00  4.9125000000E+00  1.02029E-01  3.26057E-01
  4.9125000000E+00  4.9166666667E+00  1.01822E-01  3.19008E-01
  4.9166666667E+00  4.9208333333E+00  1.01721E-01  3.13069E-01
  4.9208333333E+00  4.9250000000E+00  1.02363E-01  3.19623E-01
  4.9250000000E+00  4.9291666667E+00  1.02730E-01  3.22036E-01
  4.9291666667E+00  4.9333333333E+00  1.02986E-01  3.23541E-01
  4.9333333333E+00  4.9375000000E+00  1.03360E-01  3.25961E-01
  4.9375000000E+00  4.9416666667E+00  1.03564E-01  3.24547E-01
  4.9416666667E+00  4.9458333333E+00  1.03820E-01  3.21103E-01
  4.9458333333E+00  4.9500000000E+00  1.04332E-01  3.26513E-01
  4.9500000000E+00  4.9541666667E+00  1.04595E-01  3.30820E-01
  4.9541666667E+00  4.9583333333E+00  1.04996E-01  3.29645E-01
  4.9583333333E+00  4.9625000000E+00  1.05313E-01  3.32808E-01
  4.9625000000E+00  4.9666666667E+00  1.05722E-01  3.33803E-01
  4.9666666667E+00  4.9708333333E+00  1.05978E-01  3.33772E-01
  4.9708333333E+00  4.9750000000E+00  1.06232E-01  3.42674E-01
  4.9750000000E+00  4.9791666667E+00  1.06027E-01  3.36279E-01
  4.9791666667E+00  4.9833333333E+00  1.06360E-01  3.42723E-01
  4.9833333333E+00  4.9875000000E+00  1.05802E-01  3.38066E-01
  4.9875000000E+00  4.9916666667E+00  1.06038E-01  3.43736E-01
  4.9916666667E+00  4.9958333333E+00  1.06172E-01  3.49092E-01
  4.9958333333E+00  5.0000000000E+00  1.05838E-01  3.46142E-01
  5.0000000000E+00  5.0041666667E+00  1.05475E-01  3.49908E-01
  5.0041666667E+00  5.0083333333E+00  1.04913E-01  3.49355E-01
  5.0083333333E+00  5.0125000000E+00  1.04687E-01  3.50891E-01
  5.0125000000E+00  5.0166666667E+00  1.04398E-01  3.51756E-01
  5.0166666667E+00  5.0208333333E+00  1.04073E-01  3.52046E-01
  5.0208333333E+00  5.0250000000E+00  1.03983E-01  3.52768E-01
  5.0250000000E+00  5.0291666667E+00  1.03616E-01  3.55409E-01
  5.0291666667E+00  5.0333333333E+00  1.03783E-01  3.61737E-01
  5.0333333333E+00  5.0375000000E+00  1.03587E-01  3.61162E-01
  5.0375000000E+00  5.0416666667E+00  1.03301E-01  3.60019E-01
  5.0416666667E+00  5.0458333333E+00  1.03450E-01  3.59838E-01
  5.0458333333E+00  5.0500000000E+00  1.03785E-01  3.62702E-01
  5.0500000000E+00  5.0541666667E+00  1.03863E-01  3.65615E-01
  5.0541666667E+00  5.0583333333E+00  1.04060E-01  3.68450E-01
  5.0583333333E+00  5.0625000000E+00  1.04152E-01  3.67046E-01
  5.0625000000E+00  5.0666666667E+00  1.04501E-01  3.70277E-01
  5.0666666667E+00  5.0708333333E+00  1.04918E-01  3.74373E-01
  5.0708333333E+00  5.0750000000E+00  1.05166E-01  3.76213E-01
  5.0750000000E+00  5.0791666667E+00  1.05364E-01  3.83691E-01
  5.0791666667E+00  5.0833333333E+00  1.05382E-01  3.82620E-01
  5.0833333333E+00  5.0875000000E+00  1.05526E-01  3.86026E-01
  5.0875000000E+00  5.0916666667E+00  1.05886E-01  3.90883E-01
  5.0916666667E+00  5.0958333333E+00  1.05968E-01  3.96733E-01
  5.0958333333E+00  5.1000000000E+00  1.05670E-01  4.01698E-01
  5.1000000000E+00  5.1041666667E+00  1.05111E-01  4.05323E-01
  5.1041666667E+00  5.1083333333E+00  1.04597E-01  4.11476E-01
  5.1083333333E+00  5.1125000000E+00  1.04073E-01  4.17144E-01
  5.1125000000E+00  5.1166666667E+00  1.02967E-01  4.26304E-01
  5.1166666667E+00  5.1208333333E+00  1.01260E-01  4.33139E-01
  5.1208333333E+00  5.1250000000E+00  9.93623E-02  4.40340E-01
  5.1250000000E+00  5.1291666667E+00  9.78207E-02  4.50195E-01
  5.1291666667E+00  5.1333333333E+00  9.57197E-02  4.60352E-01
  5.1333333333E+00  5.1375000000E+00  9.31295E-02  4.68134E-01
  5.1375000000E+00  5.1416666667E+00  9.05628E-02  4.82332E-01
  5.1416666667E+00  5.1458333333E+00  8.71844E-02  4.96740E-01
  5.1458333333E+00  5.1500000000E+00  8.39826E-02  5.10554E-01
  5.1500000000E+00  5.1541666667E+00  8.06342E-02  5.25415E-01
  5.1541666667E+00  5.1583333333E+00  7.69117E-02  5.44125E-01
  5.1583333333E+00  5.1625000000E+00  7.30260E-02  5.62367E-01
  5.1625000000E+00  5.1666666667E+00  6.90427E-02  5.80821E-01
  5.1666666667E+00  5.1708333333E+00  6.49482E-02  6.04296E-01
  5.1708333333E+00  5.1750000000E+00  6.07817E-02  6.33251E-01
  5.1750000000E+00  5.1791666667E+00  5.64155E-02  6.61160E-01
  5.1791666667E+00  5.1833333333E+00  5.20574E-02  6.93202E-01
  5.1833333333E+00  5.1875000000E+00  4.76624E-02  7.26565E-01
  5.1875000000E+00  5.1916666667E+00  4.34451E-02  7.65244E-01
  5.1916666667E+00  5.1958333333E+00  3.95584E-02  8.06753E-01
  5.1958333333E+00  5.2000000000E+00  3.57740E-02  8.53645E-01
  5.2000000000E+00  5.2041666667E+00  3.21014E-02  9.06103E-01
  5.2041666667E+00  5.2083333333E+00  2.85289E-02  9.70225E-01
  5.2083333333E+00  5.2125000000E+00  2.51306E-02  1.03446E+00
  5.2125000000E+00  5.2166666667E+00  2.21281E-02  1.10699E+00
  5.2166666667E+00  5.2208333333E+00  1.92945E-02  1.19638E+00
  5.2208333333E+00  5.2250000000E+00  1.66649E-02  1.29295E+00
  5.2250000000E+00  5.2291666667E+00  1.44501E-02  1.39414E+00
  5.2291666667E+00  5.2333333333E+00  1.23571E-02  1.51908E+00
  5.2333333333E+00  5.2375000000E+00  1.06300E-02  1.65308E+00
  5.2375000000E+00  5.2416666667E+00  8.90363E-03  1.82378E+00
  5.2416666667E+00  5.2458333333E+00  7.21520E-03  2.00392E+00
  5.2458333333E+00  5.2500000000E+00  6.01747E-03  2.21097E+00
  5.2500000000E+00  5.2541666667E+00  4.82404E-03  2.43867E+00
  5.2541666667E+00  5.2583333333E+00  4.06815E-03  2.68607E+00
  5.2583333333E+00  5.2625000000E+00  3.35396E-03  2.94999E+00
  5.2625000000E+00  5.2666666667E+00  2.68745E-03  3.26575E+00
  5.2666666667E+00  5.2708333333E+00  2.27360E-03  3.62529E+00
  5.2708333333E+00  5.2750000000E+00  1.87005E-03  3.97442E+00
  5.2750000000E+00  5.2791666667E+00  1.47487E-03  4.53314E+00
  5.2791666667E+00  5.2833333333E+00  1.17318E-03  4.98875E+00
  5.2833333333E+00  5.2875000000E+00  9.35456E-04  5.57582E+00
  5.2875000000E+00  5.2916666667E+00  7.43726E-04  6.27735E+00
  5.2916666667E+00  5.2958333333E+00  6.18316E-04  7.11199E+00
  5.2958333333E+00  5.3000000000E+00  4.25218E-04  8.39076E+00
  5.3000000000E+00  5.3041666667E+00  3.08014E-04  9.49626E+00
  5.3041666667E+00  5.3083333333E+00  2.60439E-04  1.01281E+01
  5.3083333333E+00  5.3125000000E+00  2.17090E-04  1.12631E+01
  5.3125000000E+00  5.3166666667E+00  1.91980E-04  1.12119E+01
  5.3166666667E+00  5.3208333333E+00  1.31764E-04  1.31868E+01
  5.3208333333E+00  5.3250000000E+00  1.11465E-04  1.39120E+01
  5.3250000000E+00  5.3291666667E+00  1.02015E-04  1.41174E+01
  5.3291666667E+00  5.3333333333E+00  9.03059E-05  1.55598E+01
  5.3333333333E+00  5.3375000000E+00  6.78679E-05  1.43654E+01
  5.3375000000E+00  5.3416666667E+00  6.99200E-05  1.58348E+01
  5.3416666667E+00  5.3458333333E+00  6.20628E-05  1.38014E+01
  5.3458333333E+00  5.3500000000E+00  5.65426E-05  1.34909E+01
  5.3500000000E+00  5.3541666667E+00  5.92401E-05  1.38362E+01
  5.3541666667E+00  5.3583333333E+00  6.28327E-05  1.44756E+01
  5.3583333333E+00  5.3625000000E+00  6.86855E-05  1.51431E+01
  5.3625000000E+00  5.3666666667E+00  6.62218E-05  1.48325E+01
  5.3666666667E+00  5.3708333333E+00  6.54070E-05  1.64580E+01
  5.3708333333E+00  5.3750000000E+00  6.20518E-05  1.69022E+01
  5.3750000000E+00  5.3791666667E+00  5.62122E-05  1.61620E+01
  5.3791666667E+00  5.3833333333E+00  5.33247E-05  1.47632E+01
  5.3833333333E+00  5.3875000000E+00  5.84095E-05  1.53556E+01
  5.3875000000E+00  5.3916666667E+00  6.40079E-05  1.63878E+01
  5.3916666667E+00  5.3958333333E+00  5.92120E-05  1.72800E+01
  5.3958333333E+00  5.4000000000E+00  4.83281E-05  1.48753E+01
  5.4000000000E+00  5.4041666667E+00  4.81196E-05  1.57705E+01
  5.4041666667E+00  5.4083333333E+00  5.21266E-05  1.72954E+01
  5.4083333333E+00  5.4125000000E+00  4.91146E-05  1.57152E+01
  5.4125000000E+00  5.4166666667E+00  5.21283E-05  1.66708E+01
  5.4166666667E+00  5.4208333333E+00  5.12392E-05  1.66845E+01
  5.4208333333E+00  5.4250000000E+00  5.47928E-05  1.72716E+01
  5.4250000000E+00  5.4291666667E+00  4.95454E-05  1.71554E+01
  5.4291666667E+00  5.4333333333E+00  4.66956E-05  1.58088E+01
  5.4333333333E+00  5.4375000000E+00  4.92426E-05  1.58646E+01
  5.4375000000E+00  5.4416666667E+00  5.29344E-05  1.60357E+01
  5.4416666667E+00  5.4458333333E+00  6.64366E-05  1.69223E+01
  5.4458333333E+00  5.4500000000E+00  5.71274E-05  1.62949E+01
  5.4500000000E+00  5.4541666667E+00  6.44074E-05  1.73090E+01
  5.4541666667E+00  5.4583333333E+00  6.86500E-05  1.83210E+01
  5.4583333333E+00  5.4625000000E+00  5.63595E-05  1.96924E+01
  5.4625000000E+00  5.4666666667E+00  5.10498E-05  1.90425E+01
  5.4666666667E+00  5.4708333333E+00  5.02004E-05  1.81546E+01
  5.4708333333E+00  5.4750000000E+00  5.31923E-05  1.85194E+01
  5.4750000000E+00  5.4791666667E+00  5.88196E-05  2.03008E+01
  5.4791666667E+00  5.4833333333E+00  5.50196E-05  1.95763E+01
  5.4833333333E+00  5.4875000000E+00  4.25258E-05  1.93025E+01
  5.4875000000E+00  5.4916666667E+00  4.86970E-05  2.18613E+01
  5.4916666667E+00  5.4958333333E+00  5.20436E-05  2.20875E+01
  5.4958333333E+00  5.5000000000E+00  3.70351E-05  2.21579E+01
  5.5000000000E+00  5.5041666667E+00  3.57510E-05  2.35507E+01
  5.5041666667E+00  5.5083333333E+00  3.67874E-05  2.32448E+01
  5.5083333333E+00  5.5125000000E+00  4.36220E-05  2.62376E+01
  5.5125000000E+00  5.5166666667E+00  3.71366E-05  2.74274E+01
  5.5166666667E+00  5.5208333333E+00  3.00368E-05  2.67027E+01
  5.5208333333E+00  5.5250000000E+00  3.17961E-05  2.99454E+01
  5.5250000000E+00  5.5291666667E+00  2.50791E-05  2.94951E+01
  5.5291666667E+00  5.5333333333E+00  1.86197E-05  2.94922E+01
  5.5333333333E+00  5.5375000000E+00  1.80489E-05  3.25835E+01
  5.5375000000E+00  5.5416666667E+00  2.13878E-05  3.21001E+01
  5.5416666667E+00  5.5458333333E+00  2.93272E-05  3.60487E+01
  5.5458333333E+00  5.5500000000E+00  2.24296E-05  3.86800E+01
  5.5500000000E+00  5.5541666667E+00  1.13108E-05  4.99920E+01
  5.5541666667E+00  5.5583333333E+00  1.04056E-05  5.11922E+01
  5.5583333333E+00  5.5625000000E+00  6.11129E-06  5.07516E+01
  5.5625000000E+00  5.5666666667E+00  4.36727E-06  5.81381E+01
  5.5666666667E+00  5.5708333333E+00  4.65115E-06  5.76624E+01
  5.5708333333E+00  5.5750000000E+00  4.76572E-06  5.07989E+01
  5.5750000000E+00  5.5791666667E+00  5.54750E-06  5.76963E+01
  5.5791666667E+00  5.5833333333E+00  6.26342E-06  5.76596E+01
  5.5833333333E+00  5.5875000000E+00  1.58922E-05  4.54321E+01
  5.5875000000E+00  5.5916666667E+00  6.42799E-06  5.77343E+01
  5.5916666667E+00  5.5958333333E+00  5.09557E-06  7.07563E+01
  5.5958333333E+00  5.6000000000E+00  6.15626E-06  6.40408E+01
  5.6000000000E+00  5.6041666667E+00  9.74040E-06  6.73541E+01
  5.6041666667E+00  5.6083333333E+00  1.69999E-06  1.00000E+02
  5.6083333333E+00  5.6125000000E+00  0.00000E+00  0.00000E+00
  5.6125000000E+00  5.6166666667E+00  0.00000E+00  0.00000E+00
  5.6166666667E+00  5.6208333333E+00  0.00000E+00  0.00000E+00
  5.6208333333E+00  5.6250000000E+00  0.00000E+00  0.00000E+00
  5.6250000000E+00  5.6291666667E+00  0.00000E+00  0.00000E+00
  5.6291666667E+00  5.6333333333E+00  0.00000E+00  0.00000E+00
  5.6333333333E+00  5.6375000000E+00  5.54017E-14  1.00000E+02
  5.6375000000E+00  5.6416666667E+00  0.00000E+00  0.00000E+00
  5.6416666667E+00  5.6458333333E+00  0.00000E+00  0.00000E+00
  5.6458333333E+00  5.6500000000E+00  0.00000E+00  0.00000E+00
  5.6500000000E+00  5.6541666667E+00  0.00000E+00  0.00000E+00
  5.6541666667E+00  5.6583333333E+00  0.00000E+00  0.00000E+00
  5.6583333333E+00  5.6625000000E+00  1.39161E-14  1.00000E+02
  5.6625000000E+00  5.6666666667E+00  0.00000E+00  0.00000E+00
  5.6666666667E+00  5.6708333333E+00  0.00000E+00  0.00000E+00
  5.6708333333E+00  5.6750000000E+00  0.00000E+00  0.00000E+00
  5.6750000000E+00  5.6791666667E+00  0.00000E+00  0.00000E+00
  5.6791666667E+00  5.6833333333E+00  4.56092E-14  1.00000E+02
  5.6833333333E+00  5.6875000000E+00  0.00000E+00  0.00000E+00
  5.6875000000E+00  5.6916666667E+00  0.00000E+00  0.00000E+00
  5.6916666667E+00  5.6958333333E+00  0.00000E+00  0.00000E+00
  5.6958333333E+00  5.7000000000E+00  0.00000E+00  0.00000E+00
  5.7000000000E+00  5.7041666667E+00  0.00000E+00  0.00000E+00
  5.7041666667E+00  5.7083333333E+00  0.00000E+00  0.00000E+00
  5.7083333333E+00  5.7125000000E+00  0.00000E+00  0.00000E+00
  5.7125000000E+00  5.7166666667E+00  0.00000E+00  0.00000E+00
  5.7166666667E+00  5.7208333333E+00  0.00000E+00  0.00000E+00
  5.7208333333E+00  5.7250000000E+00  0.00000E+00  0.00000E+00
  5.7250000000E+00  5.7291666667E+00  6.06144E-09  1.00000E+02
  5.7291666667E+00  5.7333333333E+00  0.00000E+00  0.00000E+00
  5.7333333333E+00  5.7375000000E+00  0.00000E+00  0.00000E+00
  5.7375000000E+00  5.7416666667E+00  0.00000E+00  0.00000E+00
  5.7416666667E+00  5.7458333333E+00  0.00000E+00  0.00000E+00
  5.7458333333E+00  5.7500000000E+00  4.78966E-09  1.00000E+02
  5.7500000000E+00  5.7541666667E+00  0.00000E+00  0.00000E+00
  5.7541666667E+00  5.7583333333E+00  0.00000E+00  0.00000E+00
  5.7583333333E+00  5.7625000000E+00  0.00000E+00  0.00000E+00
  5.7625000000E+00  5.7666666667E+00  0.00000E+00  0.00000E+00
  5.7666666667E+00  5.7708333333E+00  1.43313E-09  1.00000E+02
  5.7708333333E+00  5.7750000000E+00  0.00000E+00  0.00000E+00
  5.7750000000E+00  5.7791666667E+00  0.00000E+00  0.00000E+00
  5.7791666667E+00  5.7833333333E+00  0.00000E+00  0.00000E+00
  5.7833333333E+00  5.7875000000E+00  0.00000E+00  0.00000E+00
  5.7875000000E+00  5.7916666667E+00  0.00000E+00  0.00000E+00
  5.7916666667E+00  5.7958333333E+00  0.00000E+00  0.00000E+00
  5.7958333333E+00  5.8000000000E+00  0.00000E+00  0.00000E+00
  5.8000000000E+00  5.8041666667E+00  4.16269E-14  1.00000E+02
  5.8041666667E+00  5.8083333333E+00  0.00000E+00  0.00000E+00
  5.8083333333E+00  5.8125000000E+00  0.00000E+00  0.00000E+00
  5.8125000000E+00  5.8166666667E+00  0.00000E+00  0.00000E+00
  5.8166666667E+00  5.8208333333E+00  0.00000E+00  0.00000E+00
  5.8208333333E+00  5.8250000000E+00  0.00000E+00  0.00000E+00
  5.8250000000E+00  5.8291666667E+00  0.00000E+00  0.00000E+00
  5.8291666667E+00  5.8333333333E+00  0.00000E+00  0.00000E+00
  5.8333333333E+00  5.8375000000E+00  0.00000E+00  0.00000E+00
  5.8375000000E+00  5.8416666667E+00  0.00000E+00  0.00000E+00
  5.8416666667E+00  5.8458333333E+00  0.00000E+00  0.00000E+00
  5.8458333333E+00  5.8500000000E+00  0.00000E+00  0.00000E+00
  5.8500000000E+00  5.8541666667E+00  0.00000E+00  0.00000E+00
  5.8541666667E+00  5.8583333333E+00  0.00000E+00  0.00000E+00
  5.8583333333E+00  5.8625000000E+00  0.00000E+00  0.00000E+00
  5.8625000000E+00  5.8666666667E+00  0.00000E+00  0.00000E+00
  5.8666666667E+00  5.8708333333E+00  0.00000E+00  0.00000E+00
  5.8708333333E+00  5.8750000000E+00  0.00000E+00  0.00000E+00
  5.8750000000E+00  5.8791666667E+00  0.00000E+00  0.00000E+00
  5.8791666667E+00  5.8833333333E+00  0.00000E+00  0.00000E+00
  5.8833333333E+00  5.8875000000E+00  0.00000E+00  0.00000E+00
  5.8875000000E+00  5.8916666667E+00  3.26723E-13  1.00000E+02
  5.8916666667E+00  5.8958333333E+00  0.00000E+00  0.00000E+00
  5.8958333333E+00  5.9000000000E+00  0.00000E+00  0.00000E+00
  5.9000000000E+00  5.9041666667E+00  0.00000E+00  0.00000E+00
  5.9041666667E+00  5.9083333333E+00  0.00000E+00  0.00000E+00
  5.9083333333E+00  5.9125000000E+00  0.00000E+00  0.00000E+00
  5.9125000000E+00  5.9166666667E+00  0.00000E+00  0.00000E+00
  5.9166666667E+00  5.9208333333E+00  0.00000E+00  0.00000E+00
  5.9208333333E+00  5.9250000000E+00  0.00000E+00  0.00000E+00
  5.9250000000E+00  5.9291666667E+00  0.00000E+00  0.00000E+00
  5.9291666667E+00  5.9333333333E+00  0.00000E+00  0.00000E+00
  5.9333333333E+00  5.9375000000E+00  0.00000E+00  0.00000E+00
  5.9375000000E+00  5.9416666667E+00  0.00000E+00  0.00000E+00
  5.9416666667E+00  5.9458333333E+00  0.00000E+00  0.00000E+00
  5.9458333333E+00  5.9500000000E+00  0.00000E+00  0.00000E+00
  5.9500000000E+00  5.9541666667E+00  0.00000E+00  0.00000E+00
  5.9541666667E+00  5.9583333333E+00  0.00000E+00  0.00000E+00
  5.9583333333E+00  5.9625000000E+00  0.00000E+00  0.00000E+00
  5.9625000000E+00  5.9666666667E+00  0.00000E+00  0.00000E+00
  5.9666666667E+00  5.9708333333E+00  0.00000E+00  0.00000E+00
  5.9708333333E+00  5.9750000000E+00  0.00000E+00  0.00000E+00
  5.9750000000E+00  5.9791666667E+00  0.00000E+00  0.00000E+00
  5.9791666667E+00  5.9833333333E+00  0.00000E+00  0.00000E+00
  5.9833333333E+00  5.9875000000E+00  0.00000E+00  0.00000E+00
  5.9875000000E+00  5.9916666667E+00  0.00000E+00  0.00000E+00
  5.9916666667E+00  5.9958333333E+00  0.00000E+00  0.00000E+00
  5.9958333333E+00  6.0000000000E+00  0.00000E+00  0.00000E+00
  6.0000000000E+00  6.0000000000E+00  0.00000E+00  0.00000E+00