# Detector n: 1D Projection
  1.0000000000E+00  1.0041666667E+00  3.94075E-02  3.50109E-01
  1.0041666667E+00  1.0083333333E+00  3.93890E-02  3.16391E-01
  1.0083333333E+00  1.0125000000E+00  3.95707E-02  4.32826E-01
  1.0125000000E+00  1.0166666667E+00  3.94967E-02  3.64708E-01
  1.0166666667E+00  1.0208333333E+00  3.95424E-02  3.55797E-01
  1.0208333333E+00  1.0250000000E+00  3.94465E-02  3.61879E-01
  1.0250000000E+00  1.0291666667E+00  3.95322E-02  3.54295E-01
  1.0291666667E+00  1.0333333333E+00  3.92611E-02  2.56936E-01
  1.0333333333E+00  1.0375000000E+00  3.96173E-02  3.49909E-01
  1.0375000000E+00  1.0416666667E+00  3.93841E-02  3.21693E-01
  1.0416666667E+00  1.0458333333E+00  3.94428E-02  3.33436E-01
  1.0458333333E+00  1.0500000000E+00  3.95675E-02  3.55222E-01
  1.0500000000E+00  1.0541666667E+00  3.96240E-02  3.68692E-01
  1.0541666667E+00  1.0583333333E+00  3.95855E-02  3.50244E-01
  1.0583333333E+00  1.0625000000E+00  3.94612E-02  2.77820E-01
  1.0625000000E+00  1.0666666667E+00  3.98803E-02  4.16643E-01
  1.0666666667E+00  1.0708333333E+00  3.96678E-02  3.36338E-01
  1.0708333333E+00  1.0750000000E+00  3.99029E-02  4.05987E-01
  1.0750000000E+00  1.0791666667E+00  4.00502E-02  4.12769E-01
  1.0791666667E+00  1.0833333333E+00  3.99615E-02  3.52085E-01
  1.0833333333E+00  1.0875000000E+00  4.03289E-02  4.39141E-01
  1.0875000000E+00  1.0916666667E+00  3.99559E-02  2.96541E-01
  1.0916666667E+00  1.0958333333E+00  4.02941E-02  3.85471E-01
  1.0958333333E+00  1.1000000000E+00  3.99093E-02  2.83817E-01
  1.1000000000E+00  1.1041666667E+00  3.99548E-02  3.18750E-01
  1.1041666667E+00  1.1083333333E+00  3.99455E-02  3.05162E-01
  1.1083333333E+00  1.1125000000E+00  4.02169E-02  3.97901E-01
  1.1125000000E+00  1.1166666667E+00  4.00203E-02  3.00524E-01
  1.1166666667E+00  1.1208333333E+00  4.01296E-02  3.27990E-01
  1.1208333333E+00  1.1250000000E+00  4.02782E-02  3.33775E-01
  1.1250000000E+00  1.1291666667E+00  4.05283E-02  4.17951E-01
  1.1291666667E+00  1.1333333333E+00  4.04975E-02  3.97976E-01
  1.1333333333E+00  1.1375000000E+00  4.06503E-02  5.18910E-01
  1.1375000000E+00  1.1416666667E+00  4.01628E-02  3.21804E-01
  1.1416666667E+00  1.1458333333E+00  4.03647E-02  3.72299E-01
  1.1458333333E+00  1.1500000000E+00  4.05121E-02  4.15752E-01
  1.1500000000E+00  1.1541666667E+00  4.04099E-02  3.81702E-01
  1.1541666667E+00  1.1583333333E+00  4.02326E-02  3.44447E-01
  1.1583333333E+00  1.1625000000E+00  4.05186E-02  3.58478E-01
  1.1625000000E+00  1.1666666667E+00  4.02393E-02  3.32027E-01
  1.1666666667E+00  1.1708333333E+00  4.00590E-02  2.87070E-01
  1.1708333333E+00  1.1750000000E+00  4.02606E-02  3.54506E-01
  1.1750000000E+00  1.1791666667E+00  4.02233E-02  3.39119E-01
  1.1791666667E+00  1.1833333333E+00  4.02383E-02  3.45448E-01
  1.1833333333E+00  1.1875000000E+00  4.03025E-02  3.25034E-01
  1.1875000000E+00  1.1916666667E+00  4.02841E-02  3.12119E-01
  1.1916666667E+00  1.1958333333E+00  4.04048E-02  3.49083E-01
  1.1958333333E+00  1.2000000000E+00  4.04362E-02  3.86167E-01
  1.2000000000E+00  1.2041666667E+00  4.04152E-02  3.84646E-01
  1.2041666667E+00  1.2083333333E+00  4.06266E-02  3.71516E-01
  1.2083333333E+00  1.2125000000E+00  4.04529E-02  3.53107E-01
  1.2125000000E+00  1.2166666667E+00  4.05871E-02  4.03455E-01
  1.2166666667E+00  1.2208333333E+00  4.02519E-02  3.16088E-01
  1.2208333333E+00  1.2250000000E+00  4.05215E-02  3.58478E-01
  1.2250000000E+00  1.2291666667E+00  4.02464E-02  2.89343E-01
  1.2291666667E+00  1.2333333333E+00  4.06970E-02  3.77253E-01
  1.2333333333E+00  1.2375000000E+00  4.07099E-02  3.78306E-01
  1.2375000000E+00  1.2416666667E+00  4.08979E-02  3.84462E-01
  1.2416666667E+00  1.2458333333E+00  4.10199E-02  3.97162E-01
  1.2458333333E+00  1.2500000000E+00  4.10792E-02  4.19682E-01
  1.2500000000E+00  1.2541666667E+00  4.10354E-02  3.36259E-01
  1.2541666667E+00  1.2583333333E+00  4.10228E-02  3.14482E-01
  1.2583333333E+00  1.2625000000E+00  4.10755E-02  3.29474E-01
  1.2625000000E+00  1.2666666667E+00  4.09972E-02  3.07408E-01
  1.2666666667E+00  1.2708333333E+00  4.11059E-02  3.76633E-01
  1.2708333333E+00  1.2750000000E+00  4.10712E-02  3.50509E-01
  1.2750000000E+00  1.2791666667E+00  4.11546E-02  3.88834E-01
  1.2791666667E+00  1.2833333333E+00  4.10177E-02  3.43756E-01
  1.2833333333E+00  1.2875000000E+00  4.11332E-02  3.42295E-01
  1.2875000000E+00  1.2916666667E+00  4.10248E-02  3.21185E-01
  1.2916666667E+00  1.2958333333E+00  4.09631E-02  3.02931E-01
  1.2958333333E+00  1.3000000000E+00  4.12961E-02  4.27374E-01
  1.3000000000E+00  1.3041666667E+00  4.11356E-02  3.62262E-01
  1.3041666667E+00  1.3083333333E+00  4.11494E-02  4.01939E-01
  1.3083333333E+00  1.3125000000E+00  4.09895E-02  3.24364E-01
  1.3125000000E+00  1.3166666667E+00  4.10019E-02  3.09764E-01
  1.3166666667E+00  1.3208333333E+00  4.11472E-02  3.72036E-01
  1.3208333333E+00  1.3250000000E+00  4.09563E-02  3.24029E-01
  1.3250000000E+00  1.3291666667E+00  4.10385E-02  3.24012E-01
  1.3291666667E+00  1.3333333333E+00  4.11399E-02  3.96124E-01
  1.3333333333E+00  1.3375000000E+00  4.12694E-02  3.92461E-01
  1.3375000000E+00  1.3416666667E+00  4.13816E-02  4.00379E-01
  1.3416666667E+00  1.3458333333E+00  4.13539E-02  3.98177E-01
  1.3458333333E+00  1.3500000000E+00  4.10934E-02  3.14680E-01
  1.3500000000E+00  1.3541666667E+00  4.11933E-02  3.57536E-01
  1.3541666667E+00  1.3583333333E+00  4.12985E-02  3.83849E-01
  1.3583333333E+00  1.3625000000E+00  4.13083E-02  3.98612E-01
  1.3625000000E+00  1.3666666667E+00  4.13239E-02  3.90959E-01
  1.3666666667E+00  1.3708333333E+00  4.11241E-02  3.65984E-01
  1.3708333333E+00  1.3750000000E+00  4.11132E-02  3.30338E-01
  1.3750000000E+00  1.3791666667E+00  4.12361E-02  3.49043E-01
  1.3791666667E+00  1.3833333333E+00  4.12766E-02  3.68679E-01
  1.3833333333E+00  1.3875000000E+00  4.11808E-02  3.33081E-01
  1.3875000000E+00  1.3916666667E+00  4.12692E-02  3.49530E-01
  1.3916666667E+00  1.3958333333E+00  4.13338E-02  3.67234E-01
  1.3958333333E+00  1.4000000000E+00  4.11498E-02  3.28646E-01
  1.4000000000E+00  1.4041666667E+00  4.11620E-02  4.02324E-01
  1.4041666667E+00  1.4083333333E+00  4.11402E-02  3.05918E-01
  1.4083333333E+00  1.4125000000E+00  4.15088E-02  3.93005E-01
  1.4125000000E+00  1.4166666667E+00  4.13373E-02  3.57566E-01
  1.4166666667E+00  1.4208333333E+00  4.13862E-02  3.69479E-01
  1.4208333333E+00  1.4250000000E+00  4.12071E-02  3.12221E-01
  1.4250000000E+00  1.4291666667E+00  4.14207E-02  3.95827E-01
  1.4291666667E+00  1.4333333333E+00  4.12523E-02  3.36349E-01
  1.4333333333E+00  1.4375000000E+00  4.14611E-02  3.72326E-01
  1.4375000000E+00  1.4416666667E+00  4.15999E-02  4.15592E-01
  1.4416666667E+00  1.4458333333E+00  4.14481E-02  3.54627E-01
  1.4458333333E+00  1.4500000000E+00  4.13095E-02  3.70252E-01
  1.4500000000E+00  1.4541666667E+00  4.15372E-02  3.36923E-01
  1.4541666667E+00  1.4583333333E+00  4.14548E-02  3.57679E-01
  1.4583333333E+00  1.4625000000E+00  4.14607E-02  3.37575E-01
  1.4625000000E+00  1.4666666667E+00  4.14888E-02  3.62203E-01
  1.4666666667E+00  1.4708333333E+00  4.14794E-02  3.66325E-01
  1.4708333333E+00  1.4750000000E+00  4.11982E-02  2.86750E-01
  1.4750000000E+00  1.4791666667E+00  4.12224E-02  3.06366E-01
  1.4791666667E+00  1.4833333333E+00  4.14413E-02  3.55290E-01
  1.4833333333E+00  1.4875000000E+00  4.15855E-02  3.84539E-01
  1.4875000000E+00  1.4916666667E+00  4.15289E-02  3.33122E-01
  1.4916666667E+00  1.4958333333E+00  4.13923E-02  2.97477E-01
  1.4958333333E+00  1.5000000000E+00  4.15178E-02  3.50573E-01
  1.5000000000E+00  1.5041666667E+00  4.15135E-02  3.56804E-01
  1.5041666667E+00  1.5083333333E+00  4.15111E-02  3.00639E-01
  1.5083333333E+00  1.5125000000E+00  4.16393E-02  3.23332E-01
  1.5125000000E+00  1.5166666667E+00  4.17726E-02  4.18987E-01
  1.5166666667E+00  1.5208333333E+00  4.16691E-02  3.64444E-01
  1.5208333333E+00  1.5250000000E+00  4.20261E-02  4.09781E-01
  1.5250000000E+00  1.5291666667E+00  4.19840E-02  3.92656E-01
  1.5291666667E+00  1.5333333333E+00  4.18545E-02  3.53444E-01
  1.5333333333E+00  1.5375000000E+00  4.18829E-02  3.42211E-01
  1.5375000000E+00  1.5416666667E+00  4.17559E-02  3.21501E-01
  1.5416666667E+00  1.5458333333E+00  4.19189E-02  3.43980E-01
  1.5458333333E+00  1.5500000000E+00  4.18472E-02  3.49417E-01
  1.5500000000E+00  1.5541666667E+00  4.18038E-02  3.30047E-01
  1.5541666667E+00  1.5583333333E+00  4.19792E-02  3.76699E-01
  1.5583333333E+00  1.5625000000E+00  4.21013E-02  3.32258E-01
  1.5625000000E+00  1.5666666667E+00  4.23224E-02  4.29771E-01
  1.5666666667E+00  1.5708333333E+00  4.22769E-02  3.43105E-01
  1.5708333333E+00  1.5750000000E+00  4.23063E-02  3.79804E-01
  1.5750000000E+00  1.5791666667E+00  4.23585E-02  3.70290E-01
  1.5791666667E+00  1.5833333333E+00  4.20734E-02  3.10607E-01
  1.5833333333E+00  1.5875000000E+00  4.23151E-02  3.74278E-01
  1.5875000000E+00  1.5916666667E+00  4.19409E-02  2.97090E-01
  1.5916666667E+00  1.5958333333E+00  4.22070E-02  3.16016E-01
  1.5958333333E+00  1.6000000000E+00  4.23518E-02  3.88323E-01
  1.6000000000E+00  1.6041666667E+00  4.24372E-02  4.15563E-01
  1.6041666667E+00  1.6083333333E+00  4.21575E-02  3.12306E-01
  1.6083333333E+00  1.6125000000E+00  4.21783E-02  3.03798E-01
  1.6125000000E+00  1.6166666667E+00  4.20956E-02  2.94757E-01
  1.6166666667E+00  1.6208333333E+00  4.21519E-02  3.15701E-01
  1.6208333333E+00  1.6250000000E+00  4.23479E-02  3.44570E-01
  1.6250000000E+00  1.6291666667E+00  4.22883E-02  3.70526E-01
  1.6291666667E+00  1.6333333333E+00  4.23215E-02  3.25059E-01
  1.6333333333E+00  1.6375000000E+00  4.21077E-02  3.13405E-01
  1.6375000000E+00  1.6416666667E+00  4.23641E-02  3.73424E-01
  1.6416666667E+00  1.6458333333E+00  4.20676E-02  2.81429E-01
  1.6458333333E+00  1.6500000000E+00  4.20878E-02  2.93104E-01
  1.6500000000E+00  1.6541666667E+00  4.21000E-02  2.85987E-01
  1.6541666667E+00  1.6583333333E+00  4.21842E-02  2.99141E-01
  1.6583333333E+00  1.6625000000E+00  4.23358E-02  3.61940E-01
  1.6625000000E+00  1.6666666667E+00  4.25405E-02  3.75788E-01
  1.6666666667E+00  1.6708333333E+00  4.24172E-02  3.16540E-01
  1.6708333333E+00  1.6750000000E+00  4.23838E-02  3.06085E-01
  1.6750000000E+00  1.6791666667E+00  4.25258E-02  3.86185E-01
  1.6791666667E+00  1.6833333333E+00  4.22380E-02  2.73751E-01
  1.6833333333E+00  1.6875000000E+00  4.24292E-02  3.40759E-01
  1.6875000000E+00  1.6916666667E+00  4.22683E-02  2.90618E-01
  1.6916666667E+00  1.6958333333E+00  4.25691E-02  3.63108E-01
  1.6958333333E+00  1.7000000000E+00  4.25500E-02  3.55161E-01
  1.7000000000E+00  1.7041666667E+00  4.25239E-02  3.26394E-01
  1.7041666667E+00  1.7083333333E+00  4.26075E-02  3.83525E-01
  1.7083333333E+00  1.7125000000E+00  4.25748E-02  3.44559E-01
  1.7125000000E+00  1.7166666667E+00  4.29528E-02  4.51821E-01
  1.7166666667E+00  1.7208333333E+00  4.24946E-02  3.08649E-01
  1.7208333333E+00  1.7250000000E+00  4.26522E-02  3.65680E-01
  1.7250000000E+00  1.7291666667E+00  4.26910E-02  3.28638E-01
  1.7291666667E+00  1.7333333333E+00  4.26172E-02  3.24637E-01
  1.7333333333E+00  1.7375000000E+00  4.26531E-02  3.18727E-01
  1.7375000000E+00  1.7416666667E+00  4.27556E-02  3.49232E-01
  1.7416666667E+00  1.7458333333E+00  4.28009E-02  3.46255E-01
  1.7458333333E+00  1.7500000000E+00  4.26624E-02  3.15076E-01
  1.7500000000E+00  1.7541666667E+00  4.28683E-02  3.76481E-01
  1.7541666667E+00  1.7583333333E+00  4.27248E-02  3.01238E-01
  1.7583333333E+00  1.7625000000E+00  4.29201E-02  3.76000E-01
  1.7625000000E+00  1.7666666667E+00  4.30722E-02  4.20617E-01
  1.7666666667E+00  1.7708333333E+00  4.27321E-02  3.37269E-01
  1.7708333333E+00  1.7750000000E+00  4.26056E-02  2.99546E-01
  1.7750000000E+00  1.7791666667E+00  4.29354E-02  4.21346E-01
  1.7791666667E+00  1.7833333333E+00  4.29517E-02  3.81853E-01
  1.7833333333E+00  1.7875000000E+00  4.27402E-02  3.32369E-01
  1.7875000000E+00  1.7916666667E+00  4.27401E-02  3.52869E-01
  1.7916666667E+00  1.7958333333E+00  4.27602E-02  3.30892E-01
  1.7958333333E+00  1.8000000000E+00  4.29396E-02  3.61829E-01
  1.8000000000E+00  1.8041666667E+00  4.29814E-02  3.67872E-01
  1.8041666667E+00  1.8083333333E+00  4.29141E-02  3.10268E-01
  1.8083333333E+00  1.8125000000E+00  4.28067E-02  2.98582E-01
  1.8125000000E+00  1.8166666667E+00  4.29586E-02  3.64298E-01
  1.8166666667E+00  1.8208333333E+00  4.29231E-02  3.15213E-01
  1.8208333333E+00  1.8250000000E+00  4.30368E-02  3.37448E-01
  1.8250000000E+00  1.8291666667E+00  4.29280E-02  3.24256E-01
  1.8291666667E+00  1.8333333333E+00  4.30816E-02  3.30209E-01
  1.8333333333E+00  1.8375000000E+00  4.33285E-02  4.67765E-01
  1.8375000000E+00  1.8416666667E+00  4.33444E-02  3.73464E-01
  1.8416666667E+00  1.8458333333E+00  4.30958E-02  3.12430E-01
  1.8458333333E+00  1.8500000000E+00  4.32880E-02  3.40878E-01
  1.8500000000E+00  1.8541666667E+00  4.34413E-02  3.64152E-01
  1.8541666667E+00  1.8583333333E+00  4.31169E-02  3.44143E-01
  1.8583333333E+00  1.8625000000E+00  4.29022E-02  2.61040E-01
  1.8625000000E+00  1.8666666667E+00  4.29837E-02  3.14036E-01
  1.8666666667E+00  1.8708333333E+00  4.31406E-02  3.26306E-01
  1.8708333333E+00  1.8750000000E+00  4.32101E-02  3.73804E-01
  1.8750000000E+00  1.8791666667E+00  4.31297E-02  2.91945E-01
  1.8791666667E+00  1.8833333333E+00  4.31860E-02  3.12517E-01
  1.8833333333E+00  1.8875000000E+00  4.30099E-02  2.77927E-01
  1.8875000000E+00  1.8916666667E+00  4.34701E-02  4.20199E-01
  1.8916666667E+00  1.8958333333E+00  4.30292E-02  2.73871E-01
  1.8958333333E+00  1.9000000000E+00  4.31201E-02  2.91985E-01
  1.9000000000E+00  1.9041666667E+00  4.31947E-02  3.32097E-01
  1.9041666667E+00  1.9083333333E+00  4.34022E-02  3.90506E-01
  1.9083333333E+00  1.9125000000E+00  4.34270E-02  3.62996E-01
  1.9125000000E+00  1.9166666667E+00  4.34187E-02  3.29312E-01
  1.9166666667E+00  1.9208333333E+00  4.33973E-02  3.30091E-01
  1.9208333333E+00  1.9250000000E+00  4.33817E-02  3.66260E-01
  1.9250000000E+00  1.9291666667E+00  4.33108E-02  3.16330E-01
  1.9291666667E+00  1.9333333333E+00  4.30549E-02  2.51147E-01
  1.9333333333E+00  1.9375000000E+00  4.32174E-02  3.21933E-01
  1.9375000000E+00  1.9416666667E+00  4.34162E-02  3.55430E-01
  1.9416666667E+00  1.9458333333E+00  4.32633E-02  3.03052E-01
  1.9458333333E+00  1.9500000000E+00  4.36016E-02  3.43314E-01
  1.9500000000E+00  1.9541666667E+00  4.36155E-02  3.97812E-01
  1.9541666667E+00  1.9583333333E+00  4.34231E-02  2.82322E-01
  1.9583333333E+00  1.9625000000E+00  4.34724E-02  3.28475E-01
  1.9625000000E+00  1.9666666667E+00  4.34635E-02  3.35318E-01
  1.9666666667E+00  1.9708333333E+00  4.34936E-02  3.35015E-01
  1.9708333333E+00  1.9750000000E+00  4.36108E-02  3.45175E-01
  1.9750000000E+00  1.9791666667E+00  4.33053E-02  2.49543E-01
  1.9791666667E+00  1.9833333333E+00  4.35724E-02  3.21655E-01
  1.9833333333E+00  1.9875000000E+00  4.37190E-02  3.47563E-01
  1.9875000000E+00  1.9916666667E+00  4.34641E-02  2.83266E-01
  1.9916666667E+00  1.9958333333E+00  4.36998E-02  3.23807E-01
  1.9958333333E+00  2.0000000000E+00  4.37134E-02  3.27200E-01
  2.0000000000E+00  2.0041666667E+00  4.37761E-02  3.09497E-01
  2.0041666667E+00  2.0083333333E+00  4.36173E-02  3.05786E-01
  2.0083333333E+00  2.0125000000E+00  4.36322E-02  2.95101E-01
  2.0125000000E+00  2.0166666667E+00  4.37723E-02  3.13851E-01
  2.0166666667E+00  2.0208333333E+00  4.39212E-02  3.30426E-01
  2.0208333333E+00  2.0250000000E+00  4.38559E-02  3.13306E-01
  2.0250000000E+00  2.0291666667E+00  4.38937E-02  3.50669E-01
  2.0291666667E+00  2.0333333333E+00  4.38888E-02  3.17992E-01
  2.0333333333E+00  2.0375000000E+00  4.38259E-02  3.14952E-01
  2.0375000000E+00  2.0416666667E+00  4.39901E-02  3.50758E-01
  2.0416666667E+00  2.0458333333E+00  4.38214E-02  2.88896E-01
  2.0458333333E+00  2.0500000000E+00  4.39449E-02  3.37181E-01
  2.0500000000E+00  2.0541666667E+00  4.40454E-02  3.34674E-01
  2.0541666667E+00  2.0583333333E+00  4.39469E-02  3.20653E-01
  2.0583333333E+00  2.0625000000E+00  4.42312E-02  4.04049E-01
  2.0625000000E+00  2.0666666667E+00  4.41176E-02  3.58086E-01
  2.0666666667E+00  2.0708333333E+00  4.41097E-02  3.27388E-01
  2.0708333333E+00  2.0750000000E+00  4.40309E-02  3.07018E-01
  2.0750000000E+00  2.0791666667E+00  4.40671E-02  3.20511E-01
  2.0791666667E+00  2.0833333333E+00  4.43871E-02  4.19340E-01
  2.0833333333E+00  2.0875000000E+00  4.43964E-02  3.82467E-01
  2.0875000000E+00  2.0916666667E+00  4.43132E-02  3.71170E-01
  2.0916666667E+00  2.0958333333E+00  4.43986E-02  3.93424E-01
  2.0958333333E+00  2.1000000000E+00  4.42588E-02  2.84282E-01
  2.1000000000E+00  2.1041666667E+00  4.44481E-02  3.52441E-01
  2.1041666667E+00  2.1083333333E+00  4.46118E-02  3.71120E-01
  2.1083333333E+00  2.1125000000E+00  4.46414E-02  4.23250E-01
  2.1125000000E+00  2.1166666667E+00  4.45093E-02  3.38233E-01
  2.1166666667E+00  2.1208333333E+00  4.42761E-02  2.89621E-01
  2.1208333333E+00  2.1250000000E+00  4.42915E-02  3.62706E-01
  2.1250000000E+00  2.1291666667E+00  4.44091E-02  3.29722E-01
  2.1291666667E+00  2.1333333333E+00  4.46748E-02  3.82507E-01
  2.1333333333E+00  2.1375000000E+00  4.44405E-02  3.13461E-01
  2.1375000000E+00  2.1416666667E+00  4.44001E-02  3.51454E-01
  2.1416666667E+00  2.1458333333E+00  4.45834E-02  3.34829E-01
  2.1458333333E+00  2.1500000000E+00  4.49856E-02  3.85609E-01
  2.1500000000E+00  2.1541666667E+00  4.47756E-02  3.60047E-01
  2.1541666667E+00  2.1583333333E+00  4.46583E-02  3.66702E-01
  2.1583333333E+00  2.1625000000E+00  4.46110E-02  3.05142E-01
  2.1625000000E+00  2.1666666667E+00  4.48612E-02  3.94881E-01
  2.1666666667E+00  2.1708333333E+00  4.46848E-02  3.13209E-01
  2.1708333333E+00  2.1750000000E+00  4.46438E-02  3.14769E-01
  2.1750000000E+00  2.1791666667E+00  4.47692E-02  3.31277E-01
  2.1791666667E+00  2.1833333333E+00  4.47914E-02  3.30865E-01
  2.1833333333E+00  2.1875000000E+00  4.49385E-02  3.72372E-01
  2.1875000000E+00  2.1916666667E+00  4.50531E-02  3.55899E-01
  2.1916666667E+00  2.1958333333E+00  4.47332E-02  3.20023E-01
  2.1958333333E+00  2.2000000000E+00  4.47677E-02  3.05601E-01
  2.2000000000E+00  2.2041666667E+00  4.48113E-02  3.00787E-01
  2.2041666667E+00  2.2083333333E+00  4.50678E-02  3.68074E-01
  2.2083333333E+00  2.2125000000E+00  4.50007E-02  3.68712E-01
  2.2125000000E+00  2.2166666667E+00  4.48527E-02  3.17690E-01
  2.2166666667E+00  2.2208333333E+00  4.51082E-02  3.33392E-01
  2.2208333333E+00  2.2250000000E+00  4.51191E-02  3.56942E-01
  2.2250000000E+00  2.2291666667E+00  4.49362E-02  3.26338E-01
  2.2291666667E+00  2.2333333333E+00  4.50967E-02  3.46824E-01
  2.2333333333E+00  2.2375000000E+00  4.52089E-02  3.68368E-01
  2.2375000000E+00  2.2416666667E+00  4.51185E-02  3.44380E-01
  2.2416666667E+00  2.2458333333E+00  4.50938E-02  3.42277E-01
  2.2458333333E+00  2.2500000000E+00  4.50906E-02  3.13659E-01
  2.2500000000E+00  2.2541666667E+00  4.50824E-02  3.31709E-01
  2.2541666667E+00  2.2583333333E+00  4.52076E-02  3.52500E-01
  2.2583333333E+00  2.2625000000E+00  4.49858E-02  2.93246E-01
  2.2625000000E+00  2.2666666667E+00  4.51593E-02  3.29949E-01
  2.2666666667E+00  2.2708333333E+00  4.53716E-02  3.78247E-01
  2.2708333333E+00  2.2750000000E+00  4.52538E-02  3.16577E-01
  2.2750000000E+00  2.2791666667E+00  4.52572E-02  3.16578E-01
  2.2791666667E+00  2.2833333333E+00  4.51270E-02  3.27296E-01
  2.2833333333E+00  2.2875000000E+00  4.52817E-02  3.50443E-01
  2.2875000000E+00  2.2916666667E+00  4.52904E-02  3.26569E-01
  2.2916666667E+00  2.2958333333E+00  4.53088E-02  3.42330E-01
  2.2958333333E+00  2.3000000000E+00  4.55290E-02  3.44200E-01
  2.3000000000E+00  2.3041666667E+00  4.57292E-02  3.94106E-01
  2.3041666667E+00  2.3083333333E+00  4.53715E-02  2.86787E-01
  2.3083333333E+00  2.3125000000E+00  4.53378E-02  3.07710E-01
  2.3125000000E+00  2.3166666667E+00  4.55267E-02  3.65598E-01
  2.3166666667E+00  2.3208333333E+00  4.54939E-02  3.48088E-01
  2.3208333333E+00  2.3250000000E+00  4.54554E-02  2.92186E-01
  2.3250000000E+00  2.3291666667E+00  4.57461E-02  3.79598E-01
  2.3291666667E+00  2.3333333333E+00  4.57310E-02  3.70204E-01
  2.3333333333E+00  2.3375000000E+00  4.57201E-02  3.74710E-01
  2.3375000000E+00  2.3416666667E+00  4.55160E-02  3.10265E-01
  2.3416666667E+00  2.3458333333E+00  4.56928E-02  3.66716E-01
  2.3458333333E+00  2.3500000000E+00  4.56086E-02  3.18317E-01
  2.3500000000E+00  2.3541666667E+00  4.56900E-02  3.38320E-01
  2.3541666667E+00  2.3583333333E+00  4.55522E-02  2.86816E-01
  2.3583333333E+00  2.3625000000E+00  4.55000E-02  2.83404E-01
  2.3625000000E+00  2.3666666667E+00  4.57835E-02  3.54725E-01
  2.3666666667E+00  2.3708333333E+00  4.57872E-02  3.32354E-01
  2.3708333333E+00  2.3750000000E+00  4.54608E-02  2.61778E-01
  2.3750000000E+00  2.3791666667E+00  4.58724E-02  3.67053E-01
  2.3791666667E+00  2.3833333333E+00  4.53615E-02  2.28470E-01
  2.3833333333E+00  2.3875000000E+00  4.55651E-02  2.84016E-01
  2.3875000000E+00  2.3916666667E+00  4.57182E-02  2.89351E-01
  2.3916666667E+00  2.3958333333E+00  4.57449E-02  3.27834E-01
  2.3958333333E+00  2.4000000000E+00  4.59983E-02  3.62355E-01
  2.4000000000E+00  2.4041666667E+00  4.56731E-02  3.00992E-01
  2.4041666667E+00  2.4083333333E+00  4.57784E-02  3.24608E-01
  2.4083333333E+00  2.4125000000E+00  4.58933E-02  3.53209E-01
  2.4125000000E+00  2.4166666667E+00  4.59504E-02  3.52183E-01
  2.4166666667E+00  2.4208333333E+00  4.57462E-02  2.82109E-01
  2.4208333333E+00  2.4250000000E+00  4.58377E-02  3.26287E-01
  2.4250000000E+00  2.4291666667E+00  4.58678E-02  3.10573E-01
  2.4291666667E+00  2.4333333333E+00  4.59907E-02  3.41901E-01
  2.4333333333E+00  2.4375000000E+00  4.59470E-02  3.20524E-01
  2.4375000000E+00  2.4416666667E+00  4.60791E-02  3.52161E-01
  2.4416666667E+00  2.4458333333E+00  4.59968E-02  2.92803E-01
  2.4458333333E+00  2.4500000000E+00  4.60452E-02  3.21501E-01
  2.4500000000E+00  2.4541666667E+00  4.60232E-02  2.92885E-01
  2.4541666667E+00  2.4583333333E+00  4.62218E-02  3.42549E-01
  2.4583333333E+00  2.4625000000E+00  4.62359E-02  3.58031E-01
  2.4625000000E+00  2.4666666667E+00  4.61029E-02  3.03580E-01
  2.4666666667E+00  2.4708333333E+00  4.62428E-02  3.17055E-01
  2.4708333333E+00  2.4750000000E+00  4.62565E-02  3.14955E-01
  2.4750000000E+00  2.4791666667E+00  4.61922E-02  3.07041E-01
  2.4791666667E+00  2.4833333333E+00  4.62671E-02  3.39938E-01
  2.4833333333E+00  2.4875000000E+00  4.59981E-02  2.54906E-01
  2.4875000000E+00  2.4916666667E+00  4.64053E-02  3.43940E-01
  2.4916666667E+00  2.4958333333E+00  4.62674E-02  3.23873E-01
  2.4958333333E+00  2.5000000000E+00  4.64536E-02  3.40985E-01
  2.5000000000E+00  2.5041666667E+00  4.65920E-02  3.34021E-01
  2.5041666667E+00  2.5083333333E+00  4.65779E-02  3.58141E-01
  2.5083333333E+00  2.5125000000E+00  4.65470E-02  3.28082E-01
  2.5125000000E+00  2.5166666667E+00  4.65939E-02  3.51916E-01
  2.5166666667E+00  2.5208333333E+00  4.66318E-02  3.59620E-01
  2.5208333333E+00  2.5250000000E+00  4.66004E-02  3.64936E-01
  2.5250000000E+00  2.5291666667E+00  4.65045E-02  2.99955E-01
  2.5291666667E+00  2.5333333333E+00  4.65544E-02  3.06022E-01
  2.5333333333E+00  2.5375000000E+00  4.69903E-02  4.24105E-01
  2.5375000000E+00  2.5416666667E+00  4.66207E-02  3.01355E-01
  2.5416666667E+00  2.5458333333E+00  4.66048E-02  3.36245E-01
  2.5458333333E+00  2.5500000000E+00  4.66760E-02  3.41214E-01
  2.5500000000E+00  2.5541666667E+00  4.66325E-02  3.14866E-01
  2.5541666667E+00  2.5583333333E+00  4.65208E-02  2.85754E-01
  2.5583333333E+00  2.5625000000E+00  4.64756E-02  2.76265E-01
  2.5625000000E+00  2.5666666667E+00  4.68632E-02  3.47356E-01
  2.5666666667E+00  2.5708333333E+00  4.68612E-02  3.21184E-01
  2.5708333333E+00  2.5750000000E+00  4.67119E-02  3.10084E-01
  2.5750000000E+00  2.5791666667E+00  4.67804E-02  2.87131E-01
  2.5791666667E+00  2.5833333333E+00  4.68130E-02  3.31917E-01
  2.5833333333E+00  2.5875000000E+00  4.70810E-02  3.43971E-01
  2.5875000000E+00  2.5916666667E+00  4.71672E-02  3.88194E-01
  2.5916666667E+00  2.5958333333E+00  4.69835E-02  3.16937E-01
  2.5958333333E+00  2.6000000000E+00  4.70953E-02  3.22565E-01
  2.6000000000E+00  2.6041666667E+00  4.70155E-02  2.87992E-01
  2.6041666667E+00  2.6083333333E+00  4.70988E-02  3.31924E-01
  2.6083333333E+00  2.6125000000E+00  4.71381E-02  3.24942E-01
  2.6125000000E+00  2.6166666667E+00  4.72412E-02  3.58473E-01
  2.6166666667E+00  2.6208333333E+00  4.70079E-02  3.11258E-01
  2.6208333333E+00  2.6250000000E+00  4.71812E-02  3.14434E-01
  2.6250000000E+00  2.6291666667E+00  4.72074E-02  3.14615E-01
  2.6291666667E+00  2.6333333333E+00  4.69339E-02  2.65583E-01
  2.6333333333E+00  2.6375000000E+00  4.71595E-02  3.26505E-01
  2.6375000000E+00  2.6416666667E+00  4.72040E-02  3.34156E-01
  2.6416666667E+00  2.6458333333E+00  4.72494E-02  3.06116E-01
  2.6458333333E+00  2.6500000000E+00  4.75006E-02  3.82495E-01
  2.6500000000E+00  2.6541666667E+00  4.71735E-02  2.76671E-01
  2.6541666667E+00  2.6583333333E+00  4.73208E-02  2.87359E-01
  2.6583333333E+00  2.6625000000E+00  4.74562E-02  3.30350E-01
  2.6625000000E+00  2.6666666667E+00  4.73274E-02  2.81903E-01
  2.6666666667E+00  2.6708333333E+00  4.74378E-02  3.08067E-01
  2.6708333333E+00  2.6750000000E+00  4.74430E-02  3.38316E-01
  2.6750000000E+00  2.6791666667E+00  4.74336E-02  3.23120E-01
  2.6791666667E+00  2.6833333333E+00  4.76534E-02  3.25125E-01
  2.6833333333E+00  2.6875000000E+00  4.75116E-02  3.33366E-01
  2.6875000000E+00  2.6916666667E+00  4.75128E-02  3.18658E-01
  2.6916666667E+00  2.6958333333E+00  4.74640E-02  2.84836E-01
  2.6958333333E+00  2.7000000000E+00  4.77653E-02  3.43336E-01
  2.7000000000E+00  2.7041666667E+00  4.76159E-02  2.94165E-01
  2.7041666667E+00  2.7083333333E+00  4.78008E-02  3.57915E-01
  2.7083333333E+00  2.7125000000E+00  4.74794E-02  2.72342E-01
  2.7125000000E+00  2.7166666667E+00  4.74702E-02  2.83593E-01
  2.7166666667E+00  2.7208333333E+00  4.74385E-02  2.83876E-01
  2.7208333333E+00  2.7250000000E+00  4.77056E-02  3.05318E-01
  2.7250000000E+00  2.7291666667E+00  4.79230E-02  3.58226E-01
  2.7291666667E+00  2.7333333333E+00  4.78818E-02  3.58471E-01
  2.7333333333E+00  2.7375000000E+00  4.77891E-02  3.12583E-01
  2.7375000000E+00  2.7416666667E+00  4.77495E-02  2.81157E-01
  2.7416666667E+00  2.7458333333E+00  4.79695E-02  3.20404E-01
  2.7458333333E+00  2.7500000000E+00  4.79004E-02  2.95169E-01
  2.7500000000E+00  2.7541666667E+00  4.81117E-02  3.39527E-01
  2.7541666667E+00  2.7583333333E+00  4.80028E-02  3.01971E-01
  2.7583333333E+00  2.7625000000E+00  4.79873E-02  3.16668E-01
  2.7625000000E+00  2.7666666667E+00  4.80262E-02  3.11110E-01
  2.7666666667E+00  2.7708333333E+00  4.82643E-02  3.36515E-01
  2.7708333333E+00  2.7750000000E+00  4.82170E-02  3.20746E-01
  2.7750000000E+00  2.7791666667E+00  4.79701E-02  2.81887E-01
  2.7791666667E+00  2.7833333333E+00  4.80588E-02  3.07954E-01
  2.7833333333E+00  2.7875000000E+00  4.81667E-02  3.10427E-01
  2.7875000000E+00  2.7916666667E+00  4.80676E-02  3.09931E-01
  2.7916666667E+00  2.7958333333E+00  4.81444E-02  3.33743E-01
  2.7958333333E+00  2.8000000000E+00  4.82218E-02  3.10604E-01
  2.8000000000E+00  2.8041666667E+00  4.80830E-02  2.72557E-01
  2.8041666667E+00  2.8083333333E+00  4.81910E-02  3.05155E-01
  2.8083333333E+00  2.8125000000E+00  4.82918E-02  3.11302E-01
  2.8125000000E+00  2.8166666667E+00  4.83947E-02  3.17509E-01
  2.8166666667E+00  2.8208333333E+00  4.84433E-02  3.10431E-01
  2.8208333333E+00  2.8250000000E+00  4.84232E-02  3.33548E-01
  2.8250000000E+00  2.8291666667E+00  4.83979E-02  2.98111E-01
  2.8291666667E+00  2.8333333333E+00  4.85304E-02  3.17193E-01
  2.8333333333E+00  2.8375000000E+00  4.88884E-02  3.94462E-01
  2.8375000000E+00  2.8416666667E+00  4.89761E-02  3.71226E-01
  2.8416666667E+00  2.8458333333E+00  4.86156E-02  2.98357E-01
  2.8458333333E+00  2.8500000000E+00  4.85693E-02  3.09686E-01
  2.8500000000E+00  2.8541666667E+00  4.87087E-02  3.33746E-01
  2.8541666667E+00  2.8583333333E+00  4.86251E-02  3.38777E-01
  2.8583333333E+00  2.8625000000E+00  4.88443E-02  3.36888E-01
  2.8625000000E+00  2.8666666667E+00  4.86502E-02  2.99149E-01
  2.8666666667E+00  2.8708333333E+00  4.88179E-02  3.12347E-01
  2.8708333333E+00  2.8750000000E+00  4.89467E-02  3.55602E-01
  2.8750000000E+00  2.8791666667E+00  4.87981E-02  3.43845E-01
  2.8791666667E+00  2.8833333333E+00  4.87515E-02  2.97148E-01
  2.8833333333E+00  2.8875000000E+00  4.88699E-02  3.31951E-01
  2.8875000000E+00  2.8916666667E+00  4.88072E-02  2.93642E-01
  2.8916666667E+00  2.8958333333E+00  4.89331E-02  3.36056E-01
  2.8958333333E+00  2.9000000000E+00  4.89364E-02  3.26234E-01
  2.9000000000E+00  2.9041666667E+00  4.91994E-02  3.45541E-01
  2.9041666667E+00  2.9083333333E+00  4.87347E-02  2.56892E-01
  2.9083333333E+00  2.9125000000E+00  4.90896E-02  3.15913E-01
  2.9125000000E+00  2.9166666667E+00  4.92264E-02  3.40704E-01
  2.9166666667E+00  2.9208333333E+00  4.92835E-02  3.60983E-01
  2.9208333333E+00  2.9250000000E+00  4.91846E-02  3.07291E-01
  2.9250000000E+00  2.9291666667E+00  4.92455E-02  3.50696E-01
  2.9291666667E+00  2.9333333333E+00  4.90946E-02  2.92294E-01
  2.9333333333E+00  2.9375000000E+00  4.90438E-02  2.83982E-01
  2.9375000000E+00  2.9416666667E+00  4.93101E-02  3.53377E-01
  2.9416666667E+00  2.9458333333E+00  4.94135E-02  3.61033E-01
  2.9458333333E+00  2.9500000000E+00  4.93792E-02  3.32275E-01
  2.9500000000E+00  2.9541666667E+00  4.92822E-02  3.08507E-01
  2.9541666667E+00  2.9583333333E+00  4.95708E-02  3.51456E-01
  2.9583333333E+00  2.9625000000E+00  4.93893E-02  2.95071E-01
  2.9625000000E+00  2.9666666667E+00  4.97934E-02  3.69242E-01
  2.9666666667E+00  2.9708333333E+00  4.94423E-02  2.96473E-01
  2.9708333333E+00  2.9750000000E+00  4.96137E-02  3.72794E-01
  2.9750000000E+00  2.9791666667E+00  4.95397E-02  3.34152E-01
  2.9791666667E+00  2.9833333333E+00  4.97205E-02  3.69297E-01
  2.9833333333E+00  2.9875000000E+00  4.95152E-02  2.82785E-01
  2.9875000000E+00  2.9916666667E+00  4.97450E-02  3.29748E-01
  2.9916666667E+00  2.9958333333E+00  4.95384E-02  2.64992E-01
  2.9958333333E+00  3.0000000000E+00  4.96528E-02  3.35643E-01
  3.0000000000E+00  3.0041666667E+00  4.96201E-02  2.99369E-01
  3.0041666667E+00  3.0083333333E+00  4.96309E-02  3.01304E-01
  3.0083333333E+00  3.0125000000E+00  4.96499E-02  2.91655E-01
  3.0125000000E+00  3.0166666667E+00  4.99097E-02  3.47461E-01
  3.0166666667E+00  3.0208333333E+00  4.99160E-02  3.24321E-01
  3.0208333333E+00  3.0250000000E+00  5.00134E-02  3.56335E-01
  3.0250000000E+00  3.0291666667E+00  4.96088E-02  2.64277E-01
  3.0291666667E+00  3.0333333333E+00  4.96605E-02  2.56961E-01
  3.0333333333E+00  3.0375000000E+00  5.01629E-02  3.59488E-01
  3.0375000000E+00  3.0416666667E+00  5.00280E-02  3.07641E-01
  3.0416666667E+00  3.0458333333E+00  5.01252E-02  3.21333E-01
  3.0458333333E+00  3.0500000000E+00  5.02084E-02  3.47692E-01
  3.0500000000E+00  3.0541666667E+00  5.00895E-02  3.27955E-01
  3.0541666667E+00  3.0583333333E+00  5.01880E-02  3.53770E-01
  3.0583333333E+00  3.0625000000E+00  5.01250E-02  3.28931E-01
  3.0625000000E+00  3.0666666667E+00  4.98915E-02  2.74939E-01
  3.0666666667E+00  3.0708333333E+00  4.99766E-02  2.99596E-01
  3.0708333333E+00  3.0750000000E+00  5.01729E-02  3.04753E-01
  3.0750000000E+00  3.0791666667E+00  5.05967E-02  3.63776E-01
  3.0791666667E+00  3.0833333333E+00  5.02651E-02  3.14788E-01
  3.0833333333E+00  3.0875000000E+00  5.02799E-02  3.18663E-01
  3.0875000000E+00  3.0916666667E+00  5.00355E-02  2.72922E-01
  3.0916666667E+00  3.0958333333E+00  5.01715E-02  2.98671E-01
  3.0958333333E+00  3.1000000000E+00  5.02365E-02  2.92640E-01
  3.1000000000E+00  3.1041666667E+00  5.05945E-02  3.33004E-01
  3.1041666667E+00  3.1083333333E+00  5.04050E-02  2.76567E-01
  3.1083333333E+00  3.1125000000E+00  5.06545E-02  3.62680E-01
  3.1125000000E+00  3.1166666667E+00  5.04157E-02  2.80194E-01
  3.1166666667E+00  3.1208333333E+00  5.06313E-02  3.26129E-01
  3.1208333333E+00  3.1250000000E+00  5.06670E-02  3.27468E-01
  3.1250000000E+00  3.1291666667E+00  5.05552E-02  2.98249E-01
  3.1291666667E+00  3.1333333333E+00  5.08485E-02  3.43382E-01
  3.1333333333E+00  3.1375000000E+00  5.05459E-02  2.81303E-01
  3.1375000000E+00  3.1416666667E+00  5.07501E-02  3.47319E-01
  3.1416666667E+00  3.1458333333E+00  5.05887E-02  3.09041E-01
  3.1458333333E+00  3.1500000000E+00  5.07827E-02  3.13405E-01
  3.1500000000E+00  3.1541666667E+00  5.06746E-02  3.17464E-01
  3.1541666667E+00  3.1583333333E+00  5.08509E-02  3.35212E-01
  3.1583333333E+00  3.1625000000E+00  5.07347E-02  2.90770E-01
  3.1625000000E+00  3.1666666667E+00  5.07165E-02  2.67229E-01
  3.1666666667E+00  3.1708333333E+00  5.07306E-02  2.86823E-01
  3.1708333333E+00  3.1750000000E+00  5.07468E-02  2.69849E-01
  3.1750000000E+00  3.1791666667E+00  5.10827E-02  3.26793E-01
  3.1791666667E+00  3.1833333333E+00  5.10626E-02  3.01264E-01
  3.1833333333E+00  3.1875000000E+00  5.09873E-02  2.94016E-01
  3.1875000000E+00  3.1916666667E+00  5.10017E-02  2.99348E-01
  3.1916666667E+00  3.1958333333E+00  5.11578E-02  2.99449E-01
  3.1958333333E+00  3.2000000000E+00  5.11474E-02  3.14113E-01
  3.2000000000E+00  3.2041666667E+00  5.12336E-02  3.28277E-01
  3.2041666667E+00  3.2083333333E+00  5.12499E-02  3.20953E-01
  3.2083333333E+00  3.2125000000E+00  5.11608E-02  2.97983E-01
  3.2125000000E+00  3.2166666667E+00  5.13151E-02  3.07931E-01
  3.2166666667E+00  3.2208333333E+00  5.15535E-02  3.46819E-01
  3.2208333333E+00  3.2250000000E+00  5.14928E-02  3.20122E-01
  3.2250000000E+00  3.2291666667E+00  5.14343E-02  3.22895E-01
  3.2291666667E+00  3.2333333333E+00  5.13707E-02  3.18019E-01
  3.2333333333E+00  3.2375000000E+00  5.14115E-02  2.99061E-01
  3.2375000000E+00  3.2416666667E+00  5.14881E-02  3.32488E-01
  3.2416666667E+00  3.2458333333E+00  5.15324E-02  3.10861E-01
  3.2458333333E+00  3.2500000000E+00  5.15623E-02  2.87143E-01
  3.2500000000E+00  3.2541666667E+00  5.15948E-02  2.98367E-01
  3.2541666667E+00  3.2583333333E+00  5.17105E-02  3.19385E-01
  3.2583333333E+00  3.2625000000E+00  5.18728E-02  3.17367E-01
  3.2625000000E+00  3.2666666667E+00  5.17700E-02  2.97642E-01
  3.2666666667E+00  3.2708333333E+00  5.18649E-02  3.07092E-01
  3.2708333333E+00  3.2750000000E+00  5.20497E-02  3.44020E-01
  3.2750000000E+00  3.2791666667E+00  5.17977E-02  2.83295E-01
  3.2791666667E+00  3.2833333333E+00  5.18609E-02  3.28769E-01
  3.2833333333E+00  3.2875000000E+00  5.20829E-02  3.36044E-01
  3.2875000000E+00  3.2916666667E+00  5.20229E-02  3.03994E-01
  3.2916666667E+00  3.2958333333E+00  5.20239E-02  3.14894E-01
  3.2958333333E+00  3.3000000000E+00  5.19192E-02  2.86149E-01
  3.3000000000E+00  3.3041666667E+00  5.19184E-02  2.81099E-01
  3.3041666667E+00  3.3083333333E+00  5.20205E-02  3.27307E-01
  3.3083333333E+00  3.3125000000E+00  5.20523E-02  3.09183E-01
  3.3125000000E+00  3.3166666667E+00  5.21174E-02  2.99368E-01
  3.3166666667E+00  3.3208333333E+00  5.21414E-02  3.20230E-01
  3.3208333333E+00  3.3250000000E+00  5.19040E-02  2.53097E-01
  3.3250000000E+00  3.3291666667E+00  5.21272E-02  2.90851E-01
  3.3291666667E+00  3.3333333333E+00  5.22269E-02  2.88190E-01
  3.3333333333E+00  3.3375000000E+00  5.23889E-02  3.24354E-01
  3.3375000000E+00  3.3416666667E+00  5.27002E-02  3.63525E-01
  3.3416666667E+00  3.3458333333E+00  5.28076E-02  3.43674E-01
  3.3458333333E+00  3.3500000000E+00  5.26922E-02  3.14949E-01
  3.3500000000E+00  3.3541666667E+00  5.25060E-02  2.87035E-01
  3.3541666667E+00  3.3583333333E+00  5.24284E-02  2.69800E-01
  3.3583333333E+00  3.3625000000E+00  5.26296E-02  2.95284E-01
  3.3625000000E+00  3.3666666667E+00  5.27741E-02  3.10867E-01
  3.3666666667E+00  3.3708333333E+00  5.27833E-02  3.11542E-01
  3.3708333333E+00  3.3750000000E+00  5.27587E-02  2.89867E-01
  3.3750000000E+00  3.3791666667E+00  5.29405E-02  3.51362E-01
  3.3791666667E+00  3.3833333333E+00  5.28505E-02  3.09967E-01
  3.3833333333E+00  3.3875000000E+00  5.29479E-02  3.20325E-01
  3.3875000000E+00  3.3916666667E+00  5.29729E-02  3.00907E-01
  3.3916666667E+00  3.3958333333E+00  5.30702E-02  3.23662E-01
  3.3958333333E+00  3.4000000000E+00  5.29861E-02  2.97628E-01
  3.4000000000E+00  3.4041666667E+00  5.30904E-02  2.99872E-01
  3.4041666667E+00  3.4083333333E+00  5.33704E-02  3.63079E-01
  3.4083333333E+00  3.4125000000E+00  5.31896E-02  3.06517E-01
  3.4125000000E+00  3.4166666667E+00  5.32089E-02  3.15958E-01
  3.4166666667E+00  3.4208333333E+00  5.30322E-02  2.60170E-01
  3.4208333333E+00  3.4250000000E+00  5.31354E-02  2.92690E-01
  3.4250000000E+00  3.4291666667E+00  5.31635E-02  2.91631E-01
  3.4291666667E+00  3.4333333333E+00  5.32379E-02  2.95282E-01
  3.4333333333E+00  3.4375000000E+00  5.32070E-02  2.92344E-01
  3.4375000000E+00  3.4416666667E+00  5.32086E-02  2.88730E-01
  3.4416666667E+00  3.4458333333E+00  5.34767E-02  3.45796E-01
  3.4458333333E+00  3.4500000000E+00  5.33627E-02  2.90954E-01
  3.4500000000E+00  3.4541666667E+00  5.34132E-02  3.10843E-01
  3.4541666667E+00  3.4583333333E+00  5.34461E-02  2.70642E-01
  3.4583333333E+00  3.4625000000E+00  5.37764E-02  3.33450E-01
  3.4625000000E+00  3.4666666667E+00  5.36321E-02  2.87455E-01
  3.4666666667E+00  3.4708333333E+00  5.38272E-02  3.35927E-01
  3.4708333333E+00  3.4750000000E+00  5.38302E-02  3.37328E-01
  3.4750000000E+00  3.4791666667E+00  5.39775E-02  3.38570E-01
  3.4791666667E+00  3.4833333333E+00  5.41052E-02  3.48080E-01
  3.4833333333E+00  3.4875000000E+00  5.39526E-02  3.35832E-01
  3.4875000000E+00  3.4916666667E+00  5.38724E-02  3.11144E-01
  3.4916666667E+00  3.4958333333E+00  5.37744E-02  2.86931E-01
  3.4958333333E+00  3.5000000000E+00  5.38181E-02  2.72817E-01
  3.5000000000E+00  3.5041666667E+00  5.40534E-02  3.17390E-01
  3.5041666667E+00  3.5083333333E+00  5.40584E-02  2.92336E-01
  3.5083333333E+00  3.5125000000E+00  5.41054E-02  3.03820E-01
  3.5125000000E+00  3.5166666667E+00  5.42412E-02  3.10659E-01
  3.5166666667E+00  3.5208333333E+00  5.43837E-02  3.20571E-01
  3.5208333333E+00  3.5250000000E+00  5.45559E-02  3.27316E-01
  3.5250000000E+00  3.5291666667E+00  5.44278E-02  3.15089E-01
  3.5291666667E+00  3.5333333333E+00  5.42753E-02  3.25516E-01
  3.5333333333E+00  3.5375000000E+00  5.41229E-02  2.78552E-01
  3.5375000000E+00  3.5416666667E+00  5.43200E-02  2.96852E-01
  3.5416666667E+00  3.5458333333E+00  5.43269E-02  2.81447E-01
  3.5458333333E+00  3.5500000000E+00  5.45480E-02  3.18872E-01
  3.5500000000E+00  3.5541666667E+00  5.44049E-02  2.78044E-01
  3.5541666667E+00  3.5583333333E+00  5.48803E-02  3.41120E-01
  3.5583333333E+00  3.5625000000E+00  5.49214E-02  3.23370E-01
  3.5625000000E+00  3.5666666667E+00  5.48525E-02  2.89053E-01
  3.5666666667E+00  3.5708333333E+00  5.48595E-02  3.06348E-01
  3.5708333333E+00  3.5750000000E+00  5.46837E-02  2.86932E-01
  3.5750000000E+00  3.5791666667E+00  5.46626E-02  2.66363E-01
  3.5791666667E+00  3.5833333333E+00  5.49735E-02  3.01706E-01
  3.5833333333E+00  3.5875000000E+00  5.50348E-02  3.12459E-01
  3.5875000000E+00  3.5916666667E+00  5.50355E-02  2.99681E-01
  3.5916666667E+00  3.5958333333E+00  5.49181E-02  2.83192E-01
  3.5958333333E+00  3.6000000000E+00  5.50978E-02  2.99876E-01
  3.6000000000E+00  3.6041666667E+00  5.53137E-02  3.25047E-01
  3.6041666667E+00  3.6083333333E+00  5.51509E-02  3.00284E-01
  3.6083333333E+00  3.6125000000E+00  5.51547E-02  2.83893E-01
  3.6125000000E+00  3.6166666667E+00  5.54030E-02  3.23181E-01
  3.6166666667E+00  3.6208333333E+00  5.56431E-02  3.47651E-01
  3.6208333333E+00  3.6250000000E+00  5.53808E-02  2.93872E-01
  3.6250000000E+00  3.6291666667E+00  5.56612E-02  3.22480E-01
  3.6291666667E+00  3.6333333333E+00  5.57167E-02  3.33743E-01
  3.6333333333E+00  3.6375000000E+00  5.59122E-02  3.49865E-01
  3.6375000000E+00  3.6416666667E+00  5.56443E-02  2.84507E-01
  3.6416666667E+00  3.6458333333E+00  5.56979E-02  3.37220E-01
  3.6458333333E+00  3.6500000000E+00  5.55913E-02  2.85131E-01
  3.6500000000E+00  3.6541666667E+00  5.57567E-02  2.77450E-01
  3.6541666667E+00  3.6583333333E+00  5.58596E-02  2.84182E-01
  3.6583333333E+00  3.6625000000E+00  5.59648E-02  3.09267E-01
  3.6625000000E+00  3.6666666667E+00  5.61095E-02  3.03179E-01
  3.6666666667E+00  3.6708333333E+00  5.61445E-02  3.11847E-01
  3.6708333333E+00  3.6750000000E+00  5.60149E-02  3.00944E-01
  3.6750000000E+00  3.6791666667E+00  5.61383E-02  3.20432E-01
  3.6791666667E+00  3.6833333333E+00  5.62057E-02  3.07543E-01
  3.6833333333E+00  3.6875000000E+00  5.63402E-02  3.05993E-01
  3.6875000000E+00  3.6916666667E+00  5.63969E-02  3.24261E-01
  3.6916666667E+00  3.6958333333E+00  5.65363E-02  3.44774E-01
  3.6958333333E+00  3.7000000000E+00  5.62964E-02  2.81635E-01
  3.7000000000E+00  3.7041666667E+00  5.62070E-02  2.70125E-01
  3.7041666667E+00  3.7083333333E+00  5.65579E-02  2.96738E-01
  3.7083333333E+00  3.7125000000E+00  5.65286E-02  2.79323E-01
  3.7125000000E+00  3.7166666667E+00  5.69706E-02  3.37425E-01
  3.7166666667E+00  3.7208333333E+00  5.68213E-02  2.94363E-01
  3.7208333333E+00  3.7250000000E+00  5.68160E-02  3.02821E-01
  3.7250000000E+00  3.7291666667E+00  5.67797E-02  2.93873E-01
  3.7291666667E+00  3.7333333333E+00  5.67813E-02  2.73322E-01
  3.7333333333E+00  3.7375000000E+00  5.68235E-02  2.71513E-01
  3.7375000000E+00  3.7416666667E+00  5.69190E-02  2.83042E-01
  3.7416666667E+00  3.7458333333E+00  5.67009E-02  2.52110E-01
  3.7458333333E+00  3.7500000000E+00  5.70898E-02  2.86370E-01
  3.7500000000E+00  3.7541666667E+00  5.70227E-02  2.82045E-01
  3.7541666667E+00  3.7583333333E+00  5.70250E-02  2.78010E-01
  3.7583333333E+00  3.7625000000E+00  5.71969E-02  2.99081E-01
  3.7625000000E+00  3.7666666667E+00  5.72427E-02  3.07476E-01
  3.7666666667E+00  3.7708333333E+00  5.74763E-02  3.23496E-01
  3.7708333333E+00  3.7750000000E+00  5.73807E-02  2.98793E-01
  3.7750000000E+00  3.7791666667E+00  5.73949E-02  2.84456E-01
  3.7791666667E+00  3.7833333333E+00  5.74836E-02  2.86239E-01
  3.7833333333E+00  3.7875000000E+00  5.74644E-02  2.79783E-01
  3.7875000000E+00  3.7916666667E+00  5.77422E-02  3.07063E-01
  3.7916666667E+00  3.7958333333E+00  5.78311E-02  2.95526E-01
  3.7958333333E+00  3.8000000000E+00  5.78689E-02  3.34015E-01
  3.8000000000E+00  3.8041666667E+00  5.78523E-02  2.87544E-01
  3.8041666667E+00  3.8083333333E+00  5.78836E-02  2.76144E-01
  3.8083333333E+00  3.8125000000E+00  5.79641E-02  2.84162E-01
  3.8125000000E+00  3.8166666667E+00  5.80817E-02  2.88859E-01
  3.8166666667E+00  3.8208333333E+00  5.80909E-02  2.92983E-01
  3.8208333333E+00  3.8250000000E+00  5.82686E-02  3.12273E-01
  3.8250000000E+00  3.8291666667E+00  5.84060E-02  3.22316E-01
  3.8291666667E+00  3.8333333333E+00  5.82843E-02  2.83255E-01
  3.8333333333E+00  3.8375000000E+00  5.82080E-02  2.65842E-01
  3.8375000000E+00  3.8416666667E+00  5.84814E-02  2.91870E-01
  3.8416666667E+00  3.8458333333E+00  5.87249E-02  3.16592E-01
  3.8458333333E+00  3.8500000000E+00  5.86730E-02  2.95941E-01
  3.8500000000E+00  3.8541666667E+00  5.84892E-02  2.70423E-01
  3.8541666667E+00  3.8583333333E+00  5.88425E-02  3.15951E-01
  3.8583333333E+00  3.8625000000E+00  5.87946E-02  2.78570E-01
  3.8625000000E+00  3.8666666667E+00  5.88635E-02  2.90806E-01
  3.8666666667E+00  3.8708333333E+00  5.89226E-02  2.90785E-01
  3.8708333333E+00  3.8750000000E+00  5.89209E-02  2.69011E-01
  3.8750000000E+00  3.8791666667E+00  5.89058E-02  2.56430E-01
  3.8791666667E+00  3.8833333333E+00  5.95092E-02  3.35781E-01
  3.8833333333E+00  3.8875000000E+00  5.94297E-02  3.13548E-01
  3.8875000000E+00  3.8916666667E+00  5.92640E-02  2.67482E-01
  3.8916666667E+00  3.8958333333E+00  5.93202E-02  2.83768E-01
  3.8958333333E+00  3.9000000000E+00  5.93742E-02  2.64941E-01
  3.9000000000E+00  3.9041666667E+00  5.93919E-02  2.60953E-01
  3.9041666667E+00  3.9083333333E+00  5.91919E-02  2.33710E-01
  3.9083333333E+00  3.9125000000E+00  5.96367E-02  2.80764E-01
  3.9125000000E+00  3.9166666667E+00  5.96950E-02  2.87747E-01
  3.9166666667E+00  3.9208333333E+00  5.99182E-02  3.03794E-01
  3.9208333333E+00  3.9250000000E+00  6.00264E-02  2.82745E-01
  3.9250000000E+00  3.9291666667E+00  6.01646E-02  2.85623E-01
  3.9291666667E+00  3.9333333333E+00  5.99753E-02  2.58693E-01
  3.9333333333E+00  3.9375000000E+00  6.05172E-02  3.29463E-01
  3.9375000000E+00  3.9416666667E+00  6.02764E-02  2.77692E-01
  3.9416666667E+00  3.9458333333E+00  6.02439E-02  2.80906E-01
  3.9458333333E+00  3.9500000000E+00  6.04335E-02  2.72462E-01
  3.9500000000E+00  3.9541666667E+00  6.06639E-02  3.11557E-01
  3.9541666667E+00  3.9583333333E+00  6.07233E-02  2.94241E-01
  3.9583333333E+00  3.9625000000E+00  6.05858E-02  2.78749E-01
  3.9625000000E+00  3.9666666667E+00  6.07275E-02  2.85016E-01
  3.9666666667E+00  3.9708333333E+00  6.08718E-02  2.90280E-01
  3.9708333333E+00  3.9750000000E+00  6.05792E-02  2.32845E-01
  3.9750000000E+00  3.9791666667E+00  6.10704E-02  2.96646E-01
  3.9791666667E+00  3.9833333333E+00  6.11863E-02  2.80397E-01
  3.9833333333E+00  3.9875000000E+00  6.10659E-02  2.64056E-01
  3.9875000000E+00  3.9916666667E+00  6.11482E-02  2.65711E-01
  3.9916666667E+00  3.9958333333E+00  6.12078E-02  2.55692E-01
  3.9958333333E+00  4.0000000000E+00  6.15110E-02  2.94455E-01
  4.0000000000E+00  4.0041666667E+00  6.16077E-02  2.84471E-01
  4.0041666667E+00  4.0083333333E+00  6.17314E-02  2.92670E-01
  4.0083333333E+00  4.0125000000E+00  6.18483E-02  2.93694E-01
  4.0125000000E+00  4.0166666667E+00  6.16402E-02  2.45895E-01
  4.0166666667E+00  4.0208333333E+00  6.19370E-02  2.82148E-01
  4.0208333333E+00  4.0250000000E+00  6.23149E-02  3.09614E-01
  4.0250000000E+00  4.0291666667E+00  6.20984E-02  2.57466E-01
  4.0291666667E+00  4.0333333333E+00  6.20745E-02  2.58076E-01
  4.0333333333E+00  4.0375000000E+00  6.23426E-02  2.81503E-01
  4.0375000000E+00  4.0416666667E+00  6.22542E-02  2.66481E-01
  4.0416666667E+00  4.0458333333E+00  6.26221E-02  2.89183E-01
  4.0458333333E+00  4.0500000000E+00  6.27246E-02  2.72096E-01
  4.0500000000E+00  4.0541666667E+00  6.28309E-02  2.94197E-01
  4.0541666667E+00  4.0583333333E+00  6.31048E-02  2.99549E-01
  4.0583333333E+00  4.0625000000E+00  6.30130E-02  2.95999E-01
  4.0625000000E+00  4.0666666667E+00  6.30070E-02  2.66709E-01
  4.0666666667E+00  4.0708333333E+00  6.34347E-02  2.98804E-01
  4.0708333333E+00  4.0750000000E+00  6.35229E-02  3.06860E-01
  4.0750000000E+00  4.0791666667E+00  6.36572E-02  2.95507E-01
  4.0791666667E+00  4.0833333333E+00  6.36591E-02  2.77477E-01
  4.0833333333E+00  4.0875000000E+00  6.37039E-02  2.83320E-01
  4.0875000000E+00  4.0916666667E+00  6.36978E-02  2.69458E-01
  4.0916666667E+00  4.0958333333E+00  6.39138E-02  2.82407E-01
  4.0958333333E+00  4.1000000000E+00  6.39564E-02  2.69922E-01
  4.1000000000E+00  4.1041666667E+00  6.41688E-02  2.68159E-01
  4.1041666667E+00  4.1083333333E+00  6.45684E-02  3.04327E-01
  4.1083333333E+00  4.1125000000E+00  6.46238E-02  2.99011E-01
  4.1125000000E+00  4.1166666667E+00  6.44917E-02  2.71870E-01
  4.1166666667E+00  4.1208333333E+00  6.46062E-02  2.80726E-01
  4.1208333333E+00  4.1250000000E+00  6.48093E-02  2.75820E-01
  4.1250000000E+00  4.1291666667E+00  6.48435E-02  2.84165E-01
  4.1291666667E+00  4.1333333333E+00  6.48349E-02  2.54505E-01
  4.1333333333E+00  4.1375000000E+00  6.52172E-02  2.81664E-01
  4.1375000000E+00  4.1416666667E+00  6.52993E-02  2.80357E-01
  4.1416666667E+00  4.1458333333E+00  6.52463E-02  2.68696E-01
  4.1458333333E+00  4.1500000000E+00  6.53732E-02  2.67208E-01
  4.1500000000E+00  4.1541666667E+00  6.56229E-02  2.93106E-01
  4.1541666667E+00  4.1583333333E+00  6.58406E-02  2.80848E-01
  4.1583333333E+00  4.1625000000E+00  6.59481E-02  2.84063E-01
  4.1625000000E+00  4.1666666667E+00  6.59318E-02  2.68696E-01
  4.1666666667E+00  4.1708333333E+00  6.64190E-02  3.07764E-01
  4.1708333333E+00  4.1750000000E+00  6.62915E-02  2.76582E-01
  4.1750000000E+00  4.1791666667E+00  6.64639E-02  2.76972E-01
  4.1791666667E+00  4.1833333333E+00  6.66008E-02  2.80889E-01
  4.1833333333E+00  4.1875000000E+00  6.66298E-02  2.64949E-01
  4.1875000000E+00  4.1916666667E+00  6.68917E-02  2.72668E-01
  4.1916666667E+00  4.1958333333E+00  6.71964E-02  2.87548E-01
  4.1958333333E+00  4.2000000000E+00  6.73854E-02  2.89938E-01
  4.2000000000E+00  4.2041666667E+00  6.72053E-02  2.57797E-01
  4.2041666667E+00  4.2083333333E+00  6.74130E-02  2.69834E-01
  4.2083333333E+00  4.2125000000E+00  6.75046E-02  2.57761E-01
  4.2125000000E+00  4.2166666667E+00  6.78753E-02  2.85844E-01
  4.2166666667E+00  4.2208333333E+00  6.81054E-02  2.90725E-01
  4.2208333333E+00  4.2250000000E+00  6.79224E-02  2.53114E-01
  4.2250000000E+00  4.2291666667E+00  6.83082E-02  2.77494E-01
  4.2291666667E+00  4.2333333333E+00  6.83490E-02  2.80413E-01
  4.2333333333E+00  4.2375000000E+00  6.85964E-02  2.80338E-01
  4.2375000000E+00  4.2416666667E+00  6.85806E-02  2.61387E-01
  4.2416666667E+00  4.2458333333E+00  6.88043E-02  2.56215E-01
  4.2458333333E+00  4.2500000000E+00  6.91593E-02  2.75039E-01
  4.2500000000E+00  4.2541666667E+00  6.92996E-02  2.64663E-01
  4.2541666667E+00  4.2583333333E+00  6.95966E-02  2.80817E-01
  4.2583333333E+00  4.2625000000E+00  6.99328E-02  2.86668E-01
  4.2625000000E+00  4.2666666667E+00  6.98900E-02  2.77506E-01
  4.2666666667E+00  4.2708333333E+00  6.99469E-02  2.69649E-01
  4.2708333333E+00  4.2750000000E+00  7.02045E-02  2.68687E-01
  4.2750000000E+00  4.2791666667E+00  7.04131E-02  2.59587E-01
  4.2791666667E+00  4.2833333333E+00  7.08037E-02  2.82800E-01
  4.2833333333E+00  4.2875000000E+00  7.07682E-02  2.62766E-01
  4.2875000000E+00  4.2916666667E+00  7.09130E-02  2.54359E-01
  4.2916666667E+00  4.2958333333E+00  7.14020E-02  2.94882E-01
  4.2958333333E+00  4.3000000000E+00  7.15435E-02  2.80993E-01
  4.3000000000E+00  4.3041666667E+00  7.19182E-02  2.92976E-01
  4.3041666667E+00  4.3083333333E+00  7.18567E-02  2.55271E-01
  4.3083333333E+00  4.3125000000E+00  7.21177E-02  2.60525E-01
  4.3125000000E+00  4.3166666667E+00  7.25344E-02  2.79478E-01
  4.3166666667E+00  4.3208333333E+00  7.27753E-02  2.81792E-01
  4.3208333333E+00  4.3250000000E+00  7.30037E-02  2.78236E-01
  4.3250000000E+00  4.3291666667E+00  7.30269E-02  2.64705E-01
  4.3291666667E+00  4.3333333333E+00  7.32042E-02  2.52872E-01
  4.3333333333E+00  4.3375000000E+00  7.36217E-02  2.68407E-01
  4.3375000000E+00  4.3416666667E+00  7.38107E-02  2.62787E-01
  4.3416666667E+00  4.3458333333E+00  7.40132E-02  2.61808E-01
  4.3458333333E+00  4.3500000000E+00  7.42498E-02  2.57497E-01
  4.3500000000E+00  4.3541666667E+00  7.46342E-02  2.76965E-01
  4.3541666667E+00  4.3583333333E+00  7.46402E-02  2.54067E-01
  4.3583333333E+00  4.3625000000E+00  7.52688E-02  2.89246E-01
  4.3625000000E+00  4.3666666667E+00  7.53897E-02  2.69433E-01
  4.3666666667E+00  4.3708333333E+00  7.57325E-02  2.73243E-01
  4.3708333333E+00  4.3750000000E+00  7.59190E-02  2.65236E-01
  4.3750000000E+00  4.3791666667E+00  7.61969E-02  2.58473E-01
  4.3791666667E+00  4.3833333333E+00  7.65955E-02  2.66957E-01
  4.3833333333E+00  4.3875000000E+00  7.69927E-02  2.67654E-01
  4.3875000000E+00  4.3916666667E+00  7.73040E-02  2.65760E-01
  4.3916666667E+00  4.3958333333E+00  7.76718E-02  2.72578E-01
  4.3958333333E+00  4.4000000000E+00  7.81757E-02  2.86845E-01
  4.4000000000E+00  4.4041666667E+00  7.83682E-02  2.73965E-01
  4.4041666667E+00  4.4083333333E+00  7.89818E-02  2.84537E-01
  4.4083333333E+00  4.4125000000E+00  7.91805E-02  2.69463E-01
  4.4125000000E+00  4.4166666667E+00  7.96989E-02  2.71536E-01
  4.4166666667E+00  4.4208333333E+00  8.00427E-02  2.72213E-01
  4.4208333333E+00  4.4250000000E+00  8.01876E-02  2.52151E-01
  4.4250000000E+00  4.4291666667E+00  8.06367E-02  2.63057E-01
  4.4291666667E+00  4.4333333333E+00  8.12430E-02  2.68875E-01
  4.4333333333E+00  4.4375000000E+00  8.17768E-02  2.73714E-01
  4.4375000000E+00  4.4416666667E+00  8.20302E-02  2.58993E-01
  4.4416666667E+00  4.4458333333E+00  8.26166E-02  2.70704E-01
  4.4458333333E+00  4.4500000000E+00  8.30734E-02  2.64341E-01
  4.4500000000E+00  4.4541666667E+00  8.35384E-02  2.65125E-01
  4.4541666667E+00  4.4583333333E+00  8.40285E-02  2.58190E-01
  4.4583333333E+00  4.4625000000E+00  8.47755E-02  2.77229E-01
  4.4625000000E+00  4.4666666667E+00  8.53221E-02  2.76705E-01
  4.4666666667E+00  4.4708333333E+00  8.59675E-02  2.82222E-01
  4.4708333333E+00  4.4750000000E+00  8.64759E-02  2.77768E-01
  4.4750000000E+00  4.4791666667E+00  8.70364E-02  2.76460E-01
  4.4791666667E+00  4.4833333333E+00  8.77658E-02  2.87297E-01
  4.4833333333E+00  4.4875000000E+00  8.80608E-02  2.79780E-01
  4.4875000000E+00  4.4916666667E+00  8.87448E-02  2.88654E-01
  4.4916666667E+00  4.4958333333E+00  8.92009E-02  2.89427E-01
  4.4958333333E+00  4.5000000000E+00  8.92450E-02  2.77774E-01
  4.5000000000E+00  4.5041666667E+00  8.99098E-02  2.88042E-01
  4.5041666667E+00  4.5083333333E+00  9.03254E-02  2.83951E-01
  4.5083333333E+00  4.5125000000E+00  9.04706E-02  2.82463E-01
  4.5125000000E+00  4.5166666667E+00  9.09158E-02  2.89641E-01
  4.5166666667E+00  4.5208333333E+00  9.12192E-02  2.93743E-01
  4.5208333333E+00  4.5250000000E+00  9.14804E-02  2.98989E-01
  4.5250000000E+00  4.5291666667E+00  9.19690E-02  3.08703E-01
  4.5291666667E+00  4.5333333333E+00  9.17743E-02  2.97704E-01
  4.5333333333E+00  4.5375000000E+00  9.19066E-02  3.08171E-01
  4.5375000000E+00  4.5416666667E+00  9.18358E-02  2.96382E-01
  4.5416666667E+00  4.5458333333E+00  9.18192E-02  2.97882E-01
  4.5458333333E+00  4.5500000000E+00  9.17584E-02  3.03547E-01
  4.5500000000E+00  4.5541666667E+00  9.16510E-02  2.96141E-01
  4.5541666667E+00  4.5583333333E+00  9.17935E-02  3.02616E-01
  4.5583333333E+00  4.5625000000E+00  9.13993E-02  2.95633E-01
  4.5625000000E+00  4.5666666667E+00  9.12326E-02  2.99832E-01
  4.5666666667E+00  4.5708333333E+00  9.09358E-02  2.97267E-01
  4.5708333333E+00  4.5750000000E+00  9.07041E-02  2.98373E-01
  4.5750000000E+00  4.5791666667E+00  9.08339E-02  3.10437E-01
  4.5791666667E+00  4.5833333333E+00  9.00128E-02  2.89783E-01
  4.5833333333E+00  4.5875000000E+00  9.02152E-02  3.04952E-01
  4.5875000000E+00  4.5916666667E+00  9.02790E-02  3.09183E-01
  4.5916666667E+00  4.5958333333E+00  9.00027E-02  3.04620E-01
  4.5958333333E+00  4.6000000000E+00  8.98479E-02  3.00067E-01
  4.6000000000E+00  4.6041666667E+00  8.98263E-02  3.09273E-01
  4.6041666667E+00  4.6083333333E+00  8.99004E-02  3.04777E-01
  4.6083333333E+00  4.6125000000E+00  8.95071E-02  2.97693E-01
  4.6125000000E+00  4.6166666667E+00  8.95530E-02  2.97501E-01
  4.6166666667E+00  4.6208333333E+00  8.94994E-02  2.94455E-01
  4.6208333333E+00  4.6250000000E+00  8.98046E-02  3.05892E-01
  4.6250000000E+00  4.6291666667E+00  8.98412E-02  3.07426E-01
  4.6291666667E+00  4.6333333333E+00  8.99646E-02  3.05273E-01
  4.6333333333E+00  4.6375000000E+00  8.98685E-02  3.02687E-01
  4.6375000000E+00  4.6416666667E+00  9.00075E-02  3.10851E-01
  4.6416666667E+00  4.6458333333E+00  8.99374E-02  2.98485E-01
  4.6458333333E+00  4.6500000000E+00  9.03334E-02  3.07747E-01
  4.6500000000E+00  4.6541666667E+00  9.05484E-02  3.11876E-01
  4.6541666667E+00  4.6583333333E+00  9.04317E-02  3.07150E-01
  4.6583333333E+00  4.6625000000E+00  9.06015E-02  3.07568E-01
  4.6625000000E+00  4.6666666667E+00  9.07486E-02  3.15309E-01
  4.6666666667E+00  4.6708333333E+00  9.06954E-02  3.06370E-01
  4.6708333333E+00  4.6750000000E+00  9.09297E-02  3.12303E-01
  4.6750000000E+00  4.6791666667E+00  9.06568E-02  3.06099E-01
  4.6791666667E+00  4.6833333333E+00  9.07197E-02  3.09280E-01
  4.6833333333E+00  4.6875000000E+00  9.11053E-02  3.27503E-01
  4.6875000000E+00  4.6916666667E+00  9.04713E-02  3.10441E-01
  4.6916666667E+00  4.6958333333E+00  9.03641E-02  3.09136E-01
  4.6958333333E+00  4.7000000000E+00  9.01366E-02  3.08241E-01
  4.7000000000E+00  4.7041666667E+00  9.02112E-02  3.14449E-01
  4.7041666667E+00  4.7083333333E+00  9.00086E-02  3.10572E-01
  4.7083333333E+00  4.7125000000E+00  8.95559E-02  3.14034E-01
  4.7125000000E+00  4.7166666667E+00  8.94185E-02  3.17695E-01
  4.7166666667E+00  4.7208333333E+00  8.94293E-02  3.16613E-01
  4.7208333333E+00  4.7250000000E+00  8.94189E-02  3.23849E-01
  4.7250000000E+00  4.7291666667E+00  8.89982E-02  3.21363E-01
  4.7291666667E+00  4.7333333333E+00  8.86023E-02  3.16161E-01
  4.7333333333E+00  4.7375000000E+00  8.85022E-02  3.20341E-01
  4.7375000000E+00  4.7416666667E+00  8.82768E-02  3.15012E-01
  4.7416666667E+00  4.7458333333E+00  8.83136E-02  3.21530E-01
  4.7458333333E+00  4.7500000000E+00  8.81891E-02  3.17100E-01
  4.7500000000E+00  4.7541666667E+00  8.80051E-02  3.18963E-01
  4.7541666667E+00  4.7583333333E+00  8.79022E-02  3.13124E-01
  4.7583333333E+00  4.7625000000E+00  8.81126E-02  3.14530E-01
  4.7625000000E+00  4.7666666667E+00  8.82451E-02  3.18946E-01
  4.7666666667E+00  4.7708333333E+00  8.83793E-02  3.24303E-01
  4.7708333333E+00  4.7750000000E+00  8.84252E-02  3.16887E-01
  4.7750000000E+00  4.7791666667E+00  8.87778E-02  3.25460E-01
  4.7791666667E+00  4.7833333333E+00  8.88157E-02  3.22330E-01
  4.7833333333E+00  4.7875000000E+00  8.91564E-02  3.20275E-01
  4.7875000000E+00  4.7916666667E+00  8.94365E-02  3.24076E-01
  4.7916666667E+00  4.7958333333E+00  8.95683E-02  3.24675E-01
  4.7958333333E+00  4.8000000000E+00  8.97557E-02  3.25123E-01
  4.8000000000E+00  4.8041666667E+00  8.99197E-02  3.32771E-01
  4.8041666667E+00  4.8083333333E+00  9.01414E-02  3.25599E-01
  4.8083333333E+00  4.8125000000E+00  9.03533E-02  3.29291E-01
  4.8125000000E+00  4.8166666667E+00  9.06539E-02  3.31120E-01
  4.8166666667E+00  4.8208333333E+00  9.05496E-02  3.34562E-01
  4.8208333333E+00  4.8250000000E+00  9.05816E-02  3.34480E-01
  4.8250000000E+00  4.8291666667E+00  9.07913E-02  3.37219E-01
  4.8291666667E+00  4.8333333333E+00  9.07709E-02  3.41058E-01
  4.8333333333E+00  4.8375000000E+00  9.07045E-02  3.36812E-01
  4.8375000000E+00  4.8416666667E+00  9.08204E-02  3.42390E-01
  4.8416666667E+00  4.8458333333E+00  9.06629E-02  3.44775E-01
  4.8458333333E+00  4.8500000000E+00  9.04274E-02  3.43395E-01
  4.8500000000E+00  4.8541666667E+00  9.03479E-02  3.44182E-01
  4.8541666667E+00  4.8583333333E+00  9.00404E-02  3.41559E-01
  4.8583333333E+00  4.8625000000E+00  9.01067E-02  3.48424E-01
  4.8625000000E+00  4.8666666667E+00  8.99322E-02  3.48796E-01
  4.8666666667E+00  4.8708333333E+00  8.96390E-02  3.48678E-01
  4.8708333333E+00  4.8750000000E+00  8.93252E-02  3.48262E-01
  4.8750000000E+00  4.8791666667E+00  8.88908E-02  3.45434E-01
  4.8791666667E+00  4.8833333333E+00  8.87040E-02  3.48584E-01
  4.8833333333E+00  4.8875000000E+00  8.84346E-02  3.53246E-01
  4.8875000000E+00  4.8916666667E+00  8.83970E-02  3.54868E-01
  4.8916666667E+00  4.8958333333E+00  8.81304E-02  3.48241E-01
  4.8958333333E+00  4.9000000000E+00  8.83852E-02  3.50507E-01
  4.9000000000E+00  4.9041666667E+00  8.86677E-02  3.63848E-01
  4.9041666667E+00  4.9083333333E+00  8.84866E-02  3.53242E-01
  4.9083333333E+00  4.9125000000E+00  8.84886E-02  3.53780E-01
  4.9125000000E+00  4.9166666667E+00  8.86266E-02  3.55958E-01
  4.9166666667E+00  4.9208333333E+00  8.87982E-02  3.60370E-01
  4.9208333333E+00  4.9250000000E+00  8.88430E-02  3.57983E-01
  4.9250000000E+00  4.9291666667E+00  8.91772E-02  3.61149E-01
  4.9291666667E+00  4.9333333333E+00  8.94723E-02  3.63706E-01
  4.9333333333E+00  4.9375000000E+00  8.96952E-02  3.70939E-01
  4.9375000000E+00  4.9416666667E+00  8.96290E-02  3.64206E-01
  4.9416666667E+00  4.9458333333E+00  9.00668E-02  3.68720E-01
  4.9458333333E+00  4.9500000000E+00  9.04500E-02  3.71494E-01
  4.9500000000E+00  4.9541666667E+00  9.08747E-02  3.75145E-01
  4.9541666667E+00  4.9583333333E+00  9.13581E-02  3.79085E-01
  4.9583333333E+00  4.9625000000E+00  9.15440E-02  3.81793E-01
  4.9625000000E+00  4.9666666667E+00  9.15657E-02  3.87987E-01
  4.9666666667E+00  4.9708333333E+00  9.14743E-02  3.86947E-01
  4.9708333333E+00  4.9750000000E+00  9.14860E-02  3.89105E-01
  4.9750000000E+00  4.9791666667E+00  9.19187E-02  3.94184E-01
  4.9791666667E+00  4.9833333333E+00  9.22515E-02  3.99559E-01
  4.9833333333E+00  4.9875000000E+00  9.20144E-02  4.07467E-01
  4.9875000000E+00  4.9916666667E+00  9.13916E-02  4.06899E-01
  4.9916666667E+00  4.9958333333E+00  9.10283E-02  4.13046E-01
  4.9958333333E+00  5.0000000000E+00  9.06631E-02  4.20348E-01
  5.0000000000E+00  5.0041666667E+00  8.97236E-02  4.26732E-01
  5.0041666667E+00  5.0083333333E+00  8.87907E-02  4.34484E-01
  5.0083333333E+00  5.0125000000E+00  8.76005E-02  4.40013E-01
  5.0125000000E+00  5.0166666667E+00  8.60294E-02  4.48831E-01
  5.0166666667E+00  5.0208333333E+00  8.43117E-02  4.55927E-01
  5.0208333333E+00  5.0250000000E+00  8.24324E-02  4.65659E-01
  5.0250000000E+00  5.0291666667E+00  8.05085E-02  4.78933E-01
  5.0291666667E+00  5.0333333333E+00  7.83822E-02  4.87379E-01
  5.0333333333E+00  5.0375000000E+00  7.58690E-02  5.02617E-01
  5.0375000000E+00  5.0416666667E+00  7.31528E-02  5.13318E-01
  5.0416666667E+00  5.0458333333E+00  7.02811E-02  5.28905E-01
  5.0458333333E+00  5.0500000000E+00  6.71180E-02  5.44589E-01
  5.0500000000E+00  5.0541666667E+00  6.39221E-02  5.66142E-01
  5.0541666667E+00  5.0583333333E+00  6.05969E-02  5.85484E-01
  5.0583333333E+00  5.0625000000E+00  5.71767E-02  6.06863E-01
  5.0625000000E+00  5.0666666667E+00  5.38671E-02  6.27942E-01
  5.0666666667E+00  5.0708333333E+00  5.05619E-02  6.55807E-01
  5.0708333333E+00  5.0750000000E+00  4.66705E-02  6.85455E-01
  5.0750000000E+00  5.0791666667E+00  4.29732E-02  7.18815E-01
  5.0791666667E+00  5.0833333333E+00  3.98546E-02  7.55359E-01
  5.0833333333E+00  5.0875000000E+00  3.62241E-02  7.93265E-01
  5.0875000000E+00  5.0916666667E+00  3.28533E-02  8.37011E-01
  5.0916666667E+00  5.0958333333E+00  2.98571E-02  8.86573E-01
  5.0958333333E+00  5.1000000000E+00  2.67654E-02  9.40935E-01
  5.1000000000E+00  5.1041666667E+00  2.39040E-02  1.00531E+00
  5.1041666667E+00  5.1083333333E+00  2.10609E-02  1.06738E+00
  5.1083333333E+00  5.1125000000E+00  1.85887E-02  1.13523E+00
  5.1125000000E+00  5.1166666667E+00  1.67414E-02  1.21447E+00
  5.1166666667E+00  5.1208333333E+00  1.44719E-02  1.30874E+00
  5.1208333333E+00  5.1250000000E+00  1.23889E-02  1.41708E+00
  5.1250000000E+00  5.1291666667E+00  1.07736E-02  1.53791E+00
  5.1291666667E+00  5.1333333333E+00  9.18009E-03  1.65690E+00
  5.1333333333E+00  5.1375000000E+00  7.82511E-03  1.80341E+00
  5.1375000000E+00  5.1416666667E+00  6.58443E-03  1.96732E+00
  5.1416666667E+00  5.1458333333E+00  5.50294E-03  2.16599E+00
  5.1458333333E+00  5.1500000000E+00  4.68183E-03  2.36713E+00
  5.1500000000E+00  5.1541666667E+00  3.90335E-03  2.59116E+00
  5.1541666667E+00  5.1583333333E+00  3.21512E-03  2.86926E+00
  5.1583333333E+00  5.1625000000E+00  2.62788E-03  3.19858E+00
  5.1625000000E+00  5.1666666667E+00  2.11456E-03  3.56086E+00
  5.1666666667E+00  5.1708333333E+00  1.65725E-03  3.99557E+00
  5.1708333333E+00  5.1750000000E+00  1.30240E-03  4.46420E+00
  5.1750000000E+00  5.1791666667E+00  1.05692E-03  4.91930E+00
  5.1791666667E+00  5.1833333333E+00  8.44496E-04  5.45130E+00
  5.1833333333E+00  5.1875000000E+00  6.89942E-04  5.95003E+00
  5.1875000000E+00  5.1916666667E+00  5.45746E-04  6.60132E+00
  5.1916666667E+00  5.1958333333E+00  4.64870E-04  7.18268E+00
  5.1958333333E+00  5.2000000000E+00  3.99401E-04  7.71295E+00
  5.2000000000E+00  5.2041666667E+00  3.40894E-04  8.18754E+00
  5.2041666667E+00  5.2083333333E+00  2.90475E-04  8.89327E+00
  5.2083333333E+00  5.2125000000E+00  2.31893E-04  9.33421E+00
  5.2125000000E+00  5.2166666667E+00  2.17327E-04  9.98767E+00
  5.2166666667E+00  5.2208333333E+00  1.82869E-04  1.05628E+01
  5.2208333333E+00  5.2250000000E+00  1.59684E-04  1.16552E+01
  5.2250000000E+00  5.2291666667E+00  1.39909E-04  1.15329E+01
  5.2291666667E+00  5.2333333333E+00  1.27187E-04  1.16217E+01
  5.2333333333E+00  5.2375000000E+00  1.27412E-04  1.21951E+01
  5.2375000000E+00  5.2416666667E+00  1.16103E-04  1.29838E+01
  5.2416666667E+00  5.2458333333E+00  9.44054E-05  1.20872E+01
  5.2458333333E+00  5.2500000000E+00  9.46518E-05  1.23232E+01
  5.2500000000E+00  5.2541666667E+00  9.02308E-05  1.31743E+01
  5.2541666667E+00  5.2583333333E+00  8.86671E-05  1.28366E+01
  5.2583333333E+00  5.2625000000E+00  7.74526E-05  1.31077E+01
  5.2625000000E+00  5.2666666667E+00  7.10090E-05  1.28045E+01
  5.2666666667E+00  5.2708333333E+00  7.01952E-05  1.15864E+01
  5.2708333333E+00  5.2750000000E+00  7.20965E-05  1.19516E+01
  5.2750000000E+00  5.2791666667E+00  8.00871E-05  1.33604E+01
  5.2791666667E+00  5.2833333333E+00  7.88905E-05  1.31829E+01
  5.2833333333E+00  5.2875000000E+00  8.01052E-05  1.32574E+01
  5.2875000000E+00  5.2916666667E+00  7.87961E-05  1.32698E+01
  5.2916666667E+00  5.2958333333E+00  6.94333E-05  1.38491E+01
  5.2958333333E+00  5.3000000000E+00  7.08348E-05  1.34920E+01
  5.3000000000E+00  5.3041666667E+00  6.89291E-05  1.39669E+01
  5.3041666667E+00  5.3083333333E+00  6.73980E-05  1.43515E+01
  5.3083333333E+00  5.3125000000E+00  6.32492E-05  1.42411E+01
  5.3125000000E+00  5.3166666667E+00  6.42129E-05  1.43183E+01
  5.3166666667E+00  5.3208333333E+00  6.33148E-05  1.46940E+01
  5.3208333333E+00  5.3250000000E+00  5.94614E-05  1.52448E+01
  5.3250000000E+00  5.3291666667E+00  6.02011E-05  1.55906E+01
  5.3291666667E+00  5.3333333333E+00  5.88101E-05  1.55399E+01
  5.3333333333E+00  5.3375000000E+00  5.86844E-05  1.51701E+01
  5.3375000000E+00  5.3416666667E+00  6.21122E-05  1.62540E+01
  5.3416666667E+00  5.3458333333E+00  6.12235E-05  1.64116E+01
  5.3458333333E+00  5.3500000000E+00  5.25414E-05  1.54076E+01
  5.3500000000E+00  5.3541666667E+00  4.89382E-05  1.44667E+01
  5.3541666667E+00  5.3583333333E+00  6.86803E-05  1.93022E+01
  5.3583333333E+00  5.3625000000E+00  5.02960E-05  1.58509E+01
  5.3625000000E+00  5.3666666667E+00  5.03703E-05  1.57868E+01
  5.3666666667E+00  5.3708333333E+00  4.92284E-05  1.45654E+01
  5.3708333333E+00  5.3750000000E+00  5.25406E-05  1.67618E+01
  5.3750000000E+00  5.3791666667E+00  4.88983E-05  1.40968E+01
  5.3791666667E+00  5.3833333333E+00  4.80614E-05  1.44739E+01
  5.3833333333E+00  5.3875000000E+00  5.04614E-05  1.50480E+01
  5.3875000000E+00  5.3916666667E+00  5.33683E-05  1.56695E+01
  5.3916666667E+00  5.3958333333E+00  5.31294E-05  1.54903E+01
  5.3958333333E+00  5.4000000000E+00  5.56219E-05  1.52204E+01
  5.4000000000E+00  5.4041666667E+00  6.11180E-05  1.71989E+01
  5.4041666667E+00  5.4083333333E+00  5.12826E-05  1.53561E+01
  5.4083333333E+00  5.4125000000E+00  4.91415E-05  1.50710E+01
  5.4125000000E+00  5.4166666667E+00  5.27998E-05  1.58837E+01
  5.4166666667E+00  5.4208333333E+00  5.65576E-05  1.60425E+01
  5.4208333333E+00  5.4250000000E+00  5.65361E-05  1.61408E+01
  5.4250000000E+00  5.4291666667E+00  5.99101E-05  1.78943E+01
  5.4291666667E+00  5.4333333333E+00  5.62908E-05  1.75400E+01
  5.4333333333E+00  5.4375000000E+00  4.93726E-05  1.85576E+01
  5.4375000000E+00  5.4416666667E+00  6.49790E-05  3.88692E+01
  5.4416666667E+00  5.4458333333E+00  4.92656E-05  1.84882E+01
  5.4458333333E+00  5.4500000000E+00  4.89333E-05  1.77361E+01
  5.4500000000E+00  5.4541666667E+00  5.39196E-05  1.98585E+01
  5.4541666667E+00  5.4583333333E+00  4.57089E-05  2.07844E+01
  5.4583333333E+00  5.4625000000E+00  3.61240E-05  1.89258E+01
  5.4625000000E+00  5.4666666667E+00  3.51295E-05  2.01293E+01
  5.4666666667E+00  5.4708333333E+00  3.98646E-05  2.19084E+01
  5.4708333333E+00  5.4750000000E+00  4.08902E-05  2.31124E+01
  5.4750000000E+00  5.4791666667E+00  3.64436E-05  2.40759E+01
  5.4791666667E+00  5.4833333333E+00  2.95218E-05  2.17839E+01
  5.4833333333E+00  5.4875000000E+00  3.22033E-05  2.15782E+01
  5.4875000000E+00  5.4916666667E+00  3.84176E-05  2.26685E+01
  5.4916666667E+00  5.4958333333E+00  4.21631E-05  2.59431E+01
  5.4958333333E+00  5.5000000000E+00  2.38896E-05  2.44046E+01
  5.5000000000E+00  5.5041666667E+00  2.47818E-05  2.68815E+01
  5.5041666667E+00  5.5083333333E+00  2.46399E-05  2.51068E+01
  5.5083333333E+00  5.5125000000E+00  2.56333E-05  2.79456E+01
  5.5125000000E+00  5.5166666667E+00  2.39441E-05  2.68755E+01
  5.5166666667E+00  5.5208333333E+00  3.09109E-05  2.99347E+01
  5.5208333333E+00  5.5250000000E+00  2.67046E-05  3.11604E+01
  5.5250000000E+00  5.5291666667E+00  1.60408E-05  3.11948E+01
  5.5291666667E+00  5.5333333333E+00  1.66798E-05  3.10563E+01
  5.5333333333E+00  5.5375000000E+00  1.75411E-05  3.33161E+01
  5.5375000000E+00  5.5416666667E+00  1.85072E-05  3.61352E+01
  5.5416666667E+00  5.5458333333E+00  1.80300E-05  3.64269E+01
  5.5458333333E+00  5.5500000000E+00  1.31407E-05  3.90920E+01
  5.5500000000E+00  5.5541666667E+00  1.36421E-05  4.01813E+01
  5.5541666667E+00  5.5583333333E+00  1.53180E-05  3.65062E+01
  5.5583333333E+00  5.5625000000E+00  1.48023E-05  4.35956E+01
  5.5625000000E+00  5.5666666667E+00  1.20079E-05  4.56658E+01
  5.5666666667E+00  5.5708333333E+00  1.11396E-05  5.23970E+01
  5.5708333333E+00  5.5750000000E+00  9.53614E-06  6.07673E+01
  5.5750000000E+00  5.5791666667E+00  5.65080E-06  7.30603E+01
  5.5791666667E+00  5.5833333333E+00  2.65213E-06  1.00000E+02
  5.5833333333E+00  5.5875000000E+00  4.01931E-06  1.00000E+02
  5.5875000000E+00  5.5916666667E+00  1.83496E-06  1.00000E+02
  5.5916666667E+00  5.5958333333E+00  0.00000E+00  0.00000E+00
  5.5958333333E+00  5.6000000000E+00  0.00000E+00  0.00000E+00
  5.6000000000E+00  5.6041666667E+00  0.00000E+00  0.00000E+00
  5.6041666667E+00  5.6083333333E+00  3.20639E-10  1.00000E+02
  5.6083333333E+00  5.6125000000E+00  0.00000E+00  0.00000E+00
  5.6125000000E+00  5.6166666667E+00  0.00000E+00  0.00000E+00
  5.6166666667E+00  5.6208333333E+00  0.00000E+00  0.00000E+00
  5.6208333333E+00  5.6250000000E+00  0.00000E+00  0.00000E+00
  5.6250000000E+00  5.6291666667E+00  0.00000E+00  0.00000E+00
  5.6291666667E+00  5.6333333333E+00  0.00000E+00  0.00000E+00
  5.6333333333E+00  5.6375000000E+00  0.00000E+00  0.00000E+00
  5.6375000000E+00  5.6416666667E+00  7.00531E-14  1.00000E+02
  5.6416666667E+00  5.6458333333E+00  0.00000E+00  0.00000E+00
  5.6458333333E+00  5.6500000000E+00  0.00000E+00  0.00000E+00
  5.6500000000E+00  5.6541666667E+00  0.00000E+00  0.00000E+00
  5.6541666667E+00  5.6583333333E+00  0.00000E+00  0.00000E+00
  5.6583333333E+00  5.6625000000E+00  0.00000E+00  0.00000E+00
  5.6625000000E+00  5.6666666667E+00  0.00000E+00  0.00000E+00
  5.6666666667E+00  5.6708333333E+00  0.00000E+00  0.00000E+00
  5.6708333333E+00  5.6750000000E+00  0.00000E+00  0.00000E+00
  5.6750000000E+00  5.6791666667E+00  0.00000E+00  0.00000E+00
  5.6791666667E+00  5.6833333333E+00  0.00000E+00  0.00000E+00
  5.6833333333E+00  5.6875000000E+00  0.00000E+00  0.00000E+00
  5.6875000000E+00  5.6916666667E+00  0.00000E+00  0.00000E+00
  5.6916666667E+00  5.6958333333E+00  0.00000E+00  0.00000E+00
  5.6958333333E+00  5.7000000000E+00  0.00000E+00  0.00000E+00
  5.7000000000E+00  5.7041666667E+00  0.00000E+00  0.00000E+00
  5.7041666667E+00  5.7083333333E+00  2.78248E-10  1.00000E+02
  5.7083333333E+00  5.7125000000E+00  0.00000E+00  0.00000E+00
  5.7125000000E+00  5.7166666667E+00  0.00000E+00  0.00000E+00
  5.7166666667E+00  5.7208333333E+00  0.00000E+00  0.00000E+00
  5.7208333333E+00  5.7250000000E+00  0.00000E+00  0.00000E+00
  5.7250000000E+00  5.7291666667E+00  0.00000E+00  0.00000E+00
  5.7291666667E+00  5.7333333333E+00  0.00000E+00  0.00000E+00
  5.7333333333E+00  5.7375000000E+00  0.00000E+00  0.00000E+00
  5.7375000000E+00  5.7416666667E+00  0.00000E+00  0.00000E+00
  5.7416666667E+00  5.7458333333E+00  0.00000E+00  0.00000E+00
  5.7458333333E+00  5.7500000000E+00  0.00000E+00  0.00000E+00
  5.7500000000E+00  5.7541666667E+00  7.00531E-14  1.00000E+02
  5.7541666667E+00  5.7583333333E+00  0.00000E+00  0.00000E+00
  5.7583333333E+00  5.7625000000E+00  0.00000E+00  0.00000E+00
  5.7625000000E+00  5.7666666667E+00  0.00000E+00  0.00000E+00
  5.7666666667E+00  5.7708333333E+00  0.00000E+00  0.00000E+00
  5.7708333333E+00  5.7750000000E+00  0.00000E+00  0.00000E+00
  5.7750000000E+00  5.7791666667E+00  0.00000E+00  0.00000E+00
  5.7791666667E+00  5.7833333333E+00  0.00000E+00  0.00000E+00
  5.7833333333E+00  5.7875000000E+00  0.00000E+00  0.00000E+00
  5.7875000000E+00  5.7916666667E+00  0.00000E+00  0.00000E+00
  5.7916666667E+00  5.7958333333E+00  0.00000E+00  0.00000E+00
  5.7958333333E+00  5.8000000000E+00  0.00000E+00  0.00000E+00
  5.8000000000E+00  5.8041666667E+00  0.00000E+00  0.00000E+00
  5.8041666667E+00  5.8083333333E+00  0.00000E+00  0.00000E+00
  5.8083333333E+00  5.8125000000E+00  0.00000E+00  0.00000E+00
  5.8125000000E+00  5.8166666667E+00  0.00000E+00  0.00000E+00
  5.8166666667E+00  5.8208333333E+00  0.00000E+00  0.00000E+00
  5.8208333333E+00  5.8250000000E+00  0.00000E+00  0.00000E+00
  5.8250000000E+00  5.8291666667E+00  0.00000E+00  0.00000E+00
  5.8291666667E+00  5.8333333333E+00  0.00000E+00  0.00000E+00
  5.8333333333E+00  5.8375000000E+00  0.00000E+00  0.00000E+00
  5.8375000000E+00  5.8416666667E+00  0.00000E+00  0.00000E+00
  5.8416666667E+00  5.8458333333E+00  0.00000E+00  0.00000E+00
  5.8458333333E+00  5.8500000000E+00  0.00000E+00  0.00000E+00
  5.8500000000E+00  5.8541666667E+00  0.00000E+00  0.00000E+00
  5.8541666667E+00  5.8583333333E+00  0.00000E+00  0.00000E+00
  5.8583333333E+00  5.8625000000E+00  0.00000E+00  0.00000E+00
  5.8625000000E+00  5.8666666667E+00  0.00000E+00  0.00000E+00
  5.8666666667E+00  5.8708333333E+00  0.00000E+00  0.00000E+00
  5.8708333333E+00  5.8750000000E+00  0.00000E+00  0.00000E+00
  5.8750000000E+00  5.8791666667E+00  0.00000E+00  0.00000E+00
  5.8791666667E+00  5.8833333333E+00  0.00000E+00  0.00000E+00
  5.8833333333E+00  5.8875000000E+00  0.00000E+00  0.00000E+00
  5.8875000000E+00  5.8916666667E+00  0.00000E+00  0.00000E+00
  5.8916666667E+00  5.8958333333E+00  7.00531E-14  1.00000E+02
  5.8958333333E+00  5.9000000000E+00  0.00000E+00  0.00000E+00
  5.9000000000E+00  5.9041666667E+00  0.00000E+00  0.00000E+00
  5.9041666667E+00  5.9083333333E+00  0.00000E+00  0.00000E+00
  5.9083333333E+00  5.9125000000E+00  0.00000E+00  0.00000E+00
  5.9125000000E+00  5.9166666667E+00  0.00000E+00  0.00000E+00
  5.9166666667E+00  5.9208333333E+00  0.00000E+00  0.00000E+00
  5.9208333333E+00  5.9250000000E+00  0.00000E+00  0.00000E+00
  5.9250000000E+00  5.9291666667E+00  0.00000E+00  0.00000E+00
  5.9291666667E+00  5.9333333333E+00  0.00000E+00  0.00000E+00
  5.9333333333E+00  5.9375000000E+00  0.00000E+00  0.00000E+00
  5.9375000000E+00  5.9416666667E+00  0.00000E+00  0.00000E+00
  5.9416666667E+00  5.9458333333E+00  0.00000E+00  0.00000E+00
  5.9458333333E+00  5.9500000000E+00  0.00000E+00  0.00000E+00
  5.9500000000E+00  5.9541666667E+00  0.00000E+00  0.00000E+00
  5.9541666667E+00  5.9583333333E+00  0.00000E+00  0.00000E+00
  5.9583333333E+00  5.9625000000E+00  0.00000E+00  0.00000E+00
  5.9625000000E+00  5.9666666667E+00  0.00000E+00  0.00000E+00
  5.9666666667E+00  5.9708333333E+00  1.44696E-13  1.00000E+02
  5.9708333333E+00  5.9750000000E+00  0.00000E+00  0.00000E+00
  5.9750000000E+00  5.9791666667E+00  0.00000E+00  0.00000E+00
  5.9791666667E+00  5.9833333333E+00  4.79938E-07  1.00000E+02
  5.9833333333E+00  5.9875000000E+00  1.33708E-06  8.91497E+01
  5.9875000000E+00  5.9916666667E+00  1.47785E-06  6.42031E+01
  5.9916666667E+00  5.9958333333E+00  1.57971E-06  7.21007E+01
  5.9958333333E+00  6.0000000000E+00  1.64387E-06  7.11068E+01
  6.0000000000E+00  6.0000000000E+00  1.64387E-06  7.11068E+01