# Detector n: 1D Projection
  5.4000002146E-01  5.4416668807E-01  6.13723E-03  7.98402E-01
  5.4416668807E-01  5.4833335469E-01  6.23279E-03  9.86586E-01
  5.4833335469E-01  5.5250002131E-01  6.07117E-03  5.99342E-01
  5.5250002131E-01  5.5666668793E-01  6.19686E-03  9.42196E-01
  5.5666668793E-01  5.6083335454E-01  6.29486E-03  7.26432E-01
  5.6083335454E-01  5.6500002116E-01  7.02716E-03  1.77013E-01
  5.6500002116E-01  5.6916668778E-01  6.99878E-03  1.86440E-01
  5.6916668778E-01  5.7333335439E-01  6.99522E-03  1.70709E-01
  5.7333335439E-01  5.7750002101E-01  7.02494E-03  1.86070E-01
  5.7750002101E-01  5.8166668763E-01  7.02340E-03  1.82278E-01
  5.8166668763E-01  5.8583335424E-01  7.00968E-03  2.00527E-01
  5.8583335424E-01  5.9000002086E-01  7.01947E-03  1.97820E-01
  5.9000002086E-01  5.9416668748E-01  7.01027E-03  1.86332E-01
  5.9416668748E-01  5.9833335410E-01  7.03334E-03  2.17163E-01
  5.9833335410E-01  6.0250002071E-01  7.02981E-03  2.01105E-01
  6.0250002071E-01  6.0666668733E-01  7.04122E-03  2.16254E-01
  6.0666668733E-01  6.1083335395E-01  7.04911E-03  2.14638E-01
  6.1083335395E-01  6.1500002056E-01  7.04650E-03  2.19696E-01
  6.1500002056E-01  6.1916668718E-01  7.01574E-03  1.55895E-01
  6.1916668718E-01  6.2333335380E-01  7.01460E-03  1.69172E-01
  6.2333335380E-01  6.2750002041E-01  7.03458E-03  1.89963E-01
  6.2750002041E-01  6.3166668703E-01  7.04892E-03  1.85088E-01
  6.3166668703E-01  6.3583335365E-01  7.04224E-03  1.92729E-01
  6.3583335365E-01  6.4000002027E-01  7.07816E-03  1.96014E-01
  6.4000002027E-01  6.4416668688E-01  7.09431E-03  2.12252E-01
  6.4416668688E-01  6.4833335350E-01  7.09762E-03  1.73471E-01
  6.4833335350E-01  6.5250002012E-01  7.09616E-03  1.85479E-01
  6.5250002012E-01  6.5666668673E-01  7.09959E-03  1.65712E-01
  6.5666668673E-01  6.6083335335E-01  7.13233E-03  1.98896E-01
  6.6083335335E-01  6.6500001997E-01  7.12160E-03  1.99325E-01
  6.6500001997E-01  6.6916668658E-01  7.10261E-03  1.88386E-01
  6.6916668658E-01  6.7333335320E-01  7.10209E-03  1.86161E-01
  6.7333335320E-01  6.7750001982E-01  7.11851E-03  1.90313E-01
  6.7750001982E-01  6.8166668644E-01  7.14189E-03  2.08659E-01
  6.8166668644E-01  6.8583335305E-01  7.12990E-03  1.84662E-01
  6.8583335305E-01  6.9000001967E-01  7.11926E-03  1.84455E-01
  6.9000001967E-01  6.9416668629E-01  7.12412E-03  1.91481E-01
  6.9416668629E-01  6.9833335290E-01  7.13065E-03  1.81837E-01
  6.9833335290E-01  7.0250001952E-01  7.14593E-03  1.91666E-01
  7.0250001952E-01  7.0666668614E-01  7.15595E-03  2.20258E-01
  7.0666668614E-01  7.1083335275E-01  7.14669E-03  2.01303E-01
  7.1083335275E-01  7.1500001937E-01  7.14163E-03  2.09818E-01
  7.1500001937E-01  7.1916668599E-01  7.17559E-03  2.37608E-01
  7.1916668599E-01  7.2333335261E-01  7.14372E-03  1.89394E-01
  7.2333335261E-01  7.2750001922E-01  7.11632E-03  1.66172E-01
  7.2750001922E-01  7.3166668584E-01  7.14370E-03  1.85465E-01
  7.3166668584E-01  7.3583335246E-01  7.14560E-03  1.96645E-01
  7.3583335246E-01  7.4000001907E-01  7.15349E-03  1.93079E-01
  7.4000001907E-01  7.4416668569E-01  7.14792E-03  2.02919E-01
  7.4416668569E-01  7.4833335231E-01  7.14978E-03  1.82396E-01
  7.4833335231E-01  7.5250001892E-01  7.16206E-03  1.76420E-01
  7.5250001892E-01  7.5666668554E-01  7.18516E-03  2.41987E-01
  7.5666668554E-01  7.6083335216E-01  7.14098E-03  1.52935E-01
  7.6083335216E-01  7.6500001878E-01  7.16057E-03  1.87776E-01
  7.6500001878E-01  7.6916668539E-01  7.15760E-03  1.77690E-01
  7.6916668539E-01  7.7333335201E-01  7.17480E-03  2.07704E-01
  7.7333335201E-01  7.7750001863E-01  7.19303E-03  2.14701E-01
  7.7750001863E-01  7.8166668524E-01  7.17737E-03  2.07174E-01
  7.8166668524E-01  7.8583335186E-01  7.19602E-03  1.73459E-01
  7.8583335186E-01  7.9000001848E-01  7.18701E-03  1.70183E-01
  7.9000001848E-01  7.9416668509E-01  7.21489E-03  2.12126E-01
  7.9416668509E-01  7.9833335171E-01  7.23037E-03  2.03582E-01
  7.9833335171E-01  8.0250001833E-01  7.23679E-03  1.94315E-01
  8.0250001833E-01  8.0666668495E-01  7.24510E-03  2.00448E-01
  8.0666668495E-01  8.1083335156E-01  7.24904E-03  2.02381E-01
  8.1083335156E-01  8.1500001818E-01  7.26895E-03  1.82960E-01
  8.1500001818E-01  8.1916668480E-01  7.28036E-03  1.99928E-01
  8.1916668480E-01  8.2333335141E-01  7.27585E-03  1.90066E-01
  8.2333335141E-01  8.2750001803E-01  7.27812E-03  2.08455E-01
  8.2750001803E-01  8.3166668465E-01  7.27147E-03  1.76980E-01
  8.3166668465E-01  8.3583335126E-01  7.29754E-03  1.99909E-01
  8.3583335126E-01  8.4000001788E-01  7.30736E-03  1.94435E-01
  8.4000001788E-01  8.4416668450E-01  7.29162E-03  1.93265E-01
  8.4416668450E-01  8.4833335112E-01  7.28106E-03  2.09097E-01
  8.4833335112E-01  8.5250001773E-01  7.28628E-03  1.92919E-01
  8.5250001773E-01  8.5666668435E-01  7.29621E-03  1.93288E-01
  8.5666668435E-01  8.6083335097E-01  7.29326E-03  1.77939E-01
  8.6083335097E-01  8.6500001758E-01  7.28188E-03  1.87845E-01
  8.6500001758E-01  8.6916668420E-01  7.29753E-03  1.95035E-01
  8.6916668420E-01  8.7333335082E-01  7.29639E-03  1.82233E-01
  8.7333335082E-01  8.7750001743E-01  7.29218E-03  1.77974E-01
  8.7750001743E-01  8.8166668405E-01  7.29815E-03  1.82063E-01
  8.8166668405E-01  8.8583335067E-01  7.29475E-03  1.86874E-01
  8.8583335067E-01  8.9000001729E-01  7.33722E-03  2.25265E-01
  8.9000001729E-01  8.9416668390E-01  7.31878E-03  1.95287E-01
  8.9416668390E-01  8.9833335052E-01  7.30669E-03  2.00897E-01
  8.9833335052E-01  9.0250001714E-01  7.31726E-03  1.99842E-01
  9.0250001714E-01  9.0666668375E-01  7.32662E-03  2.16667E-01
  9.0666668375E-01  9.1083335037E-01  7.31318E-03  1.93045E-01
  9.1083335037E-01  9.1500001699E-01  7.29714E-03  1.62599E-01
  9.1500001699E-01  9.1916668360E-01  7.30430E-03  1.70708E-01
  9.1916668360E-01  9.2333335022E-01  7.29256E-03  1.68320E-01
  9.2333335022E-01  9.2750001684E-01  7.28645E-03  1.56355E-01
  9.2750001684E-01  9.3166668346E-01  7.31110E-03  1.99586E-01
  9.3166668346E-01  9.3583335007E-01  7.30928E-03  1.71287E-01
  9.3583335007E-01  9.4000001669E-01  7.31607E-03  1.68606E-01
  9.4000001669E-01  9.4416668331E-01  7.32865E-03  1.93903E-01
  9.4416668331E-01  9.4833334992E-01  7.32823E-03  1.79916E-01
  9.4833334992E-01  9.5250001654E-01  7.34757E-03  1.73290E-01
  9.5250001654E-01  9.5666668316E-01  7.35601E-03  2.00280E-01
  9.5666668316E-01  9.6083334977E-01  7.32934E-03  1.80335E-01
  9.6083334977E-01  9.6500001639E-01  7.33559E-03  1.62798E-01
  9.6500001639E-01  9.6916668301E-01  7.32179E-03  1.55948E-01
  9.6916668301E-01  9.7333334963E-01  7.32997E-03  1.73213E-01
  9.7333334963E-01  9.7750001624E-01  7.33649E-03  1.78456E-01
  9.7750001624E-01  9.8166668286E-01  7.36797E-03  2.12733E-01
  9.8166668286E-01  9.8583334948E-01  7.34942E-03  1.91589E-01
  9.8583334948E-01  9.9000001609E-01  7.36634E-03  1.98406E-01
  9.9000001609E-01  9.9416668271E-01  7.34417E-03  1.73624E-01
  9.9416668271E-01  9.9833334933E-01  7.34589E-03  1.80771E-01
  9.9833334933E-01  1.0025000159E+00  7.36151E-03  1.74650E-01
  1.0025000159E+00  1.0066666826E+00  7.35952E-03  1.85316E-01
  1.0066666826E+00  1.0108333492E+00  7.35323E-03  1.69637E-01
  1.0108333492E+00  1.0150000158E+00  7.38604E-03  2.15288E-01
  1.0150000158E+00  1.0191666824E+00  7.37400E-03  1.89015E-01
  1.0191666824E+00  1.0233333490E+00  7.36153E-03  1.83252E-01
  1.0233333490E+00  1.0275000156E+00  7.39287E-03  2.00999E-01
  1.0275000156E+00  1.0316666823E+00  7.39104E-03  2.04419E-01
  1.0316666823E+00  1.0358333489E+00  7.37113E-03  1.78694E-01
  1.0358333489E+00  1.0400000155E+00  7.40555E-03  1.91838E-01
  1.0400000155E+00  1.0441666821E+00  7.40876E-03  2.06656E-01
  1.0441666821E+00  1.0483333487E+00  7.40409E-03  1.88705E-01
  1.0483333487E+00  1.0525000153E+00  7.42330E-03  1.98641E-01
  1.0525000153E+00  1.0566666820E+00  7.40437E-03  1.63623E-01
  1.0566666820E+00  1.0608333486E+00  7.42054E-03  1.82177E-01
  1.0608333486E+00  1.0650000152E+00  7.42606E-03  1.73420E-01
  1.0650000152E+00  1.0691666818E+00  7.42344E-03  2.02421E-01
  1.0691666818E+00  1.0733333484E+00  7.44844E-03  1.99843E-01
  1.0733333484E+00  1.0775000151E+00  7.45093E-03  2.16300E-01
  1.0775000151E+00  1.0816666817E+00  7.44524E-03  2.36762E-01
  1.0816666817E+00  1.0858333483E+00  7.42873E-03  1.74837E-01
  1.0858333483E+00  1.0900000149E+00  7.44825E-03  1.86778E-01
  1.0900000149E+00  1.0941666815E+00  7.47643E-03  2.05087E-01
  1.0941666815E+00  1.0983333481E+00  7.48398E-03  2.13680E-01
  1.0983333481E+00  1.1025000148E+00  7.46272E-03  1.99056E-01
  1.1025000148E+00  1.1066666814E+00  7.47285E-03  1.87657E-01
  1.1066666814E+00  1.1108333480E+00  7.47537E-03  1.99100E-01
  1.1108333480E+00  1.1150000146E+00  7.49920E-03  2.11889E-01
  1.1150000146E+00  1.1191666812E+00  7.48313E-03  1.82441E-01
  1.1191666812E+00  1.1233333478E+00  7.48462E-03  1.76217E-01
  1.1233333478E+00  1.1275000145E+00  7.49279E-03  1.72583E-01
  1.1275000145E+00  1.1316666811E+00  7.51928E-03  2.00315E-01
  1.1316666811E+00  1.1358333477E+00  7.52011E-03  1.96489E-01
  1.1358333477E+00  1.1400000143E+00  7.52003E-03  1.88730E-01
  1.1400000143E+00  1.1441666809E+00  7.52459E-03  1.79766E-01
  1.1441666809E+00  1.1483333475E+00  7.54378E-03  1.75919E-01
  1.1483333475E+00  1.1525000142E+00  7.52021E-03  1.53301E-01
  1.1525000142E+00  1.1566666808E+00  7.53560E-03  1.74158E-01
  1.1566666808E+00  1.1608333474E+00  7.53823E-03  1.81393E-01
  1.1608333474E+00  1.1650000140E+00  7.57538E-03  2.03048E-01
  1.1650000140E+00  1.1691666806E+00  7.56053E-03  1.86597E-01
  1.1691666806E+00  1.1733333472E+00  7.56202E-03  1.85394E-01
  1.1733333472E+00  1.1775000139E+00  7.56610E-03  2.06374E-01
  1.1775000139E+00  1.1816666805E+00  7.55046E-03  1.73604E-01
  1.1816666805E+00  1.1858333471E+00  7.55245E-03  1.73611E-01
  1.1858333471E+00  1.1900000137E+00  7.56798E-03  1.97492E-01
  1.1900000137E+00  1.1941666803E+00  7.55827E-03  1.64489E-01
  1.1941666803E+00  1.1983333469E+00  7.56342E-03  1.84896E-01
  1.1983333469E+00  1.2025000136E+00  7.58608E-03  2.10406E-01
  1.2025000136E+00  1.2066666802E+00  7.56977E-03  1.84343E-01
  1.2066666802E+00  1.2108333468E+00  7.55600E-03  2.01632E-01
  1.2108333468E+00  1.2150000134E+00  7.57674E-03  1.98685E-01
  1.2150000134E+00  1.2191666800E+00  7.57722E-03  1.85234E-01
  1.2191666800E+00  1.2233333466E+00  7.57443E-03  1.90864E-01
  1.2233333466E+00  1.2275000133E+00  7.58884E-03  1.71690E-01
  1.2275000133E+00  1.2316666799E+00  7.57993E-03  2.15290E-01
  1.2316666799E+00  1.2358333465E+00  7.58215E-03  1.79645E-01
  1.2358333465E+00  1.2400000131E+00  7.60602E-03  1.94392E-01
  1.2400000131E+00  1.2441666797E+00  7.58631E-03  1.71631E-01
  1.2441666797E+00  1.2483333463E+00  7.59025E-03  1.70797E-01
  1.2483333463E+00  1.2525000130E+00  7.58951E-03  1.66500E-01
  1.2525000130E+00  1.2566666796E+00  7.60271E-03  1.77198E-01
  1.2566666796E+00  1.2608333462E+00  7.62793E-03  1.99888E-01
  1.2608333462E+00  1.2650000128E+00  7.61374E-03  1.78483E-01
  1.2650000128E+00  1.2691666794E+00  7.62058E-03  1.76732E-01
  1.2691666794E+00  1.2733333460E+00  7.60950E-03  1.74968E-01
  1.2733333460E+00  1.2775000127E+00  7.59070E-03  1.49300E-01
  1.2775000127E+00  1.2816666793E+00  7.62359E-03  1.85953E-01
  1.2816666793E+00  1.2858333459E+00  7.63893E-03  1.85639E-01
  1.2858333459E+00  1.2900000125E+00  7.64029E-03  1.82074E-01
  1.2900000125E+00  1.2941666791E+00  7.63634E-03  1.71584E-01
  1.2941666791E+00  1.2983333458E+00  7.63828E-03  1.89968E-01
  1.2983333458E+00  1.3025000124E+00  7.63800E-03  1.74905E-01
  1.3025000124E+00  1.3066666790E+00  7.65915E-03  2.06612E-01
  1.3066666790E+00  1.3108333456E+00  7.66230E-03  1.78853E-01
  1.3108333456E+00  1.3150000122E+00  7.65039E-03  1.68096E-01
  1.3150000122E+00  1.3191666788E+00  7.67576E-03  2.13230E-01
  1.3191666788E+00  1.3233333455E+00  7.65119E-03  1.69467E-01
  1.3233333455E+00  1.3275000121E+00  7.64603E-03  1.50192E-01
  1.3275000121E+00  1.3316666787E+00  7.66585E-03  1.90609E-01
  1.3316666787E+00  1.3358333453E+00  7.66331E-03  1.73617E-01
  1.3358333453E+00  1.3400000119E+00  7.66924E-03  1.89902E-01
  1.3400000119E+00  1.3441666785E+00  7.67777E-03  1.89949E-01
  1.3441666785E+00  1.3483333452E+00  7.66479E-03  1.82020E-01
  1.3483333452E+00  1.3525000118E+00  7.70200E-03  1.98792E-01
  1.3525000118E+00  1.3566666784E+00  7.70076E-03  1.97521E-01
  1.3566666784E+00  1.3608333450E+00  7.70329E-03  1.91770E-01
  1.3608333450E+00  1.3650000116E+00  7.67670E-03  1.63286E-01
  1.3650000116E+00  1.3691666782E+00  7.69533E-03  1.67320E-01
  1.3691666782E+00  1.3733333449E+00  7.70838E-03  1.95712E-01
  1.3733333449E+00  1.3775000115E+00  7.70296E-03  1.70050E-01
  1.3775000115E+00  1.3816666781E+00  7.72948E-03  1.96756E-01
  1.3816666781E+00  1.3858333447E+00  7.71786E-03  1.78039E-01
  1.3858333447E+00  1.3900000113E+00  7.71741E-03  1.79845E-01
  1.3900000113E+00  1.3941666779E+00  7.70203E-03  1.66148E-01
  1.3941666779E+00  1.3983333446E+00  7.70405E-03  1.59756E-01
  1.3983333446E+00  1.4025000112E+00  7.72380E-03  1.73779E-01
  1.4025000112E+00  1.4066666778E+00  7.75806E-03  2.01575E-01
  1.4066666778E+00  1.4108333444E+00  7.73628E-03  1.89337E-01
  1.4108333444E+00  1.4150000110E+00  7.72184E-03  1.62036E-01
  1.4150000110E+00  1.4191666776E+00  7.74084E-03  1.84147E-01
  1.4191666776E+00  1.4233333443E+00  7.73524E-03  1.67673E-01
  1.4233333443E+00  1.4275000109E+00  7.74291E-03  1.83616E-01
  1.4275000109E+00  1.4316666775E+00  7.73643E-03  1.59422E-01
  1.4316666775E+00  1.4358333441E+00  7.76120E-03  1.80291E-01
  1.4358333441E+00  1.4400000107E+00  7.75248E-03  1.59600E-01
  1.4400000107E+00  1.4441666773E+00  7.76419E-03  2.04429E-01
  1.4441666773E+00  1.4483333440E+00  7.76916E-03  1.86778E-01
  1.4483333440E+00  1.4525000106E+00  7.76499E-03  1.76750E-01
  1.4525000106E+00  1.4566666772E+00  7.76351E-03  1.81428E-01
  1.4566666772E+00  1.4608333438E+00  7.77929E-03  1.77234E-01
  1.4608333438E+00  1.4650000104E+00  7.78018E-03  1.96450E-01
  1.4650000104E+00  1.4691666770E+00  7.79694E-03  1.83602E-01
  1.4691666770E+00  1.4733333437E+00  7.78329E-03  1.73638E-01
  1.4733333437E+00  1.4775000103E+00  7.77332E-03  1.62084E-01
  1.4775000103E+00  1.4816666769E+00  7.76977E-03  1.68889E-01
  1.4816666769E+00  1.4858333435E+00  7.80172E-03  1.88263E-01
  1.4858333435E+00  1.4900000101E+00  7.80608E-03  1.72405E-01
  1.4900000101E+00  1.4941666767E+00  7.80577E-03  1.75082E-01
  1.4941666767E+00  1.4983333434E+00  7.81196E-03  1.75532E-01
  1.4983333434E+00  1.5025000100E+00  7.82209E-03  1.73561E-01
  1.5025000100E+00  1.5066666766E+00  7.82243E-03  1.78621E-01
  1.5066666766E+00  1.5108333432E+00  7.79870E-03  1.50682E-01
  1.5108333432E+00  1.5150000098E+00  7.83623E-03  2.11214E-01
  1.5150000098E+00  1.5191666765E+00  7.84523E-03  1.94338E-01
  1.5191666765E+00  1.5233333431E+00  7.85250E-03  1.79565E-01
  1.5233333431E+00  1.5275000097E+00  7.86108E-03  1.81250E-01
  1.5275000097E+00  1.5316666763E+00  7.84903E-03  1.73718E-01
  1.5316666763E+00  1.5358333429E+00  7.87986E-03  2.03443E-01
  1.5358333429E+00  1.5400000095E+00  7.86427E-03  1.74820E-01
  1.5400000095E+00  1.5441666762E+00  7.87280E-03  1.76940E-01
  1.5441666762E+00  1.5483333428E+00  7.89274E-03  2.02982E-01
  1.5483333428E+00  1.5525000094E+00  7.88706E-03  2.02553E-01
  1.5525000094E+00  1.5566666760E+00  7.90730E-03  2.04438E-01
  1.5566666760E+00  1.5608333426E+00  7.87594E-03  1.80224E-01
  1.5608333426E+00  1.5650000092E+00  7.87625E-03  1.73872E-01
  1.5650000092E+00  1.5691666759E+00  7.90545E-03  1.83438E-01
  1.5691666759E+00  1.5733333425E+00  7.89553E-03  2.04003E-01
  1.5733333425E+00  1.5775000091E+00  7.90481E-03  1.85348E-01
  1.5775000091E+00  1.5816666757E+00  7.91042E-03  1.74313E-01
  1.5816666757E+00  1.5858333423E+00  7.90489E-03  1.65593E-01
  1.5858333423E+00  1.5900000089E+00  7.92897E-03  2.06657E-01
  1.5900000089E+00  1.5941666756E+00  7.92407E-03  1.85899E-01
  1.5941666756E+00  1.5983333422E+00  7.92806E-03  1.71613E-01
  1.5983333422E+00  1.6025000088E+00  7.93510E-03  1.84915E-01
  1.6025000088E+00  1.6066666754E+00  7.93634E-03  1.73420E-01
  1.6066666754E+00  1.6108333420E+00  7.94305E-03  1.76184E-01
  1.6108333420E+00  1.6150000086E+00  7.96595E-03  1.98578E-01
  1.6150000086E+00  1.6191666753E+00  7.95466E-03  1.64554E-01
  1.6191666753E+00  1.6233333419E+00  7.96381E-03  1.67352E-01
  1.6233333419E+00  1.6275000085E+00  7.96805E-03  1.81531E-01
  1.6275000085E+00  1.6316666751E+00  7.96672E-03  1.72909E-01
  1.6316666751E+00  1.6358333417E+00  7.97954E-03  1.82090E-01
  1.6358333417E+00  1.6400000083E+00  7.98300E-03  1.75440E-01
  1.6400000083E+00  1.6441666750E+00  7.97447E-03  1.73947E-01
  1.6441666750E+00  1.6483333416E+00  7.97233E-03  1.76269E-01
  1.6483333416E+00  1.6525000082E+00  7.97916E-03  1.82420E-01
  1.6525000082E+00  1.6566666748E+00  7.97579E-03  1.66462E-01
  1.6566666748E+00  1.6608333414E+00  8.02276E-03  1.90951E-01
  1.6608333414E+00  1.6650000080E+00  8.01458E-03  1.99743E-01
  1.6650000080E+00  1.6691666747E+00  8.00072E-03  1.85217E-01
  1.6691666747E+00  1.6733333413E+00  8.01632E-03  1.88153E-01
  1.6733333413E+00  1.6775000079E+00  8.00396E-03  1.63610E-01
  1.6775000079E+00  1.6816666745E+00  8.01613E-03  1.50631E-01
  1.6816666745E+00  1.6858333411E+00  8.02524E-03  1.75591E-01
  1.6858333411E+00  1.6900000077E+00  8.05598E-03  1.85945E-01
  1.6900000077E+00  1.6941666744E+00  8.03436E-03  1.67170E-01
  1.6941666744E+00  1.6983333410E+00  8.04063E-03  1.69292E-01
  1.6983333410E+00  1.7025000076E+00  8.03853E-03  1.74597E-01
  1.7025000076E+00  1.7066666742E+00  8.03829E-03  1.76741E-01
  1.7066666742E+00  1.7108333408E+00  8.06272E-03  1.86834E-01
  1.7108333408E+00  1.7150000075E+00  8.06193E-03  1.74704E-01
  1.7150000075E+00  1.7191666741E+00  8.07373E-03  1.78852E-01
  1.7191666741E+00  1.7233333407E+00  8.07637E-03  1.81819E-01
  1.7233333407E+00  1.7275000073E+00  8.06259E-03  1.51413E-01
  1.7275000073E+00  1.7316666739E+00  8.08380E-03  1.64198E-01
  1.7316666739E+00  1.7358333405E+00  8.09015E-03  1.74981E-01
  1.7358333405E+00  1.7400000072E+00  8.10288E-03  1.85801E-01
  1.7400000072E+00  1.7441666738E+00  8.10754E-03  1.65623E-01
  1.7441666738E+00  1.7483333404E+00  8.10710E-03  1.90716E-01
  1.7483333404E+00  1.7525000070E+00  8.11505E-03  1.61831E-01
  1.7525000070E+00  1.7566666736E+00  8.12439E-03  1.68759E-01
  1.7566666736E+00  1.7608333402E+00  8.12049E-03  1.61040E-01
  1.7608333402E+00  1.7650000069E+00  8.12608E-03  1.61155E-01
  1.7650000069E+00  1.7691666735E+00  8.12143E-03  1.64233E-01
  1.7691666735E+00  1.7733333401E+00  8.12192E-03  1.58239E-01
  1.7733333401E+00  1.7775000067E+00  8.14944E-03  1.86480E-01
  1.7775000067E+00  1.7816666733E+00  8.15000E-03  1.65224E-01
  1.7816666733E+00  1.7858333399E+00  8.16861E-03  1.85734E-01
  1.7858333399E+00  1.7900000066E+00  8.15102E-03  1.61353E-01
  1.7900000066E+00  1.7941666732E+00  8.16770E-03  1.59896E-01
  1.7941666732E+00  1.7983333398E+00  8.15304E-03  1.44659E-01
  1.7983333398E+00  1.8025000064E+00  8.17492E-03  1.77351E-01
  1.8025000064E+00  1.8066666730E+00  8.19558E-03  1.92673E-01
  1.8066666730E+00  1.8108333396E+00  8.17938E-03  1.63374E-01
  1.8108333396E+00  1.8150000063E+00  8.18938E-03  1.65933E-01
  1.8150000063E+00  1.8191666729E+00  8.21022E-03  1.89620E-01
  1.8191666729E+00  1.8233333395E+00  8.19497E-03  1.75007E-01
  1.8233333395E+00  1.8275000061E+00  8.20541E-03  1.94090E-01
  1.8275000061E+00  1.8316666727E+00  8.19537E-03  1.80990E-01
  1.8316666727E+00  1.8358333393E+00  8.22905E-03  2.02329E-01
  1.8358333393E+00  1.8400000060E+00  8.20660E-03  1.60447E-01
  1.8400000060E+00  1.8441666726E+00  8.21158E-03  1.56958E-01
  1.8441666726E+00  1.8483333392E+00  8.21681E-03  1.64842E-01
  1.8483333392E+00  1.8525000058E+00  8.22341E-03  1.61849E-01
  1.8525000058E+00  1.8566666724E+00  8.22582E-03  1.78231E-01
  1.8566666724E+00  1.8608333390E+00  8.24811E-03  1.72555E-01
  1.8608333390E+00  1.8650000057E+00  8.24553E-03  1.74393E-01
  1.8650000057E+00  1.8691666723E+00  8.25041E-03  1.67331E-01
  1.8691666723E+00  1.8733333389E+00  8.24056E-03  1.66187E-01
  1.8733333389E+00  1.8775000055E+00  8.24127E-03  1.53953E-01
  1.8775000055E+00  1.8816666721E+00  8.25490E-03  1.60114E-01
  1.8816666721E+00  1.8858333387E+00  8.27958E-03  1.90036E-01
  1.8858333387E+00  1.8900000054E+00  8.30372E-03  1.82373E-01
  1.8900000054E+00  1.8941666720E+00  8.27224E-03  1.68187E-01
  1.8941666720E+00  1.8983333386E+00  8.27117E-03  1.66365E-01
  1.8983333386E+00  1.9025000052E+00  8.29203E-03  1.88400E-01
  1.9025000052E+00  1.9066666718E+00  8.28537E-03  1.69264E-01
  1.9066666718E+00  1.9108333384E+00  8.29283E-03  1.75224E-01
  1.9108333384E+00  1.9150000051E+00  8.30529E-03  1.75745E-01
  1.9150000051E+00  1.9191666717E+00  8.32355E-03  1.69933E-01
  1.9191666717E+00  1.9233333383E+00  8.32052E-03  1.93725E-01
  1.9233333383E+00  1.9275000049E+00  8.29804E-03  1.65825E-01
  1.9275000049E+00  1.9316666715E+00  8.32672E-03  1.90588E-01
  1.9316666715E+00  1.9358333382E+00  8.33344E-03  1.69140E-01
  1.9358333382E+00  1.9400000048E+00  8.33962E-03  1.73940E-01
  1.9400000048E+00  1.9441666714E+00  8.33074E-03  1.54765E-01
  1.9441666714E+00  1.9483333380E+00  8.33320E-03  1.61196E-01
  1.9483333380E+00  1.9525000046E+00  8.35299E-03  1.75091E-01
  1.9525000046E+00  1.9566666712E+00  8.34962E-03  1.62714E-01
  1.9566666712E+00  1.9608333379E+00  8.33567E-03  1.56875E-01
  1.9608333379E+00  1.9650000045E+00  8.36963E-03  1.76093E-01
  1.9650000045E+00  1.9691666711E+00  8.36002E-03  1.65395E-01
  1.9691666711E+00  1.9733333377E+00  8.38452E-03  1.91242E-01
  1.9733333377E+00  1.9775000043E+00  8.38983E-03  1.87386E-01
  1.9775000043E+00  1.9816666709E+00  8.38219E-03  1.73300E-01
  1.9816666709E+00  1.9858333376E+00  8.39992E-03  1.85220E-01
  1.9858333376E+00  1.9900000042E+00  8.40266E-03  1.61603E-01
  1.9900000042E+00  1.9941666708E+00  8.40589E-03  1.79496E-01
  1.9941666708E+00  1.9983333374E+00  8.41888E-03  1.78973E-01
  1.9983333374E+00  2.0025000040E+00  8.39965E-03  1.62046E-01
  2.0025000040E+00  2.0066666706E+00  8.40781E-03  1.61561E-01
  2.0066666706E+00  2.0108333373E+00  8.42092E-03  1.71327E-01
  2.0108333373E+00  2.0150000039E+00  8.45122E-03  1.82802E-01
  2.0150000039E+00  2.0191666705E+00  8.45340E-03  1.77795E-01
  2.0191666705E+00  2.0233333371E+00  8.43346E-03  1.62429E-01
  2.0233333371E+00  2.0275000037E+00  8.44428E-03  1.73927E-01
  2.0275000037E+00  2.0316666703E+00  8.45455E-03  1.70242E-01
  2.0316666703E+00  2.0358333370E+00  8.45683E-03  1.57217E-01
  2.0358333370E+00  2.0400000036E+00  8.46996E-03  1.71568E-01
  2.0400000036E+00  2.0441666702E+00  8.46453E-03  1.72176E-01
  2.0441666702E+00  2.0483333368E+00  8.49660E-03  1.90434E-01
  2.0483333368E+00  2.0525000034E+00  8.48989E-03  1.66627E-01
  2.0525000034E+00  2.0566666700E+00  8.49306E-03  1.60184E-01
  2.0566666700E+00  2.0608333367E+00  8.49794E-03  1.76184E-01
  2.0608333367E+00  2.0650000033E+00  8.47751E-03  1.47069E-01
  2.0650000033E+00  2.0691666699E+00  8.50299E-03  1.86819E-01
  2.0691666699E+00  2.0733333365E+00  8.48883E-03  1.67558E-01
  2.0733333365E+00  2.0775000031E+00  8.51776E-03  1.78107E-01
  2.0775000031E+00  2.0816666697E+00  8.51958E-03  1.58484E-01
  2.0816666697E+00  2.0858333364E+00  8.52430E-03  1.82650E-01
  2.0858333364E+00  2.0900000030E+00  8.52104E-03  1.55011E-01
  2.0900000030E+00  2.0941666696E+00  8.52482E-03  1.71367E-01
  2.0941666696E+00  2.0983333362E+00  8.55347E-03  1.83893E-01
  2.0983333362E+00  2.1025000028E+00  8.56476E-03  1.72433E-01
  2.1025000028E+00  2.1066666694E+00  8.57583E-03  1.78518E-01
  2.1066666694E+00  2.1108333361E+00  8.55039E-03  1.58081E-01
  2.1108333361E+00  2.1150000027E+00  8.55666E-03  1.72991E-01
  2.1150000027E+00  2.1191666693E+00  8.58216E-03  1.97035E-01
  2.1191666693E+00  2.1233333359E+00  8.58040E-03  1.90982E-01
  2.1233333359E+00  2.1275000025E+00  8.58028E-03  1.71368E-01
  2.1275000025E+00  2.1316666692E+00  8.57808E-03  1.81679E-01
  2.1316666692E+00  2.1358333358E+00  8.57576E-03  1.47790E-01
  2.1358333358E+00  2.1400000024E+00  8.60231E-03  1.65263E-01
  2.1400000024E+00  2.1441666690E+00  8.62799E-03  1.75442E-01
  2.1441666690E+00  2.1483333356E+00  8.60393E-03  1.53674E-01
  2.1483333356E+00  2.1525000022E+00  8.65958E-03  1.86743E-01
  2.1525000022E+00  2.1566666689E+00  8.64435E-03  1.84658E-01
  2.1566666689E+00  2.1608333355E+00  8.67113E-03  1.89668E-01
  2.1608333355E+00  2.1650000021E+00  8.66101E-03  1.86939E-01
  2.1650000021E+00  2.1691666687E+00  8.65879E-03  1.71682E-01
  2.1691666687E+00  2.1733333353E+00  8.68296E-03  1.78560E-01
  2.1733333353E+00  2.1775000019E+00  8.66774E-03  1.78812E-01
  2.1775000019E+00  2.1816666686E+00  8.65850E-03  1.69689E-01
  2.1816666686E+00  2.1858333352E+00  8.67919E-03  1.83908E-01
  2.1858333352E+00  2.1900000018E+00  8.68890E-03  1.65238E-01
  2.1900000018E+00  2.1941666684E+00  8.68098E-03  1.54519E-01
  2.1941666684E+00  2.1983333350E+00  8.71589E-03  1.76484E-01
  2.1983333350E+00  2.2025000016E+00  8.70847E-03  1.68802E-01
  2.2025000016E+00  2.2066666683E+00  8.69487E-03  1.55808E-01
  2.2066666683E+00  2.2108333349E+00  8.72260E-03  1.75036E-01
  2.2108333349E+00  2.2150000015E+00  8.70693E-03  1.55789E-01
  2.2150000015E+00  2.2191666681E+00  8.71000E-03  1.50905E-01
  2.2191666681E+00  2.2233333347E+00  8.76050E-03  1.81898E-01
  2.2233333347E+00  2.2275000013E+00  8.73592E-03  1.62252E-01
  2.2275000013E+00  2.2316666680E+00  8.75826E-03  1.78240E-01
  2.2316666680E+00  2.2358333346E+00  8.75396E-03  1.69315E-01
  2.2358333346E+00  2.2400000012E+00  8.75783E-03  1.66223E-01
  2.2400000012E+00  2.2441666678E+00  8.76721E-03  1.68482E-01
  2.2441666678E+00  2.2483333344E+00  8.76233E-03  1.56859E-01
  2.2483333344E+00  2.2525000010E+00  8.77335E-03  1.58383E-01
  2.2525000010E+00  2.2566666677E+00  8.79127E-03  1.71290E-01
  2.2566666677E+00  2.2608333343E+00  8.79291E-03  1.63285E-01
  2.2608333343E+00  2.2650000009E+00  8.80378E-03  1.59625E-01
  2.2650000009E+00  2.2691666675E+00  8.79232E-03  1.62473E-01
  2.2691666675E+00  2.2733333341E+00  8.79959E-03  1.73962E-01
  2.2733333341E+00  2.2775000007E+00  8.81810E-03  1.62654E-01
  2.2775000007E+00  2.2816666674E+00  8.82113E-03  1.70056E-01
  2.2816666674E+00  2.2858333340E+00  8.82924E-03  1.85486E-01
  2.2858333340E+00  2.2900000006E+00  8.81982E-03  1.50425E-01
  2.2900000006E+00  2.2941666672E+00  8.84140E-03  1.66993E-01
  2.2941666672E+00  2.2983333338E+00  8.84126E-03  1.67285E-01
  2.2983333338E+00  2.3025000004E+00  8.88519E-03  1.78510E-01
  2.3025000004E+00  2.3066666671E+00  8.85598E-03  1.62953E-01
  2.3066666671E+00  2.3108333337E+00  8.87435E-03  1.84833E-01
  2.3108333337E+00  2.3150000003E+00  8.88886E-03  1.73614E-01
  2.3150000003E+00  2.3191666669E+00  8.88542E-03  1.66581E-01
  2.3191666669E+00  2.3233333335E+00  8.88906E-03  1.52024E-01
  2.3233333335E+00  2.3275000001E+00  8.89044E-03  1.56386E-01
  2.3275000001E+00  2.3316666668E+00  8.89666E-03  1.58138E-01
  2.3316666668E+00  2.3358333334E+00  8.90245E-03  1.69055E-01
  2.3358333334E+00  2.3400000000E+00  8.90827E-03  1.53926E-01
  2.3400000000E+00  2.3441666666E+00  8.92879E-03  1.69115E-01
  2.3441666666E+00  2.3483333332E+00  8.93212E-03  1.62237E-01
  2.3483333332E+00  2.3524999999E+00  8.92508E-03  1.55173E-01
  2.3524999999E+00  2.3566666665E+00  8.94197E-03  1.78383E-01
  2.3566666665E+00  2.3608333331E+00  8.95449E-03  1.64111E-01
  2.3608333331E+00  2.3649999997E+00  8.94497E-03  1.41704E-01
  2.3649999997E+00  2.3691666663E+00  8.95717E-03  1.42337E-01
  2.3691666663E+00  2.3733333329E+00  8.96474E-03  1.54451E-01
  2.3733333329E+00  2.3774999996E+00  8.97605E-03  1.66898E-01
  2.3774999996E+00  2.3816666662E+00  8.95927E-03  1.52858E-01
  2.3816666662E+00  2.3858333328E+00  8.98094E-03  1.66493E-01
  2.3858333328E+00  2.3899999994E+00  8.97901E-03  1.58865E-01
  2.3899999994E+00  2.3941666660E+00  8.99287E-03  1.54925E-01
  2.3941666660E+00  2.3983333326E+00  8.99352E-03  1.55274E-01
  2.3983333326E+00  2.4024999993E+00  8.98875E-03  1.43488E-01
  2.4024999993E+00  2.4066666659E+00  9.03992E-03  1.69366E-01
  2.4066666659E+00  2.4108333325E+00  9.02429E-03  1.62908E-01
  2.4108333325E+00  2.4149999991E+00  9.04671E-03  1.88365E-01
  2.4149999991E+00  2.4191666657E+00  9.05825E-03  1.76824E-01
  2.4191666657E+00  2.4233333323E+00  9.06551E-03  1.62829E-01
  2.4233333323E+00  2.4274999990E+00  9.05028E-03  1.56399E-01
  2.4274999990E+00  2.4316666656E+00  9.06935E-03  1.64602E-01
  2.4316666656E+00  2.4358333322E+00  9.06647E-03  1.64525E-01
  2.4358333322E+00  2.4399999988E+00  9.07436E-03  1.83192E-01
  2.4399999988E+00  2.4441666654E+00  9.08207E-03  1.58575E-01
  2.4441666654E+00  2.4483333320E+00  9.09872E-03  1.55143E-01
  2.4483333320E+00  2.4524999987E+00  9.10857E-03  1.71096E-01
  2.4524999987E+00  2.4566666653E+00  9.12906E-03  1.80158E-01
  2.4566666653E+00  2.4608333319E+00  9.11512E-03  1.58248E-01
  2.4608333319E+00  2.4649999985E+00  9.14488E-03  1.87995E-01
  2.4649999985E+00  2.4691666651E+00  9.12561E-03  1.54577E-01
  2.4691666651E+00  2.4733333317E+00  9.11118E-03  1.39267E-01
  2.4733333317E+00  2.4774999984E+00  9.13968E-03  1.64283E-01
  2.4774999984E+00  2.4816666650E+00  9.16068E-03  1.80646E-01
  2.4816666650E+00  2.4858333316E+00  9.15286E-03  1.61594E-01
  2.4858333316E+00  2.4899999982E+00  9.19099E-03  1.67130E-01
  2.4899999982E+00  2.4941666648E+00  9.15659E-03  1.49177E-01
  2.4941666648E+00  2.4983333314E+00  9.16529E-03  1.48437E-01
  2.4983333314E+00  2.5024999981E+00  9.19252E-03  1.72312E-01
  2.5024999981E+00  2.5066666647E+00  9.20920E-03  1.55289E-01
  2.5066666647E+00  2.5108333313E+00  9.19275E-03  1.50899E-01
  2.5108333313E+00  2.5149999979E+00  9.20945E-03  1.68855E-01
  2.5149999979E+00  2.5191666645E+00  9.20761E-03  1.53480E-01
  2.5191666645E+00  2.5233333311E+00  9.20625E-03  1.40600E-01
  2.5233333311E+00  2.5274999978E+00  9.22211E-03  1.65196E-01
  2.5274999978E+00  2.5316666644E+00  9.25903E-03  1.75639E-01
  2.5316666644E+00  2.5358333310E+00  9.26622E-03  1.67257E-01
  2.5358333310E+00  2.5399999976E+00  9.25719E-03  1.46784E-01
  2.5399999976E+00  2.5441666642E+00  9.27999E-03  1.78213E-01
  2.5441666642E+00  2.5483333308E+00  9.26394E-03  1.55749E-01
  2.5483333308E+00  2.5524999975E+00  9.25628E-03  1.41272E-01
  2.5524999975E+00  2.5566666641E+00  9.27532E-03  1.54485E-01
  2.5566666641E+00  2.5608333307E+00  9.28353E-03  1.56059E-01
  2.5608333307E+00  2.5649999973E+00  9.29239E-03  1.61409E-01
  2.5649999973E+00  2.5691666639E+00  9.30239E-03  1.62186E-01
  2.5691666639E+00  2.5733333306E+00  9.31242E-03  1.58536E-01
  2.5733333306E+00  2.5774999972E+00  9.33340E-03  1.73930E-01
  2.5774999972E+00  2.5816666638E+00  9.35407E-03  1.61063E-01
  2.5816666638E+00  2.5858333304E+00  9.35593E-03  1.48202E-01
  2.5858333304E+00  2.5899999970E+00  9.34760E-03  1.61702E-01
  2.5899999970E+00  2.5941666636E+00  9.34900E-03  1.59381E-01
  2.5941666636E+00  2.5983333303E+00  9.38328E-03  1.68448E-01
  2.5983333303E+00  2.6024999969E+00  9.38387E-03  1.49965E-01
  2.6024999969E+00  2.6066666635E+00  9.38822E-03  1.51151E-01
  2.6066666635E+00  2.6108333301E+00  9.38861E-03  1.43775E-01
  2.6108333301E+00  2.6149999967E+00  9.40663E-03  1.55332E-01
  2.6149999967E+00  2.6191666633E+00  9.40843E-03  1.43594E-01
  2.6191666633E+00  2.6233333300E+00  9.42209E-03  1.55202E-01
  2.6233333300E+00  2.6274999966E+00  9.44280E-03  1.60485E-01
  2.6274999966E+00  2.6316666632E+00  9.44751E-03  1.47446E-01
  2.6316666632E+00  2.6358333298E+00  9.44826E-03  1.53073E-01
  2.6358333298E+00  2.6399999964E+00  9.46818E-03  1.57272E-01
  2.6399999964E+00  2.6441666630E+00  9.47593E-03  1.67663E-01
  2.6441666630E+00  2.6483333297E+00  9.50120E-03  1.74252E-01
  2.6483333297E+00  2.6524999963E+00  9.50064E-03  1.58487E-01
  2.6524999963E+00  2.6566666629E+00  9.50347E-03  1.54427E-01
  2.6566666629E+00  2.6608333295E+00  9.52577E-03  1.47834E-01
  2.6608333295E+00  2.6649999961E+00  9.51983E-03  1.42266E-01
  2.6649999961E+00  2.6691666627E+00  9.52186E-03  1.42829E-01
  2.6691666627E+00  2.6733333294E+00  9.55552E-03  1.67508E-01
  2.6733333294E+00  2.6774999960E+00  9.54890E-03  1.56546E-01
  2.6774999960E+00  2.6816666626E+00  9.53352E-03  1.50595E-01
  2.6816666626E+00  2.6858333292E+00  9.56228E-03  1.60449E-01
  2.6858333292E+00  2.6899999958E+00  9.58204E-03  1.65222E-01
  2.6899999958E+00  2.6941666624E+00  9.58645E-03  1.51748E-01
  2.6941666624E+00  2.6983333291E+00  9.61077E-03  1.47151E-01
  2.6983333291E+00  2.7024999957E+00  9.58589E-03  1.51817E-01
  2.7024999957E+00  2.7066666623E+00  9.60965E-03  1.70635E-01
  2.7066666623E+00  2.7108333289E+00  9.64624E-03  1.67476E-01
  2.7108333289E+00  2.7149999955E+00  9.62045E-03  1.52888E-01
  2.7149999955E+00  2.7191666621E+00  9.60548E-03  1.39592E-01
  2.7191666621E+00  2.7233333288E+00  9.64609E-03  1.48443E-01
  2.7233333288E+00  2.7274999954E+00  9.65696E-03  1.69204E-01
  2.7274999954E+00  2.7316666620E+00  9.64809E-03  1.53286E-01
  2.7316666620E+00  2.7358333286E+00  9.66545E-03  1.57140E-01
  2.7358333286E+00  2.7399999952E+00  9.67556E-03  1.67132E-01
  2.7399999952E+00  2.7441666618E+00  9.70569E-03  1.68514E-01
  2.7441666618E+00  2.7483333285E+00  9.71839E-03  1.70602E-01
  2.7483333285E+00  2.7524999951E+00  9.70631E-03  1.55938E-01
  2.7524999951E+00  2.7566666617E+00  9.71344E-03  1.45974E-01
  2.7566666617E+00  2.7608333283E+00  9.72692E-03  1.56975E-01
  2.7608333283E+00  2.7649999949E+00  9.72786E-03  1.52723E-01
  2.7649999949E+00  2.7691666616E+00  9.75772E-03  1.65069E-01
  2.7691666616E+00  2.7733333282E+00  9.74809E-03  1.56159E-01
  2.7733333282E+00  2.7774999948E+00  9.76167E-03  1.52767E-01
  2.7774999948E+00  2.7816666614E+00  9.75720E-03  1.40230E-01
  2.7816666614E+00  2.7858333280E+00  9.77794E-03  1.63942E-01
  2.7858333280E+00  2.7899999946E+00  9.79194E-03  1.64153E-01
  2.7899999946E+00  2.7941666613E+00  9.79860E-03  1.53314E-01
  2.7941666613E+00  2.7983333279E+00  9.81376E-03  1.51801E-01
  2.7983333279E+00  2.8024999945E+00  9.81106E-03  1.47149E-01
  2.8024999945E+00  2.8066666611E+00  9.83475E-03  1.61875E-01
  2.8066666611E+00  2.8108333277E+00  9.87130E-03  1.62440E-01
  2.8108333277E+00  2.8149999943E+00  9.85917E-03  1.62682E-01
  2.8149999943E+00  2.8191666610E+00  9.84732E-03  1.54214E-01
  2.8191666610E+00  2.8233333276E+00  9.87673E-03  1.66230E-01
  2.8233333276E+00  2.8274999942E+00  9.88075E-03  1.44360E-01
  2.8274999942E+00  2.8316666608E+00  9.89799E-03  1.55604E-01
  2.8316666608E+00  2.8358333274E+00  9.91382E-03  1.51980E-01
  2.8358333274E+00  2.8399999940E+00  9.91495E-03  1.49543E-01
  2.8399999940E+00  2.8441666607E+00  9.91071E-03  1.43530E-01
  2.8441666607E+00  2.8483333273E+00  9.94861E-03  1.64981E-01
  2.8483333273E+00  2.8524999939E+00  9.95361E-03  1.40325E-01
  2.8524999939E+00  2.8566666605E+00  9.97978E-03  1.64362E-01
  2.8566666605E+00  2.8608333271E+00  9.98055E-03  1.48721E-01
  2.8608333271E+00  2.8649999937E+00  9.97790E-03  1.55530E-01
  2.8649999937E+00  2.8691666604E+00  9.97658E-03  1.39462E-01
  2.8691666604E+00  2.8733333270E+00  9.99347E-03  1.45295E-01
  2.8733333270E+00  2.8774999936E+00  1.00041E-02  1.46166E-01
  2.8774999936E+00  2.8816666602E+00  1.00046E-02  1.26455E-01
  2.8816666602E+00  2.8858333268E+00  1.00357E-02  1.40376E-01
  2.8858333268E+00  2.8899999934E+00  1.00330E-02  1.29783E-01
  2.8899999934E+00  2.8941666601E+00  1.00442E-02  1.46774E-01
  2.8941666601E+00  2.8983333267E+00  1.00691E-02  1.56907E-01
  2.8983333267E+00  2.9024999933E+00  1.00814E-02  1.48988E-01
  2.9024999933E+00  2.9066666599E+00  1.00770E-02  1.40390E-01
  2.9066666599E+00  2.9108333265E+00  1.01132E-02  1.50406E-01
  2.9108333265E+00  2.9149999931E+00  1.00995E-02  1.50351E-01
  2.9149999931E+00  2.9191666598E+00  1.01302E-02  1.53561E-01
  2.9191666598E+00  2.9233333264E+00  1.01186E-02  1.40822E-01
  2.9233333264E+00  2.9274999930E+00  1.01538E-02  1.55210E-01
  2.9274999930E+00  2.9316666596E+00  1.01702E-02  1.56704E-01
  2.9316666596E+00  2.9358333262E+00  1.01811E-02  1.52596E-01
  2.9358333262E+00  2.9399999928E+00  1.02028E-02  1.63667E-01
  2.9399999928E+00  2.9441666595E+00  1.02034E-02  1.44828E-01
  2.9441666595E+00  2.9483333261E+00  1.02036E-02  1.51548E-01
  2.9483333261E+00  2.9524999927E+00  1.02242E-02  1.51862E-01
  2.9524999927E+00  2.9566666593E+00  1.02321E-02  1.49046E-01
  2.9566666593E+00  2.9608333259E+00  1.02238E-02  1.48981E-01
  2.9608333259E+00  2.9649999925E+00  1.02553E-02  1.42857E-01
  2.9649999925E+00  2.9691666592E+00  1.02561E-02  1.48585E-01
  2.9691666592E+00  2.9733333258E+00  1.02826E-02  1.50738E-01
  2.9733333258E+00  2.9774999924E+00  1.02993E-02  1.51427E-01
  2.9774999924E+00  2.9816666590E+00  1.02910E-02  1.42067E-01
  2.9816666590E+00  2.9858333256E+00  1.03098E-02  1.32462E-01
  2.9858333256E+00  2.9899999923E+00  1.03329E-02  1.45464E-01
  2.9899999923E+00  2.9941666589E+00  1.03499E-02  1.51305E-01
  2.9941666589E+00  2.9983333255E+00  1.03500E-02  1.35761E-01
  2.9983333255E+00  3.0024999921E+00  1.03504E-02  1.35211E-01
  3.0024999921E+00  3.0066666587E+00  1.03703E-02  1.42017E-01
  3.0066666587E+00  3.0108333253E+00  1.03930E-02  1.58816E-01
  3.0108333253E+00  3.0149999920E+00  1.03973E-02  1.50321E-01
  3.0149999920E+00  3.0191666586E+00  1.04114E-02  1.41161E-01
  3.0191666586E+00  3.0233333252E+00  1.04069E-02  1.50064E-01
  3.0233333252E+00  3.0274999918E+00  1.04364E-02  1.53255E-01
  3.0274999918E+00  3.0316666584E+00  1.04337E-02  1.43360E-01
  3.0316666584E+00  3.0358333250E+00  1.04521E-02  1.49089E-01
  3.0358333250E+00  3.0399999917E+00  1.04609E-02  1.36801E-01
  3.0399999917E+00  3.0441666583E+00  1.04669E-02  1.32320E-01
  3.0441666583E+00  3.0483333249E+00  1.04898E-02  1.38908E-01
  3.0483333249E+00  3.0524999915E+00  1.05273E-02  1.53451E-01
  3.0524999915E+00  3.0566666581E+00  1.05183E-02  1.42160E-01
  3.0566666581E+00  3.0608333247E+00  1.05475E-02  1.47919E-01
  3.0608333247E+00  3.0649999914E+00  1.05665E-02  1.56289E-01
  3.0649999914E+00  3.0691666580E+00  1.05630E-02  1.55609E-01
  3.0691666580E+00  3.0733333246E+00  1.05740E-02  1.52669E-01
  3.0733333246E+00  3.0774999912E+00  1.05924E-02  1.38490E-01
  3.0774999912E+00  3.0816666578E+00  1.05924E-02  1.36562E-01
  3.0816666578E+00  3.0858333244E+00  1.06093E-02  1.39045E-01
  3.0858333244E+00  3.0899999911E+00  1.06211E-02  1.42463E-01
  3.0899999911E+00  3.0941666577E+00  1.06502E-02  1.41769E-01
  3.0941666577E+00  3.0983333243E+00  1.06551E-02  1.38620E-01
  3.0983333243E+00  3.1024999909E+00  1.06703E-02  1.51726E-01
  3.1024999909E+00  3.1066666575E+00  1.06986E-02  1.48307E-01
  3.1066666575E+00  3.1108333241E+00  1.07147E-02  1.53630E-01
  3.1108333241E+00  3.1149999908E+00  1.07466E-02  1.58069E-01
  3.1149999908E+00  3.1191666574E+00  1.07359E-02  1.51517E-01
  3.1191666574E+00  3.1233333240E+00  1.07445E-02  1.47833E-01
  3.1233333240E+00  3.1274999906E+00  1.07653E-02  1.56487E-01
  3.1274999906E+00  3.1316666572E+00  1.07789E-02  1.52094E-01
  3.1316666572E+00  3.1358333238E+00  1.07850E-02  1.31645E-01
  3.1358333238E+00  3.1399999905E+00  1.08207E-02  1.32051E-01
  3.1399999905E+00  3.1441666571E+00  1.08089E-02  1.24046E-01
  3.1441666571E+00  3.1483333237E+00  1.08377E-02  1.50085E-01
  3.1483333237E+00  3.1524999903E+00  1.08621E-02  1.49000E-01
  3.1524999903E+00  3.1566666569E+00  1.08644E-02  1.44764E-01
  3.1566666569E+00  3.1608333235E+00  1.08702E-02  1.35266E-01
  3.1608333235E+00  3.1649999902E+00  1.09049E-02  1.51671E-01
  3.1649999902E+00  3.1691666568E+00  1.09199E-02  1.50218E-01
  3.1691666568E+00  3.1733333234E+00  1.09252E-02  1.47287E-01
  3.1733333234E+00  3.1774999900E+00  1.09556E-02  1.56782E-01
  3.1774999900E+00  3.1816666566E+00  1.09836E-02  1.60968E-01
  3.1816666566E+00  3.1858333233E+00  1.09890E-02  1.52091E-01
  3.1858333233E+00  3.1899999899E+00  1.09917E-02  1.50377E-01
  3.1899999899E+00  3.1941666565E+00  1.09952E-02  1.37794E-01
  3.1941666565E+00  3.1983333231E+00  1.09985E-02  1.40900E-01
  3.1983333231E+00  3.2024999897E+00  1.10389E-02  1.48933E-01
  3.2024999897E+00  3.2066666563E+00  1.10374E-02  1.35738E-01
  3.2066666563E+00  3.2108333230E+00  1.10521E-02  1.27262E-01
  3.2108333230E+00  3.2149999896E+00  1.10914E-02  1.46690E-01
  3.2149999896E+00  3.2191666562E+00  1.10976E-02  1.44093E-01
  3.2191666562E+00  3.2233333228E+00  1.11167E-02  1.43436E-01
  3.2233333228E+00  3.2274999894E+00  1.11462E-02  1.44714E-01
  3.2274999894E+00  3.2316666560E+00  1.11221E-02  1.31600E-01
  3.2316666560E+00  3.2358333227E+00  1.11777E-02  1.45272E-01
  3.2358333227E+00  3.2399999893E+00  1.11735E-02  1.44411E-01
  3.2399999893E+00  3.2441666559E+00  1.11953E-02  1.39674E-01
  3.2441666559E+00  3.2483333225E+00  1.12194E-02  1.40593E-01
  3.2483333225E+00  3.2524999891E+00  1.12367E-02  1.38205E-01
  3.2524999891E+00  3.2566666557E+00  1.12591E-02  1.41577E-01
  3.2566666557E+00  3.2608333224E+00  1.12362E-02  1.32505E-01
  3.2608333224E+00  3.2649999890E+00  1.12550E-02  1.33469E-01
  3.2649999890E+00  3.2691666556E+00  1.12937E-02  1.47811E-01
  3.2691666556E+00  3.2733333222E+00  1.13186E-02  1.37479E-01
  3.2733333222E+00  3.2774999888E+00  1.13309E-02  1.35405E-01
  3.2774999888E+00  3.2816666554E+00  1.13588E-02  1.31508E-01
  3.2816666554E+00  3.2858333221E+00  1.13761E-02  1.39193E-01
  3.2858333221E+00  3.2899999887E+00  1.13901E-02  1.35653E-01
  3.2899999887E+00  3.2941666553E+00  1.14355E-02  1.49766E-01
  3.2941666553E+00  3.2983333219E+00  1.14334E-02  1.27321E-01
  3.2983333219E+00  3.3024999885E+00  1.14379E-02  1.25484E-01
  3.3024999885E+00  3.3066666551E+00  1.14576E-02  1.31873E-01
  3.3066666551E+00  3.3108333218E+00  1.14916E-02  1.34162E-01
  3.3108333218E+00  3.3149999884E+00  1.15074E-02  1.38056E-01
  3.3149999884E+00  3.3191666550E+00  1.15301E-02  1.55051E-01
  3.3191666550E+00  3.3233333216E+00  1.15550E-02  1.51396E-01
  3.3233333216E+00  3.3274999882E+00  1.15566E-02  1.30111E-01
  3.3274999882E+00  3.3316666548E+00  1.15795E-02  1.24117E-01
  3.3316666548E+00  3.3358333215E+00  1.15989E-02  1.36285E-01
  3.3358333215E+00  3.3399999881E+00  1.16322E-02  1.49235E-01
  3.3399999881E+00  3.3441666547E+00  1.16379E-02  1.43605E-01
  3.3441666547E+00  3.3483333213E+00  1.16592E-02  1.39097E-01
  3.3483333213E+00  3.3524999879E+00  1.16869E-02  1.50853E-01
  3.3524999879E+00  3.3566666545E+00  1.17057E-02  1.35345E-01
  3.3566666545E+00  3.3608333212E+00  1.17293E-02  1.48905E-01
  3.3608333212E+00  3.3649999878E+00  1.17397E-02  1.39995E-01
  3.3649999878E+00  3.3691666544E+00  1.17670E-02  1.44537E-01
  3.3691666544E+00  3.3733333210E+00  1.18116E-02  1.43819E-01
  3.3733333210E+00  3.3774999876E+00  1.18290E-02  1.37174E-01
  3.3774999876E+00  3.3816666542E+00  1.18385E-02  1.37261E-01
  3.3816666542E+00  3.3858333209E+00  1.18531E-02  1.36435E-01
  3.3858333209E+00  3.3899999875E+00  1.18732E-02  1.38966E-01
  3.3899999875E+00  3.3941666541E+00  1.19031E-02  1.44713E-01
  3.3941666541E+00  3.3983333207E+00  1.19053E-02  1.38138E-01
  3.3983333207E+00  3.4024999873E+00  1.19501E-02  1.43919E-01
  3.4024999873E+00  3.4066666540E+00  1.19433E-02  1.31980E-01
  3.4066666540E+00  3.4108333206E+00  1.19843E-02  1.37579E-01
  3.4108333206E+00  3.4149999872E+00  1.20036E-02  1.31612E-01
  3.4149999872E+00  3.4191666538E+00  1.20186E-02  1.32548E-01
  3.4191666538E+00  3.4233333204E+00  1.20433E-02  1.39873E-01
  3.4233333204E+00  3.4274999870E+00  1.20576E-02  1.29511E-01
  3.4274999870E+00  3.4316666537E+00  1.20947E-02  1.37276E-01
  3.4316666537E+00  3.4358333203E+00  1.21173E-02  1.32742E-01
  3.4358333203E+00  3.4399999869E+00  1.21260E-02  1.23079E-01
  3.4399999869E+00  3.4441666535E+00  1.21670E-02  1.32701E-01
  3.4441666535E+00  3.4483333201E+00  1.21921E-02  1.32509E-01
  3.4483333201E+00  3.4524999867E+00  1.22078E-02  1.35336E-01
  3.4524999867E+00  3.4566666534E+00  1.22388E-02  1.37388E-01
  3.4566666534E+00  3.4608333200E+00  1.22650E-02  1.37439E-01
  3.4608333200E+00  3.4649999866E+00  1.23048E-02  1.40862E-01
  3.4649999866E+00  3.4691666532E+00  1.23088E-02  1.36767E-01
  3.4691666532E+00  3.4733333198E+00  1.23271E-02  1.28090E-01
  3.4733333198E+00  3.4774999864E+00  1.23528E-02  1.30787E-01
  3.4774999864E+00  3.4816666531E+00  1.23825E-02  1.33866E-01
  3.4816666531E+00  3.4858333197E+00  1.24252E-02  1.41073E-01
  3.4858333197E+00  3.4899999863E+00  1.24378E-02  1.22195E-01
  3.4899999863E+00  3.4941666529E+00  1.24636E-02  1.30195E-01
  3.4941666529E+00  3.4983333195E+00  1.24902E-02  1.20164E-01
  3.4983333195E+00  3.5024999861E+00  1.25220E-02  1.37723E-01
  3.5024999861E+00  3.5066666528E+00  1.25673E-02  1.34436E-01
  3.5066666528E+00  3.5108333194E+00  1.25806E-02  1.32027E-01
  3.5108333194E+00  3.5149999860E+00  1.26107E-02  1.24026E-01
  3.5149999860E+00  3.5191666526E+00  1.26425E-02  1.33816E-01
  3.5191666526E+00  3.5233333192E+00  1.26602E-02  1.22223E-01
  3.5233333192E+00  3.5274999858E+00  1.27006E-02  1.23828E-01
  3.5274999858E+00  3.5316666525E+00  1.27262E-02  1.27605E-01
  3.5316666525E+00  3.5358333191E+00  1.27449E-02  1.32523E-01
  3.5358333191E+00  3.5399999857E+00  1.27881E-02  1.37259E-01
  3.5399999857E+00  3.5441666523E+00  1.27996E-02  1.23752E-01
  3.5441666523E+00  3.5483333189E+00  1.28321E-02  1.35202E-01
  3.5483333189E+00  3.5524999855E+00  1.28622E-02  1.34958E-01
  3.5524999855E+00  3.5566666522E+00  1.28783E-02  1.25713E-01
  3.5566666522E+00  3.5608333188E+00  1.29188E-02  1.33604E-01
  3.5608333188E+00  3.5649999854E+00  1.29549E-02  1.37453E-01
  3.5649999854E+00  3.5691666520E+00  1.29727E-02  1.28394E-01
  3.5691666520E+00  3.5733333186E+00  1.30138E-02  1.26685E-01
  3.5733333186E+00  3.5774999852E+00  1.30524E-02  1.25476E-01
  3.5774999852E+00  3.5816666519E+00  1.31023E-02  1.39000E-01
  3.5816666519E+00  3.5858333185E+00  1.31284E-02  1.28326E-01
  3.5858333185E+00  3.5899999851E+00  1.31515E-02  1.27376E-01
  3.5899999851E+00  3.5941666517E+00  1.31892E-02  1.28439E-01
  3.5941666517E+00  3.5983333183E+00  1.32025E-02  1.16287E-01
  3.5983333183E+00  3.6024999849E+00  1.32688E-02  1.32386E-01
  3.6024999849E+00  3.6066666516E+00  1.32971E-02  1.28162E-01
  3.6066666516E+00  3.6108333182E+00  1.33245E-02  1.19507E-01
  3.6108333182E+00  3.6149999848E+00  1.33688E-02  1.29708E-01
  3.6149999848E+00  3.6191666514E+00  1.34167E-02  1.31753E-01
  3.6191666514E+00  3.6233333180E+00  1.34281E-02  1.27187E-01
  3.6233333180E+00  3.6274999847E+00  1.34624E-02  1.24185E-01
  3.6274999847E+00  3.6316666513E+00  1.34870E-02  1.15113E-01
  3.6316666513E+00  3.6358333179E+00  1.35535E-02  1.29445E-01
  3.6358333179E+00  3.6399999845E+00  1.36037E-02  1.31148E-01
  3.6399999845E+00  3.6441666511E+00  1.36322E-02  1.32218E-01
  3.6441666511E+00  3.6483333177E+00  1.36608E-02  1.19161E-01
  3.6483333177E+00  3.6524999844E+00  1.37321E-02  1.34462E-01
  3.6524999844E+00  3.6566666510E+00  1.37626E-02  1.29778E-01
  3.6566666510E+00  3.6608333176E+00  1.38029E-02  1.30346E-01
  3.6608333176E+00  3.6649999842E+00  1.38320E-02  1.22624E-01
  3.6649999842E+00  3.6691666508E+00  1.38871E-02  1.24709E-01
  3.6691666508E+00  3.6733333174E+00  1.39328E-02  1.24429E-01
  3.6733333174E+00  3.6774999841E+00  1.39993E-02  1.30409E-01
  3.6774999841E+00  3.6816666507E+00  1.40334E-02  1.29589E-01
  3.6816666507E+00  3.6858333173E+00  1.40890E-02  1.38306E-01
  3.6858333173E+00  3.6899999839E+00  1.41276E-02  1.39843E-01
  3.6899999839E+00  3.6941666505E+00  1.41719E-02  1.25533E-01
  3.6941666505E+00  3.6983333171E+00  1.42254E-02  1.23507E-01
  3.6983333171E+00  3.7024999838E+00  1.42558E-02  1.17808E-01
  3.7024999838E+00  3.7066666504E+00  1.43245E-02  1.33035E-01
  3.7066666504E+00  3.7108333170E+00  1.43809E-02  1.30990E-01
  3.7108333170E+00  3.7149999836E+00  1.44325E-02  1.24202E-01
  3.7149999836E+00  3.7191666502E+00  1.44723E-02  1.22721E-01
  3.7191666502E+00  3.7233333168E+00  1.45231E-02  1.17766E-01
  3.7233333168E+00  3.7274999835E+00  1.45898E-02  1.23516E-01
  3.7274999835E+00  3.7316666501E+00  1.46675E-02  1.32337E-01
  3.7316666501E+00  3.7358333167E+00  1.47237E-02  1.21146E-01
  3.7358333167E+00  3.7399999833E+00  1.47829E-02  1.12888E-01
  3.7399999833E+00  3.7441666499E+00  1.48361E-02  1.13119E-01
  3.7441666499E+00  3.7483333165E+00  1.49205E-02  1.19056E-01
  3.7483333165E+00  3.7524999832E+00  1.49759E-02  1.20528E-01
  3.7524999832E+00  3.7566666498E+00  1.50424E-02  1.19614E-01
  3.7566666498E+00  3.7608333164E+00  1.51066E-02  1.17319E-01
  3.7608333164E+00  3.7649999830E+00  1.51975E-02  1.33875E-01
  3.7649999830E+00  3.7691666496E+00  1.52321E-02  1.21605E-01
  3.7691666496E+00  3.7733333162E+00  1.53209E-02  1.24350E-01
  3.7733333162E+00  3.7774999829E+00  1.53884E-02  1.20741E-01
  3.7774999829E+00  3.7816666495E+00  1.54618E-02  1.22376E-01
  3.7816666495E+00  3.7858333161E+00  1.55319E-02  1.20715E-01
  3.7858333161E+00  3.7899999827E+00  1.56072E-02  1.21830E-01
  3.7899999827E+00  3.7941666493E+00  1.56872E-02  1.16519E-01
  3.7941666493E+00  3.7983333159E+00  1.57622E-02  1.23519E-01
  3.7983333159E+00  3.8024999826E+00  1.58327E-02  1.17544E-01
  3.8024999826E+00  3.8066666492E+00  1.59324E-02  1.27964E-01
  3.8066666492E+00  3.8108333158E+00  1.59951E-02  1.32328E-01
  3.8108333158E+00  3.8149999824E+00  1.60382E-02  1.26955E-01
  3.8149999824E+00  3.8191666490E+00  1.61246E-02  1.29238E-01
  3.8191666490E+00  3.8233333157E+00  1.61943E-02  1.25771E-01
  3.8233333157E+00  3.8274999823E+00  1.62539E-02  1.25881E-01
  3.8274999823E+00  3.8316666489E+00  1.63237E-02  1.24153E-01
  3.8316666489E+00  3.8358333155E+00  1.63999E-02  1.28678E-01
  3.8358333155E+00  3.8399999821E+00  1.64770E-02  1.25848E-01
  3.8399999821E+00  3.8441666487E+00  1.65427E-02  1.24434E-01
  3.8441666487E+00  3.8483333154E+00  1.65971E-02  1.25032E-01
  3.8483333154E+00  3.8524999820E+00  1.66709E-02  1.25431E-01
  3.8524999820E+00  3.8566666486E+00  1.67027E-02  1.29296E-01
  3.8566666486E+00  3.8608333152E+00  1.67521E-02  1.24190E-01
  3.8608333152E+00  3.8649999818E+00  1.68079E-02  1.29107E-01
  3.8649999818E+00  3.8691666484E+00  1.68617E-02  1.21164E-01
  3.8691666484E+00  3.8733333151E+00  1.68978E-02  1.32394E-01
  3.8733333151E+00  3.8774999817E+00  1.69261E-02  1.32259E-01
  3.8774999817E+00  3.8816666483E+00  1.69714E-02  1.31943E-01
  3.8816666483E+00  3.8858333149E+00  1.70160E-02  1.31370E-01
  3.8858333149E+00  3.8899999815E+00  1.70700E-02  1.31764E-01
  3.8899999815E+00  3.8941666481E+00  1.70761E-02  1.27540E-01
  3.8941666481E+00  3.8983333148E+00  1.70991E-02  1.24897E-01
  3.8983333148E+00  3.9024999814E+00  1.71360E-02  1.33513E-01
  3.9024999814E+00  3.9066666480E+00  1.71481E-02  1.28685E-01
  3.9066666480E+00  3.9108333146E+00  1.71664E-02  1.32994E-01
  3.9108333146E+00  3.9149999812E+00  1.71997E-02  1.27675E-01
  3.9149999812E+00  3.9191666478E+00  1.71896E-02  1.28626E-01
  3.9191666478E+00  3.9233333145E+00  1.71934E-02  1.31235E-01
  3.9233333145E+00  3.9274999811E+00  1.72094E-02  1.30545E-01
  3.9274999811E+00  3.9316666477E+00  1.71773E-02  1.31007E-01
  3.9316666477E+00  3.9358333143E+00  1.71796E-02  1.27115E-01
  3.9358333143E+00  3.9399999809E+00  1.72158E-02  1.33889E-01
  3.9399999809E+00  3.9441666475E+00  1.71721E-02  1.26157E-01
  3.9441666475E+00  3.9483333142E+00  1.71635E-02  1.28611E-01
  3.9483333142E+00  3.9524999808E+00  1.71676E-02  1.38809E-01
  3.9524999808E+00  3.9566666474E+00  1.71537E-02  1.36870E-01
  3.9566666474E+00  3.9608333140E+00  1.71668E-02  1.34034E-01
  3.9608333140E+00  3.9649999806E+00  1.71427E-02  1.33551E-01
  3.9649999806E+00  3.9691666472E+00  1.71287E-02  1.32948E-01
  3.9691666472E+00  3.9733333139E+00  1.71360E-02  1.41022E-01
  3.9733333139E+00  3.9774999805E+00  1.71252E-02  1.40015E-01
  3.9774999805E+00  3.9816666471E+00  1.71139E-02  1.24915E-01
  3.9816666471E+00  3.9858333137E+00  1.70785E-02  1.29626E-01
  3.9858333137E+00  3.9899999803E+00  1.70845E-02  1.34135E-01
  3.9899999803E+00  3.9941666469E+00  1.70687E-02  1.25968E-01
  3.9941666469E+00  3.9983333136E+00  1.70616E-02  1.23074E-01
  3.9983333136E+00  4.0024999802E+00  1.70568E-02  1.32678E-01
  4.0024999802E+00  4.0066666468E+00  1.70325E-02  1.25711E-01
  4.0066666468E+00  4.0108333134E+00  1.70323E-02  1.31816E-01
  4.0108333134E+00  4.0149999800E+00  1.70373E-02  1.27887E-01
  4.0149999800E+00  4.0191666466E+00  1.70302E-02  1.36659E-01
  4.0191666466E+00  4.0233333133E+00  1.70266E-02  1.31477E-01
  4.0233333133E+00  4.0274999799E+00  1.70423E-02  1.39684E-01
  4.0274999799E+00  4.0316666465E+00  1.70074E-02  1.34709E-01
  4.0316666465E+00  4.0358333131E+00  1.70137E-02  1.30829E-01
  4.0358333131E+00  4.0399999797E+00  1.70234E-02  1.33057E-01
  4.0399999797E+00  4.0441666464E+00  1.70008E-02  1.34832E-01
  4.0441666464E+00  4.0483333130E+00  1.70138E-02  1.38912E-01
  4.0483333130E+00  4.0524999796E+00  1.70215E-02  1.26786E-01
  4.0524999796E+00  4.0566666462E+00  1.70196E-02  1.29280E-01
  4.0566666462E+00  4.0608333128E+00  1.70088E-02  1.27599E-01
  4.0608333128E+00  4.0649999794E+00  1.70058E-02  1.29031E-01
  4.0649999794E+00  4.0691666461E+00  1.70281E-02  1.28778E-01
  4.0691666461E+00  4.0733333127E+00  1.70518E-02  1.32144E-01
  4.0733333127E+00  4.0774999793E+00  1.70240E-02  1.22431E-01
  4.0774999793E+00  4.0816666459E+00  1.70363E-02  1.24311E-01
  4.0816666459E+00  4.0858333125E+00  1.70388E-02  1.35456E-01
  4.0858333125E+00  4.0899999791E+00  1.70284E-02  1.31436E-01
  4.0899999791E+00  4.0941666458E+00  1.70534E-02  1.42069E-01
  4.0941666458E+00  4.0983333124E+00  1.70414E-02  1.43725E-01
  4.0983333124E+00  4.1024999790E+00  1.70618E-02  1.45772E-01
  4.1024999790E+00  4.1066666456E+00  1.70638E-02  1.36429E-01
  4.1066666456E+00  4.1108333122E+00  1.70373E-02  1.34478E-01
  4.1108333122E+00  4.1149999788E+00  1.70441E-02  1.36759E-01
  4.1149999788E+00  4.1191666455E+00  1.70386E-02  1.28197E-01
  4.1191666455E+00  4.1233333121E+00  1.70454E-02  1.31275E-01
  4.1233333121E+00  4.1274999787E+00  1.70524E-02  1.37397E-01
  4.1274999787E+00  4.1316666453E+00  1.70443E-02  1.28591E-01
  4.1316666453E+00  4.1358333119E+00  1.70439E-02  1.33259E-01
  4.1358333119E+00  4.1399999785E+00  1.70362E-02  1.34194E-01
  4.1399999785E+00  4.1441666452E+00  1.70358E-02  1.28153E-01
  4.1441666452E+00  4.1483333118E+00  1.70251E-02  1.28312E-01
  4.1483333118E+00  4.1524999784E+00  1.70286E-02  1.32213E-01
  4.1524999784E+00  4.1566666450E+00  1.70230E-02  1.29029E-01
  4.1566666450E+00  4.1608333116E+00  1.70037E-02  1.34208E-01
  4.1608333116E+00  4.1649999782E+00  1.69972E-02  1.30695E-01
  4.1649999782E+00  4.1691666449E+00  1.69836E-02  1.33306E-01
  4.1691666449E+00  4.1733333115E+00  1.70078E-02  1.35009E-01
  4.1733333115E+00  4.1774999781E+00  1.69699E-02  1.39980E-01
  4.1774999781E+00  4.1816666447E+00  1.69669E-02  1.33842E-01
  4.1816666447E+00  4.1858333113E+00  1.69610E-02  1.33667E-01
  4.1858333113E+00  4.1899999779E+00  1.69805E-02  1.42209E-01
  4.1899999779E+00  4.1941666446E+00  1.69732E-02  1.37006E-01
  4.1941666446E+00  4.1983333112E+00  1.69456E-02  1.38964E-01
  4.1983333112E+00  4.2024999778E+00  1.69357E-02  1.37618E-01
  4.2024999778E+00  4.2066666444E+00  1.69329E-02  1.46864E-01
  4.2066666444E+00  4.2108333110E+00  1.69368E-02  1.37014E-01
  4.2108333110E+00  4.2149999776E+00  1.69345E-02  1.39249E-01
  4.2149999776E+00  4.2191666443E+00  1.69022E-02  1.36201E-01
  4.2191666443E+00  4.2233333109E+00  1.69259E-02  1.36125E-01
  4.2233333109E+00  4.2274999775E+00  1.69189E-02  1.32139E-01
  4.2274999775E+00  4.2316666441E+00  1.68961E-02  1.30042E-01
  4.2316666441E+00  4.2358333107E+00  1.68787E-02  1.28912E-01
  4.2358333107E+00  4.2399999774E+00  1.68844E-02  1.29779E-01
  4.2399999774E+00  4.2441666440E+00  1.68892E-02  1.36404E-01
  4.2441666440E+00  4.2483333106E+00  1.68894E-02  1.37396E-01
  4.2483333106E+00  4.2524999772E+00  1.68568E-02  1.32895E-01
  4.2524999772E+00  4.2566666438E+00  1.68916E-02  1.40390E-01
  4.2566666438E+00  4.2608333104E+00  1.68906E-02  1.38693E-01
  4.2608333104E+00  4.2649999771E+00  1.68811E-02  1.38987E-01
  4.2649999771E+00  4.2691666437E+00  1.68717E-02  1.45038E-01
  4.2691666437E+00  4.2733333103E+00  1.68731E-02  1.32436E-01
  4.2733333103E+00  4.2774999769E+00  1.68812E-02  1.40119E-01
  4.2774999769E+00  4.2816666435E+00  1.68721E-02  1.33411E-01
  4.2816666435E+00  4.2858333101E+00  1.68897E-02  1.30915E-01
  4.2858333101E+00  4.2899999768E+00  1.69028E-02  1.30769E-01
  4.2899999768E+00  4.2941666434E+00  1.69059E-02  1.34802E-01
  4.2941666434E+00  4.2983333100E+00  1.68722E-02  1.38020E-01
  4.2983333100E+00  4.3024999766E+00  1.68961E-02  1.42897E-01
  4.3024999766E+00  4.3066666432E+00  1.69192E-02  1.33115E-01
  4.3066666432E+00  4.3108333098E+00  1.69169E-02  1.28518E-01
  4.3108333098E+00  4.3149999765E+00  1.69195E-02  1.34690E-01
  4.3149999765E+00  4.3191666431E+00  1.69012E-02  1.32654E-01
  4.3191666431E+00  4.3233333097E+00  1.69155E-02  1.30471E-01
  4.3233333097E+00  4.3274999763E+00  1.69146E-02  1.28372E-01
  4.3274999763E+00  4.3316666429E+00  1.69060E-02  1.40651E-01
  4.3316666429E+00  4.3358333095E+00  1.68968E-02  1.33038E-01
  4.3358333095E+00  4.3399999762E+00  1.68820E-02  1.34565E-01
  4.3399999762E+00  4.3441666428E+00  1.68740E-02  1.33796E-01
  4.3441666428E+00  4.3483333094E+00  1.68841E-02  1.41606E-01
  4.3483333094E+00  4.3524999760E+00  1.68754E-02  1.40100E-01
  4.3524999760E+00  4.3566666426E+00  1.68597E-02  1.37708E-01
  4.3566666426E+00  4.3608333092E+00  1.68414E-02  1.38348E-01
  4.3608333092E+00  4.3649999759E+00  1.68167E-02  1.40254E-01
  4.3649999759E+00  4.3691666425E+00  1.68319E-02  1.46422E-01
  4.3691666425E+00  4.3733333091E+00  1.68220E-02  1.41333E-01
  4.3733333091E+00  4.3774999757E+00  1.68197E-02  1.41083E-01
  4.3774999757E+00  4.3816666423E+00  1.68128E-02  1.39737E-01
  4.3816666423E+00  4.3858333089E+00  1.68104E-02  1.39920E-01
  4.3858333089E+00  4.3899999756E+00  1.68116E-02  1.40555E-01
  4.3899999756E+00  4.3941666422E+00  1.68034E-02  1.36102E-01
  4.3941666422E+00  4.3983333088E+00  1.67931E-02  1.31146E-01
  4.3983333088E+00  4.4024999754E+00  1.67750E-02  1.34176E-01
  4.4024999754E+00  4.4066666420E+00  1.67576E-02  1.34365E-01
  4.4066666420E+00  4.4108333086E+00  1.67707E-02  1.41843E-01
  4.4108333086E+00  4.4149999753E+00  1.67349E-02  1.34207E-01
  4.4149999753E+00  4.4191666419E+00  1.67246E-02  1.34077E-01
  4.4191666419E+00  4.4233333085E+00  1.67246E-02  1.43791E-01
  4.4233333085E+00  4.4274999751E+00  1.67057E-02  1.42113E-01
  4.4274999751E+00  4.4316666417E+00  1.66706E-02  1.39703E-01
  4.4316666417E+00  4.4358333083E+00  1.66695E-02  1.47083E-01
  4.4358333083E+00  4.4399999750E+00  1.66727E-02  1.49893E-01
  4.4399999750E+00  4.4441666416E+00  1.66444E-02  1.50981E-01
  4.4441666416E+00  4.4483333082E+00  1.66225E-02  1.50660E-01
  4.4483333082E+00  4.4524999748E+00  1.66133E-02  1.46076E-01
  4.4524999748E+00  4.4566666414E+00  1.66212E-02  1.53087E-01
  4.4566666414E+00  4.4608333081E+00  1.66220E-02  1.52545E-01
  4.4608333081E+00  4.4649999747E+00  1.66200E-02  1.49120E-01
  4.4649999747E+00  4.4691666413E+00  1.65982E-02  1.36068E-01
  4.4691666413E+00  4.4733333079E+00  1.66073E-02  1.51172E-01
  4.4733333079E+00  4.4774999745E+00  1.66112E-02  1.49734E-01
  4.4774999745E+00  4.4816666411E+00  1.66188E-02  1.47802E-01
  4.4816666411E+00  4.4858333078E+00  1.66337E-02  1.47766E-01
  4.4858333078E+00  4.4899999744E+00  1.66567E-02  1.52476E-01
  4.4899999744E+00  4.4941666410E+00  1.66578E-02  1.59373E-01
  4.4941666410E+00  4.4983333076E+00  1.66721E-02  1.58069E-01
  4.4983333076E+00  4.5024999742E+00  1.66874E-02  1.53813E-01
  4.5024999742E+00  4.5066666408E+00  1.67041E-02  1.54644E-01
  4.5066666408E+00  4.5108333075E+00  1.66832E-02  1.51455E-01
  4.5108333075E+00  4.5149999741E+00  1.66960E-02  1.57569E-01
  4.5149999741E+00  4.5191666407E+00  1.67485E-02  1.58787E-01
  4.5191666407E+00  4.5233333073E+00  1.67769E-02  1.61994E-01
  4.5233333073E+00  4.5274999739E+00  1.67594E-02  1.67410E-01
  4.5274999739E+00  4.5316666405E+00  1.67326E-02  1.60360E-01
  4.5316666405E+00  4.5358333072E+00  1.67526E-02  1.66790E-01
  4.5358333072E+00  4.5399999738E+00  1.67587E-02  1.65014E-01
  4.5399999738E+00  4.5441666404E+00  1.67449E-02  1.65321E-01
  4.5441666404E+00  4.5483333070E+00  1.67221E-02  1.65099E-01
  4.5483333070E+00  4.5524999736E+00  1.66945E-02  1.66405E-01
  4.5524999736E+00  4.5566666402E+00  1.66523E-02  1.64800E-01
  4.5566666402E+00  4.5608333069E+00  1.66322E-02  1.64832E-01
  4.5608333069E+00  4.5649999735E+00  1.65853E-02  1.67410E-01
  4.5649999735E+00  4.5691666401E+00  1.65522E-02  1.72161E-01
  4.5691666401E+00  4.5733333067E+00  1.64927E-02  1.71878E-01
  4.5733333067E+00  4.5774999733E+00  1.64034E-02  1.81955E-01
  4.5774999733E+00  4.5816666399E+00  1.63501E-02  1.81717E-01
  4.5816666399E+00  4.5858333066E+00  1.62733E-02  1.91863E-01
  4.5858333066E+00  4.5899999732E+00  1.61872E-02  1.89363E-01
  4.5899999732E+00  4.5941666398E+00  1.60868E-02  1.89892E-01
  4.5941666398E+00  4.5983333064E+00  1.59858E-02  1.95741E-01
  4.5983333064E+00  4.6024999730E+00  1.58492E-02  1.86570E-01
  4.6024999730E+00  4.6066666396E+00  1.56994E-02  1.95614E-01
  4.6066666396E+00  4.6108333063E+00  1.55272E-02  2.04624E-01
  4.6108333063E+00  4.6149999729E+00  1.53554E-02  2.00551E-01
  4.6149999729E+00  4.6191666395E+00  1.51962E-02  2.04754E-01
  4.6191666395E+00  4.6233333061E+00  1.50077E-02  2.13065E-01
  4.6233333061E+00  4.6274999727E+00  1.47909E-02  2.02123E-01
  4.6274999727E+00  4.6316666393E+00  1.45680E-02  2.14550E-01
  4.6316666393E+00  4.6358333060E+00  1.43386E-02  2.13338E-01
  4.6358333060E+00  4.6399999726E+00  1.41153E-02  2.19142E-01
  4.6399999726E+00  4.6441666392E+00  1.38671E-02  2.16222E-01
  4.6441666392E+00  4.6483333058E+00  1.35640E-02  2.28861E-01
  4.6483333058E+00  4.6524999724E+00  1.32569E-02  2.23259E-01
  4.6524999724E+00  4.6566666390E+00  1.29723E-02  2.19234E-01
  4.6566666390E+00  4.6608333057E+00  1.26149E-02  2.23192E-01
  4.6608333057E+00  4.6649999723E+00  1.22650E-02  2.20307E-01
  4.6649999723E+00  4.6691666389E+00  1.18825E-02  2.30659E-01
  4.6691666389E+00  4.6733333055E+00  1.15153E-02  2.39216E-01
  4.6733333055E+00  4.6774999721E+00  1.11389E-02  2.46193E-01
  4.6774999721E+00  4.6816666388E+00  1.07309E-02  2.54450E-01
  4.6816666388E+00  4.6858333054E+00  1.03288E-02  2.57991E-01
  4.6858333054E+00  4.6899999720E+00  9.92492E-03  2.71313E-01
  4.6899999720E+00  4.6941666386E+00  9.48446E-03  2.64233E-01
  4.6941666386E+00  4.6983333052E+00  9.04212E-03  2.65714E-01
  4.6983333052E+00  4.7024999718E+00  8.60365E-03  2.87603E-01
  4.7024999718E+00  4.7066666385E+00  8.14515E-03  3.01889E-01
  4.7066666385E+00  4.7108333051E+00  7.67221E-03  3.25428E-01
  4.7108333051E+00  4.7149999717E+00  7.21936E-03  3.26866E-01
  4.7149999717E+00  4.7191666383E+00  6.76619E-03  3.09527E-01
  4.7191666383E+00  4.7233333049E+00  6.30642E-03  3.39056E-01
  4.7233333049E+00  4.7274999715E+00  5.87604E-03  3.38264E-01
  4.7274999715E+00  4.7316666382E+00  5.43863E-03  4.00342E-01
  4.7316666382E+00  4.7358333048E+00  5.01301E-03  3.95874E-01
  4.7358333048E+00  4.7399999714E+00  4.57966E-03  4.19008E-01
  4.7399999714E+00  4.7441666380E+00  4.20445E-03  4.45641E-01
  4.7441666380E+00  4.7483333046E+00  3.82924E-03  4.92806E-01
  4.7483333046E+00  4.7524999712E+00  3.43645E-03  4.95968E-01
  4.7524999712E+00  4.7566666379E+00  3.09170E-03  5.26896E-01
  4.7566666379E+00  4.7608333045E+00  2.76644E-03  5.78375E-01
  4.7608333045E+00  4.7649999711E+00  2.46283E-03  6.14675E-01
  4.7649999711E+00  4.7691666377E+00  2.18593E-03  6.40499E-01
  4.7691666377E+00  4.7733333043E+00  1.92268E-03  7.05665E-01
  4.7733333043E+00  4.7774999709E+00  1.67002E-03  7.70579E-01
  4.7774999709E+00  4.7816666376E+00  1.45309E-03  8.36324E-01
  4.7816666376E+00  4.7858333042E+00  1.26151E-03  8.93111E-01
  4.7858333042E+00  4.7899999708E+00  1.08919E-03  9.57182E-01
  4.7899999708E+00  4.7941666374E+00  9.28259E-04  1.03148E+00
  4.7941666374E+00  4.7983333040E+00  7.78192E-04  1.07082E+00
  4.7983333040E+00  4.8024999706E+00  6.59327E-04  1.23175E+00
  4.8024999706E+00  4.8066666373E+00  5.47016E-04  1.33238E+00
  4.8066666373E+00  4.8108333039E+00  4.59015E-04  1.48542E+00
  4.8108333039E+00  4.8149999705E+00  3.80888E-04  1.64001E+00
  4.8149999705E+00  4.8191666371E+00  3.14438E-04  1.77295E+00
  4.8191666371E+00  4.8233333037E+00  2.57959E-04  1.92212E+00
  4.8233333037E+00  4.8274999703E+00  2.14346E-04  2.23766E+00
  4.8274999703E+00  4.8316666370E+00  1.68801E-04  2.54758E+00
  4.8316666370E+00  4.8358333036E+00  1.29472E-04  2.77927E+00
  4.8358333036E+00  4.8399999702E+00  1.02493E-04  3.09213E+00
  4.8399999702E+00  4.8441666368E+00  8.43000E-05  3.46349E+00
  4.8441666368E+00  4.8483333034E+00  6.51810E-05  4.01312E+00
  4.8483333034E+00  4.8524999700E+00  4.97405E-05  4.68511E+00
  4.8524999700E+00  4.8566666367E+00  3.89129E-05  5.26195E+00
  4.8566666367E+00  4.8608333033E+00  3.08253E-05  6.06073E+00
  4.8608333033E+00  4.8649999699E+00  2.35670E-05  7.19459E+00
  4.8649999699E+00  4.8691666365E+00  1.70421E-05  7.96298E+00
  4.8691666365E+00  4.8733333031E+00  1.34218E-05  9.72445E+00
  4.8733333031E+00  4.8774999698E+00  8.96148E-06  1.17002E+01
  4.8774999698E+00  4.8816666364E+00  5.52041E-06  1.51889E+01
  4.8816666364E+00  4.8858333030E+00  3.96996E-06  1.78385E+01
  4.8858333030E+00  4.8899999696E+00  3.56264E-06  2.04307E+01
  4.8899999696E+00  4.8941666362E+00  1.85204E-06  2.36006E+01
  4.8941666362E+00  4.8983333028E+00  1.42898E-06  2.57414E+01
  4.8983333028E+00  4.9024999695E+00  1.38782E-06  2.80619E+01
  4.9024999695E+00  4.9066666361E+00  8.60711E-07  3.01743E+01
  4.9066666361E+00  4.9108333027E+00  8.48269E-07  3.26100E+01
  4.9108333027E+00  4.9149999693E+00  8.48643E-07  3.53156E+01
  4.9149999693E+00  4.9191666359E+00  1.45544E-06  6.03595E+01
  4.9191666359E+00  4.9233333025E+00  6.31390E-07  3.75776E+01
  4.9233333025E+00  4.9274999692E+00  5.25361E-07  4.35699E+01
  4.9274999692E+00  4.9316666358E+00  3.03893E-07  4.93455E+01
  4.9316666358E+00  4.9358333024E+00  3.60898E-07  5.89419E+01
  4.9358333024E+00  4.9399999690E+00  2.10001E-07  4.81686E+01
  4.9399999690E+00  4.9441666356E+00  3.35451E-07  4.56718E+01
  4.9441666356E+00  4.9483333022E+00  3.90014E-07  4.76096E+01
  4.9483333022E+00  4.9524999689E+00  3.59230E-07  4.59833E+01
  4.9524999689E+00  4.9566666355E+00  3.78927E-07  5.63212E+01
  4.9566666355E+00  4.9608333021E+00  3.06644E-07  7.06971E+01
  4.9608333021E+00  4.9649999687E+00  1.05926E-07  5.80591E+01
  4.9649999687E+00  4.9691666353E+00  3.89759E-07  7.55628E+01
  4.9691666353E+00  4.9733333019E+00  1.23123E-07  5.62573E+01
  4.9733333019E+00  4.9774999686E+00  1.89018E-07  5.38603E+01
  4.9774999686E+00  4.9816666352E+00  1.38807E-07  5.44917E+01
  4.9816666352E+00  4.9858333018E+00  1.27457E-07  6.17104E+01
  4.9858333018E+00  4.9899999684E+00  1.35429E-07  5.97071E+01
  4.9899999684E+00  4.9941666350E+00  1.35687E-07  6.08168E+01
  4.9941666350E+00  4.9983333016E+00  1.53880E-07  6.20644E+01
  4.9983333016E+00  5.0024999683E+00  1.79376E-07  5.93180E+01
  5.0024999683E+00  5.0066666349E+00  2.12093E-07  5.72463E+01
  5.0066666349E+00  5.0108333015E+00  2.80093E-07  5.69489E+01
  5.0108333015E+00  5.0149999681E+00  2.72834E-07  5.47989E+01
  5.0149999681E+00  5.0191666347E+00  1.96504E-07  6.64176E+01
  5.0191666347E+00  5.0233333013E+00  3.82491E-07  5.59575E+01
  5.0233333013E+00  5.0274999680E+00  3.46359E-07  7.45543E+01
  5.0274999680E+00  5.0316666346E+00  4.11792E-07  7.78503E+01
  5.0316666346E+00  5.0358333012E+00  3.77735E-07  7.25625E+01
  5.0358333012E+00  5.0399999678E+00  1.92896E-07  9.04150E+01
  5.0399999678E+00  5.0441666344E+00  6.53457E-08  7.55548E+01
  5.0441666344E+00  5.0483333010E+00  3.46647E-08  7.20900E+01
  5.0483333010E+00  5.0524999677E+00  4.69063E-08  7.11549E+01
  5.0524999677E+00  5.0566666343E+00  4.69594E-08  7.10745E+01
  5.0566666343E+00  5.0608333009E+00  4.69017E-08  7.11618E+01
  5.0608333009E+00  5.0649999675E+00  3.00996E-07  8.50199E+01
  5.0649999675E+00  5.0691666341E+00  4.69009E-08  7.11630E+01
  5.0691666341E+00  5.0733333007E+00  4.97679E-08  7.16595E+01
  5.0733333007E+00  5.0774999674E+00  5.37108E-08  7.24895E+01
  5.0774999674E+00  5.0816666340E+00  5.39913E-08  7.23918E+01
  5.0816666340E+00  5.0858333006E+00  7.55392E-08  5.92005E+01
  5.0858333006E+00  5.0899999672E+00  9.84109E-08  5.93069E+01
  5.0899999672E+00  5.0941666338E+00  9.82266E-08  5.93125E+01
  5.0941666338E+00  5.0983333005E+00  1.18139E-07  5.22248E+01
  5.0983333005E+00  5.1024999671E+00  2.37800E-07  6.27621E+01
  5.1024999671E+00  5.1066666337E+00  3.68618E-07  5.72201E+01
  5.1066666337E+00  5.1108333003E+00  3.67484E-07  6.54996E+01
  5.1108333003E+00  5.1149999669E+00  2.09517E-07  4.31686E+01
  5.1149999669E+00  5.1191666335E+00  1.75788E-07  5.33732E+01
  5.1191666335E+00  5.1233333002E+00  1.06967E-07  6.08916E+01
  5.1233333002E+00  5.1274999668E+00  3.40256E-07  7.90727E+01
  5.1274999668E+00  5.1316666334E+00  8.05508E-08  7.66283E+01
  5.1316666334E+00  5.1358333000E+00  8.80983E-08  7.80557E+01
  5.1358333000E+00  5.1399999666E+00  8.91526E-08  7.82454E+01
  5.1399999666E+00  5.1441666332E+00  1.97255E-07  6.31071E+01
  5.1441666332E+00  5.1483332999E+00  1.09626E-07  7.85314E+01
  5.1483332999E+00  5.1524999665E+00  1.22237E-07  7.99545E+01
  5.1524999665E+00  5.1566666331E+00  2.38952E-07  6.33814E+01
  5.1566666331E+00  5.1608332997E+00  5.28875E-07  6.79475E+01
  5.1608332997E+00  5.1649999663E+00  2.83152E-08  1.00000E+02
  5.1649999663E+00  5.1691666329E+00  1.60804E-07  8.42628E+01
  5.1691666329E+00  5.1733332996E+00  5.31152E-07  7.25824E+01
  5.1733332996E+00  5.1774999662E+00  1.32741E-07  8.14945E+01
  5.1774999662E+00  5.1816666328E+00  2.83084E-08  1.00000E+02
  5.1816666328E+00  5.1858332994E+00  2.79069E-07  8.59945E+01
  5.1858332994E+00  5.1899999660E+00  3.00499E-08  9.93302E+01
  5.1899999660E+00  5.1941666326E+00  1.25163E-07  6.15763E+01
  5.1941666326E+00  5.1983332993E+00  1.37291E-07  6.61516E+01
  5.1983332993E+00  5.2024999659E+00  5.80513E-08  7.16657E+01
  5.2024999659E+00  5.2066666325E+00  5.80513E-08  7.16657E+01
  5.2066666325E+00  5.2108332991E+00  5.94260E-08  7.18917E+01
  5.2108332991E+00  5.2149999657E+00  7.61714E-08  6.16731E+01
  5.2149999657E+00  5.2191666323E+00  6.87081E-08  6.61953E+01
  5.2191666323E+00  5.2233332990E+00  9.03105E-08  5.94679E+01
  5.2233332990E+00  5.2274999656E+00  1.35752E-07  5.28166E+01
  5.2274999656E+00  5.2316666322E+00  1.42474E-07  6.05412E+01
  5.2316666322E+00  5.2358332988E+00  1.48495E-07  6.04332E+01
  5.2358332988E+00  5.2399999654E+00  1.62148E-07  6.17781E+01
  5.2399999654E+00  5.2441666320E+00  2.25445E-07  5.36984E+01
  5.2441666320E+00  5.2483332987E+00  2.62510E-07  5.43161E+01
  5.2483332987E+00  5.2524999653E+00  3.11020E-07  5.66211E+01
  5.2524999653E+00  5.2566666319E+00  3.39071E-07  5.51498E+01
  5.2566666319E+00  5.2608332985E+00  2.19519E-07  6.21314E+01
  5.2608332985E+00  5.2649999651E+00  1.43680E-07  8.01012E+01
  5.2649999651E+00  5.2691666317E+00  1.97445E-07  8.47375E+01
  5.2691666317E+00  5.2733332984E+00  3.35438E-08  1.00000E+02
  5.2733332984E+00  5.2774999650E+00  3.48353E-08  9.97977E+01
  5.2774999650E+00  5.2816666316E+00  1.52022E-07  8.04493E+01
  5.2816666316E+00  5.2858332982E+00  2.17828E-07  8.55423E+01
  5.2858332982E+00  5.2899999648E+00  1.88177E-07  8.35925E+01
  5.2899999648E+00  5.2941666315E+00  1.16718E-07  7.51426E+01
  5.2941666315E+00  5.2983332981E+00  2.17439E-07  8.48628E+01
  5.2983332981E+00  5.3024999647E+00  4.75413E-08  8.03115E+01
  5.3024999647E+00  5.3066666313E+00  6.38057E-08  7.18991E+01
  5.3066666313E+00  5.3108332979E+00  7.68355E-08  6.27384E+01
  5.3108332979E+00  5.3149999645E+00  1.88076E-07  6.58048E+01
  5.3149999645E+00  5.3191666312E+00  2.84002E-07  5.50903E+01
  5.3191666312E+00  5.3233332978E+00  2.51192E-07  7.17974E+01
  5.3233332978E+00  5.3274999644E+00  5.97169E-07  6.39424E+01
  5.3274999644E+00  5.3316666310E+00  7.48973E-08  7.37608E+01
  5.3316666310E+00  5.3358332976E+00  7.84308E-08  7.29970E+01
  5.3358332976E+00  5.3399999642E+00  1.06197E-06  9.05642E+01
  5.3399999642E+00  5.3441666309E+00  2.39765E-07  7.02675E+01
  5.3441666309E+00  5.3483332975E+00  9.06239E-08  7.36646E+01
  5.3483332975E+00  5.3524999641E+00  9.70642E-08  7.61342E+01
  5.3524999641E+00  5.3566666307E+00  7.56879E-07  8.70423E+01
  5.3566666307E+00  5.3608332973E+00  1.19241E-07  7.72942E+01
  5.3608332973E+00  5.3649999639E+00  1.37666E-07  7.95996E+01
  5.3649999639E+00  5.3691666306E+00  4.64364E-07  6.60797E+01
  5.3691666306E+00  5.3733332972E+00  1.02982E-07  7.50161E+01
  5.3733332972E+00  5.3774999638E+00  3.34453E-08  9.99277E+01
  5.3774999638E+00  5.3816666304E+00  2.13009E-07  5.78536E+01
  5.3816666304E+00  5.3858332970E+00  3.44286E-08  1.00000E+02
  5.3858332970E+00  5.3899999636E+00  3.44286E-08  1.00000E+02
  5.3899999636E+00  5.3941666303E+00  3.45034E-07  9.01214E+01
  5.3941666303E+00  5.3983332969E+00  3.84229E-08  1.00000E+02
  5.3983332969E+00  5.4024999635E+00  1.13386E-07  5.78075E+01
  5.4024999635E+00  5.4066666301E+00  3.84229E-08  1.00000E+02
  5.4066666301E+00  5.4108332967E+00  4.29647E-08  9.04178E+01
  5.4108332967E+00  5.4149999633E+00  4.36963E-08  1.00000E+02
  5.4149999633E+00  5.4191666300E+00  8.58399E-08  7.07356E+01
  5.4191666300E+00  5.4233332966E+00  4.62348E-08  1.00000E+02
  5.4233332966E+00  5.4274999632E+00  4.62471E-08  9.99735E+01
  5.4274999632E+00  5.4316666298E+00  5.09056E-08  1.00000E+02
  5.4316666298E+00  5.4358332964E+00  5.21544E-08  1.00000E+02
  5.4358332964E+00  5.4399999630E+00  1.20227E-07  6.32223E+01
  5.4399999630E+00  5.4441666297E+00  2.37119E-07  6.66769E+01
  5.4441666297E+00  5.4483332963E+00  2.78869E-07  5.24842E+01
  5.4483332963E+00  5.4524999629E+00  5.49565E-07  5.73678E+01
  5.4524999629E+00  5.4566666295E+00  2.51845E-07  5.14981E+01
  5.4566666295E+00  5.4608332961E+00  2.69699E-07  5.20953E+01
  5.4608332961E+00  5.4649999627E+00  5.81633E-07  5.01688E+01
  5.4649999627E+00  5.4691666294E+00  4.36788E-07  5.33087E+01
  5.4691666294E+00  5.4733332960E+00  4.08816E-07  5.17378E+01
  5.4733332960E+00  5.4774999626E+00  1.70527E-07  4.91399E+01
  5.4774999626E+00  5.4816666292E+00  1.25511E-07  5.71431E+01
  5.4816666292E+00  5.4858332958E+00  1.28844E-07  5.71282E+01
  5.4858332958E+00  5.4899999624E+00  1.37934E-07  5.71647E+01
  5.4899999624E+00  5.4941666291E+00  1.44808E-07  5.72922E+01
  5.4941666291E+00  5.4983332957E+00  1.44514E-07  5.71607E+01
  5.4983332957E+00  5.5024999623E+00  1.67788E-07  5.43625E+01
  5.5024999623E+00  5.5066666289E+00  1.72650E-07  5.77062E+01
  5.5066666289E+00  5.5108332955E+00  1.49502E-06  8.78898E+01
  5.5108332955E+00  5.5149999622E+00  1.98155E-07  5.80268E+01
  5.5149999622E+00  5.5191666288E+00  2.25290E-07  5.83956E+01
  5.5191666288E+00  5.5233332954E+00  2.89095E-07  5.92462E+01
  5.5233332954E+00  5.5274999620E+00  3.81447E-07  6.10545E+01
  5.5274999620E+00  5.5316666286E+00  1.72905E-06  9.12835E+01
  5.5316666286E+00  5.5358332952E+00  1.17761E-07  8.06532E+01
  5.5358332952E+00  5.5399999619E+00  1.88624E-07  6.85173E+01
  5.5399999619E+00  5.5399999619E+00  1.88624E-07  6.85173E+01